0
0
0
0
0
0
0
0
0
0
0
0
0
0
0
0
0
0
0
0
0
0
0
0
0
0
0
0
0
0
0
0
0
0
0
0
0
0
0
0
0
0
0
0
0
0
0
0
0
0
0
0
0
0
0
0
0
0
0
0
0
0
0
0
0
0
0
0
0
0
0
0
0
0
0
0
0
0
0
0
0
0
0
0
0
0
0
1.92207e-07
1.60559e-05
5.66429e-05
0.000120387
0.000205068
0.000307826
0.000425178
0.000553042
0.000686774
0.000821208
0.000950705
0.0010692
0.00117028
0.00124718
0.00129289
0.00130018
0.00126172
0.00117017
0.00101829
0.000799066
0.000505735
0.00013189
-0.000328464
-0.000880801
-0.00152995
-0.00227997
-0.00313405
-0.00409443
-0.00516239
-0.00633814
-0.00762081
-0.0090083
-0.0104972
-0.0120828
-0.0137589
-0.0155182
-0.0173519
-0.0192498
-0.0212005
-0.0231909
-0.0252069
-0.0272333
-0.0292538
-0.0312517
-0.0332093
-0.0351082
-0.0369295
-0.038654
-0.0402623
-0.0417351
-0.0430538
-0.0442001
-0.0451563
-0.0459053
-0.0464308
-0.0467175
-0.0467518
-0.046522
-0.0460182
-0.0452322
-0.0441576
-0.0427899
-0.0411267
-0.039168
-0.0369166
-0.0343778
-0.0315596
-0.0284719
-0.0251272
-0.0215398
-0.0177268
-0.0137075
-0.0095036
-0.00513856
-0.000637048
0.00397516
0.00867122
0.013423
0.018201
0.0229747
0.027713
0.0323849
0.0369603
0.04141
0.0457056
0.0498196
0.0537253
0.057397
0.0608105
0.0639438
0.0667776
0.0693227
0.0715797
0.0735382
0.0751895
0.0765262
0.077543
0.0782364
0.0786046
0.0786473
0.078366
0.0777637
0.0768453
0.0756173
0.0740882
0.072268
0.0701682
0.0678014
0.0651815
0.0623237
0.0592443
0.055961
0.0524921
0.0488563
0.0450731
0.0411618
0.0371422
0.0330345
0.0288589
0.0246354
0.020384
0.0161236
0.0118728
0.00764952
0.0034711
-0.000645757
-0.00468509
-0.00863188
-0.0124721
-0.016193
-0.0197825
-0.0232297
-0.0265246
-0.0296581
-0.0326223
-0.0354106
-0.0380175
-0.0404388
-0.0426713
-0.0447128
-0.0465625
-0.0482201
-0.0496871
-0.0509655
-0.0520588
-0.0529713
-0.053708
-0.0542746
-0.0546773
-0.0549226
-0.055017
-0.0549671
-0.0547794
-0.0544602
-0.0540161
-0.0534532
-0.052778
-0.0519962
-0.0511135
-0.0501348
-0.0490645
-0.0479063
-0.0466635
-0.0453384
-0.0439333
-0.0424498
-0.0408894
-0.0392533
-0.0375424
-0.0357573
-0.0338986
-0.0319661
-0.0299596
-0.0278784
-0.0257218
-0.0234887
-0.0211782
-0.0187891
-0.0163203
-0.0137706
-0.0111392
-0.0084258
-0.00563052
-0.00275404
0.000202503
0.0032376
0.00634931
0.00953516
0.012792
0.0161157
0.0195016
0.0229439
0.0264359
0.0299703
0.0335383
0.0371305
0.040736
0.044343
0.0479386
0.0515093
0.0550406
0.0585174
0.0619237
0.0652428
0.0684575
0.0715506
0.0745047
0.0773026
0.0799274
0.0823619
0.0845893
0.0865931
0.0883576
0.0898679
0.0911107
0.0920732
0.0927442
0.0931131
0.0931702
0.0929073
0.0923174
0.0913953
0.0901375
0.0885418
0.0866075
0.0843357
0.0817289
0.0787915
0.0755298
0.0719519
0.0680677
0.0638886
0.0594276
0.0546996
0.0497216
0.0445122
0.0390921
0.0334833
0.0277091
0.0217943
0.0157647
0.00964767
0.00347182
-0.00273323
-0.0089372
-0.0151094
-0.0212191
-0.0272353
-0.033127
-0.038863
-0.044413
-0.0497471
-0.0548367
-0.0596545
-0.0641742
-0.0683708
-0.072221
-0.0757028
-0.078797
-0.0814868
-0.0837582
-0.0855999
-0.0870027
-0.08796
-0.0884673
-0.0885231
-0.0881287
-0.0872885
-0.0860098
-0.0843022
-0.0821775
-0.0796497
-0.0767353
-0.073453
-0.0698242
-0.065872
-0.0616212
-0.0570977
-0.0523283
-0.0473411
-0.0421652
-0.0368311
-0.0313696
-0.025812
-0.0201891
-0.0145312
-0.00886796
-0.00322893
0.00235681
0.00786067
0.013255
0.0185137
0.0236121
0.0285275
0.0332385
0.0377255
0.0419701
0.0459558
0.0496681
0.0530946
0.0562253
0.059052
0.061569
0.0637722
0.06566
0.0672327
0.0684931
0.0694458
0.070097
0.0704545
0.0705273
0.0703261
0.069863
0.0691518
0.0682077
0.067047
0.0656867
0.0641443
0.062438
0.0605866
0.0586091
0.0565251
0.0543541
0.0521156
0.0498287
0.047512
0.045184
0.042862
0.0405629
0.0383022
0.0360943
0.0339521
0.0318879
0.0299125
0.028036
0.0262673
0.0246138
0.0230815
0.0216747
0.0203966
0.0192488
0.018232
0.0173453
0.0165867
0.0159526
0.015438
0.0150368
0.0147422
0.0145463
0.014441
0.014417
0.0144648
0.0145739
0.0147336
0.0149329
0.0151611
0.0154074
0.0156611
0.0159118
0.0161491
0.0163632
0.0165446
0.0166841
0.0167736
0.0168053
0.0167724
0.0166687
0.016489
0.0162289
0.015885
0.0154548
0.0149364
0.0143287
0.0136317
0.0128464
0.011975
0.0110212
0.00998931
0.00888473
0.00771331
0.00648143
0.00519615
0.00386525
0.00249731
0.00110159
-0.000312102
-0.00173365
-0.00315273
-0.00455884
-0.00594135
-0.00728957
-0.00859283
-0.00984066
-0.0110229
-0.0121296
-0.0131513
-0.0140788
-0.0149034
-0.0156169
-0.016212
-0.0166823
-0.0170224
-0.0172275
-0.0172936
-0.0172175
-0.0169968
-0.0166297
-0.0161158
-0.0154555
-0.0146504
-0.0137031
-0.0126168
-0.0113961
-0.0100462
-0.00857318
-0.006984
-0.00528609
-0.00348746
-0.0015967
0.000376876
0.00242318
0.00453136
0.00669008
0.00888777
0.0111129
0.0133542
0.0156003
0.0178398
0.0200613
0.0222531
0.0244036
0.0265015
0.0285361
0.030497
0.0323743
0.0341586
0.0358408
0.0374128
0.0388669
0.0401965
0.0413957
0.0424594
0.0433831
0.0441631
0.0447966
0.0452817
0.0456177
0.0458044
0.0458427
0.0457339
0.0454801
0.0450844
0.0445506
0.0438834
0.0430883
0.0421711
0.0411378
0.0399951
0.0387502
0.0374108
0.0359858
0.0344841
0.032915
0.0312879
0.0296118
0.027896
0.0261502
0.024384
0.0226077
0.0208309
0.0190629
0.0173126
0.0155883
0.0138985
0.0122514
0.0106552
0.00911764
0.0076456
0.00624517
0.00492169
0.00368004
0.00252483
0.00146035
0.000490265
-0.000382646
-0.00115665
-0.00183092
-0.00240517
-0.00287944
-0.00325392
-0.00352918
-0.00370643
-0.00378767
-0.00377564
-0.00367361
-0.00348505
-0.00321352
-0.0028628
-0.00243709
-0.0019412
-0.00138051
-0.000760784
-8.78402e-05
0.000632614
0.00139499
0.00219366
0.00302282
0.00387647
0.00474852
0.005633
0.00652424
0.00741683
0.00830553
0.00918522
0.0100509
0.0108976
0.011721
0.0125169
0.0132819
0.0140125
0.0147059
0.0153591
0.0159699
0.0165362
0.0170566
0.0175303
0.0179564
0.0183346
0.0186647
0.018947
0.0191821
0.0193712
0.0195159
0.0196177
0.0196783
0.0196994
0.0196827
0.0196305
0.0195453
0.0194301
0.0192882
0.0191226
0.0189363
0.0187322
0.0185134
0.0182828
0.0180436
0.017799
0.0175516
0.0173042
0.0170591
0.0168189
0.0165859
0.0163626
0.0161511
0.0159533
0.0157706
0.0156045
0.015456
0.0153266
0.0152174
0.0151291
0.0150622
0.0150168
0.0149924
0.0149885
0.0150044
0.0150397
0.0150933
0.0151644
0.0152516
0.0153533
0.0154677
0.0155932
0.015728
0.01587
0.0160172
0.0161673
0.016318
0.0164672
0.0166128
0.0167527
0.0168848
0.017007
0.0171169
0.0172126
0.0172919
0.0173534
0.0173954
0.0174162
0.0174142
0.0173876
0.0173348
0.0172547
0.0171468
0.0170107
0.0168463
0.0166531
0.0164311
0.0161801
0.0159007
0.0155939
0.0152612
0.0149043
0.0145247
0.0141236
0.0137022
0.0132619
0.0128045
0.0123325
0.0118486
0.0113556
0.0108559
0.010352
0.00984627
0.00934141
0.00884021
0.00834559
0.00786032
0.00738696
0.00692786
0.00648536
0.00606191
0.00566008
0.00528238
0.00493115
0.0046084
0.00431587
0.0040552
0.00382807
0.00363613
0.00348089
0.00336347
0.00328456
0.00324442
0.00324311
0.00328064
0.00335698
0.00347193
0.00362496
0.00381507
0.00404089
0.00430088
0.00459344
0.00491698
0.00526978
0.00564904
0.00604947
0.00646737
0.00689907
0.00734096
0.00778959
0.00824155
0.00869323
0.00914076
0.00958004
0.010007
0.0104179
0.0108093
0.0111781
0.0115215
0.0118365
0.0121203
0.0123705
0.0125848
0.0127616
0.0129
0.0129989
0.013058
0.0130766
0.0130548
0.0129928
0.0128917
0.0127528
0.0125777
0.0123682
0.0121263
0.011854
0.0115534
0.0112274
0.0108786
0.0105101
0.0101247
0.00972536
0.00931486
0.008896
0.0084716
0.00804442
0.0076171
0.00719209
0.00677169
0.00635806
0.00595325
0.00555917
0.00517752
0.00480964
0.00445659
0.00411913
0.00379787
0.00349334
0.003206
0.00293615
0.00268386
0.00244891
0.00223083
0.00202899
0.00184273
0.00167135
0.00151413
0.00137027
0.00123887
0.00111893
0.00100945
0.000909498
0.000818197
0.000734761
0.00065844
0.000588501
0.000524238
0.000465004
0.000410251
0.000359546
0.00031256
0.000269047
0.00022882
0.000191742
0.000157736
0.000126785
9.89315e-05
7.42614e-05
5.28904e-05
3.49486e-05
2.05716e-05
9.89322e-06
3.03755e-06
1.09305e-07
0
0
0
0
0
0
0
0
0
0
0
0
0
0
0
0
0
0
0
0
0
0
0
0
0
0
0
0
0
0
0
0
0
0
0
0
0
0
0
0
0
0
0
0
0
0
0
0
0
0
0
0
0
0
0
0
0
0
0
0
0
0
0
0
0
0
0
0
0
0
0
0
0
0
0
0
0
0
0
0
0
0
0
0
0
0
0
0
0
0
0
0
0
0
0
0
0
0
0
0
0
0
0
0
0
0
0
0
0
0
0
0
0
0
0
0
0
0
0
0
0
0
0
0
0
0
0
0
0
0
0
0
0
0
0
0
0
0
0
0
0
0
0
0
0
0
0
0
0
0
0
0
0
3.58758e-07
7.44367e-06
1.62794e-05
1.7867e-05
4.25021e-06
-3.13425e-05
-9.43694e-05
-0.000188846
-0.000317217
-0.000480245
-0.00067696
-0.000904673
-0.00115904
-0.00143415
-0.00172252
-0.00201512
-0.00230137
-0.00256922
-0.00280539
-0.00299565
-0.00312514
-0.00317855
-0.00314021
-0.00299417
-0.00272429
-0.00231445
-0.00174886
-0.00101233
-9.05472e-05
0.00102977
0.00236075
0.00391315
0.00569613
0.00771716
0.00998199
0.012495
0.0152593
0.0182765
0.0215467
0.0250672
0.0288332
0.0328369
0.0370681
0.0415148
0.0461637
0.0510011
0.0560116
0.0611782
0.066482
0.0719022
0.0774179
0.0830073
0.0886486
0.0943193
0.0999955
0.105653
0.111266
0.11681
0.122263
0.127604
0.132815
0.137876
0.142768
0.14747
0.151961
0.156223
0.160239
0.163998
0.16749
0.170708
0.173647
0.176304
0.178674
0.180758
0.182554
0.184061
0.185277
0.186203
0.186842
0.1872
0.187285
0.18711
0.186686
0.186022
0.185125
0.184001
0.182656
0.1811
0.179346
0.177409
0.17531
0.173137
0.170921
0.168668
0.166383
0.164071
0.161738
0.159388
0.157022
0.154642
0.152245
0.14983
0.1474
0.144956
0.142501
0.140037
0.137563
0.135079
0.132583
0.130078
0.127564
0.125046
0.122524
0.120002
0.11748
0.114962
0.112456
0.109969
0.107509
0.10508
0.102691
0.100349
0.0980569
0.0958237
0.0936522
0.0915554
0.0895396
0.0876089
0.0857659
0.0840073
0.0823444
0.0807844
0.0793355
0.0780054
0.0767921
0.0757077
0.0747558
0.0739406
0.0732671
0.0727321
0.0723457
0.0721076
0.0720155
0.0720677
0.0722583
0.0725973
0.0730894
0.0737378
0.0745415
0.0754912
0.0765813
0.0778031
0.0791499
0.0806178
0.0822051
0.0839055
0.085711
0.0876099
0.0895897
0.0916472
0.0937657
0.0959384
0.0981595
0.100422
0.102734
0.105072
0.107429
0.109797
0.112171
0.114567
0.116951
0.119313
0.121645
0.123939
0.126224
0.128468
0.130668
0.13282
0.134913
0.136973
0.138958
0.140869
0.142707
0.144481
0.14623
0.14792
0.149549
0.151113
0.152611
0.154073
0.155479
0.156834
0.158148
0.159424
0.160683
0.161915
0.163129
0.164334
0.16554
0.166747
0.167963
0.169186
0.170418
0.171662
0.172896
0.174159
0.175457
0.176795
0.178171
0.179528
0.180918
0.182341
0.183802
0.185306
0.186778
0.188294
0.189844
0.191419
0.193004
0.194494
0.195979
0.197454
0.198912
0.200341
0.201624
0.202848
0.203992
0.20504
0.205974
0.20668
0.207241
0.207638
0.20785
0.207859
0.207566
0.207032
0.206239
0.205174
0.203821
0.202127
0.200111
0.197757
0.19505
0.191979
0.188553
0.184753
0.180579
0.176028
0.171099
0.165863
0.160246
0.154252
0.147889
0.141173
0.134258
0.127028
0.119506
0.11171
0.103664
0.0955761
0.0872896
0.0788385
0.0702627
0.0616059
0.0531306
0.0446632
0.0362454
0.0279172
0.0197189
0.0119155
0.00433085
-0.00298404
-0.00997447
-0.0165848
-0.0225654
-0.0280645
-0.0330389
-0.0374488
-0.0412556
-0.0442813
-0.0466257
-0.0482498
-0.0491174
-0.0491979
-0.0484117
-0.0467983
-0.0443471
-0.0410513
-0.0369059
-0.031951
-0.0261424
-0.0194835
-0.0119837
-0.00365994
0.00531823
0.0150631
0.0255364
0.0366954
0.0484946
0.0606539
0.0733549
0.0865432
0.100159
0.114136
0.128114
0.142308
0.156643
0.171042
0.185428
0.199412
0.213228
0.226794
0.240032
0.252862
0.264924
0.276427
0.287304
0.297485
0.306908
0.315297
0.322812
0.329406
0.335037
0.339668
0.343153
0.345583
0.346934
0.347194
0.346355
0.344423
0.341407
0.337327
0.332206
0.32607
0.319062
0.311108
0.302254
0.292554
0.282071
0.271067
0.259413
0.247179
0.234437
0.221267
0.207992
0.194462
0.180769
0.167002
0.153248
0.139819
0.126568
0.11358
0.100942
0.0887428
0.0772383
0.0663337
0.0560934
0.0465722
0.0378192
0.0299531
0.022948
0.0168466
0.0116834
0.00748013
0.00419958
0.00187861
0.0005014
4.78489e-05
0.000496035
0.00167138
0.00369307
0.00651929
0.0100945
0.0143505
0.0189909
0.0241561
0.0297658
0.0357383
0.0419891
0.0481963
0.0544952
0.0607832
0.0669538
0.0729003
0.0783464
0.0833678
0.0878716
0.0917674
0.0949662
0.097334
0.0988356
0.0993936
0.0989376
0.0974058
0.0948743
0.0911726
0.0862696
0.0801444
0.0727875
0.0645244
0.0550429
0.0443664
0.0325299
0.0195805
0.00607854
-0.0084084
-0.0238
-0.0400053
-0.0569231
-0.0738235
-0.091211
-0.108962
-0.126945
-0.14502
-0.162398
-0.179579
-0.196413
-0.212746
-0.228421
-0.24272
-0.256047
-0.268249
-0.279178
-0.288692
-0.296295
-0.302227
-0.30637
-0.308615
-0.308859
-0.306942
-0.302848
-0.296511
-0.287881
-0.276924
-0.263903
-0.248532
-0.230818
-0.210784
-0.188467
-0.164558
-0.138489
-0.110351
-0.0802477
-0.048302
-0.0155884
0.0186916
0.0543831
0.0913173
0.129311
0.167028
0.205404
0.244228
0.283284
0.322354
0.360023
0.397267
0.433862
0.469586
0.504212
0.536434
0.567129
0.596095
0.623143
0.648091
0.669942
0.689355
0.70618
0.720276
0.731519
0.739368
0.744174
0.745874
0.74442
0.73978
0.731961
0.72095
0.706772
0.689471
0.669107
0.646245
0.620493
0.591961
0.560779
0.527092
0.491957
0.45465
0.415354
0.374262
0.331574
0.288692
0.244635
0.199619
0.153871
0.107621
0.0624455
0.0172228
-0.027825
-0.072479
-0.116524
-0.15842
-0.199298
-0.238968
-0.277248
-0.313967
-0.347804
-0.379772
-0.409732
-0.437558
-0.463137
-0.485505
-0.505438
-0.522866
-0.537732
-0.549997
-0.559153
-0.565673
-0.569561
-0.570832
-0.569516
-0.565578
-0.559143
-0.550276
-0.539051
-0.525559
-0.510204
-0.492789
-0.473426
-0.452236
-0.429343
-0.405495
-0.380206
-0.353616
-0.32587
-0.297117
-0.268346
-0.238872
-0.208842
-0.178406
-0.147708
-0.117838
-0.0879845
-0.0582786
-0.0288455
0.000194657
0.0277734
0.0547388
0.0809915
0.10644
0.131002
0.15373
0.175439
0.196079
0.215609
0.233995
0.250474
0.265764
0.27985
0.292727
0.304391
0.314286
0.322983
0.3305
0.336857
0.342079
0.345819
0.348483
0.350107
0.350727
0.350385
0.34893
0.346602
0.343444
0.339499
0.334804
0.329371
0.323257
0.316495
0.309124
0.301183
0.292842
0.284008
0.274714
0.264986
0.254848
0.244591
0.233963
0.222986
0.211677
0.200051
0.188513
0.176676
0.164543
0.152118
0.139404
0.126912
0.114138
0.101085
0.087754
0.0741457
0.0608609
0.047304
0.0334823
0.019407
0.00509342
-0.00877687
-0.0228457
-0.0370892
-0.0514803
-0.0659891
-0.079897
-0.0938586
-0.10784
-0.121804
-0.135711
-0.148858
-0.161859
-0.174667
-0.187233
-0.19951
-0.210879
-0.221868
-0.232431
-0.242522
-0.252089
-0.260651
-0.268584
-0.275838
-0.282363
-0.288115
-0.292825
-0.296686
-0.299663
-0.301728
-0.302853
-0.30302
-0.302207
-0.300397
-0.297584
-0.293765
-0.289198
-0.283648
-0.277137
-0.269692
-0.261347
-0.252612
-0.243048
-0.23265
-0.221378
-0.209305
-0.197168
-0.184398
-0.171089
-0.157335
-0.143231
-0.12962
-0.115835
-0.101961
-0.0880875
-0.0742993
-0.0614277
-0.0487916
-0.0364651
-0.0245193
-0.013022
-0.00268861
0.00709193
0.0162705
0.0248053
0.032662
0.0393276
0.0452862
0.0505264
0.0550412
0.0588286
0.0616037
0.0636752
0.0650591
0.065778
0.0658603
0.0652468
0.0640736
0.0623835
0.0602226
0.0576392
0.0547483
0.0515289
0.0480294
0.0442977
0.0403818
0.0364984
0.0325162
0.0284832
0.0244459
0.0204482
0.0167398
0.0131283
0.00964423
0.00631493
0.00316499
0.000417202
-0.00212996
-0.00446082
-0.00656292
-0.00842729
-0.00988945
-0.0111253
-0.0121358
-0.0129248
-0.013499
-0.0137623
-0.0138466
-0.013765
-0.0135318
-0.013162
-0.0126151
-0.011974
-0.0112546
-0.0104735
-0.0096466
-0.00876746
-0.00787864
-0.00699383
-0.00612568
-0.00528578
-0.00447984
-0.00372385
-0.00302586
-0.00239259
-0.00182939
-0.00134034
-0.000927544
-0.000592095
-0.000333763
-0.000151048
-4.12943e-05
-4.77315e-07
0
0
0
0
0
0
0
0
0
0
0
0
0
0
0
0
0
0
0
0
0
0
0
0
0
0
0
0
0
0
0
0
0
0
0
0
0
0
0
0
0
0
0
0
0
0
0
0
0
0
0
0
0
0
0
0
0
0
0
0
0
0
0
0
0
0
0
0
0
0
0
0
0
0
0
0
0
0
0
0
0
0
0
0
0
0
0
