0
0
0
0
0
0
0
0
0
0
0
-0
-0
-0
-0
-0
-0
-0
-0
-0
-0
-0
-0
-0
-0
-0
-0
-0
-0
-0
-0
-0
-0
-0
-0
-0
-0
-0
-0
-0
-0
-0
-0
-0
-0
-0
-0
-0
-0
-0
-0
-0
-0
-0
-0
-0
0
0
0
0
0
0
0
0
0
0
0
0
0
0
0
0
0
0
0
0
0
0
0
0
0
0
0
0
0
0
0
0
0
0
0
0
0
0
0
0
0
0
0
-0
-0
-0
-0
-0
-0
-0
-0
-0
-0
-0
-0
-0
-0
-0
-0
-0
-0
-0
-0
-0
-0
-0
-0
-0
-0
-0
-0
-0
-0
-0
-0
-0
-0
-0
-0
-0
-0
-0
-0
-0
-0
-0
0
0
0
0
0
0
0
0
0
0
0
0
0
0
0
0
0
0
0
0
0
0
0
0
0
0
0
0
0
0
0
0
0
0
0
0
0
0
0
0
0
0
0
0
0
0
0
-0
-0
-0
-0
-0
-0
-0
-0
-0
-0
-0
-0
-0
-0
-0
-0
-0
-0
-0
-0
-0
-0
-0
-0
-0
-0
-0
-0
-0
-0
-0
-0
-0
-0
-0
-0
-0
-0
-0
-0
-0
-0
-0
-0
-0
-0
-0
-0
-0
-0
-0
-0
-0
0
0
0
0
0
0
0
0
0
0
0
0
0
0
0
0
0
0
0
0
0
0
0
0
0
0
0
0
0
0
0
0
0
0
0
0
0
0
0
0
0
0
0
0
0
0
0
0
0
0
0
0
0
0
0
-0
-0
-0
-0
-0
-0
-0
-0
-0
-0
-0
-0
-0
-0
-0
-0
-0
-0
-0
-0
-0
-0
-0
-0
-0
-2.04499e-07
-7.97552e-06
-2.69733e-05
-5.70129e-05
-9.77253e-05
-0.000148566
-0.000208829
-0.000277649
-0.000354012
-0.000436747
-0.000524528
-0.000615895
-0.000709289
-0.000803097
-0.00089569
-0.000985419
-0.00107059
-0.00114945
-0.0012202
-0.001281
-0.00133012
-0.00136596
-0.00138711
-0.00139234
-0.0013806
-0.00135098
-0.00130274
-0.00123537
-0.0011486
-0.00104241
-0.000917046
-0.000772966
-0.000610885
-0.000431765
-0.000236841
-2.76021e-05
0.000194238
0.000426779
0.000667948
0.000915464
0.00116678
0.00141902
0.00166895
0.00191296
0.00214717
0.0023675
0.00256981
0.00275008
0.00290458
0.00302989
0.00312296
0.00318093
0.00320106
0.00318062
0.00311703
0.00300819
0.00285276
0.00265039
0.00240169
0.00210794
0.00177076
0.00139188
0.000973119
0.000516509
2.45837e-05
-0.000499494
-0.00105188
-0.00162807
-0.00222288
-0.00283037
-0.00344388
-0.00405613
-0.00465969
-0.00524748
-0.00581308
-0.00635071
-0.00685471
-0.00731882
-0.00773581
-0.00809758
-0.00839599
-0.00862395
-0.00877621
-0.00884957
-0.00884227
-0.00875301
-0.00858015
-0.00832158
-0.00797525
-0.00754013
-0.00701726
-0.00641237
-0.00573013
-0.00497461
-0.00414964
-0.00325835
-0.00230345
-0.00128789
-0.000215749
0.000907255
0.00207373
0.00327514
0.00450263
0.00574774
0.00700271
0.00826026
0.00951304
0.010753
0.0119709
0.0131567
0.0142998
0.0153895
0.016416
0.0173701
0.0182432
0.0190271
0.0197136
0.0202944
0.0207614
0.0211069
0.0213238
0.021406
0.0213481
0.0211461
0.0207965
0.0202973
0.0196467
0.0188438
0.0178879
0.0167786
0.015516
0.0141008
0.0125351
0.010822
0.00896639
0.00697466
0.00485445
0.00261451
0.000264368
-0.00218597
-0.00472621
-0.00734583
-0.0100338
-0.0127784
-0.0155666
-0.0183841
-0.0212155
-0.0240452
-0.0268574
-0.0296375
-0.0323713
-0.0350449
-0.0376438
-0.0401531
-0.0425571
-0.0448401
-0.046987
-0.048984
-0.0508184
-0.0524787
-0.0539536
-0.0552323
-0.0563043
-0.0571598
-0.0577899
-0.0581871
-0.0583449
-0.0582583
-0.0579236
-0.0573385
-0.0565024
-0.0554157
-0.0540799
-0.0524974
-0.0506708
-0.0486041
-0.0463028
-0.0437746
-0.0410289
-0.0380769
-0.03493
-0.0315995
-0.0280967
-0.024433
-0.0206212
-0.0166763
-0.0126156
-0.0084584
-0.00422479
6.49078e-05
0.00439089
0.00873396
0.0130754
0.0173965
0.0216786
0.0259027
0.0300495
0.0340991
0.0380314
0.0418264
0.0454652
0.0489297
0.0522043
0.0552746
0.0581277
0.0607516
0.0631343
0.0652648
0.067133
0.0687307
0.0700523
0.0710941
0.071854
0.0723308
0.0725232
0.0724301
0.0720508
0.0713858
0.0704377
0.0692111
0.0677128
0.0659513
0.0639359
0.0616765
0.059183
0.0564654
0.0535339
0.0503993
0.0470734
0.043569
0.0399001
0.036081
0.0321266
0.028051
0.0238679
0.0195903
0.0152309
0.0108026
0.00631886
0.00179412
-0.00275645
-0.00731729
-0.0118731
-0.0164096
-0.0209138
-0.0253742
-0.0297797
-0.0341196
-0.0383823
-0.0425555
-0.0466263
-0.0505825
-0.0544133
-0.0581096
-0.0616641
-0.0650699
-0.06832
-0.0714065
-0.0743202
-0.0770521
-0.0795933
-0.0819368
-0.0840769
-0.0860089
-0.087729
-0.0892333
-0.0905176
-0.0915773
-0.0924077
-0.0930045
-0.0933637
-0.0934822
-0.093358
-0.09299
-0.0923783
-0.0915232
-0.0904251
-0.0890837
-0.087498
-0.0856668
-0.0835892
-0.0812659
-0.0786996
-0.0758947
-0.072857
-0.0695923
-0.0661059
-0.0624019
-0.0584846
-0.0543587
-0.0500304
-0.0455087
-0.0408044
-0.0359301
-0.0308982
-0.0257206
-0.0204079
-0.01497
-0.00941739
-0.00376262
0.00197872
0.00778809
0.013645
0.0195288
0.02542
0.0313012
0.037156
0.042968
0.0487189
0.0543876
0.0599505
0.0653824
0.0706587
0.0757564
0.0806547
0.0853344
0.0897768
0.0939624
0.0978705
0.101479
0.104765
0.107709
0.110289
0.112491
0.1143
0.115703
0.116691
0.117251
0.117374
0.117047
0.116263
0.115013
0.113295
0.111108
0.108456
0.105344
0.101779
0.0977666
0.0933153
0.0884344
0.0831358
0.0774347
0.071349
0.0648998
0.0581103
0.051005
0.04361
0.0359522
0.0280598
0.0199619
0.0116889
0.00327276
-0.00525284
-0.0138526
-0.0224896
-0.031126
-0.0397236
-0.0482442
-0.0566507
-0.0649064
-0.0729759
-0.0808242
-0.0884171
-0.0957208
-0.102702
-0.109328
-0.115567
-0.121388
-0.126762
-0.13166
-0.136059
-0.139935
-0.143271
-0.146051
-0.148263
-0.149896
-0.150946
-0.151408
-0.151281
-0.150568
-0.149274
-0.147404
-0.14497
-0.141983
-0.138457
-0.13441
-0.129862
-0.124833
-0.119349
-0.113433
-0.107114
-0.100421
-0.0933847
-0.0860378
-0.0784139
-0.0705476
-0.0624738
-0.0542281
-0.0458471
-0.0373679
-0.0288285
-0.0202668
-0.0117203
-0.00322616
0.00517951
0.0134612
0.021584
0.0295141
0.0372186
0.0446663
0.0518277
0.058675
0.0651823
0.071325
0.0770805
0.0824284
0.0873504
0.091831
0.095857
0.0994174
0.102503
0.105107
0.107223
0.10885
0.109987
0.110638
0.110806
0.110499
0.109725
0.108496
0.106822
0.104718
0.102201
0.0992879
0.0959989
0.092354
0.0883745
0.0840832
0.0795039
0.0746618
0.0695831
0.0642943
0.0588222
0.0531934
0.0474346
0.0415726
0.0356344
0.029647
0.0236372
0.0176313
0.0116547
0.00573224
-0.00011233
-0.00585581
-0.0114758
-0.0169508
-0.0222606
-0.0273863
-0.0323105
-0.0370171
-0.0414914
-0.0457198
-0.0496901
-0.053391
-0.0568131
-0.0599484
-0.0627905
-0.0653345
-0.0675769
-0.0695155
-0.0711491
-0.0724782
-0.0735043
-0.0742301
-0.07466
-0.074799
-0.0746534
-0.0742304
-0.0735384
-0.0725869
-0.0713864
-0.0699483
-0.0682848
-0.0664082
-0.0643313
-0.0620674
-0.0596301
-0.0570337
-0.0542931
-0.0514299
-0.048467
-0.0454162
-0.0422889
-0.0390967
-0.0358509
-0.0325633
-0.0292457
-0.0259095
-0.0225657
-0.019225
-0.0158977
-0.0125943
-0.00932514
-0.00610085
-0.00293165
0.000172686
0.00320283
0.00614972
0.00900431
0.0117575
0.0144004
0.0169243
0.0193214
0.0215847
0.0237075
0.0256836
0.0275065
0.0291698
0.0306674
0.0319939
0.0331452
0.0341179
0.0349096
0.0355183
0.0359421
0.0361795
0.0362298
0.036093
0.0357698
0.035262
0.034572
0.0337027
0.0326581
0.0314428
0.0300623
0.028523
0.0268317
0.0249954
0.0230213
0.0209175
0.0186927
0.0163567
0.0139202
0.0113943
0.00879045
0.00611996
0.00339402
0.000623903
-0.0021788
-0.00500216
-0.00783393
-0.0106617
-0.013473
-0.0162556
-0.0189971
-0.0216859
-0.0243102
-0.0268593
-0.0293225
-0.03169
-0.0339522
-0.0360998
-0.0381241
-0.0400174
-0.0417727
-0.0433841
-0.0448467
-0.0461563
-0.0473089
-0.0483015
-0.0491315
-0.0497976
-0.0502992
-0.0506367
-0.0508113
-0.0508242
-0.0506777
-0.0503645
-0.0498788
-0.0492313
-0.0484338
-0.047493
-0.0464158
-0.0452001
-0.0438634
-0.0424144
-0.0408625
-0.0392174
-0.0374809
-0.0356712
-0.0337979
-0.0318705
-0.0298984
-0.0278859
-0.0258478
-0.0237931
-0.0217306
-0.0196682
-0.0176132
-0.0155738
-0.0135572
-0.0115702
-0.00961881
-0.00771321
-0.00585273
-0.00404166
-0.0022842
-0.000584496
0.00104252
0.00260518
0.00410127
0.00552939
0.00688862
0.00816182
0.00936516
0.010498
0.01156
0.0125512
0.013452
0.0142837
0.0150472
0.0157433
0.0163728
0.0169157
0.017395
0.0178119
0.0181675
0.0184627
0.0186788
0.018837
0.0189385
0.0189846
0.0189769
0.0189018
0.0187762
0.0186012
0.0183777
0.0181066
0.0177801
0.0174085
0.0169927
0.0165337
0.0160324
0.0154885
0.0149045
0.0142815
0.0136209
0.0129235
0.0121967
0.0114337
0.0106347
0.0098
0.00892982
0.00803886
0.00711294
0.00615227
0.00515676
0.00412612
0.00308062
0.00199865
0.000879713
-0.00027673
-0.0014713
-0.00267891
-0.00392624
-0.00521385
-0.00654204
-0.00790543
-0.00926791
-0.0106532
-0.0120559
-0.0134704
-0.014891
-0.0162827
-0.0176674
-0.0190379
-0.0203868
-0.0217063
-0.0229645
-0.0241776
-0.0253375
-0.026436
-0.0274652
-0.0284015
-0.0292525
-0.0300103
-0.0306674
-0.0312162
-0.0316464
-0.0319545
-0.0321343
-0.0321801
-0.0320867
-0.0318605
-0.0314864
-0.030961
-0.0302816
-0.0294459
-0.0284787
-0.0273531
-0.0260691
-0.024628
-0.023032
-0.0213245
-0.0194696
-0.0174723
-0.0153381
-0.0130734
-0.0107358
-0.00828311
-0.00572468
-0.00307072
-0.000332282
0.00242373
0.00524072
0.0081062
0.011007
0.0139292
0.0168047
0.0196725
0.0225178
0.0253257
0.0280811
0.0307242
0.0332845
0.035747
0.0380964
0.0403183
0.0423692
0.0442652
0.0459936
0.047542
0.0488987
0.0500437
0.0509756
0.0516855
0.0521657
0.0524093
0.0524253
0.0521946
0.0517137
0.0509802
0.0499934
0.0487916
0.0473385
0.0456369
0.0436912
0.0415067
0.0391485
0.0365667
0.0337709
0.0307718
0.0275814
0.0242851
0.0208242
0.0172134
0.0134688
0.00960724
0.00572551
0.00176312
-0.00226117
-0.00632822
-0.0104185
-0.0144364
-0.0184379
-0.0224029
-0.0263114
-0.0301436
-0.033816
-0.0373734
-0.040797
-0.0440688
-0.0471709
-0.0500431
-0.0527132
-0.0551666
-0.0573898
-0.0593705
-0.0610791
-0.0625239
-0.0636961
-0.0645882
-0.0651941
-0.0655188
-0.0655499
-0.065286
-0.0647274
-0.0638759
-0.062771
-0.0613806
-0.0597102
-0.057767
-0.0555595
-0.053157
-0.0505116
-0.0476358
-0.0445431
-0.041248
-0.0378404
-0.0342618
-0.0305289
-0.0266593
-0.022671
-0.0186642
-0.0145756
-0.0104242
-0.00622915
-0.00200985
0.00213438
0.00626416
0.0103608
0.014406
0.0183822
0.022203
0.0259211
0.0295205
0.0329859
0.0363028
0.0394056
0.042334
0.0450766
0.0476232
0.0499643
0.0520617
0.053938
0.0555873
0.0570046
0.058186
0.0591225
0.059819
0.0602753
0.0604923
0.060472
0.0602335
0.0597648
0.0590711
0.058158
0.0570324
0.0557368
0.0542441
0.0525633
0.0507039
0.0486763
0.046541
0.0442599
0.0418445
0.0393065
0.0366577
0.0339681
0.0311915
0.02834
0.025426
0.0224619
0.0195209
0.0165543
0.0135735
0.0105897
0.00761335
0.00471297
0.00184061
-0.000993841
-0.00378078
-0.00651107
-0.00912533
-0.0116667
-0.0141282
-0.0165035
-0.0187865
-0.020931
-0.0229724
-0.0249057
-0.0267267
-0.0284314
-0.0299886
-0.0314241
-0.0327361
-0.033923
-0.0349836
-0.0359013
-0.0366911
-0.0373529
-0.0378871
-0.0382945
-0.0385739
-0.0387292
-0.0387619
-0.0386739
-0.0384671
-0.0381536
-0.0377263
-0.0371881
-0.0365414
-0.0357891
-0.0349541
-0.0340192
-0.0329879
-0.0318638
-0.0306509
-0.0293825
-0.0280323
-0.0266033
-0.0250985
-0.0235214
-0.0219128
-0.0202402
-0.0185084
-0.016722
-0.0148852
-0.013044
-0.0111601
-0.00923753
-0.00728073
-0.00529488
-0.00333004
-0.0013474
0.000647539
0.00264961
0.00465388
0.00661146
0.00856119
0.0104974
0.0124141
0.0143046
0.0161223
0.0179015
0.0196363
0.0213216
0.0229518
0.0244885
0.0259593
0.0273586
0.0286805
0.0299197
0.0310477
0.0320832
0.0330217
0.0338591
0.0345916
0.0352046
0.0357061
0.036093
0.036363
0.0365134
0.0365451
0.0364537
0.0362386
0.0359001
0.0354391
0.034874
0.0341896
0.0333876
0.0324697
0.0314379
0.0303245
0.0291046
0.0277832
0.0263659
0.0248586
0.0233059
0.0216744
0.0199702
0.0181999
0.0163711
0.014537
0.0126607
0.0107505
0.00881453
0.006861
0.00494476
0.00302759
0.00111773
-0.000776783
-0.00264816
-0.00444558
-0.00620456
-0.00791721
-0.00957549
-0.0111715
-0.0126628
-0.0140784
-0.0154128
-0.0166612
-0.0178185
-0.018856
-0.0197928
-0.0206246
-0.0213478
-0.0219601
-0.022449
-0.0228242
-0.0230849
-0.0232306
-0.0232612
-0.0231806
-0.0229864
-0.0226806
-0.0222656
-0.0217444
-0.0211368
-0.0204301
-0.0196287
-0.0187375
-0.0177618
-0.0167337
-0.0156319
-0.0144622
-0.0132305
-0.0119431
-0.0106406
-0.00929662
-0.00791839
-0.00651305
-0.00508743
-0.00368421
-0.00227378
-0.000862707
0.00054223
0.00193413
0.00327175
0.00458313
0.00586232
0.00710382
0.00830254
0.00942457
0.0104946
0.0115086
0.0124625
0.0133529
0.0141554
0.0148887
0.0155506
0.0161395
0.0166544
0.0170828
0.0174362
0.0177148
0.0179189
0.0180492
0.0181045
0.0180882
0.0180019
0.0178476
0.0176278
0.0173519
0.0170167
0.0166256
0.0161824
0.0156909
0.0151682
0.0146048
0.0140045
0.0133714
0.0127096
0.0120411
0.0113528
0.0106488
0.00993342
0.0092104
0.00850275
0.00779461
0.00708948
0.00639107
0.00570318
0.0050482
0.00441093
0.00379363
0.00319739
0.00262477
0.00209394
0.00159121
0.00111895
0.000679666
0.00027573
-7.93088e-05
-0.000396249
-0.000674907
-0.000915711
-0.00111935
-0.00127947
-0.00140378
-0.00149291
-0.0015478
-0.00157001
-0.00155898
-0.00152002
-0.00145588
-0.00136921
-0.00126244
-0.00113858
-0.000999042
-0.000846119
-0.00068226
-0.000510041
-0.000335007
-0.000156529
2.31512e-05
0.000202033
0.000378347
0.000546571
0.000709485
0.000865862
0.00101458
0.0011546
0.00128096
0.00139704
0.00150211
0.0015956
0.00167715
0.00174322
0.00179754
0.0018404
0.00187221
0.00189343
0.00190199
0.00190105
0.00189106
0.00187251
0.001846
0.00181062
0.00176893
0.00172169
0.00166965
0.00161342
0.0015527
0.00148893
0.0014226
0.00135421
0.00128426
0.0012129
0.00114093
0.00106876
0.000996743
0.000925261
0.000854669
0.000785353
0.000717651
0.000651854
0.000588207
0.00052702
0.000468361
0.000412421
0.000359386
0.000309439
0.00026284
0.000219607
0.000179883
0.000143804
0.000111502
8.31427e-05
5.8775e-05
3.85049e-05
2.2425e-05
1.06161e-05
3.15023e-06
8.12568e-08
0
0
0
0
0
0
0
0
0
0
0
0
0
0
0
0
0
0
0
0
0
0
0
0
0
0
0
0
0
0
0
0
0
0
0
0
0
0
0
0
0
0
0
0
0
0
0
0
0
0
0
0
0
0
0
0
0
0
0
0
0
0
0
0
0
0
0
0
0
0
0
0
0
0
0
0
0
0
0
0
0
0
0
0
0
0
0
0
0
0
0
0
0
0
0
0
0
0
0
0
-0
-0
-0
-0
-0
-0
-0
-0
-0
-0
-0
-0
-0
-0
-0
-0
-0
-0
-0
0
0
0
0
0
0
0
0
0
0
0
0
0
0
0
0
0
0
0
0
0
0
0
0
0
0
0
0
0
0
0
0
0
0
0
0
0
0
0
0
0
0
0
0
0
0
0
0
0
0
0
0
0
0
0
0
0
0
0
0
0
0
0
0
0
0
0
0
0
0
0
0
0
0
0
0
0
0
0
0
0
0
0
-0
-0
-0
-0
-0
0
0
0
0
0
0
0
0
0
0
0
0
0
0
0
0
0
0
0
0
0
0
0
0
0
0
0
0
0
0
0
0
0
0
0
0
0
0
0
0
0
0
0
0
0
0
0
0
0
0
0
0
0
0
0
0
0
0
0
0
0
0
0
0
0
0
0
0
0
0
0
0
0
0
0
0
0
0
-0
-0
-0
-0
-0
-0
-0
-0
-0
-0
-0
-0
-0
-0
-0
-0
-0
-0
-0
-0
-0
-0
-0
-0
-0
-0
-0
-0
-0
-0
-0
-0
-0
-0
-0
-0
-0
