0
0
0
0
0
0
0
0
0
0
0
0
0
0
0
0
0
0
0
0
0
0
0
0
0
0
0
0
0
0
0
0
0
0
0
0
0
0
0
0
0
0
0
0
0
0
0
0
0
0
0
0
0
0
0
0
0
0
0
0
0
0
0
0
0
0
0
0
0
0
0
0
0
0
0
0
0
0
0
0
0
0
0
0
0
0
0
0
0
0
0
0
0
0
0
0
0
0
0
0
0
0
0
0
0
0
0
0
0
0
0
0
0
0
0
0
0
0
0
0
0
0
0
0
0
0
0
0
0
0
0
0
0
0
0
0
0
0
0
0
0
0
0
0
0
0
0
0
0
0
0
0
0
0
0
0
0
0
0
0
0
0
0
0
0
0
0
0
0
0
0
0
0
0
0
0
0
0
0
0
0
0
0
0
0
0
0
0
0
0
0
0
0
0
0
0
0
0
0
0
0
7.09754e-06
2.73744e-05
5.64219e-05
8.9488e-05
0.000121594
0.000147624
0.000162421
0.000160879
0.00013804
8.91821e-05
9.91262e-06
-0.000103751
-0.000255299
-0.000447648
-0.000683081
-0.000963206
-0.00128894
-0.00166052
-0.00207748
-0.00253861
-0.00304194
-0.00358465
-0.00416308
-0.0047728
-0.00540873
-0.00606528
-0.00673648
-0.007416
-0.00809709
-0.00877256
-0.00943474
-0.0100756
-0.010687
-0.011261
-0.0117899
-0.0122669
-0.0126856
-0.0130401
-0.0133248
-0.0135346
-0.0136646
-0.0137106
-0.0136692
-0.013538
-0.0133155
-0.0130014
-0.0125961
-0.0121012
-0.0115187
-0.0108516
-0.0101033
-0.00927792
-0.00838
-0.00741487
-0.00638863
-0.00530827
-0.00418147
-0.00301624
-0.00182045
-0.000601573
0.000633296
0.00187707
0.00312228
0.00436086
0.00558452
0.00678533
0.00795639
0.00909206
0.0101877
0.0112392
0.0122419
0.0131915
0.0140838
0.0149161
0.0156872
0.0163976
0.0170487
0.0176411
0.0181752
0.0186505
0.0190674
0.0194275
0.019734
0.0199914
0.0202043
0.0203762
0.0205097
0.0206066
0.0206691
0.0207
0.0207095
0.0207072
0.020696
0.0206782
0.0206552
0.0206284
0.0205991
0.0205687
0.0205382
0.0205075
0.0204758
0.0204415
0.0204031
0.0203596
0.0203101
0.0202537
0.0201885
0.020111
0.0200168
0.0199009
0.019759
0.0195878
0.019385
0.0191486
0.0188759
0.0185632
0.018206
0.0177997
0.0173405
0.0168257
0.016254
0.0156247
0.0149374
0.0141908
0.0133836
0.0125142
0.011582
0.0105876
0.00953287
0.00842047
0.00725314
0.00603336
0.00476343
0.00344605
0.00208512
0.000686138
-0.000743941
-0.00219745
-0.00366696
-0.00514583
-0.00662813
-0.0081079
-0.00957824
-0.0110308
-0.0124562
-0.0138444
-0.0151862
-0.0164738
-0.0177002
-0.0188587
-0.0199422
-0.0209427
-0.0218517
-0.0226607
-0.0233623
-0.0239505
-0.0244203
-0.0247675
-0.0249878
-0.025077
-0.0250313
-0.0248476
-0.0245243
-0.0240606
-0.0234566
-0.0227128
-0.0218299
-0.0208092
-0.0196531
-0.0183656
-0.016952
-0.0154188
-0.0137736
-0.0120242
-0.0101788
-0.00824601
-0.00623526
-0.00415681
-0.00202187
0.000157622
0.00236929
0.00460064
0.00683923
0.00907283
0.0112893
0.0134766
0.0156226
0.0177149
0.0197413
0.0216894
0.0235472
0.0253033
0.0269469
0.0284682
0.0298577
0.0311069
0.0322079
0.0331536
0.0339375
0.0345544
0.0349996
0.0352696
0.0353612
0.0352726
0.0350026
0.0345518
0.0339218
0.0331158
0.032138
0.0309933
0.0296873
0.028226
0.0266162
0.0248655
0.0229828
0.0209779
0.0188616
0.0166452
0.0143409
0.011961
0.00951803
0.00702493
0.00449469
0.00194042
-0.000624627
-0.00318704
-0.00573315
-0.00824902
-0.0107205
-0.0131334
-0.0154737
-0.0177276
-0.0198817
-0.021923
-0.0238387
-0.0256164
-0.0272442
-0.0287105
-0.0300047
-0.0311166
-0.0320369
-0.0327569
-0.0332684
-0.033564
-0.0336369
-0.0334815
-0.0330929
-0.0324677
-0.0316035
-0.0304987
-0.0291528
-0.0275666
-0.0257421
-0.0236829
-0.0213942
-0.0188827
-0.0161562
-0.0132235
-0.0100942
-0.00677869
-0.00328828
0.000364333
0.00416512
0.00809871
0.0121486
0.0162971
0.020526
0.024816
0.0291469
0.033498
0.0378478
0.0421749
0.0464577
0.0506743
0.0548029
0.058821
0.0627059
0.0664343
0.0699833
0.0733306
0.0764547
0.0793352
0.0819527
0.0842885
0.0863246
0.088044
0.0894309
0.0904708
0.0911508
0.0914594
0.0913865
0.0909236
0.0900641
0.0888034
0.0871394
0.0850721
0.0826041
0.0797395
0.0764843
0.0728462
0.068835
0.0644625
0.0597429
0.0546927
0.0493307
0.0436772
0.0377545
0.0315867
0.0251994
0.0186201
0.0118776
0.00500206
-0.00197538
-0.00902296
-0.0161082
-0.0231981
-0.0302584
-0.0372545
-0.0441507
-0.0509111
-0.0574997
-0.0638813
-0.0700216
-0.0758876
-0.081448
-0.0866725
-0.0915321
-0.0959992
-0.100047
-0.103651
-0.106786
-0.109432
-0.111568
-0.113177
-0.114246
-0.114762
-0.114717
-0.114106
-0.112928
-0.111183
-0.108874
-0.106007
-0.10259
-0.0986347
-0.0941546
-0.0891664
-0.0836896
-0.0777462
-0.0713612
-0.0645618
-0.0573783
-0.0498435
-0.0419925
-0.0338624
-0.0254918
-0.0169203
-0.00818834
0.000663134
0.00959239
0.0185572
0.027515
0.036423
0.0452382
0.0539176
0.062418
0.0706965
0.0787102
0.0864174
0.0937777
0.100753
0.107306
0.113404
0.119015
0.124109
0.128661
0.132648
0.13605
0.138852
0.141041
0.142609
0.14355
0.143861
0.143543
0.142602
0.141043
0.13888
0.136125
0.132795
0.12891
0.124493
0.119571
0.11417
0.108321
0.102057
0.0954106
0.088417
0.0811135
0.0735389
0.0657336
0.0577387
0.0495956
0.0413458
0.0330307
0.0246917
0.0163704
0.00810813
-5.466e-05
-0.00807851
-0.0159254
-0.0235589
-0.030944
-0.0380472
-0.0448368
-0.0512832
-0.057359
-0.0630395
-0.0683022
-0.0731269
-0.077496
-0.0813941
-0.0848087
-0.0877305
-0.0901529
-0.0920723
-0.0934876
-0.0944002
-0.0948137
-0.094734
-0.09417
-0.0931331
-0.0916371
-0.0896979
-0.0873337
-0.084564
-0.0814104
-0.077896
-0.0740456
-0.0698853
-0.0654424
-0.060745
-0.0558219
-0.0507026
-0.045417
-0.0399955
-0.0344683
-0.0288654
-0.0232162
-0.0175497
-0.0118942
-0.00627779
-0.000727988
0.0047286
0.0100665
0.0152618
0.020292
0.0251362
0.0297751
0.0341906
0.0383663
0.0422873
0.0459401
0.0493133
0.0523973
0.0551843
0.0576681
0.0598448
0.0617117
0.0632682
0.064515
0.0654545
0.0660905
0.0664284
0.0664751
0.0662389
0.0657297
0.0649584
0.0639368
0.0626778
0.0611952
0.0595032
0.0576168
0.0555514
0.0533228
0.0509474
0.0484417
0.045823
0.0431084
0.0403152
0.03746
0.0345591
0.0316283
0.0286829
0.0257379
0.022808
0.0199071
0.0170487
0.0142454
0.0115085
0.00884887
0.00627644
0.0038004
0.00142909
-0.000830194
-0.00297128
-0.00498903
-0.00687921
-0.00863834
-0.0102636
-0.011753
-0.0131054
-0.0143205
-0.0153991
-0.0163424
-0.0171524
-0.0178314
-0.0183824
-0.0188093
-0.0191164
-0.0193087
-0.0193914
-0.0193697
-0.019249
-0.0190346
-0.0187325
-0.0183485
-0.0178892
-0.0173605
-0.0167685
-0.016119
-0.0154178
-0.0146706
-0.0138836
-0.0130626
-0.0122134
-0.0113409
-0.0104499
-0.00954465
-0.00862934
-0.0077083
-0.00678571
-0.00586538
-0.0049506
-0.00404409
-0.00314827
-0.0022654
-0.00139774
-0.000547359
0.000284019
0.00109518
0.00188534
0.00265389
0.00340017
0.0041234
0.00482288
0.00549821
0.00614948
0.00677714
0.00738171
0.00796344
0.00852216
0.00905747
0.00956903
0.0100569
0.0105214
0.0109632
0.0113826
0.0117798
0.0121543
0.0125056
0.0128331
0.0131366
0.0134158
0.0136706
0.0139008
0.014106
0.0142859
0.0144401
0.0145682
0.0146697
0.0147438
0.0147896
0.0148061
0.0147925
0.0147481
0.0146724
0.014565
0.0144252
0.0142527
0.0140468
0.0138073
0.0135341
0.0132274
0.0128876
0.0125147
0.012109
0.0116707
0.0112003
0.0106985
0.0101667
0.00960621
0.0090187
0.00840568
0.00776865
0.00710918
0.00642898
0.00573002
0.00501455
0.00428516
0.0035447
0.00279621
0.00204279
0.00128746
0.000533122
-0.000217425
-0.000961326
-0.00169555
-0.00241686
-0.00312193
-0.00380748
-0.00447051
-0.00510823
-0.00571798
-0.00629705
-0.00684262
-0.00735188
-0.00782226
-0.00825157
-0.00863801
-0.00898
-0.00927596
-0.00952418
-0.00972303
-0.00987122
-0.00996809
-0.0100136
-0.0100081
-0.00995195
-0.00984558
-0.00968925
-0.00948349
-0.00922939
-0.00892862
-0.00858329
-0.00819556
-0.0077675
-0.00730053
-0.00679379
-0.00625018
-0.00567385
-0.00506934
-0.00444134
-0.00379445
-0.00313322
-0.00246237
-0.00178689
-0.00111193
-0.000442553
0.000216599
0.000861426
0.00148819
0.0020932
0.00267258
0.00322183
0.00373083
0.00419201
0.00459998
0.00495036
0.00523947
0.00546413
0.00562176
0.00571071
0.00573052
0.00568199
0.00556692
0.00538782
0.00514767
0.00485006
0.00449938
0.00410103
0.00366122
0.00318669
0.00268433
0.00216107
0.00162392
0.00108012
0.000537098
2.23948e-06
-0.000517444
-0.00101549
-0.00148594
-0.00192322
-0.00232202
-0.00267753
-0.00298575
-0.0032437
-0.00344944
-0.00360176
-0.00369992
-0.00374369
-0.00373358
-0.00367117
-0.00355922
-0.00340122
-0.00320089
-0.00296176
-0.00268739
-0.0023818
-0.00205007
-0.00169828
-0.00133286
-0.000959983
-0.000584742
-0.000211358
0.000156189
0.000513683
0.0008561
0.00117865
0.00147745
0.00175002
0.00199539
0.00221261
0.00240106
0.00256015
0.00268994
0.00279211
0.00286896
0.00292393
0.00296034
0.00298092
0.00298851
0.00298561
0.00297655
0.00296711
0.00296371
0.00297277
0.00299879
0.00304619
0.00311905
0.00322225
0.00336185
0.00354321
0.00377079
0.00404719
0.00437351
0.00475038
0.00517881
0.00566037
0.00619641
0.00678688
0.00742925
0.0081201
0.00885474
0.00962935
0.0104447
0.0112977
0.0121861
0.0131054
0.0140502
0.015015
0.0159925
0.0169796
0.0179711
0.0189611
0.0199422
0.020904
0.0218409
0.0227448
0.0236081
0.0244234
0.0251804
0.0258748
0.0264999
0.0270493
0.0275172
0.0278943
0.0281785
0.0283639
0.0284449
0.028417
0.0282738
0.0280164
0.0276429
0.0271515
0.0265401
0.0258047
0.0249471
0.0239683
0.0228707
0.021657
0.0203297
0.0188922
0.0173481
0.0157027
0.0139629
0.0121388
0.0102358
0.00826072
0.00621899
0.00411641
0.0019659
-0.000228511
-0.00245537
-0.00470286
-0.00696019
-0.00920882
-0.0114495
-0.0136733
-0.0158696
-0.0180265
-0.0201192
-0.022149
-0.0241061
-0.0259817
-0.0277671
-0.0294375
-0.0309976
-0.0324369
-0.0337453
-0.034914
-0.0359193
-0.0367694
-0.0374563
-0.0379726
-0.0383115
-0.038454
-0.0384108
-0.0381794
-0.037757
-0.0371403
-0.036316
-0.0352909
-0.034064
-0.0326365
-0.031011
-0.0291893
-0.027176
-0.0249741
-0.0225873
-0.0200207
-0.0172901
-0.014394
-0.0113407
-0.00813872
-0.00479714
-0.00134779
0.00222008
0.00589421
0.00966194
0.0135106
0.017393
0.0213309
0.0253102
0.0293151
0.033329
0.0372891
0.0412252
0.0451221
0.0489646
0.0527368
0.0563687
0.0598955
0.0632998
0.0665651
0.069676
0.0725637
0.0752662
0.077767
0.0800488
0.0820948
0.0838438
0.0853286
0.0865373
0.0874583
0.0880798
0.0883604
0.0883183
0.0879435
0.087228
0.0861654
0.0847464
0.0829706
0.0808347
0.0783369
0.0754773
0.0722867
0.0687405
0.0648441
0.0606038
0.0560275
0.0511887
0.0460355
0.0405821
0.0348442
0.028839
0.0226829
0.0162983
0.00970762
0.00293573
-0.00399062
-0.0109188
-0.0179454
-0.0250414
-0.0321764
-0.0393185
-0.0462946
-0.0532092
-0.0600269
-0.0667125
-0.0732304
-0.0794086
-0.085347
-0.0910085
-0.0963564
-0.101354
-0.105854
-0.109936
-0.113566
-0.116712
-0.119342
-0.121355
-0.122796
-0.12364
-0.123868
-0.12346
-0.122392
-0.120655
-0.118235
-0.115124
-0.111315
-0.106871
-0.101733
-0.0959067
-0.0894025
-0.0822328
-0.0745516
-0.0662422
-0.0573299
-0.0478437
-0.0378162
-0.0274875
-0.0166914
-0.00547026
0.00612976
0.0180593
0.0300134
0.0421923
0.0545412
0.0670029
0.0795171
0.0917472
0.103903
0.11592
0.127733
0.139277
0.150225
0.160774
0.17086
0.180419
0.18939
0.197502
0.204912
0.211565
0.217408
0.222394
0.226348
0.229359
0.231391
0.232416
0.232405
0.231317
0.229153
0.225901
0.221556
0.216119
0.209699
0.202207
0.193659
0.184078
0.17349
0.162148
0.149875
0.136719
0.122733
0.107972
0.0928138
0.0770015
0.0606024
0.0436892
0.0263398
0.00901836
-0.00857656
-0.0263623
-0.0442547
-0.0621673
-0.0796075
-0.0968905
-0.113928
-0.130632
-0.146916
-0.16232
-0.177139
-0.191291
-0.204697
-0.217282
-0.228676
-0.239111
-0.248527
-0.256869
-0.264082
-0.269936
-0.274573
-0.27796
-0.280069
-0.280881
-0.280339
-0.278476
-0.275287
-0.270776
-0.264956
-0.257956
-0.249691
-0.240193
-0.229498
-0.217651
-0.20495
-0.191201
-0.176464
-0.160806
-0.144296
-0.127372
-0.10975
-0.0915093
-0.0727376
-0.0535239
-0.034391
-0.0149977
0.00456545
0.0242071
0.043835
0.0629067
0.0817804
0.100366
0.118577
0.136329
0.153127
0.169308
0.184798
0.199526
0.213422
0.226092
0.237809
0.24852
0.258178
0.266741
0.273959
0.280015
0.284886
0.288554
0.291008
0.292169
0.292108
0.290832
0.288352
0.28469
0.279941
0.274063
0.26709
0.259059
0.250014
0.240201
0.229474
0.21789
0.20551
0.192394
0.178907
0.164814
0.150184
0.135088
0.119602
0.104162
0.0884781
0.072621
0.0566608
0.0406683
0.0250954
0.00963213
-0.00565257
-0.0206921
-0.035423
-0.0494288
-0.0630103
-0.0761142
-0.0886899
-0.10069
-0.111773
-0.122196
-0.131922
-0.140916
-0.149148
-0.156385
-0.162814
-0.16842
-0.173195
-0.177129
-0.180114
-0.182253
-0.18355
-0.184012
-0.183652
-0.182488
-0.180537
-0.17782
-0.174357
-0.170173
-0.165394
-0.159955
-0.153892
-0.147242
-0.140044
-0.132513
-0.124509
-0.116072
-0.107242
-0.0980633
-0.0888116
-0.0792965
-0.0695593
-0.0596416
-0.049586
-0.0396955
-0.0297552
-0.0198078
-0.00989315
-4.84836e-05
0.00943461
0.0187787
0.0279494
0.0369114
0.0456303
0.0538456
0.0617576
0.0693411
0.0765732
0.083432
0.0897175
0.0955906
0.101035
0.106036
0.110581
0.114543
0.11803
0.121036
0.123556
0.12559
0.127091
0.12811
0.12865
0.128717
0.128316
0.127482
0.126201
0.124486
0.122351
0.11981
0.116965
0.113746
0.110175
0.106272
0.102061
0.0976987
0.0930709
0.0881978
0.0831001
0.0778013
0.0724932
0.0670386
0.0614652
0.0557994
0.0500656
0.0444635
0.0388409
0.0332234
0.0276381
0.0221122
0.0168382
0.0116722
0.00663572
0.00175024
-0.00296214
-0.00733964
-0.0115008
-0.0154274
-0.0191037
-0.0225167
-0.025556
-0.0283074
-0.0307585
-0.0328979
-0.0347163
-0.0361601
-0.0372736
-0.0380555
-0.0385054
-0.0386234
-0.0384156
-0.0378799
-0.037021
-0.0358457
-0.0343619
-0.0326321
-0.0306121
-0.0283129
-0.0257471
-0.0229298
-0.0199703
-0.0167939
-0.0134189
-0.0098642
-0.0061492
-0.0024116
0.00144693
0.0054066
0.00944731
0.0135482
0.0175598
0.0215867
0.0256053
0.0295926
0.0335271
0.0372686
0.0409215
0.0444696
0.047896
0.051183
0.0542119
0.0570678
0.0597374
0.0622097
0.0644755
0.066455
0.0682098
0.0697314
0.0710132
0.0720519
0.072812
0.0733297
0.0736057
0.0736397
0.0734311
0.0729818
0.0722941
0.0713766
0.0702407
0.0688992
0.0673972
0.0657088
0.0638399
0.0617969
0.0595889
0.0572885
0.0548525
0.0522987
0.0496439
0.0469023
0.0441609
0.0413533
0.0384895
0.0355822
0.032647
0.0297849
0.0269297
0.0240961
0.0212949
0.0185334
0.0159
0.0133201
0.0108037
0.00836288
0.00600973
0.00382751
0.00174707
-0.000230282
-0.00210411
-0.00387202
-0.00546646
-0.00694157
-0.00829069
-0.00951128
-0.0106061
-0.0115339
-0.0123485
-0.0130526
-0.0136449
-0.0141216
-0.0144481
-0.0146581
-0.0147577
-0.0147555
-0.0146594
-0.0144569
-0.0141667
-0.013789
-0.0133252
-0.012779
-0.0121539
-0.0114578
-0.0106945
-0.00986582
-0.00897005
-0.00801932
-0.00700728
-0.00594099
-0.00482688
-0.00366902
-0.00249541
-0.00127953
-2.25583e-05
0.00127194
0.00259823
0.00390972
0.00524253
0.0065942
0.00796382
0.00935028
0.0106982
0.0120557
0.0134159
0.014772
0.0161185
0.0173905
0.018648
0.0198878
0.0211056
0.0222952
0.0233847
0.0244346
0.0254387
0.0263913
0.0272875
0.0280594
0.0287676
0.029407
0.0299721
0.030458
0.0308054
0.0310688
0.0312461
0.0313353
0.031335
0.0312015
0.0309781
0.0306644
0.0302609
0.0297703
0.0291701
0.028493
0.0277437
0.0269264
0.0260452
0.0250939
0.0240892
0.0230374
0.0219458
0.020822
0.0196755
0.0185119
0.0173387
0.0161634
0.0149934
0.0138455
0.0127158
0.0116105
0.010536
0.00949819
0.00851514
0.00757827
0.0066923
0.00586084
0.00508636
0.00438074
0.00373239
0.00314204
0.0026101
0.00213636
0.00172629
0.00136961
0.00106385
0.000806003
0.00059269
0.000422845
0.000288765
0.000186487
0.000111804
6.03518e-05
2.806e-05
9.87175e-06
1.79087e-06
0
0
0
0
0
0
0
0
0
0
0
0
0
0
0
0
0
0
0
0
0
0
0
0
0
0
0
0
0
0
0
0
0
0
0
0
0
0
0
0
0
0
0
0
0
0
0
0
0
0
0
0
0
0
0
0
0
0
0
0
0
0
0
0
0
0
0
0
0
0
0
0
0
0
0
0
0
0
0
0
0
0
0
0
0
0
0
0
0
0
0
0
0
0
0
0
0
0
0
0
0
0
0
0
0
0
0
0
0
0
0
0
0
0
0
0
0
0
0
0
0
0
0
0
0
0
0
0
0
0
0
0
0
0
0
0
0
0
0
0
0
0
0
0
0
0
0
0
0
0
0
0
0
0
0
0
0
0
0
0
0
0
0
0
0
0
0
0
0
0
0
0
0
0
0
0
0
0
0
0
0
0
0
0
0
0
0
0
0
0
0
0
0
0
0
0
0
0
0
0
0
