0
0
0
0
0
0
0
0
0
0
0
0
0
0
0
0
0
0
0
0
0
0
0
0
0
0
0
0
0
0
0
0
0
0
0
0
0
0
0
0
0
0
0
0
0
0
0
0
0
0
-0
-0
-0
-0
-0
-0
-0
-0
-0
-0
-0
-0
-0
-0
-0
-0
-0
-0
-0
-0
-0
-0
-0
-0
-0
-0
-0
-0
-0
-0
-0
-0
-0
-0
-0
-0
-0
-3.68558e-08
-2.83434e-06
-9.31696e-06
-1.87009e-05
-3.05195e-05
-4.45338e-05
-6.06192e-05
-7.86323e-05
-9.82694e-05
-0.000118929
-0.000139577
-0.000158584
-0.000173518
-0.000180886
-0.000175878
-0.000152173
-0.000101879
-1.55663e-05
0.000117671
0.000310237
0.000576159
0.000931238
0.00139309
0.00198099
0.00271546
0.00361791
0.00471023
0.00601468
0.00755376
0.00934997
0.0114254
0.0138009
0.0164956
0.0195261
0.0229062
0.0266469
0.0307558
0.0352366
0.0400881
0.0453038
0.0508712
0.0567727
0.062985
0.0694803
0.0762253
0.0831812
0.0903037
0.0975424
0.104842
0.112144
0.119385
0.126499
0.133413
0.140055
0.146345
0.152204
0.157553
0.162315
0.166414
0.169779
0.172337
0.174021
0.174766
0.174515
0.173214
0.170821
0.167301
0.162627
0.156781
0.149756
0.141554
0.13219
0.121688
0.110081
0.0974102
0.0837261
0.0690877
0.0535656
0.0372428
0.0202131
0.00257886
-0.0155524
-0.03407
-0.0528605
-0.0718076
-0.0907913
-0.109688
-0.128372
-0.146719
-0.164603
-0.181905
-0.198589
-0.214599
-0.229848
-0.244257
-0.257751
-0.27026
-0.281724
-0.292088
-0.301302
-0.309321
-0.316106
-0.321626
-0.325858
-0.328788
-0.330412
-0.330733
-0.329758
-0.327503
-0.32399
-0.319247
-0.313309
-0.306216
-0.298014
-0.288752
-0.278484
-0.267265
-0.255159
-0.242229
-0.228542
-0.214167
-0.199173
-0.18363
-0.167607
-0.151176
-0.134408
-0.117374
-0.100141
-0.082779
-0.0653525
-0.0479259
-0.0305616
-0.0133198
0.00374234
0.0205711
0.0371165
0.0533324
0.0691755
0.0846057
0.0995862
0.114084
0.12807
0.141521
0.154419
0.166747
0.178496
0.189656
0.200223
0.210193
0.219566
0.228339
0.236511
0.244081
0.251046
0.257403
0.263151
0.268289
0.272815
0.276729
0.280027
0.282702
0.284746
0.286147
0.286892
0.286968
0.286362
0.28506
0.283049
0.280317
0.276852
0.272641
0.267672
0.261931
0.255407
0.248087
0.23996
0.231013
0.221236
0.210618
0.199152
0.186833
0.173661
0.159641
0.144779
0.129088
0.11258
0.0952734
0.0771888
0.0583529
0.0387981
0.0185623
-0.00231175
-0.0237766
-0.0457801
-0.0682647
-0.0911663
-0.114414
-0.137929
-0.161628
-0.185421
-0.209216
-0.232914
-0.256413
-0.279608
-0.30239
-0.324649
-0.346274
-0.367155
-0.387182
-0.406247
-0.424241
-0.441057
-0.456594
-0.470755
-0.483448
-0.49459
-0.504103
-0.511912
-0.51795
-0.522158
-0.524482
-0.524881
-0.523319
-0.519773
-0.514225
-0.506668
-0.497104
-0.485545
-0.472016
-0.456548
-0.439185
-0.419981
-0.399
-0.376315
-0.352012
-0.326189
-0.298953
-0.270419
-0.240713
-0.209967
-0.17832
-0.145922
-0.11293
-0.0795061
-0.0458193
-0.0120402
0.0216584
0.0551018
0.0881142
0.12052
0.152146
0.182824
0.212389
0.240686
0.267562
0.292873
0.316481
0.338257
0.358083
0.375859
0.391494
0.404916
0.416062
0.424881
0.431338
0.435409
0.437088
0.436388
0.433334
0.427966
0.420336
0.41051
0.398564
0.38459
0.368691
0.350983
0.33159
0.310643
0.28828
0.264646
0.239893
0.21418
0.18767
0.160528
0.132915
0.104994
0.0769234
0.0488614
0.0209664
-0.00660499
-0.0337002
-0.0601738
-0.0858885
-0.110717
-0.134538
-0.157242
-0.178725
-0.198892
-0.217661
-0.234959
-0.250727
-0.264916
-0.277489
-0.288422
-0.297701
-0.305324
-0.311305
-0.315665
-0.318439
-0.319666
-0.319398
-0.317693
-0.31462
-0.310255
-0.304684
-0.297998
-0.290292
-0.281665
-0.272221
-0.262066
-0.251307
-0.240056
-0.228423
-0.21652
-0.204453
-0.19233
-0.180256
-0.168331
-0.156651
-0.145308
-0.134383
-0.123954
-0.114088
-0.104849
-0.0962948
-0.0884751
-0.0814326
-0.0752009
-0.0698052
-0.0652621
-0.0615811
-0.0587641
-0.0568057
-0.0556924
-0.0554019
-0.0559039
-0.0571608
-0.0591294
-0.0617614
-0.0650039
-0.0687992
-0.073085
-0.0777943
-0.0828571
-0.0882019
-0.0937561
-0.0994475
-0.105204
-0.110954
-0.116625
-0.122148
-0.127453
-0.132475
-0.13715
-0.14142
-0.14523
-0.148528
-0.15127
-0.153415
-0.154931
-0.155787
-0.155959
-0.155429
-0.154183
-0.152213
-0.149519
-0.146108
-0.141993
-0.137192
-0.131729
-0.125632
-0.118934
-0.111672
-0.10389
-0.0956358
-0.0869594
-0.0779154
-0.0685606
-0.0589538
-0.0491564
-0.039231
-0.0292412
-0.0192506
-0.00932276
0.000479244
0.0100923
0.0194537
0.0285017
0.0371769
0.0454234
0.0531895
0.0604276
0.0670939
0.0731474
0.0785508
0.0832701
0.0872765
0.0905462
0.0930607
0.0948067
0.0957754
0.0959627
0.0953691
0.0940005
0.0918676
0.0889858
0.0853743
0.0810558
0.0760566
0.0704071
0.0641426
0.0573031
0.0499325
0.0420769
0.0337839
0.0251011
0.0160772
0.00676244
-0.00279095
-0.0125289
-0.0223962
-0.0323379
-0.0423003
-0.0522307
-0.0620777
-0.0717912
-0.0813224
-0.0906247
-0.0996542
-0.10837
-0.116735
-0.124712
-0.13227
-0.139379
-0.146014
-0.152151
-0.157774
-0.162869
-0.167424
-0.17143
-0.174882
-0.177777
-0.180118
-0.18191
-0.183164
-0.18389
-0.184102
-0.183815
-0.183046
-0.181818
-0.180155
-0.178084
-0.175634
-0.17283
-0.169702
-0.166276
-0.162582
-0.158654
-0.154523
-0.150225
-0.145791
-0.141249
-0.13663
-0.131961
-0.12727
-0.122587
-0.117939
-0.113349
-0.108837
-0.104424
-0.100126
-0.0959619
-0.0919488
-0.0881031
-0.0844381
-0.0809634
-0.0776853
-0.0746092
-0.0717399
-0.0690829
-0.0666428
-0.0644217
-0.0624191
-0.0606314
-0.0590537
-0.0576815
-0.0565105
-0.0555364
-0.0547533
-0.0541525
-0.0537223
-0.0534494
-0.0533204
-0.0533228
-0.0534452
-0.0536765
-0.0540049
-0.0544178
-0.0549017
-0.0554436
-0.0560311
-0.0566529
-0.057298
-0.0579554
-0.0586143
-0.0592642
-0.0598959
-0.0605015
-0.0610741
-0.0616072
-0.0620943
-0.0625286
-0.062904
-0.0632158
-0.0634609
-0.0636376
-0.0637449
-0.0637822
-0.063749
-0.0636456
-0.0634738
-0.0632364
-0.0629373
-0.0625796
-0.0621659
-0.0616979
-0.0611773
-0.060607
-0.0599915
-0.0593363
-0.0586471
-0.0579293
-0.0571871
-0.0564244
-0.0556455
-0.0548553
-0.0540596
-0.053264
-0.0524734
-0.051692
-0.0509239
-0.0501731
-0.0494444
-0.0487429
-0.0480732
-0.0474391
-0.0468435
-0.0462891
-0.0457792
-0.045318
-0.0449101
-0.04456
-0.0442709
-0.0440447
-0.0438828
-0.0437864
-0.0437575
-0.0437987
-0.0439126
-0.0441012
-0.0443658
-0.0447072
-0.0451262
-0.0456243
-0.0462034
-0.0468655
-0.0476124
-0.0484457
-0.0493671
-0.0503788
-0.0514833
-0.0526832
-0.0539802
-0.0553748
-0.0568665
-0.0584541
-0.0601368
-0.0619135
-0.0637825
-0.065741
-0.0677843
-0.0699068
-0.0721032
-0.0743688
-0.0767002
-0.0790936
-0.0815443
-0.084045
-0.0865864
-0.0891586
-0.0917524
-0.0943602
-0.0969747
-0.099588
-0.10219
-0.104766
-0.107303
-0.109784
-0.112196
-0.114526
-0.116765
-0.118899
-0.120916
-0.122802
-0.124544
-0.126127
-0.127541
-0.128773
-0.129811
-0.130644
-0.131258
-0.131642
-0.131785
-0.131681
-0.131323
-0.130704
-0.12982
-0.128663
-0.127231
-0.125522
-0.123536
-0.121275
-0.118742
-0.115939
-0.11287
-0.10954
-0.105954
-0.102122
-0.0980551
-0.0937641
-0.0892611
-0.0845588
-0.0796714
-0.0746153
-0.0694095
-0.0640746
-0.0586233
-0.0530549
-0.0473983
-0.0416855
-0.0359508
-0.0302303
-0.0245612
-0.0189799
-0.0135205
-0.00821522
-0.00309416
0.00181319
0.0064779
0.0108721
0.0149702
0.0187496
0.0221913
0.0252796
0.0280009
0.0303443
0.0323012
0.0338667
0.0350398
0.0358231
0.0362224
0.0362459
0.0359038
0.0352089
0.0341771
0.0328281
0.0311848
0.0292723
0.0271176
0.0247481
0.022192
0.0194783
0.0166375
0.0137011
0.0107006
0.0076674
0.00463171
0.00162249
-0.00133257
-0.00420706
-0.00697616
-0.00961711
-0.0121095
-0.0144355
-0.0165793
-0.0185271
-0.0202673
-0.0217903
-0.0230897
-0.0241619
-0.025007
-0.0256272
-0.0260271
-0.0262126
-0.0261915
-0.0259733
-0.0255694
-0.0249934
-0.0242604
-0.0233867
-0.0223888
-0.021284
-0.0200897
-0.018824
-0.0175049
-0.0161507
-0.0147789
-0.0134064
-0.0120489
-0.0107209
-0.00943618
-0.00820699
-0.00704446
-0.00595809
-0.00495567
-0.00404318
-0.00322486
-0.00250327
-0.00187931
-0.00135231
-0.000920017
-0.000578653
-0.000323064
-0.000146836
-4.24509e-05
-1.43278e-06
-0
-0
-0
-0
-0
-0
-0
-0
-0
-0
-0
-0
-0
-0
-0
0
0
0
0
0
0
0
0
0
0
0
0
0
0
0
0
0
0
0
0
0
0
0
0
0
0
0
0
0
0
0
0
0
0
0
0
0
0
-0
-0
-0
-0
-0
-0
-0
-0
-0
-0
-0
-0
-0
-0
-0
-0
-0
-0
-0
-0
-0
-0
-0
-0
-0
-0
-0
-0
-0
-0
-0
-0
-0
-0
-0
-0
-0
-0
-0
-0
-0
-0
-0
-0
-0
-0
-0
0
0
0
0
0
0
0
0
0
0
0
0
0
0
0
0
0
0
0
0
0
0
0
0
0
0
0
0
0
0
0
0
0
0
0
0
0
0
0
0
0
0
0
0
0
0
0
0
0
0
0
0
0
4.80389e-07
1.32956e-05
4.31903e-05
8.96956e-05
0.000152377
0.000230842
0.000324752
0.000433838
0.000557922
0.000696938
0.000850933
0.00102005
0.00120451
0.00140456
0.00162056
0.00185295
0.00210235
0.00236953
0.00265539
0.0029609
0.003287
0.00363463
0.00400473
0.00439835
0.00481664
0.00526087
0.00573238
0.00623254
0.00676275
0.00732443
0.00791911
0.00854831
0.00921356
0.00991634
0.010658
0.0114402
0.0122646
0.0131329
0.0140472
0.015009
0.0160199
0.0170809
0.0181925
0.0193553
0.0205699
0.021837
0.0231572
0.0245306
0.0259567
0.0274345
0.0289629
0.0305408
0.0321669
0.0338393
0.0355552
0.0373115
0.0391042
0.0409294
0.0427836
0.0446638
0.0465674
0.0484908
0.0504292
0.052376
0.0543234
0.0562635
0.0581884
0.0600912
0.0619655
0.0638052
0.0656043
0.0673564
0.0690548
0.0706923
0.0722613
0.0737533
0.0751596
0.0764717
0.0776818
0.0787841
0.0797739
0.0806476
0.0814016
0.0820314
0.0825319
0.0828975
0.0831241
0.0832096
0.0831547
0.082962
0.0826369
0.0822184
0.0817194
0.0811413
0.0804867
0.0797583
0.0789599
0.0780955
0.0771688
0.0761832
0.0751415
0.0740472
0.0729049
0.0717197
0.0704976
0.0692439
0.0679637
0.0666624
0.0653452
0.0640178
0.0626869
0.0613583
0.0600376
0.0587296
0.0574379
0.0561686
0.0549276
0.0537215
0.0525569
0.0514379
0.0503707
0.0493592
0.0484073
0.0475189
0.0466957
0.0459438
0.0452659
0.044663
0.0441356
0.0436805
0.0433014
0.0429992
0.0427752
0.0426302
0.0425602
0.0425675
0.0426504
0.0428072
0.0430365
0.0433327
0.0436962
0.0441225
0.0446061
0.0451416
0.0457217
0.0463466
0.047014
0.0477212
0.0484634
0.0492322
0.0500213
0.050823
0.0516311
0.052441
0.0532497
0.0540525
0.0548442
0.0556186
0.0563692
0.0570941
0.0577852
0.0584393
0.0590536
0.059625
0.0601573
0.0606398
0.0610697
0.0614447
0.061763
0.0620334
0.0622425
0.0623877
0.0624677
0.0624832
0.062451
0.0623609
0.0622166
0.0620206
0.0617738
0.0614932
0.061165
0.060794
0.0603872
0.0599529
0.0595141
0.0590606
0.058596
0.0581238
0.0576481
0.0571881
0.0567386
0.0563082
0.0559046
0.0555344
0.0552108
0.0549332
0.0547088
0.0545451
0.0544492
0.0544246
0.0544766
0.0546073
0.0548188
0.0551145
0.0554862
0.0559523
0.0565169
0.0571818
0.0579462
0.0587827
0.0597138
0.0607382
0.0618557
0.0630663
0.0643322
0.0656854
0.067119
0.0686241
0.0701917
0.0717686
0.073393
0.0750583
0.0767577
0.0784822
0.0801724
0.0818646
0.083546
0.0852044
0.086828
0.0883597
0.0898341
0.0912391
0.0925619
0.0937894
0.0948738
0.0958389
0.0966744
0.0973706
0.0979179
0.0982887
0.0984899
0.0985112
0.0983435
0.0979795
0.0974212
0.0966582
0.0956877
0.0945071
0.0931133
0.0915384
0.0897453
0.0877341
0.0855073
0.0830701
0.0804922
0.0777185
0.074757
0.0716154
0.0683021
0.0649129
0.0613734
0.0576981
0.0539045
0.050012
0.0461417
0.0422126
0.0382438
0.0342538
0.0302613
0.0263895
0.0225568
0.0187873
0.0151071
0.0115425
0.00821042
0.0050431
0.00206204
-0.000712665
-0.00326117
-0.00549867
-0.00746896
-0.00915133
-0.0105262
-0.0115762
-0.0122616
-0.0125975
-0.0125757
-0.0121899
-0.0114345
-0.0103247
-0.00883654
-0.00696818
-0.00472039
-0.00209742
0.000825837
0.00410527
0.00772703
0.0116753
0.015933
0.0203744
0.0250879
0.0300524
0.0352446
0.040638
0.0460692
0.0516426
0.0573272
0.0630909
0.0689014
0.0745821
0.0802434
0.0858512
0.0913711
0.0967682
0.101877
0.106797
0.111497
0.115947
0.120117
0.123879
0.127309
0.130382
0.133079
0.135381
0.137218
0.138631
0.139606
0.140135
0.140212
0.139835
0.139006
0.137731
0.136018
0.133874
0.131362
0.128446
0.125143
0.121474
0.117465
0.113235
0.108721
0.103951
0.0989569
0.093771
0.0885405
0.0831928
0.077767
0.0723017
0.0668337
0.0615053
0.0562453
0.0510903
0.0460786
0.0412495
0.0367191
0.032442
0.0284465
0.0247567
0.021394
0.0184125
0.015799
0.0135723
0.0117472
0.010333
0.00931123
0.00869807
0.00848524
0.00866257
0.00921916
0.0100734
0.0112802
0.0128198
0.0146664
0.0167885
0.0190491
0.0215138
0.0241465
0.0269105
0.029768
0.0325715
0.0353857
0.0381651
0.0408628
0.0434316
0.0457458
0.0478429
0.0496825
0.051225
0.0524317
0.053243
0.0536449
0.0536041
0.0530904
0.0520773
0.0506026
0.0485894
0.046025
0.0429019
0.0392169
0.0351228
0.0304755
0.0252868
0.0195735
0.0133577
0.00689948
-2.06972e-06
-0.00731018
-0.0149833
-0.0229755
-0.0309493
-0.0391402
-0.0474924
-0.0559468
-0.064441
-0.0726103
-0.0806894
-0.088611
-0.0963061
-0.103704
-0.110474
-0.116805
-0.122627
-0.127873
-0.132478
-0.136213
-0.139188
-0.14135
-0.142649
-0.143036
-0.142436
-0.140843
-0.138226
-0.134558
-0.129824
-0.124144
-0.117383
-0.109541
-0.100627
-0.0906537
-0.0799401
-0.0682195
-0.0555301
-0.0419186
-0.0274383
-0.0125852
0.00301405
0.0192907
0.0361695
0.0535686
0.0708717
0.0885162
0.106407
0.124448
0.142539
0.160026
0.177364
0.194451
0.211181
0.227452
0.242655
0.257196
0.270981
0.283919
0.295923
0.306527
0.316036
0.324376
0.331478
0.337281
0.34153
0.344385
0.345811
0.345784
0.344284
0.341312
0.336857
0.330928
0.323542
0.314724
0.304733
0.293383
0.280725
0.266813
0.251714
0.235916
0.219079
0.201287
0.182627
0.163189
0.143624
0.123474
0.102838
0.0818197
0.0605257
0.0396864
0.0187813
-0.00208679
-0.0228162
-0.0433067
-0.0628426
-0.0819478
-0.100533
-0.118511
-0.135801
-0.151787
-0.166938
-0.181185
-0.194467
-0.206729
-0.217519
-0.227195
-0.23572
-0.243064
-0.249206
-0.253907
-0.257383
-0.259631
-0.260657
-0.260471
-0.259053
-0.256461
-0.25272
-0.247865
-0.241936
-0.235118
-0.22732
-0.218594
-0.208994
-0.198579
-0.187696
-0.176121
-0.163919
-0.151159
-0.137911
-0.124637
-0.111019
-0.0971278
-0.0830344
-0.0688081
-0.054956
-0.0411034
-0.0273125
-0.013643
-0.000151848
0.0126639
0.0251966
0.0373995
0.0492293
0.0606474
0.0712132
0.0813051
0.0908995
0.0999772
0.108522
0.116181
0.123286
0.129831
0.135813
0.141232
0.145828
0.149868
0.153359
0.156311
0.158736
0.160472
0.16171
0.162464
0.162752
0.162593
0.161918
0.160837
0.159372
0.157541
0.155363
0.152841
0.150004
0.146866
0.143446
0.139761
0.13589
0.131791
0.127478
0.122964
0.11826
0.1135
0.108568
0.103474
0.0982265
0.0928313
0.0874775
0.0819847
0.0763546
0.0705889
0.0646891
0.0588922
0.0529646
0.0469074
0.0407213
0.0344065
0.0282418
0.0219509
0.0155371
0.0090056
0.00236355
-0.00407281
-0.0106013
-0.0172109
-0.0238889
-0.0306215
-0.0370754
-0.0435541
-0.0500419
-0.0565219
-0.0629753
-0.0690761
-0.0751091
-0.0810524
-0.0868835
-0.0925805
-0.0978561
-0.102955
-0.107857
-0.11254
-0.116979
-0.120952
-0.124634
-0.127999
-0.131027
-0.133697
-0.135882
-0.137674
-0.139056
-0.140014
-0.140536
-0.140613
-0.140236
-0.139396
-0.13809
-0.136318
-0.134199
-0.131624
-0.128602
-0.125148
-0.121275
-0.117222
-0.112784
-0.107959
-0.102728
-0.0971258
-0.0914936
-0.085568
-0.0793919
-0.0730095
-0.0664648
-0.060149
-0.0537519
-0.0473141
-0.0408761
-0.0344778
-0.0285049
-0.0226412
-0.0169212
-0.0113779
-0.00604273
-0.00124762
0.00329093
0.00755016
0.0115106
0.0151565
0.0182496
0.0210146
0.0234462
0.0255413
0.0272988
0.0285866
0.0295478
0.03019
0.0305236
0.0305617
0.0302771
0.0297326
0.0289484
0.0279456
0.0267469
0.0254053
0.0239114
0.0222875
0.0205559
0.0187388
0.0169367
0.0150888
0.0132173
0.0113439
0.00948878
0.0077679
0.00609203
0.0044753
0.00293037
0.00146868
0.000193598
-0.000988384
-0.00206999
-0.00304545
-0.00391059
-0.0045891
-0.00516255
-0.00563147
-0.00599763
-0.00626407
-0.00638624
-0.00642536
-0.0063875
-0.00627928
-0.0061077
-0.00585392
-0.00555638
-0.00522259
-0.00486009
-0.0044764
-0.00406844
-0.003656
-0.00324541
-0.00284255
-0.00245281
-0.00207882
-0.00172801
-0.00140412
-0.00111026
-0.000848909
-0.00062197
-0.000430417
-0.000274755
-0.000154879
-7.00922e-05
-1.91622e-05
-2.21493e-07
-0
-0
-0
-0
-0
-0
-0
-0
-0
-0
-0
-0
-0
-0
-0
-0
-0
-0
-0
-0
-0
-0
-0
-0
-0
-0
-0
-0
-0
0
0
0
0
0
0
0
0
0
0
0
0
0
0
0
0
0
0
0
0
0
0
0
0
0
0
0
0
0
0
0
0
0
0
0
0
0
0
0
0
0
0
0
0
0
0
0
0
0
0
0
0
0
0
0
0
0
0
