-0
-0
-0
-0
-0
-0
-0
-0
-0
-0
-0
-0
-0
-0
-0
-0
-0
-0
-0
-0
-0
-0
-0
-0
-0
-0
-0
-0
-0
-0
-0
-0
-0
-0
-0
-0
-0
-0
0
0
0
0
0
0
0
0
0
0
0
0
0
0
0
0
0
0
0
0
0
0
0
0
0
0
0
0
0
0
0
0
0
0
0
0
0
0
0
0
0
0
0
0
-0
-0
-0
-0
-0
-0
-0
-0
-0
-0
-0
-0
-0
-0
-0
-0
-0
-0
-0
-0
-0
-0
-0
-0
-0
-0
-0
-0
-0
-0
-0
-0
-0
-0
-0
-0
-0
-0
-0
-0
-0
-0
-0
-0
-0
-0
-0
-0
-0
-0
0
0
0
0
0
0
0
0
0
0
0
0
0
0
0
0
0
0
0
0
0
0
0
0
0
0
0
0
0
0
0
0
0
0
0
0
0
0
0
0
0
0
0
-0
-0
-0
-0
-0
-0
-0
-0
-0
-0
-0
-0
-0
-0
-0
-0
-0
-0
-0
-0
-0
-0
-0
-0
-0
-0
-0
-0
-0
-0
-0
-0
-0
-0
-0
-0
-0
-0
-0
-0
-0
-0
-0
-0
-0
-0
-0
-0
0
0
0
0
0
0
0
0
0
0
0
0
0
0
0
0
0
0
0
0
0
0
0
0
0
0
0
0
0
0
0
0
0
0
0
0
0
0
0
0
0
0
0
0
0
0
0
0
-0
-0
-0
-0
-0
-0
-0
-0
-0
-0
-0
-0
-0
-0
-0
-0
-0
-0
-0
-0
-0
-0
-0
-0
-0
-0
-0
-0
-0
-0
-0
-0
-0
-0
-0
-0
-0
-0
-0
-0
-0
-0
-0
-0
-0
-0
-0
-0
-0
0
0
0
0
0
0
0
0
0
0
0
0
0
0
0
0
0
0
0
0
0
0
0
0
0
0
0
0
0
0
0
0
0
0
0
0
0
0
0
0
0
0
0
0
0
0
0
-0
-0
-0
-0
-0
-0
-0
-0
-0
-0
-0
-0
-0
-0
-0
-0
-0
-1.52461e-06
-7.52601e-06
-1.81024e-05
-3.31324e-05
-5.23472e-05
-7.53386e-05
-0.000101569
-0.000130383
-0.000161016
-0.000192616
-0.000224256
-0.000254959
-0.000283722
-0.000309527
-0.000331352
-0.000348186
-0.000359047
-0.000363011
-0.000359245
-0.000347024
-0.00032574
-0.000294893
-0.000254097
-0.000203094
-0.000141789
-7.0277e-05
1.11487e-05
0.00010202
0.000201733
0.000309574
0.000424715
0.000546182
0.000672828
0.000803328
0.000936234
0.00107004
0.00120324
0.00133434
0.00146182
0.00158413
0.00169961
0.0018066
0.00190349
0.00198881
0.00206125
0.00211969
0.00216312
0.00219067
0.00220162
0.00219545
0.00217181
0.00213056
0.00207168
0.00199529
0.00190163
0.00179115
0.00166451
0.00152266
0.00136676
0.00119817
0.00101835
0.000828916
0.000631567
0.000428131
0.000220504
1.05978e-05
-0.000199709
-0.000408556
-0.000614055
-0.000814233
-0.00100706
-0.00119056
-0.00136294
-0.00152276
-0.00166885
-0.00180021
-0.00191584
-0.00201465
-0.00209553
-0.00215752
-0.00220007
-0.00222308
-0.00222686
-0.00221191
-0.00217878
-0.0021279
-0.00205975
-0.00197492
-0.00187422
-0.00175876
-0.00163022
-0.00149035
-0.00134028
-0.00118124
-0.00101455
-0.000841713
-0.000664261
-0.000483627
-0.000301034
-0.000117503
6.60278e-05
0.000248544
0.00042887
0.000605718
0.000777839
0.000944187
0.00110398
0.00125663
0.00140163
0.00153838
0.00166621
0.00178447
0.00189262
0.00199036
0.00207756
0.00215422
0.00222029
0.00227572
0.00232046
0.00235457
0.00237831
0.00239206
0.0023963
0.00239148
0.00237805
0.00235643
0.00232716
0.0022909
0.00224843
0.00220055
0.00214797
0.00209126
0.00203093
0.00196746
0.00190141
0.00183342
0.00176408
0.00169392
0.00162324
0.00155222
0.00148096
0.00140952
0.00133802
0.00126654
0.00119508
0.00112354
0.00105174
0.000979481
0.000906574
0.000832857
0.000758114
0.000682004
0.000604029
0.000523587
0.000440081
0.000353006
0.000261969
0.000166611
6.64956e-05
-3.89495e-05
-0.0001504
-0.000268507
-0.000393761
-0.000526429
-0.000666612
-0.000814362
-0.000969776
-0.00113298
-0.00130401
-0.00148261
-0.00166818
-0.00185985
-0.00205664
-0.00225775
-0.00246261
-0.00267081
-0.00288188
-0.00309503
-0.00330901
-0.00352225
-0.003733
-0.00393955
-0.00414034
-0.00433391
-0.00451873
-0.00469307
-0.00485503
-0.00500259
-0.00513377
-0.00524664
-0.00533935
-0.00541005
-0.00545685
-0.00547783
-0.00547119
-0.00543533
-0.00536893
-0.00527082
-0.00513991
-0.00497506
-0.00477516
-0.00453922
-0.00426653
-0.00395678
-0.00361006
-0.00322667
-0.00280711
-0.00235199
-0.00186214
-0.00133876
-0.000783446
-0.000198124
0.000415096
0.0010541
0.00171681
0.00240106
0.00310433
0.00382357
0.00455516
0.00529504
0.00603909
0.00678332
0.00752401
0.00825754
0.00898016
0.00968769
0.0103755
0.0110385
0.0116718
0.0122706
0.0128306
0.0133476
0.0138178
0.0142373
0.0146019
0.0149076
0.0151507
0.0153277
0.0154357
0.0154722
0.0154348
0.0153215
0.0151302
0.0148593
0.0145074
0.0140739
0.0135587
0.0129622
0.012285
0.011528
0.0106925
0.00978
0.00879294
0.00773432
0.00660783
0.00541765
0.00416825
0.00286433
0.00151081
0.000112897
-0.00132377
-0.0027931
-0.00428853
-0.00580317
-0.00732986
-0.00886127
-0.0103899
-0.0119083
-0.0134086
-0.0148832
-0.0163242
-0.0177241
-0.019075
-0.0203693
-0.0215996
-0.0227583
-0.023838
-0.0248318
-0.0257328
-0.0265349
-0.0272319
-0.0278184
-0.0282895
-0.0286404
-0.028867
-0.0289658
-0.0289337
-0.0287682
-0.0284673
-0.0280298
-0.0274551
-0.0267435
-0.0258958
-0.0249137
-0.0237997
-0.0225568
-0.0211887
-0.0196997
-0.0180949
-0.0163798
-0.0145607
-0.0126446
-0.010639
-0.0085521
-0.00639284
-0.0041706
-0.00189524
0.000422985
0.00277354
0.00514565
0.00752832
0.00991041
0.0122806
0.0146273
0.016939
0.019204
0.0214106
0.0235471
0.0256021
0.0275645
0.0294238
0.0311697
0.0327927
0.0342837
0.0356343
0.0368364
0.0378825
0.0387657
0.0394799
0.0400195
0.04038
0.0405579
0.0405504
0.0403558
0.0399734
0.0394037
0.0386478
0.037708
0.0365871
0.0352891
0.0338186
0.0321812
0.0303834
0.0284326
0.0263371
0.0241059
0.0217489
0.0192768
0.0167009
0.0140332
0.0112863
0.00847324
0.0056074
0.00270227
-0.000228511
-0.00317121
-0.00611202
-0.00903707
-0.0119325
-0.0147843
-0.0175788
-0.0203023
-0.022941
-0.0254818
-0.0279117
-0.0302182
-0.0323897
-0.0344152
-0.0362848
-0.0379892
-0.0395201
-0.0408703
-0.0420335
-0.0430046
-0.0437795
-0.0443554
-0.0447303
-0.0449036
-0.0448756
-0.0446476
-0.044222
-0.0436023
-0.0427927
-0.0417987
-0.0406264
-0.0392829
-0.0377761
-0.0361145
-0.0343076
-0.0323653
-0.0302984
-0.0281179
-0.0258356
-0.0234635
-0.021014
-0.0185
-0.0159343
-0.0133302
-0.0107008
-0.00805901
-0.00541794
-0.00279032
-0.000188714
0.00237457
0.00488752
0.00733846
0.00971616
0.0120099
0.0142097
0.0163061
0.0182904
0.0201546
0.0218914
0.0234941
0.0249568
0.0262745
0.027443
0.0284589
0.0293198
0.0300242
0.0305711
0.0309605
0.0311933
0.031271
0.031196
0.0309715
0.0306013
0.0301324
0.0296279
0.0290851
0.0284991
0.0278629
0.0271678
0.0264039
0.0255601
0.0246246
0.0235851
0.0224293
0.0211453
0.0197217
0.0181479
0.0164146
0.0145137
0.0124388
0.0101855
0.00775145
0.00513651
0.00234297
-0.000624553
-0.00375898
-0.00705071
-0.0104876
-0.0140549
-0.0177357
-0.0215109
-0.0253594
-0.0292582
-0.0331827
-0.0371066
-0.0410025
-0.0448419
-0.0485957
-0.052235
-0.0557306
-0.0590539
-0.0621766
-0.0650712
-0.0677115
-0.0700728
-0.0721322
-0.0738691
-0.0752648
-0.0763027
-0.0769686
-0.077251
-0.0771415
-0.0766349
-0.0757287
-0.0744237
-0.0727228
-0.0706317
-0.0681588
-0.065316
-0.0621181
-0.0585831
-0.0547316
-0.050586
-0.0461704
-0.0415102
-0.0366327
-0.0315668
-0.0263431
-0.0209934
-0.0155502
-0.0100464
-0.00451514
0.00101039
0.00649726
0.0119129
0.0172254
0.0224036
0.0274176
0.0322381
0.0368372
0.0411882
0.0452665
0.0490494
0.0525164
0.0556492
0.0584312
0.0608477
0.062886
0.0645357
0.0657892
0.0666413
0.0670868
0.0671221
0.0667668
0.0660414
0.0649507
0.063501
0.061711
0.0595787
0.0571145
0.0543289
0.0512336
0.0478722
0.0442281
0.0403173
0.0361572
0.0317663
0.0272135
0.0224676
0.0175477
0.0124742
0.00726803
0.00201768
-0.00332073
-0.00872373
-0.0141673
-0.0196272
-0.0250029
-0.0303464
-0.0356335
-0.0408399
-0.0459414
-0.0508374
-0.0555806
-0.0601473
-0.0645141
-0.0686583
-0.0724919
-0.0760606
-0.0793446
-0.0823246
-0.0849819
-0.0872536
-0.0891691
-0.0907139
-0.0918748
-0.0926402
-0.0929841
-0.0929133
-0.0924209
-0.0915021
-0.0901541
-0.0883973
-0.0862122
-0.0836016
-0.0805703
-0.0771246
-0.0733319
-0.0691439
-0.0645735
-0.0596355
-0.0543466
-0.0488183
-0.0429768
-0.0368438
-0.0304429
-0.0237997
-0.0170607
-0.0101337
-0.00304788
0.00416622
0.0114767
0.0187174
0.0259888
0.0332573
0.0404887
0.0476486
0.054571
0.0613522
0.0679568
0.0743492
0.0804944
0.0862463
0.0916845
0.0967772
0.101494
0.105803
0.109601
0.112937
0.115785
0.11812
0.119915
0.121115
0.121731
0.121747
0.121153
0.119938
0.118127
0.115688
0.112622
0.108931
0.104624
0.0997975
0.0943787
0.0883853
0.0818381
0.0747608
0.0673181
0.0594016
0.051044
0.0422807
0.03315
0.0238675
0.0143002
0.00449203
-0.00551098
-0.015661
-0.025716
-0.0358191
-0.0459202
-0.0559684
-0.0659126
-0.0755141
-0.08491
-0.0940501
-0.102885
-0.111368
-0.119293
-0.126776
-0.133773
-0.140244
-0.146151
-0.15135
-0.155918
-0.159827
-0.163052
-0.165571
-0.167321
-0.16833
-0.168587
-0.168084
-0.166818
-0.164816
-0.162057
-0.158546
-0.154296
-0.149322
-0.143742
-0.137481
-0.130568
-0.123032
-0.114908
-0.106387
-0.0973512
-0.0878429
-0.0779067
-0.0675901
-0.0571397
-0.046408
-0.0354461
-0.0243062
-0.0130418
-0.00192203
0.00921352
0.0203107
0.0313159
0.0421765
0.0526345
0.062846
0.0727621
0.0823354
0.0915201
0.100099
0.108205
0.1158
0.122848
0.129316
0.135053
0.140153
0.144596
0.14836
0.151433
0.153745
0.155345
0.156228
0.156392
0.155842
0.154595
0.152648
0.150013
0.146707
0.142749
0.138241
0.13313
0.127443
0.121213
0.114473
0.10739
0.0998685
0.0919486
0.0836707
0.0750775
0.0663807
0.0574554
0.0483457
0.0390962
0.029752
0.0205415
0.0113263
0.00215015
-0.0069438
-0.0159135
-0.024542
-0.0329661
-0.041148
-0.0490515
-0.0566425
-0.0637396
-0.0704627
-0.0767847
-0.0826802
-0.0881265
-0.0929953
-0.0973775
-0.101259
-0.104627
-0.107475
-0.109738
-0.111469
-0.112667
-0.113333
-0.113473
-0.113088
-0.112194
-0.1108
-0.108922
-0.106576
-0.103824
-0.100641
-0.0970495
-0.0930715
-0.0887317
-0.0841394
-0.0792375
-0.074054
-0.068618
-0.0629598
-0.0572201
-0.0513195
-0.0452883
-0.0391568
-0.032955
-0.0268343
-0.0207025
-0.0145884
-0.00852037
-0.00252598
0.00325
0.00890078
0.0144026
0.019733
0.0248709
0.0296941
0.0342867
0.038632
0.0427144
0.0465201
0.0499602
0.0531018
0.055937
0.0584599
0.0606661
0.0625062
0.0640249
0.0652224
0.0661004
0.0666625
0.0668996
0.0668329
0.0664702
0.0658206
0.0648941
0.0637169
0.0622864
0.0606162
0.0587211
0.0566162
0.0543558
0.0519172
0.0493166
0.0465708
0.043697
0.0407673
0.0377448
0.0346465
0.0314894
0.0282901
0.0251275
0.0219559
0.0187916
0.0156505
0.0125473
0.00955714
0.00663013
0.00377745
0.00101013
-0.00166072
-0.00416905
-0.0065599
-0.00882464
-0.0109565
-0.0129503
-0.0147587
-0.0164217
-0.0179361
-0.0192991
-0.0205082
-0.021533
-0.0224031
-0.0231199
-0.0236859
-0.0241038
-0.0243621
-0.0244795
-0.0244605
-0.0243105
-0.0240359
-0.0236415
-0.0231356
-0.0225246
-0.0218152
-0.0210144
-0.0201388
-0.0191875
-0.0181684
-0.0170896
-0.0159586
-0.0147993
-0.013602
-0.0123736
-0.0111211
-0.00985142
-0.00859237
-0.0073287
-0.00606624
-0.00481071
-0.00356776
-0.00236572
-0.00118591
-3.16272e-05
0.00109488
0.00219182
0.00323457
0.00424327
0.00521487
0.00614645
0.00703602
0.0078621
0.00864604
0.00938877
0.0100907
0.0107516
0.0113525
0.0119108
0.0124272
0.0129034
0.0133419
0.0137301
0.0140848
0.0144066
0.0146956
0.0149522
0.0151658
0.0153497
0.0155056
0.0156345
0.015737
0.0158051
0.0158472
0.015864
0.015857
0.0158272
0.0157709
0.0156914
0.0155873
0.0154573
0.0153011
0.0151196
0.0149133
0.0146829
0.0144279
0.0141471
0.0138442
0.0135126
0.0131514
0.0127605
0.0123402
0.0119009
0.0114318
0.0109327
0.0104035
0.00984502
0.00927337
0.00867451
0.00804956
0.00739965
0.00672613
0.00604972
0.00535364
0.0046402
0.00391159
0.00316994
0.00243835
0.00169878
0.000954872
0.000210881
-0.000528845
-0.00124006
-0.00193993
-0.00262548
-0.00329334
-0.00393916
-0.00454069
-0.00510966
-0.00564117
-0.00613127
-0.00657674
-0.00696354
-0.00729693
-0.00757094
-0.00778147
-0.0079252
-0.00799707
-0.00799847
-0.00792826
-0.00778514
-0.00756776
-0.00728198
-0.00692187
-0.00648998
-0.00599034
-0.00542753
-0.00482096
-0.00415862
-0.00344382
-0.00268069
-0.00187489
-0.00105519
-0.000207689
0.000659468
0.00153882
0.00242366
0.00328344
0.0041366
0.00497616
0.00579482
0.00658538
0.00731828
0.00801127
0.00865881
0.00925562
0.00979672
0.0102596
0.0106599
0.0109949
0.0112632
0.0114637
0.0115848
0.0116384
0.0116251
0.0115463
0.011404
0.0111973
0.0109334
0.0106163
0.01025
0.00983941
0.00939235
0.0089115
0.00840251
0.00787099
0.0073225
0.00676938
0.00621001
0.00565024
0.00509578
0.00455195
0.00403157
0.00352964
0.00304981
0.00259544
0.0021696
0.00178229
0.00142726
0.00110597
0.000819176
0.00056702
0.000354269
0.000174103
2.54744e-05
-9.30716e-05
-0.000183425
-0.000245165
-0.000284312
-0.000303609
-0.000305916
-0.000294159
-0.00027037
-0.000238822
-0.000202364
-0.000163695
-0.000125294
-8.9236e-05
-5.76342e-05
-3.20009e-05
-1.34681e-05
-2.75156e-06
-0
-0
-0
-0
-0
-0
-0
-0
-0
-0
-0
-0
-0
-0
0
0
0
0
0
0
0
0
0
0
0
0
0
0
0
0
0
0
0
0
0
0
0
0
0
0
0
0
0
0
0
0
0
0
0
0
0
0
0
0
0
0
0
0
0
0
0
0
0
0
0
0
0
0
0
0
-0
-0
-0
-0
-0
-0
-0
-0
-0
-0
-0
-0
-0
-0
-0
-0
-0
-0
-0
-0
-0
-0
-0
-0
-0
-0
-0
-0
-0
-0
-0
-0
-0
-0
-0
-0
-0
-0
0
0
0
0
0
0
0
0
0
0
0
0
0
0
0
0
0
0
0
0
0
0
0
0
0
0
0
0
0
0
0
0
0
0
0
0
0
0
0
0
0
0
0
0
0
0
0
0
0
0
0
0
0
0
0
0
0
0
0
0
0
0
0
-0
-0
-0
-0
-0
-0
-0
-0
-0
-0
-0
-0
-0
-0
-0
-0
-0
-0
-0
-0
-0
-0
-0
-0
-0
-0
-0
-0
-0
0
0
0
0
0
0
0
0
0
0
0
0
0
0
0
0
0
0
0
0
0
0
0
0
0
0
0
0
0
0
0
0
0
0
0
0
0
0
0
0
0
0
0
0
0
0
0
0
0
0
0
0
0
0
0
0
0
0
0
0
0
0
0
0
0
0
0
0
0
0
0
0
0
0
0
0
0
0
0
0
0
0
0
0
0
0
0
0
0
0
0
0
0
0
0
0
0
0
0
0
0
0
0
0
0
0
0
0
0
0
0
0
0
0
0
0
0
0
0
0
0
0
0
0
0
0
0
0
0
0
0
0
0
0
0
0
0
0
0
0
0
0
0
0
0
0
0
0
0
0
0
0
0
0
0
0
0
0
0
0
0
0
0
0
0
0
0
0
0
0
0
0
-0
-0
-0
-0
-0
-0
-0
-0
0
0
0
0
