0
0
0
0
0
0
0
0
0
0
0
0
0
0
0
0
0
0
0
0
0
0
0
0
0
0
0
0
0
0
0
0
0
0
0
0
0
0
0
0
0
0
0
0
0
0
0
0
0
0
0
0
0
0
0
0
0
0
0
0
0
0
0
0
0
0
0
0
0
0
0
0
0
0
0
0
0
0
0
0
0
0
0
0
0
0
0
0
0
0
0
0
0
0
0
0
0
0
0
0
0
0
0
0
0
0
0
0
0
0
0
0
0
0
0
0
0
0
0
0
0
0
0
0
0
0
0
0
0
0
0
0
0
0
0
0
0
0
0
0
0
0
0
0
0
0
0
0
0
0
0
0
0
0
0
0
0
0
0
0
0
0
0
0
0
0
0
0
0
0
0
0
0
0
0
0
0
0
0
0
0
0
0
0
0
0
0
0
0
0
0
0
0
0
0
0
0
0
0
0
0
4.46663e-05
0.000187997
0.000427
0.000755923
0.00116641
0.00164758
0.00218612
0.00276649
0.0033711
0.00398046
0.00457338
0.00512723
0.00561824
0.00602196
0.00631367
0.00646867
0.00646253
0.00627123
0.00587141
0.00524076
0.00435852
0.003206
0.00176689
2.7489e-05
-0.00202325
-0.00439347
-0.007088
-0.0101079
-0.0134501
-0.0171075
-0.0210691
-0.0253209
-0.029846
-0.0346243
-0.0396322
-0.0448417
-0.0502202
-0.0557304
-0.0613315
-0.0669803
-0.072632
-0.0782409
-0.0837603
-0.0891423
-0.0943373
-0.0992944
-0.103961
-0.108286
-0.112216
-0.115701
-0.118695
-0.121152
-0.123033
-0.124303
-0.124931
-0.124892
-0.124162
-0.122722
-0.120556
-0.117651
-0.114005
-0.109618
-0.104502
-0.0986747
-0.09216
-0.0849846
-0.0771785
-0.0687761
-0.0598179
-0.0503524
-0.0404361
-0.0301321
-0.0195068
-0.00862672
0.002442
0.0136336
0.0248805
0.036112
0.0472536
0.0582299
0.0689664
0.0793924
0.0894414
0.0990507
0.108159
0.116708
0.12464
0.131901
0.138443
0.144226
0.149263
0.153573
0.157137
0.159937
0.161961
0.163198
0.163645
0.163299
0.162165
0.160248
0.157557
0.154107
0.149912
0.144994
0.139374
0.133075
0.12612
0.118537
0.110356
0.101615
0.0923569
0.0826306
0.0724845
0.0619652
0.0511159
0.0399783
0.0285954
0.0170146
0.00528824
-0.00652721
-0.0183747
-0.0301995
-0.0419502
-0.0535785
-0.0650358
-0.0762712
-0.0872308
-0.0978593
-0.108103
-0.117914
-0.12725
-0.136073
-0.144347
-0.152035
-0.1591
-0.165501
-0.171203
-0.176178
-0.180404
-0.183868
-0.18656
-0.188468
-0.189581
-0.189888
-0.189383
-0.188065
-0.185942
-0.18303
-0.179347
-0.174914
-0.169751
-0.163877
-0.157319
-0.150108
-0.142281
-0.133883
-0.12496
-0.115561
-0.105731
-0.0955165
-0.0849663
-0.0741325
-0.0630716
-0.0518437
-0.0405102
-0.029132
-0.0177685
-0.00647744
0.00468466
0.0156615
0.0263965
0.0368331
0.0469153
0.0565892
0.0658036
0.0745111
0.0826676
0.0902322
0.0971666
0.103436
0.109007
0.113853
0.117953
0.121291
0.123857
0.125644
0.126652
0.126881
0.126335
0.125022
0.122955
0.120154
0.116642
0.112447
0.107599
0.102132
0.0960797
0.0894801
0.0823729
0.0748007
0.0668082
0.058442
0.0497507
0.0407844
0.0315951
0.022236
0.012761
0.00322396
-0.00632172
-0.0158231
-0.0252278
-0.0344836
-0.043539
-0.0523436
-0.060849
-0.0690085
-0.0767782
-0.0841162
-0.0909835
-0.0973446
-0.103167
-0.108423
-0.113088
-0.117141
-0.120563
-0.123342
-0.125467
-0.126935
-0.127747
-0.127912
-0.127443
-0.126359
-0.124681
-0.122432
-0.119641
-0.116338
-0.112559
-0.10834
-0.103726
-0.0987612
-0.0934961
-0.0879835
-0.0822784
-0.0764368
-0.0705145
-0.0645663
-0.0586466
-0.0528102
-0.0471127
-0.0416106
-0.0363606
-0.0314183
-0.0268366
-0.0226656
-0.0189519
-0.015738
-0.0130622
-0.0109576
-0.00945168
-0.0085668
-0.0083211
-0.00872999
-0.00980677
-0.0115621
-0.0140024
-0.0171277
-0.0209301
-0.0253942
-0.0304977
-0.0362126
-0.0425066
-0.0493425
-0.0566782
-0.0644664
-0.0726555
-0.0811901
-0.0900119
-0.0990605
-0.108272
-0.11758
-0.126913
-0.136197
-0.145357
-0.154318
-0.163006
-0.171349
-0.179274
-0.18671
-0.193586
-0.199831
-0.205378
-0.21016
-0.214116
-0.217189
-0.219327
-0.220484
-0.220621
-0.219706
-0.217713
-0.214622
-0.210418
-0.20509
-0.198634
-0.191052
-0.182357
-0.172567
-0.161712
-0.149826
-0.136953
-0.123142
-0.108454
-0.0929542
-0.0767143
-0.0598112
-0.0423247
-0.0243378
-0.00593813
0.0127813
0.0317212
0.0507768
0.0698397
0.0888001
0.107548
0.125973
0.143966
0.161419
0.178224
0.194276
0.209472
0.223714
0.236909
0.248963
0.259791
0.26931
0.277444
0.284126
0.289294
0.292898
0.294894
0.295247
0.293932
0.290933
0.286245
0.27987
0.271821
0.262113
0.250774
0.237836
0.223342
0.207347
0.189916
0.171126
0.151064
0.129827
0.10752
0.0842541
0.0601467
0.0353189
0.00989365
-0.0160047
-0.0422498
-0.0687127
-0.0952612
-0.12176
-0.148071
-0.174055
-0.199575
-0.224494
-0.248675
-0.271982
-0.294283
-0.315451
-0.335364
-0.353909
-0.370984
-0.386496
-0.400362
-0.41251
-0.422877
-0.431416
-0.438088
-0.442866
-0.445733
-0.446684
-0.44572
-0.442859
-0.438126
-0.43156
-0.42321
-0.413131
-0.401388
-0.388052
-0.373205
-0.356934
-0.339337
-0.320517
-0.300584
-0.27965
-0.257833
-0.235252
-0.212034
-0.188306
-0.164199
-0.139842
-0.115363
-0.0908891
-0.0665463
-0.0424604
-0.0187556
0.00444754
0.0270345
0.0488972
0.0699344
0.0900499
0.109152
0.127155
0.143979
0.159554
0.173819
0.186721
0.198218
0.208272
0.216856
0.22395
0.229544
0.233636
0.236238
0.237364
0.237037
0.235287
0.23215
0.227673
0.221907
0.214915
0.206763
0.197519
0.187258
0.176058
0.164001
0.151175
0.137672
0.123582
0.108999
0.0940151
0.0787214
0.0632116
0.0475796
0.0319187
0.0163194
0.000867948
-0.0143533
-0.0292654
-0.0437924
-0.0578607
-0.0714008
-0.0843489
-0.0966478
-0.108247
-0.1191
-0.129168
-0.138415
-0.146809
-0.154326
-0.16095
-0.166669
-0.17148
-0.175382
-0.17838
-0.180484
-0.18171
-0.182079
-0.181621
-0.180367
-0.178351
-0.175612
-0.172192
-0.168133
-0.163486
-0.1583
-0.152629
-0.146526
-0.140043
-0.133236
-0.12616
-0.11887
-0.111424
-0.103877
-0.096283
-0.0886942
-0.0811605
-0.0737306
-0.0664514
-0.0593675
-0.05252
-0.0459461
-0.0396797
-0.0337517
-0.0281904
-0.0230214
-0.0182666
-0.0139436
-0.0100655
-0.00664122
-0.00367668
-0.00117502
0.000863409
0.00244171
0.00356691
0.00424994
0.00450487
0.00434812
0.00379801
0.002875
0.00160224
5.80575e-06
-0.00188578
-0.00404256
-0.00643429
-0.00903087
-0.0118021
-0.0147169
-0.0177431
-0.0208476
-0.0239975
-0.0271609
-0.0303072
-0.0334072
-0.0364324
-0.0393549
-0.0421476
-0.0447853
-0.0472448
-0.0495055
-0.0515483
-0.0533559
-0.0549122
-0.0562034
-0.057219
-0.0579515
-0.0583968
-0.0585523
-0.0584169
-0.0579905
-0.0572752
-0.0562757
-0.0550004
-0.0534596
-0.0516652
-0.0496292
-0.0473644
-0.044885
-0.0422083
-0.0393545
-0.0363458
-0.0332048
-0.029953
-0.0266109
-0.0231994
-0.0197408
-0.0162596
-0.0127811
-0.00932985
-0.00592824
-0.00259651
0.000645776
0.00377807
0.00677829
0.0096239
0.012294
0.0147709
0.0170407
0.0190913
0.0209109
0.0224867
0.0238059
0.024857
0.025632
0.0261264
0.0263382
0.0262661
0.0259091
0.0252668
0.0243412
0.0231379
0.0216664
0.0199379
0.0179635
0.0157524
0.0133127
0.0106537
0.00778757
0.00473064
0.00150268
-0.00187518
-0.00538212
-0.00899836
-0.0127047
-0.0164815
-0.0203084
-0.0241645
-0.0280296
-0.0318838
-0.0357077
-0.0394814
-0.0431835
-0.0467921
-0.050286
-0.0536458
-0.056855
-0.0598987
-0.0627626
-0.0654311
-0.0678878
-0.0701162
-0.0721019
-0.0738333
-0.075302
-0.0765014
-0.0774259
-0.0780701
-0.0784296
-0.0785012
-0.0782841
-0.0777792
-0.0769886
-0.0759151
-0.0745628
-0.0729373
-0.071047
-0.0689028
-0.0665178
-0.0639054
-0.0610789
-0.0580513
-0.0548368
-0.051451
-0.0479118
-0.0442388
-0.0404518
-0.0365701
-0.0326125
-0.0285975
-0.024545
-0.0204758
-0.016412
-0.0123745
-0.00838109
-0.00445707
-0.000627712
0.00308255
0.00664989
0.0100513
0.0132653
0.0162724
0.0190551
0.0215981
0.0238875
0.0259115
0.0276601
0.0291266
0.0303072
0.0312013
0.0318107
0.0321378
0.0321877
0.0319677
0.0314873
0.0307584
0.0297956
0.0286155
0.0272368
0.0256794
0.0239646
0.0221144
0.0201515
0.0180984
0.0159776
0.0138114
0.0116219
0.00943107
0.00726051
0.00513124
0.00306296
0.00107359
-0.000820967
-0.00260676
-0.00427157
-0.00580476
-0.00719722
-0.00844146
-0.00953186
-0.0104648
-0.0112388
-0.0118544
-0.0123141
-0.0126223
-0.0127849
-0.0128093
-0.0127038
-0.0124779
-0.0121419
-0.0117069
-0.0111849
-0.0105886
-0.00993084
-0.00922488
-0.00848357
-0.00771947
-0.00694465
-0.00617059
-0.00540816
-0.00466737
-0.00395727
-0.00328593
-0.00266034
-0.00208651
-0.00156931
-0.00111239
-0.000718208
-0.000387991
-0.000121873
8.10662e-05
0.000222721
0.000305933
0.000334444
0.00031288
0.000246562
0.000141344
3.45291e-06
-0.000160642
-0.000344166
-0.000540204
-0.000741782
-0.000942052
-0.00113452
-0.00131504
-0.00148807
-0.00165319
-0.0018092
-0.00195496
-0.00208935
-0.00221139
-0.00232029
-0.00241539
-0.00249616
-0.00256216
-0.00261311
-0.00264883
-0.00266934
-0.00267476
-0.00266547
-0.00264187
-0.00260468
-0.00255563
-0.00249544
-0.00242492
-0.00234488
-0.00225609
-0.00215939
-0.00205536
-0.00194509
-0.00182953
-0.00170966
-0.00158649
-0.00146071
-0.00133347
-0.00120562
-0.00107802
-0.000951572
-0.000826886
-0.000705228
-0.000587381
-0.000473957
-0.000365436
-0.000261894
-0.000164192
-7.28872e-05
1.14736e-05
8.84704e-05
0.000158206
0.000220331
0.000274921
0.00032205
0.000361741
0.000394186
0.000419242
0.00043708
0.000447998
0.00045236
0.0004505
0.000442767
0.000429491
0.000411074
0.000388041
0.000360671
0.000329916
0.000296309
0.000260268
0.000222142
0.000181605
0.000139838
9.74178e-05
5.49476e-05
1.29502e-05
-2.92927e-05
-7.04572e-05
-0.000110393
-0.000148955
-0.00018597
-0.000222682
-0.00025749
-0.000290294
-0.000321066
-0.000349834
-0.000378319
-0.000404976
-0.000429987
-0.000453619
-0.000476216
-0.000499818
-0.000523129
-0.000546482
-0.000570207
-0.000594672
-0.000621719
-0.000650508
-0.000681665
-0.000715857
-0.000753763
-0.00079683
-0.000844905
-0.000898585
-0.000958414
-0.00102488
-0.00109826
-0.00117912
-0.00126787
-0.00136495
-0.00147078
-0.00158434
-0.00170719
-0.00183939
-0.00198094
-0.00213179
-0.00228918
-0.00245577
-0.00263146
-0.00281598
-0.00300898
-0.00320593
-0.00341039
-0.00362183
-0.00383967
-0.00406318
-0.0042863
-0.00451304
-0.00474221
-0.0049726
-0.00520309
-0.00542684
-0.00564829
-0.00586595
-0.00607814
-0.00628303
-0.00647332
-0.00665289
-0.00682021
-0.00697377
-0.00711191
-0.00722842
-0.00732585
-0.00740237
-0.00745627
-0.00748602
-0.00748774
-0.00746238
-0.00740844
-0.00732448
-0.00720918
-0.00706195
-0.00688148
-0.00666712
-0.00641826
-0.00613435
-0.00581896
-0.00546791
-0.00508133
-0.00465972
-0.0042038
-0.00372215
-0.00320798
-0.00266238
-0.00208669
-0.00148259
-0.000863255
-0.000219875
0.000445047
0.00112886
0.00182875
0.00252804
0.00323702
0.00395211
0.00466957
0.00538554
0.00608153
0.00676822
0.0074415
0.00809709
0.00873049
0.00932349
0.00988542
0.010412
0.0108992
0.0113428
0.0117279
0.0120614
0.0123391
0.0125574
0.0127128
0.0127963
0.0128106
0.012753
0.0126209
0.0124124
0.0121268
0.0117619
0.0113169
0.0107911
0.0101844
0.00950558
0.00874663
0.0079088
0.00699393
0.00600433
0.0049589
0.00384431
0.00266386
0.00142142
0.000121392
-0.00120854
-0.00258572
-0.00400448
-0.00545889
-0.00694275
-0.0084226
-0.00991841
-0.0114229
-0.0129285
-0.0144275
-0.0158843
-0.0173191
-0.018724
-0.020091
-0.0214119
-0.0226534
-0.023833
-0.0249435
-0.0259776
-0.0269285
-0.0277701
-0.0285151
-0.029157
-0.0296903
-0.0301096
-0.0304006
-0.030569
-0.0306114
-0.0305248
-0.0303068
-0.0299575
-0.0294743
-0.0288571
-0.0281065
-0.0272237
-0.0262245
-0.0250977
-0.0238465
-0.0224752
-0.0209887
-0.0194175
-0.0177427
-0.0159707
-0.0141088
-0.012165
-0.0101818
-0.00813431
-0.00603196
-0.00388454
-0.00170211
0.000466086
0.00264858
0.0048347
0.0070136
0.00917434
0.0112668
0.0133194
0.0153216
0.0172628
0.0191327
0.0208869
0.0225503
0.0241139
0.0255691
0.0269077
0.0280968
0.0291547
0.0300752
0.0308529
0.031483
0.0319489
0.0322599
0.0324134
0.0324077
0.0322416
0.0319167
0.0314323
0.03079
0.0299924
0.0290428
0.0279613
0.0267368
0.0253752
0.0238828
0.0222669
0.0205631
0.0187515
0.0168407
0.0148401
0.0127596
0.0106467
0.0084751
0.00625574
0.00399959
0.00171782
-0.000537454
-0.00279565
-0.0050454
-0.00727543
-0.00947479
-0.0115933
-0.0136603
-0.0156662
-0.0176013
-0.0194565
-0.0211897
-0.0228269
-0.024361
-0.0257855
-0.0270947
-0.0282592
-0.029298
-0.0302071
-0.030983
-0.0316236
-0.0321154
-0.0324692
-0.0326851
-0.0327635
-0.032706
-0.0325159
-0.0321952
-0.0317479
-0.031178
-0.0304903
-0.0297026
-0.0288076
-0.0278112
-0.0267202
-0.0255417
-0.0243053
-0.0229967
-0.021624
-0.0201952
-0.0187187
-0.0172304
-0.0157112
-0.0141695
-0.0126133
-0.0110506
-0.00951813
-0.0079948
-0.00648827
-0.00500606
-0.00355529
-0.00216923
-0.000827385
0.000464561
0.00170132
0.00287801
0.003969
0.00499172
0.00594298
0.00682015
0.00762107
0.00833007
0.00895969
0.00950901
0.00997768
0.010366
0.0106687
0.0108932
0.0110412
0.0111147
0.0111166
0.0110512
0.0109204
0.0107279
0.0104774
0.0101726
0.00982469
0.0094306
0.00899477
0.00852195
0.00801714
0.00749595
0.00695266
0.00639196
0.00581835
0.00523623
0.00466146
0.00408656
0.00351549
0.00295204
0.00239979
0.00187254
0.00136303
0.000874085
0.000408182
-3.26157e-05
-0.000439057
-0.000817295
-0.00116611
-0.00148443
-0.00177138
-0.00202247
-0.00224148
-0.00242869
-0.00258474
-0.00271053
-0.00280675
-0.00287496
-0.00291656
-0.00293327
-0.00292708
-0.00290259
-0.0028597
-0.00280068
-0.00272781
-0.00264337
-0.0025535
-0.00245691
-0.00235621
-0.00225412
-0.00215337
-0.00206027
-0.00197388
-0.00189671
-0.00183108
-0.00177903
-0.00174415
-0.00172601
-0.00172589
-0.00174503
-0.0017847
-0.0018452
-0.0019285
-0.00203538
-0.00216627
-0.00232131
-0.00249611
-0.00269452
-0.00291595
-0.00315957
-0.00342434
-0.00370164
-0.00399753
-0.00431063
-0.00463945
-0.00498229
-0.00532746
-0.00568237
-0.0060445
-0.00641132
-0.00678042
-0.00713886
-0.00749521
-0.00784725
-0.00819252
-0.00852838
-0.00884208
-0.00914125
-0.00942373
-0.00968753
-0.00993077
-0.0101437
-0.0103321
-0.0104942
-0.0106283
-0.0107332
-0.0108036
-0.0108428
-0.0108498
-0.0108236
-0.0107633
-0.0106688
-0.0105395
-0.0103755
-0.0101774
-0.00994558
-0.00968601
-0.0093934
-0.00906821
-0.00871118
-0.0083234
-0.0079166
-0.0074819
-0.00702089
-0.00653524
-0.00602677
-0.0055117
-0.00497798
-0.00442788
-0.00386366
-0.00328763
-0.00271874
-0.00214302
-0.00156323
-0.000982237
-0.000402832
0.000155311
0.000706884
0.00124955
0.00178084
0.00229806
0.00278275
0.00324794
0.00369133
0.004111
0.00450528
0.00486015
0.00518623
0.00548164
0.00574452
0.0059733
0.00615927
0.00630943
0.00642337
0.00650064
0.00654064
0.00654084
0.0065026
0.00642582
0.00631095
0.00615882
0.00597479
0.00575548
0.00550171
0.00521421
0.0048938
0.00455185
0.00417973
0.00377936
0.00335287
0.00290233
0.00244476
0.00196661
0.00146945
0.000954993
0.000425334
-9.84427e-05
-0.000632172
-0.00117308
-0.00171863
-0.00226663
-0.00279504
-0.00332211
-0.00384571
-0.00436331
-0.00487208
-0.00534969
-0.00581326
-0.00626091
-0.00669114
-0.00710251
-0.00747652
-0.00782803
-0.00815481
-0.00845473
-0.0087261
-0.00895542
-0.00915435
-0.0093223
-0.00945853
-0.00956202
-0.00962524
-0.0096536
-0.00964646
-0.00960356
-0.00952496
-0.00941113
-0.00926194
-0.00907764
-0.00885862
-0.00860555
-0.00832643
-0.00801515
-0.0076727
-0.00730003
-0.00689624
-0.006474
-0.00602235
-0.00554411
-0.00504238
-0.00452041
-0.00399924
-0.00346389
-0.00291731
-0.0023626
-0.00180302
-0.00126219
-0.000723029
-0.000188861
0.000337147
0.000851967
0.00133273
0.00179703
0.00224219
0.00266569
0.00306526
0.00342154
0.00375073
0.00405139
0.00432223
0.00456204
0.00475681
0.00491926
0.00504906
0.00514629
0.00521137
0.00523729
0.00523298
0.00519938
0.0051375
0.00504855
0.00493149
0.00479083
0.00462875
0.00444757
0.0042496
0.00403887
0.0038155
0.00358151
0.00333901
0.00309025
0.00284232
0.00259252
0.0023431
0.00209617
0.00185363
0.00162325
0.0014001
0.00118569
0.000981397
0.000788373
0.000613427
0.000450801
0.000301102
0.000164837
4.23995e-05
-6.12575e-05
-0.000151455
-0.000228377
-0.000292385
-0.000343963
-0.000380517
-0.000406327
-0.000422055
-0.000428466
-0.00042643
-0.000415237
-0.000397921
-0.00037547
-0.000348855
-0.000319027
-0.0002863
-0.000252423
-0.000218278
-0.000184691
-0.00015241
-0.000121975
-9.41316e-05
-6.93561e-05
-4.8038e-05
-3.04728e-05
-1.68555e-05
-7.26777e-06
-1.69101e-06
0
0
0
0
0
0
0
0
0
0
0
0
0
0
0
0
0
0
0
0
0
0
0
0
0
0
0
0
0
0
0
0
0
0
0
0
0
0
0
0
0
0
0
0
0
0
0
0
0
0
0
0
0
0
0
0
0
0
0
0
0
0
0
0
0
0
0
0
0
0
0
0
0
0
0
0
0
0
0
0
0
0
0
0
0
0
0
0
0
0
0
0
0
0
0
0
0
0
0
0
0
0
0
0
0
0
0
0
0
0
0
0
0
0
0
0
0
0
0
0
0
0
0
0
0
0
0
0
0
0
0
0
0
0
0
0
0
0
0
0
0
0
0
0
0
0
0
0
0
0
0
0
0
0
0
0
0
0
0
0
0
0
0
0
0
0
0
0
0
0
0
0
0
0
0
0
0
0
0
0
0
0
0
0
0
0
0
0
0
0
0
0
0
0
0
0
0
0
0
0
0
