0
0
0
0
0
0
0
0
0
0
0
0
0
0
0
0
0
0
0
0
0
0
0
0
0
0
0
0
0
0
0
0
0
0
0
0
0
0
0
0
0
0
0
0
0
0
0
0
0
0
0
0
0
0
0
0
0
0
0
0
0
0
0
0
0
0
0
0
0
0
0
0
0
0
0
0
0
0
0
0
0
0
0
0
0
0
0
0
0
0
0
0
0
0
0
0
0
0
0
0
0
0
0
0
0
0
0
0
0
0
0
0
0
0
0
0
0
0
0
0
0
0
0
0
0
0
0
0
0
0
0
0
0
0
0
0
0
0
0
0
0
0
0
0
0
0
0
0
0
0
0
0
0
0
0
0
0
0
0
0
0
0
0
0
0
0
0
0
0
0
0
0
0
0
0
0
0
0
0
0
0
0
0
0
0
0
0
0
0
0
0
0
0
0
0
0
0
0
0
0
0
0
0
0
0
0
0
0
0
0
0
0
0
0
0
0
0
0
0
0
0
0
0
0
0
0
0
0
0
0
0
0
0
0
0
0
0
0
0
0
0
0
0
0
0
0
0
0
0
0
0
0
0
0
0
0
0
0
0
0
0
0
0
0
0
0
0
0
0
0
0
0
0
0
0
0
0
0
0
0
0
0
0
0
0
0
0
0
0
0
0
0
0
0
0
0
0
0
0
0
0
0
0
0
0
0
0
0
0
0
0
0
0
0
0
0
0
0
0
0
0
0
0
0
0
0
0
0
0
0
0
0
0
0
0
0
0
0
0
0
0
0
0
0
0
0
0
0
0
0
0
0
0
0
0
0
0
0
0
0
0
0
0
0
0
0
0
0
0
0
0
0
0
0
0
0
0
0
0
0
0
0
0
0
-4.47882e-08
-6.00013e-07
-2.3387e-06
-5.9088e-06
-1.19191e-05
-2.09268e-05
-3.3427e-05
-4.98416e-05
-7.05113e-05
-9.56872e-05
-0.000125525
-0.00016008
-0.000199305
-0.000243044
-0.000291041
-0.000342932
-0.000398256
-0.000456455
-0.00051688
-0.0005788
-0.00064141
-0.000703841
-0.000765169
-0.000824427
-0.000880621
-0.000932738
-0.000979766
-0.00102071
-0.00105459
-0.00108049
-0.00109754
-0.00110494
-0.001102
-0.00108808
-0.0010627
-0.00102547
-0.000976156
-0.000914628
-0.000840905
-0.000755142
-0.000657631
-0.000548803
-0.000429225
-0.000299589
-0.000160705
-1.3489e-05
0.000141046
0.00030179
0.000467542
0.000637017
0.000808862
0.000981674
0.00115402
0.00132447
0.00149156
0.00165388
0.00181
0.00195854
0.00209815
0.00222758
0.00234567
0.00245133
0.00254364
0.00262176
0.00268502
0.00273288
0.00276494
0.00278101
0.00278102
0.00276506
0.00273339
0.0026864
0.00262464
0.00254879
0.0024597
0.00235836
0.00224585
0.00212338
0.00199224
0.00185378
0.00170944
0.00156068
0.00140897
0.00125578
0.00110257
0.00095074
0.000801637
0.000656549
0.000516692
0.000383188
0.000257125
0.000139368
3.05185e-05
-6.89011e-05
-0.000158443
-0.000237735
-0.000306489
-0.000364504
-0.000411677
-0.000448
-0.000473564
-0.000488556
-0.000493261
-0.000488073
-0.000473501
-0.000450164
-0.000418793
-0.000380215
-0.000335346
-0.000285176
-0.000230768
-0.000173249
-0.000113803
-5.36532e-05
5.94803e-06
6.37431e-05
0.000118483
0.00016894
0.000213916
0.000252255
0.000282851
0.000304663
0.000316724
0.000318155
0.000308166
0.000286065
0.000251258
0.00020325
0.000141645
6.61546e-05
-2.34067e-05
-0.000127112
-0.000244919
-0.000376665
-0.000522063
-0.000680699
-0.000852031
-0.00103539
-0.00122997
-0.00143485
-0.00164896
-0.00187111
-0.00209999
-0.00233414
-0.002572
-0.00281189
-0.00305201
-0.00329046
-0.00352525
-0.00375432
-0.00397557
-0.00418689
-0.00438615
-0.00457126
-0.00474013
-0.00489074
-0.0050211
-0.0051293
-0.00521356
-0.00527219
-0.00530366
-0.00530659
-0.00527973
-0.00522201
-0.00513251
-0.00501053
-0.00485551
-0.00466711
-0.00444517
-0.00418972
-0.00390099
-0.00357943
-0.00322568
-0.00284064
-0.00242538
-0.00198122
-0.00150963
-0.00101231
-0.000491142
5.17605e-05
0.000614071
0.00119325
0.00178655
0.00239107
0.00300371
0.00362126
0.00424036
0.00485752
0.00546918
0.00607169
0.00666139
0.00723457
0.00778755
0.00831666
0.00881827
0.0092888
0.00972479
0.0101229
0.0104801
0.0107934
0.01106
0.0112776
0.0114437
0.0115565
0.0116143
0.0116155
0.0115591
0.0114443
0.0112707
0.011038
0.0107464
0.0103965
0.00998912
0.00952535
0.00900671
0.008435
0.0078123
0.00714104
0.0064239
0.00566389
0.00486431
0.00402872
0.00316094
0.00226501
0.00134521
0.000405972
-0.000548047
-0.00151205
-0.00248111
-0.00345018
-0.00441411
-0.00536774
-0.00630586
-0.0072233
-0.00811493
-0.00897572
-0.00980075
-0.0105852
-0.0113245
-0.0120143
-0.0126502
-0.0132285
-0.0137456
-0.0141981
-0.0145832
-0.0148984
-0.0151415
-0.0153109
-0.0154051
-0.0154235
-0.0153656
-0.0152315
-0.0150217
-0.0147371
-0.0143792
-0.0139496
-0.0134507
-0.0128852
-0.0122561
-0.011567
-0.0108215
-0.010024
-0.00917872
-0.00829046
-0.00736415
-0.00640498
-0.00541832
-0.00440969
-0.00338471
-0.00234905
-0.00130841
-0.000268487
0.000765022
0.00178648
0.00279035
0.0037712
0.0047238
0.00564311
0.00652435
0.00736297
0.00815472
0.00889563
0.00958203
0.0102106
0.0107785
0.011283
0.0117222
0.0120941
0.0123976
0.0126317
0.012796
0.0128902
0.0129147
0.0128704
0.0127582
0.0125798
0.012337
0.0120321
0.0116676
0.0112466
0.0107722
0.0102481
0.00967793
0.00906584
0.008416
0.0077328
0.0070208
0.00628466
0.00552917
0.00475917
0.00397953
0.0031951
0.0024107
0.0016311
0.000860951
0.000104833
-0.000632829
-0.00134778
-0.00203594
-0.00269347
-0.00331675
-0.00390243
-0.00444744
-0.00494901
-0.00540472
-0.00581245
-0.00617041
-0.00647712
-0.00673143
-0.00693249
-0.00707979
-0.00717319
-0.00721291
-0.00719953
-0.00713396
-0.00701746
-0.00685157
-0.00663813
-0.00637927
-0.00607739
-0.0057351
-0.00535525
-0.00494084
-0.00449506
-0.00402122
-0.0035228
-0.00300343
-0.00246681
-0.00191673
-0.00135702
-0.00079147
-0.000223874
0.000342026
0.000902537
0.00145404
0.00199303
0.00251613
0.00302015
0.00350209
0.00395914
0.00438872
0.00478847
0.00515627
0.00549025
0.00578878
0.00605047
0.00627416
0.00645896
0.00660418
0.00670943
0.00677457
0.00679973
0.0067853
0.00673191
0.00664037
0.00651172
0.00634719
0.00614825
0.00591656
0.00565395
0.00536244
0.00504416
0.00470135
0.00433637
0.00395169
0.00354986
0.00313353
0.00270538
0.00226811
0.00182444
0.00137704
0.000928586
0.0004817
3.8975e-05
-0.000397065
-0.000823977
-0.00123941
-0.00164112
-0.00202695
-0.00239486
-0.00274296
-0.0030695
-0.0033729
-0.00365177
-0.00390487
-0.00413113
-0.00432962
-0.00449958
-0.00464041
-0.00475172
-0.00483331
-0.00488519
-0.00490752
-0.00490062
-0.00486494
-0.00480108
-0.00470978
-0.00459196
-0.00444867
-0.0042811
-0.00409053
-0.00387837
-0.00364609
-0.00339527
-0.00312757
-0.00284471
-0.00254848
-0.00224023
-0.00192141
-0.00159436
-0.00126144
-0.00092503
-0.000587497
-0.000251184
8.16275e-05
0.000408732
0.00072802
0.00103749
0.00133524
0.00161951
0.00188867
0.00214127
0.002376
0.00259179
0.00278772
0.00296307
0.00311729
0.00325002
0.00336103
0.00345033
0.00351805
0.00356453
0.00359026
0.00359589
0.00358217
0.00354999
0.00350034
0.0034343
0.00335305
0.00325787
0.0031501
0.00303111
0.00290232
0.00276512
0.0026209
0.00247104
0.00231691
0.00215984
0.00200115
0.00184212
0.00168393
0.0015277
0.00137443
0.00122505
0.00108041
0.000941271
0.000808287
0.000682023
0.000562939
0.000451385
0.00034762
0.000251818
0.000164075
8.44155e-05
1.27886e-05
-5.09331e-05
-0.00010695
-0.000155525
-0.000196973
-0.00023165
-0.00025994
-0.000282258
-0.000299039
-0.000310738
-0.000317821
-0.000320752
-0.000319991
-0.000315983
-0.000309155
-0.000299921
-0.000288672
-0.000275776
-0.000261571
-0.000246361
-0.000230412
-0.000213956
-0.000197189
-0.000180278
-0.00016336
-0.000146546
-0.00012992
-0.000113541
-9.74423e-05
-8.16412e-05
-6.61402e-05
-5.08401e-05
-3.57444e-05
-2.09648e-05
-6.69146e-06
6.82684e-06
1.93644e-05
3.08254e-05
4.09294e-05
4.95345e-05
5.65298e-05
6.18373e-05
6.54834e-05
6.7379e-05
6.75492e-05
6.60549e-05
6.29904e-05
5.85085e-05
5.27227e-05
4.5802e-05
3.79314e-05
2.93092e-05
2.01442e-05
1.06493e-05
1.03935e-06
-8.47665e-06
-1.77022e-05
-2.64442e-05
-3.45498e-05
-4.18857e-05
-4.83459e-05
-5.38549e-05
-5.82829e-05
-6.16914e-05
-6.41166e-05
-6.56335e-05
-6.63539e-05
-6.62003e-05
-6.55395e-05
-6.45864e-05
-6.35884e-05
-6.28223e-05
-6.21952e-05
-6.23711e-05
-6.36801e-05
-6.64582e-05
-7.10443e-05
-7.72326e-05
-8.58499e-05
-9.72173e-05
-0.000111633
-0.000129363
-0.000150034
-0.000174397
-0.000202601
-0.000234746
-0.00027088
-0.00031048
-0.000353959
-0.000401192
-0.000451994
-0.000506125
-0.000563066
-0.000622677
-0.000684543
-0.000748192
-0.000813097
-0.000878935
-0.000944868
-0.00101027
-0.00107449
-0.00113687
-0.00119755
-0.00125505
-0.00130868
-0.00135782
-0.00140185
-0.00144163
-0.00147525
-0.00150224
-0.00152215
-0.00153463
-0.0015412
-0.00153985
-0.00153045
-0.00151299
-0.0014875
-0.00145609
-0.00141698
-0.00137044
-0.00131684
-0.00125715
-0.00119389
-0.00112577
-0.00105325
-0.000976845
-0.000897092
-0.000815709
-0.000732152
-0.000647042
-0.000561015
-0.000474718
-0.000389086
-0.000304501
-0.00022162
-0.000141091
-6.35419e-05
1.11777e-05
8.17631e-05
0.000147691
0.000208474
0.000263661
0.000314606
0.000359192
0.000397133
0.000428208
0.000452261
0.000471763
0.00048406
0.000489127
0.000486999
0.000477793
0.000464727
0.000445062
0.000419144
0.000387374
0.000350201
0.00031104
0.00026751
0.000220217
0.000169833
0.000117088
6.49771e-05
1.20346e-05
-4.09621e-05
-9.32208e-05
-0.000143932
-0.000191279
-0.000235438
-0.000275603
-0.000310992
-0.000340857
-0.000365148
-0.000382543
-0.000392421
-0.000394211
-0.000387406
-0.000374057
-0.000351327
-0.000318952
-0.000276753
-0.000224645
-0.000166806
-9.9144e-05
-2.18416e-05
6.48191e-05
0.000160457
0.000259193
0.000365887
0.000479904
0.000600515
0.000726898
0.00085226
0.000981518
0.00111363
0.00124747
0.00138184
0.00151009
0.00163633
0.00175926
0.00187753
0.00198979
0.00209073
0.00218294
0.00226508
0.00233585
0.00239397
0.00243669
0.00246441
0.00247607
0.00247068
0.00244732
0.00240664
0.00234647
0.00226623
0.00216548
0.0020439
0.00190599
0.00174697
0.00156694
0.00136611
0.00114492
0.000911566
0.000659158
0.000388569
0.000100821
-0.000202925
-0.000511572
-0.000833479
-0.00116706
-0.00151059
-0.00186221
-0.00220925
-0.00256043
-0.0029137
-0.00326687
-0.00361769
-0.00395365
-0.00428261
-0.00460226
-0.00491029
-0.0052044
-0.00547424
-0.00572569
-0.00595661
-0.00616491
-0.00634856
-0.00650102
-0.00662524
-0.00671962
-0.00678271
-0.00681321
-0.00680968
-0.00677146
-0.0066978
-0.00658817
-0.00644226
-0.00626449
-0.00605042
-0.00580036
-0.00551483
-0.00519456
-0.00484956
-0.004472
-0.00406328
-0.00362502
-0.00315905
-0.0026799
-0.00217718
-0.00165322
-0.0011105
-0.000551643
6.00798e-06
0.000574192
0.00114998
0.00173033
0.00231217
0.00287762
0.00343834
0.00399123
0.0045332
0.00506116
0.00555911
0.00603709
0.00649228
0.00692196
0.00732356
0.00768515
0.00801394
0.00830782
0.00856484
0.00878327
0.00895692
0.00908923
0.00917922
0.00922611
0.00922936
0.00918939
0.00910535
0.00897741
0.008806
0.00859181
0.00834187
0.00805125
0.00772131
0.00735363
0.00695
0.00652303
0.00606427
0.00557607
0.00506092
0.00452148
0.00397421
0.00340826
0.00282657
0.00223222
0.00162831
0.00103301
0.000434439
-0.000164295
-0.000760087
-0.00134984
-0.00191613
-0.00247037
-0.00300969
-0.00353133
-0.00403268
-0.0044993
-0.00494087
-0.00535526
-0.00574046
-0.00609467
-0.00640805
-0.00668739
-0.00693149
-0.00713934
-0.00731016
-0.00743975
-0.00753138
-0.00758493
-0.00760048
-0.00757835
-0.00752011
-0.00742537
-0.00729503
-0.00713014
-0.00693197
-0.00670725
-0.00645227
-0.00616874
-0.00585852
-0.00552359
-0.00517454
-0.00480499
-0.00441717
-0.00401338
-0.00359597
-0.00317768
-0.00275052
-0.00231688
-0.00187916
-0.00143971
-0.0010116
-0.00058633
-0.000166061
0.000247127
0.00065123
0.00103462
0.00140522
0.00176138
0.00210152
0.00242423
0.00272058
0.00299709
0.00325276
0.00348678
0.00369843
0.00388235
0.00404301
0.00418018
0.0042938
0.00438394
0.00444893
0.00449094
0.00451042
0.00450795
0.00448423
0.004441
0.00437825
0.00429699
0.0041983
0.00408334
0.00395642
0.00381567
0.00366236
0.00349783
0.00332343
0.00314507
0.00295963
0.00276852
0.00257311
0.00237477
0.00217984
0.00198459
0.00179024
0.00159798
0.00140892
0.00122879
0.00105381
0.000884845
0.000722676
0.000568016
0.000425327
0.000291326
0.000166458
5.10654e-05
-5.46024e-05
-0.0001478
-0.000231018
-0.000304235
-0.000367509
-0.000420975
-0.000463591
-0.000496925
-0.000521346
-0.000537278
-0.000545187
-0.000545451
-0.000538751
-0.000525684
-0.000506898
-0.000483075
-0.000455564
-0.000424408
-0.000390298
-0.000353925
-0.000315988
-0.000278173
-0.000240158
-0.000202582
-0.000166046
-0.000131113
-9.92131e-05
-6.99229e-05
-4.36931e-05
-2.09342e-05
-2.00316e-06
1.23152e-05
2.22891e-05
2.77524e-05
2.85866e-05
2.4718e-05
1.62224e-05
3.03548e-06
-1.47386e-05
-3.69278e-05
-6.33009e-05
-9.28904e-05
-0.000126032
-0.000162299
-0.000201228
-0.000242311
-0.000283893
-0.00032652
-0.000369618
-0.00041261
-0.00045491
-0.000494719
-0.000532662
-0.000568139
-0.000600567
-0.000629396
-0.000653175
-0.000672437
-0.000686794
-0.000695904
-0.000699474
-0.000696871
-0.00068837
-0.000673913
-0.000653519
-0.00062727
-0.000595593
-0.000558385
-0.000515903
-0.000468474
-0.000416504
-0.000361423
-0.000302747
-0.000241016
-0.000176783
-0.000110617
-4.45522e-05
2.23236e-05
8.93847e-05
0.000155999
0.000221546
0.000283774
0.000343889
0.000401375
0.00045574
0.000506526
0.000551735
0.000592693
0.000629093
0.000660689
0.000687291
0.000707506
0.000722629
0.000732644
0.000737597
0.000737592
0.000731964
0.000721836
0.000707465
0.000689138
0.00066718
0.000641551
0.000613077
0.000582164
0.000549235
0.000514722
0.000478991
0.000442551
0.000405823
0.000369217
0.00033312
0.000298007
0.000264077
0.000231629
0.000200922
0.000172178
0.000145725
0.000121519
9.96594e-05
8.01992e-05
6.31475e-05
4.85641e-05
3.62439e-05
2.60804e-05
1.79329e-05
1.16299e-05
6.99958e-06
3.77141e-06
1.71062e-06
5.68326e-07
8.64093e-08
0
0
0
0
0
0
0
0
0
0
0
0
0
0
0
0
0
0
0
0
0
0
0
0
0
0
0
0
0
0
0
0
0
0
0
0
0
0
0
0
0
0
0
0
0
0
0
0
0
0
0
0
0
0
0
0
0
0
0
0
0
0
0
0
0
0
0
0
0
0
0
0
0
0
0
0
0
0
0
0
0
0
0
0
0
0
0
0
0
0
0
0
0
0
0
0
0
0
0
0
0
0
0
0
0
0
0
0
0
0
0
0
0
0
0
0
0
0
0
0
0
0
0
0
0
0
0
0
0
0
0
0
0
0
0
0
0
0
0
0
0
0
0
0
0
0
0
0
0
0
0
0
0
0
0
0
0
0
0
0
0
0
0
0
0
0
0
0
0
0
0
0
0
0
0
0
0
0
0
0
0
0
0
0
0
0
0
0
0
0
0
0
0
0
0
0
0
0
0
0
0
0
0
0
0
0
0
0
0
0
0
0
0
0
0
0
0
0
0
0
0
0
0
0
0
0
0
0
0
0
0
0
0
0
0
0
0
0
0
0
0
0
0
0
0
0
0
0
0
0
0
0
0
0
0
0
0
0
0
0
0
0
0
0
0
0
0
0
0
0
0
0
0
0
0
0
0
0
0
0
0
0
0
0
0
0
0
0
0
0
0
0
0
0
0
0
0
0
0
0
0
0
0
0
0
0
0
0
0
0
0
0
0
0
0
0
0
0
0
0
0
0
0
0
0
0
0
0
0
0
0
0
0
0
0
0
0
0
0
0
0
0
0
0
0
0
0
0
0
0
0
0
0
0
0
0
0
0
0
0
0
0
0
0
0
0
0
0
0
0
0
0
0
0
0
0
0
0
0
0
0
0
0
0
