0
0
0
0
0
0
0
-0
-0
-0
-0
-0
-0
-0
-0
-0
-0
-0
-0
-0
-0
-0
-0
-0
-0
-0
-0
-0
-0
-0
-0
-0
-0
-0
-0
-0
-0
-0
-0
-0
-0
-0
-0
-0
-0
-0
-0
-0
-0
-0
-0
-0
-0
-0
-0
-0
0
0
0
0
0
0
0
0
0
0
0
0
0
0
0
0
0
0
0
0
0
0
0
0
0
0
0
0
0
0
0
0
0
0
0
0
0
0
0
0
0
0
0
0
0
0
0
0
0
0
0
0
0
-0
-0
-0
-0
-0
-0
-0
-0
-0
-0
-0
-0
-0
-0
-0
-0
-0
-0
-0
-0
-0
-0
-0
-0
-0
-0
-0
-0
-0
-0
-0
-0
-0
-0
-0
-0
-0
-0
-0
-0
-0
-0
-0
-0
-0
-0
-0
-0
-0
-0
-0
-0
-0
-0
-0
-0
-0
-0
0
0
0
0
0
0
0
0
0
0
0
0
0
0
0
0
0
0
0
0
0
0
0
0
0
0
0
0
0
0
0
0
0
0
5.53012e-06
2.26814e-05
5.01453e-05
8.62858e-05
0.000129176
0.000176618
0.000226175
0.000275199
0.000320864
0.000360212
0.00039019
0.000407697
0.000409633
0.000392945
0.00035468
0.000292034
0.000202403
8.3432e-05
-6.69402e-05
-0.000250434
-0.00046839
-0.000721729
-0.00101092
-0.00133596
-0.00169634
-0.00209103
-0.00251847
-0.00297659
-0.00346274
-0.00397381
-0.00450613
-0.00505558
-0.00561756
-0.00618705
-0.00675868
-0.0073267
-0.0078851
-0.00842765
-0.00894795
-0.0094395
-0.0098958
-0.0103104
-0.0106769
-0.0109892
-0.0112415
-0.0114282
-0.0115443
-0.0115853
-0.0115471
-0.0114264
-0.0112205
-0.0109275
-0.0105463
-0.0100763
-0.00951821
-0.00887316
-0.00814332
-0.00733163
-0.00644185
-0.00547856
-0.00444708
-0.00335348
-0.0022045
-0.00100753
0.000229466
0.001498
0.00278914
0.00409357
0.00540169
0.00670369
0.00798962
0.00924954
0.0104736
0.0116519
0.0127753
0.0138344
0.0148208
0.0157262
0.0165434
0.0172654
0.0178864
0.0184012
0.0188056
0.0190962
0.0192709
0.0193282
0.0192679
0.0190906
0.0187981
0.018393
0.0178849
0.0172827
0.0165903
0.0158123
0.0149537
0.0140201
0.0130173
0.0119514
0.0108291
0.0096572
0.00844273
0.00719295
0.00591528
0.00461723
0.00330639
0.00199034
0.000676671
-0.000627112
-0.00191361
-0.00317558
-0.00440597
-0.00559798
-0.0067451
-0.00784115
-0.00888032
-0.00985722
-0.0107669
-0.0116049
-0.0123673
-0.0130506
-0.0136521
-0.0141693
-0.0146006
-0.0149449
-0.0152014
-0.0153701
-0.0154516
-0.0154467
-0.015357
-0.0151845
-0.0149315
-0.0146008
-0.0141958
-0.01372
-0.0131774
-0.0125725
-0.0119097
-0.0111942
-0.010431
-0.00962559
-0.00878352
-0.00791054
-0.00701247
-0.00609518
-0.00516456
-0.00422644
-0.00328659
-0.00235063
-0.00142402
-0.000512038
0.000380302
0.00124823
0.00208727
0.00289324
0.00366229
0.00439091
0.00507593
0.00571453
0.00630427
0.00684309
0.00732928
0.00776155
0.00813896
0.00846097
0.00872743
0.00893856
0.00909493
0.00919749
0.00924751
0.00924658
0.00919658
0.00909968
0.00895826
0.00877495
0.00855255
0.00829403
0.00800249
0.00768115
0.0073333
0.0069623
0.00657153
0.00616441
0.00574431
0.00531458
0.00487852
0.00443931
0.00400004
0.00356366
0.00313294
0.00271047
0.00229864
0.00189961
0.0015153
0.00114737
0.00079725
0.000466077
0.000154744
-0.000136118
-0.000406131
-0.00065516
-0.000883306
-0.0010909
-0.00127847
-0.00144678
-0.00159675
-0.00172952
-0.00184638
-0.00194878
-0.00203831
-0.00211671
-0.00218581
-0.00224754
-0.00230391
-0.00235697
-0.00240878
-0.00246141
-0.00251687
-0.00257714
-0.00264407
-0.00271943
-0.00280481
-0.00290165
-0.00301123
-0.00313458
-0.00327255
-0.00342576
-0.00359458
-0.00377917
-0.00397942
-0.00419497
-0.00442523
-0.00466935
-0.00492624
-0.00519456
-0.00547275
-0.00575899
-0.00605125
-0.00634732
-0.00664476
-0.00694097
-0.00723319
-0.00751854
-0.00779401
-0.00805653
-0.00830295
-0.00853012
-0.00873486
-0.00891405
-0.00906458
-0.00918345
-0.00926776
-0.00931473
-0.00932172
-0.0092863
-0.00920621
-0.00907943
-0.0089042
-0.008679
-0.00840264
-0.00807425
-0.00769329
-0.00725958
-0.00677333
-0.00623514
-0.00564601
-0.00500733
-0.0043209
-0.00358892
-0.00281398
-0.00199903
-0.00114737
-0.000262634
0.000651222
0.00158997
0.00254912
0.00352395
0.00450953
0.00550074
0.00649229
0.00747877
0.00845466
0.00941434
0.0103522
0.0112624
0.0121394
0.0129775
0.0137711
0.0145149
0.0152034
0.0158317
0.0163948
0.0168883
0.0173079
0.0176498
0.0179106
0.0180872
0.0181771
0.0181782
0.0180889
0.0179083
0.0176357
0.0172711
0.016815
0.0162683
0.0156326
0.01491
0.0141027
0.013214
0.0122471
0.011206
0.0100951
0.00891925
0.00768357
0.00639375
0.0050558
0.00367613
0.00226146
0.000818813
-0.000644514
-0.002121
-0.00360294
-0.00508251
-0.00655179
-0.00800283
-0.00942772
-0.0108186
-0.0121679
-0.0134681
-0.0147118
-0.0158923
-0.0170029
-0.0180376
-0.0189904
-0.0198564
-0.0206306
-0.021309
-0.0218879
-0.0223643
-0.0227358
-0.0230007
-0.0231576
-0.0232062
-0.0231464
-0.0229789
-0.0227051
-0.0223269
-0.0218466
-0.0212675
-0.020593
-0.0198273
-0.0189749
-0.018041
-0.017031
-0.0159508
-0.0148065
-0.0136047
-0.0123522
-0.0110559
-0.00972321
-0.00836127
-0.00697757
-0.00557956
-0.00417474
-0.00277054
-0.00137432
6.66153e-06
0.00136533
0.0026948
0.00398842
0.00523981
0.00644289
0.00759195
0.00868162
0.00970693
0.0106634
0.0115468
0.0123537
0.0130808
0.0137255
0.0142857
0.0147597
0.0151465
0.0154454
0.0156564
0.0157799
0.0158167
0.0157682
0.0156364
0.0154234
0.015132
0.0147653
0.0143267
0.0138201
0.0132497
0.0126198
0.0119351
0.0112006
0.0104214
0.00960275
0.00875
0.00786864
0.00696421
0.00604225
0.0051083
0.00416783
0.00322625
0.00228884
0.00136075
0.00044695
-0.000447776
-0.00131888
-0.00216206
-0.00297327
-0.00374876
-0.00448509
-0.00517913
-0.00582809
-0.00642949
-0.00698124
-0.00748158
-0.0079291
-0.00832274
-0.00866182
-0.00894597
-0.00917518
-0.00934976
-0.00947036
-0.0095379
-0.00955361
-0.00951902
-0.00943589
-0.00930623
-0.00913229
-0.00891649
-0.00866149
-0.00837006
-0.00804514
-0.00768979
-0.00730718
-0.00690052
-0.0064731
-0.00602823
-0.00556923
-0.0050994
-0.00462199
-0.0041402
-0.00365716
-0.00317586
-0.00269922
-0.00222998
-0.00177076
-0.001324
-0.000891993
-0.000476826
-8.04139e-05
0.000295524
0.000649462
0.000980068
0.00128621
0.00156695
0.00182153
0.00204941
0.00225021
0.00242375
0.00257001
0.00268917
0.00278155
0.00284764
0.00288807
0.00290365
0.00289527
0.002864
0.00281098
0.00273747
0.00264484
0.00253451
0.00240797
0.00226679
0.00211255
0.00194688
0.00177142
0.0015878
0.00139766
0.00120261
0.00100424
0.000804084
0.000603642
0.000404346
0.000207568
1.46057e-05
-0.000173322
-0.000355077
-0.000529612
-0.000695969
-0.000853283
-0.00100079
-0.00113781
-0.00126378
-0.00137823
-0.00148078
-0.00157115
-0.00164917
-0.00171475
-0.0017679
-0.00180871
-0.00183738
-0.00185417
-0.00185942
-0.00185355
-0.00183705
-0.00181047
-0.00177439
-0.00172947
-0.00167638
-0.00161586
-0.00154863
-0.00147546
-0.00139714
-0.00131443
-0.00122813
-0.00113902
-0.00104788
-0.000955474
-0.000862553
-0.000769855
-0.000678097
-0.000587973
-0.000500147
-0.000415255
-0.000333901
-0.000256648
-0.000184021
-0.000116497
-5.45088e-05
1.56366e-06
5.13933e-05
9.47085e-05
0.000131295
0.000160994
0.000183707
0.000199392
0.000208062
0.000209786
0.000204684
0.000192925
0.000174728
0.000150353
0.000120101
8.43109e-05
4.33528e-05
-2.37236e-06
-5.2439e-05
-0.0001064
-0.000163791
-0.000224134
-0.000286942
-0.000351724
-0.000417984
-0.000485231
-0.000552978
-0.000620745
-0.000688062
-0.000754473
-0.000819534
-0.000882819
-0.000943915
-0.00100243
-0.00105799
-0.00111023
-0.00115883
-0.00120346
-0.00124385
-0.00127971
-0.00131082
-0.00133697
-0.00135796
-0.00137367
-0.00138397
-0.00138878
-0.00138806
-0.0013818
-0.00137002
-0.00135279
-0.00133018
-0.00130231
-0.00126933
-0.00123139
-0.00118867
-0.00114137
-0.00108969
-0.00103385
-0.000974086
-0.00091062
-0.000843694
-0.000773554
-0.000700455
-0.000624655
-0.000546424
-0.000466038
-0.000383786
-0.000299961
-0.00021487
-0.000128827
-4.2153e-05
4.48247e-05
0.000131775
0.000218363
0.000304256
0.000389122
0.000472635
0.000554473
0.000634323
0.000711878
0.000786843
0.000858931
0.000927865
0.000993379
0.00105522
0.00111313
0.00116687
0.00121623
0.00126099
0.00130093
0.00133586
0.00136561
0.00139001
0.00140891
0.00142217
0.00142968
0.00143134
0.00142707
0.00141683
0.00140056
0.00137826
0.00134993
0.00131561
0.00127534
0.00122921
0.0011773
0.00111974
0.00105667
0.000988255
0.000914693
0.000836192
0.000752987
0.000665288
0.000573131
0.000476936
0.000377213
0.000274505
0.000169383
6.24416e-05
-4.57028e-05
-0.000154418
-0.000263061
-0.000370978
-0.000477516
-0.000582024
-0.000683858
-0.000782389
-0.00087701
-0.000967136
-0.00105264
-0.00113725
-0.0012226
-0.00130944
-0.00139844
-0.00149014
-0.00158498
-0.00168324
-0.00178507
-0.00189044
-0.00199914
-0.00211079
-0.00222484
-0.00234052
-0.0024569
-0.00257285
-0.00268708
-0.00279811
-0.00290431
-0.00300392
-0.00309502
-0.00317563
-0.00324363
-0.00329688
-0.00333316
-0.00335028
-0.00334602
-0.00331824
-0.00326483
-0.00318382
-0.00307332
-0.00293164
-0.00275723
-0.00254877
-0.00230516
-0.00202557
-0.00170941
-0.00135643
-0.000966651
-0.000540432
-7.84665e-05
0.000418217
0.000948229
0.00150987
0.00210109
0.00271951
0.00336243
0.00402681
0.00470939
0.00540664
0.00611474
0.00682969
0.00754724
0.00826306
0.00897266
0.00967146
0.0103548
0.0110179
0.0116561
0.0122649
0.0128397
0.013376
0.0138695
0.0143162
0.0147124
0.0150543
0.0153389
0.015563
0.0157243
0.0158205
0.0158499
0.0158109
0.0157027
0.0155245
0.015275
0.0149545
0.014564
0.0141046
0.0135781
0.0129866
0.0123328
0.0116195
0.0108502
0.0100287
0.009159
0.00824566
0.00729343
0.00630744
0.0052929
0.00425527
0.00320041
0.00213475
0.00106249
-1.27448e-05
-0.00108724
-0.00215733
-0.00321943
-0.00426984
-0.00530529
-0.00632243
-0.00731798
-0.00828875
-0.00923143
-0.0101432
-0.0110211
-0.0118624
-0.0126642
-0.0134237
-0.0141387
-0.0148067
-0.0154254
-0.0159929
-0.0165071
-0.0169663
-0.0173692
-0.0177143
-0.0180007
-0.0182272
-0.0183934
-0.0184988
-0.018543
-0.0185262
-0.0184483
-0.0183098
-0.0181111
-0.0178531
-0.0175365
-0.0171627
-0.0167326
-0.0162478
-0.0157097
-0.0151201
-0.0144813
-0.013795
-0.0130633
-0.0122886
-0.0114734
-0.010621
-0.00973356
-0.00881386
-0.00786495
-0.00688994
-0.00589314
-0.00487676
-0.00384415
-0.00279872
-0.00174395
-0.000684684
0.000376974
0.00143755
0.0024936
0.00354169
0.00457694
0.00559752
0.00660017
0.00758165
0.0085388
0.00946711
0.0103649
0.0112292
0.0120571
0.0128457
0.0135913
0.014292
0.0149454
0.0155487
0.0160998
0.0165961
0.0170357
0.0174167
0.0177373
0.0179959
0.0181923
0.0183243
0.0183908
0.0183911
0.0183247
0.0181939
0.0179959
0.0177309
0.0173991
0.017001
0.0165417
0.0160178
0.0154304
0.0147811
0.0140713
0.0133089
0.0124902
0.0116176
0.0106939
0.00972198
0.00871192
0.00766035
0.00657101
0.00544788
0.00429515
0.00312438
0.00193308
0.000726073
-0.000491615
-0.00171479
-0.00293188
-0.00414364
-0.00534448
-0.0065287
-0.00769052
-0.00882009
-0.00991557
-0.0109711
-0.0119808
-0.012939
-0.0138395
-0.0146772
-0.0154465
-0.0161423
-0.0167595
-0.0172977
-0.0177478
-0.0181055
-0.0183669
-0.0185282
-0.0185965
-0.0185587
-0.0184123
-0.0181555
-0.0177868
-0.0173213
-0.0167427
-0.0160513
-0.0152479
-0.0143343
-0.0133332
-0.0122268
-0.0110187
-0.00971292
-0.00831447
-0.00685259
-0.00530976
-0.00369277
-0.0020091
-0.000266817
0.00150168
0.00331099
0.00515144
0.00701287
0.00888467
0.0107358
0.0125749
0.0143906
0.0161711
0.0179042
0.0195658
0.021156
0.0226629
0.0240748
0.0253799
0.0265662
0.0276236
0.0285416
0.0293102
0.0299202
0.0303763
0.030657
0.0307552
0.0306646
0.0303797
0.0299256
0.0292695
0.0284092
0.0273435
0.0260726
0.0246422
0.0230106
0.0211815
0.0191604
0.0169537
0.0146253
0.0121286
0.00947386
0.00667299
0.00373901
0.000747897
-0.00234685
-0.00552894
-0.00878106
-0.0120849
-0.0153616
-0.0186512
-0.0219334
-0.0251873
-0.0283913
-0.031475
-0.0344654
-0.0373406
-0.0400787
-0.0426579
-0.045028
-0.0471971
-0.049145
-0.0508522
-0.0523001
-0.0534697
-0.0543463
-0.0549151
-0.0551624
-0.0550765
-0.0546779
-0.0539276
-0.0528191
-0.051348
-0.0495118
-0.0473739
-0.0448726
-0.0420119
-0.0387983
-0.0352403
-0.0314411
-0.0273215
-0.0228967
-0.0181842
-0.0132038
-0.00808965
-0.00275295
0.00278089
0.00848456
0.014329
0.0201638
0.0260772
0.0320365
0.0380078
0.0439565
0.0497352
0.0554204
0.0609767
0.0663685
0.0715601
0.0764283
0.0810273
0.0853241
0.0892865
0.0928837
0.0960359
0.0987663
0.101049
0.102862
0.104183
0.104991
0.105273
0.105016
0.10421
0.102847
0.100974
0.0985392
0.095545
0.0919969
0.0879036
0.0833783
0.078335
0.072792
0.0667707
0.0602958
0.0535363
0.0463805
0.0388608
0.0310122
0.0228723
0.0146474
0.00621172
-0.00239227
-0.0111204
-0.0199272
-0.0285945
-0.0372477
-0.0458401
-0.0543244
-0.0626537
-0.0706264
-0.078352
-0.0857864
-0.0928861
-0.0996093
-0.105798
-0.111533
-0.116777
-0.121499
-0.125668
-0.129191
-0.13211
-0.134402
-0.136051
-0.137041
-0.137362
-0.137006
-0.135973
-0.134262
-0.131878
-0.128891
-0.125251
-0.120973
-0.116078
-0.110589
-0.104648
-0.0981679
-0.0911804
-0.0837206
-0.0758265
-0.0676981
-0.0592176
-0.0504291
-0.0413781
-0.0321119
-0.0228601
-0.0134898
-0.00405004
0.00540998
0.014841
0.0240143
0.0330622
0.0419381
0.0505968
0.0589943
0.0669319
0.0745264
0.0817404
0.0885389
0.0948893
0.100647
0.105901
0.110628
0.114806
0.11842
0.121395
0.123781
0.125572
0.126764
0.127358
0.127354
0.126762
0.12559
0.123851
0.121562
0.118794
0.115515
0.111748
0.107519
0.102857
0.0978894
0.0925506
0.0868737
0.0808933
0.0746456
0.068295
0.0617514
0.0550522
0.0482355
0.0413392
0.0345392
0.0277336
0.0209582
0.0142475
0.0076354
0.00128552
-0.00490336
-0.0109026
-0.0166854
-0.0222266
-0.0273935
-0.0322749
-0.036852
-0.0411082
-0.0450291
-0.0485254
-0.0516644
-0.0544388
-0.0568434
-0.0588755
-0.0604949
-0.0617434
-0.0626252
-0.0631469
-0.0633169
-0.0631422
-0.0626387
-0.0618205
-0.060703
-0.0593031
-0.0576654
-0.0557823
-0.0536732
-0.0513586
-0.0488592
-0.0462437
-0.0434856
-0.0406059
-0.0376256
-0.0345656
-0.0315046
-0.0284043
-0.0252837
-0.0221615
-0.0190556
-0.016042
-0.0130773
-0.0101762
-0.00735204
-0.00461722
-0.00203535
0.000436673
0.00279067
0.00501982
0.00711865
0.00904126
0.0108267
0.0124734
0.0139814
0.0153515
0.0165559
0.0176279
0.0185718
0.0193929
0.0200972
0.0206714
0.0211435
0.0215217
0.0218146
0.0220314
0.0221667
0.0222444
0.0222741
0.0222648
0.0222256
0.0221518
0.0220648
0.0219724
0.0218814
0.0217985
0.0217141
0.0216485
0.0216061
0.0215903
0.0216042
0.0216314
0.0216916
0.0217854
0.0219125
0.0220719
0.0222416
0.022439
0.0226609
0.0229029
0.0231601
0.0234087
0.0236607
0.0239091
0.0241469
0.0243661
0.0245482
0.0246957
0.0248004
0.024854
0.0248483
0.0247782
0.0246333
0.0244061
0.0240899
0.0236782
0.0231866
0.0225884
0.0218793
0.0210554
0.0201139
0.0190951
0.0179554
0.0166946
0.0153136
0.0138142
0.0122613
0.0105967
0.00882516
0.00695254
0.00498572
0.00300933
0.000955065
-0.00116771
-0.00334878
-0.00557709
-0.00775813
-0.00996258
-0.0121777
-0.0143902
-0.0165863
-0.0186743
-0.0207174
-0.022701
-0.0246106
-0.0264313
-0.028089
-0.0296291
-0.031038
-0.0323024
-0.0334097
-0.0343171
-0.0350447
-0.0355826
-0.0359218
-0.0360548
-0.0359814
-0.0356901
-0.0351768
-0.0344391
-0.0334755
-0.0323329
-0.0309658
-0.0293768
-0.02757
-0.0255509
-0.0234107
-0.021073
-0.0185471
-0.0158438
-0.0129752
-0.0100688
-0.00702486
-0.00385894
-0.000587638
0.00277141
0.00606987
0.00941889
0.0127992
0.0161909
0.0195739
0.0227989
0.0259751
0.0290828
0.0321023
0.0350145
0.0376904
0.0402226
0.0425939
0.044788
0.0467897
0.0485094
0.0500093
0.0512774
0.0523034
0.0530633
0.0535035
0.0536454
0.0534854
0.0530223
0.0522579
0.0512221
0.0498957
0.0482882
0.0464113
0.0442791
0.0419831
0.039465
0.0367444
0.0338427
0.0307827
0.027701
0.0245069
0.0212255
0.0178824
0.0145032
0.0112452
0.007998
0.00478563
0.00163158
-0.00144162
-0.00428207
-0.00700552
-0.0095941
-0.0120315
-0.0143032
-0.0162848
-0.0180824
-0.0196876
-0.0210939
-0.0222967
-0.023213
-0.0239271
-0.0244407
-0.0247573
-0.0248818
-0.024776
-0.0244964
-0.0240529
-0.0234568
-0.0227203
-0.0218446
-0.020857
-0.0197724
-0.0186061
-0.0173736
-0.0161024
-0.0147948
-0.013466
-0.0121305
-0.0108024
-0.00952032
-0.00826836
-0.00705785
-0.00589904
-0.00480102
-0.00380007
-0.00287056
-0.00201784
-0.001246
-0.000557859
2.11069e-05
0.000518486
0.000935006
0.00127248
0.00153376
0.00170675
0.00181539
0.00186488
0.00186107
0.0018103
0.00171139
0.0015817
0.00142821
0.00125796
0.0010779
0.000892271
0.000711308
0.000540895
0.000386437
0.000252784
0.000143908
6.3873e-05
1.53031e-05
0
0
0
0
0
0
0
0
0
0
0
0
0
0
0
0
0
0
0
0
0
0
0
0
0
0
0
0
0
0
-0
-0
-0
-0
-0
-0
-0
-0
-0
-0
-0
-0
-0
-0
-0
-0
-0
-0
-0
-0
-0
-0
-0
-0
-0
-0
-0
-0
-0
-0
-0
-0
-0
-0
-0
-0
-0
-0
-0
-0
-0
-0
-0
-0
-0
-0
-0
-0
-0
-0
-0
-0
0
0
0
0
0
0
0
0
0
0
0
0
0
0
0
0
0
0
0
0
0
0
0
0
0
0
0
0
0
0
0
0
0
0
0
0
0
0
0
0
0
0
0
0
0
0
0
0
0
0
0
0
0
0
0
0
0
0
0
0
0
0
0
0
0
-0
-0
-0
-0
-0
-0
-0
-0
-0
-0
-0
-0
-0
-0
-0
-0
-0
-0
-0
-0
-0
-0
-0
-0
-0
-0
-0
-0
-0
-0
-0
-0
-0
-0
-0
-0
-0
-0
-0
-0
-0
-0
-0
-0
-0
-0
-0
-0
-0
-0
-0
-0
-0
-0
