-1.11748e-05
-2.71023e-05
-5.38696e-05
-9.44455e-05
-0.000151852
-0.000229141
-0.000329364
-0.000455542
-0.00061063
-0.000797487
-0.00101886
-0.00127734
-0.00157536
-0.00191514
-0.00229868
-0.00272773
-0.00320375
-0.00372792
-0.00430104
-0.00492353
-0.00559533
-0.00631597
-0.00708454
-0.00789978
-0.00876006
-0.00966331
-0.0106069
-0.0115876
-0.0126014
-0.0136439
-0.0147102
-0.0157948
-0.016892
-0.0179958
-0.0190995
-0.0201962
-0.0212786
-0.0223391
-0.0233701
-0.0243634
-0.0253103
-0.0262016
-0.0270273
-0.0277776
-0.0284426
-0.0290133
-0.0294808
-0.0298368
-0.030073
-0.0301812
-0.0301535
-0.0299829
-0.0296632
-0.0291893
-0.0285567
-0.027761
-0.0267987
-0.0256666
-0.0243629
-0.0228874
-0.0212414
-0.0194275
-0.0174491
-0.0153107
-0.0130172
-0.0105749
-0.00799132
-0.00527544
-0.00243732
0.000511937
0.00356028
0.00669454
0.00990023
0.0131615
0.0164614
0.0197821
0.0231055
0.0264128
0.029685
0.032902
0.0360435
0.0390888
0.0420178
0.0448113
0.0474508
0.0499183
0.0521961
0.0542662
0.0561262
0.0577807
0.0592172
0.0604245
0.0613923
0.062111
0.0625716
0.0627655
0.0626852
0.062324
0.0616765
0.0607385
0.0595065
0.0579781
0.0561521
0.0540294
0.0516126
0.0489066
0.0459176
0.042653
0.0391206
0.0353293
0.0312887
0.02701
0.0225059
0.0177901
0.0128772
0.00778211
0.00252062
-0.00289062
-0.00843355
-0.0140886
-0.019835
-0.0256513
-0.0315155
-0.0374059
-0.0433003
-0.0491764
-0.0550115
-0.0607829
-0.066468
-0.0720446
-0.0774908
-0.0827853
-0.0879062
-0.0928322
-0.0975418
-0.102014
-0.106229
-0.110167
-0.11381
-0.11714
-0.12014
-0.122791
-0.12508
-0.12699
-0.128509
-0.129626
-0.130329
-0.130611
-0.130465
-0.129886
-0.12887
-0.127416
-0.125522
-0.12319
-0.120422
-0.117223
-0.113597
-0.109554
-0.105104
-0.100257
-0.0950265
-0.089428
-0.083477
-0.077191
-0.070589
-0.0636911
-0.0565193
-0.0490971
-0.0414495
-0.0336032
-0.0255863
-0.0174283
-0.00915911
-0.000809344
0.00758988
0.0160069
0.0244093
0.0327639
0.0410374
0.0491964
0.0572078
0.0650398
0.0726611
0.0800416
0.0871518
0.093963
0.100448
0.106579
0.112331
0.117679
0.1226
0.12707
0.131069
0.134576
0.137574
0.140048
0.141983
0.143368
0.144191
0.144445
0.144124
0.143223
0.141741
0.139681
0.137046
0.133842
0.130079
0.125767
0.120922
0.11556
0.109701
0.103367
0.0965817
0.0893703
0.0817595
0.0737779
0.0654563
0.0568273
0.047925
0.0387848
0.0294428
0.0199354
0.0102994
0.00057196
-0.00920931
-0.0190061
-0.0287794
-0.0384898
-0.0480975
-0.0575629
-0.0668467
-0.0759105
-0.0847167
-0.0932289
-0.101411
-0.109229
-0.116648
-0.123636
-0.130162
-0.136195
-0.14171
-0.146679
-0.151081
-0.154894
-0.158102
-0.160688
-0.162641
-0.16395
-0.164608
-0.164611
-0.163956
-0.162645
-0.160683
-0.158076
-0.154835
-0.150975
-0.146512
-0.141463
-0.135849
-0.129694
-0.123022
-0.115861
-0.108241
-0.100193
-0.0917518
-0.0829521
-0.0738311
-0.0644267
-0.0547783
-0.0449257
-0.0349094
-0.0247702
-0.0145492
-0.00428766
0.00597265
0.01619
0.0263227
0.0363295
0.0461699
0.055804
0.0651929
0.0742991
0.0830859
0.0915186
0.0995639
0.10719
0.114368
0.12107
0.127269
0.132942
0.138067
0.142626
0.146602
0.149981
0.152752
0.154906
0.156435
0.157338
0.157612
0.157261
0.156288
0.154702
0.152511
0.149727
0.146367
0.142448
0.137991
0.133019
0.127558
0.121633
0.115273
0.108506
0.101363
0.0938773
0.0860834
0.0780177
0.069718
0.0612229
0.0525715
0.0438034
0.0349582
0.0260758
0.0171958
0.00835753
-0.000400397
-0.00903997
-0.017524
-0.0258161
-0.0338809
-0.0416841
-0.0491927
-0.0563751
-0.0632012
-0.0696426
-0.0756726
-0.0812664
-0.0864011
-0.0910564
-0.0952141
-0.0988586
-0.101977
-0.104557
-0.106592
-0.108075
-0.109003
-0.109376
-0.109196
-0.108467
-0.107198
-0.105398
-0.103081
-0.100262
-0.096958
-0.0931885
-0.0889751
-0.0843406
-0.0793098
-0.0739088
-0.0681655
-0.0621094
-0.0557715
-0.0491846
-0.0423825
-0.0354004
-0.0282738
-0.0210391
-0.0137326
-0.00639115
0.00094861
0.0082502
0.0154777
0.0225963
0.0295726
0.0363746
0.0429725
0.0493382
0.0554452
0.0612685
0.0667849
0.0719725
0.0768116
0.0812842
0.0853746
0.0890693
0.0923569
0.0952285
0.0976769
0.0996972
0.101286
0.102444
0.10317
0.103469
0.103346
0.102809
0.101868
0.100534
0.0988217
0.0967452
0.0943214
0.0915685
0.0885058
0.0851538
0.0815338
0.0776682
0.0735802
0.0692942
0.0648351
0.0602284
0.0555
0.0506757
0.0457811
0.0408416
0.0358821
0.0309275
0.0260023
0.0211306
0.0163357
0.0116401
0.00706511
0.00263102
-0.00164305
-0.00573908
-0.00964025
-0.013331
-0.0167973
-0.0200262
-0.0230064
-0.0257277
-0.0281812
-0.0303595
-0.0322568
-0.0338689
-0.0351935
-0.0362297
-0.036978
-0.0374404
-0.0376198
-0.0375209
-0.0371493
-0.0365124
-0.0356184
-0.0344767
-0.0330976
-0.0314925
-0.0296733
-0.0276531
-0.0254461
-0.0230668
-0.0205304
-0.0178522
-0.0150478
-0.0121331
-0.00912408
-0.00603733
-0.00288948
0.000302794
0.00352304
0.00675512
0.00998328
0.0131921
0.0163664
0.0194914
0.0225531
0.0255378
0.0284328
0.0312259
0.0339058
0.0364619
0.0388841
0.0411635
0.0432921
0.0452628
0.0470697
0.0487079
0.0501732
0.0514625
0.0525737
0.0535053
0.054257
0.0548294
0.055224
0.055443
0.0554897
0.0553682
0.0550832
0.0546401
0.0540446
0.053303
0.0524223
0.0514098
0.0502741
0.0490241
0.0476692
0.0462193
0.0446843
0.043074
0.0413987
0.0396688
0.037895
0.036088
0.0342587
0.0324176
0.030575
0.0287407
0.0269242
0.0251346
0.0233806
0.0216708
0.0200133
0.0184158
0.016886
0.0154308
0.0140567
0.0127695
0.0115741
0.010475
0.00947605
0.00858091
0.00779279
0.00711431
0.00654731
0.00609272
0.00575067
0.00552072
0.00540211
0.00539378
0.00549424
0.00570137
0.00601225
0.00642319
0.00692999
0.00752818
0.00821316
0.00898014
0.0098239
0.0107387
0.0117183
0.0127562
0.013846
0.0149814
0.0161563
0.0173638
0.0185968
0.0198476
0.0211082
0.0223709
0.0236289
0.0248759
0.0261056
0.027312
0.0284882
0.0296274
0.0307229
0.0317686
0.0327593
0.0336905
0.0345581
0.0353583
0.0360872
0.0367412
0.0373171
0.0378123
0.0382245
0.0385521
0.0387936
0.0389482
0.0390154
0.0389957
0.0388899
0.0386996
0.038426
0.038071
0.0376362
0.037124
0.0365375
0.0358805
0.0351575
0.0343731
0.0335316
0.0326375
0.0316954
0.0307102
0.0296875
0.028633
0.0275525
0.0264517
0.0253359
0.0242107
0.0230816
0.0219547
0.0208357
0.0197306
0.0186447
0.017583
0.0165502
0.0155512
0.014591
0.0136747
0.0128071
0.0119927
0.011235
0.0105373
0.00990238
0.00933278
0.00883105
0.00839945
0.00803987
0.00775378
0.00754225
0.00740606
0.00734576
0.00736162
0.00745353
0.00762092
0.0078627
0.00817739
0.00856322
0.00901824
0.00954033
0.0101271
0.010776
0.0114839
0.0122477
0.0130638
0.0139285
0.0148378
0.0157876
0.0167736
0.0177914
0.0188366
0.0199045
0.0209905
0.0220896
0.0231969
0.024307
0.0254149
0.0265158
0.0276051
0.0286784
0.0297315
0.0307597
0.0317584
0.0327227
0.0336465
0.0345098
0.0353032
0.0360217
0.0366608
0.0372166
0.0376857
0.0380652
0.0383527
0.038546
0.0386434
0.0386439
0.0385468
0.0383526
0.0380626
0.0376789
0.0372043
0.0366419
0.0359951
0.0352674
0.0344631
0.0335871
0.032645
0.0316424
0.0305854
0.0294802
0.0283327
0.0271494
0.0259366
0.0247012
0.0234499
0.0221894
0.0209261
0.0196664
0.0184166
0.0171831
0.015972
0.0147889
0.0136388
0.0125258
0.0114538
0.010426
0.00944583
0.00851613
0.00763943
0.00681751
0.00605135
0.00534123
0.00468699
0.00408817
0.00354413
0.00305388
0.00261596
0.00222841
0.00188876
0.00159429
0.00134211
0.00112923
0.000952559
0.000808828
0.000694578
0.000606263
0.000540386
0.000493613
0.000462812
0.000445011
0.000437342
0.00043703
0.000441447
0.000448204
0.000455237
0.000460825
0.000463563
0.000462321
0.000456222
0.000444649
0.000427285
0.000404131
0.000375498
0.000341975
0.000304382
0.000263745
0.000221271
0.000178338
0.000136465
9.72819e-05
6.24849e-05
3.37969e-05
1.29372e-05
1.59401e-06
0
0
0
0
0
0
0
0
0
0
0
0
0
0
0
0
0
0
0
0
0
0
0
0
0
0
0
0
0
0
0
0
0
0
0
0
0
0
0
0
0
0
0
0
0
0
0
0
0
0
0
0
0
0
0
0
0
0
0
0
0
0
0
0
0
0
0
0
0
0
0
0
0
0
0
0
0
0
0
0
0
0
0
0
0
0
0
0
0
0
0
0
0
0
0
0
0
0
0
0
0
0
0
0
0
0
0
0
0
0
0
0
0
0
0
0
0
0
0
0
0
0
0
0
0
0
0
0
0
0
0
0
0
0
0
0
0
0
0
0
0
0
0
0
0
0
0
0
0
0
0
0
0
0
0
0
0
0
0
0
0
0
0
0
0
0
0
0
0
0
0
0
0
0
0
0
0
0
0
0
0
0
0
0
0
0
0
0
0
0
0
0
0
0
0
0
0
0
0
0
0
0
0
0
0
0
0
0
0
0
0
0
0
0
0
0
0
0
0
0
0
0
0
0
0
0
0
0
0
0
0
0
0
0
0
0
0
0
0
0
0
0
0
0
0
0
0
0
0
0
0
0
0
0
0
0
0
0
0
0
0
0
0
0
0
0
0
0
0
0
0
0
0
0
0
0
0
0
0
0
0
0
0
0
0
0
0
0
0
0
0
0
0
0
0
0
0
0
0
0
0
0
0
0
0
0
0
0
0
0
0
0
0
0
0
0
0
0
0
0
0
0
0
0
0
0
0
0
0
0
0
0
0
1.91616e-05
0.000161742
0.000440642
0.000852056
0.00139173
0.00205502
0.002837
0.0037325
0.00473625
0.00584289
0.00704715
0.00834386
0.00972811
0.0111954
0.0127415
0.014363
0.0160566
0.0178196
0.0196494
0.0215439
0.0235017
0.0255218
0.0276045
0.0297506
0.0319612
0.0342376
0.036581
0.0389926
0.041474
0.0440276
0.0466563
0.0493637
0.052153
0.0550268
0.0579872
0.061036
0.0641751
0.0674063
0.0707314
0.0741518
0.0776687
0.0812822
0.0849926
0.0887988
0.0926992
0.0966898
0.100765
0.104917
0.109138
0.113423
0.117766
0.122165
0.126617
0.131117
0.13566
0.140233
0.144824
0.149422
0.154016
0.158598
0.163161
0.167697
0.172196
0.176648
0.181041
0.185362
0.189598
0.193737
0.197764
0.20167
0.205443
0.209072
0.212549
0.215867
0.219018
0.221994
0.224786
0.227387
0.22979
0.231989
0.23398
0.23576
0.237327
0.238676
0.239803
0.240705
0.241378
0.241822
0.242037
0.242024
0.241818
0.241532
0.241183
0.240773
0.240302
0.239776
0.2392
0.23858
0.237926
0.23724
0.236535
0.235816
0.235084
0.234339
0.233573
0.232795
0.232009
0.231218
0.230426
0.229627
0.228835
0.228053
0.227286
0.226536
0.225796
0.225072
0.22436
0.223657
0.22296
0.222261
0.221571
0.220893
0.220224
0.219558
0.218885
0.218204
0.217516
0.216824
0.216134
0.215449
0.214765
0.214072
0.213361
0.212624
0.211868
0.211085
0.210281
0.209457
0.20861
0.207752
0.206856
0.20592
0.204939
0.203913
0.202868
0.201774
0.200624
0.199415
0.198145
0.196854
0.19551
0.194115
0.192673
0.191182
0.189685
0.188142
0.186558
0.184942
0.183299
0.181677
0.180034
0.178372
0.176696
0.175017
0.173384
0.171778
0.170214
0.168704
0.167255
0.165894
0.16461
0.163417
0.162328
0.161361
0.160526
0.159842
0.159322
0.158977
0.158818
0.158817
0.159016
0.159419
0.160029
0.160849
0.161817
0.16301
0.164438
0.166105
0.168009
0.170042
0.172297
0.174763
0.177429
0.180286
0.183195
0.186276
0.189518
0.192904
0.196415
0.199886
0.203435
0.207036
0.210662
0.214286
0.217743
0.221142
0.224452
0.22764
0.23067
0.233396
0.235886
0.238104
0.240015
0.241586
0.242728
0.24346
0.243746
0.243551
0.24284
0.241606
0.239802
0.237405
0.234394
0.23075
0.22657
0.221728
0.216215
0.21003
0.203177
0.195869
0.187903
0.179285
0.170026
0.160141
0.149947
0.139175
0.127859
0.116036
0.103748
0.0913962
0.078677
0.0656478
0.0523715
0.0389148
0.0257221
0.0124859
-0.000722782
-0.0138288
-0.0267522
-0.0390637
-0.0510234
-0.0625468
-0.0735513
-0.083957
-0.093429
-0.102149
-0.110042
-0.117033
-0.123047
-0.127898
-0.131636
-0.1342
-0.135532
-0.135582
-0.134371
-0.131793
-0.127813
-0.122404
-0.115549
-0.107509
-0.0980116
-0.0870653
-0.0746895
-0.0609118
-0.0462415
-0.0302462
-0.0129757
0.005511
0.0251449
0.0452083
0.0662567
0.0881988
0.110937
0.134365
0.157628
0.181342
0.205376
0.229594
0.25386
0.277288
0.300503
0.323375
0.345768
0.367534
0.387856
0.407237
0.425524
0.442578
0.458267
0.472005
0.484147
0.494579
0.503186
0.509852
0.514284
0.516577
0.516652
0.514446
0.509907
0.503144
0.493975
0.482379
0.468349
0.451894
0.433542
0.412822
0.389778
0.364471
0.336975
0.308214
0.277459
0.244829
0.210453
0.174469
0.138104
0.100431
0.0616129
0.0218261
-0.0187422
-0.0586908
-0.0990237
-0.139536
-0.180019
-0.22026
-0.258865
-0.296805
-0.333869
-0.369847
-0.40453
-0.43671
-0.467193
-0.495788
-0.522314
-0.5466
-0.567804
-0.586461
-0.602434
-0.615599
-0.625842
-0.632817
-0.636689
-0.637393
-0.634883
-0.629127
-0.620365
-0.608351
-0.593109
-0.574679
-0.55312
-0.52925
-0.502414
-0.472715
-0.440268
-0.405206
-0.368848
-0.330186
-0.289401
-0.246686
-0.202248
-0.157771
-0.112008
-0.0651901
-0.0175592
0.0306353
0.0775415
0.124508
0.171287
0.21763
0.263287
0.306476
0.348486
0.389081
0.428031
0.465121
0.498871
0.530364
0.559416
0.58585
0.609491
0.629332
0.646078
0.659608
0.669822
0.676639
0.679694
0.679247
0.675274
0.667767
0.656739
0.642509
0.624829
0.603756
0.579361
0.551733
0.521848
0.48896
0.453212
0.414761
0.373776
0.331791
0.287639
0.241521
0.193646
0.144237
0.0952017
0.0450898
-0.00586852
-0.0574412
-0.109392
-0.159672
-0.209849
-0.259677
-0.308911
-0.357304
-0.402896
-0.447185
-0.489955
-0.531
-0.570123
-0.605704
-0.639008
-0.669876
-0.698159
-0.723716
-0.745443
-0.764197
-0.779878
-0.792401
-0.801701
-0.807331
-0.809655
-0.808655
-0.804327
-0.796685
-0.785984
-0.772051
-0.754954
-0.734774
-0.711608
-0.68638
-0.658386
-0.627754
-0.594626
-0.559156
-0.522823
-0.484483
-0.444312
-0.402494
-0.359219
-0.316341
-0.272407
-0.227625
-0.182204
-0.136357
-0.0920962
-0.0478296
-0.00376481
0.0398901
0.0829297
0.123415
0.162899
0.201203
0.238153
0.273578
0.305826
0.336227
0.364635
0.390918
0.414961
0.435597
0.453806
0.469512
0.48265
0.493161
0.500464
0.505064
0.506949
0.506117
0.502583
0.496412
0.487604
0.476211
0.462298
0.445939
0.427811
0.407413
0.384847
0.360228
0.333682
0.306417
0.277509
0.247108
0.215363
0.182423
0.149844
0.116363
0.0821318
0.0473079
0.0120543
-0.0218822
-0.0559283
-0.0899332
-0.123751
-0.15724
-0.188683
-0.21953
-0.249655
-0.278936
-0.307253
-0.333088
-0.357742
-0.381117
-0.40312
-0.423665
-0.44159
-0.457918
-0.472594
-0.485567
-0.496787
-0.505543
-0.51247
-0.517546
-0.520759
-0.522112
-0.521417
-0.518894
-0.514569
-0.508478
-0.500663
-0.491443
-0.48061
-0.468229
-0.454369
-0.439099
-0.42317
-0.405975
-0.387589
-0.368097
-0.347589
-0.327155
-0.305893
-0.283892
-0.261243
-0.238034
-0.215541
-0.192663
-0.169486
-0.146098
-0.122593
-0.1003
-0.0780741
-0.0560083
-0.0341953
-0.012725
0.00716528
0.0265574
0.0453842
0.0635789
0.0810725
0.0968401
0.111771
0.125807
0.138899
0.151007
0.161433
0.170827
0.179172
0.186446
0.192628
0.19736
0.200967
0.203441
0.204786
0.205011
0.204131
0.202171
0.199158
0.195121
0.190093
0.184402
0.17778
0.170256
0.161867
0.152652
0.143194
0.133009
0.122148
0.110667
0.0986176
0.0867351
0.0743836
0.0616118
0.0484733
0.0350261
0.0220632
0.00889896
-0.00442057
-0.0178495
-0.0313402
-0.0441448
-0.0569144
-0.0696018
-0.0821595
-0.0945426
-0.106124
-0.117457
-0.128508
-0.139239
-0.14961
-0.159152
-0.168246
-0.176856
-0.184949
-0.192502
-0.199255
-0.205439
-0.211047
-0.216077
-0.220528
-0.224331
-0.227542
-0.230152
-0.232153
-0.233546
-0.234412
-0.234685
-0.23438
-0.233521
-0.232135
-0.23042
-0.228226
-0.225578
-0.222506
-0.219049
-0.215454
-0.211544
-0.207275
-0.202626
-0.197639
-0.192545
-0.187196
-0.181635
-0.17591
-0.170071
-0.164287
-0.158457
-0.152603
-0.146747
-0.140918
-0.135195
-0.129551
-0.124009
-0.118588
-0.113307
-0.108154
-0.103158
-0.0983221
-0.0936466
-0.0891312
-0.0847069
-0.0804412
-0.0763308
-0.0723704
-0.068553
-0.0647946
-0.0611683
-0.057667
-0.0542827
-0.0510083
-0.0477904
-0.0446871
-0.0417039
-0.0388419
-0.0360967
-0.0334576
-0.0309238
-0.0284909
-0.026154
-0.0239088
-0.0218041
-0.0197924
-0.017879
-0.0160658
-0.0143515
-0.0128255
-0.0113911
-0.0100484
-0.00879425
-0.00762199
-0.00663483
-0.00570878
-0.00484268
-0.00403661
-0.00329153
-0.00271417
-0.00218944
-0.0017181
-0.00129847
-0.000927201
-0.000682555
-0.000468275
-0.00028287
-0.000125109
6.45071e-06
6.26488e-05
0.000106156
0.000138642
0.000161329
0.000175113
0.000157414
0.000138924
0.0001206
0.000103121
8.68481e-05
6.5688e-05
4.83185e-05
3.43809e-05
2.33676e-05
1.48391e-05
8.48417e-06
4.21458e-06
1.69362e-06
4.4678e-07
