0
0
0
0
0
0
0
0
0
0
0
0
0
0
0
0
0
0
0
0
0
0
0
0
0
0
0
0
0
0
0
0
0
0
0
0
0
0
0
0
0
0
0
0
0
0
0
0
0
0
0
0
0
0
0
0
0
0
0
0
0
0
0
0
0
0
0
0
0
0
0
0
0
0
0
0
0
0
0
0
0
0
0
0
0
0
0
0
0
0
0
0
0
0
0
0
0
0
0
0
0
0
0
0
0
0
0
0
0
0
0
0
0
0
0
0
0
0
0
0
0
0
0
0
0
0
0
0
0
0
0
0
0
0
0
0
0
0
0
0
0
0
0
0
0
0
0
0
0
0
0
0
0
0
0
0
0
0
0
0
0
0
0
0
0
0
0
0
0
0
0
0
0
0
0
0
0
0
0
0
0
0
0
0
0
0
0
0
0
0
0
0
0
0
0
0
0
0
0
0
0
-7.97104e-06
-3.47246e-05
-8.17307e-05
-0.000150164
-0.000240926
-0.000354636
-0.000491626
-0.000651927
-0.00083525
-0.00104098
-0.00126819
-0.0015156
-0.00178164
-0.0020644
-0.00236166
-0.00267087
-0.00298917
-0.00331336
-0.00363993
-0.00396505
-0.00428455
-0.00459399
-0.00488878
-0.00516422
-0.00541562
-0.0056383
-0.0058275
-0.00597836
-0.00608583
-0.00614475
-0.00614997
-0.00609651
-0.00597968
-0.00579517
-0.00553906
-0.00520786
-0.00479851
-0.00430848
-0.00373579
-0.00307903
-0.00233736
-0.00151052
-0.000598876
0.000396477
0.00147366
0.00263003
0.00386233
0.00516679
0.00653922
0.00797491
0.00946842
0.0110134
0.0126025
0.0142275
0.0158798
0.0175505
0.0192305
0.0209105
0.0225811
0.0242323
0.0258538
0.0274352
0.0289661
0.0304361
0.0318349
0.0331523
0.0343787
0.0355052
0.036524
0.0374281
0.038211
0.0388665
0.039388
0.0397693
0.0400048
0.0400902
0.0400231
0.0398028
0.0394294
0.038904
0.0382277
0.0374025
0.0364316
0.03532
0.0340742
0.032702
0.0312115
0.0296114
0.0279101
0.0261167
0.0242489
0.0223215
0.0203417
0.0183166
0.0162534
0.0141593
0.0120416
0.00990836
0.00776755
0.00562693
0.00349351
0.00137351
-0.000727276
-0.00280291
-0.00484692
-0.00685238
-0.00881238
-0.0107207
-0.012572
-0.0143619
-0.0160861
-0.0177402
-0.0193194
-0.0208188
-0.0222342
-0.0235628
-0.0248029
-0.0259544
-0.0270174
-0.0279916
-0.0288766
-0.0296714
-0.0303753
-0.0309879
-0.0315095
-0.0319413
-0.0322846
-0.0325409
-0.0327119
-0.0327991
-0.0328041
-0.032729
-0.0325766
-0.0323506
-0.0320553
-0.0316954
-0.0312755
-0.0307991
-0.0302693
-0.0296881
-0.0290571
-0.0283782
-0.0276534
-0.0268851
-0.0260752
-0.0252251
-0.0243352
-0.0234056
-0.0224359
-0.0214263
-0.0203772
-0.0192896
-0.0181642
-0.0170015
-0.0158013
-0.014563
-0.0132857
-0.0119682
-0.0106094
-0.00920844
-0.00776399
-0.00627482
-0.00473962
-0.0031571
-0.0015261
0.000154444
0.00188546
0.00366775
0.00550198
0.00738852
0.0093274
0.0113182
0.01336
0.0154512
0.0175897
0.0197725
0.0219963
0.024257
0.0265502
0.0288709
0.0312138
0.0335729
0.0359415
0.038312
0.0406767
0.0430273
0.0453553
0.0476521
0.0499089
0.0521162
0.0542638
0.056341
0.0583365
0.0602386
0.0620354
0.0637151
0.0652654
0.0666741
0.067929
0.0690182
0.0699302
0.0706539
0.0711789
0.0714949
0.0715921
0.0714614
0.0710946
0.0704849
0.0696268
0.068516
0.0671495
0.0655252
0.0636421
0.0615005
0.0591021
0.0564501
0.053549
0.0504043
0.0470226
0.0434116
0.0395803
0.0355396
0.0313018
0.0268803
0.02229
0.0175462
0.0126654
0.00766502
0.00256421
-0.00261646
-0.00785508
-0.0131289
-0.0184146
-0.0236888
-0.0289277
-0.0341069
-0.0392014
-0.0441856
-0.0490336
-0.0537199
-0.0582194
-0.0625079
-0.0665615
-0.0703569
-0.0738715
-0.0770836
-0.0799728
-0.0825203
-0.0847093
-0.0865248
-0.0879536
-0.0889846
-0.0896082
-0.089817
-0.0896058
-0.0889713
-0.0879127
-0.086431
-0.0845297
-0.0822142
-0.0794925
-0.0763751
-0.0728745
-0.0690056
-0.0647849
-0.0602306
-0.0553623
-0.050201
-0.0447693
-0.0390908
-0.0331908
-0.0270958
-0.0208334
-0.0144323
-0.00792203
-0.00133274
0.0053052
0.0119614
0.0186056
0.0252079
0.0317388
0.0381693
0.0444708
0.0506153
0.0565753
0.0623243
0.0678364
0.073087
0.0780525
0.0827107
0.0870411
0.091025
0.0946455
0.0978878
0.100739
0.103188
0.105225
0.106845
0.108041
0.108811
0.109154
0.109072
0.108569
0.107648
0.106317
0.104584
0.10246
0.0999577
0.0970906
0.0938752
0.0903289
0.0864702
0.0823189
0.077896
0.0732237
0.0683257
0.0632271
0.0579534
0.052531
0.0469864
0.0413462
0.0356369
0.0298854
0.0241185
0.0183629
0.0126452
0.00699113
0.00142598
-0.00402585
-0.00934068
-0.0144956
-0.0194685
-0.0242386
-0.028786
-0.0330925
-0.0371409
-0.0409155
-0.0444018
-0.0475868
-0.0504587
-0.0530077
-0.0552256
-0.057106
-0.0586444
-0.0598376
-0.0606843
-0.0611848
-0.0613413
-0.0611579
-0.0606404
-0.0597961
-0.0586339
-0.0571639
-0.0553973
-0.0533469
-0.0510265
-0.0484513
-0.0456374
-0.0426019
-0.0393625
-0.0359377
-0.0323468
-0.0286097
-0.0247475
-0.0207815
-0.0167332
-0.0126241
-0.00847534
-0.00430745
-0.000140653
0.00400521
0.00811063
0.0121565
0.0161245
0.0199968
0.023757
0.0273893
0.0308791
0.0342131
0.0373786
0.0403641
0.0431591
0.0457541
0.0481406
0.050311
0.052259
0.0539788
0.0554663
0.0567183
0.0577331
0.0585103
0.0590509
0.0593568
0.0594309
0.0592771
0.0589002
0.0583061
0.0575015
0.0564942
0.0552931
0.0539076
0.0523477
0.0506241
0.0487481
0.0467313
0.044586
0.0423249
0.0399606
0.0375059
0.0349739
0.0323777
0.0297305
0.0270459
0.0243375
0.0216187
0.0189025
0.0162015
0.0135282
0.0108947
0.00831288
0.00579419
0.00334956
0.000989128
-0.00127784
-0.00344285
-0.00549802
-0.00743596
-0.00924983
-0.0109335
-0.0124817
-0.01389
-0.015155
-0.0162737
-0.0172438
-0.0180635
-0.0187315
-0.0192476
-0.0196123
-0.0198271
-0.0198945
-0.0198173
-0.0195991
-0.0192442
-0.0187573
-0.0181443
-0.0174113
-0.0165648
-0.0156114
-0.0145579
-0.0134112
-0.0121786
-0.0108683
-0.00948865
-0.00804871
-0.00655747
-0.00502384
-0.00345654
-0.00186422
-0.000255547
0.00136088
0.00297661
0.00458353
0.0061739
0.00774028
0.00927534
0.0107717
0.0122222
0.0136196
0.0149576
0.0162305
0.0174331
0.018561
0.0196099
0.0205754
0.0214539
0.022242
0.0229372
0.0235379
0.0240429
0.0244517
0.0247638
0.0249791
0.0250974
0.0251193
0.0250458
0.0248786
0.02462
0.0242726
0.0238395
0.0233241
0.0227305
0.0220629
0.0213259
0.0205242
0.0196623
0.0187451
0.0177776
0.0167651
0.0157133
0.0146279
0.0135149
0.0123798
0.0112285
0.0100668
0.00890068
0.0077363
0.00657987
0.00543733
0.00431426
0.00321583
0.00214695
0.00111244
0.000117018
-0.000834724
-0.0017385
-0.00259043
-0.00338698
-0.00412486
-0.00480082
-0.00541163
-0.00595423
-0.00642603
-0.00682507
-0.00715015
-0.00740056
-0.00757592
-0.00767586
-0.00770011
-0.00764856
-0.00752156
-0.00732004
-0.0070455
-0.00669988
-0.00628535
-0.00580424
-0.00525913
-0.00465294
-0.00398898
-0.00327085
-0.00250227
-0.00168697
-0.000828622
6.89637e-05
0.00100164
0.00196479
0.00295337
0.0039621
0.00498574
0.00601923
0.00705758
0.00809574
0.00912837
0.0101498
0.0111543
0.0121361
0.0130899
0.0140109
0.0148944
0.0157363
0.0165323
0.017278
0.0179694
0.0186026
0.019174
0.0196807
0.0201199
0.0204893
0.0207869
0.0210111
0.0211604
0.0212339
0.0212309
0.0211509
0.0209939
0.0207604
0.0204512
0.0200679
0.0196122
0.0190862
0.0184922
0.0178326
0.0171105
0.0163291
0.0154922
0.0146039
0.0136683
0.0126896
0.0116723
0.0106207
0.00953986
0.00843495
0.00731137
0.00617452
0.00502962
0.00388179
0.00273614
0.001598
0.000472925
-0.00063341
-0.00171548
-0.0027681
-0.00378648
-0.0047661
-0.00570252
-0.0065913
-0.00742806
-0.00820869
-0.00892949
-0.00958724
-0.0101791
-0.0107023
-0.0111544
-0.0115329
-0.0118359
-0.012062
-0.0122105
-0.012281
-0.0122733
-0.0121872
-0.0120227
-0.0117801
-0.0114604
-0.0110654
-0.0105976
-0.0100597
-0.00945435
-0.00878403
-0.00805134
-0.00725926
-0.00641141
-0.00551204
-0.00456585
-0.00357768
-0.00255239
-0.00149483
-0.000410032
0.000696693
0.00181972
0.0029533
0.00409173
0.00522949
0.00636117
0.00748136
0.00858446
0.00966472
0.0107156
0.011726
0.0126881
0.0135955
0.0144421
0.0152222
0.0159303
0.0165616
0.0171117
0.0175771
0.0179553
0.0182441
0.0184424
0.0185495
0.0185652
0.0184904
0.0183264
0.01807
0.0176781
0.0171449
0.0164782
0.0156877
0.0147854
0.0137851
0.0127027
0.0115556
0.0103624
0.00914261
0.00791647
0.0067047
0.00552833
0.00440845
0.00336598
0.00242136
0.00159427
0.00090333
0.000365854
-2.40382e-06
-0.000187429
-0.000177139
3.8422e-05
0.000466878
0.00111333
0.00198021
0.00306722
0.00437135
0.00588682
0.00760508
0.00951471
0.0116014
0.0138479
0.0162348
0.01874
0.02134
0.0240093
0.026721
0.0294462
0.0321547
0.0348155
0.037397
0.0398686
0.0422002
0.0443627
0.0463275
0.0480668
0.0495539
0.0507635
0.0516734
0.0522641
0.0525195
0.052427
0.0519767
0.0511618
0.0499787
0.0484267
0.0465086
0.0442307
0.0416024
0.0386371
0.0353521
0.0317689
0.0279128
0.0238122
0.0194971
0.0149986
0.0103484
0.00557948
0.000726769
-0.00417242
-0.00907868
-0.0139531
-0.0187588
-0.0234607
-0.0280251
-0.0324193
-0.0366125
-0.0405744
-0.044276
-0.0476906
-0.0507936
-0.0535645
-0.0559848
-0.058039
-0.0597145
-0.0610021
-0.0618968
-0.0623976
-0.0625114
-0.0622714
-0.061688
-0.0607679
-0.0595192
-0.0579526
-0.0560807
-0.0539195
-0.0514851
-0.0487954
-0.045869
-0.0427247
-0.0393836
-0.0358645
-0.0321878
-0.0283747
-0.0244469
-0.0204294
-0.0163434
-0.0122137
-0.00806488
-0.00392119
0.000191467
0.0042553
0.00825037
0.012157
0.0159549
0.0196197
0.0231346
0.0264804
0.0296396
0.0325971
0.0353358
0.0378481
0.0401237
0.0421531
0.0439281
0.0454386
0.0466834
0.0476598
0.0483665
0.048804
0.048972
0.0488765
0.0485228
0.0479182
0.0470714
0.0459927
0.0446936
0.0431864
0.0414841
0.0396003
0.037553
0.0353546
0.0330225
0.0305752
0.0280322
0.02542
0.0227502
0.0200407
0.0173089
0.0145727
0.0118629
0.00918976
0.00657564
0.00404242
0.00160992
-0.000690054
-0.00285823
-0.00488207
-0.00674954
-0.00844867
-0.00995045
-0.011262
-0.0123748
-0.0132823
-0.0139788
-0.0144414
-0.0146833
-0.0147001
-0.0144883
-0.0140461
-0.0133575
-0.0124389
-0.0112922
-0.0099203
-0.00832747
-0.00651033
-0.0044882
-0.00227224
0.000125679
0.00269402
0.00542308
0.00830114
0.0113169
0.0144579
0.0177098
0.0210472
0.0244657
0.0279506
0.0314866
0.0350581
0.0386236
0.0421901
0.0457404
0.0492585
0.0527296
0.0561007
0.0593949
0.0625957
0.0656848
0.0686442
0.0714069
0.074009
0.0764386
0.0786839
0.0807329
0.0825151
0.0840752
0.0854017
0.086485
0.0873177
0.0878357
0.0880916
0.0880797
0.0877947
0.0872321
0.0863395
0.085165
0.0837078
0.0819663
0.0799383
0.0775906
0.0749538
0.0720301
0.0688242
0.0653418
0.0615846
0.0575608
0.0532735
0.0487265
0.0439249
0.0389078
0.0336551
0.0281787
0.0224908
0.0166031
0.010596
0.00441368
-0.00192923
-0.00841626
-0.0150292
-0.0216446
-0.0283461
-0.0351123
-0.04192
-0.0487452
-0.0554311
-0.062085
-0.0686832
-0.0752017
-0.0816155
-0.0877518
-0.0937272
-0.0995102
-0.105068
-0.110369
-0.11524
-0.119793
-0.124
-0.127832
-0.13126
-0.134137
-0.136552
-0.138477
-0.139887
-0.140757
-0.140994
-0.140645
-0.139691
-0.138112
-0.135894
-0.133018
-0.129479
-0.12527
-0.120383
-0.114815
-0.108635
-0.101777
-0.0942486
-0.0860609
-0.0772293
-0.0679193
-0.0580044
-0.0475093
-0.0364631
-0.0248995
-0.0130712
-0.000804944
0.0118549
0.0248608
0.0381624
0.0514447
0.0649119
0.0785038
0.0921568
0.105805
0.119104
0.132262
0.14521
0.157877
0.170191
0.18182
0.19295
0.203506
0.213419
0.222618
0.230841
0.238222
0.2447
0.250218
0.254723
0.25806
0.260285
0.261358
0.261241
0.259904
0.257339
0.253515
0.248421
0.242054
0.234415
0.225654
0.215644
0.204409
0.191979
0.178395
0.163964
0.148479
0.131997
0.114584
0.0963075
0.0776001
0.0581891
0.0381633
0.0176173
-0.00334886
-0.0242256
-0.0453127
-0.0665015
-0.0876801
-0.108735
-0.129145
-0.1492
-0.168785
-0.187783
-0.206081
-0.223219
-0.239435
-0.254625
-0.268689
-0.28153
-0.292824
-0.302721
-0.31114
-0.318012
-0.323271
-0.326784
-0.328585
-0.328639
-0.326918
-0.323402
-0.318172
-0.311138
-0.302312
-0.291717
-0.279389
-0.265637
-0.250253
-0.2333
-0.214851
-0.194989
-0.174212
-0.152216
-0.129114
-0.105026
-0.080079
-0.0549049
-0.0291424
-0.00293235
0.0235801
0.0502467
0.0763923
0.102392
0.128094
0.15335
0.178011
0.201452
0.224011
0.245551
0.265942
0.285056
0.302412
0.31826
0.332491
0.34501
0.355727
0.364379
0.371087
0.375799
0.378473
0.379079
0.377618
0.374061
0.368413
0.360689
0.350918
0.339372
0.325871
0.31048
0.293271
0.274329
0.254165
0.232464
0.209335
0.184902
0.159295
0.133206
0.106224
0.0784999
0.0501846
0.0214346
-0.00697703
-0.0355039
-0.0639841
-0.0922543
-0.120151
-0.146922
-0.173
-0.198233
-0.222473
-0.245574
-0.266914
-0.28685
-0.305262
-0.322037
-0.337069
-0.349946
-0.360894
-0.369838
-0.376713
-0.381471
-0.383973
-0.384296
-0.382427
-0.378364
-0.372114
-0.36383
-0.353409
-0.340894
-0.326343
-0.309824
-0.291768
-0.271916
-0.250369
-0.227235
-0.202632
-0.177207
-0.15057
-0.12286
-0.0942179
-0.0647913
-0.035353
-0.00543401
0.0248102
0.0552218
0.0856418
0.115268
0.144589
0.173453
0.201712
0.229218
0.255246
0.280246
0.304093
0.326667
0.347855
0.367099
0.384759
0.400754
0.415007
0.427453
0.437762
0.446166
0.452634
0.457145
0.459689
0.460198
0.458754
0.45538
0.450108
0.44298
0.434186
0.423647
0.411429
0.39761
0.382274
0.365831
0.34806
0.329063
0.308947
0.287822
0.266254
0.243905
0.220889
0.197324
0.173326
0.149539
0.125553
0.101479
0.0774305
0.0535152
0.0303765
0.00757439
-0.0147965
-0.0366456
-0.0578857
-0.0779424
-0.0972309
-0.115681
-0.133227
-0.149813
-0.164989
-0.179108
-0.192131
-0.204026
-0.214764
-0.224052
-0.232149
-0.239044
-0.244734
-0.249218
-0.252371
-0.254337
-0.255135
-0.254791
-0.253334
-0.250804
-0.247234
-0.242665
-0.237137
-0.230693
-0.223504
-0.215495
-0.206718
-0.197226
-0.187076
-0.176539
-0.165454
-0.153873
-0.141851
-0.129439
-0.116971
-0.104214
-0.0912201
-0.0780362
-0.0647098
-0.0515993
-0.0384349
-0.025258
-0.0121082
0.000976203
0.0136396
0.0261659
0.0385222
0.0506781
0.0626057
0.0739775
0.0850727
0.0958699
0.106349
0.11649
0.126006
0.135152
0.143915
0.152287
0.160259
0.167602
0.174535
0.181053
0.187151
0.192823
0.197892
0.202528
0.206729
0.210496
0.213832
0.216624
0.218989
0.220927
0.222436
0.223513
0.224103
0.224263
0.224001
0.223326
0.222246
0.220773
0.218906
0.216647
0.214001
0.210974
0.207643
0.203956
0.199925
0.19556
0.190866
0.185969
0.180746
0.175202
0.169349
0.163203
0.156961
0.150462
0.143723
0.136755
0.129571
0.122406
0.115055
0.107541
0.0998881
0.092121
0.0845127
0.0768291
0.0690851
0.0612961
0.05348
0.0459223
0.0383864
0.0309018
0.0234983
0.016204
0.00929613
0.0025423
-0.00403892
-0.0104286
-0.016606
-0.0223275
-0.0277894
-0.0329684
-0.0378435
-0.0423972
-0.0464491
-0.0501539
-0.0535006
-0.0564773
-0.0590549
-0.0611026
-0.0627026
-0.0638445
-0.0645217
-0.0647311
-0.0644572
-0.063719
-0.0625236
-0.0608822
-0.0588098
-0.056388
-0.0535715
-0.0503802
-0.0468353
-0.0429597
-0.0389093
-0.0345814
-0.0300101
-0.0252327
-0.020288
-0.015388
-0.0103923
-0.00533746
-0.000260204
0.00480287
0.00962683
0.0143737
0.0190128
0.023516
0.0278575
0.0318344
0.0356094
0.0391592
0.0424615
0.0454963
0.0481001
0.0504166
0.0524384
0.0541607
0.0555804
0.056591
0.057304
0.0577221
0.0578509
0.0576993
0.0572184
0.0564872
0.0555208
0.0543355
0.0529482
0.0513541
0.049597
0.0476967
0.0456734
0.0435475
0.0413424
0.0390745
0.0367633
0.0344278
0.0320859
0.0297712
0.0274819
0.0252335
0.023041
0.020918
0.0188954
0.0169627
0.0151286
0.0134001
0.0117819
0.0102912
0.00891274
0.00764744
0.0064951
0.00545454
0.00453113
0.00371173
0.0029923
0.00236796
0.00183314
0.00138435
0.00101134
0.000707767
0.000467269
0.000283595
0.000150946
6.2913e-05
1.42204e-05
0
0
0
0
0
0
0
0
0
0
0
0
0
0
0
0
0
0
0
0
0
0
0
0
0
0
0
0
0
0
0
0
0
0
0
0
0
0
0
0
0
0
0
0
0
0
0
0
0
0
0
0
0
0
0
0
0
0
0
0
0
0
0
0
0
0
0
0
0
0
0
0
0
0
0
0
0
0
0
0
0
0
0
0
0
0
0
0
0
0
0
0
0
0
0
0
0
0
0
0
0
0
0
0
0
0
0
0
0
0
0
0
0
0
0
0
0
0
0
0
0
0
0
0
0
0
0
0
0
0
0
0
0
0
0
0
0
0
0
0
0
0
0
0
0
0
0
0
0
0
0
0
0
0
0
0
0
0
0
0
0
0
0
0
0
0
0
0
0
0
0
0
0
0
0
0
0
0
0
0
0
0
0
0
0
0
0
0
0
0
0
0
0
0
0
0
0
0
0
0
0
