0
0
0
0
0
0
0
0
0
0
0
0
0
0
0
0
0
0
0
0
0
0
0
0
0
0
0
0
0
0
-0
-0
-0
-0
-0
-0
-0
-0
-0
-0
-0
-0
-0
-0
-0
-0
-0
-0
-0
-0
-0
-0
-0
-0
-0
-0
-0
-0
-0
-0
-0
-0
-0
-2.13711e-07
-9.17703e-06
-2.58297e-05
-4.23396e-05
-5.0692e-05
-4.28447e-05
-1.08854e-05
5.2807e-05
0.000155401
0.000303458
0.000502791
0.000758351
0.00107412
0.00145302
0.00189684
0.00240609
0.00298001
0.00361644
0.00431191
0.00506157
0.0058593
0.00669772
0.00756818
0.00846089
0.00936494
0.0102686
0.0111593
0.0120243
0.0128502
0.0136236
0.0143312
0.0149594
0.0154953
0.015926
0.0162397
0.0164253
0.0164729
0.016374
0.0161216
0.0157107
0.015138
0.0144022
0.0135036
0.0124445
0.011229
0.00986322
0.00835562
0.00671688
0.00495996
0.00309987
0.00115336
-0.000861162
-0.00292373
-0.00501287
-0.00710584
-0.00917898
-0.0112084
-0.0131702
-0.0150413
-0.0167986
-0.0184196
-0.0198819
-0.0211635
-0.0222434
-0.0231024
-0.0237239
-0.0240938
-0.0242008
-0.0240361
-0.0235937
-0.02287
-0.0218638
-0.0205771
-0.0190141
-0.0171815
-0.0150883
-0.0127462
-0.0101698
-0.00737706
-0.00438921
-0.00123027
0.00207375
0.00549554
0.00900693
0.0125788
0.016181
0.0197819
0.0233492
0.0268501
0.0302522
0.0335245
0.0366523
0.0396164
0.0423935
0.0449612
0.0472986
0.0493871
0.0512108
0.0527562
0.0540125
0.0549704
0.0556226
0.0559634
0.0559892
0.0556988
0.0550933
0.0541759
0.0529519
0.0514284
0.049615
0.0475237
0.0451689
0.0425672
0.0397369
0.0366972
0.0334683
0.0300711
0.0265274
0.0228605
0.0190948
0.0152555
0.0113682
0.00745837
0.00355117
-0.000328629
-0.00415642
-0.00790771
-0.0115583
-0.0150845
-0.0184637
-0.0216743
-0.0246965
-0.0275119
-0.0301038
-0.0324572
-0.0345587
-0.0363965
-0.0379609
-0.0392439
-0.0402396
-0.0409446
-0.0413582
-0.0414825
-0.041322
-0.0408839
-0.0401772
-0.0392128
-0.0380034
-0.0365632
-0.0349083
-0.0330564
-0.0310266
-0.0288395
-0.0265164
-0.0240799
-0.0215537
-0.0189623
-0.0163313
-0.0136867
-0.0110545
-0.00846034
-0.00592938
-0.00348587
-0.00115324
0.0010461
0.00309108
0.00496227
0.00664217
0.00811538
0.00936857
0.0103905
0.0111721
0.0117064
0.011989
0.0120178
0.0117931
0.0113175
0.0105952
0.00963242
0.00843714
0.00701945
0.00539179
0.00356918
0.00156915
-0.000588534
-0.00288221
-0.00528882
-0.00778427
-0.0103438
-0.0129421
-0.0155536
-0.0181528
-0.0207135
-0.0232097
-0.0256154
-0.0279043
-0.0300509
-0.0320302
-0.0338187
-0.035394
-0.0367358
-0.0378251
-0.0386449
-0.03918
-0.0394175
-0.0393464
-0.0389584
-0.0382474
-0.0372096
-0.035844
-0.0341518
-0.0321372
-0.0298071
-0.0271713
-0.0242426
-0.0210358
-0.0175683
-0.0138595
-0.00993071
-0.00580516
-0.00150795
0.00293413
0.00749288
0.0121389
0.016842
0.021571
0.0262935
0.0309768
0.0355868
0.0400896
0.0444512
0.0486381
0.0526181
0.05636
0.0598342
0.0630124
0.065868
0.0683759
0.0705132
0.0722588
0.0735943
0.0745036
0.0749735
0.0749939
0.0745575
0.07366
0.0723005
0.0704807
0.0682055
0.065483
0.0623245
0.0587447
0.0547613
0.0503948
0.0456681
0.040606
0.0352352
0.0295844
0.0236845
0.0175686
0.0112716
0.00483017
-0.0017185
-0.00833659
-0.014986
-0.0216285
-0.0282251
-0.0347371
-0.0411253
-0.047352
-0.0533802
-0.0591752
-0.0647038
-0.0699346
-0.0748374
-0.0793841
-0.0835485
-0.0873068
-0.0906387
-0.0935268
-0.0959566
-0.0979164
-0.0993973
-0.100393
-0.100899
-0.100917
-0.100449
-0.0995022
-0.0980848
-0.096209
-0.0938885
-0.0911402
-0.0879833
-0.0844401
-0.0805354
-0.0762962
-0.0717509
-0.0669291
-0.0618618
-0.0565811
-0.0511203
-0.0455141
-0.0397981
-0.0340082
-0.0281804
-0.0223502
-0.0165526
-0.0108223
-0.00519328
0.000301099
0.00562872
0.0107589
0.0156624
0.0203122
0.0246825
0.02875
0.032493
0.0358924
0.0389313
0.0415952
0.0438722
0.0457528
0.0472301
0.0482997
0.0489603
0.049213
0.0490616
0.0485119
0.047572
0.0462516
0.0445625
0.0425189
0.0401369
0.0374351
0.0344337
0.0311546
0.0276207
0.0238561
0.019886
0.0157371
0.0114366
0.00701274
0.00249393
-0.00209167
-0.00671621
-0.0113522
-0.0159726
-0.0205503
-0.0250589
-0.0294725
-0.0337663
-0.0379168
-0.0419019
-0.045701
-0.0492952
-0.052667
-0.0558003
-0.0586807
-0.0612954
-0.0636333
-0.0656851
-0.0674433
-0.0689024
-0.0700592
-0.0709122
-0.0714619
-0.0717104
-0.0716614
-0.07132
-0.0706928
-0.0697883
-0.0686164
-0.0671886
-0.0655176
-0.0636171
-0.0615018
-0.0591872
-0.0566898
-0.0540267
-0.0512156
-0.0482744
-0.045221
-0.0420733
-0.0388494
-0.0355678
-0.0322474
-0.0289071
-0.0255654
-0.0222404
-0.0189489
-0.0157069
-0.0125296
-0.0094318
-0.00642802
-0.00353208
-0.000756864
0.00188604
0.00438646
0.00673556
0.00892556
0.0109495
0.0128011
0.014475
0.0159668
0.017273
0.0183917
0.019322
0.0200641
0.0206193
0.0209901
0.0211796
0.0211918
0.0210315
0.0207037
0.020214
0.0195687
0.0187747
0.0178396
0.0167717
0.0155799
0.0142732
0.0128607
0.0113516
0.00975528
0.00808103
0.00633839
0.00453683
0.00268569
0.0007941
-0.00112899
-0.00307472
-0.00503426
-0.00699889
-0.00896017
-0.0109102
-0.0128416
-0.0147476
-0.0166219
-0.0184586
-0.0202517
-0.0219958
-0.0236859
-0.0253176
-0.0268871
-0.0283909
-0.0298258
-0.0311886
-0.0324766
-0.0336874
-0.0348193
-0.0358715
-0.0368434
-0.0377351
-0.0385463
-0.0392769
-0.0399269
-0.0404968
-0.0409871
-0.0413993
-0.0417348
-0.0419952
-0.0421822
-0.0422973
-0.0423425
-0.0423195
-0.0422305
-0.0420777
-0.0418634
-0.0415898
-0.0412592
-0.0408741
-0.0404373
-0.0399516
-0.0394199
-0.0388448
-0.0382289
-0.0375743
-0.0368832
-0.0361576
-0.0353996
-0.0346116
-0.0337955
-0.0329539
-0.0320889
-0.0312032
-0.0302993
-0.0293796
-0.0284463
-0.0275011
-0.0265454
-0.0255805
-0.0246079
-0.0236293
-0.022647
-0.0216633
-0.0206804
-0.0197005
-0.0187253
-0.0177566
-0.0167959
-0.0158449
-0.0149054
-0.013979
-0.0130674
-0.0121722
-0.0112949
-0.0104372
-0.00960031
-0.00878571
-0.00799448
-0.00722776
-0.00648682
-0.00577328
-0.00508907
-0.00443627
-0.00381681
-0.00323228
-0.00268384
-0.00217241
-0.001699
-0.00126483
-0.000871377
-0.000520158
-0.000212459
5.07905e-05
0.000268968
0.000441576
0.000568077
0.000647879
0.000680477
0.00066564
0.000603464
0.000494233
0.000338148
0.000135119
-0.000115229
-0.000413288
-0.000759093
-0.00115206
-0.00159101
-0.00207446
-0.00260099
-0.00316951
-0.00377921
-0.00442931
-0.00511874
-0.00584588
-0.00660872
-0.00740497
-0.0082323
-0.00908846
-0.00997117
-0.010878
-0.0118063
-0.0127533
-0.013716
-0.0146914
-0.0156767
-0.0166686
-0.0176639
-0.0186589
-0.01965
-0.0206338
-0.0216067
-0.0225657
-0.0235074
-0.0244285
-0.0253255
-0.0261949
-0.0270334
-0.0278379
-0.0286056
-0.0293337
-0.0300191
-0.0306589
-0.0312499
-0.0317894
-0.0322751
-0.0327052
-0.0330781
-0.0333922
-0.0336456
-0.0338366
-0.0339638
-0.0340261
-0.0340231
-0.0339551
-0.0338222
-0.0336247
-0.0333629
-0.0330371
-0.0326478
-0.0321962
-0.0316838
-0.0311125
-0.0304843
-0.0298015
-0.0290664
-0.0282816
-0.0274502
-0.0265755
-0.025661
-0.0247104
-0.0237274
-0.0227159
-0.0216798
-0.020623
-0.0195499
-0.0184645
-0.0173711
-0.0162744
-0.0151789
-0.0140897
-0.0130112
-0.0119478
-0.0109031
-0.00988056
-0.00888355
-0.00791572
-0.00698105
-0.00608372
-0.00522764
-0.00441608
-0.00365158
-0.00293613
-0.00227158
-0.0016599
-0.00110318
-0.000603405
-0.000162075
0.000220018
0.00054267
0.000805946
0.00100984
0.00115418
0.0012388
0.00126392
0.00123041
0.00113982
0.000994078
0.000795196
0.000544991
0.00024514
-0.000102599
-0.00049615
-0.000933034
-0.00141027
-0.00192392
-0.00247013
-0.00304492
-0.00364407
-0.00426306
-0.00489709
-0.00554138
-0.00619139
-0.00684291
-0.00749193
-0.00813436
-0.00876591
-0.00938208
-0.00997847
-0.0105511
-0.0110965
-0.0116119
-0.0120944
-0.0125414
-0.0129501
-0.0133177
-0.013642
-0.0139213
-0.0141544
-0.0143408
-0.0144801
-0.014572
-0.0146166
-0.0146145
-0.0145666
-0.0144743
-0.0143394
-0.0141634
-0.0139482
-0.0136956
-0.0134078
-0.0130874
-0.0127371
-0.0123599
-0.0119586
-0.011536
-0.0110947
-0.0106376
-0.0101675
-0.00968768
-0.00920101
-0.00871028
-0.00821798
-0.00772645
-0.00723804
-0.00675522
-0.00628053
-0.0058164
-0.00536497
-0.00492798
-0.00450682
-0.00410263
-0.00371647
-0.00334936
-0.00300221
-0.00267574
-0.0023704
-0.00208638
-0.00182362
-0.00158192
-0.00136098
-0.00116038
-0.000979572
-0.000817864
-0.000674437
-0.000548377
-0.000438711
-0.000344412
-0.000264399
-0.000197534
-0.000142625
-9.84596e-05
-6.38311e-05
-3.75596e-05
-1.84951e-05
-5.51314e-06
2.48651e-06
6.56915e-06
7.74667e-06
6.9594e-06
5.06547e-06
2.83735e-06
9.6025e-07
2.77907e-08
0
0
0
0
0
0
0
0
0
0
0
0
0
0
0
0
0
0
0
0
0
0
0
0
0
0
-0
-0
-0
-0
-0
-0
-0
-0
-0
-0
-0
-0
-0
-0
-0
-0
-0
-0
-0
-0
-0
-0
-0
-0
-0
-0
-0
-0
-0
-0
-0
-0
-0
-0
-0
-0
-0
-0
-0
-0
-0
-0
-0
-0
-0
-0
-0
-0
-0
-0
-0
-0
-0
-0
0
0
0
0
0
0
0
0
0
0
0
0
0
0
0
0
0
0
0
0
0
0
0
0
0
0
0
0
0
0
0
0
0
0
0
0
0
0
0
0
0
0
0
0
0
0
0
0
0
0
0
0
0
0
0
0
0
0
0
0
0
0
0
0
0
0
0
0
0
0
0
0
0
0
0
0
0
0
0
0
0
0
0
0
0
0
0
0
0
0
0
0
0
0
0
0
0
0
0
0
0
0
0
0
0
0
0
0
0
0
0
0
0
0
0
0
0
0
0
0
0
8.31316e-07
3.3846e-05
0.000121021
0.000271213
0.00049401
0.000799649
0.00119892
0.00170311
0.00232402
0.0030739
0.0039653
0.00501083
0.00622289
0.00761355
0.00919454
0.0109773
0.0129729
0.0151917
0.0176429
0.020334
0.0232708
0.0264576
0.0298975
0.0335929
0.0375451
0.0417536
0.046216
0.0509267
0.0558773
0.0610562
0.0664491
0.0720397
0.0778096
0.0837383
0.0898042
0.0959833
0.10225
0.108577
0.114932
0.121282
0.127591
0.133824
0.139946
0.145923
0.151724
0.157316
0.162667
0.167746
0.172518
0.17695
0.181012
0.184673
0.187909
0.190697
0.193017
0.194852
0.196189
0.197017
0.197325
0.197105
0.19635
0.195059
0.193232
0.190876
0.188
0.184618
0.180746
0.176406
0.171622
0.166423
0.160839
0.154902
0.148645
0.142099
0.135298
0.128277
0.121074
0.113729
0.106284
0.0987743
0.091238
0.0837102
0.0762309
0.068845
0.0616003
0.0545437
0.0477126
0.0411355
0.0348334
0.0288254
0.0231366
0.0178021
0.0128496
0.00830078
0.00416982
0.000463067
-0.00282162
-0.00568468
-0.00812115
-0.0101199
-0.0116669
-0.0127543
-0.0133821
-0.0135591
-0.0132993
-0.0126154
-0.011516
-0.0100055
-0.0080884
-0.00577361
-0.00307881
-2.47588e-05
0.00336288
0.00705853
0.0110383
0.0152761
0.0197532
0.0244467
0.029333
0.0343887
0.0395844
0.0449026
0.0503173
0.0557985
0.0613131
0.066818
0.0722903
0.0777025
0.0830315
0.0882569
0.093347
0.0982907
0.103064
0.107641
0.111998
0.116101
0.119942
0.123504
0.126772
0.129733
0.132365
0.134671
0.136642
0.138273
0.139553
0.140467
0.141018
0.141207
0.141038
0.14052
0.13966
0.138469
0.136957
0.135131
0.132999
0.130581
0.127886
0.124933
0.121744
0.118342
0.114768
0.11103
0.107154
0.103162
0.0990743
0.0949375
0.0907404
0.0865049
0.082258
0.0780305
0.0738947
0.0698344
0.0658685
0.0620102
0.0582729
0.0547258
0.0513423
0.0481519
0.0451829
0.0424583
0.0400493
0.0379098
0.0360496
0.0344824
0.0332252
0.0323481
0.031809
0.031611
0.0317511
0.0322248
0.0330727
0.034259
0.0357921
0.0376787
0.0399192
0.0425249
0.0454673
0.0487373
0.0523308
0.0562483
0.0604753
0.0650222
0.0698767
0.07502
0.0804311
0.0860359
0.0918751
0.0979364
0.104208
0.110673
0.117214
0.123908
0.130733
0.137665
0.144679
0.151606
0.158554
0.165489
0.172378
0.179193
0.185741
0.192169
0.19845
0.20455
0.210427
0.215857
0.220986
0.225784
0.230227
0.234295
0.237793
0.240859
0.243455
0.24554
0.247081
0.247918
0.248161
0.24779
0.24679
0.24514
0.242763
0.239695
0.235918
0.23142
0.22619
0.220258
0.213578
0.20615
0.197973
0.189056
0.179565
0.169366
0.15848
0.146933
0.134752
0.122234
0.109149
0.0955383
0.0814493
0.0669319
0.052404
0.0375562
0.0224472
0.00714018
-0.00829794
-0.023367
-0.0384272
-0.0534079
-0.068237
-0.0828402
-0.0966942
-0.110165
-0.123171
-0.135626
-0.147444
-0.15814
-0.168035
-0.177046
-0.185098
-0.192115
-0.197734
-0.202177
-0.20538
-0.207283
-0.207829
-0.206849
-0.204413
-0.200479
-0.19501
-0.187979
-0.179462
-0.169352
-0.157646
-0.144351
-0.129484
-0.113403
-0.09581
-0.076751
-0.0562803
-0.0344604
-0.011913
0.0118412
0.0367235
0.0626477
0.0895171
0.1165
0.144199
0.172483
0.20121
0.230235
0.2586
0.286973
0.315209
0.343162
0.370681
0.396816
0.42221
0.446712
0.470175
0.492453
0.512738
0.531557
0.548773
0.564256
0.57788
0.589105
0.598253
0.60523
0.609955
0.612351
0.612254
0.609711
0.604681
0.597138
0.587068
0.57474
0.559896
0.542561
0.522776
0.500601
0.476742
0.450654
0.422437
0.392204
0.360078
0.327126
0.292561
0.256546
0.219256
0.180878
0.14273
0.103892
0.0645748
0.0249916
-0.0146363
-0.0529316
-0.0908255
-0.128097
-0.164529
-0.199901
-0.23298
-0.264573
-0.294473
-0.322479
-0.3484
-0.371331
-0.391836
-0.409763
-0.424971
-0.437329
-0.446411
-0.452423
-0.455284
-0.454933
-0.451327
-0.444626
-0.434646
-0.421403
-0.404933
-0.385298
-0.363241
-0.338197
-0.310279
-0.279619
-0.246362
-0.211742
-0.174865
-0.13593
-0.0951514
-0.0527594
-0.0103255
0.033236
0.0776728
0.122724
0.168121
0.212191
0.256059
0.299449
0.342084
0.383688
0.422738
0.460218
0.495871
0.529453
0.56073
0.58858
0.613703
0.63591
0.655017
0.67086
0.682884
0.691377
0.696247
0.697432
0.69489
0.688769
0.678896
0.665284
0.647975
0.627034
0.603293
0.576138
0.545712
0.512179
0.475722
0.437742
0.397246
0.354463
0.30964
0.263038
0.21643
0.168605
0.119856
0.0704886
0.0208169
-0.0272797
-0.0750529
-0.122195
-0.168401
-0.21337
-0.255413
-0.295633
-0.333753
-0.369505
-0.402639
-0.431912
-0.458122
-0.481075
-0.500595
-0.516524
-0.528257
-0.536153
-0.540128
-0.540122
-0.536104
-0.528202
-0.516289
-0.500403
-0.480607
-0.456992
-0.430393
-0.400222
-0.366632
-0.329802
-0.289929
-0.24842
-0.20433
-0.157914
-0.109441
-0.0591924
-0.00891556
0.0425581
0.0949266
0.147876
0.201083
0.252718
0.303977
0.354558
0.404169
0.452525
0.498018
0.541707
0.583332
0.622649
0.659432
0.692519
0.722687
0.749772
0.773626
0.794116
0.810665
0.823657
0.833036
0.838773
0.840863
0.839384
0.83431
0.825702
0.813646
0.798259
0.780214
0.759138
0.735204
0.708596
0.679511
0.649032
0.616504
0.582163
0.546256
0.509035
0.471793
0.433733
0.395104
0.356154
0.317142
0.279336
0.241975
0.205296
0.169516
0.134836
0.102253
0.0711258
0.0416185
0.0138846
-0.0119354
-0.0352268
-0.0563827
-0.0753241
-0.0919897
-0.106334
-0.118198
-0.127695
-0.134833
-0.139639
-0.142168
-0.142701
-0.141118
-0.137518
-0.132016
-0.124737
-0.116264
-0.106302
-0.0950096
-0.082557
-0.0691235
-0.0554329
-0.0411316
-0.026408
-0.0114513
0.00355186
0.0179455
0.0320393
0.0456765
0.0587078
0.070989
0.0821027
0.0921881
0.101114
0.108756
0.115008
0.119794
0.123033
0.124682
0.124718
0.123133
0.120262
0.115792
0.109751
0.102178
0.0931269
0.0832596
0.0720688
0.0596524
0.0461205
0.0315924
0.0169365
0.00154074
-0.0144561
-0.0309049
-0.0476468
-0.0637767
-0.0798698
-0.0957622
-0.111292
-0.126299
-0.140054
-0.152979
-0.164926
-0.175757
-0.185342
-0.193305
-0.19981
-0.204773
-0.208122
-0.209794
-0.209875
-0.208178
-0.204667
-0.199321
-0.192133
-0.183686
-0.173437
-0.161427
-0.147712
-0.132362
-0.116398
-0.0989643
-0.0801578
-0.0600884
-0.0388785
-0.017855
0.00403828
0.0266597
0.0498666
0.0735171
0.0961984
0.119045
0.141915
0.164662
0.187132
0.208014
0.228324
0.247926
0.266698
0.28452
0.300414
0.315136
0.328579
0.340636
0.351208
0.359766
0.366673
0.371868
0.375301
0.376938
0.376815
0.374866
0.371095
0.365518
0.358162
0.349608
0.339346
0.327429
0.313919
0.298899
0.283417
0.266579
0.248397
0.22901
0.20857
0.188444
0.167579
0.146148
0.124331
0.102311
0.0815288
0.0608681
0.0404763
0.0204906
0.00104227
-0.0166186
-0.0335141
-0.0495331
-0.0645776
-0.0785659
-0.0906016
-0.101484
-0.111171
-0.119634
-0.126856
-0.13237
-0.136664
-0.139762
-0.141696
-0.142503
-0.142117
-0.140682
-0.138241
-0.134851
-0.130586
-0.125715
-0.120137
-0.113944
-0.107224
-0.100063
-0.0929045
-0.0854516
-0.0777907
-0.0700097
-0.0621947
-0.0548364
-0.0475671
-0.0404501
-0.0335433
-0.0269012
-0.0209418
-0.0153149
-0.0100594
-0.00520396
-0.000766232
0.00297763
0.00631687
0.00925016
0.0117784
0.0139052
0.015483
0.0166976
0.0175667
0.0181139
0.0183661
0.018288
0.017979
0.0174654
0.0167737
0.0159316
0.0149597
0.0138949
0.0127647
0.0115958
0.0104128
0.00925093
0.00811252
0.00701418
0.00597031
0.0049932
0.00410492
0.00329694
0.00257559
0.00194498
0.00140705
0.000965499
0.000611735
0.000343029
0.000155311
4.33331e-05
8.25416e-07
0
0
0
0
0
0
0
0
0
0
0
0
0
0
0
0
0
0
0
0
0
0
0
0
0
0
0
0
0
0
0
0
0
0
0
0
0
0
0
0
0
0
0
0
0
0
0
0
0
0
0
0
0
0
0
0
0
0
0
0
0
0
0
