-0
0
0
0
0
0
0
0
0
0
0
0
0
0
0
0
0
0
0
0
0
0
0
0
0
0
0
0
0
0
0
0
0
0
0
0
0
0
0
0
0
0
0
0
0
0
0
0
-0
-0
-0
-0
-0
-0
-0
-0
-0
-0
-0
-0
-0
-0
-0
-0
-0
-0
-0
-0
-0
-0
-0
-0
-0
-0
-0
-0
-0
-0
-0
-0
-0
-0
-0
-0
-0
-0
-0
-0
-0
-0
-0
-0
-0
-0
-0
0
0
0
0
0
0
0
0
0
0
0
0
0
0
0
0
0
0
0
0
0
0
0
0
0
0
0
0
0
0
0
0
0
0
0
0
0
0
0
0
0
0
0
0
0
0
0
0
0
-0
-0
-0
-0
-0
-0
-0
-0
-0
-0
-0
-0
-0
-0
-0
-0
-0
-0
-0
-0
-0
-0
-0
-0
-0
-0
-0
-0
-0
-0
-0
-0
-0
-0
-0
-0
-0
-0
-0
-0
-0
-0
-0
-0
-0
-0
-0
-0
-0
-0
-0
-0
0
0
0
0
0
0
0
0
0
0
0
0
0
0
0
0
0
0
0
0
0
0
0
0
0
0
0
0
0
0
0
0
0
0
0
0
0
0
0
0
0
0
0
0
0
0
0
0
0
0
0
0
0
0
-0
-0
-0
-0
-0
-0
-0
-0
-0
-0
-0
-0
-0
-0
-0
-0
-0
-0
-0
-0
-0
-0
-0
-0
-0
-0
-0
-0
-0
-0
-0
-0
-0
-0
-0
-0
-0
-0
-0
-0
-0
-0
-0
-0
-0
-0
-0
-0
-0
-0
-0
-0
-0
-0
-0
-0
-0
-0
-0
-0
-0
-0
-0
-0
-0
-0
-0
-0
-0
-0
-0
-0
-2.10526e-07
-8.0808e-06
-2.68562e-05
-5.56775e-05
-9.33913e-05
-0.000138538
-0.000189342
-0.000243717
-0.00029929
-0.000353435
-0.000403293
-0.000445773
-0.000477542
-0.000495026
-0.000494476
-0.000472068
-0.000424005
-0.000346582
-0.000236176
-8.92241e-05
9.77769e-05
0.000328179
0.000605033
0.000930943
0.001308
0.00173778
0.00222143
0.00275958
0.00335228
0.00399883
0.00469764
0.00544634
0.00624191
0.0070809
0.00795935
0.00887266
0.00981523
0.0107803
0.0117598
0.0127449
0.0137265
0.014695
0.015641
0.0165546
0.0174255
0.0182428
0.0189953
0.0196718
0.0202614
0.0207534
0.0211373
0.0214028
0.0215396
0.0215381
0.0213894
0.0210858
0.0206205
0.0199879
0.0191828
0.0182014
0.0170409
0.0157003
0.0141807
0.0124848
0.0106168
0.00858186
0.00638599
0.00403624
0.00154116
-0.00108896
-0.0038421
-0.0067049
-0.00966317
-0.0127021
-0.0158065
-0.0189601
-0.0221457
-0.0253447
-0.0285377
-0.031705
-0.0348268
-0.0378835
-0.0408557
-0.0437242
-0.0464696
-0.0490732
-0.0515171
-0.0537847
-0.0558611
-0.0577327
-0.0593885
-0.0608434
-0.0620979
-0.0631445
-0.0639768
-0.0645897
-0.0649795
-0.0651435
-0.0650795
-0.0647859
-0.0642617
-0.0635067
-0.0625223
-0.0613112
-0.0598772
-0.0582247
-0.0563587
-0.0542846
-0.0520082
-0.0495366
-0.0468777
-0.0440407
-0.0410357
-0.0378735
-0.0345657
-0.0311248
-0.0275641
-0.0238974
-0.0201387
-0.0163016
-0.0123997
-0.0084466
-0.0044567
-0.000445554
0.00357032
0.0075741
0.0115494
0.0154809
0.0193542
0.0231548
0.0268682
0.0304791
0.033972
0.0373323
0.0405465
0.0436027
0.04649
0.049198
0.0517162
0.0540345
0.0561433
0.0580345
0.0597013
0.0611381
0.0623394
0.0633002
0.0640155
0.0644817
0.0646968
0.0646607
0.0643743
0.0638391
0.063056
0.0620257
0.0607494
0.0592299
0.057472
0.0554822
0.053268
0.0508372
0.0481969
0.045355
0.0423201
0.0391023
0.0357136
0.0321666
0.0284742
0.0246491
0.0207038
0.0166518
0.0125077
0.00828702
0.00400635
-0.000318038
-0.00467035
-0.00903513
-0.0133967
-0.0177386
-0.0220435
-0.0262935
-0.0304715
-0.0345612
-0.0385477
-0.0424165
-0.0461527
-0.0497407
-0.0531645
-0.0564079
-0.0594564
-0.0622969
-0.0649184
-0.0673109
-0.0694651
-0.0713717
-0.0730213
-0.0744052
-0.0755159
-0.0763471
-0.0768944
-0.0771546
-0.0771253
-0.0768051
-0.0761937
-0.0752921
-0.0741024
-0.0726281
-0.0708738
-0.0688445
-0.0665457
-0.0639845
-0.0611693
-0.0581108
-0.0548216
-0.0513156
-0.047607
-0.0437097
-0.0396372
-0.0354037
-0.0310245
-0.0265173
-0.0219018
-0.0171988
-0.012429
-0.00761249
-0.00276847
0.00208394
0.00692473
0.0117324
0.0164844
0.0211577
0.0257299
0.0301798
0.0344872
0.0386326
0.0425962
0.0463585
0.0499002
0.0532027
0.0562488
0.0590218
0.061506
0.0636857
0.0655465
0.0670754
0.0682619
0.0690981
0.0695778
0.0696957
0.0694467
0.0688257
0.0678285
0.0664537
0.064703
0.0625818
0.0600979
0.0572605
0.0540793
0.0505639
0.0467251
0.0425761
0.0381325
0.0334131
0.0284387
0.0232314
0.0178138
0.0122091
0.00644132
0.000536104
-0.00547924
-0.0115757
-0.0177231
-0.0238904
-0.0300465
-0.0361599
-0.0421993
-0.0481332
-0.0539305
-0.05956
-0.0649916
-0.0701953
-0.0751419
-0.0798021
-0.0841471
-0.0881488
-0.0917796
-0.0950143
-0.0978298
-0.100206
-0.102126
-0.103575
-0.10454
-0.105008
-0.104967
-0.104408
-0.103325
-0.101715
-0.0995791
-0.0969246
-0.0937594
-0.0900938
-0.0859382
-0.0813047
-0.0762073
-0.070664
-0.0646973
-0.0583343
-0.0516055
-0.0445431
-0.0371795
-0.0295472
-0.0216788
-0.0136089
-0.00537462
0.00298344
0.0114215
0.019894
0.0283552
0.0367604
0.0450667
0.0532331
0.0612187
0.0689823
0.0764813
0.0836722
0.0905115
0.0969574
0.102971
0.108518
0.113567
0.11809
0.122061
0.125452
0.12824
0.130401
0.131916
0.132769
0.132949
0.132452
0.131275
0.12942
0.126894
0.123702
0.119854
0.115362
0.110241
0.104512
0.0981999
0.091336
0.0839541
0.0760907
0.0677839
0.0590728
0.0499972
0.0405989
0.0309221
0.0210141
0.010925
0.000707106
-0.00958606
-0.0199009
-0.0301842
-0.040384
-0.0504492
-0.0603303
-0.0699785
-0.0793459
-0.0883851
-0.0970493
-0.105292
-0.113068
-0.120334
-0.127049
-0.133178
-0.138687
-0.14355
-0.147741
-0.151242
-0.154038
-0.156116
-0.15747
-0.158098
-0.158001
-0.157184
-0.155655
-0.153428
-0.150517
-0.146944
-0.14273
-0.137902
-0.13249
-0.126527
-0.120047
-0.113086
-0.105686
-0.0978861
-0.0897304
-0.0812633
-0.0725308
-0.06358
-0.0544588
-0.0452157
-0.0358993
-0.026558
-0.0172393
-0.00798951
0.00114597
0.0101229
0.0188983
0.0274304
0.0356791
0.0436063
0.0511762
0.0583559
0.0651151
0.0714263
0.077265
0.0826097
0.0874418
0.0917457
0.0955088
0.0987218
0.101378
0.103476
0.105013
0.105994
0.106425
0.106313
0.105672
0.104514
0.102857
0.10072
0.0981247
0.0950939
0.0916533
0.0878298
0.083652
0.0791496
0.0743537
0.0692958
0.0640083
0.0585239
0.0528758
0.0470974
0.0412226
0.0352847
0.0293166
0.0233504
0.0174168
0.0115455
0.00576521
0.000103431
-0.00541334
-0.0107601
-0.0159133
-0.0208518
-0.025556
-0.0300087
-0.0341944
-0.0380994
-0.0417119
-0.045022
-0.0480216
-0.0507046
-0.0530666
-0.0551054
-0.0568204
-0.0582131
-0.0592869
-0.060047
-0.0605002
-0.0606544
-0.0605191
-0.0601046
-0.0594228
-0.0584866
-0.0573102
-0.0559086
-0.0542978
-0.0524941
-0.050514
-0.0483746
-0.046093
-0.0436865
-0.0411726
-0.0385687
-0.0358922
-0.0331602
-0.0303896
-0.0275966
-0.0247995
-0.0220159
-0.0192583
-0.0165384
-0.0138674
-0.011256
-0.00871376
-0.00624979
-0.00387213
-0.00158808
0.000595651
0.00267276
0.00463736
0.00648408
0.00820839
0.00980669
0.0112765
0.012616
0.0138243
0.0149007
0.0158448
0.0166568
0.0173374
0.0178882
0.018311
0.0186086
0.0187839
0.0188404
0.0187818
0.0186129
0.0183384
0.0179637
0.0174944
0.0169359
0.0162935
0.0155731
0.0147805
0.0139222
0.0130048
0.012035
0.0110194
0.00996455
0.0088768
0.00776253
0.00662811
0.00547977
0.00432353
0.00316512
0.00201005
0.000863672
-0.000268739
-0.0013821
-0.00247167
-0.00353316
-0.00456276
-0.005557
-0.00651264
-0.00742662
-0.00829617
-0.00911903
-0.00989349
-0.0106184
-0.011293
-0.0119165
-0.0124882
-0.0130073
-0.0134737
-0.0138874
-0.014249
-0.0145593
-0.0148192
-0.0150298
-0.0151922
-0.0153077
-0.0153784
-0.0154062
-0.0153934
-0.0153418
-0.0152528
-0.0151277
-0.014968
-0.0147756
-0.0145529
-0.0143025
-0.0140266
-0.013727
-0.0134049
-0.0130611
-0.0126937
-0.0123013
-0.0118867
-0.0114525
-0.0110004
-0.0105318
-0.0100411
-0.00953602
-0.0090175
-0.00848608
-0.00794222
-0.00738207
-0.00681074
-0.00622911
-0.00563812
-0.00503859
-0.00443059
-0.00381494
-0.00319191
-0.0025619
-0.00192555
-0.00128811
-0.00064619
-8.13228e-07
0.000647061
0.00129641
0.00193664
0.0025759
0.00321262
0.00384515
0.00447188
0.00507728
0.00567355
0.00625828
0.00682866
0.00738172
0.00789783
0.00839194
0.00886195
0.00930583
0.00972141
0.0100886
0.0104232
0.0107229
0.0109855
0.0112091
0.011376
0.0115017
0.0115846
0.0116237
0.0116179
0.0115542
0.0114452
0.011291
0.0110914
0.0108468
0.0105508
0.0102116
0.00983051
0.00940928
0.00894953
0.00845221
0.00791969
0.00735367
0.00675605
0.00612896
0.00548025
0.00480629
0.00410922
0.00339105
0.00265373
0.00191035
0.00115124
0.000378242
-0.000407006
-0.00120311
-0.00199342
-0.00279288
-0.00360045
-0.00441517
-0.00523617
-0.00604456
-0.00685876
-0.00767858
-0.00850379
-0.00933401
-0.0101491
-0.0109681
-0.0117901
-0.0126141
-0.0134273
-0.0141986
-0.014942
-0.0156522
-0.0163237
-0.0169513
-0.0175141
-0.0180225
-0.0184716
-0.0188565
-0.0191723
-0.0194047
-0.0195589
-0.019631
-0.0196173
-0.0195146
-0.0193188
-0.019028
-0.0186398
-0.0181523
-0.017564
-0.0168831
-0.0161004
-0.0152161
-0.014231
-0.0131463
-0.0119832
-0.0107249
-0.00937479
-0.00793645
-0.00641423
-0.00484132
-0.00319486
-0.00148098
0.000293572
0.00212154
0.00396053
0.0058375
0.00774426
0.00967217
0.011612
0.0135168
0.0154141
0.017294
0.0191466
0.0209619
0.0226946
0.02437
0.0259779
0.0275083
0.0289512
0.0302689
0.0314805
0.0325774
0.0335511
0.0343937
0.0350812
0.0356234
0.0360144
0.0362491
0.0363226
0.0362293
0.0359676
0.0355352
0.0349305
0.0341531
0.033218
0.032112
0.0308373
0.0293966
0.0277937
0.0260637
0.0241819
0.0221551
0.0199908
0.0176972
0.0153268
0.0128458
0.0102646
0.00759443
0.00484706
0.00208623
-0.000726811
-0.00357896
-0.00645666
-0.00934593
-0.0121791
-0.0149952
-0.0177803
-0.02052
-0.0232004
-0.0257589
-0.0282305
-0.030602
-0.0328604
-0.0349932
-0.0369508
-0.0387599
-0.0404098
-0.0418906
-0.0431929
-0.044287
-0.0451871
-0.0458871
-0.0463817
-0.0466668
-0.0467371
-0.0465923
-0.0462316
-0.0456549
-0.0448638
-0.0438788
-0.0426857
-0.0412891
-0.0396946
-0.037909
-0.0359757
-0.0338675
-0.0315939
-0.0291653
-0.0265927
-0.0239379
-0.0211638
-0.0182838
-0.015312
-0.0122633
-0.00921007
-0.00611052
-0.00298031
0.000164784
0.003309
0.00637936
0.00941823
0.012411
0.0153434
0.0182013
0.0209204
0.0235375
0.0260396
0.0284138
0.0306483
0.0326946
0.0345809
0.0362986
0.0378402
0.0391991
0.0403488
0.0413048
0.0420628
0.0426194
0.0429724
0.0431198
0.0430629
0.0428037
0.0423451
0.0416914
0.0408651
0.0398539
0.0386637
0.0373009
0.035773
0.0341223
0.0323249
0.0303915
0.0283339
0.0261639
0.023938
0.0216234
0.019232
0.0167758
0.0142673
0.0117694
0.00924629
0.00671187
0.00417996
0.00166371
-0.000776517
-0.00317752
-0.00552842
-0.00781833
-0.0100361
-0.0121294
-0.0141284
-0.0160228
-0.017804
-0.0194646
-0.0209694
-0.0223419
-0.023577
-0.0246695
-0.0256146
-0.0263938
-0.0270187
-0.0274878
-0.0278011
-0.0279595
-0.027966
-0.0278214
-0.0275282
-0.027089
-0.0265073
-0.0258026
-0.0249649
-0.0240002
-0.0229157
-0.0217188
-0.0204442
-0.0190725
-0.0176116
-0.0160694
-0.0144547
-0.012811
-0.0111135
-0.00937196
-0.00759591
-0.00579479
-0.00401502
-0.0022285
-0.000444356
0.00132825
0.00308035
0.00476809
0.00641875
0.00802477
0.00957875
0.0110734
0.0124722
0.0137977
0.0150439
0.0162057
0.0172789
0.0182395
0.0191044
0.01987
0.0205333
0.0210917
0.0215343
0.0218694
0.0220972
0.0222184
0.022234
0.0221472
0.0219569
0.0216646
0.0212725
0.0207836
0.020214
0.0195553
0.0188119
0.0179882
0.0170892
0.0161408
0.0151269
0.0140529
0.0129244
0.0117474
0.0105549
0.00932633
0.00806801
0.00678611
0.00548681
0.00420525
0.00291849
0.00163257
0.000353519
-0.000912764
-0.00213256
-0.00332822
-0.00449426
-0.00562532
-0.00671624
-0.00773843
-0.00871142
-0.00963128
-0.0104944
-0.011297
-0.0120185
-0.0126726
-0.0132564
-0.0137676
-0.0142045
-0.014557
-0.0148333
-0.0150325
-0.0151538
-0.0151963
-0.0151598
-0.0150449
-0.0148528
-0.0145849
-0.0142428
-0.0138365
-0.013359
-0.0128122
-0.0121986
-0.0115209
-0.0107984
-0.0100184
-0.00918403
-0.00829851
-0.00736538
-0.00641024
-0.00541597
-0.00438712
-0.00332811
-0.00224299
-0.00116048
-5.964e-05
0.00105516
0.002179
0.00330671
0.00440766
0.00550306
0.00658902
0.00766185
0.00871773
0.00972867
0.010714
0.0116694
0.0125908
0.0134749
0.0142991
0.0150803
0.0158155
0.0165018
0.0171362
0.0177023
0.0182118
0.0186631
0.0190549
0.019386
0.0196487
0.0198482
0.0199835
0.0200541
0.0200601
0.0200032
0.0198826
0.0196989
0.0194525
0.0191442
0.018784
0.0183646
0.0178881
0.0173565
0.0167724
0.0161531
0.0154857
0.0147727
0.0140167
0.0132208
0.0124082
0.0115625
0.0106871
0.00978556
0.00886125
0.00794039
0.00700387
0.00605546
0.005099
0.00413834
0.00320037
0.00226549
0.00133721
0.000419158
-0.000484925
-0.00134985
-0.00219337
-0.00301215
-0.00380311
-0.00456344
-0.00527273
-0.00594581
-0.0065798
-0.00717191
-0.00771967
-0.00820881
-0.00865001
-0.00904201
-0.00938359
-0.00967352
-0.00990466
-0.0100819
-0.0102046
-0.0102725
-0.0102857
-0.0102453
-0.0101511
-0.0100035
-0.00980327
-0.00955157
-0.00925683
-0.00891337
-0.00852269
-0.00808638
-0.00760614
-0.00709652
-0.00654737
-0.00596046
-0.00533658
-0.00467955
-0.00400971
-0.00331464
-0.00259857
-0.00186611
-0.0011222
-0.000389951
0.000344138
0.00107557
0.0018001
0.00251355
0.00319405
0.00385542
0.00449367
0.00510518
0.00568674
0.0062202
0.00671866
0.00717968
0.007601
0.00798072
0.00830586
0.00858762
0.00882568
0.00901999
0.00917056
0.00927025
0.00932704
0.00934182
0.009316
0.00925136
0.00914678
0.00900754
0.00883565
0.00863318
0.00840245
0.00814636
0.00786746
0.00756872
0.00725304
0.00692325
0.00658472
0.00623747
0.00588434
0.00552808
0.00517132
0.00482011
0.00447255
0.00413056
0.00379602
0.00347077
0.00316033
0.00286199
0.00257693
0.00230604
0.00205005
0.00181279
0.00159118
0.00138565
0.00119642
0.00102347
0.000868816
0.000729361
0.000604546
0.000493778
0.000396442
0.000313234
0.000241792
0.000181284
0.00013081
8.94443e-05
5.69011e-05
3.14787e-05
1.22887e-05
-1.54415e-06
-1.08707e-05
-1.62917e-05
-1.88294e-05
-1.91517e-05
-1.78601e-05
-1.54943e-05
-1.25025e-05
-9.34405e-06
-6.35084e-06
-3.77673e-06
-1.80018e-06
-5.30556e-07
-1.34156e-08
-0
-0
-0
-0
-0
-0
-0
-0
-0
-0
-0
-0
0
0
0
0
0
0
0
0
0
0
0
0
0
0
0
0
0
0
0
0
0
0
0
0
0
0
0
0
0
0
0
0
0
0
0
0
0
0
0
0
0
0
0
0
0
0
0
0
0
0
0
0
0
0
0
0
0
0
0
0
0
0
0
0
0
0
0
0
0
0
0
0
0
0
0
0
0
0
0
0
0
0
0
0
0
0
0
0
0
0
0
0
0
0
0
0
0
0
0
0
0
0
0
0
0
0
0
0
0
0
0
0
0
0
0
0
0
0
0
0
0
0
0
0
0
0
0
0
0
0
0
0
0
0
0
0
0
0
0
-0
-0
-0
-0
-0
-0
-0
-0
-0
-0
-0
-0
-0
-0
-0
-0
0
0
0
0
0
0
0
0
0
0
0
0
0
0
0
0
0
0
0
0
0
0
0
0
0
0
0
0
0
0
0
0
0
0
0
0
0
0
0
0
0
0
0
0
0
0
0
0
0
0
0
0
0
0
0
0
0
0
0
0
0
0
0
0
0
0
0
-0
-0
-0
-0
-0
-0
-0
-0
-0
-0
-0
-0
-0
-0
-0
-0
-0
-0
-0
-0
-0
-0
-0
-0
-0
-0
-0
-0
-0
-0
-0
-0
0
0
0
0
0
0
0
0
0
0
0
0
0
0
0
0
0
0
0
0
0
0
0
0
0
0
0
0
0
0
0
0
0
0
0
0
0
0
0
0
0
0
0
0
0
0
0
0
0
0
0
0
0
0
0
0
