-0
-0
-0
-0
-0
-0
-0
-0
-0
-0
-0
-0
-0
0
0
0
0
0
0
0
0
0
0
0
0
0
0
0
0
0
0
0
0
0
0
0
0
0
0
0
0
0
0
0
0
0
0
0
0
0
0
0
0
0
-0
-0
-0
-0
-0
-0
-0
-0
-0
-0
-0
-0
-0
-0
-0
-0
-0
-0
-0
-0
-0
-0
-0
-0
-0
-0
-0
-0
-0
-0
-0
-0
-0
-0
-0
-0
-0
-0
-0
-0
0
0
0
0
0
0
0
0
0
0
0
0
0
0
0
0
0
0
0
0
0
0
0
0
0
0
0
0
0
0
0
0
0
0
0
0
0
0
0
0
0
0
0
0
-0
-0
-0
-0
-0
-0
-0
-0
-0
-0
-0
-0
-0
-0
-0
-0
-0
-0
-0
-0
-0
-0
-0
-0
-0
-0
-0
-0
-0
-0
-0
-0
-0
-0
-0
-0
-0
-0
-0
-0
-0
-0
-0
-0
-0
-0
0
0
0
0
0
0
0
0
0
0
0
0
0
0
0
0
0
0.000134481
0.000581799
0.00135729
0.00246703
0.00390809
0.0056686
0.00772786
0.0100566
0.0126174
0.015365
0.0182471
0.0212049
0.024174
0.0270851
0.0298653
0.0324385
0.034727
0.0366526
0.0381371
0.0391043
0.03948
0.0391938
0.03818
0.0363785
0.0337361
0.0302074
0.0257551
0.0203516
0.0139783
0.00662735
-0.00169871
-0.0109861
-0.0212097
-0.0323332
-0.0443097
-0.0570812
-0.0705793
-0.0847248
-0.0994283
-0.114591
-0.130105
-0.145857
-0.161727
-0.177591
-0.19332
-0.208782
-0.223841
-0.238359
-0.252201
-0.265233
-0.277327
-0.288359
-0.298213
-0.306778
-0.313954
-0.319646
-0.323774
-0.326267
-0.327067
-0.326129
-0.323418
-0.318915
-0.312614
-0.304523
-0.294668
-0.283089
-0.269842
-0.254995
-0.238631
-0.220844
-0.201738
-0.18143
-0.160049
-0.137731
-0.114618
-0.0908619
-0.0666179
-0.0420467
-0.017312
0.00742117
0.0319883
0.0562274
0.0799807
0.103095
0.125422
0.146818
0.167147
0.186279
0.204097
0.220493
0.235454
0.248981
0.261031
0.271566
0.280556
0.287981
0.293827
0.29809
0.300776
0.3019
0.301485
0.299562
0.296169
0.291352
0.285164
0.277667
0.268929
0.259024
0.24803
0.236032
0.223114
0.209367
0.194881
0.179755
0.164086
0.147976
0.131528
0.114846
0.0980317
0.0811886
0.0644164
0.0478127
0.0314717
0.0154839
-6.33597e-05
-0.0150867
-0.0295061
-0.0432463
-0.0562374
-0.0684163
-0.079727
-0.0901212
-0.0995572
-0.108
-0.115421
-0.121799
-0.127121
-0.131379
-0.134577
-0.136725
-0.137838
-0.137941
-0.137063
-0.135241
-0.132518
-0.128942
-0.124568
-0.119457
-0.113672
-0.107283
-0.10036
-0.0929797
-0.0852195
-0.0771591
-0.0688796
-0.0604638
-0.0519964
-0.0435636
-0.0352525
-0.027149
-0.0193357
-0.0118905
-0.00488592
0.00161019
0.0075339
0.0128244
0.0174245
0.021281
0.0243469
0.0265811
0.027949
0.028422
0.027977
0.0265974
0.0242732
0.0210027
0.0167925
0.0116581
0.00562242
-0.00128443
-0.00902579
-0.0175584
-0.0268325
-0.0367918
-0.0473739
-0.0585114
-0.0701321
-0.0821596
-0.0945132
-0.107108
-0.119855
-0.132664
-0.145442
-0.158094
-0.170526
-0.182642
-0.194346
-0.205541
-0.216134
-0.226036
-0.235163
-0.243433
-0.250771
-0.257105
-0.262366
-0.26649
-0.26942
-0.271108
-0.271512
-0.270599
-0.268345
-0.264731
-0.259748
-0.253393
-0.245675
-0.23661
-0.226227
-0.214559
-0.201652
-0.187557
-0.172337
-0.15606
-0.138805
-0.120655
-0.101701
-0.0820371
-0.0617632
-0.0409838
-0.0198083
0.00165006
0.0232747
0.0449472
0.0665481
0.0879578
0.109057
0.129725
0.149844
0.169296
0.187966
0.205743
0.222518
0.238188
0.252655
0.265825
0.277612
0.287935
0.296719
0.303899
0.309414
0.313215
0.315258
0.315511
0.313953
0.310573
0.30537
0.298354
0.289547
0.278982
0.266703
0.252764
0.237231
0.220177
0.201688
0.181856
0.160785
0.138589
0.115391
0.0913203
0.0665115
0.0411025
0.0152341
-0.0109493
-0.0372992
-0.0636644
-0.0898921
-0.115831
-0.141332
-0.166252
-0.190451
-0.213794
-0.236149
-0.257389
-0.277394
-0.296054
-0.313266
-0.328939
-0.34299
-0.355346
-0.365944
-0.374732
-0.381672
-0.386737
-0.389912
-0.391196
-0.390597
-0.388133
-0.383835
-0.377743
-0.369914
-0.360412
-0.349314
-0.336704
-0.322678
-0.307335
-0.290786
-0.273146
-0.254538
-0.235088
-0.214927
-0.194187
-0.173003
-0.151514
-0.129859
-0.108178
-0.0866118
-0.0652959
-0.0443622
-0.0239383
-0.00414714
0.0148927
0.0330674
0.0502691
0.0663977
0.0813616
0.0950788
0.107477
0.118493
0.128074
0.136175
0.142764
0.147817
0.151321
0.153275
0.153688
0.152579
0.149975
0.145918
0.140452
0.133636
0.125534
0.116218
0.105769
0.0942739
0.0818262
0.0685261
0.0544783
0.0397921
0.0245799
0.00895611
-0.00696407
-0.0230658
-0.0392356
-0.0553611
-0.0713319
-0.0870392
-0.102376
-0.117239
-0.13153
-0.145153
-0.158024
-0.17006
-0.181188
-0.19134
-0.200453
-0.208474
-0.215357
-0.221065
-0.225572
-0.228862
-0.230925
-0.23176
-0.231374
-0.229784
-0.227014
-0.223099
-0.218081
-0.212008
-0.204933
-0.196915
-0.188018
-0.178312
-0.167873
-0.156783
-0.145127
-0.132991
-0.120463
-0.107632
-0.0945847
-0.0814127
-0.0682065
-0.0550566
-0.0420515
-0.0292764
-0.0168129
-0.00473884
0.00687082
0.0179442
0.0284132
0.0382144
0.0472909
0.0555926
0.0630762
0.0697048
0.0754468
0.0802762
0.0841728
0.0871227
0.0891193
0.0901636
0.0902636
0.0894333
0.0876921
0.0850643
0.0815786
0.0772687
0.0721739
0.0663389
0.0598133
0.0526509
0.0449088
0.0366463
0.0279243
0.0188055
0.00935393
-0.000365056
-0.010285
-0.0203387
-0.0304594
-0.0405806
-0.0506374
-0.0605667
-0.0703074
-0.0798012
-0.0889927
-0.0978293
-0.106262
-0.114243
-0.121732
-0.128687
-0.135074
-0.140863
-0.146027
-0.150547
-0.154406
-0.157593
-0.1601
-0.161923
-0.163065
-0.16353
-0.163328
-0.162473
-0.160982
-0.158876
-0.156182
-0.152929
-0.14915
-0.144879
-0.140156
-0.135018
-0.129504
-0.123657
-0.117519
-0.111134
-0.104548
-0.0978082
-0.0909594
-0.0840461
-0.0771115
-0.0701976
-0.0633464
-0.0565991
-0.049996
-0.0435758
-0.0373744
-0.031425
-0.025758
-0.020401
-0.0153793
-0.0107152
-0.00642811
-0.00253461
0.000951876
0.00402069
0.00666403
0.00887708
0.0106582
0.0120091
0.0129343
0.0134406
0.0135364
0.013232
0.0125396
0.0114742
0.0100538
0.00829917
0.00623272
0.00387741
0.00125602
-0.00160856
-0.00469247
-0.00797009
-0.0114139
-0.0149951
-0.0186853
-0.0224572
-0.0262849
-0.0301432
-0.0340068
-0.0378494
-0.0416447
-0.0453672
-0.0489934
-0.0525024
-0.0558753
-0.0590943
-0.0621417
-0.0650004
-0.0676543
-0.0700893
-0.0722942
-0.0742599
-0.075979
-0.0774449
-0.078652
-0.0795966
-0.0802771
-0.0806948
-0.0808531
-0.0807567
-0.0804109
-0.0798211
-0.078994
-0.0779373
-0.0766609
-0.0751762
-0.0734952
-0.0716301
-0.0695931
-0.0673973
-0.0650574
-0.0625895
-0.0600112
-0.0573397
-0.0545914
-0.0517811
-0.0489232
-0.0460323
-0.0431243
-0.0402159
-0.0373242
-0.0344647
-0.0316512
-0.0288955
-0.0262082
-0.0235996
-0.0210803
-0.0186607
-0.0163508
-0.0141595
-0.0120942
-0.0101609
-0.00836469
-0.00670968
-0.00519909
-0.00383521
-0.00261949
-0.00155264
-0.000634763
0.000134809
0.000757871
0.00123775
0.00157938
0.00178898
0.00187329
0.00183895
0.00169217
0.00143909
0.00108636
0.000641627
0.000113587
-0.000488432
-0.00115503
-0.00187706
-0.00264555
-0.00345143
-0.00428538
-0.00513811
-0.00600086
-0.00686591
-0.00772656
-0.00857654
-0.00940928
-0.0102175
-0.0109936
-0.0117305
-0.0124229
-0.0130675
-0.0136627
-0.0142076
-0.014701
-0.0151414
-0.0155271
-0.015858
-0.0161358
-0.016364
-0.0165472
-0.0166899
-0.0167958
-0.0168683
-0.016911
-0.0169294
-0.0169305
-0.0169226
-0.0169143
-0.0169137
-0.0169284
-0.0169658
-0.0170341
-0.0171422
-0.0172992
-0.0175138
-0.0177934
-0.0181435
-0.018569
-0.0190746
-0.0196655
-0.0203477
-0.0211267
-0.0220072
-0.022992
-0.0240825
-0.0252787
-0.0265798
-0.0279846
-0.0294909
-0.0310954
-0.0327935
-0.0345796
-0.0364475
-0.0383905
-0.0404017
-0.0424729
-0.0445939
-0.0467529
-0.0489366
-0.0511277
-0.0532887
-0.0553998
-0.057446
-0.0594112
-0.0612785
-0.0630296
-0.0646457
-0.0661094
-0.0674052
-0.06852
-0.0694423
-0.0701612
-0.0706658
-0.0709458
-0.0709922
-0.0707986
-0.070368
-0.0697538
-0.0689699
-0.0680174
-0.0668964
-0.0656072
-0.0641507
-0.062529
-0.0607454
-0.0588038
-0.0567077
-0.0544599
-0.0520626
-0.049518
-0.0468295
-0.0440016
-0.0410397
-0.0379495
-0.0347365
-0.0314054
-0.027961
-0.0244082
-0.0207529
-0.0170018
-0.0131622
-0.0092414
-0.00524658
-0.00118547
0.00293331
0.00709972
0.0113024
0.0155294
0.0197684
0.0240073
0.0282337
0.0324343
0.0365944
0.0406974
0.044726
0.0486623
0.0524891
0.0561899
0.0597477
0.063146
0.0663666
0.0693912
0.0722015
0.0747798
0.0771101
0.0791771
0.0809665
0.0824644
0.0836578
0.0845354
0.0850879
0.085308
0.0851898
0.0847281
0.0839185
0.0827577
0.0812444
0.0793809
0.0771726
0.0746286
0.0717593
0.0685764
0.0650916
0.0613176
0.0572688
0.0529622
0.0484175
0.0436565
0.0387027
0.0335769
0.0282958
0.0228905
0.0173945
0.0118423
0.00626729
0.000701984
-0.00482254
-0.0102766
-0.0156307
-0.0208566
-0.0259258
-0.0308104
-0.0354847
-0.0399245
-0.0441088
-0.0480187
-0.0516411
-0.0549875
-0.0580553
-0.0608403
-0.0633406
-0.065555
-0.0674825
-0.0691219
-0.0704715
-0.0715305
-0.0723004
-0.0727853
-0.0729921
-0.072928
-0.0726002
-0.0720151
-0.0711781
-0.0700961
-0.0687746
-0.0672224
-0.0654495
-0.0634665
-0.0612851
-0.0589132
-0.0563598
-0.0536345
-0.0507478
-0.0477135
-0.0445412
-0.0412429
-0.0378298
-0.0343132
-0.0307074
-0.0270222
-0.0232707
-0.0194665
-0.0156221
-0.0117514
-0.00786077
-0.00395824
-5.20022e-05
0.00384909
0.0077324
0.0115908
0.0154147
0.0191954
0.0229256
0.0265965
0.0302039
0.0337414
0.0372026
0.0405814
0.0438711
0.0470664
0.0501614
0.0531494
0.0560236
0.0587787
0.0614078
0.0639068
0.0662736
0.0685065
0.0706078
0.0725698
0.0743878
0.0760564
0.0775706
0.0789345
0.0801382
0.0811808
0.0820616
0.0827803
0.0833469
0.0837501
0.0839903
0.0840683
0.0839858
0.0837575
0.0833712
0.0828277
0.0821289
0.0812777
0.0802934
0.0791671
0.0779054
0.0765141
0.0749986
0.0733772
0.0716408
0.0697946
0.0678458
0.0658034
0.0636888
0.0615045
0.0592642
0.0569816
0.0546697
0.0523439
0.0500104
0.0476788
0.0453594
0.0430642
0.0408019
0.0385929
0.0364524
0.0343942
0.0324303
0.030555
0.0287941
0.0271579
0.0256576
0.0243049
0.0230837
0.0220304
0.0211523
0.020455
0.0199436
0.0195863
0.0194256
0.0194661
0.019711
0.0201609
0.0207702
0.0215808
0.0225893
0.0237921
0.0251844
0.0267141
0.0284194
0.0302911
0.0323186
0.0344912
0.0367565
0.0391435
0.0416381
0.0442241
0.0468827
0.0495654
0.0522814
0.0550119
0.0577385
0.0604426
0.0630953
0.0656837
0.068185
0.0705764
0.0728367
0.0749635
0.0769232
0.0786997
0.0802761
0.0816342
0.0827998
0.0837088
0.0843441
0.0846923
0.0847444
0.0845676
0.0840853
0.0832945
0.0821921
0.0807753
0.0791376
0.0771847
0.0749214
0.0723571
0.0695054
0.0664903
0.0632225
0.0597212
0.056006
0.0520978
0.0481246
0.044005
0.0397661
0.0354387
0.0310563
0.0267429
0.022446
0.0182015
0.0140441
0.010008
0.00618205
0.00254582
-0.000865016
-0.00401399
-0.00686519
-0.00937677
-0.0115268
-0.0132881
-0.0146358
-0.0155449
-0.0160369
-0.0160404
-0.0155332
-0.0144978
-0.0129231
-0.0109058
-0.00834211
-0.00523182
-0.00157529
0.00262566
0.00721588
0.0123336
0.0179597
0.0240684
0.030629
0.0374282
0.044614
0.052152
0.0600048
0.0681304
0.0762936
0.0846326
0.0930958
0.101631
0.110185
0.118536
0.126797
0.134909
0.142812
0.150444
0.157625
0.164418
0.170768
0.176622
0.181928
0.186585
0.190594
0.193913
0.1965
0.198321
0.199378
0.199612
0.199
0.197529
0.195189
0.192098
0.188141
0.183327
0.177672
0.171196
0.164121
0.156287
0.147735
0.138511
0.128666
0.118499
0.107824
0.0967047
0.0852092
0.0734121
0.061648
0.0497403
0.0377694
0.0258155
0.01396
0.00251492
-0.00866511
-0.0194948
-0.0298892
-0.0397661
-0.0488848
-0.0573365
-0.0650531
-0.0719694
-0.078022
-0.083085
-0.0871695
-0.0902274
-0.0922192
-0.093113
-0.0929336
-0.0916151
-0.0891465
-0.0855243
-0.0807536
-0.0750115
-0.0681589
-0.0602286
-0.0512611
-0.0413035
-0.0306657
-0.0191489
-0.00681841
0.00625225
0.0199813
0.0339654
0.0484249
0.0632619
0.0783746
0.0936588
0.108685
0.123669
0.138501
0.153071
0.167271
0.180713
0.193573
0.205748
0.21714
0.227654
0.237016
0.245324
0.252499
0.25847
0.263173
0.266501
0.268462
0.269018
0.268142
0.265818
0.262134
0.256995
0.25041
0.242399
0.232991
0.222468
0.210639
0.197568
0.183324
0.167987
0.151996
0.135084
0.117351
0.0988985
0.0798408
0.0607147
0.0412245
0.0214944
0.00164964
-0.0181838
-0.0374584
-0.0564677
-0.0750832
-0.0931766
-0.110622
-0.126939
-0.142371
-0.156809
-0.170147
-0.182286
-0.192893
-0.202121
-0.209894
-0.216145
-0.220819
-0.223788
-0.225091
-0.224699
-0.222591
-0.218759
-0.213306
-0.206146
-0.197306
-0.186819
-0.174731
-0.161363
-0.146512
-0.130252
-0.11267
-0.0938605
-0.0743259
-0.0537703
-0.032305
-0.0100475
0.0128784
0.0358627
0.0592541
0.0829187
0.106721
0.130525
0.153702
0.176612
0.199122
0.221101
0.242422
0.262526
0.281734
0.299935
0.317027
0.332914
0.347188
0.360091
0.371555
0.381519
0.389931
0.396585
0.40161
0.404984
0.406697
0.406747
0.405161
0.401941
0.397113
0.390713
0.382787
0.373572
0.362952
0.351
0.337793
0.323415
0.30827
0.292132
0.275099
0.257275
0.23877
0.220096
0.200957
0.181458
0.161704
0.141801
0.122284
0.102831
0.0835482
0.0645352
0.0458871
0.0280866
0.010824
-0.00582012
-0.0217675
-0.036944
-0.0509758
-0.0641097
-0.0762944
-0.0874851
-0.0976423
-0.106548
-0.114356
-0.121047
-0.126606
-0.13103
-0.134278
-0.136404
-0.137427
-0.137366
-0.136251
-0.134201
-0.131173
-0.127216
-0.12238
-0.11672
-0.110482
-0.103541
-0.0959631
-0.0878194
-0.0791828
-0.0703734
-0.061215
-0.0517779
-0.0421325
-0.0323507
-0.0227656
-0.0131893
-0.00369162
0.00566088
0.0148054
0.0234565
0.0317831
0.0397305
0.0472468
0.0542846
0.0606497
0.0664625
0.0716957
0.0763261
0.0803333
0.0836419
0.086298
0.0882956
0.0896353
0.0903243
0.090416
0.0898841
0.0887465
0.0870249
0.0847458
0.0820696
0.0789045
0.0752918
0.0712762
0.0669048
0.0624135
0.0576653
0.0527115
0.0476039
0.0423942
0.0373386
0.0322808
0.0272698
0.0223556
0.0175896
0.0132041
0.00906836
0.00522949
0.00173163
-0.00138397
-0.00396299
-0.00608468
-0.00771518
-0.00882381
-0.00938429
-0.0093555
-0.00874145
-0.00753042
-0.00571401
-0.00328713
-0.000339742
0.00321623
0.00737258
0.0121163
0.0174302
0.0230928
0.0292809
0.0359666
0.0431172
0.0506954
0.0583697
0.0663879
0.0747062
0.0832792
0.0920594
0.100651
0.109347
0.118091
0.126824
0.135487
0.143667
0.151663
0.159421
0.166886
0.174005
0.180411
0.186365
0.191819
0.196725
0.20104
0.204495
0.207277
0.209351
0.210684
0.211249
0.210924
0.209787
0.207825
0.205026
0.201386
0.196957
0.191692
0.185598
0.17869
0.170981
0.162704
0.153671
0.143911
0.13346
0.122323
0.110872
0.0988161
0.0862248
0.0731715
0.0597351
0.0464616
0.0329708
0.0193505
0.00568907
-0.00792619
-0.020898
-0.0336642
-0.0461459
-0.058267
-0.0699551
-0.0806465
-0.0907882
-0.100325
-0.109207
-0.117384
-0.124393
-0.13063
-0.136065
-0.140678
-0.144458
-0.1471
-0.148916
-0.149913
-0.150101
-0.149499
-0.147972
-0.145715
-0.142762
-0.139155
-0.134936
-0.130138
-0.12483
-0.119064
-0.112899
-0.106393
-0.0997031
-0.0927836
-0.0856923
-0.078487
-0.0712253
-0.0641368
-0.0570909
-0.0501404
-0.0433349
-0.0367211
-0.0305441
-0.0246234
-0.0189954
-0.013692
-0.00874088
-0.00435436
-0.000338505
0.0032941
0.00653477
0.00937855
0.0116736
0.013594
0.0151468
0.0163433
0.0171982
0.0176296
0.017774
0.0176535
0.0172923
0.0167162
0.0159004
0.0149372
0.0138553
0.0126833
0.0114494
0.0101619
0.00887252
0.00760592
0.00638512
0.00523106
0.00415914
0.00319012
0.00233704
0.00161002
0.00101613
0.000559415
0.000240086
5.55966e-05
0
0
0
0
0
0
0
0
0
0
0
0
0
0
0
0
0
0
0
-0
-0
-0
-0
-0
-0
-0
-0
-0
-0
-0
-0
-0
-0
-0
-0
-0
-0
-0
-0
-0
-0
-0
-0
-0
-0
-0
-0
-0
-0
-0
-0
-0
-0
-0
-0
-0
-0
-0
-0
-0
-0
-0
-0
-0
-0
-0
-0
0
0
0
0
0
0
0
0
0
0
0
0
0
0
0
0
0
0
0
0
0
0
0
0
0
0
0
0
0
0
0
0
0
0
0
0
0
0
0
0
0
-0
-0
-0
-0
-0
-0
-0
-0
-0
-0
-0
-0
-0
-0
-0
-0
-0
-0
-0
-0
-0
-0
-0
-0
-0
-0
-0
-0
-0
-0
-0
-0
-0
-0
-0
-0
-0
-0
-0
-0
-0
-0
-0
-0
-0
-0
-0
-0
-0
0
0
0
0
0
0
0
0
0
0
0
0
0
0
0
0
0
0
0
0
0
0
0
0
0
0
0
0
0
0
0
0
0
0
0
0
0
0
0
0
0
0
0
0
