-0
-0
-0
-0
-0
-0
-0
-0
-0
-0
-0
-0
-0
-0
-0
0
0
0
0
0
0
0
0
0
0
0
0
0
0
0
0
0
0
0
0
0
0
0
0
0
0
0
0
0
0
0
0
0
0
0
0
0
0
0
0
0
0
0
0
0
-0
-0
-0
-2.86967e-07
-1.8661e-05
-7.82483e-05
-0.000195408
-0.000384704
-0.00065855
-0.0010269
-0.00149698
-0.00207302
-0.00275611
-0.00354404
-0.00443124
-0.00540873
-0.00646418
-0.007582
-0.00874348
-0.009927
-0.0111083
-0.0122608
-0.0133558
-0.0143633
-0.0152518
-0.0159893
-0.0165436
-0.0168828
-0.0169756
-0.0167923
-0.016305
-0.0154882
-0.0143195
-0.0127797
-0.0108536
-0.00853049
-0.00580429
-0.00267414
0.000855399
0.00477405
0.00906569
0.0137082
0.0186735
0.0239275
0.0294305
0.0351371
0.0409968
0.0469544
0.0529503
0.0589211
0.0648007
0.0705203
0.0760097
0.0811979
0.086014
0.0903879
0.0942515
0.097539
0.100189
0.102142
0.103348
0.103758
0.103333
0.102041
0.0998551
0.09676
0.0927475
0.0878188
0.0819844
0.0752641
0.0676873
0.0592928
0.0501283
0.0402505
0.0297247
0.0186238
0.00702811
-0.00497531
-0.0172937
-0.0298295
-0.0424807
-0.0551427
-0.0677087
-0.0800708
-0.0921214
-0.103754
-0.114864
-0.125352
-0.135119
-0.144076
-0.152138
-0.159227
-0.165275
-0.170224
-0.174098
-0.176889
-0.17857
-0.179118
-0.17852
-0.176769
-0.173866
-0.169818
-0.164641
-0.15836
-0.151005
-0.142614
-0.133235
-0.12292
-0.111728
-0.0997269
-0.0869885
-0.0735907
-0.0596166
-0.0451538
-0.0302936
-0.0151307
0.000237629
0.0157121
0.0311924
0.0465774
0.0617665
0.0766595
0.0911583
0.105167
0.118591
0.131343
0.143337
0.154491
0.164732
0.17399
0.182201
0.189311
0.195271
0.20004
0.203585
0.20588
0.206911
0.20667
0.205156
0.20238
0.19836
0.193123
0.186703
0.179143
0.170494
0.160813
0.150167
0.138626
0.126267
0.113174
0.0994329
0.0851369
0.0703805
0.0552619
0.0398813
0.0243402
0.00874111
-0.00681361
-0.0222221
-0.037384
-0.0522009
-0.0665768
-0.0804193
-0.0936397
-0.106154
-0.117883
-0.128753
-0.138696
-0.147652
-0.155565
-0.162389
-0.168083
-0.172616
-0.175963
-0.178109
-0.179044
-0.178769
-0.177293
-0.17463
-0.170807
-0.165854
-0.159812
-0.152726
-0.144652
-0.135649
-0.125783
-0.115128
-0.10376
-0.0917626
-0.0792207
-0.0662243
-0.0528659
-0.0392399
-0.0254424
-0.0115701
0.00228028
0.0160126
0.029532
0.0427458
0.0555639
0.0678995
0.0796698
0.0907963
0.101206
0.11083
0.119608
0.127484
0.134409
0.140342
0.145248
0.149101
0.151881
0.153578
0.154187
0.153713
0.152168
0.149572
0.14595
0.141336
0.135771
0.129301
0.12198
0.113864
0.105018
0.0955092
0.0854089
0.0747925
0.0637378
0.0523252
0.0406365
0.0287549
0.0167638
0.00474676
-0.00721345
-0.0190353
-0.030639
-0.0419471
-0.0528852
-0.0633821
-0.0733705
-0.0827874
-0.0915744
-0.0996783
-0.107051
-0.113651
-0.119441
-0.124391
-0.128477
-0.131682
-0.133994
-0.135409
-0.135928
-0.135559
-0.134316
-0.132218
-0.129293
-0.125571
-0.121088
-0.115887
-0.110013
-0.103516
-0.0964515
-0.0888759
-0.0808498
-0.072436
-0.0636993
-0.0547059
-0.0455231
-0.0362186
-0.0268604
-0.0175157
-0.00825113
0.000868151
0.00977878
0.0184196
0.0267319
0.0346603
0.0421523
0.0491594
0.0556369
0.0615444
0.0668458
0.07151
0.0755102
0.0788252
0.0814382
0.0833379
0.084518
0.0849772
0.0847194
0.0837533
0.0820924
0.0797549
0.0767635
0.073145
0.0689304
0.0641543
0.0588549
0.0530734
0.0468541
0.0402437
0.033291
0.0260467
0.018563
0.0108931
0.00309077
-0.00478961
-0.0126939
-0.0205684
-0.0283601
-0.0360173
-0.0434896
-0.0507285
-0.0576878
-0.0643235
-0.0705943
-0.0764619
-0.0818911
-0.0868502
-0.0913107
-0.0952482
-0.0986417
-0.101474
-0.103733
-0.105409
-0.106497
-0.106996
-0.106908
-0.106242
-0.105006
-0.103215
-0.100887
-0.0980415
-0.0947033
-0.0908986
-0.0866569
-0.0820099
-0.0769914
-0.0716371
-0.0659846
-0.0600725
-0.0539409
-0.0476303
-0.0411822
-0.034638
-0.0280395
-0.0214279
-0.0148441
-0.00832816
-0.00191898
0.00434569
0.0104296
0.0162984
0.0219195
0.0272625
0.0322992
0.0370038
0.0413532
0.0453267
0.0489063
0.052077
0.0548263
0.0571447
0.0590253
0.0604643
0.0614605
0.0620154
0.0621335
0.0618215
0.0610889
0.0599477
0.0584121
0.0564985
0.0542255
0.0516135
0.0486847
0.0454627
0.0419725
0.0382405
0.0342936
0.0301599
0.0258678
0.0214462
0.016924
0.0123303
0.0076938
0.00304299
-0.00159422
-0.00619059
-0.0107197
-0.0151562
-0.0194756
-0.023655
-0.0276726
-0.0315082
-0.0351431
-0.0385605
-0.0417452
-0.0446837
-0.0473647
-0.0497788
-0.0519182
-0.0537775
-0.055353
-0.0566431
-0.0576481
-0.05837
-0.0588127
-0.0589819
-0.058885
-0.0585308
-0.0579299
-0.0570939
-0.0560359
-0.0547704
-0.0533125
-0.0516786
-0.0498857
-0.0479517
-0.0458947
-0.0437334
-0.0414867
-0.0391737
-0.0368132
-0.0344243
-0.0320252
-0.0296343
-0.0272691
-0.0249465
-0.0226829
-0.0204938
-0.0183936
-0.016396
-0.0145137
-0.0127581
-0.0111396
-0.00966741
-0.00834949
-0.00719254
-0.00620194
-0.00538181
-0.0047349
-0.00426265
-0.0039652
-0.00384138
-0.00388873
-0.00410359
-0.00448109
-0.00501525
-0.00569902
-0.00652432
-0.0074822
-0.00856282
-0.0097556
-0.0110493
-0.0124321
-0.0138917
-0.0154153
-0.0169901
-0.0186029
-0.0202403
-0.0218893
-0.0235366
-0.0251694
-0.026775
-0.0283413
-0.0298565
-0.0313094
-0.0326893
-0.0339863
-0.0351911
-0.0362952
-0.0372908
-0.038171
-0.0389296
-0.0395614
-0.0400619
-0.0404277
-0.0406562
-0.0407455
-0.0406948
-0.0405044
-0.040175
-0.0397086
-0.0391077
-0.038376
-0.0375175
-0.0365374
-0.0354412
-0.0342351
-0.0329259
-0.0315209
-0.0300277
-0.0284546
-0.0268097
-0.0251019
-0.0233402
-0.0215335
-0.0196913
-0.0178231
-0.0159383
-0.0140468
-0.0121581
-0.010282
-0.00842811
-0.00660587
-0.00482463
-0.00309347
-0.00142116
0.00018387
0.00171364
0.00316063
0.00451784
0.00577882
0.00693767
0.00798913
0.00892851
0.00975172
0.0104553
0.0110364
0.0114927
0.0118225
0.0120247
0.0120987
0.0120447
0.0118633
0.0115555
0.0111233
0.0105688
0.00989504
0.00910532
0.00820359
0.00719427
0.00608221
0.00487272
0.0035715
0.00218459
0.000718367
-0.000820495
-0.00242507
-0.00408822
-0.00580257
-0.00756063
-0.0093547
-0.011177
-0.0130197
-0.0148749
-0.0167347
-0.0185911
-0.0204364
-0.0222628
-0.0240628
-0.0258291
-0.0275547
-0.0292326
-0.0308565
-0.0324202
-0.0339178
-0.035344
-0.0366935
-0.0379616
-0.0391439
-0.0402361
-0.0412345
-0.0421356
-0.0429362
-0.0436333
-0.0442246
-0.0447077
-0.045081
-0.0453431
-0.0454932
-0.0455309
-0.0454563
-0.04527
-0.0449733
-0.0445677
-0.0440557
-0.0434397
-0.042723
-0.0419091
-0.041002
-0.040006
-0.0389257
-0.037766
-0.0365319
-0.035229
-0.0338626
-0.0324386
-0.0309628
-0.0294414
-0.0278804
-0.0262864
-0.0246655
-0.0230244
-0.0213696
-0.0197076
-0.0180449
-0.0163881
-0.0147434
-0.0131172
-0.0115154
-0.00994423
-0.00840926
-0.00691608
-0.00547005
-0.00407628
-0.00273968
-0.00146488
-0.000256289
0.000881967
0.00194606
0.00293246
0.00383802
0.00465993
0.00539581
0.00604371
0.00660215
0.00707011
0.00744708
0.00773303
0.00792841
0.00803415
0.00805162
0.00798259
0.00782922
0.00759399
0.0072797
0.00688939
0.00642633
0.00589399
0.005296
0.00463616
0.00391838
0.00314669
0.00232523
0.00145824
0.000550022
-0.000395043
-0.00137254
-0.00237802
-0.00340705
-0.00445521
-0.00551815
-0.00659161
-0.00767141
-0.00875355
-0.00983416
-0.0109095
-0.0119743
-0.0130192
-0.0140387
-0.0150282
-0.0159831
-0.0168995
-0.0177733
-0.0186012
-0.0193798
-0.0201065
-0.0207785
-0.0213939
-0.0219509
-0.022448
-0.0228842
-0.0232589
-0.0235718
-0.023823
-0.0240128
-0.024142
-0.0242117
-0.024223
-0.0241775
-0.0240769
-0.0239231
-0.0237181
-0.0234641
-0.0231634
-0.0228182
-0.022431
-0.0220043
-0.0215405
-0.0210422
-0.0205119
-0.0199524
-0.0193663
-0.0187562
-0.0181248
-0.0174749
-0.0168093
-0.0161305
-0.0154414
-0.0147447
-0.0140429
-0.0133387
-0.0126346
-0.0119332
-0.0112367
-0.0105477
-0.00986829
-0.00920064
-0.00854684
-0.00790883
-0.00728847
-0.00668751
-0.00610756
-0.00555011
-0.00501654
-0.00450805
-0.00402571
-0.00357042
-0.00314293
-0.00274378
-0.00237333
-0.00203177
-0.00171906
-0.00143499
-0.00117913
-0.000950855
-0.000749365
-0.000573659
-0.000422569
-0.000294763
-0.000188763
-0.000102963
-3.56416e-05
1.50118e-05
5.08781e-05
7.38843e-05
8.59796e-05
8.91099e-05
8.51921e-05
7.60874e-05
6.35755e-05
4.93287e-05
3.48871e-05
2.16351e-05
1.07798e-05
3.33211e-06
8.96258e-08
0
0
0
0
0
0
0
0
0
0
0
0
0
0
0
0
0
0
0
0
-0
-0
-0
-0
-0
-0
-0
-0
-0
-0
-0
-0
-0
-0
-0
-0
-0
-0
-0
-0
-0
-0
-0
-0
-0
-0
-0
-0
-0
-0
-0
-0
-0
-0
-0
-0
-0
-0
-0
-0
-0
-0
-0
-0
-0
-0
-0
-0
-0
-0
-0
-0
-0
-0
-0
-0
-0
0
0
0
0
0
0
0
0
0
0
0
0
0
0
0
0
0
0
0
0
0
0
0
0
0
0
0
0
0
0
0
0
0
0
0
0
0
0
0
0
0
0
0
0
0
0
0
-0
-0
-0
-0
-0
-0
-0
-0
-0
-0
-0
-0
-0
-0
-0
-0
-0
-0
-0
-0
-0
-0
-0
-0
-0
-0
-0
-0
-0
-0
-0
-0
-0
-0
-0
-0
-0
-0
-0
-0
-0
-0
-0
-0
-0
-0
-0
-0
0
0
0
0
0
0
0
0
0
0
0
0
0
0
0
0
0
0
0
0
0
0
0
0
0
0
0
0
0
3.35581e-07
1.27744e-05
4.25986e-05
8.88086e-05
0.000150121
0.000225002
0.000311689
0.000408239
0.000512561
0.000622462
0.0007357
0.000850017
0.000963197
0.00107312
0.00117781
0.00127548
0.00136457
0.00144379
0.00151218
0.00156908
0.00161428
0.00164786
0.00167036
0.00168272
0.00168634
0.00168304
0.00167505
0.00166502
0.00165603
0.00165158
0.00165559
0.00167224
0.00170608
0.00176195
0.00184493
0.00196035
0.00211355
0.00230998
0.00255509
0.00285424
0.00321274
0.00363551
0.00412723
0.00469224
0.00533444
0.00605728
0.00686359
0.00775566
0.00873516
0.00980317
0.0109601
0.0122058
0.0135393
0.0149593
0.0164637
0.0180499
0.0197147
0.0214546
0.0232654
0.0251426
0.0270809
0.029075
0.0311187
0.0332057
0.0353289
0.0374808
0.0396534
0.0418383
0.0440267
0.0462092
0.0483761
0.0505176
0.0526239
0.0546851
0.0566913
0.058633
0.0605014
0.0622882
0.0639857
0.0655872
0.0670865
0.0684788
0.0697602
0.0709273
0.0719778
0.0729099
0.0737229
0.0744164
0.0749906
0.0754459
0.075785
0.0760423
0.076231
0.076353
0.0764103
0.0764044
0.0763377
0.0762126
0.0760315
0.0757973
0.0755127
0.0751816
0.0748077
0.074395
0.0739477
0.0734702
0.0729672
0.0724435
0.0719038
0.0713526
0.0707942
0.0702333
0.0696742
0.0691209
0.0685772
0.0680467
0.0675332
0.0670399
0.0665701
0.0661269
0.0657129
0.0653309
0.0649836
0.0646729
0.064401
0.0641691
0.0639787
0.0638306
0.063725
0.0636619
0.0636407
0.0636603
0.0637192
0.0638155
0.0639468
0.0641103
0.064303
0.0645216
0.0647623
0.0650214
0.0652951
0.0655792
0.0658695
0.0661621
0.0664525
0.0667368
0.0670109
0.0672708
0.0675129
0.0677333
0.0679286
0.0680957
0.068232
0.068335
0.0684024
0.068432
0.0684231
0.068375
0.0682871
0.0681597
0.0679919
0.067786
0.0675432
0.0672654
0.0669547
0.0666119
0.0662414
0.0658463
0.06543
0.0649959
0.0645458
0.0640855
0.063619
0.0631503
0.0626836
0.0622205
0.0617672
0.0613278
0.0609059
0.060505
0.0601263
0.0597751
0.0594541
0.0591659
0.0589127
0.0586946
0.0585149
0.0583749
0.0582755
0.0582174
0.0582002
0.0582248
0.0582907
0.0583977
0.0585447
0.0587317
0.0589564
0.0592169
0.0595112
0.0598368
0.060194
0.0605766
0.0609811
0.0614038
0.0618405
0.062292
0.0627484
0.063205
0.0636568
0.0640987
0.0645329
0.0649472
0.0653364
0.0656957
0.0660202
0.0663147
0.0665653
0.066768
0.0669187
0.0670135
0.067059
0.0670418
0.0669587
0.066807
0.0665842
0.0662981
0.0659372
0.0655003
0.0649867
0.0643963
0.0637374
0.0630033
0.0621957
0.0613168
0.0603696
0.0593617
0.058293
0.057168
0.0559914
0.0547686
0.0535031
0.0522023
0.0508717
0.049517
0.048144
0.0467498
0.0453486
0.0439461
0.0425479
0.0411598
0.039771
0.0384036
0.0370632
0.0357555
0.0344861
0.0332372
0.0320377
0.0308929
0.029808
0.0287875
0.0278068
0.0268986
0.0260664
0.0253126
0.0246392
0.0240158
0.0234746
0.0230152
0.0226367
0.0223372
0.0220846
0.0219055
0.021796
0.0217518
0.0217676
0.0218151
0.0219109
0.0220483
0.0222201
0.0224188
0.0226257
0.0228432
0.0230628
0.023276
0.0234739
0.0236539
0.0238016
0.0239085
0.0239667
0.0239688
0.0239333
0.0238281
0.0236473
0.0233859
0.0230394
0.0226497
0.0221682
0.0215928
0.0209221
0.0201556
0.0193568
0.0184638
0.017479
0.0164057
0.0152482
0.0140862
0.0128521
0.0115537
0.0101999
0.00880089
0.00744405
0.00606528
0.00467752
0.00329461
0.00193108
0.000669084
-0.00054342
-0.0016912
-0.00275893
-0.00373139
-0.00454731
-0.00523863
-0.00579148
-0.00619245
-0.00642871
-0.00647316
-0.00632936
-0.00598671
-0.00543539
-0.00466638
-0.00369547
-0.00249179
-0.00104948
0.00063609
0.00256816
0.00468348
0.00704725
0.00965793
0.0125121
0.0156042
0.0188246
0.0222665
0.0259184
0.029767
0.0337969
0.0378617
0.0420716
0.0464062
0.0508433
0.055359
0.0597886
0.0642458
0.0687036
0.073134
0.0775081
0.0816666
0.0857095
0.0896069
0.0933289
0.096845
0.100027
0.102945
0.10557
0.107874
0.109831
0.11137
0.112514
0.113242
0.113535
0.113377
0.112769
0.111684
0.110113
0.108049
0.105489
0.102519
0.0990563
0.0951066
0.090679
0.0857857
0.0805903
0.0749627
0.068924
0.0624985
0.0557133
0.0487912
0.0415718
0.0340901
0.0263837
0.0184928
0.0106689
0.00274619
-0.00522993
-0.0132125
-0.0211533
-0.0288105
-0.0363274
-0.043655
-0.0507439
-0.0575451
-0.0638696
-0.0698123
-0.0753286
-0.0803762
-0.0849144
-0.0888461
-0.0921965
-0.0949346
-0.0970328
-0.0984672
-0.0992584
-0.09935
-0.0987304
-0.0973924
-0.0953335
-0.0927003
-0.0893545
-0.0853071
-0.0805741
-0.0751763
-0.0693742
-0.0629626
-0.0559757
-0.0484526
-0.0404369
-0.0322702
-0.0237096
-0.0148096
-0.00562851
0.00377219
0.0130208
0.0223595
0.0317213
0.0410374
0.0502379
0.0589839
0.0674754
0.0756443
0.0834235
0.0907473
0.0973728
0.103419
0.10883
0.113553
0.117536
0.120688
0.123016
0.124485
0.125067
0.124736
0.12358
0.121481
0.118433
0.114438
0.109501
0.10389
0.0973702
0.0899666
0.0817109
0.0726418
0.0631809
0.0530003
0.0421547
0.030705
0.0187172
0.00670992
-0.00569102
-0.0184082
-0.0313604
-0.0444632
-0.0571803
-0.0698745
-0.0824578
-0.0948415
-0.106937
-0.118279
-0.129158
-0.139492
-0.149198
-0.158198
-0.166184
-0.17332
-0.179539
-0.184783
-0.188997
-0.192091
-0.194065
-0.194882
-0.194517
-0.192948
-0.190337
-0.186504
-0.181453
-0.175195
-0.167749
-0.159519
-0.150165
-0.139728
-0.128259
-0.115817
-0.102996
-0.0893369
-0.0749171
-0.0598194
-0.0441324
-0.0285557
-0.0125789
0.00369869
0.0201744
0.0367425
0.0527073
0.0685513
0.0841683
0.0994521
0.114297
0.128126
0.141314
0.153766
0.165391
0.1761
0.185536
0.1939
0.201125
0.20715
0.211921
0.215367
0.217476
0.218218
0.217576
0.215537
0.212341
0.207755
0.201795
0.194487
0.185867
0.176457
0.165833
0.154055
0.141192
0.127323
0.11318
0.0982054
0.0824955
0.0661521
0.0492824
0.0327126
0.0158386
-0.00122628
-0.0183666
-0.035466
-0.0517379
-0.0677406
-0.0833639
-0.0984997
-0.113043
-0.126378
-0.138925
-0.150598
-0.161313
-0.170995
-0.179301
-0.186445
-0.192375
-0.197048
-0.200428
-0.202507
-0.203251
-0.20265
-0.200706
-0.197429
-0.19315
-0.187583
-0.180764
-0.172736
-0.163551
-0.153828
-0.143071
-0.131352
-0.118749
-0.105345
-0.0919515
-0.0779384
-0.0634009
-0.048438
-0.0331525
-0.0184182
-0.0035689
0.0112918
0.0260597
0.0406309
0.0542088
0.0673901
0.0800804
0.092188
0.103625
0.1138
0.123146
0.131592
0.139075
0.145537
0.150685
0.154721
0.157608
0.159322
0.159844
0.159227
0.157408
0.154392
0.150195
0.14484
0.138718
0.131508
0.123255
0.114012
0.103837
0.0933901
0.082145
0.070175
0.0575578
0.0443758
0.0314485
0.0181266
0.00449726
-0.0093505
-0.0233261
-0.036579
-0.0497814
-0.0628468
-0.0756899
-0.0882268
-0.0997091
-0.11073
-0.121217
-0.131105
-0.140332
-0.148366
-0.155633
-0.16209
-0.1677
-0.172434
-0.176053
-0.178755
-0.18053
-0.181376
-0.181294
-0.180365
-0.178503
-0.175655
-0.171849
-0.167128
-0.161873
-0.155803
-0.148978
-0.141464
-0.133332
-0.125182
-0.116559
-0.10754
-0.0982044
-0.0886328
-0.0795206
-0.0703182
-0.0611001
-0.0519389
-0.0429045
-0.0346577
-0.0266495
-0.0189348
-0.0115643
-0.00458391
0.00148438
0.00710434
0.0122489
0.0168965
0.0210309
0.0243287
0.0271115
0.0293814
0.0311454
0.0324154
0.0330762
0.0332872
0.0330735
0.0324638
0.0314898
0.0302091
0.0286326
0.0267975
0.0247421
0.0225054
0.0202546
0.0178902
0.0154491
0.0129671
0.0104787
0.00819048
0.00594318
0.00376377
0.00167683
-0.000295742
-0.00196543
-0.00350346
-0.00489741
-0.00613768
-0.0072175
-0.00800068
-0.00863463
-0.00912068
-0.00946232
-0.00966499
-0.00965244
-0.00952948
-0.00930587
-0.00899227
-0.00860002
-0.00810053
-0.00755394
-0.00697195
-0.0063661
-0.00574755
-0.00511448
-0.00449242
-0.00389029
-0.00331607
-0.00277675
-0.00227783
-0.00182461
-0.00142064
-0.00106827
-0.000768662
-0.000522918
-0.000327912
-0.000181628
-8.10474e-05
-2.22291e-05
-4.1516e-07
-0
-0
-0
-0
-0
-0
-0
-0
-0
-0
-0
-0
-0
-0
-0
-0
-0
-0
0
0
0
0
0
0
0
0
0
0
0
0
0
0
0
0
0
0
0
0
0
0
0
0
0
0
0
0
0
0
0
0
0
0
0
0
0
0
0
0
0
0
0
0
0
