-0
-0
-0
-0
-0
-0
-0
-0
-0
-0
-0
-0
-0
-0
-0
-0
-0
-0
-0
-0
-0
-0
-0
-0
-0
-0
-0
-0
-0
-0
-0
-0
-0
-0
-0
-0
-0
-0
-0
-0
-0
-0
-0
-0
-0
-0
-0
-0
-0
-0
-0
0
0
0
0
0
0
0
0
0
0
0
0
0
0
0
0
0
0
0
0
0
0
0
0
0
0
0
0
0
0
0
0
0
0
0
0
0
0
0
0
0
0
0
0
0
0
0
0
0
0
0
0
0
0
0
0
0
0
0
-0
-0
-0
-0
-0
-0
-0
-0
-0
-0
-0
-0
-0
-0
-0
-0
-0
-0
-0
-0
-0
-0
-0
-0
-0
-0
-0
-0
-0
-0
-0
-0
-0
-0
-0
-0
-0
-0
-0
-0
-0
-0
-0
-0
-0
-0
-0
-0
-0
-0
0
0
0
0
0
0
0
0
0
0
0
0
0
0
0
0
0
0
0
0
0
0
0
0
0
0
0
0
0
0
0
0
0
0
0
0
0
0
0
0
0
0
0
-0
-0
-0
-0
-0
-0
-0
-0
-0
-0
-0
-0
-0
-0
-0
0
0
0
0
0
0
0
0
0
0
0
0
0
0
0
0
0
0
0
0
0
0
0
0
0
0
0
0
0
0
0
0
-0
-0
-0
-0
-0
-0
-0
-0
-0
-0
-0
-0
-0
-0
-0
-0
-0
-0
-0
-0
-0
-0
-0
-0
-0
-0
-0
-0
-0
-0
-0
-0
-0
-0
-0
-0
-0
-0
-0
-0
-0
-0
-0
-0
0
0
0
0
0
0
0
0
0
0
0
0
0
0
0
0
0
0
0
0
0
0
0
0
0
0
0
0
7.57556e-08
2.70928e-06
8.28287e-06
1.55345e-05
2.30418e-05
2.92494e-05
3.24997e-05
3.10665e-05
2.31909e-05
7.11905e-06
-1.88578e-05
-5.63632e-05
-0.000106895
-0.000171782
-0.000252149
-0.000348873
-0.000462555
-0.000593477
-0.000741586
-0.00090646
-0.00108729
-0.00128289
-0.00149164
-0.00171155
-0.0019402
-0.00217482
-0.00241227
-0.00264905
-0.00288137
-0.00310519
-0.00331623
-0.00351001
-0.00368196
-0.00382742
-0.00394171
-0.0040202
-0.00405837
-0.00405185
-0.00399653
-0.0038886
-0.0037246
-0.00350151
-0.00321682
-0.00286857
-0.00245542
-0.0019767
-0.00143243
-0.000823428
-0.000151251
0.000581728
0.00137234
0.0022166
0.00310977
0.00404634
0.00502006
0.00602405
0.00705077
0.00809216
0.00913965
0.0101842
0.0112166
0.0122272
0.0132062
0.0141437
0.0150299
0.015855
0.0166093
0.0172836
0.0178689
0.0183567
0.0187392
0.0190092
0.0191605
0.0191874
0.0190857
0.0188519
0.0184838
0.0179803
0.0173415
0.016569
0.0156652
0.0146342
0.0134809
0.0122116
0.0108335
0.00935517
0.00778575
0.00613548
0.00441533
0.00263699
0.000812749
-0.0010452
-0.00292671
-0.00482182
-0.00672038
-0.0086121
-0.0104866
-0.0123336
-0.0141426
-0.0159036
-0.0176063
-0.0192412
-0.0207985
-0.0222694
-0.023645
-0.0249173
-0.0260785
-0.0271217
-0.0280405
-0.0288291
-0.0294826
-0.0299967
-0.0303678
-0.0305932
-0.0306711
-0.0306004
-0.0303807
-0.0300126
-0.0294976
-0.0288378
-0.0280363
-0.027097
-0.0260246
-0.0248244
-0.0235027
-0.0220663
-0.0205227
-0.01888
-0.0171469
-0.0153326
-0.0134468
-0.0114994
-0.00950092
-0.00746193
-0.00539332
-0.00330609
-0.00121135
0.000879795
0.00295629
0.00500722
0.00702183
0.00898968
0.0109006
0.012745
0.0145135
0.0161975
0.0177887
0.0192798
0.0206638
0.0219347
0.023087
0.024116
0.0250179
0.0257893
0.0264281
0.0269324
0.0273014
0.0275351
0.027634
0.0275996
0.027434
0.0271401
0.0267216
0.0261826
0.0255282
0.0247642
0.0238966
0.0229323
0.0218786
0.0207434
0.0195347
0.0182609
0.0169308
0.0155533
0.0141372
0.0126916
0.0112254
0.00974747
0.00826654
0.00679113
0.00532949
0.00388962
0.00247916
0.00110539
-0.000224813
-0.00150505
-0.00272941
-0.00389251
-0.00498952
-0.00601625
-0.00696913
-0.00784523
-0.00864232
-0.00935885
-0.00999396
-0.0105475
-0.0110199
-0.0114123
-0.0117265
-0.0119649
-0.0121302
-0.012226
-0.0122559
-0.0122244
-0.0121361
-0.0119959
-0.0118091
-0.0115813
-0.0113183
-0.0110258
-0.0107101
-0.0103771
-0.010033
-0.0096838
-0.00933559
-0.00899414
-0.00866505
-0.00835364
-0.0080649
-0.00780341
-0.00757332
-0.00737831
-0.00722155
-0.00710564
-0.00703266
-0.00700411
-0.00702089
-0.00708335
-0.00719126
-0.00734382
-0.00753965
-0.00777684
-0.00805292
-0.00836488
-0.0087092
-0.00908185
-0.0094783
-0.00989358
-0.0103223
-0.0107586
-0.0111963
-0.0116291
-0.0120502
-0.0124527
-0.0128296
-0.0131741
-0.013479
-0.0137374
-0.0139428
-0.0140886
-0.0141687
-0.0141772
-0.0141087
-0.0139582
-0.0137213
-0.0133941
-0.0129732
-0.0124559
-0.01184
-0.0111241
-0.0103076
-0.00939031
-0.0083732
-0.00725779
-0.00604648
-0.00474246
-0.00334975
-0.00187318
-0.00031836
0.00130833
0.00299978
0.00474819
0.00654515
0.00838164
0.0102481
0.0121347
0.0140308
0.0159259
0.0178088
0.0196685
0.0214934
0.0232722
0.0249934
0.0266454
0.0282169
0.0296968
0.031074
0.032338
0.0334785
0.0344858
0.0353509
0.0360653
0.0366212
0.0370118
0.0372311
0.0372741
0.0371368
0.0368161
0.03631
0.0356178
0.0347395
0.0336765
0.0324309
0.0310062
0.0294066
0.0276376
0.0257053
0.0236171
0.0213811
0.0190064
0.016503
0.0138816
0.0111541
0.00833275
0.00543084
0.00246225
-0.00055849
-0.00361629
-0.0066956
-0.00978046
-0.0128547
-0.0159019
-0.0189056
-0.0218495
-0.0247175
-0.0274937
-0.0301627
-0.0327097
-0.0351203
-0.0373812
-0.0394796
-0.0414039
-0.0431432
-0.0446879
-0.0460293
-0.04716
-0.0480736
-0.0487651
-0.0492306
-0.0494675
-0.0494745
-0.0492514
-0.0487995
-0.0481211
-0.0472199
-0.0461007
-0.0447695
-0.0432334
-0.0415006
-0.0395804
-0.0374828
-0.0352191
-0.0328012
-0.0302417
-0.0275542
-0.0247526
-0.0218515
-0.0188661
-0.0158117
-0.0127039
-0.00955879
-0.00639226
-0.00322035
-5.89921e-05
0.00307602
0.00616915
0.0092052
0.0121694
0.0150474
0.0178255
0.0204906
0.0230303
0.0254329
0.0276877
0.0297847
0.0317148
0.03347
0.0350432
0.0364283
0.0376203
0.0386151
0.03941
0.0400031
0.0403938
0.0405822
0.04057
0.0403594
0.0399541
0.0393584
0.0385777
0.0376184
0.0364876
0.0351933
0.0337442
0.0321496
0.0304196
0.0285649
0.0265964
0.0245257
0.0223647
0.0201255
0.0178207
0.0154627
0.0130642
0.0106379
0.00819647
0.00575239
0.00331802
0.000905486
-0.00147342
-0.00380725
-0.00608499
-0.00829608
-0.0104305
-0.0124788
-0.0144321
-0.0162822
-0.0180216
-0.0196435
-0.0211419
-0.0225114
-0.0237475
-0.0248464
-0.0258052
-0.0266217
-0.0272945
-0.0278229
-0.0282071
-0.028448
-0.0285471
-0.0285067
-0.0283299
-0.0280203
-0.027582
-0.0270199
-0.0263393
-0.0255461
-0.0246466
-0.0236475
-0.0225561
-0.0213797
-0.0201261
-0.0188034
-0.0174197
-0.0159835
-0.0145031
-0.0129873
-0.0114445
-0.00988317
-0.00831184
-0.00673877
-0.0051721
-0.00361973
-0.00208932
-0.000588236
0.000876477
0.00229814
0.00367044
0.00498749
0.00624383
0.00743442
0.00855473
0.00960065
0.0105686
0.0114555
0.0122588
0.0129763
0.0136065
0.0141483
0.0146012
0.0149651
0.0152404
0.0154281
0.0155295
0.0155464
0.0154811
0.0153362
0.0151147
0.01482
0.0144556
0.0140255
0.013534
0.0129852
0.0123839
0.0117348
0.0110427
0.0103124
0.00954916
0.00875784
0.00795024
0.00713804
0.00632099
0.00549862
0.00467041
0.00383585
0.00299456
0.0021463
0.00129113
0.000429379
-0.000438262
-0.0013107
-0.00218643
-0.0030635
-0.00393951
-0.0048116
-0.0056765
-0.00653052
-0.00736959
-0.00818931
-0.00898499
-0.00975173
-0.0104844
-0.011178
-0.0118271
-0.0124268
-0.0129719
-0.0134578
-0.0138798
-0.0142339
-0.0145162
-0.0147237
-0.0148535
-0.0149037
-0.0148727
-0.0147599
-0.0145654
-0.0142898
-0.0139349
-0.013503
-0.0129972
-0.0124215
-0.0117808
-0.0110804
-0.0103267
-0.00952634
-0.00868691
-0.00781631
-0.00692296
-0.00601557
-0.00510315
-0.00419483
-0.00329983
-0.0024273
-0.00158624
-0.000785407
-3.32316e-05
0.000662307
0.00129375
0.00185423
0.0023376
0.00273843
0.00305215
0.00327506
0.00340442
0.00343845
0.00337641
0.00321859
0.00296632
0.00262197
0.00218895
0.00167161
0.00107524
0.000406012
-0.000329161
-0.00112265
-0.00196625
-0.00285124
-0.00376853
-0.00470874
-0.0056623
-0.00661957
-0.00757088
-0.00850671
-0.00941769
-0.0102947
-0.0111291
-0.0119124
-0.012636
-0.0132916
-0.0138756
-0.0143857
-0.0148173
-0.0151665
-0.0154313
-0.0156079
-0.0156947
-0.0156906
-0.0155957
-0.0154113
-0.0151383
-0.014779
-0.0143366
-0.0138147
-0.0132171
-0.0125496
-0.0118176
-0.0110273
-0.010185
-0.0092953
-0.00836762
-0.00740936
-0.00642804
-0.00543135
-0.00442285
-0.00341447
-0.00241388
-0.00142862
-0.00046605
0.00047262
0.0013747
0.0022338
0.00304397
0.00379976
0.0045034
0.00514333
0.0057158
0.00621767
0.00664647
0.00700798
0.0072933
0.00750185
0.0076337
0.00768955
0.00767771
0.00759299
0.00743783
0.00721523
0.00692875
0.00658753
0.00619091
0.00574382
0.00525159
0.00471992
0.00415669
0.00356626
0.0029551
0.00232982
0.00169718
0.00106142
0.000431873
-0.000184761
-0.000781878
-0.00135303
-0.00189969
-0.00240814
-0.00287272
-0.00328813
-0.00364945
-0.0039653
-0.00421851
-0.00440559
-0.00452357
-0.00457006
-0.00456112
-0.00447757
-0.00431877
-0.00408475
-0.00377613
-0.00341542
-0.00298317
-0.00248184
-0.00191452
-0.00128492
-0.000619597
9.89233e-05
0.000865255
0.00167343
0.00251667
0.00336717
0.00423723
0.00511842
0.00600189
0.00687835
0.00772372
0.00854278
0.00932563
0.0100623
0.0107427
0.0113517
0.0118848
0.0123326
0.0126859
0.012936
0.0130821
0.0131092
0.0130106
0.01278
0.012412
0.0119237
0.0112899
0.0105078
0.00957582
0.00849318
0.00729621
0.00595041
0.00445834
0.0028237
0.00105139
-0.000804498
-0.00278486
-0.00488137
-0.00708452
-0.0093836
-0.0117111
-0.0141099
-0.0165664
-0.0190658
-0.0215923
-0.0240727
-0.0265469
-0.0289973
-0.0314058
-0.033754
-0.0359731
-0.0380946
-0.0400998
-0.0419702
-0.0436875
-0.0451994
-0.0465232
-0.0476425
-0.0485416
-0.0492055
-0.0496086
-0.0497501
-0.0496185
-0.0492037
-0.0484969
-0.0475075
-0.0462134
-0.0446107
-0.0426973
-0.0404727
-0.0379856
-0.0351922
-0.032098
-0.0287102
-0.0250381
-0.0211686
-0.017039
-0.0126642
-0.00806119
-0.0032485
0.00165568
0.00672737
0.0119432
0.0172785
0.0227069
0.0280916
0.0335139
0.0389448
0.0443545
0.0497122
0.0548791
0.0599321
0.0648402
0.0695724
0.0740977
0.0782939
0.0822234
0.0858575
0.0891686
0.0921302
0.0946555
0.0967828
0.0984906
0.0997591
0.100571
0.10089
0.100724
0.100062
0.0988961
0.0972213
0.0950622
0.0923916
0.0892126
0.0855309
0.0813552
0.0767726
0.0717219
0.0662202
0.0602872
0.0539456
0.0473374
0.040373
0.033082
0.0254964
0.0176502
0.0097258
0.00161422
-0.0066457
-0.0150137
-0.0234483
-0.0317487
-0.040031
-0.0482521
-0.056369
-0.0643386
-0.0719672
-0.0793642
-0.0864886
-0.0933007
-0.0997621
-0.105712
-0.111239
-0.116311
-0.120897
-0.124969
-0.12842
-0.131309
-0.133615
-0.135321
-0.136413
-0.136855
-0.136665
-0.135839
-0.134376
-0.13228
-0.12959
-0.126281
-0.122368
-0.117866
-0.112795
-0.107267
-0.101218
-0.0946775
-0.087677
-0.0802504
-0.0725654
-0.0645289
-0.0561809
-0.0475631
-0.0387189
-0.0298506
-0.0208453
-0.0117481
-0.00260515
0.00653766
0.0154701
0.0243116
0.0330183
0.0415469
0.0498554
0.057753
0.0653516
0.0726151
0.079509
0.0860014
0.0919448
0.0974308
0.102436
0.106939
0.110923
0.1143
0.117131
0.119408
0.121125
0.122281
0.122856
0.122873
0.122342
0.12127
0.119672
0.11759
0.115015
0.111966
0.108466
0.10454
0.100287
0.0956626
0.090698
0.0854248
0.0798758
0.0741854
0.0682877
0.0622173
0.0560096
0.0497
0.0434374
0.0371423
0.0308485
0.0245888
0.0183953
0.0124101
0.00655093
0.000845437
-0.0046804
-0.0100023
-0.015003
-0.0197572
-0.0242467
-0.0284554
-0.0323695
-0.035909
-0.0391329
-0.0420344
-0.0446088
-0.0468538
-0.0487317
-0.0502821
-0.0515092
-0.0524195
-0.0530211
-0.0533161
-0.0533242
-0.0530585
-0.0525338
-0.0517661
-0.0507885
-0.049603
-0.0482283
-0.0466837
-0.0449894
-0.043197
-0.0412955
-0.0393054
-0.0372468
-0.03514
-0.033041
-0.0309321
-0.0288314
-0.0267561
-0.0247225
-0.0227784
-0.0209048
-0.0191139
-0.0174168
-0.0158229
-0.0143629
-0.0130205
-0.0118007
-0.0107066
-0.00974001
-0.00891105
-0.00820874
-0.00763048
-0.00717228
-0.00682876
-0.00659136
-0.00645431
-0.00640875
-0.00644476
-0.00655143
-0.00670805
-0.00691128
-0.00714825
-0.00740554
-0.0076694
-0.00791678
-0.00814304
-0.00833453
-0.00847785
-0.00855995
-0.00856646
-0.00848754
-0.00831226
-0.00803053
-0.00763317
-0.00712368
-0.0064835
-0.00570685
-0.00478919
-0.00372723
-0.00254762
-0.00122114
0.000251424
0.00186786
0.00362453
0.00547094
0.0074461
0.00954226
0.0117502
0.0140595
0.0164003
0.018818
0.0212988
0.023828
0.02639
0.0289052
0.0314201
0.0339175
0.0363798
0.0387891
0.0410689
0.04326
0.0453448
0.047306
0.0491266
0.0507463
0.0521932
0.0534522
0.0545094
0.0553515
0.0559468
0.0563043
0.0564148
0.0562703
0.0558644
0.0552024
0.054271
0.0530688
0.0515961
0.0498548
0.0478903
0.0456663
0.0431898
0.0404695
0.0375156
0.0344101
0.0310958
0.0275873
0.0239002
0.0200518
0.0161508
0.0121255
0.00799567
0.00378207
-0.00049381
-0.00470963
-0.00894344
-0.0131727
-0.0173746
-0.0215263
-0.0255084
-0.0293951
-0.0331648
-0.0367961
-0.0402682
-0.0434812
-0.0464966
-0.0492965
-0.0518645
-0.0541855
-0.0561934
-0.0579283
-0.0593796
-0.0605382
-0.0613969
-0.061933
-0.0621597
-0.0620749
-0.0616786
-0.060972
-0.0599789
-0.0586838
-0.0570931
-0.0552151
-0.0530597
-0.0506933
-0.0480733
-0.0452138
-0.0421301
-0.0388387
-0.0354398
-0.0318694
-0.028147
-0.0242928
-0.0203277
-0.0163713
-0.0123472
-0.00827714
-0.00418315
-8.73007e-05
0.00388804
0.00782213
0.0116924
0.0154701
0.0191288
0.0225542
0.0258126
0.0288826
0.0317445
0.0343807
0.0367099
0.0387854
0.0405963
0.0421341
0.0433929
0.0443346
0.0449932
0.0453699
0.0454685
0.0452951
0.044856
0.0441636
0.0432304
0.0420706
0.0407003
0.0391623
0.037449
0.0355798
0.0335751
0.0314559
0.0292875
0.0270454
0.0247503
0.0224231
0.0200837
0.0178037
0.0155468
0.0133304
0.0111707
0.00908247
0.00712893
0.00526972
0.00351532
0.00187474
0.000355477
-0.000996759
-0.00222018
-0.0033121
-0.00427131
-0.00509802
-0.00576742
-0.00631108
-0.00673325
-0.00703924
-0.00723537
-0.00731552
-0.0073022
-0.00720392
-0.00702963
-0.0067886
-0.00648713
-0.00613814
-0.00575096
-0.00533471
-0.0048982
-0.00445269
-0.00400271
-0.00355553
-0.00311775
-0.00269529
-0.00229817
-0.001925
-0.0015794
-0.00126416
-0.000981306
-0.000736195
-0.000524195
-0.000345129
-0.000198154
-8.18096e-05
3.65874e-06
6.38049e-05
0.000101462
0.000119798
0.000122242
0.000111722
9.30296e-05
6.97864e-05
4.55558e-05
2.37702e-05
7.6433e-06
2.11293e-07
0
0
0
0
0
0
0
0
0
0
0
0
0
0
0
0
0
0
0
0
0
0
0
0
0
0
0
0
0
0
0
0
0
0
0
0
-0
-0
-0
-0
-0
-0
-0
-0
-0
-0
-0
-0
-0
-0
-0
-0
-0
-0
-0
-0
-0
-0
-0
-0
-0
-0
-0
-0
-0
-0
-0
-0
-0
-0
-0
0
0
0
0
0
0
0
0
0
0
0
0
0
0
0
0
0
0
0
0
0
0
0
0
0
0
0
0
0
0
0
0
0
0
0
0
0
0
0
0
0
0
0
0
0
0
0
0
0
0
0
0
0
0
0
0
0
0
0
0
0
0
0
0
0
0
0
0
0
0
0
0
0
0
0
0
0
0
0
0
0
0
0
0
0
0
0
0
0
0
0
0
0
0
0
0
0
0
0
0
0
0
0
0
0
0
0
0
0
0
0
0
0
0
0
0
0
0
0
0
0
0
0
0
0
0
0
0
0
0
0
0
0
0
0
0
0
0
0
0
0
0
0
0
0
0
0
0
0
0
0
0
0
0
0
0
0
0
0
0
0
0
0
0
0
0
0
0
0
0
0
0
0
0
0
0
0
0
0
0
0
0
0
0
0
0
0
0
0
0
0
0
0
0
0
0
0
0
0
0
0
0
0
0
0
0
0
0
0
0
0
0
0
0
0
0
-0
-0
-0
-0
-0
-0
-0
-0
-0
-0
-0
-0
-0
-0
-0
-0
-0
-0
-0
-0
-0
-0
-0
-0
-0
-0
-0
-0
-0
-0
-0
-0
-0
-0
-0
