0
0
0
0
0
0
0
0
0
0
0
-0
-0
-0
-0
-0
-0
-0
-0
-0
-0
-0
-0
-0
-0
-0
-0
-0
-0
-0
-0
-0
-0
-0
-0
-0
-0
-0
-0
-0
-0
-0
-0
-0
-0
-0
-0
-0
-0
-0
-0
-0
-0
-0
-0
-0
-0
-0
0
0
0
0
0
0
0
0
0
0
0
0
0
0
0
0
0
0
0
0
0
0
0
0
0
0
0
0
0
0
0
0
0
0
0
0
0
0
0
0
0
-0
-0
-0
-0
-0
-0
-0
-0
-0
-0
-0
-0
-0
-0
-0
-0
-0
-0
-0
-0
-0
-0
-0
-0
-0
-0
-0
-0
-0
-0
-0
-0
-0
-0
-0
-0
-0
-0
-0
-0
-0
-0
0
0
0
0
0
0
0
0
0
0
0
0
0
0
0
0
0
0
0
0
0
0
0
0
0
0
0
0
0
0
0
0
0
0
0
0
0
0
0
0
0
0
0
0
0
0
0
0
0
0
0
0
0
0
0
-0
-0
-0
-0
-0
-0
-0
-0
-0
-0
-0
-0
-0
-0
-0
-0
-0
-0
-0
-0
-0
-0
-0
-0
-0
-0
-0
-0
-0
-0
-0
-0
-0
-0
-0
-0
-0
-0
-0
-0
-0
-0
0
0
0
0
0
0
0
0
0
0
0
0
0
0
0
0
0
0
0
0
0
0
0
0
0
0
0
0
0
0
0
0
0
0
0
0
0
0
0
0
0
0
0
0
0
-0
-0
-0
-0
-0
-0
-0
-0
-0
-0
-0
-0
-0
-0
-0
-0
-0
-0
-0
-0
-0
-0
-0
-0
-0
-0
-0
-0
-0
-0
-0
-0
-0
-0
-0
-0
-0
-0
-0
-0
-0
-0
-0
0
0
0
0
0
0
0
0
0
0
0
0
0
0
0
0
0
0
0
0
0
0
0
0
0
0
0
0
0
0
0
0
0
0
0
0
0
0
0
0
0
0
0
0
0
0
-0
-0
-0
-0
-0
-0
-0
-0
-0
-0
-0
-0
-6.26929e-07
-3.22383e-06
-8.06411e-06
-1.5331e-05
-2.51407e-05
-3.75396e-05
-5.25035e-05
-6.9937e-05
-8.9674e-05
-0.000111479
-0.000135052
-0.000160028
-0.000185985
-0.00021245
-0.000238902
-0.000264783
-0.000289505
-0.000312454
-0.000333004
-0.000350521
-0.000364375
-0.000373947
-0.000378643
-0.000377903
-0.000371207
-0.000358083
-0.000338113
-0.000310935
-0.000276257
-0.000233861
-0.000183612
-0.000125466
-5.94625e-05
1.42678e-05
9.55096e-05
0.000183958
0.000279216
0.000380797
0.000488123
0.00060054
0.000717315
0.000837645
0.000960655
0.0010854
0.00121087
0.00133604
0.00145986
0.00158126
0.00169922
0.00181266
0.00192054
0.00202176
0.00211526
0.00220002
0.00227508
0.0023396
0.00239281
0.00243401
0.00246257
0.00247791
0.00247954
0.00246708
0.00244031
0.00239912
0.00234351
0.00227358
0.00218955
0.0020917
0.00198047
0.00185642
0.00172021
0.00157262
0.0014145
0.00124676
0.00107043
0.000886615
0.000696503
0.000501351
0.000302428
0.000100997
-0.000101697
-0.000304405
-0.000505855
-0.000704741
-0.000899745
-0.00108958
-0.00127301
-0.0014489
-0.00161618
-0.00177387
-0.00192152
-0.00205908
-0.00218599
-0.00230173
-0.0024059
-0.00249813
-0.00257814
-0.00264566
-0.00270048
-0.00274243
-0.00277141
-0.00278742
-0.00279052
-0.00278084
-0.00275858
-0.00272395
-0.00267721
-0.00261867
-0.00254872
-0.00246782
-0.00237647
-0.00227523
-0.00216468
-0.00204543
-0.00191811
-0.00178339
-0.00164202
-0.00149473
-0.00134233
-0.00118559
-0.00102531
-0.000862267
-0.000697275
-0.00053115
-0.000364725
-0.000198828
-3.42691e-05
0.000128178
0.000287777
0.000443825
0.000595648
0.000742596
0.000884042
0.00101939
0.00114806
0.00126952
0.00138329
0.00148889
0.00158595
0.00167413
0.00175319
0.00182292
0.00188316
0.00193376
0.00197458
0.00200552
0.00202654
0.00203769
0.0020391
0.002031
0.00201366
0.00198733
0.0019523
0.00190883
0.00185726
0.00179799
0.00173146
0.00165821
0.00157875
0.00149364
0.0014034
0.0013086
0.00120982
0.00110765
0.00100271
0.000895602
0.000786907
0.000677212
0.000567118
0.000457256
0.000348272
0.000240792
0.000135395
3.25957e-05
-6.71371e-05
-0.000163345
-0.000255556
-0.000343283
-0.000426057
-0.000503467
-0.000575186
-0.00064097
-0.00070062
-0.000753955
-0.000800794
-0.000840977
-0.000874392
-0.000901009
-0.000920876
-0.000934096
-0.000940787
-0.000941065
-0.000935051
-0.000922903
-0.000904846
-0.000881182
-0.000852279
-0.00081854
-0.000780381
-0.000738222
-0.000692491
-0.00064364
-0.00059215
-0.000538523
-0.000483273
-0.000426922
-0.000370002
-0.000313057
-0.000256639
-0.000201284
-0.000147495
-9.57252e-05
-4.63887e-05
1.10049e-07
4.33459e-05
8.28634e-05
0.000118202
0.000148942
0.000174758
0.000195434
0.000210848
0.000220922
0.000225577
0.000224706
0.00021819
0.00020594
0.000187932
0.000164239
0.000135024
0.000100517
6.09986e-05
1.67836e-05
-3.17742e-05
-8.4274e-05
-0.000140265
-0.000199253
-0.000260714
-0.000324109
-0.00038889
-0.000454499
-0.000520349
-0.000585819
-0.000650244
-0.000712919
-0.000773117
-0.000830116
-0.000883227
-0.000931809
-0.000975277
-0.00101309
-0.00104471
-0.00106963
-0.00108729
-0.00109715
-0.00109871
-0.00109151
-0.00107518
-0.00104944
-0.00101405
-0.000968863
-0.000913749
-0.000848649
-0.000773578
-0.000688631
-0.000593995
-0.000489938
-0.000376802
-0.000255002
-0.000125024
1.25617e-05
0.000157104
0.000307879
0.000464102
0.000624952
0.000789575
0.000957082
0.00112654
0.00129697
0.00146732
0.00163653
0.00180345
0.00196697
0.00212593
0.00227919
0.0024256
0.00256404
0.00269343
0.00281269
0.0029208
0.00301675
0.00309956
0.00316829
0.00322203
0.00325999
0.00328144
0.00328577
0.00327249
0.00324118
0.00319155
0.0031234
0.00303665
0.00293132
0.00280753
0.0026655
0.00250558
0.00232821
0.00213395
0.00192351
0.00169771
0.0014575
0.00120393
0.000938121
0.000661296
0.000374736
7.97999e-05
-0.000222076
-0.000529384
-0.000840546
-0.00115392
-0.00146782
-0.0017805
-0.00209018
-0.00239507
-0.00269341
-0.00298344
-0.00326345
-0.00353179
-0.00378682
-0.00402697
-0.00425071
-0.00445654
-0.00464307
-0.00480897
-0.00495299
-0.00507401
-0.00517102
-0.00524315
-0.00528968
-0.00531005
-0.00530385
-0.0052708
-0.00521079
-0.00512379
-0.00500997
-0.00486957
-0.00470304
-0.00451094
-0.00429399
-0.00405306
-0.00378919
-0.00350355
-0.00319749
-0.00287247
-0.00253011
-0.00217209
-0.00180021
-0.00141628
-0.00102221
-0.000619953
-0.000211502
0.000201095
0.000615762
0.0010304
0.00144287
0.00185104
0.00225275
0.00264581
0.0030281
0.00339752
0.00375204
0.00408971
0.0044087
0.00470726
0.0049838
0.00523683
0.00546506
0.00566736
0.00584273
0.00599038
0.00610965
0.00620003
0.00626121
0.00629301
0.00629544
0.00626866
0.00621299
0.00612889
0.00601697
0.00587798
0.00571281
0.0055225
0.0053082
0.00507119
0.00481286
0.0045347
0.00423828
0.00392529
0.00359749
0.00325668
0.00290474
0.00254356
0.00217506
0.0018012
0.00142394
0.00104524
0.000667055
0.0002913
-8.01541e-05
-0.000445484
-0.00080292
-0.00115075
-0.00148735
-0.00181117
-0.00212076
-0.00241478
-0.00269199
-0.00295126
-0.00319156
-0.00341196
-0.00361167
-0.00379003
-0.0039465
-0.0040807
-0.00419232
-0.00428122
-0.00434734
-0.00439077
-0.00442407
-0.00446556
-0.0045151
-0.00457163
-0.00463331
-0.00469764
-0.00476145
-0.00482109
-0.00487243
-0.00491095
-0.00493189
-0.00493028
-0.00490111
-0.00483939
-0.00474033
-0.00459937
-0.00441229
-0.0041753
-0.0038851
-0.00353897
-0.00313489
-0.00267154
-0.00214838
-0.00156564
-0.000924363
-0.000226372
0.000525667
0.00132825
0.00217707
0.00306704
0.00399239
0.00494675
0.00592315
0.00691409
0.00791159
0.00890726
0.00989245
0.0108584
0.0117963
0.0126973
0.0135529
0.0143545
0.015094
0.0157633
0.0163552
0.0168631
0.017281
0.0176037
0.0178268
0.0179466
0.0179601
0.0178656
0.0176623
0.0173503
0.0169307
0.0164053
0.0157769
0.0150493
0.0142272
0.0133161
0.0123227
0.0112541
0.0101183
0.00892344
0.0076784
0.0063924
0.00507514
0.00373664
0.00238719
0.00103715
-0.000303065
-0.0016231
-0.00291268
-0.00416177
-0.00536065
-0.00650006
-0.0075712
-0.00856582
-0.00947616
-0.0102951
-0.011016
-0.0116333
-0.0121421
-0.0125386
-0.0128196
-0.0129829
-0.0130272
-0.0129516
-0.0127564
-0.0124425
-0.0120158
-0.0114823
-0.010845
-0.0101075
-0.00928224
-0.00836506
-0.00736073
-0.00627454
-0.00511213
-0.00389426
-0.00261264
-0.00127409
0.000114217
0.0015448
0.00299017
0.00446249
0.00595393
0.00745649
0.00896191
0.0104386
0.0119013
0.0133412
0.01475
0.0161195
0.0174179
0.0186608
0.0198405
0.0209493
0.0219797
0.0229039
0.0237362
0.0244703
0.0251
0.0256196
0.0260094
0.0262792
0.026425
0.0264434
0.0263318
0.0260825
0.025699
0.0251802
0.0245256
0.0237354
0.0228169
0.0217655
0.0205837
0.0192742
0.0178408
0.0163063
0.0146574
0.0129003
0.0110414
0.009088
0.00707703
0.00498711
0.00282706
0.000606401
-0.00166478
-0.00393798
-0.0062407
-0.00856212
-0.0108911
-0.013216
-0.0154825
-0.0177212
-0.01992
-0.0220671
-0.0241505
-0.0261169
-0.0279962
-0.0297769
-0.0314478
-0.0329977
-0.0343813
-0.035624
-0.0367165
-0.03765
-0.0384159
-0.0389832
-0.0393686
-0.0395664
-0.0395718
-0.0393808
-0.0389827
-0.0383825
-0.0375784
-0.03657
-0.035357
-0.033952
-0.0323471
-0.0305467
-0.0285559
-0.026381
-0.024059
-0.0215689
-0.0189208
-0.0161253
-0.0131943
-0.0101857
-0.00706703
-0.00385225
-0.00055629
0.00280514
0.00615928
0.00954618
0.0129491
0.0163512
0.0197349
0.0230222
0.0262561
0.0294192
0.0324943
0.0354646
0.0382566
0.0409118
0.0434148
0.0457509
0.0479063
0.049822
0.0515322
0.053026
0.0542936
0.0553262
0.0560878
0.0566004
0.0568593
0.0568611
0.0566036
0.0560794
0.0552956
0.054254
0.052958
0.0514124
0.0496398
0.0476311
0.0453949
0.0429412
0.0402809
0.0374644
0.034467
0.0313033
0.0279885
0.0245387
0.0210249
0.0174103
0.0137131
0.00995208
0.00614649
0.00237968
-0.001393
-0.00515237
-0.00887917
-0.0125542
-0.0160932
-0.0195428
-0.0228853
-0.0261034
-0.0291809
-0.0320443
-0.0347372
-0.0372461
-0.0395586
-0.0416632
-0.0435063
-0.0451224
-0.0465037
-0.0476436
-0.0485366
-0.0491551
-0.0495206
-0.0496325
-0.0494917
-0.0491004
-0.0484605
-0.0475787
-0.0464612
-0.0451154
-0.04355
-0.0417944
-0.0398396
-0.0376973
-0.03538
-0.0329015
-0.0303138
-0.0275948
-0.0247603
-0.0218266
-0.0188102
-0.0157776
-0.0126963
-0.0095837
-0.0064569
-0.00333294
-0.000282675
0.00273189
0.00569489
0.00859075
0.0114042
0.0140692
0.0166237
0.0190549
0.0213513
0.0235021
0.0254548
0.0272432
0.0288594
0.0302968
0.03155
0.0325863
0.033431
0.0340821
0.0345384
0.0348003
0.034857
0.0347233
0.034403
0.0339007
0.0332222
0.0323784
0.0313721
0.0302117
0.0289063
0.0274657
0.0259192
0.0242586
0.022495
0.0206403
0.0187068
0.0167365
0.0147131
0.0126496
0.0105584
0.00845207
0.00637692
0.0043111
0.00226664
0.000255263
-0.00171185
-0.00359036
-0.00540428
-0.00714423
-0.00880124
-0.0103668
-0.0118046
-0.0131368
-0.0143581
-0.0154639
-0.0164502
-0.0172932
-0.0180103
-0.0185992
-0.0190588
-0.0193891
-0.019581
-0.0196467
-0.0195887
-0.01941
-0.0191143
-0.0187063
-0.0181909
-0.0175742
-0.0168626
-0.016063
-0.0151912
-0.0142453
-0.0132326
-0.0121612
-0.0110396
-0.00989198
-0.00871199
-0.00750837
-0.00628964
-0.00506405
-0.00385783
-0.00266061
-0.00148013
-0.000324108
0.000799853
0.00186677
0.00288737
0.00385534
0.00476498
0.00561121
0.00637538
0.00706746
0.0076837
0.00822083
0.00867619
0.00903945
0.0093179
0.00951099
0.0096186
0.00964094
0.00957684
0.00942951
0.00920116
0.00889489
0.00851438
0.00806801
0.00755525
0.0069799
0.00634595
0.00565783
0.00493009
0.00415907
0.00335097
0.00251214
0.00164888
0.000779635
-0.000101785
-0.000989233
-0.00187648
-0.00275729
-0.00361293
-0.00445015
-0.00526319
-0.00604632
-0.0067939
-0.00749003
-0.00814034
-0.00874052
-0.0092868
-0.00977573
-0.0101977
-0.0105557
-0.0108467
-0.0110681
-0.0112181
-0.0112952
-0.0112997
-0.0112317
-0.0110914
-0.0108793
-0.0106012
-0.0102529
-0.00983646
-0.00935431
-0.00880956
-0.0082164
-0.00756728
-0.00686575
-0.00611572
-0.00532168
-0.00450369
-0.00365217
-0.00277261
-0.00187043
-0.000950873
-3.61275e-05
0.000885433
0.0018081
0.00272578
0.00363224
0.00450492
0.00535457
0.00617595
0.00696411
0.00771423
0.00840813
0.00905438
0.00964827
0.0101854
0.0106616
0.0110654
0.0114016
0.0116672
0.0118599
0.0119775
0.0120175
0.01198
0.0118645
0.0116705
0.0113978
0.0110528
0.0106294
0.0101285
0.00955222
0.00890325
0.00819877
0.00742801
0.00659399
0.00569966
0.00474828
0.00376378
0.00273083
0.00165482
0.000541441
-0.000603592
-0.00175082
-0.00291865
-0.00410147
-0.00529339
-0.00648827
-0.007655
-0.0088125
-0.0099548
-0.0110759
-0.0121696
-0.0132066
-0.0142037
-0.015155
-0.0160553
-0.0168999
-0.0176667
-0.0183687
-0.0190016
-0.0195609
-0.0200426
-0.0204337
-0.0207415
-0.0209641
-0.0210997
-0.0211463
-0.0211021
-0.0209665
-0.0207394
-0.0204214
-0.0200134
-0.0195266
-0.0189524
-0.0182923
-0.0175486
-0.0167242
-0.0158423
-0.0148826
-0.0138468
-0.0127412
-0.0115724
-0.0103742
-0.00912738
-0.00784046
-0.00652238
-0.00518212
-0.00385959
-0.00253169
-0.00120693
0.000105916
0.00139782
0.00262862
0.0038219
0.00497016
0.00606657
0.0071047
0.00805111
0.00892791
0.00972979
0.0104522
0.0110917
0.0116256
0.0120727
0.0124318
0.0127018
0.0128828
0.0129644
0.0129596
0.0128711
0.0127019
0.0124556
0.0121345
0.0117447
0.0112916
0.0107809
0.0102188
0.009618
0.00897839
0.00830639
0.0076085
0.0068914
0.0061734
0.00544923
0.00472564
0.00400896
0.00330511
0.00263314
0.00198343
0.00136081
0.000769808
0.000214491
-0.000288632
-0.000750943
-0.00117012
-0.00154442
-0.00187259
-0.00214363
-0.00236906
-0.00254934
-0.00268542
-0.00277876
-0.00282433
-0.0028323
-0.00280526
-0.00274613
-0.00265811
-0.00254106
-0.00240287
-0.0022472
-0.00207778
-0.00189834
-0.00171131
-0.00152189
-0.0013335
-0.00114937
-0.000972447
-0.000805265
-0.000650351
-0.000509681
-0.000384844
-0.000277024
-0.000187063
-0.00011516
-6.12385e-05
-2.47914e-05
-4.89183e-06
-0
-0
-0
-0
-0
-0
-0
-0
-0
-0
-0
-0
-0
-0
-0
-0
0
0
0
0
0
0
0
0
0
0
0
0
0
0
0
0
0
0
0
0
0
0
0
0
0
0
0
0
0
0
0
0
0
0
0
0
0
0
0
0
-0
-0
-0
-0
-0
-0
-0
-0
-0
-0
-0
-0
-0
-0
-0
-0
-0
-0
-0
-0
-0
-0
-0
-0
-0
-0
-0
-0
-0
-0
-0
-0
-0
-0
-0
-0
-0
-0
-0
-0
-0
-0
-0
-0
-0
-0
-0
-0
-0
-0
-0
-0
0
0
0
0
0
0
0
0
0
0
0
0
0
0
0
0
0
0
0
0
0
0
0
0
0
0
0
0
0
0
0
0
0
0
-0
-0
-0
-0
-0
-0
-0
-0
-0
-0
-0
-0
-0
-0
-0
-0
-0
-0
-0
-0
-0
-0
-0
-0
-0
-0
-0
-0
-0
-0
-0
-0
-0
-0
-0
-0
-0
-0
-0
-0
-0
-0
-0
-0
-0
-0
-0
-0
-0
-0
-0
-0
-0
-0
-0
-0
0
0
0
0
0
0
0
0
0
0
0
0
0
0
0
0
0
0
0
0
0
0
0
0
0
0
0
0
0
0
0
0
0
0
0
-0
-0
-0
-0
-0
-0
-0
-0
-0
-0
-0
-0
-0
-0
-0
-0
-0
-0
-0
-0
-0
-0
-0
-0
-0
-0
-0
-0
-0
-0
-0
-0
-0
-0
-0
-0
-0
-0
-0
-0
-0
-0
-0
-0
-0
-0
-0
-0
-0
-0
-0
-0
-0
-0
-0
-0
-0
-0
-0
-0
-0
-0
-0
-0
-0
-0
-0
-0
-0
-0
-0
-0
-0
-0
-0
-0
-0
-0
-0
-0
-0
-0
-0
-0
-0
-0
-0
-0
-0
-0
-0
-0
-0
-0
-0
-0
-0
-0
-0
-0
-0
-0
-0
-0
-0
-0
-0
-0
-0
-0
-0
-0
-0
-0
-0
-0
-0
-0
-0
0
0
0
0
0
0
0
0
0
0
0
0
0
0
0
0
0
0
0
0
0
0
0
0
0
0
0
0
0
0
0
0
