0
0
0
0
0
0
0
0
0
0
0
0
0
0
0
0
0
0
0
0
0
0
0
0
0
0
0
0
0
0
0
0
0
0
0
0
0
0
0
0
0
0
0
0
0
0
0
0
0
0
0
0
0
0
0
0
0
0
0
0
0
0
0
0
0
0
0
0
0
0
0
0
0
0
0
0
0
0
0
0
0
0
0
0
0
0
0
0
0
0
0
0
0
0
0
0
0
0
0
0
0
0
0
0
0
0
0
0
0
0
0
0
0
0
0
0
0
0
0
0
0
0
0
0
0
0
0
0
0
0
0
0
0
0
0
0
0
0
0
0
0
0
0
0
0
0
0
0
0
0
0
0
0
0
0
0
0
0
0
0
0
0
0
0
0
0
0
0
0
0
0
0
0
0
0
0
0
0
0
0
0
0
0
0
0
0
0
0
0
0
0
0
0
0
0
0
0
0
0
0
0
0
0
0
0
0
0
0
0
0
0
0
0
0
0
0
0
0
0
0
0
0
0
0
0
0
0
0
0
0
0
0
0
0
0
0
0
0
0
0
0
0
0
0
0
0
0
0
0
0
0
0
0
0
0
0
0
0
0
0
0
0
0
0
0
0
0
0
0
0
0
0
0
0
0
0
0
0
0
0
0
0
0
0
0
0
0
0
0
0
0
0
0
0
0
0
0
0
0
0
0
0
0
0
0
0
0
0
0
0
0
0
0
0
0
0
0
0
0
0
0
0
0
0
0
0
0
0
0
0
0
0
0
0
0
0
0
0
0
0
0
0
0
0
0
0
0
0
0
0
0
0
0
0
0
0
0
0
0
0
0
0
0
0
0
0
0
0
0
0
0
0
0
0
0
0
0
0
0
0
0
0
0
0
5.46915e-06
2.95535e-05
7.72236e-05
0.000152697
0.000259594
0.00040089
0.000578869
0.000795084
0.00105033
0.00134463
0.00167721
0.00204649
0.00245012
0.00288495
0.00334711
0.00383201
0.00433444
0.00484858
0.00536806
0.00588602
0.00639514
0.00688773
0.00735585
0.00779141
0.00818634
0.00853259
0.00882224
0.00904749
0.00920078
0.00927481
0.00926275
0.00915836
0.00895604
0.00865096
0.00823905
0.00771706
0.00708269
0.00633463
0.00547266
0.00449764
0.00341142
0.00221674
0.000917199
-0.000482697
-0.00197749
-0.00356068
-0.00522473
-0.00696113
-0.00876054
-0.0106129
-0.0125076
-0.0144335
-0.0163789
-0.018332
-0.0202806
-0.0222129
-0.0241167
-0.0259803
-0.0277918
-0.0295397
-0.0312127
-0.0328003
-0.0342932
-0.0356826
-0.0369612
-0.0381221
-0.0391594
-0.0400678
-0.0408429
-0.0414812
-0.0419804
-0.0423389
-0.0425565
-0.0426339
-0.042573
-0.0423772
-0.0420512
-0.0416009
-0.0410332
-0.0403556
-0.0395759
-0.038702
-0.0377423
-0.0367056
-0.0356009
-0.0344376
-0.0332249
-0.0319717
-0.0306867
-0.0293782
-0.0280615
-0.0267527
-0.0254563
-0.0241762
-0.0229155
-0.0216764
-0.0204607
-0.0192698
-0.0181049
-0.0169664
-0.0158544
-0.014768
-0.0137054
-0.0126642
-0.0116415
-0.0106339
-0.00963778
-0.00864885
-0.00766246
-0.00667356
-0.00567686
-0.00466703
-0.00363863
-0.002586
-0.00150312
-0.000383534
0.000779461
0.00199253
0.00326196
0.00459342
0.00599194
0.00746189
0.00900703
0.0106304
0.0123339
0.0141185
0.0159838
0.0179283
0.0199498
0.022045
0.02421
0.0264398
0.0287278
0.0310663
0.033446
0.0358567
0.0382874
0.0407264
0.0431611
0.0455782
0.047963
0.0502999
0.0525723
0.0547631
0.0568545
0.058828
0.0606648
0.0623451
0.063849
0.0651563
0.066247
0.0671019
0.0677026
0.0680315
0.0680721
0.0678091
0.0672284
0.0663172
0.0650645
0.0634608
0.0614981
0.0591699
0.0564718
0.0534015
0.0499591
0.0461474
0.0419718
0.0374397
0.0325607
0.0273464
0.0218105
0.0159691
0.00984083
0.00344719
-0.00318814
-0.0100395
-0.0170798
-0.02428
-0.0316099
-0.0390371
-0.0465272
-0.054044
-0.0615497
-0.0690056
-0.076372
-0.0836091
-0.0906762
-0.0975328
-0.104138
-0.11045
-0.11643
-0.122039
-0.12724
-0.131996
-0.136273
-0.140038
-0.143263
-0.145919
-0.14798
-0.149426
-0.150237
-0.150398
-0.149896
-0.148723
-0.146874
-0.144346
-0.141141
-0.137265
-0.132726
-0.127538
-0.121716
-0.11528
-0.108254
-0.100664
-0.0925398
-0.0839147
-0.0748247
-0.0653087
-0.0554087
-0.0451693
-0.0346377
-0.0238632
-0.0128969
-0.00179177
0.0093982
0.0206177
0.0318103
0.0429192
0.053887
0.0646567
0.0751718
0.0853765
0.0952167
0.104639
0.113594
0.122031
0.129905
0.137173
0.143796
0.149736
0.154962
0.159445
0.163159
0.166084
0.168204
0.169506
0.169985
0.169638
0.168466
0.166478
0.163684
0.160099
0.155745
0.150644
0.144826
0.138323
0.131171
0.123408
0.115078
0.106227
0.0969013
0.0871529
0.0770341
0.0665992
0.055904
0.0450052
0.0339608
0.0228291
0.0116684
0.000536899
-0.010508
-0.02141
-0.0321139
-0.0425658
-0.0527139
-0.0625082
-0.071901
-0.0808475
-0.0893057
-0.0972367
-0.104605
-0.111378
-0.117527
-0.123027
-0.127858
-0.132003
-0.135448
-0.138187
-0.140214
-0.141529
-0.142134
-0.142038
-0.14125
-0.139787
-0.137665
-0.134908
-0.13154
-0.127589
-0.123086
-0.118063
-0.112558
-0.106609
-0.100255
-0.0935406
-0.0865081
-0.0792022
-0.0716684
-0.0639527
-0.0561013
-0.0481609
-0.0401778
-0.0321981
-0.0242671
-0.0164292
-0.00872769
-0.00120445
0.00610052
0.0131492
0.0199059
0.0263372
0.0324122
0.0381026
0.0433829
0.0482306
0.0526261
0.056553
0.0599976
0.0629494
0.0654004
0.0673461
0.0687848
0.0697187
0.070153
0.0700963
0.0695596
0.0685564
0.0671027
0.0652165
0.0629186
0.060232
0.057182
0.0537955
0.0501009
0.0461271
0.0419042
0.0374632
0.0328361
0.0280559
0.023156
0.0181702
0.0131318
0.0080737
0.0030282
-0.00197304
-0.00689915
-0.0117203
-0.0164079
-0.0209351
-0.0252766
-0.0294088
-0.03331
-0.0369603
-0.0403417
-0.0434387
-0.0462381
-0.0487288
-0.0509018
-0.0527499
-0.0542678
-0.0554523
-0.0563021
-0.0568188
-0.0570057
-0.0568687
-0.0564148
-0.0556528
-0.0545928
-0.0532462
-0.0516261
-0.0497472
-0.0476255
-0.0452782
-0.0427233
-0.0399795
-0.0370663
-0.0340036
-0.0308117
-0.0275116
-0.0241241
-0.0206704
-0.0171712
-0.0136474
-0.0101195
-0.00660762
-0.00313124
0.000290658
0.00363982
0.0068987
0.0100505
0.013079
0.0159693
0.0187073
0.0212803
0.023677
0.0258874
0.0279027
0.029715
0.0313177
0.0327054
0.0338742
0.0348213
0.0355453
0.0360463
0.0363251
0.0363838
0.0362257
0.0358549
0.0352771
0.0344986
0.0335268
0.0323699
0.031037
0.0295379
0.0278829
0.0260833
0.0241505
0.0220963
0.0199293
0.0176586
0.0152998
0.0128693
0.0103839
0.00786038
0.0053156
0.00276595
0.000227387
-0.0022846
-0.00475498
-0.00716922
-0.00951339
-0.0117744
-0.01394
-0.0159993
-0.0179422
-0.01976
-0.021445
-0.0229906
-0.0243914
-0.0256432
-0.0267431
-0.0276891
-0.0284807
-0.0291182
-0.0296032
-0.0299381
-0.0301267
-0.0301733
-0.0300834
-0.0298629
-0.0295184
-0.0290571
-0.0284866
-0.0278151
-0.0270511
-0.0262036
-0.0252815
-0.024294
-0.0232501
-0.0221589
-0.0210291
-0.0198695
-0.0186885
-0.0174943
-0.0162946
-0.0150969
-0.0139079
-0.0127341
-0.0115811
-0.0104543
-0.00935868
-0.00829858
-0.00727795
-0.00630018
-0.00536806
-0.00448379
-0.00364902
-0.00286484
-0.00213191
-0.00145036
-0.000819918
-0.000239838
0.00029097
0.000773882
0.00121046
0.00160239
0.00195149
0.00225971
0.00252918
0.0027622
0.00296122
0.00312872
0.0032672
0.00337904
0.00346653
0.00353187
0.0035771
0.00360418
0.00361493
0.00361102
0.00359404
0.00356543
0.00352653
0.00347857
0.0034226
0.00335952
0.00328665
0.0032015
0.00310282
0.00298969
0.00286369
0.00272643
0.00257728
0.00242003
0.00225615
0.00208714
0.00191454
0.00173842
0.00156188
0.00138643
0.00121348
0.0010444
0.000879988
0.00072219
0.000572367
0.000431846
0.000301889
0.000183987
7.89972e-05
-1.18683e-05
-8.73324e-05
-0.000146054
-0.000186035
-0.000206703
-0.000206675
-0.000184568
-0.000138997
-6.84327e-05
2.79451e-05
0.00015143
0.000303238
0.000484496
0.000695052
0.000936395
0.00120921
0.00151395
0.00185075
0.00221645
0.00261296
0.00303953
0.00349502
0.00397787
0.0044812
0.00500652
0.00555078
0.00611045
0.00668163
0.0072544
0.00782896
0.00840006
0.00896195
0.00950857
0.0100291
0.0105212
0.0109784
0.0113939
0.0117607
0.0120708
0.0123181
0.012496
0.0125983
0.0126192
0.012558
0.0124055
0.0121575
0.0118103
0.0113612
0.01082
0.0101747
0.00942563
0.00857413
0.00762269
0.00659388
0.00547388
0.00426853
0.00298484
0.00163091
0.000240206
-0.00120138
-0.00268302
-0.00419301
-0.00571883
-0.00722104
-0.00871237
-0.0101792
-0.0116077
-0.0129908
-0.0142982
-0.0155431
-0.0167152
-0.0178041
-0.0187997
-0.0196753
-0.0204385
-0.0210806
-0.0215935
-0.0219694
-0.0221948
-0.0222695
-0.0221875
-0.0219438
-0.0215341
-0.0209619
-0.0202188
-0.0193041
-0.0182185
-0.0169633
-0.0155611
-0.0139953
-0.0122706
-0.0103931
-0.00837016
-0.00624276
-0.00398846
-0.00161808
0.000856576
0.00342265
0.0060257
0.00869148
0.0114043
0.0141477
0.0169046
0.0196141
0.0223019
0.0249498
0.0275394
0.030052
0.0324296
0.034693
0.0368241
0.0388049
0.0406176
0.0422166
0.0436141
0.0447945
0.0457438
0.0464491
0.0468873
0.0470593
0.0469556
0.0465684
0.0458912
0.0449293
0.0436705
0.0421145
0.0402625
0.0381177
0.0357167
0.0330336
0.0300763
0.0268553
0.023383
0.019726
0.0158487
0.0117688
0.00750591
0.00308099
-0.00141752
-0.00603176
-0.0107365
-0.0155054
-0.0203109
-0.0250538
-0.0297765
-0.0344496
-0.0390436
-0.0435282
-0.0478077
-0.0519184
-0.0558315
-0.0595188
-0.0629528
-0.0660575
-0.0688564
-0.0713252
-0.0734409
-0.0751826
-0.0765079
-0.0774233
-0.0779141
-0.0779676
-0.0775732
-0.0767315
-0.0754281
-0.0736603
-0.0714285
-0.0687359
-0.0656318
-0.062081
-0.0580948
-0.0536867
-0.0488734
-0.0437492
-0.0382609
-0.0324329
-0.0262916
-0.019866
-0.0132854
-0.00648412
0.00050317
0.00764002
0.0148885
0.0221
0.0293448
0.036583
0.0437736
0.0508753
0.0577399
0.0644329
0.0709139
0.0771431
0.0830818
0.0886048
0.0937637
0.0985238
0.102852
0.106718
0.110038
0.112841
0.115104
0.116807
0.117932
0.118452
0.118368
0.117671
0.116358
0.114427
0.111914
0.108791
0.105066
0.100752
0.0958644
0.0905017
0.0846077
0.0782079
0.071331
0.064008
0.0563873
0.0483908
0.040057
0.0314269
0.0225432
0.013587
0.00446656
-0.00477178
-0.0140808
-0.0234124
-0.0325765
-0.0416673
-0.0506375
-0.0594405
-0.06803
-0.0762321
-0.0841318
-0.0916869
-0.0988567
-0.105603
-0.111791
-0.117487
-0.12266
-0.127282
-0.131329
-0.134722
-0.137498
-0.139641
-0.141142
-0.141991
-0.142178
-0.141708
-0.140584
-0.13881
-0.136396
-0.133399
-0.129793
-0.125595
-0.120829
-0.11552
-0.109786
-0.103567
-0.0968968
-0.0898116
-0.0823495
-0.0746722
-0.0666986
-0.0584705
-0.0500307
-0.0414233
-0.0328318
-0.0241624
-0.01546
-0.00676925
0.00186581
0.0102641
0.0185223
0.0266001
0.0344584
0.0420597
0.0492478
0.0561104
0.062617
0.0687391
0.0744505
0.0796377
0.0843693
0.0886273
0.0923966
0.0956652
0.0983743
0.100567
0.102239
0.103389
0.104018
0.104124
0.103721
0.102817
0.101427
0.0995633
0.0972781
0.0945549
0.0914143
0.087879
0.0839737
0.0797923
0.0752944
0.0705078
0.0654614
0.060185
0.0547993
0.0492449
0.0435527
0.037754
0.0318795
0.0260599
0.0202248
0.0144031
0.00862327
0.00291247
-0.00260609
-0.00800515
-0.0132617
-0.0183539
-0.0232614
-0.0278818
-0.0322817
-0.0364457
-0.0403607
-0.0440148
-0.047336
-0.0503782
-0.0531348
-0.0556011
-0.0577742
-0.0596164
-0.0611648
-0.0624212
-0.0633889
-0.0640725
-0.0644672
-0.0645918
-0.0644555
-0.0640687
-0.0634425
-0.0626003
-0.0615428
-0.0602829
-0.0588345
-0.0572123
-0.0554602
-0.0535643
-0.0515393
-0.0494002
-0.0471618
-0.0448795
-0.0425282
-0.0401228
-0.0376774
-0.0352055
-0.0327638
-0.0303195
-0.0278836
-0.0254668
-0.0230794
-0.020774
-0.0185163
-0.0163138
-0.0141735
-0.0121016
-0.0101412
-0.00825972
-0.00646112
-0.00474853
-0.00312411
-0.00161884
-0.000204074
0.0011197
0.00235241
0.00349458
0.00452651
0.00547123
0.0063314
0.00711012
0.00781073
0.00842351
0.00896542
0.00944044
0.00985282
0.0102069
0.0104995
0.0107419
0.0109374
0.0110896
0.0112019
0.0112748
0.0113153
0.0113268
0.0113129
0.0112764
0.0112189
0.0111435
0.0110522
0.0109468
0.0108289
0.0106998
0.0105573
0.0104
0.0102289
0.0100447
0.00984805
0.00963895
0.00941732
0.00918292
0.00893543
0.00867517
0.00840101
0.00811244
0.00780894
0.00748995
0.00715699
0.00680765
0.00644166
0.00605878
0.00565884
0.00524586
0.00481569
0.00436872
0.00390561
0.00342737
0.00294205
0.00244408
0.00193507
0.00141686
0.000891503
0.000370791
-0.000152656
-0.000676351
-0.00119789
-0.00171496
-0.00221377
-0.00270388
-0.00318258
-0.0036469
-0.00409377
-0.0045079
-0.0048997
-0.00526686
-0.00560735
-0.0059193
-0.00618912
-0.00642775
-0.00663363
-0.00680546
-0.00694227
-0.00703343
-0.00708967
-0.00711113
-0.00709827
-0.00705179
-0.00696519
-0.00684792
-0.00670148
-0.00652758
-0.00632818
-0.00610077
-0.00585291
-0.00558703
-0.00530572
-0.00501164
-0.00470535
-0.00439218
-0.00407493
-0.00375637
-0.00343921
-0.00312555
-0.00281846
-0.00252027
-0.00223316
-0.00195911
-0.00170024
-0.00145767
-0.00123272
-0.00102642
-0.00083952
-0.000672907
-0.00052619
-0.000399298
-0.000291882
-0.000203313
-0.000132857
-7.90708e-05
-4.05932e-05
-1.58355e-05
-3.00347e-06
0
0
0
0
0
0
0
0
0
0
0
0
0
0
0
0
0
0
0
0
0
0
0
0
0
0
0
0
0
0
0
0
0
0
0
0
0
0
0
0
0
0
0
0
0
0
0
0
0
0
0
0
0
0
0
0
0
0
0
0
0
0
0
0
0
0
0
0
0
0
0
0
0
0
0
0
0
0
0
0
0
0
0
0
0
0
0
0
0
0
0
0
0
0
0
0
0
0
0
0
0
0
0
0
0
0
0
0
0
0
0
0
0
0
0
0
0
0
0
0
0
0
0
0
0
0
0
0
0
0
0
0
0
0
0
0
0
0
0
0
0
0
0
0
0
0
0
0
0
0
0
0
0
0
0
0
0
0
0
0
0
0
0
0
0
0
0
0
0
0
0
0
0
0
0
0
0
0
0
0
0
0
0
0
0
0
0
0
0
0
0
0
0
0
0
0
0
0
0
0
0
0
0
0
0
0
0
0
0
0
0
0
0
0
0
0
0
0
0
0
0
0
0
0
0
0
0
0
0
0
0
0
0
0
0
0
0
0
0
0
0
0
0
0
0
0
0
0
0
0
0
0
0
0
0
0
0
0
0
0
0
0
0
0
0
0
0
0
0
0
0
0
0
0
0
0
0
0
0
0
0
0
0
0
0
0
0
0
0
0
0
0
0
0
0
0
0
0
0
0
0
0
0
0
0
0
0
0
0
0
0
0
0
0
0
0
0
0
0
0
0
0
0
0
0
0
0
0
0
0
0
0
0
0
0
0
0
0
0
0
0
0
0
0
0
0
0
0
0
0
0
0
0
0
0
0
0
0
0
0
0
0
0
0
0
0
0
0
0
0
0
0
0
0
0
0
0
0
0
0
0
0
0
0
