0
0
0
0
0
0
0
0
0
0
0
0
0
0
0
0
0
0
0
0
0
0
0
0
0
0
0
0
0
0
0
0
0
0
0
0
0
-0
-0
-0
-0
-0
-0
-0
-0
-0
-0
-0
-0
-0
-0
-0
-0
-0
-0
-0
-0
-0
-0
-0
-0
-0
-0
-0
-0
-0
-0
-0
-0
-0
-0
-0
-0
-0
-0
-0
-0
-0
-0
-0
-0
-0
-0
-0
-0
-0
-0
-0
-0
0
0
0
0
0
0
0
0
0
0
0
0
0
0
0
0
0
0
0
0
0
0
0
0
0
0
0
0
0
0
0
0
0
0
0
0
0
0
0
0
0
0
0
0
0
0
0
0
0
0
0
0
0
0
0
0
0
-0
-0
-0
-0
-0
-0
-0
-0
-0
-0
-0
-0
-0
-0
-0
-0
-0
-0
-0
-0
-0
-0
-0
-0
-0
-0
-0
-0
-0
-0
-0
-0
-0
-0
-0
-0
-0
-0
-0
-0
-0
-0
-0
-0
-0
-0
-0
-0
-0
-0
-0
-0
-0
-0
-0
-0
0
0
0
0
0
0
0
0
0
0
0
0
0
0
0
0
0
0
0
0
0
0
0
0
0
0
0
0
0
0
0
0
0
0
0
0
0
0
0
0
0
0
0
0
0
0
0
0
0
0
0
0
0
0
0
-0
-0
-0
-0
-0
-0
-0
-0
-0
-0
-0
-0
-0
-0
-0
-0
-0
-0
-0
-0
-0
-0
-0
-0
-0
-0
-0
-0
-0
-0
-0
-0
-0
-0
-0
-0
-0
-0
-0
-0
-0
-0
-0
-0
-0
-0
-0
-0
-0
-0
-0
-0
0
0
0
0
0
0
0
0
0
0
0
0
0
0
0
0
0
0
0
0
0
0
0
0
0
0
0
0
0
0
0
0
0
0
0
0
0
0
0
0
0
0
0
0
0
0
0
0
0
0
0
0
0
0
0
0
0
0
-0
-0
-0
-0
-0
-0
-0
-0
-0
-0
-0
-0
-0
-0
-0
-0
-0
-1.11851e-07
-5.6506e-07
-1.39388e-06
-2.62225e-06
-4.26844e-06
-6.34494e-06
-8.8584e-06
-1.18098e-05
-1.51945e-05
-1.90031e-05
-2.32203e-05
-2.78256e-05
-3.27926e-05
-3.80888e-05
-4.36768e-05
-4.95143e-05
-5.55541e-05
-6.17433e-05
-6.80228e-05
-7.43263e-05
-8.0582e-05
-8.67138e-05
-9.2643e-05
-9.82884e-05
-0.000103565
-0.000108383
-0.000112647
-0.000116255
-0.000119107
-0.000121099
-0.000122129
-0.000122094
-0.000120889
-0.000118408
-0.000114543
-0.000109195
-0.00010227
-9.3684e-05
-8.33576e-05
-7.12155e-05
-5.71855e-05
-4.1202e-05
-2.3212e-05
-3.17912e-06
1.89142e-05
4.30691e-05
6.92737e-05
9.75045e-05
0.000127725
0.000159882
0.0001939
0.000229681
0.000267107
0.000306037
0.000346318
0.000387775
0.000430217
0.000473433
0.000517195
0.000561259
0.000605371
0.000649265
0.000692662
0.000735273
0.000776795
0.000816919
0.000855337
0.000891742
0.00092583
0.000957301
0.00098586
0.00101122
0.00103309
0.00105124
0.00106543
0.00107546
0.00108114
0.00108231
0.00107883
0.00107056
0.00105743
0.00103938
0.00101642
0.000988575
0.000955927
0.000918564
0.000876605
0.000830202
0.000779547
0.000724874
0.00066663
0.000605277
0.000541027
0.000474099
0.000404733
0.000333184
0.000259728
0.000184651
0.00010825
3.08235e-05
-4.73262e-05
-0.00012589
-0.000204548
-0.000282972
-0.000360825
-0.000437772
-0.00051348
-0.000587622
-0.000659874
-0.000729912
-0.000797411
-0.00086205
-0.000923517
-0.000981518
-0.00103578
-0.00108604
-0.00113207
-0.00117364
-0.00121055
-0.00124261
-0.00126966
-0.00129155
-0.00130817
-0.00131941
-0.00132519
-0.00132544
-0.00132013
-0.00130927
-0.00129291
-0.0012711
-0.00124396
-0.00121158
-0.0011741
-0.00113169
-0.00108452
-0.00103281
-0.000976777
-0.000916681
-0.000852786
-0.000785373
-0.000714743
-0.000641216
-0.000565129
-0.000486829
-0.000406668
-0.000325001
-0.000242184
-0.000158579
-7.45595e-05
9.49278e-06
9.31937e-05
0.000176165
0.000258043
0.000338479
0.000417144
0.000493716
0.000567884
0.000639344
0.000707804
0.000772985
0.000834628
0.000892488
0.000946344
0.000995997
0.00104127
0.00108203
0.00111814
0.00114952
0.0011761
0.00119781
0.0012146
0.00122647
0.00123342
0.0012355
0.00123277
0.00122532
0.00121327
0.00119671
0.00117579
0.00115064
0.00112143
0.00108836
0.00105164
0.00101149
0.000968135
0.000921823
0.000872797
0.000821309
0.000767616
0.000711977
0.000654653
0.000595905
0.000536002
0.000475214
0.000413819
0.000352088
0.000290279
0.000228638
0.000167393
0.000106761
4.69548e-05
-1.18173e-05
-6.93556e-05
-0.000125474
-0.000180006
-0.000232797
-0.000283705
-0.000332587
-0.000379304
-0.000423725
-0.00046574
-0.000505269
-0.000542261
-0.000576688
-0.000608527
-0.000637751
-0.000664327
-0.00068822
-0.000709408
-0.000727893
-0.000743703
-0.000756884
-0.000767489
-0.000775574
-0.000781188
-0.000784376
-0.000785188
-0.00078368
-0.000779919
-0.000773976
-0.000765928
-0.000755847
-0.000743803
-0.000729861
-0.000714082
-0.000696526
-0.000677253
-0.000656326
-0.000633809
-0.000609764
-0.00058425
-0.00055732
-0.000529026
-0.00049942
-0.000468554
-0.000436489
-0.000403282
-0.000368985
-0.00033364
-0.00029728
-0.00025993
-0.000221623
-0.000182399
-0.000142309
-0.000101412
-5.97672e-05
-1.74269e-05
2.55592e-05
6.91401e-05
0.000113255
0.000157829
0.000202773
0.000247988
0.00029337
0.000338812
0.000384202
0.000429421
0.00047434
0.000518822
0.000562725
0.00060591
0.000648234
0.000689554
0.000729718
0.000768559
0.000805898
0.000841543
0.000875302
0.000906985
0.000936409
0.000963398
0.000987784
0.0010094
0.00102809
0.00104369
0.00105604
0.001065
0.00107041
0.00107214
0.00107005
0.00106403
0.00105398
0.00103982
0.00102151
0.000998995
0.00097227
0.00094133
0.00090619
0.000866878
0.000823443
0.000775954
0.000724504
0.000669212
0.000610224
0.000547709
0.000481858
0.00041288
0.000341
0.000266462
0.00018953
0.000110486
2.96343e-05
-5.27035e-05
-0.000136185
-0.000220451
-0.000305119
-0.000389795
-0.000474069
-0.000557529
-0.000639766
-0.000720378
-0.000798972
-0.000875163
-0.000948564
-0.00101879
-0.00108546
-0.00114819
-0.00120661
-0.00126039
-0.00130918
-0.00135267
-0.00139059
-0.00142266
-0.00144865
-0.00146834
-0.00148158
-0.00148821
-0.00148814
-0.00148126
-0.00146752
-0.0014469
-0.0014194
-0.00138505
-0.00134394
-0.00129616
-0.00124187
-0.00118125
-0.00111453
-0.00104198
-0.0009639
-0.000880633
-0.000792543
-0.000700013
-0.000603443
-0.000503251
-0.000399876
-0.000293776
-0.00018543
-7.53381e-05
3.5985e-05
0.000148006
0.000260177
0.000371938
0.000482725
0.000591973
0.000699126
0.000803634
0.000904962
0.00100259
0.00109601
0.00118476
0.00126839
0.00134651
0.00141876
0.00148481
0.00154437
0.00159718
0.00164302
0.0016817
0.00171306
0.001737
0.00175344
0.00176235
0.00176374
0.00175762
0.00174409
0.00172326
0.00169529
0.00166036
0.0016187
0.00157057
0.00151624
0.00145603
0.00139029
0.00131939
0.00124373
0.00116373
0.00107983
0.000992458
0.000902082
0.000809171
0.000714208
0.000617683
0.000520084
0.000421897
0.000323602
0.00022567
0.000128571
3.27622e-05
-6.13139e-05
-0.000153232
-0.000242586
-0.000328991
-0.00041208
-0.000491507
-0.000566947
-0.000638101
-0.000704703
-0.000766514
-0.000823327
-0.000874963
-0.000921269
-0.000962117
-0.000997414
-0.00102709
-0.00105112
-0.0010695
-0.00108702
-0.00111079
-0.00114092
-0.00117712
-0.00121876
-0.00126495
-0.00131448
-0.00136592
-0.00141761
-0.0014677
-0.00151419
-0.00155498
-0.0015879
-0.00161074
-0.0016213
-0.00161742
-0.00159703
-0.00155818
-0.0014991
-0.00141818
-0.00131404
-0.00118554
-0.00103177
-0.000852145
-0.000646372
-0.000414491
-0.000156861
0.000125851
0.000432674
0.00076233
0.00111322
0.00148344
0.00187079
0.0022728
0.00268682
0.00311004
0.00353945
0.00397189
0.00440402
0.00483234
0.00525328
0.00566328
0.0060588
0.0064364
0.00679264
0.00712416
0.00742765
0.00769992
0.00793802
0.00813925
0.00830121
0.00842173
0.00849885
0.00853086
0.00851631
0.00845409
0.00834349
0.00818414
0.00797601
0.00771935
0.00741467
0.0070628
0.00666494
0.00622269
0.005738
0.00521316
0.00465073
0.00405352
0.00342459
0.00276733
0.00208542
0.00138283
0.000663736
-6.75184e-05
-0.000806438
-0.00154836
-0.00228846
-0.00302175
-0.00374322
-0.00444784
-0.00513071
-0.00578703
-0.00641209
-0.00700127
-0.00755001
-0.00805388
-0.00850864
-0.00891029
-0.00925499
-0.00953916
-0.00976257
-0.00992555
-0.010026
-0.0100622
-0.0100343
-0.00993932
-0.00977599
-0.00954347
-0.00924113
-0.00887452
-0.00843798
-0.0079321
-0.00735784
-0.00671651
-0.00601936
-0.00525866
-0.00443669
-0.00355623
-0.00262047
-0.00164598
-0.000623772
0.000441882
0.00154638
0.00268478
0.00383681
0.00501188
0.00620414
0.00740749
0.00861561
0.00980675
0.0109895
0.0121571
0.0133025
0.0144185
0.0154848
0.0165078
0.0174807
0.0183968
0.0192492
0.0200218
0.0207177
0.0213306
0.0218545
0.0222839
0.0226102
0.0228323
0.0229457
0.0229467
0.0228319
0.0226026
0.0222526
0.0217806
0.0211856
0.0204674
0.0196382
0.0186872
0.0176163
0.0164279
0.0151253
0.0137315
0.0122317
0.0106312
0.00893584
0.00715224
0.00531278
0.00340014
0.00142271
-0.000610614
-0.00269042
-0.00477853
-0.00689306
-0.00902341
-0.0111586
-0.0132875
-0.0153705
-0.0174243
-0.0194374
-0.0213985
-0.0232959
-0.025094
-0.026806
-0.0284209
-0.0299281
-0.0313172
-0.0325617
-0.0336693
-0.0346311
-0.0354393
-0.0360856
-0.0365561
-0.0368513
-0.036966
-0.036896
-0.0366381
-0.0361959
-0.0355623
-0.0347371
-0.0337209
-0.0325155
-0.0311418
-0.0295855
-0.0278515
-0.0259458
-0.0238751
-0.0216769
-0.0193304
-0.0168454
-0.0142324
-0.0115029
-0.0087067
-0.00581908
-0.00285344
0.000176234
0.00325548
0.00632788
0.00941977
0.0125157
0.0156
0.0186569
0.0216302
0.0245447
0.027385
0.0301358
0.0327822
0.0352755
0.0376362
0.0398511
0.0419075
0.0437937
0.045475
0.0469647
0.0482535
0.0493331
0.0501964
0.0508278
0.051232
0.0514053
0.0513451
0.05105
0.0505259
0.0497677
0.0487779
0.0475601
0.046119
0.0444819
0.0426344
0.0405847
0.0383419
0.0359161
0.0333524
0.0306289
0.0277585
0.024755
0.0216328
0.01845
0.0151795
0.0118374
0.00844008
0.00500422
0.00159297
-0.0018232
-0.00522749
-0.00860312
-0.0119335
-0.0151582
-0.0183061
-0.0213622
-0.0243122
-0.0271422
-0.0298021
-0.0323163
-0.034673
-0.0368614
-0.0388714
-0.0406681
-0.0422694
-0.0436681
-0.0448585
-0.045836
-0.0465855
-0.0471163
-0.0474271
-0.0475178
-0.0473896
-0.0470481
-0.0464927
-0.0457277
-0.0447581
-0.04359
-0.0422484
-0.0407232
-0.0390233
-0.0371584
-0.0351392
-0.0330063
-0.0307421
-0.0283587
-0.0258686
-0.0232845
-0.0206566
-0.0179614
-0.0152126
-0.012424
-0.00960962
-0.00682283
-0.00403741
-0.0012667
0.00147613
0.00417818
0.00678905
0.00933489
0.0118046
0.0141875
0.0164738
0.018622
0.0206553
0.0225656
0.0243455
0.0259886
0.0274662
0.0287965
0.0299754
0.0309999
0.0318676
0.0325649
0.0331032
0.0334826
0.0337037
0.0337682
0.0336771
0.0334344
0.0330438
0.0325097
0.0318374
0.0310419
0.0301199
0.0290776
0.027922
0.0266603
0.025318
0.0238853
0.0223701
0.0207807
0.0191255
0.0174367
0.0156995
0.0139225
0.0121144
0.0102837
0.00846504
0.00663996
0.00481622
0.00300148
0.0012033
-0.000544803
-0.00226212
-0.00394211
-0.0055786
-0.00716574
-0.0086744
-0.010123
-0.0115068
-0.0128217
-0.014064
-0.0152117
-0.0162811
-0.0172698
-0.0181757
-0.018997
-0.0197193
-0.0203551
-0.0209042
-0.0213667
-0.0217432
-0.0220274
-0.0222273
-0.0223439
-0.0223788
-0.0223339
-0.0222104
-0.0220115
-0.0217397
-0.0213977
-0.0209884
-0.0205195
-0.0199895
-0.0194017
-0.0187594
-0.0180662
-0.0173352
-0.0165603
-0.0157451
-0.0148931
-0.0140076
-0.013105
-0.0121759
-0.011224
-0.0102529
-0.00926624
-0.00828242
-0.00728914
-0.00628914
-0.00528525
-0.00428052
-0.00329455
-0.00231423
-0.0013426
-0.00038232
0.000564335
0.001479
0.00237595
0.00325298
0.00410772
0.00493776
0.00572574
0.00648482
0.00721327
0.00790943
0.00857166
0.00918536
0.00976191
0.0102999
0.0107982
0.0112557
0.0116616
0.0120249
0.0123444
0.0126191
0.0128483
0.0130252
0.0131554
0.0132387
0.0132747
0.0132632
0.0132025
0.0130943
0.0129389
0.0127366
0.0124878
0.0121957
0.0118578
0.0114749
0.011048
0.0105785
0.0100751
0.00953225
0.00895145
0.00833417
0.00768196
0.00700768
0.00630249
0.00556882
0.00480924
0.00402626
0.0032362
0.00242744
0.00160248
0.000764007
-8.49872e-05
-0.00092578
-0.00177093
-0.00261744
-0.00346238
-0.00430277
-0.00511966
-0.00592579
-0.00671809
-0.00749359
-0.00824949
-0.00896847
-0.00966247
-0.0103287
-0.0109643
-0.0115665
-0.012121
-0.0126375
-0.0131145
-0.0135502
-0.0139433
-0.0142838
-0.0145785
-0.0148262
-0.015026
-0.0151772
-0.015276
-0.0153259
-0.0153267
-0.0152785
-0.0151815
-0.0150373
-0.0148458
-0.0146082
-0.0143256
-0.0139993
-0.0136362
-0.0132324
-0.0127898
-0.0123108
-0.0117977
-0.0112624
-0.010698
-0.0101071
-0.00949185
-0.00885497
-0.00821097
-0.00755112
-0.00687839
-0.00619562
-0.00550549
-0.00482355
-0.00413955
-0.00345634
-0.00277684
-0.00210388
-0.00145286
-0.000813242
-0.000187102
0.0004235
0.00101643
0.00157802
0.00211779
0.00263403
0.00312542
0.00359087
0.00402009
0.00441978
0.0047872
0.0051208
0.0054194
0.00567587
0.00589643
0.00608104
0.00622981
0.00634297
0.00641751
0.00645781
0.00646512
0.00644099
0.00638702
0.00630395
0.00619415
0.00605923
0.00590107
0.00572186
0.00552515
0.00531209
0.0050848
0.0048452
0.00459509
0.00433878
0.00407575
0.0038081
0.00353784
0.00326676
0.00299939
0.00273396
0.00247179
0.00221424
0.00196267
0.00172139
0.00148809
0.00126343
0.00104788
0.000841867
0.000648744
0.000465971
0.000293965
0.000132962
-1.70162e-05
-0.000153536
-0.000279494
-0.000395017
-0.000500207
-0.000595187
-0.000677934
-0.000751169
-0.00081523
-0.00087044
-0.000917074
-0.000953455
-0.00098199
-0.00100303
-0.00101698
-0.00102425
-0.00102357
-0.00101706
-0.00100496
-0.000987518
-0.00096507
-0.000936735
-0.000904356
-0.000868314
-0.000828962
-0.000786641
-0.000740853
-0.000693014
-0.00064355
-0.000592903
-0.00054152
-0.000489369
-0.000437511
-0.000386412
-0.000336565
-0.000288472
-0.000242445
-0.00019922
-0.000159244
-0.000122938
-9.07018e-05
-6.28723e-05
-3.98358e-05
-2.1862e-05
-9.161e-06
-1.877e-06
-0
-0
-0
-0
-0
-0
-0
-0
-0
-0
-0
-0
-0
-0
-0
-0
-0
-0
-0
-0
-0
-0
-0
-0
-0
-0
-0
-0
-0
0
0
0
0
0
0
0
0
0
0
0
0
0
0
0
0
0
0
0
0
0
0
0
0
0
0
0
0
0
0
0
0
0
0
0
0
0
0
0
0
0
0
0
-0
-0
-0
-0
-0
-0
-0
-0
-0
-0
-0
-0
-0
-0
-0
-0
-0
-0
-0
-0
-0
-0
-0
-0
-0
-0
-0
-0
-0
-0
-0
-0
-0
-0
-0
-0
-0
-0
-0
-0
-0
-0
-0
-0
-0
-0
-0
-0
-0
-0
-0
-0
-0
-0
-0
-0
-0
-0
0
0
0
0
0
0
0
0
0
0
0
0
0
0
0
0
0
0
0
0
0
0
0
0
0
0
0
0
0
0
0
0
0
0
0
0
0
0
-0
-0
-0
-0
-0
-0
-0
-0
-0
-0
-0
-0
-0
-0
-0
-0
-0
-0
-0
-0
-0
-0
-0
-0
-0
-0
-0
-0
-0
-0
-0
-0
-0
-0
-0
-0
-0
-0
-0
-0
-0
-0
-0
-0
-0
-0
-0
-0
-0
-0
-0
-0
-0
-0
-0
-0
-0
-0
-0
-0
-0
-0
-0
-0
-0
-0
-0
-0
-0
-0
-0
-0
-0
-0
-0
-0
-0
-0
-0
-0
-0
-0
-0
-0
-0
-0
-0
-0
-0
-0
-0
-0
-0
-0
-0
-0
-0
-0
-0
-0
-0
-0
-0
-0
-0
-0
-0
-0
-0
-0
-0
-0
-0
-0
-0
-0
-0
-0
-0
-0
-0
-0
-0
-0
-0
-0
-0
-0
-0
-0
-0
-0
-0
-0
-0
-0
-0
-0
-0
-0
-0
-0
-0
-0
-0
-0
-0
-0
-0
-0
-0
-0
-0
-0
-0
-0
-0
-0
-0
-0
-0
-0
-0
-0
-0
-0
-0
-0
-0
-0
-0
-0
-0
-0
-0
-0
-0
-0
-0
-0
-0
-0
-0
-0
-0
-0
-0
-0
-0
-0
0
0
0
0
0
0
0
0
0
0
0
0
0
0
0
0
0
0
0
0
0
0
0
0
0
0
