0
0
0
0
0
0
0
0
0
0
0
0
0
0
0
0
0
0
0
0
0
0
0
0
0
0
0
0
0
0
0
0
0
0
0
0
0
0
0
0
0
0
0
0
0
0
0
0
0
0
0
0
0
0
0
0
0
0
0
0
0
0
0
0
0
0
0
0
0
0
0
0
0
0
0
0
0
0
0
0
0
0
0
0
0
0
0
0
0
0
0
0
0
0
0
0
0
0
0
0
0
0
0
0
0
0
0
0
0
0
0
0
0
0
0
0
0
0
0
0
0
0
0
0
0
0
0
0
0
0
0
0
0
0
0
0
0
0
0
0
0
0
0
0
0
0
0
0
0
0
0
0
0
0
0
0
0
0
0
0
0
0
0
0
0
0
0
0
0
0
0
0
0
0
0
0
0
0
0
0
0
0
0
0
0
0
0
0
0
0
0
0
0
0
0
0
0
0
0
0
0
2.42972e-08
-5.02686e-08
-4.66653e-07
-1.46621e-06
-3.28429e-06
-6.14602e-06
-1.02622e-05
-1.58253e-05
-2.30054e-05
-3.1947e-05
-4.27652e-05
-5.55432e-05
-7.03293e-05
-8.7135e-05
-0.000105933
-0.000126657
-0.0001492
-0.000173415
-0.000199115
-0.000226074
-0.00025403
-0.000282685
-0.000311711
-0.000340749
-0.000369415
-0.000397303
-0.000423991
-0.000449044
-0.000472017
-0.000492463
-0.000509939
-0.000524008
-0.000534244
-0.000540243
-0.000541621
-0.000538027
-0.000529142
-0.000514687
-0.000494426
-0.000468173
-0.000435794
-0.000397213
-0.000352409
-0.000301425
-0.000244368
-0.000181405
-0.00011277
-3.87604e-05
4.02664e-05
0.000123891
0.000211639
0.000302979
0.000397333
0.000494076
0.000592543
0.000692035
0.000791824
0.000891161
0.000989279
0.0010854
0.00117876
0.00126856
0.00135407
0.00143452
0.00150921
0.00157745
0.00163859
0.00169204
0.00173725
0.00177371
0.00180102
0.0018188
0.00182678
0.00182473
0.00181252
0.00179011
0.00175751
0.00171485
0.00166231
0.00160017
0.00152877
0.00144855
0.00136001
0.00126369
0.00116024
0.00105033
0.000934686
0.000814087
0.000689338
0.000561277
0.000430906
0.000299046
0.000166334
3.34043e-05
-9.9111e-05
-0.000230585
-0.000360401
-0.000487952
-0.000612647
-0.00073391
-0.000851187
-0.000963945
-0.00107168
-0.0011739
-0.00127017
-0.00136006
-0.00144319
-0.00151921
-0.00158781
-0.00164872
-0.00170169
-0.00174654
-0.00178311
-0.00181129
-0.00183102
-0.00184226
-0.00184502
-0.00183937
-0.0018254
-0.00180324
-0.00177307
-0.0017351
-0.00168958
-0.00163679
-0.00157706
-0.00151072
-0.00143817
-0.0013598
-0.00127604
-0.00118736
-0.00109423
-0.00099713
-0.000896579
-0.000793095
-0.000687206
-0.000579451
-0.00047037
-0.000360506
-0.000250402
-0.000140596
-3.16206e-05
7.60013e-05
0.000181758
0.000285152
0.000385705
0.000482955
0.000576466
0.000665825
0.000750649
0.000830584
0.000905311
0.000974542
0.00103803
0.00109556
0.00114697
0.00119213
0.00123094
0.00126335
0.00128936
0.001309
0.00132233
0.00132946
0.00133051
0.00132567
0.00131512
0.0012991
0.00127784
0.00125163
0.00122075
0.00118551
0.00114624
0.00110327
0.00105695
0.00100764
0.000955704
0.000901507
0.000845421
0.000787818
0.000729063
0.000669519
0.000609537
0.000549458
0.00048961
0.000430301
0.000371821
0.000314439
0.000258398
0.000203919
0.000151193
0.000100386
5.16353e-05
5.05212e-06
-3.92814e-05
-8.13094e-05
-0.000121003
-0.000158357
-0.000193393
-0.000226155
-0.000256709
-0.000285143
-0.000311564
-0.000336099
-0.000358891
-0.0003801
-0.000399898
-0.000418469
-0.000436007
-0.000452713
-0.000468793
-0.000484452
-0.000499898
-0.000515332
-0.00053095
-0.000546937
-0.000563468
-0.000580704
-0.000598789
-0.000617849
-0.000637992
-0.000659304
-0.00068185
-0.000705672
-0.000730787
-0.000757189
-0.000784845
-0.000813697
-0.000843661
-0.000874626
-0.000906453
-0.000938977
-0.000972007
-0.00100533
-0.00103869
-0.00107184
-0.00110448
-0.00113631
-0.00116701
-0.00119624
-0.00122365
-0.0012489
-0.00127161
-0.00129144
-0.00130802
-0.001321
-0.00133004
-0.0013348
-0.00133495
-0.0013302
-0.00132027
-0.00130487
-0.00128378
-0.00125679
-0.00122369
-0.00118435
-0.00113865
-0.00108649
-0.00102785
-0.000962716
-0.000891133
-0.000813189
-0.000729016
-0.000638794
-0.000542748
-0.00044115
-0.000334317
-0.000222608
-0.000106425
1.37894e-05
0.000137556
0.000264361
0.000393656
0.000524865
0.000657383
0.000790581
0.000923807
0.00105639
0.00118765
0.00131688
0.00144338
0.00156643
0.00168533
0.00179935
0.00190779
0.00200998
0.00210523
0.0021929
0.00227238
0.00234307
0.00240445
0.002456
0.00249729
0.00252791
0.00254751
0.00255581
0.00255259
0.00253767
0.00251094
0.00247237
0.00242197
0.00235982
0.00228605
0.00220086
0.00210452
0.00199733
0.00187968
0.001752
0.00161478
0.00146858
0.00131398
0.00115165
0.000982288
0.000806655
0.000625547
0.000439804
0.000250302
5.79515e-05
-0.000136314
-0.00033154
-0.000526757
-0.00072099
-0.000913263
-0.00110261
-0.00128806
-0.0014687
-0.0016436
-0.0018119
-0.00197274
-0.00212534
-0.00226894
-0.00240284
-0.0025264
-0.00263903
-0.00274021
-0.00282947
-0.00290642
-0.00297071
-0.00302208
-0.00306033
-0.00308533
-0.00309701
-0.00309538
-0.0030805
-0.00305251
-0.00301162
-0.00295807
-0.0028922
-0.0028144
-0.0027251
-0.0026248
-0.00251404
-0.00239343
-0.00226361
-0.00212525
-0.00197908
-0.00182584
-0.00166633
-0.00150134
-0.00133171
-0.00115828
-0.000981903
-0.000803436
-0.000623742
-0.000443683
-0.000264108
-8.5857e-05
9.02472e-05
0.000263403
0.000432833
0.00059779
0.000757556
0.000911453
0.00105884
0.00119911
0.00133171
0.00145612
0.00157189
0.0016786
0.00177589
0.00186343
0.00194098
0.00200833
0.00206531
0.00211183
0.00214784
0.00217335
0.0021884
0.00219311
0.00218763
0.00217216
0.00214694
0.00211226
0.00206846
0.0020159
0.00195499
0.00188615
0.00180987
0.00172661
0.00163691
0.0015413
0.00144032
0.00133455
0.00122455
0.00111092
0.000994245
0.000875107
0.000754098
0.000631803
0.000508797
0.000385648
0.00026291
0.000141123
2.08094e-05
-9.75272e-05
-0.000213404
-0.00032636
-0.000435958
-0.000541788
-0.000643463
-0.000740626
-0.000832947
-0.000920123
-0.00100188
-0.00107799
-0.00114822
-0.00121239
-0.00127037
-0.00132202
-0.00136725
-0.00140601
-0.00143827
-0.00146402
-0.00148331
-0.00149617
-0.00150271
-0.00150303
-0.00149727
-0.00148559
-0.00146817
-0.0014452
-0.00141692
-0.00138357
-0.00134538
-0.00130265
-0.00125564
-0.00120464
-0.00114998
-0.00109194
-0.00103086
-0.000967065
-0.000900877
-0.000832635
-0.000762673
-0.000691329
-0.000618939
-0.000545837
-0.000472351
-0.000398808
-0.000325527
-0.000252817
-0.000180983
-0.000110317
-4.10992e-05
2.63987e-05
9.19195e-05
0.000155219
0.000216065
0.000274243
0.00032955
0.0003818
0.000430822
0.000476459
0.000518573
0.000557042
0.000591758
0.000622632
0.000649591
0.000672581
0.000691561
0.000706512
0.000717429
0.000724324
0.000727226
0.000726182
0.000721254
0.00071252
0.000700075
0.000684028
0.000664503
0.000641639
0.000615589
0.000586517
0.000554603
0.000520035
0.000483014
0.00044375
0.000402462
0.000359376
0.000314727
0.000268751
0.000221694
0.0001738
0.00012532
7.65013e-05
2.75955e-05
-2.11491e-05
-6.94856e-05
-0.00011717
-0.000163962
-0.000209628
-0.000253937
-0.00029667
-0.000337611
-0.000376557
-0.000413315
-0.000447702
-0.00047955
-0.000508703
-0.00053502
-0.000558376
-0.000578664
-0.000595792
-0.000609686
-0.00062029
-0.000627568
-0.000631499
-0.000632083
-0.000629336
-0.000623294
-0.000614008
-0.000601546
-0.000585995
-0.000567455
-0.000546043
-0.00052189
-0.000495141
-0.000465956
-0.000434503
-0.000400967
-0.000365539
-0.000328423
-0.000289828
-0.000249974
-0.000209085
-0.00016739
-0.000125123
-8.25172e-05
-3.98107e-05
2.76055e-06
4.49613e-05
8.65589e-05
0.000127324
0.000167034
0.000205469
0.000242419
0.00027768
0.000311061
0.000342377
0.000371458
0.000398145
0.000422294
0.000443774
0.000462471
0.000478287
0.000491142
0.000500971
0.00050773
0.000511392
0.000511948
0.000509407
0.000503798
0.000495165
0.000483573
0.0004691
0.000451843
0.000431913
0.000409437
0.000384555
0.00035742
0.000328197
0.000297064
0.000264207
0.000229822
0.000194112
0.000157287
0.000119565
8.11637e-05
4.23077e-05
3.22155e-06
-3.58693e-05
-7.47404e-05
-0.000113169
-0.000150937
-0.000187829
-0.000223636
-0.000258158
-0.0002912
-0.00032258
-0.000352124
-0.000379671
-0.000405071
-0.000428188
-0.000448903
-0.00046711
-0.000482717
-0.000495653
-0.000505858
-0.000513295
-0.000517938
-0.000519781
-0.000518834
-0.000515123
-0.000508688
-0.000499586
-0.000487887
-0.000473676
-0.000457048
-0.000438113
-0.000416991
-0.000393812
-0.000368717
-0.000341856
-0.000313385
-0.00028347
-0.000252282
-0.00022
-0.000186805
-0.000152883
-0.000118422
-8.36133e-05
-4.86471e-05
-1.37138e-05
2.09981e-05
5.53027e-05
8.9018e-05
0.000121966
0.000153976
0.000184883
0.000214528
0.000242762
0.000269444
0.000294443
0.000317638
0.000338918
0.000358184
0.000375349
0.000390309
0.000402812
0.000412761
0.000420108
0.000424827
0.000426915
0.00042639
0.000423289
0.000417673
0.00040962
0.000399226
0.000386605
0.000371885
0.000355212
0.000336739
0.000316635
0.000295076
0.000272219
0.000248031
0.000222727
0.000196597
0.000169942
0.000143064
0.000116269
8.98582e-05
6.41274e-05
3.93621e-05
1.58342e-05
-6.20159e-06
-2.65103e-05
-4.48799e-05
-6.11233e-05
-7.50805e-05
-8.66198e-05
-9.56396e-05
-0.000102068
-0.000105865
-0.000107021
-0.000105555
-0.00010152
-9.49941e-05
-8.6087e-05
-7.49339e-05
-6.16961e-05
-4.6559e-05
-2.97301e-05
-1.14373e-05
8.07395e-06
2.85428e-05
4.96959e-05
7.12505e-05
9.29171e-05
0.000114403
0.000135415
0.000155664
0.000174865
0.000192743
0.000209035
0.000223493
0.000235884
0.000245995
0.000253634
0.000258632
0.000260842
0.000260146
0.000256451
0.000249692
0.000239833
0.000226865
0.000210813
0.000191727
0.000169689
0.000144807
0.00011722
8.70947e-05
5.46197e-05
2.001e-05
-1.64973e-05
-5.46449e-05
-9.41559e-05
-0.000134741
-0.000176095
-0.000217906
-0.00025985
-0.0003016
-0.00034283
-0.000383214
-0.00042243
-0.000460166
-0.000496117
-0.00053003
-0.000561786
-0.000591173
-0.000617981
-0.000642015
-0.000663103
-0.000681093
-0.000695857
-0.000707289
-0.000715307
-0.000719857
-0.000720911
-0.000718464
-0.00071254
-0.000703189
-0.000690486
-0.000674532
-0.000655505
-0.000633839
-0.000609713
-0.000583267
-0.000554653
-0.000524034
-0.000491582
-0.000457484
-0.000421927
-0.000385108
-0.000347229
-0.000308497
-0.000269124
-0.000229318
-0.000189288
-0.000149245
-0.000109396
-6.99497e-05
-3.1101e-05
6.95585e-06
4.4033e-05
7.99498e-05
0.000114527
0.000147609
0.000179043
0.000208688
0.000236414
0.0002621
0.00028565
0.000306979
0.000326013
0.000342697
0.000356983
0.000368854
0.000378299
0.000385322
0.000389944
0.000392193
0.000392118
0.000389777
0.000385238
0.000378579
0.00036989
0.000359266
0.000346812
0.00033264
0.00031687
0.000299637
0.000281063
0.000261285
0.000240444
0.000218685
0.000196177
0.000173051
0.00014946
0.000125558
0.000101496
7.74563e-05
5.35585e-05
2.9949e-05
6.76999e-06
-1.58415e-05
-3.77172e-05
-5.87691e-05
-7.88798e-05
-9.79391e-05
-0.000115845
-0.000132463
-0.000147751
-0.000161634
-0.000174048
-0.000184938
-0.000194215
-0.000201887
-0.000207929
-0.000212324
-0.000215067
-0.000216124
-0.000215544
-0.000213344
-0.000209555
-0.000204213
-0.000197347
-0.000189025
-0.000179305
-0.000168256
-0.00015595
-0.000142482
-0.000127925
-0.000112372
-9.5919e-05
-7.86711e-05
-6.07896e-05
-4.23309e-05
-2.34082e-05
-4.13631e-06
1.53697e-05
3.48949e-05
5.44267e-05
7.38548e-05
9.30721e-05
0.000111976
0.000130321
0.000148161
0.000165407
0.000181975
0.000197788
0.000212588
0.000226489
0.000239427
0.000251342
0.000262176
0.000271675
0.000279992
0.000287083
0.000292907
0.000297428
0.000300422
0.000302054
0.000302304
0.000301154
0.000298593
0.000294465
0.000288915
0.000281946
0.000273563
0.000263775
0.00025253
0.000239905
0.000225918
0.000210586
0.00019393
0.000176029
0.000156849
0.000136413
0.000114748
9.1884e-05
6.80664e-05
4.31173e-05
1.70761e-05
-1.00137e-05
-3.81044e-05
-6.67649e-05
-9.63159e-05
-0.000126695
-0.000157833
-0.000189656
-0.000221551
-0.000253967
-0.000286811
-0.000319986
-0.00035339
-0.000386267
-0.000419147
-0.000451913
-0.000484436
-0.000516585
-0.000547531
-0.000577821
-0.00060731
-0.000635844
-0.000663266
-0.000688776
-0.000712848
-0.000735317
-0.000756013
-0.000774765
-0.000790927
-0.000804801
-0.000816219
-0.000825011
-0.000831011
-0.000833862
-0.000833602
-0.000830083
-0.000823161
-0.000812703
-0.00079877
-0.000781067
-0.0007595
-0.000733985
-0.000704457
-0.000671491
-0.000634436
-0.000593283
-0.000548045
-0.000498758
-0.000446551
-0.000390434
-0.000330516
-0.000266928
-0.000199829
-0.000130861
-5.87736e-05
1.61974e-05
9.37913e-05
0.00017372
0.000253959
0.000335886
0.000419144
0.000503352
0.000588106
0.000671212
0.000754003
0.000836027
0.000916816
0.000995886
0.00107116
0.00114373
0.00121309
0.00127875
0.00134021
0.00139582
0.00144623
0.00149098
0.00152959
0.00156163
0.00158618
0.00160332
0.00161267
0.00161387
0.00160661
0.00159101
0.00156643
0.00153268
0.0014896
0.00143708
0.00137643
0.00130629
0.00122672
0.00113783
0.00103978
0.000935037
0.000821641
0.000699921
0.000570267
0.000433126
0.000291964
0.000144362
-9.08353e-06
-0.000167725
-0.000330868
-0.000494393
-0.000660911
-0.000829618
-0.000999672
-0.0011702
-0.0013369
-0.00150228
-0.00166539
-0.00182532
-0.00198112
-0.00212889
-0.00227067
-0.00240555
-0.00253265
-0.00265109
-0.00275797
-0.00285457
-0.00294016
-0.00301403
-0.00307553
-0.00312322
-0.00315742
-0.00317766
-0.00318355
-0.00317475
-0.00315161
-0.00311334
-0.00305983
-0.00299106
-0.00290708
-0.00281012
-0.0026983
-0.00257191
-0.00243134
-0.00227706
-0.00211305
-0.00193649
-0.00174807
-0.00154856
-0.00133881
-0.00112416
-0.000901131
-0.000670723
-0.000434002
-0.000192074
4.89848e-05
0.000292946
0.000538625
0.000784817
0.0010303
0.00126902
0.00150459
0.00173581
0.0019615
0.00218046
0.00238744
0.00258545
0.00277344
0.00295037
0.00311529
0.00326439
0.00339972
0.00352051
0.00362607
0.00371576
0.00378779
0.00384297
0.00388092
0.00390138
0.00390416
0.0038897
0.00385745
0.0038075
0.00374002
0.00365528
0.00355594
0.00344013
0.00330836
0.00316124
0.00299946
0.00282755
0.00264254
0.00244534
0.00223687
0.00201817
0.00179509
0.00156391
0.00132578
0.00108185
0.000833315
0.000586637
0.000337772
8.79285e-05
-0.000161688
-0.000409878
-0.000650405
-0.000887187
-0.00111911
-0.00134511
-0.00156414
-0.00177093
-0.00196884
-0.00215701
-0.00233462
-0.00250093
-0.00265221
-0.00279089
-0.00291645
-0.00302842
-0.00312641
-0.00320858
-0.00327621
-0.00332914
-0.00336728
-0.00339063
-0.00339932
-0.00339341
-0.00337311
-0.00333869
-0.00329051
-0.00323054
-0.00315769
-0.0030725
-0.00297555
-0.00286748
-0.00275174
-0.00262628
-0.00249186
-0.00234926
-0.0021993
-0.00204635
-0.00188769
-0.00172415
-0.00155659
-0.00138584
-0.00121665
-0.00104592
-0.00087448
-0.000703106
-0.000532575
-0.000367421
-0.000204574
-4.47172e-05
0.000111497
0.000263449
0.000407264
0.000545706
0.000678288
0.000804565
0.000924144
0.00103414
0.00113681
0.00123188
0.00131918
0.00139855
0.00146827
0.0015299
0.00158344
0.0016289
0.00166635
0.0016952
0.00171627
0.00172972
0.00173574
0.00173456
0.00172656
0.00171185
0.00169072
0.00166346
0.00163041
0.00159273
0.00154993
0.00150235
0.00145036
0.0013943
0.00133591
0.00127418
0.00120945
0.00114207
0.00107238
0.00100237
0.000930667
0.000857572
0.000783361
0.000708299
0.000634447
0.000560224
0.000485846
0.000411514
0.000337416
0.000265547
0.000194241
0.000123639
5.38693e-05
-1.49529e-05
-8.09841e-05
-0.000145877
-0.000209554
-0.000271947
-0.000332997
-0.000391054
-0.000447669
-0.000502803
-0.000556416
-0.000608472
-0.000657517
-0.000704932
-0.000750677
-0.000794715
-0.000837003
-0.000876301
-0.000913764
-0.000949346
-0.000983001
-0.00101468
-0.0010434
-0.00107004
-0.00109456
-0.00111691
-0.00113701
-0.0011542
-0.00116903
-0.00118144
-0.00119137
-0.00119874
-0.00120321
-0.00120498
-0.00120397
-0.0012001
-0.00119332
-0.00118369
-0.00117102
-0.00115525
-0.00113634
-0.00111426
-0.0010896
-0.00106176
-0.00103074
-0.000996564
-0.000959283
-0.000920011
-0.000877753
-0.000832592
-0.000784623
-0.000733959
-0.000682207
-0.000628019
-0.000571544
-0.000512944
-0.000452396
-0.000391899
-0.000329839
-0.000266429
-0.000201892
-0.000136463
-7.23871e-05
-7.91812e-06
5.66843e-05
0.000121152
0.000185211
0.000246573
0.000306973
0.000366136
0.000423787
0.000479655
0.000531655
0.000581352
0.000628505
0.000672879
0.000714252
0.000750979
0.000784307
0.000814062
0.000840086
0.00086224
0.000879523
0.000892712
0.000901725
0.000906501
0.000906994
0.00090298
0.000894654
0.000882031
0.000865143
0.00084404
0.000819327
0.000790553
0.000757822
0.000721251
0.000680978
0.000638396
0.000592424
0.000543237
0.000491025
0.000435992
0.000380207
0.000322037
0.00026171
0.000199468
0.000135557
7.25273e-05
8.33819e-06
-5.67521e-05
-0.000122481
-0.000188584
-0.00025229
-0.000315846
-0.000378992
-0.000441473
-0.000503034
-0.000560967
-0.00061749
-0.000672369
-0.000725375
-0.000776068
-0.000821774
-0.000864359
-0.000903561
-0.00093914
-0.000970877
-0.000997008
-0.00101895
-0.00103659
-0.0010498
-0.00105851
-0.00106187
-0.00106069
-0.00105501
-0.00104487
-0.00103036
-0.0010116
-0.000988749
-0.000961976
-0.00093149
-0.000897525
-0.000861086
-0.000821673
-0.000779578
-0.000735107
-0.00068858
-0.000641664
-0.000593305
-0.000543836
-0.000493593
-0.000442913
-0.000393812
-0.000344851
-0.00029634
-0.000248577
-0.000201852
-0.000158204
-0.000116024
-7.55432e-05
-3.69752e-05
-5.12501e-07
3.20671e-05
6.23302e-05
9.01585e-05
0.000115458
0.000138157
0.000156936
0.000173148
0.000186801
0.000197923
0.000206566
0.000211941
0.000215082
0.000216101
0.000215128
0.000212305
0.000207326
0.000200868
0.000193104
0.000184212
0.000174372
0.000163624
0.000152309
0.000140603
0.000128676
0.00011669
0.000104851
9.32382e-05
8.19828e-05
7.12011e-05
6.09958e-05
5.15811e-05
4.28755e-05
3.49369e-05
2.78069e-05
2.15109e-05
1.61679e-05
1.16287e-05
7.87445e-06
4.87111e-06
2.57059e-06
9.65236e-07
-9.76792e-08
-6.97664e-07
-9.23535e-07
-8.71894e-07
-6.37182e-07
-3.44237e-07
-9.7043e-08
0
0
0
0
0
0
0
0
0
0
0
0
0
0
0
0
0
0
0
0
0
0
0
0
0
0
0
0
0
0
0
0
0
0
0
0
0
0
0
0
0
0
0
0
0
0
0
0
0
0
0
0
0
0
0
0
0
0
0
0
0
0
0
0
0
0
0
0
0
0
0
0
0
0
0
0
0
0
0
0
0
0
0
0
0
0
0
0
0
0
0
0
0
0
0
0
0
0
0
0
0
0
0
0
0
0
0
0
0
0
0
0
0
0
0
0
0
0
0
0
0
0
0
0
0
0
0
0
0
0
0
0
0
0
0
0
0
0
0
0
0
0
0
0
0
0
0
0
0
0
0
0
0
0
0
0
0
0
0
0
0
0
0
0
0
0
0
0
0
0
0
0
0
0
0
0
0
0
0
0
0
0
0
0
0
0
0
0
0
0
0
0
0
0
0
0
0
0
0
0
0
