-0
-0
-0
-0
-0
-0
0
0
0
0
0
0
0
0
0
0
0
0
0
0
0
0
0
0
0
0
0
0
0
0
0
0
0
0
0
0
0
0
0
0
0
0
0
0
0
0
0
0
0
0
0
0
0
-0
-0
-0
-0
-0
-0
-0
-0
-0
-0
-0
-0
-0
-0
-0
-0
-0
-0
-0
-0
-0
-0
-0
-0
-0
-0
-0
-0
-0
-0
-0
-0
-0
-0
-0
-0
-0
-0
-0
-0
-0
-0
-0
-0
-0
-0
-0
-0
-0
-0
-0
-0
0
0
0
0
0
0
0
0
0
0
0
0
0
0
0
0
0
0
0
0
0
0
0
0
0
0
0
0
0
0
0
0
0
0
0
0
0
0
0
0
0
0
0
0
0
0
0
0
0
-0
-0
-0
-0
-0
-0
-0
-0
-0
-0
-0
-0
-0
-0
-0
-0
-0
-0
-0
-0
-0
-0
-0
-0
-0
-0
-0
-0
-0
-0
-0
-0
-0
-0
-0
-0
-0
-0
-0
-0
-0
-0
-0
-0
-0
-0
-0
-0
-0
-0
-0
-0
-0
-0
0
0
0
0
0
0
0
0
0
0
0
0
0
0
0
0
0
0
0
0
0
0
0
0
0
0
0
0
0
0
0
0
0
0
0
0
0
0
0
0
0
0
0
0
0
0
0
0
0
-0
-0
-0
-0
-0
-0
-0
-0
-0
-0
-0
-0
-0
-0
-0
-0
-0
-0
-0
-0
-0
-0
-0
-0
-0
-0
-0
-0
-0
-0
-0
-0
-0
-0
-0
-0
-0
-0
-0
-0
-0
-0
-0
-0
-0
-0
-0
0
0
0
0
0
0
0
0
0
0
0
0
0
0
0
0
0
0
0
0
0
0
0
0
0
0
0
0
0
0
0
0
0
0
0
0
0
0
0
0
0
0
0
0
0
-0
-0
-0
-0
-0
-0
-0
-0
-0
-0
-0
-0
-0
-0
-0
-0
-0
-0
-0
-0
-0
-0
-0
-0
-0
-0
-0
-0
-0
-0
-0
-0
-0
-0
-0
-4.72238e-06
-2.04794e-05
-4.26098e-05
-6.59688e-05
-8.52612e-05
-9.51425e-05
-9.03163e-05
-6.56221e-05
-1.61225e-05
6.28011e-05
0.000175342
0.000325163
0.000515314
0.000748182
0.00102547
0.00134816
0.00171648
0.00212982
0.00258667
0.00308456
0.00362016
0.00418929
0.00478704
0.00540781
0.00604526
0.00669238
0.00734154
0.00798453
0.00861276
0.00921728
0.00978884
0.0103179
0.0107949
0.01121
0.0115538
0.0118175
0.0119927
0.0120716
0.0120468
0.0119114
0.0116591
0.0112846
0.0107836
0.0101533
0.00939216
0.00849975
0.00747692
0.00632566
0.00504925
0.0036523
0.00214068
0.000521295
-0.00119804
-0.00300866
-0.00490079
-0.00686326
-0.00888331
-0.0109467
-0.0130379
-0.0151411
-0.01724
-0.0193184
-0.02136
-0.0233481
-0.0252662
-0.0270977
-0.0288263
-0.030436
-0.0319115
-0.0332376
-0.0343999
-0.0353846
-0.0361795
-0.0367742
-0.0371601
-0.0373304
-0.0372794
-0.0370027
-0.0364967
-0.0357595
-0.0347913
-0.0335944
-0.0321737
-0.0305358
-0.0286888
-0.0266424
-0.0244074
-0.0219964
-0.0194235
-0.0167046
-0.0138605
-0.0109108
-0.00786898
-0.00474896
-0.00156543
0.00166631
0.00493048
0.00821117
0.0114926
0.014759
0.0179944
0.0211827
0.0243071
0.0273509
0.0302977
0.033132
0.0358391
0.0384053
0.0408172
0.0430616
0.0451252
0.0469952
0.0486596
0.0501076
0.0513299
0.0523186
0.0530668
0.0535688
0.0538203
0.053818
0.0535601
0.0530458
0.0522757
0.0512509
0.0499738
0.048448
0.0466789
0.0446734
0.0424401
0.0399889
0.03733
0.0344747
0.0314347
0.0282232
0.0248551
0.0213465
0.0177153
0.0139798
0.0101584
0.00626956
0.00233179
-0.0016362
-0.00561523
-0.00958585
-0.0135286
-0.0174243
-0.0212541
-0.0249996
-0.0286422
-0.0321633
-0.0355445
-0.0387678
-0.0418167
-0.0446754
-0.0473299
-0.0497669
-0.0519737
-0.0539387
-0.0556511
-0.0571018
-0.0582833
-0.0591895
-0.0598159
-0.0601586
-0.0602148
-0.0599831
-0.059464
-0.0586599
-0.057575
-0.0562151
-0.054587
-0.0526978
-0.0505559
-0.0481709
-0.0455543
-0.0427194
-0.0396808
-0.0364539
-0.0330543
-0.0294978
-0.0258008
-0.0219807
-0.0180559
-0.0140458
-0.00997029
-0.00584882
-0.00170057
0.0024556
0.00660085
0.0107162
0.0147829
0.0187824
0.0226971
0.0265099
0.0302043
0.033764
0.0371726
0.0404138
0.0434728
0.046336
0.0489919
0.0514305
0.0536434
0.0556226
0.0573609
0.0588522
0.0600919
0.0610771
0.061807
0.0622816
0.062502
0.0624695
0.0621861
0.061655
0.0608808
0.0598697
0.0586292
0.0571673
0.0554926
0.0536135
0.0515395
0.0492812
0.0468507
0.0442616
0.0415279
0.0386639
0.0356832
0.0325986
0.0294231
0.0261696
0.0228523
0.0194859
0.0160852
0.0126649
0.00923881
0.00581953
0.00241886
-0.000951878
-0.00428155
-0.00755909
-0.0107738
-0.0139155
-0.0169751
-0.0199442
-0.0228154
-0.0255818
-0.0282366
-0.0307739
-0.0331884
-0.0354757
-0.0376324
-0.039656
-0.0415445
-0.0432959
-0.0449082
-0.0463801
-0.0477106
-0.0488999
-0.049949
-0.0508594
-0.0516329
-0.0522707
-0.0527741
-0.0531441
-0.0533818
-0.053489
-0.0534676
-0.0533196
-0.053047
-0.0526519
-0.0521363
-0.0515022
-0.0507522
-0.0498885
-0.0489131
-0.0478277
-0.0466333
-0.0453309
-0.0439213
-0.0424057
-0.0407857
-0.0390628
-0.0372384
-0.0353136
-0.0332893
-0.0311666
-0.0289467
-0.0266316
-0.0242232
-0.021724
-0.0191365
-0.0164638
-0.0137091
-0.0108762
-0.00796943
-0.00499316
-0.00195189
0.00114988
0.00430742
0.00751541
0.0107676
0.0140566
0.0173739
0.0207103
0.0240559
0.0274007
0.0307341
0.0340453
0.037323
0.0405557
0.0437316
0.0468388
0.0498651
0.0527979
0.0556241
0.0583297
0.0609003
0.0633212
0.0655781
0.0676571
0.0695451
0.0712297
0.0726991
0.0739418
0.0749469
0.0757039
0.0762028
0.0764343
0.0763897
0.0760614
0.0754429
0.0745291
0.0733162
0.0718023
0.0699869
0.067871
0.0654569
0.0627485
0.0597503
0.0564685
0.0529102
0.0490843
0.0450009
0.0406719
0.0361109
0.031333
0.0263548
0.0211943
0.0158711
0.0104058
0.00482008
-0.000863472
-0.00662173
-0.0124312
-0.0182682
-0.0241089
-0.0299292
-0.0357047
-0.0414108
-0.0470222
-0.0525133
-0.0578585
-0.0630316
-0.0680071
-0.0727593
-0.0772634
-0.0814956
-0.0854332
-0.0890553
-0.0923426
-0.0952775
-0.0978444
-0.10003
-0.101822
-0.103211
-0.10419
-0.104755
-0.104901
-0.10463
-0.103941
-0.102838
-0.101327
-0.0994124
-0.097105
-0.0944149
-0.0913545
-0.0879382
-0.0841816
-0.0801023
-0.0757191
-0.0710526
-0.0661244
-0.0609574
-0.0555757
-0.0500041
-0.0442681
-0.0383943
-0.0324096
-0.0263413
-0.020217
-0.0140645
-0.00791127
-0.00178496
0.00428725
0.0102785
0.0161626
0.0219139
0.0275077
0.0329203
0.0381287
0.0431111
0.047847
0.0523175
0.0565048
0.0603931
0.063968
0.0672165
0.0701271
0.0726899
0.0748967
0.0767412
0.0782192
0.0793281
0.0800674
0.0804378
0.0804421
0.0800845
0.0793934
0.0784073
0.0771327
0.0755757
0.0737424
0.0716391
0.0692723
0.0666488
0.063776
0.0606612
0.0573122
0.0537371
0.0499443
0.0459434
0.0417445
0.0373591
0.0327991
0.0280774
0.0232072
0.0182027
0.0130788
0.00785193
0.00253972
-0.00283906
-0.00826477
-0.0137171
-0.0191752
-0.0246174
-0.0300212
-0.0353633
-0.0406196
-0.045766
-0.0507781
-0.0556318
-0.0603031
-0.0647682
-0.0690031
-0.0729846
-0.07669
-0.0800977
-0.0831876
-0.0859405
-0.0883384
-0.0903644
-0.0920031
-0.0932407
-0.0940657
-0.0944691
-0.094444
-0.0939854
-0.0930905
-0.0917587
-0.0899916
-0.0877933
-0.0851708
-0.0821335
-0.0786932
-0.0748638
-0.0706614
-0.0661047
-0.0612147
-0.0560147
-0.0505302
-0.0447885
-0.038818
-0.0326489
-0.0263127
-0.0198426
-0.0132732
-0.00664015
2.03576e-05
0.00667202
0.0132785
0.0198033
0.0262098
0.0324614
0.0385216
0.0443546
0.049926
0.0552028
0.0601533
0.0647476
0.0689572
0.0727552
0.0761168
0.0790194
0.0814428
0.0833694
0.0847721
0.0856261
0.0859357
0.0857092
0.0849441
0.0836411
0.081813
0.0794582
0.0765866
0.073211
0.0693467
0.0650426
0.060288
0.0551064
0.0495244
0.0435711
0.0373314
0.0307853
0.0239679
0.0169155
0.00966554
0.00232762
-0.00512991
-0.0126658
-0.020238
-0.0278038
-0.0352401
-0.042587
-0.0498036
-0.0568497
-0.0636858
-0.0701927
-0.0764158
-0.08232
-0.0878719
-0.0930399
-0.0977248
-0.101971
-0.105756
-0.109057
-0.111858
-0.114094
-0.115803
-0.116977
-0.117608
-0.117693
-0.11721
-0.116184
-0.114621
-0.112527
-0.109916
-0.106811
-0.103217
-0.099152
-0.0946357
-0.0896907
-0.0843846
-0.0786985
-0.0726597
-0.0662965
-0.0596385
-0.052787
-0.0457004
-0.03841
-0.0309476
-0.0233446
-0.0157235
-0.00802367
-0.000276752
0.00748589
0.0152334
0.0228359
0.0303655
0.0377937
0.0450925
0.0522346
0.0590957
0.0657493
0.0721706
0.0783355
0.0842206
0.0897187
0.0948931
0.0997225
0.104186
0.108265
0.111878
0.115069
0.117818
0.120108
0.121882
0.123069
0.12368
0.123702
0.123125
0.12194
0.120154
0.117754
0.114742
0.111123
0.106906
0.102152
0.0968252
0.0909426
0.0845251
0.0775965
0.0702717
0.0624922
0.0542899
0.0456991
0.0367564
0.0276169
0.0182054
0.00856481
-0.00126037
-0.0112243
-0.0211488
-0.031118
-0.0410835
-0.0509966
-0.0608082
-0.0703382
-0.0796696
-0.0887554
-0.0975492
-0.106006
-0.113966
-0.121503
-0.128577
-0.135148
-0.141182
-0.146563
-0.151343
-0.155496
-0.158997
-0.161826
-0.163923
-0.165317
-0.165998
-0.165961
-0.165202
-0.163728
-0.161537
-0.158638
-0.155044
-0.15077
-0.145888
-0.140369
-0.134237
-0.127521
-0.120252
-0.112559
-0.104386
-0.0957713
-0.0867579
-0.0773888
-0.0678321
-0.0580114
-0.0479746
-0.0377704
-0.0274481
-0.017194
-0.00691996
0.00332549
0.013494
0.0235378
0.0332751
0.0427957
0.0520563
0.0610152
0.0696329
0.0777544
0.0854616
0.0927216
0.099504
0.105781
0.111442
0.116551
0.12109
0.125043
0.1284
0.131102
0.133192
0.134669
0.135534
0.135789
0.135437
0.134491
0.132965
0.130874
0.128235
0.125104
0.121469
0.117354
0.112787
0.107797
0.102481
0.096804
0.0907995
0.0845006
0.0779416
0.0712468
0.0643616
0.0573213
0.0501614
0.0429172
0.0357243
0.0285162
0.0213266
0.0141881
0.00713267
0.000290267
-0.00641064
-0.0129435
-0.0192833
-0.0254064
-0.031202
-0.036738
-0.0419958
-0.0469589
-0.0516126
-0.0558753
-0.0598064
-0.0633976
-0.0666429
-0.0695382
-0.0720356
-0.0741808
-0.0759755
-0.0774222
-0.0785254
-0.0792692
-0.0796818
-0.0797718
-0.0795493
-0.0790255
-0.078215
-0.0771289
-0.0757814
-0.0741875
-0.0723625
-0.0703437
-0.0681251
-0.0657224
-0.0631511
-0.0604269
-0.057602
-0.0546567
-0.0516074
-0.0484695
-0.0452579
-0.0420315
-0.0387585
-0.0354517
-0.0321236
-0.0287863
-0.0255001
-0.0222262
-0.018974
-0.0157522
-0.0125693
-0.00948245
-0.00644973
-0.00347755
-0.000571076
0.00226568
0.00498318
0.00762491
0.010188
0.0126695
0.0150666
0.0173359
0.0195175
0.0216112
0.0236172
0.0255357
0.0273315
0.0290397
0.0306597
0.0321913
0.0336341
0.0349601
0.036198
0.0373482
0.0384106
0.0393845
0.0402489
0.0410229
0.0417057
0.0422969
0.0427963
0.0431919
0.0434937
0.0436997
0.0438069
0.0438131
0.0437149
0.0435135
0.0432086
0.0428002
0.0422867
0.0416746
0.0409519
0.040116
0.0391664
0.0381041
0.0369513
0.0356902
0.0343221
0.0328471
0.0312656
0.0296091
0.0278497
0.025992
0.024041
0.0220022
0.0199194
0.0177573
0.0155203
0.0132139
0.0108452
0.00846826
0.00604569
0.00358571
0.00109627
-0.00141439
-0.00388905
-0.00636578
-0.00883359
-0.0112813
-0.0136979
-0.0160275
-0.0183062
-0.0205244
-0.022672
-0.0247388
-0.0266758
-0.0285122
-0.0302393
-0.0318483
-0.0333308
-0.0346507
-0.0358266
-0.0368509
-0.037717
-0.0384199
-0.0389437
-0.0392965
-0.0394746
-0.0394744
-0.0392927
-0.0389332
-0.0383908
-0.0376673
-0.0367656
-0.0356887
-0.0344624
-0.0330669
-0.0315063
-0.0297861
-0.0279136
-0.0259353
-0.0238224
-0.021584
-0.0192293
-0.0167676
-0.0142583
-0.0116633
-0.00899483
-0.00626545
-0.00348764
-0.000728731
0.00205452
0.00484976
0.00764394
0.0104235
0.0131199
0.0157755
0.0183785
0.0209179
0.0233825
0.0257125
0.0279448
0.0300685
0.0320734
0.0339506
0.0356557
0.0372182
0.0386309
0.0398865
0.0409782
0.0418799
0.0426089
0.0431637
0.0435439
0.043749
0.0437761
0.0436272
0.0433025
0.0428036
0.0421338
0.0413133
0.0403316
0.0391937
0.037905
0.0364717
0.0349329
0.0332652
0.0314775
0.0295793
0.0275793
0.025531
0.0233991
0.0211941
0.0189272
0.0166105
0.0143072
0.0119758
0.00962574
0.00726662
0.0049087
0.00261646
0.000348472
-0.00188399
-0.00407089
-0.00620349
-0.00822518
-0.0101732
-0.0120341
-0.0137958
-0.0154473
-0.0169404
-0.0183062
-0.0195384
-0.0206314
-0.0215803
-0.022356
-0.0229801
-0.0234511
-0.0237694
-0.0239369
-0.0239478
-0.023813
-0.023536
-0.0231213
-0.0225749
-0.0219121
-0.0211339
-0.0202494
-0.0192671
-0.0181957
-0.0170639
-0.0158612
-0.0145984
-0.0132872
-0.0119391
-0.0105927
-0.00922955
-0.00785951
-0.00649257
-0.0051388
-0.00383874
-0.00256931
-0.00133875
-0.000154503
0.000976531
0.00201891
0.0029972
0.00390607
0.00474128
0.00549974
0.00615588
0.00673378
0.00723273
0.0076524
0.007993
0.00823904
0.00841021
0.00850913
0.00853894
0.00850318
0.00839656
0.00823352
0.0080189
0.00775802
0.00745649
0.00711684
0.00674819
0.00635601
0.00594569
0.00552263
0.00509296
0.00466104
0.00423183
0.00380992
0.00339945
0.0030066
0.00263178
0.00227793
0.00194753
0.00164255
0.00136679
0.0011182
0.000897292
0.000704102
0.000538209
0.000400081
0.000286501
0.0001958
0.000125953
7.46428e-05
3.96641e-05
1.7596e-05
5.58394e-06
6.58487e-07
-2.04737e-07
-0
-0
-0
-0
-0
-0
-0
-0
-0
-0
-0
-0
-0
-0
-0
-0
-0
-0
-0
-0
-0
-0
-0
-0
-0
-0
-0
-0
-0
-0
-0
-0
-0
-0
-0
0
0
0
0
0
0
0
0
0
0
0
0
0
0
0
0
0
0
0
0
0
0
0
0
0
0
0
0
0
0
0
0
0
0
0
0
0
0
0
0
0
0
0
0
0
0
0
0
0
0
0
0
0
-0
-0
-0
-0
-0
-0
-0
-0
-0
-0
-0
-0
-0
-0
-0
-0
-0
-0
-0
-0
-0
-0
-0
-0
-0
-0
-0
-0
-0
-0
-0
-0
-0
-0
-0
-0
0
0
0
0
0
0
0
0
0
0
0
0
0
0
0
0
0
0
0
0
0
0
0
0
0
0
0
0
0
0
0
0
0
0
0
0
0
0
0
0
0
0
0
0
0
0
0
0
0
0
0
0
0
0
0
0
0
0
0
0
0
0
0
-0
-0
-0
-0
-0
-0
-0
-0
-0
-0
-0
-0
-0
-0
-0
-0
-0
-0
-0
-0
-0
-0
-0
0
0
0
0
0
0
0
0
0
0
0
0
0
0
0
0
0
0
0
0
0
0
0
0
0
0
0
0
0
0
0
0
0
0
0
0
0
0
0
0
0
0
0
0
0
0
0
0
0
0
0
0
0
0
0
0
0
0
0
0
0
0
0
0
0
0
0
0
0
0
0
0
0
0
0
0
0
0
0
0
0
0
0
0
0
0
0
0
0
0
0
0
0
0
0
0
0
0
0
0
0
0
0
0
0
0
0
0
0
0
0
0
0
0
0
0
0
0
0
0
0
0
0
0
0
0
0
0
0
0
0
0
0
0
0
0
0
0
0
0
0
0
0
0
0
0
0
0
0
0
0
0
0
0
0
0
0
0
0
0
0
0
0
0
0
0
0
0
0
0
0
0
0
0
