-2.85112e-05
-4.27629e-05
-5.19916e-05
-5.11563e-05
-3.49989e-05
1.81853e-06
6.45734e-05
0.000158347
0.000287901
0.000457561
0.000671103
0.000931635
0.00124146
0.00160195
0.00201343
0.00247515
0.00298524
0.00354073
0.0041376
0.00477071
0.00543382
0.00611959
0.00681957
0.00752435
0.00822366
0.00890647
0.00956111
0.0101754
0.0107369
0.011233
0.0116516
0.0119809
0.0122097
0.0123279
0.0123258
0.0121948
0.0119275
0.011518
0.0109625
0.0102588
0.00940673
0.00840791
0.00726551
0.00598469
0.00457285
0.00303991
0.00139822
-0.000337837
-0.00215239
-0.00402859
-0.00594865
-0.00789378
-0.00984384
-0.0117773
-0.0136716
-0.0155035
-0.01725
-0.0188886
-0.0203972
-0.0217545
-0.0229397
-0.023933
-0.0247157
-0.0252706
-0.0255826
-0.0256384
-0.0254269
-0.024939
-0.0241679
-0.0231093
-0.0217618
-0.0201266
-0.018208
-0.0160132
-0.0135522
-0.0108385
-0.00788794
-0.00471944
-0.00135375
0.00218682
0.00587859
0.00969645
0.0136135
0.0176008
0.0216279
0.025663
0.0296745
0.0336312
0.0375126
0.0413062
0.0449893
0.0485391
0.0519332
0.05515
0.0581692
0.0609727
0.0635442
0.0658689
0.0679332
0.0697253
0.0712344
0.0724521
0.0733715
0.0739879
0.0742983
0.074302
0.0739998
0.0733951
0.0724936
0.071303
0.0698327
0.0680937
0.0660978
0.0638578
0.0613879
0.0587032
0.0558204
0.052757
0.0495312
0.0461618
0.0426682
0.0390703
0.0353886
0.031644
0.0278577
0.0240502
0.020242
0.016453
0.0127024
0.00900913
0.00539106
0.00186527
-0.00155225
-0.0048465
-0.00800328
-0.0110091
-0.0138515
-0.0165187
-0.0190011
-0.0212906
-0.0233809
-0.0252673
-0.0269463
-0.0284153
-0.0296726
-0.0307181
-0.031553
-0.0321805
-0.0326053
-0.0328335
-0.0328722
-0.03273
-0.0324161
-0.0319411
-0.0313162
-0.0305529
-0.0296625
-0.028656
-0.0275444
-0.0263387
-0.0250511
-0.0236945
-0.0222829
-0.0208307
-0.0193522
-0.0178612
-0.0163706
-0.0148925
-0.0134377
-0.0120163
-0.0106374
-0.00930964
-0.00804085
-0.00683868
-0.00571032
-0.00466242
-0.00370073
-0.00282989
-0.0020532
-0.00137261
-0.000788839
-0.000301445
9.10834e-05
0.000391323
0.000602912
0.00073051
0.000779738
0.000757136
0.000670183
0.000527334
0.00033799
0.000112317
-0.000139109
-0.000405712
-0.000677221
-0.000943729
-0.0011955
-0.00142268
-0.0016151
-0.00176236
-0.00185406
-0.00188016
-0.00183125
-0.00169858
-0.00147397
-0.00114981
-0.000719088
-0.000175674
0.0004854
0.00126779
0.00217389
0.00320512
0.00436214
0.00564506
0.00705329
0.0085854
0.0102389
0.01201
0.0138939
0.0158844
0.0179745
0.0201557
0.0224182
0.0247509
0.0271412
0.0295752
0.0320385
0.0345157
0.0369912
0.0394488
0.0418719
0.0442436
0.0465466
0.0487632
0.0508758
0.0528664
0.0547171
0.05641
0.0579276
0.0592525
0.0603684
0.06126
0.0619131
0.0623152
0.0624547
0.0623217
0.0619071
0.0612031
0.0602031
0.0589017
0.0572949
0.0553806
0.0531586
0.0506306
0.0478003
0.0446738
0.0412594
0.0375677
0.0336115
0.0294061
0.0249683
0.0203169
0.0154722
0.010456
0.00529199
5.80578e-06
-0.00537494
-0.010821
-0.0163021
-0.0217875
-0.0272465
-0.0326486
-0.0379635
-0.0431605
-0.0482089
-0.0530776
-0.0577358
-0.0621536
-0.0663018
-0.0701532
-0.073682
-0.0768644
-0.0796786
-0.0821053
-0.0841273
-0.0857299
-0.086901
-0.0876305
-0.0879109
-0.0877369
-0.0871055
-0.0860168
-0.0844737
-0.082482
-0.0800505
-0.0771909
-0.073918
-0.0702487
-0.0662026
-0.0618016
-0.0570693
-0.0520315
-0.0467158
-0.0411516
-0.0353703
-0.0294046
-0.0232888
-0.0170582
-0.0107493
-0.00439911
0.00195469
0.0082741
0.0145211
0.0206582
0.0266484
0.032456
0.0380462
0.0433854
0.0484413
0.0531831
0.0575815
0.0616092
0.0652413
0.0684547
0.0712292
0.0735467
0.0753922
0.0767535
0.0776214
0.0779894
0.077854
0.0772147
0.0760734
0.0744355
0.0723096
0.0697081
0.0666461
0.063142
0.0592165
0.0548923
0.050194
0.0451486
0.0397851
0.0341348
0.0282308
0.0221077
0.0158016
0.00934974
0.00279033
-0.00383748
-0.0104941
-0.0171398
-0.0237358
-0.0302439
-0.0366272
-0.0428495
-0.0488754
-0.0546705
-0.0602019
-0.0654383
-0.0703507
-0.0749121
-0.0790971
-0.0828822
-0.0862454
-0.0891669
-0.0916295
-0.0936191
-0.0951252
-0.0961404
-0.0966603
-0.0966833
-0.0962109
-0.0952477
-0.0938019
-0.0918851
-0.0895118
-0.0866994
-0.0834671
-0.0798365
-0.0758312
-0.0714771
-0.0668024
-0.0618374
-0.0566139
-0.0511648
-0.0455238
-0.0397253
-0.0338044
-0.0277968
-0.0217386
-0.0156659
-0.00961474
-0.00362029
0.00228282
0.00806076
0.0136806
0.0191102
0.0243188
0.029277
0.0339568
0.0383325
0.0423801
0.0460782
0.0494075
0.0523511
0.0548947
0.0570258
0.0587341
0.0600118
0.0608534
0.0612565
0.0612215
0.0607517
0.0598527
0.0585327
0.0568017
0.054672
0.0521579
0.0492763
0.0460465
0.0424894
0.0386278
0.0344855
0.0300876
0.0254601
0.0206303
0.0156264
0.0104777
0.00521371
-0.00013559
-0.0055401
-0.0109697
-0.0163942
-0.0217837
-0.0271087
-0.0323405
-0.0374514
-0.0424145
-0.0472042
-0.0517955
-0.0561651
-0.0602909
-0.0641526
-0.0677319
-0.0710126
-0.0739798
-0.0766208
-0.0789243
-0.0808812
-0.0824843
-0.0837286
-0.0846111
-0.0851305
-0.0852875
-0.0850844
-0.0845257
-0.0836182
-0.0823706
-0.0807937
-0.0788997
-0.0767021
-0.0742154
-0.0714556
-0.0684397
-0.0651864
-0.0617157
-0.0580487
-0.054207
-0.0502129
-0.0460891
-0.0418588
-0.0375454
-0.0331726
-0.0287642
-0.0243435
-0.0199338
-0.0155579
-0.0112384
-0.00699742
-0.00285647
0.00116386
0.00504396
0.00876529
0.0123103
0.0156627
0.0188073
0.0217303
0.0244192
0.026863
0.0290518
0.0309767
0.0326299
0.0340049
0.0350971
0.0359038
0.0364242
0.0366589
0.0366095
0.0362782
0.0356682
0.0347841
0.0336322
0.032221
0.0305602
0.028661
0.0265348
0.0241934
0.0216493
0.0189156
0.016007
0.0129391
0.0097281
0.0063904
0.00294223
-0.000600181
-0.00422028
-0.00790095
-0.0116245
-0.015373
-0.0191288
-0.022875
-0.026595
-0.0302731
-0.0338934
-0.0374406
-0.0408993
-0.0442551
-0.0474942
-0.0506035
-0.0535708
-0.0563842
-0.0590328
-0.0615063
-0.0637954
-0.0658921
-0.0677893
-0.0694808
-0.070961
-0.0722257
-0.0732713
-0.0740961
-0.0746991
-0.0750808
-0.0752419
-0.0751835
-0.0749073
-0.0744159
-0.0737133
-0.0728051
-0.0716982
-0.0704001
-0.0689189
-0.0672626
-0.0654397
-0.0634595
-0.0613323
-0.0590691
-0.0566818
-0.0541821
-0.051582
-0.0488934
-0.0461284
-0.0433
-0.0404213
-0.0375054
-0.0345654
-0.0316137
-0.0286623
-0.0257234
-0.0228094
-0.019933
-0.0171065
-0.0143419
-0.0116502
-0.00904167
-0.00652579
-0.00411189
-0.0018091
0.000373776
0.00242866
0.00434847
0.00612713
0.00775941
0.00924056
0.0105661
0.0117321
0.0127349
0.013572
0.0142419
0.0147442
0.015079
0.0152471
0.0152499
0.0150891
0.0147675
0.0142886
0.0136566
0.0128765
0.0119531
0.0108919
0.00969853
0.00837907
0.00694048
0.00539044
0.00373721
0.00198943
0.000155808
-0.00175493
-0.00373407
-0.00577269
-0.00786157
-0.0099911
-0.0121513
-0.0143321
-0.0165234
-0.0187155
-0.0208987
-0.0230642
-0.0252028
-0.0273058
-0.0293645
-0.0313701
-0.0333139
-0.0351878
-0.0369837
-0.0386943
-0.0403128
-0.0418328
-0.0432484
-0.0445544
-0.0457463
-0.0468202
-0.0477725
-0.0486005
-0.0493015
-0.0498736
-0.050315
-0.0506251
-0.0508035
-0.0508508
-0.0507683
-0.0505574
-0.0502177
-0.0497293
-0.04909
-0.0483049
-0.0473802
-0.0463229
-0.0451409
-0.0438426
-0.0424366
-0.0409323
-0.0393397
-0.0376694
-0.0359324
-0.03414
-0.0323036
-0.0304343
-0.0285434
-0.0266419
-0.0247407
-0.0228508
-0.0209824
-0.0191452
-0.0173481
-0.0155994
-0.013907
-0.0122785
-0.0107209
-0.00924071
-0.00784348
-0.00653361
-0.0053144
-0.00418826
-0.00315696
-0.00222176
-0.00138337
-0.000641811
3.75828e-06
0.000555133
0.00101498
0.00138667
0.00167411
0.00188165
0.00201407
0.00207655
0.00207467
0.00201431
0.00190156
0.00174257
0.00154358
0.0013109
0.00105089
0.000769969
0.000474445
0.000170358
-0.000136649
-0.000441387
-0.000739088
-0.00102534
-0.00129606
-0.0015475
-0.00177634
-0.00197979
-0.00215564
-0.00230226
-0.00241858
-0.00250399
-0.00255834
-0.00258195
-0.00257558
-0.00254051
-0.00247846
-0.00239152
-0.00228215
-0.00215306
-0.0020072
-0.00184773
-0.00167796
-0.00150132
-0.00132129
-0.00114133
-0.000964848
-0.000795109
-0.000635241
-0.000488175
-0.000356606
-0.00024294
-0.000149259
-7.72813e-05
-2.83361e-05
-3.34585e-06
-0
-0
-0
-0
-0
-0
-0
-0
-0
-0
-0
-0
-0
-0
-0
-0
-0
-0
-0
-0
-0
-0
-0
-0
-0
-0
-0
-0
-0
-0
-0
0
0
0
0
0
0
0
0
0
0
0
0
0
0
0
0
0
0
0
0
0
0
0
0
0
0
0
0
0
0
0
0
0
0
0
0
-0
-0
-0
-0
-0
-0
-0
-0
-0
-0
-0
-0
-0
-0
-0
-0
-0
-0
-0
-0
-0
-0
-0
-0
-0
-0
-0
-0
-0
-0
-0
-0
-0
-0
-0
-0
-0
-0
-0
-0
-0
-0
-0
-0
-0
-0
-0
-0
-0
-0
-0
-0
-0
-0
-0
-0
0
0
0
0
0
0
0
0
0
0
0
0
0
0
0
0
0
0
0
0
0
0
0
0
0
0
0
0
0
0
0
0
0
0
0
0
0
0
0
0
0
0
0
0
0
0
0
0
-0
-0
-0
-0
-0
-0
-0
-0
-0
-0
-0
-0
-0
-0
-0
-0
-0
-0
-0
-0
-0
-0
-0
-0
-0
-0
0
0
0
0
0
0
0
0
0
0
0
0
0
0
0
0
0
0
0
0
0
0
0
0
0
0
0
0
0
0
0
0
0
0
0
0
0
0
0
0
0
0
0
0
0
0
0
0
0
0
0
0
0
0
0
0
0
0
0
0
0
0
0
0
0
0
0
0
0
0
0
0
0
0
0
0
0
0
0
0
0
0
0
0
0
0
0
0
0
0
0
0
0
0
0
0
0
0
0
0
0
0
0
0
0
0
0
0
0
0
0
0
0
0
0
0
0
0
0
0
0
0
0
0
0
0
0
0
0
0
0
0
0
0
0
0
6.53065e-06
5.6116e-05
0.000155573
0.000306005
0.000508194
0.000762586
0.00106928
0.00142805
0.00183829
0.00229908
0.0028091
0.00336671
0.00396997
0.00461674
0.0053047
0.00603133
0.00679388
0.00758926
0.00841405
0.00926468
0.0101376
0.0110296
0.0119374
0.0128583
0.0137889
0.0147262
0.0156668
0.0166078
0.0175466
0.0184812
0.0194098
0.0203307
0.0212419
0.0221414
0.0230275
0.0238992
0.0247565
0.0255994
0.0264283
0.0272431
0.0280441
0.0288318
0.0296076
0.0303732
0.0311302
0.0318798
0.0326222
0.0333573
0.0340851
0.0348073
0.0355268
0.0362472
0.0369716
0.0377017
0.0384379
0.0391797
0.0399274
0.040682
0.0414456
0.0422199
0.0430056
0.0438023
0.0446087
0.0454239
0.0462477
0.0470799
0.0479206
0.048769
0.0496243
0.0504857
0.0513523
0.052224
0.0531004
0.0539798
0.0548596
0.0557351
0.0566023
0.0574593
0.0583064
0.0591452
0.0599758
0.0607963
0.0616027
0.0623899
0.0631539
0.0638919
0.0646031
0.0652873
0.0659429
0.0665665
0.0671614
0.0677538
0.0683443
0.0689322
0.0695168
0.0700986
0.070677
0.071251
0.0718204
0.072385
0.0729484
0.073512
0.0740754
0.0746358
0.0751864
0.0757257
0.0762515
0.0767642
0.0772657
0.0777546
0.0782347
0.0787048
0.0791632
0.0796083
0.0800356
0.080449
0.0808484
0.081233
0.0816013
0.0819479
0.0822756
0.0825842
0.0828738
0.0831438
0.0833893
0.0836115
0.0838084
0.0839798
0.0841266
0.0842485
0.0843478
0.0844226
0.084469
0.0844817
0.084457
0.0843922
0.0842871
0.0841421
0.083957
0.0837335
0.0834654
0.0831502
0.0827866
0.0823753
0.0819253
0.0814313
0.0808939
0.0803127
0.0796868
0.0790271
0.0783229
0.0775763
0.0767896
0.0759654
0.0751204
0.0742416
0.0733309
0.0723909
0.071425
0.0704545
0.0694664
0.0684653
0.0674563
0.0664445
0.0654535
0.064471
0.0635029
0.0625546
0.0616318
0.0607557
0.0599171
0.0591224
0.0583779
0.0576895
0.0570727
0.0565239
0.0560496
0.0556563
0.0553506
0.0551387
0.0550248
0.0550125
0.0551052
0.0553068
0.0556095
0.0560296
0.0565706
0.0572344
0.0580214
0.058905
0.0599101
0.0610357
0.0622805
0.0636426
0.0650777
0.0666204
0.0682635
0.0699997
0.0718214
0.0736692
0.0755874
0.0775665
0.0795953
0.0816615
0.0836934
0.085738
0.0877834
0.0898175
0.0918267
0.0937367
0.0955899
0.0973698
0.0990606
0.100647
0.102066
0.10335
0.104485
0.105452
0.106235
0.10679
0.107135
0.10726
0.107153
0.106803
0.106195
0.105319
0.104165
0.102724
0.100994
0.099007
0.0967275
0.0941527
0.0912799
0.0881071
0.0847093
0.0810179
0.0770416
0.0727912
0.0682788
0.0636271
0.0587389
0.0536292
0.048316
0.0428197
0.0373014
0.0316445
0.0258718
0.0200074
0.0140777
0.00826478
0.00244674
-0.00334464
-0.00907855
-0.0147261
-0.0201124
-0.0253579
-0.0304331
-0.035305
-0.0399375
-0.0441743
-0.0481003
-0.0516843
-0.0548993
-0.0577209
-0.0600563
-0.0619522
-0.0633849
-0.0643308
-0.0647679
-0.0646764
-0.0640429
-0.0628565
-0.0611092
-0.058795
-0.0559889
-0.0526102
-0.0486609
-0.044147
-0.0390788
-0.0336316
-0.0276613
-0.0211869
-0.0142291
-0.00681156
0.000806446
0.00882624
0.0172122
0.0259248
0.0349219
0.0438782
0.0530322
0.0623392
0.071752
0.0812204
0.0903922
0.0995118
0.108525
0.117376
0.126012
0.134103
0.141873
0.149269
0.156237
0.162724
0.168463
0.173621
0.178152
0.182013
0.185161
0.187443
0.188936
0.189608
0.189432
0.188384
0.186455
0.18362
0.179866
0.175185
0.169574
0.163186
0.155884
0.147686
0.138614
0.128693
0.118229
0.106976
0.0949724
0.0822612
0.068894
0.0553075
0.0411814
0.026577
0.0115575
-0.00381192
-0.0190229
-0.0344437
-0.0499976
-0.0656042
-0.0811804
-0.0961986
-0.111022
-0.125573
-0.139771
-0.153537
-0.166405
-0.178686
-0.190306
-0.201194
-0.211281
-0.220223
-0.22824
-0.235276
-0.241279
-0.246203
-0.249879
-0.2524
-0.253737
-0.253871
-0.252786
-0.250528
-0.247039
-0.242323
-0.236389
-0.229254
-0.221175
-0.211954
-0.201629
-0.190245
-0.177853
-0.164893
-0.151039
-0.13636
-0.120928
-0.104821
-0.0886141
-0.0718993
-0.0547637
-0.0372967
-0.0195903
-0.00227348
0.0150957
0.0324242
0.0496197
0.0665906
0.0827389
0.0984843
0.11374
0.12842
0.142441
0.155312
0.167374
0.178557
0.188799
0.19804
0.205963
0.212782
0.218455
0.222951
0.226241
0.228228
0.228978
0.228484
0.226746
0.22377
0.219685
0.214398
0.207936
0.200333
0.19163
0.182162
0.171692
0.16028
0.147991
0.134897
0.12149
0.107422
0.0927667
0.0776003
0.0620042
0.0465599
0.0308588
0.0149896
-0.000959357
-0.0169013
-0.032249
-0.0474232
-0.0623427
-0.0769273
-0.0910985
-0.104338
-0.11702
-0.129081
-0.140458
-0.151095
-0.160607
-0.169277
-0.177061
-0.183928
-0.189849
-0.194624
-0.198417
-0.201216
-0.203014
-0.20381
-0.203593
-0.202395
-0.200237
-0.197144
-0.193142
-0.188396
-0.182806
-0.176411
-0.169261
-0.161408
-0.153167
-0.144338
-0.13498
-0.125149
-0.114903
-0.104635
-0.0940783
-0.0832991
-0.0723654
-0.0613436
-0.0506544
-0.0400018
-0.0294449
-0.0190417
-0.00884814
0.000751086
0.0100402
0.0189765
0.0275207
0.0356355
0.0430184
0.0499027
0.0562588
0.0620625
0.0672966
0.0717745
0.0756682
0.078977
0.0817026
0.0838492
0.0853463
0.0862829
0.0866741
0.0865385
0.085897
0.0847843
0.0832118
0.0812053
0.0787938
0.0760092
0.0729654
0.0696135
0.0659836
0.0621033
0.0579996
0.053819
0.0494717
0.0449894
0.0404058
0.0357545
0.0311927
0.0266226
0.0220692
0.0175547
0.0130994
0.00882689
0.00464877
0.000579812
-0.00336664
-0.00717812
-0.0107771
-0.0142181
-0.0174913
-0.0205894
-0.0235089
-0.0262299
-0.0287762
-0.0311539
-0.0333706
-0.0354339
-0.0373704
-0.0391687
-0.0408363
-0.0423811
-0.043812
-0.0451789
-0.0464504
-0.0476359
-0.0487454
-0.0497887
-0.0508142
-0.0517925
-0.0527328
-0.053645
-0.0545401
-0.0554402
-0.0563453
-0.057265
-0.0582072
-0.0591776
-0.0601419
-0.0611432
-0.0621863
-0.0632774
-0.0644227
-0.0655264
-0.0666939
-0.0679263
-0.0692231
-0.0705822
-0.0718354
-0.0731472
-0.0745157
-0.075938
-0.0774097
-0.0787066
-0.0800398
-0.0814015
-0.0827828
-0.0841739
-0.0853184
-0.0864509
-0.08756
-0.0886342
-0.0896624
-0.0903948
-0.0910616
-0.091653
-0.092158
-0.0925643
-0.0926648
-0.0926426
-0.0924871
-0.0921876
-0.0917336
-0.0910004
-0.0900908
-0.0889953
-0.0877063
-0.0862196
-0.0845301
-0.0826401
-0.080548
-0.0782505
-0.0757429
-0.0731439
-0.0703274
-0.067294
-0.0640479
-0.0605951
-0.0571914
-0.0535916
-0.0497998
-0.0458213
-0.0416645
-0.037699
-0.0335806
-0.0293245
-0.0249454
-0.0204575
-0.0163053
-0.0120709
-0.00776947
-0.00341925
0.000959725
0.00489052
0.00881275
0.0127109
0.01657
0.0203744
0.0236787
0.0268939
0.0300016
0.032984
0.0358241
0.0381606
0.0403238
0.0422989
0.0440703
0.0456229
0.0467275
0.0475893
0.0482004
0.0485542
0.0486444
0.0484093
0.0478941
0.0470902
0.0459904
0.0445915
0.0430144
0.0411425
0.0389822
0.0365419
0.0338308
0.0311446
0.0282062
0.0250255
0.0216141
0.0179858
0.0145774
0.0109834
0.00721884
0.00330617
-0.000726552
-0.00434445
-0.00803061
-0.0117603
-0.015509
-0.0192512
-0.0224374
-0.0255732
-0.0286354
-0.0316017
-0.0344516
-0.0366939
-0.0387953
-0.0407433
-0.042526
-0.0441322
-0.0451864
-0.0460544
-0.0467303
-0.04721
-0.0474915
-0.0473508
-0.0470191
-0.0464997
-0.0457977
-0.0449209
-0.0438042
-0.0425371
-0.0411319
-0.0396014
-0.0379578
-0.0362669
-0.0344832
-0.032618
-0.0306839
-0.0286948
-0.0268108
-0.0248935
-0.0229577
-0.0210179
-0.0190875
-0.0173687
-0.0156685
-0.0139966
-0.0123629
-0.0107779
-0.00944433
-0.00816465
-0.00694762
-0.00580023
-0.00472733
-0.00389341
-0.00312202
-0.0024137
-0.00176902
-0.00118863
-0.000788092
-0.000438061
-0.000137109
0.000117192
0.000327935
0.000430791
0.000506392
0.000557513
0.000586899
0.000597446
0.000562139
0.000519656
0.000472665
0.000423438
0.000373708
0.00031721
0.000264057
0.000214818
0.000170072
0.000130397
9.75756e-05
6.99947e-05
4.76488e-05
3.02896e-05
1.74725e-05
1.02709e-05
5.33014e-06
2.25016e-06
6.17509e-07
