0.000188262
0.000391155
0.000694951
0.00111695
0.00167336
0.00237912
0.00324775
0.0042912
0.00551967
0.00694127
0.00856182
0.0103847
0.0124105
0.0146377
0.0170616
0.0196753
0.0224691
0.0254304
0.0285442
0.0317924
0.0351547
0.0386079
0.0421264
0.0456821
0.0492446
0.0527815
0.0562589
0.0596415
0.0628931
0.0659764
0.0688536
0.0714863
0.0738365
0.0758669
0.0775413
0.078825
0.0796843
0.0800869
0.0800021
0.0794008
0.0782566
0.0765466
0.0742522
0.0713595
0.0678593
0.0637472
0.0590226
0.0536892
0.0477551
0.0412332
0.0341426
0.0265084
0.0183618
0.00973847
0.000677717
-0.00877844
-0.0185848
-0.0286916
-0.0390431
-0.0495763
-0.0602228
-0.0709105
-0.0815669
-0.0921211
-0.102504
-0.112646
-0.122476
-0.131918
-0.140896
-0.149332
-0.15715
-0.164284
-0.17067
-0.176255
-0.180988
-0.18482
-0.187707
-0.18961
-0.190497
-0.190344
-0.189137
-0.186868
-0.18354
-0.179158
-0.173735
-0.167289
-0.159847
-0.151445
-0.142166
-0.132104
-0.1213
-0.109801
-0.0976542
-0.0849083
-0.0716152
-0.0578308
-0.0436159
-0.0290353
-0.0141567
0.000951767
0.0162232
0.0315912
0.0469892
0.0623477
0.0775938
0.0926514
0.107444
0.121895
0.135935
0.149496
0.162515
0.17493
0.186684
0.197715
0.207968
0.217389
0.225929
0.233546
0.240202
0.245868
0.250522
0.254145
0.256723
0.258248
0.258712
0.258115
0.25646
0.253757
0.250024
0.245284
0.239566
0.232903
0.22533
0.216888
0.207622
0.197583
0.186827
0.175415
0.163411
0.150882
0.137899
0.124534
0.110862
0.0969582
0.0828994
0.0687593
0.0546096
0.040521
0.0265645
0.0128123
-0.000662687
-0.0137882
-0.0264953
-0.0387199
-0.0504032
-0.0614906
-0.0719308
-0.081675
-0.090677
-0.0988943
-0.106289
-0.112829
-0.118487
-0.123243
-0.127085
-0.130004
-0.132002
-0.133083
-0.133259
-0.132543
-0.130953
-0.128507
-0.125232
-0.121159
-0.116326
-0.110778
-0.104566
-0.0977385
-0.090349
-0.0824501
-0.0740956
-0.0653414
-0.0562456
-0.0468679
-0.037269
-0.0275108
-0.0176551
-0.00776419
0.00210048
0.0118788
0.0215131
0.0309484
0.0401322
0.0490143
0.0575461
0.0656815
0.0733774
0.0805951
0.0873013
0.0934684
0.0990735
0.104099
0.108531
0.112362
0.115589
0.118216
0.120249
0.1217
0.122584
0.122918
0.122723
0.122023
0.120844
0.119219
0.117179
0.114758
0.111993
0.10892
0.105577
0.102002
0.0982352
0.0943149
0.0902798
0.0861676
0.082016
0.077862
0.0737414
0.0696874
0.065729
0.0618898
0.0581892
0.0546427
0.0512636
0.0480638
0.0450531
0.0422389
0.0396246
0.0372097
0.0349895
0.0329554
0.0310955
0.029394
0.0278318
0.0263865
0.0250336
0.0237477
0.0225036
0.0212762
0.0200401
0.0187684
0.0174321
0.0160001
0.0144406
0.0127224
0.0108168
0.00869771
0.00634245
0.00373134
0.000847177
-0.00232519
-0.00579936
-0.00958767
-0.0137012
-0.018149
-0.0229375
-0.0280686
-0.0335392
-0.0393408
-0.0454605
-0.0518818
-0.0585862
-0.065553
-0.072759
-0.0801773
-0.0877768
-0.0955217
-0.103372
-0.111282
-0.119206
-0.127094
-0.134891
-0.142546
-0.150003
-0.15721
-0.164114
-0.170665
-0.17681
-0.182499
-0.187676
-0.192287
-0.196277
-0.199592
-0.202179
-0.203992
-0.204984
-0.205117
-0.204359
-0.202681
-0.200062
-0.196484
-0.191935
-0.186403
-0.179884
-0.172376
-0.163886
-0.154427
-0.14402
-0.132695
-0.120484
-0.107429
-0.0935757
-0.0789747
-0.0636823
-0.0477588
-0.031268
-0.0142774
0.00314079
0.0209085
0.0389412
0.0571484
0.0754351
0.0937043
0.111858
0.1298
0.147433
0.164661
0.181387
0.197516
0.212954
0.22761
0.241396
0.254223
0.266005
0.276658
0.286102
0.294263
0.301076
0.306486
0.310446
0.312916
0.313864
0.313259
0.311081
0.307317
0.301961
0.295017
0.286495
0.276417
0.264809
0.251709
0.237166
0.221238
0.203995
0.185514
0.165878
0.145177
0.123506
0.100964
0.0776561
0.0536901
0.0291776
0.0042332
-0.0210249
-0.0464744
-0.071989
-0.0974383
-0.12269
-0.147609
-0.172066
-0.19593
-0.219075
-0.241379
-0.262724
-0.283001
-0.302105
-0.319941
-0.336421
-0.351466
-0.365007
-0.376981
-0.387337
-0.396031
-0.40303
-0.408311
-0.411855
-0.413657
-0.413717
-0.412046
-0.408664
-0.403601
-0.396894
-0.38859
-0.37874
-0.367403
-0.354645
-0.340542
-0.325175
-0.308635
-0.291016
-0.272416
-0.252937
-0.232683
-0.211761
-0.190282
-0.16836
-0.146112
-0.123654
-0.101104
-0.078576
-0.056183
-0.0340353
-0.0122413
0.00909337
0.029866
0.0499774
0.0693332
0.0878447
0.105429
0.12201
0.137519
0.15189
0.165067
0.176996
0.187633
0.19694
0.204887
0.211453
0.216625
0.220398
0.222773
0.223759
0.223369
0.221627
0.21856
0.214204
0.208601
0.201797
0.193844
0.184801
0.174729
0.163696
0.151773
0.139033
0.125553
0.111413
0.0966915
0.0814725
0.0658396
0.0498776
0.033671
0.0173038
0.00085921
-0.0155805
-0.0319345
-0.0481239
-0.0640727
-0.079708
-0.0949602
-0.109763
-0.124053
-0.13777
-0.150856
-0.163261
-0.174936
-0.18584
-0.195935
-0.20519
-0.213576
-0.221071
-0.227656
-0.233322
-0.238062
-0.241875
-0.244766
-0.24674
-0.247807
-0.247981
-0.24728
-0.245727
-0.243349
-0.240177
-0.236244
-0.231585
-0.22624
-0.220251
-0.213661
-0.206516
-0.198864
-0.190751
-0.182223
-0.17333
-0.164121
-0.154649
-0.144966
-0.135125
-0.125178
-0.115174
-0.105162
-0.0951877
-0.0852989
-0.075541
-0.065958
-0.0565922
-0.0474834
-0.0386692
-0.0301854
-0.0220657
-0.014341
-0.00703871
-0.000182936
0.0062054
0.0121077
0.017507
0.0223882
0.0267382
0.030547
0.0338077
0.0365168
0.0386731
0.0402774
0.0413326
0.0418436
0.0418182
0.0412671
0.0402033
0.0386418
0.0365985
0.0340905
0.0311367
0.0277577
0.023977
0.0198196
0.0153125
0.0104833
0.00536
-2.83266e-05
-0.00565198
-0.0114806
-0.0174839
-0.0236317
-0.029895
-0.036245
-0.0426528
-0.0490892
-0.0555242
-0.0619286
-0.0682737
-0.0745324
-0.0806786
-0.0866868
-0.0925318
-0.0981889
-0.103635
-0.108848
-0.11381
-0.118504
-0.122912
-0.127021
-0.130814
-0.134279
-0.137405
-0.140184
-0.142611
-0.14468
-0.146388
-0.147731
-0.148708
-0.149318
-0.149565
-0.149455
-0.148996
-0.148196
-0.147066
-0.145615
-0.143855
-0.141801
-0.139467
-0.136869
-0.134022
-0.130944
-0.127651
-0.124162
-0.1205
-0.116684
-0.112737
-0.108677
-0.104523
-0.100296
-0.0960147
-0.0917019
-0.0873796
-0.0830689
-0.0787894
-0.0745589
-0.0703948
-0.0663149
-0.0623374
-0.0584807
-0.0547618
-0.0511956
-0.0477948
-0.0445714
-0.041537
-0.0387033
-0.0360808
-0.0336775
-0.0314985
-0.0295461
-0.0278222
-0.0263289
-0.0250703
-0.0240502
-0.0232711
-0.0227324
-0.0224296
-0.0223559
-0.0225041
-0.0228677
-0.023441
-0.0242181
-0.0251911
-0.0263501
-0.0276826
-0.0291757
-0.0308163
-0.0325919
-0.0344903
-0.0364986
-0.0386033
-0.0407904
-0.0430459
-0.0453563
-0.0477084
-0.0500887
-0.0524828
-0.0548758
-0.057253
-0.059601
-0.0619077
-0.0641626
-0.0663554
-0.0684762
-0.0705148
-0.0724583
-0.074265
-0.0759169
-0.0774059
-0.0787251
-0.0798683
-0.0808298
-0.0816049
-0.0821907
-0.0825864
-0.0827924
-0.0828104
-0.0826427
-0.0822927
-0.0817659
-0.0810696
-0.0802135
-0.0792078
-0.0780627
-0.0767874
-0.0753905
-0.0738813
-0.0722701
-0.0705689
-0.0687906
-0.0669479
-0.0650524
-0.0631144
-0.0611433
-0.0591482
-0.0571386
-0.0551241
-0.0531137
-0.0511159
-0.0491383
-0.0471877
-0.0452701
-0.0433914
-0.041556
-0.0397676
-0.0380288
-0.0363416
-0.0347076
-0.0331285
-0.0316053
-0.0301383
-0.0287266
-0.0273682
-0.0260606
-0.0248013
-0.0235885
-0.0224205
-0.0212957
-0.0202121
-0.0191668
-0.018157
-0.0171798
-0.0162329
-0.0153146
-0.0144236
-0.0135586
-0.0127185
-0.011902
-0.0111082
-0.0103364
-0.00958637
-0.00885816
-0.00815199
-0.00746832
-0.00680787
-0.00617163
-0.00556083
-0.00497681
-0.00442088
-0.00389422
-0.00339796
-0.00293315
-0.00250086
-0.00210214
-0.0017379
-0.00140883
-0.00111535
-0.000857549
-0.000635245
-0.000447988
-0.000295068
-0.000175516
-8.81035e-05
-3.13607e-05
-3.59966e-06
-0
-0
-0
-0
-0
-0
-0
-0
-0
-0
-0
-0
-0
-0
-0
-0
-0
-0
-0
-0
-0
-0
-0
-0
-0
-0
-0
-0
-0
-0
-0
-0
-0
-0
-0
-0
-0
-0
-0
-0
-0
-0
-0
-0
-0
-0
-0
-0
-0
-0
-0
-0
-0
-0
-0
-0
-0
-0
-0
-0
-0
-0
-0
-0
-0
-0
-0
-0
-0
-0
-0
-0
-0
-0
-0
-0
-0
-0
-0
-0
-0
-0
-0
-0
-0
-0
-0
-0
-0
-0
-0
-0
-0
-0
-0
-0
0
0
0
0
0
0
0
0
0
0
0
0
0
0
0
0
0
0
0
0
0
-0
-0
-0
-0
-0
-0
-0
-0
-0
-0
-0
-0
-0
-0
-0
-0
-0
-0
-0
-0
-0
-0
-0
-0
-0
-0
-0
-0
-0
-0
-0
-0
-0
-0
-0
-0
-0
-0
-0
-0
-0
-0
-0
-0
-0
-0
-0
-0
-0
-0
-0
-0
0
0
0
0
0
0
0
0
0
0
0
0
0
0
0
0
0
0
0
0
0
0
0
0
0
0
0
0
0
0
0
0
0
0
0
0
0
0
0
0
0
0
0
0
0
0
0
0
0
0
0
0
0
0
0
0
0
0
0
0
0
0
0
0
0
0
0
0
0
0
0
0
0
0
0
0
0
0
0
0
0
0
0
0
0
0
0
0
0
0
0
0
0
0
0
0
0
0
0
0
0
0
0
0
0
0
0
0
0
0
0
0
0
0
0
0
0
0
0
0
0
0
0
0
0
0
0
0
0
0
0
0
0
0
0
0
0
0
0
0
0
0
0
0
0
0
0
0
0
0
0
0
0
0
0
0
0
0
0
0
0
0
0
0
1.06164e-06
8.90068e-06
2.41356e-05
4.65549e-05
7.60269e-05
0.000112505
0.000156029
0.000206717
0.000264763
0.000330432
0.000404058
0.000486053
0.000576903
0.00067717
0.000787484
0.000908536
0.00104104
0.00118573
0.0013433
0.00151442
0.00169976
0.00189999
0.00211581
0.00234793
0.00259697
0.00286344
0.00314761
0.00344957
0.00376925
0.00410655
0.00446137
0.0048336
0.00522303
0.00562924
0.00605153
0.00648896
0.0069404
0.00740466
0.00788045
0.00836638
0.00886085
0.00936204
0.00986794
0.0103764
0.0108855
0.0113932
0.0118977
0.012397
0.0128891
0.013372
0.0138434
0.0143008
0.014742
0.0151649
0.0155675
0.0159481
0.016305
0.0166368
0.0169421
0.0172195
0.0174677
0.0176852
0.0178715
0.0180261
0.0181496
0.0182425
0.0183055
0.0183393
0.018344
0.0183202
0.0182683
0.0181897
0.0180866
0.0179615
0.0178171
0.0176554
0.0174784
0.017288
0.0170866
0.0168769
0.0166622
0.0164457
0.01623
0.0160171
0.0158085
0.0156058
0.0154108
0.0152258
0.0150534
0.0148954
0.0147558
0.0146422
0.0145556
0.0144965
0.0144646
0.0144609
0.0144858
0.0145394
0.0146213
0.0147303
0.0148664
0.0150291
0.0152176
0.0154313
0.0156681
0.0159281
0.0162098
0.0165115
0.0168314
0.0171663
0.0175158
0.0178785
0.0182526
0.0186367
0.0190277
0.0194251
0.0198267
0.0202302
0.0206331
0.021032
0.0214258
0.0218124
0.0221897
0.022556
0.0229086
0.023246
0.0235661
0.023867
0.0241465
0.0244031
0.0246341
0.0248375
0.0250114
0.0251544
0.0252674
0.0253481
0.0253961
0.0254111
0.0253922
0.0253419
0.0252564
0.0251352
0.0249789
0.0247883
0.0245693
0.0243183
0.0240365
0.0237246
0.0233837
0.0230207
0.0226315
0.022218
0.0217824
0.021327
0.0208604
0.0203787
0.0198842
0.0193796
0.0188675
0.0183567
0.0178443
0.0173338
0.0168288
0.0163331
0.0158545
0.0153922
0.0149493
0.0145285
0.0141322
0.0137645
0.0134269
0.0131227
0.0128552
0.0126276
0.0124403
0.012298
0.0122023
0.0121543
0.0121553
0.0121992
0.0122945
0.0124426
0.0126447
0.0129016
0.0132011
0.0135551
0.0139624
0.0144216
0.014931
0.0154719
0.0160595
0.0166916
0.0173655
0.0180781
0.0188055
0.0195633
0.0203472
0.0211523
0.021974
0.0227864
0.0236052
0.0244247
0.025239
0.0260417
0.0268077
0.0275492
0.0282601
0.0289338
0.0295641
0.0301317
0.0306433
0.031093
0.0314744
0.0317813
0.0320033
0.0321386
0.032182
0.0321291
0.0319766
0.0317294
0.0313771
0.030917
0.0303465
0.029663
0.0288865
0.0279946
0.0269877
0.0258673
0.0246351
0.0233284
0.0219145
0.0203965
0.0187783
0.0170649
0.0153084
0.0134689
0.0115533
0.00956873
0.00752327
0.00547907
0.00339283
0.00127529
-0.000862397
-0.00300905
-0.00510014
-0.00717851
-0.00923306
-0.011252
-0.0132226
-0.0150855
-0.0168741
-0.0185758
-0.0201785
-0.0216703
-0.0230088
-0.0242135
-0.0252733
-0.0261772
-0.026915
-0.0274685
-0.0278374
-0.0280134
-0.0279891
-0.0277579
-0.0273334
-0.0266928
-0.0258335
-0.024754
-0.0234536
-0.0219805
-0.020288
-0.0183785
-0.0162565
-0.013928
-0.0114757
-0.00883298
-0.00600959
-0.00301609
0.000135749
0.00333729
0.00666986
0.010118
0.0136653
0.0172944
0.0208816
0.0245141
0.0281724
0.0318362
0.035484
0.0389916
0.0424406
0.0458097
0.049078
0.0522245
0.0551425
0.0578977
0.0604701
0.0628406
0.0649905
0.0668469
0.0684478
0.0697775
0.0708212
0.0715662
0.071987
0.0720885
0.0718626
0.0713025
0.0704024
0.0691909
0.067633
0.0657288
0.0634809
0.060894
0.0580544
0.0548902
0.0514108
0.0476274
0.0435535
0.0393247
0.0348381
0.030112
0.0251659
0.0200205
0.0148457
0.00951712
0.00406024
-0.00149802
-0.00712985
-0.0126491
-0.0181868
-0.023716
-0.0292089
-0.0346369
-0.0398214
-0.0448825
-0.049792
-0.0545226
-0.0590484
-0.0632239
-0.0671459
-0.070791
-0.0741362
-0.07716
-0.0797672
-0.0820165
-0.0838938
-0.0853864
-0.0864835
-0.087156
-0.0874146
-0.0872528
-0.0866667
-0.0856551
-0.0842607
-0.0824466
-0.0802192
-0.0775871
-0.0745609
-0.0712514
-0.0675748
-0.0635471
-0.0591864
-0.054512
-0.049689
-0.0445961
-0.039258
-0.0337011
-0.0279536
-0.0222168
-0.0163482
-0.0103774
-0.00433436
0.00175079
0.00766823
0.0135668
0.0194158
0.0251847
0.0308431
0.0361974
0.0413848
0.0463795
0.0511564
0.0556916
0.0598314
0.063684
0.0672287
0.0704466
0.0733209
0.0757567
0.0778228
0.0795094
0.0808084
0.0817134
0.082197
0.0822805
0.0819647
0.0812535
0.0801527
0.0787056
0.0768858
0.0747036
0.0721708
0.069301
0.0661965
0.0627873
0.0590921
0.0551307
0.0509245
0.0466213
0.042119
0.037442
0.0326155
0.0276647
0.0227613
0.0177825
0.012752
0.00769383
0.00263273
-0.00225689
-0.00709946
-0.0118713
-0.0165502
-0.0211158
-0.0254157
-0.0295662
-0.0335504
-0.0373517
-0.0409542
-0.0442389
-0.0472976
-0.0501197
-0.0526963
-0.0550203
-0.0570205
-0.0587577
-0.0602287
-0.0614317
-0.0623666
-0.0630112
-0.0633911
-0.0635101
-0.0633734
-0.0629878
-0.0623778
-0.0615361
-0.0604726
-0.0591976
-0.0577222
-0.0561068
-0.0543161
-0.0523645
-0.0502675
-0.0480407
-0.0457689
-0.0433953
-0.0409322
-0.0383921
-0.035788
-0.0332144
-0.0306064
-0.0279791
-0.0253469
-0.0227232
-0.0201988
-0.0177057
-0.0152544
-0.0128551
-0.0105178
-0.00832072
-0.0062028
-0.00417087
-0.00223082
-0.000388063
0.00129908
0.00287951
0.00434979
0.00570783
0.00695298
0.00804986
0.00903557
0.00991149
0.010679
0.0113398
0.0118761
0.012311
0.0126484
0.0128934
0.0130515
0.013121
0.013115
0.0130392
0.0128996
0.0127024
0.0124542
0.0121613
0.0118301
0.0114672
0.0110789
0.010675
0.010258
0.00983375
0.00940726
0.00898312
0.00856847
0.00816315
0.00776965
0.00739
0.0070259
0.00668083
0.00635404
0.00604673
0.00575993
0.00549407
0.00525024
0.00502468
0.00481403
0.00461411
0.00442067
0.00423408
0.00404751
0.00385891
0.00366641
0.00346772
0.00326955
0.003058
0.00282873
0.00257768
0.00230144
0.00201642
0.00170132
0.00135405
0.000972515
0.000554633
0.000128889
-0.000336449
-0.000842337
-0.00138934
-0.0019777
-0.00256562
-0.00319369
-0.00386004
-0.00456191
-0.00529586
-0.00600798
-0.00674484
-0.00750316
-0.0082799
-0.00907179
-0.00982089
-0.0105761
-0.0113317
-0.0120823
-0.0128232
-0.0134994
-0.0141578
-0.0147948
-0.0154062
-0.0159873
-0.016493
-0.0169586
-0.0173796
-0.0177528
-0.0180752
-0.0183216
-0.018512
-0.0186433
-0.0187128
-0.0187181
-0.0186573
-0.0185294
-0.0183339
-0.0180711
-0.0177414
-0.0173704
-0.0169344
-0.0164343
-0.0158713
-0.0152466
-0.0146103
-0.013917
-0.0131702
-0.0123743
-0.0115341
-0.0107216
-0.00987412
-0.00899553
-0.00808935
-0.00715932
-0.0062887
-0.00540507
-0.00451513
-0.00362509
-0.00274007
-0.00194457
-0.00116221
-0.000397004
0.000346835
0.0010646
0.00167883
0.00225562
0.00278971
0.00327739
0.00371633
0.00404995
0.00432987
0.0045528
0.0047159
0.00481729
0.00482603
0.00477134
0.0046532
0.00447232
0.00422981
0.00392514
0.0035603
0.00313604
0.00265399
0.00211673
0.00155446
0.000942986
0.000285045
-0.000416736
-0.00115964
-0.00188829
-0.00265127
-0.00344444
-0.00426351
-0.00510415
-0.00589107
-0.00669025
-0.00749717
-0.00830813
-0.00912006
-0.00984898
-0.010571
-0.0112812
-0.0119753
-0.01265
-0.0132213
-0.0137664
-0.0142821
-0.0147668
-0.0152198
-0.0155681
-0.0158807
-0.016149
-0.0163668
-0.0165336
-0.0165947
-0.0166037
-0.0165594
-0.0164611
-0.0163096
-0.0160742
-0.0157888
-0.0154556
-0.0150785
-0.0146614
-0.0141999
-0.0137034
-0.0131727
-0.0126096
-0.0120178
-0.0114164
-0.0107964
-0.0101627
-0.00951868
-0.00886658
-0.00823859
-0.00760539
-0.00697041
-0.00633813
-0.0057134
-0.00514104
-0.00458331
-0.00404228
-0.00351799
-0.00300965
-0.00256011
-0.00212769
-0.00171603
-0.00132781
-0.000963982
-0.000663354
-0.00038523
-0.000129557
0.000104426
0.000317751
0.000479591
0.000622248
0.00074512
0.000849018
0.000935867
0.000985614
0.00102228
0.00104591
0.00105703
0.0010568
0.00103375
0.00100291
0.00096536
0.000922448
0.000875616
0.000820341
0.000763509
0.00070555
0.000647041
0.0005887
0.000530315
0.000473575
0.00041897
0.000366913
0.000317766
0.000273227
0.000232076
0.000194535
0.000160626
0.000130245
0.000105096
8.30205e-05
6.40433e-05
4.8048e-05
3.48055e-05
2.52693e-05
1.76237e-05
1.16811e-05
7.20697e-06
3.97155e-06
2.20173e-06
1.05939e-06
4.13399e-07
1.06734e-07
