-0
-0
-0
-0
-0
-0
-0
-0
-0
-0
-0
-0
-0
-0
-0
-0
-0
-0
-0
-0
-0
-0
-0
0
0
0
0
0
0
0
0
0
0
0
0
0
0
0
0
0
0
0
0
0
0
0
0
0
0
0
0
0
0
0
0
0
0
0
0
0
0
0
0
0
0
0
0
0
0
0
0
0
0
0
0
0
-0
-0
-0
-0
-0
-0
-0
-0
-0
-0
-0
-0
-0
-0
-0
-0
-0
-0
-0
-0
-0
-0
-0
-0
-0
-0
-0
-0
-0
-0
-0
-0
-0
-0
-0
-0
-0
-0
-0
-0
-0
-0
-0
0
0
0
0
0
0
0
0
0
0
0
0
0
0
0
0
0
0
0
0
0
0
0
0
0
0
0
0
0
0
0
0
0
0
0
0
0
0
0
0
0
0
0
0
0
0
-0
-0
-0
-0
-0
-0
-0
-0
-0
-0
-0
-0
-0
-0
-0
-0
-0
-0
-0
-0
-0
-0
-0
-0
-0
-0
-0
-0
-0
-0
-0
-0
-0
-0
-0
-0
-0
-0
-0
-0
-0
-0
0
0
0
0
0
0
0
0
0
-0
-0
-0
-0
-0
-0
-0
-0
-0
-0
-0
-0
-0
-0
-0
-0
-0
-0
-0
-0
-6.88096e-06
-2.89085e-05
-6.66297e-05
-0.000119929
-0.000187995
-0.00026929
-0.000361537
-0.000461707
-0.000566025
-0.000669996
-0.000768453
-0.000855628
-0.000925229
-0.000970539
-0.000984527
-0.000959992
-0.000889739
-0.000766766
-0.000584435
-0.000336606
-1.77473e-05
0.000376959
0.00085147
0.00140868
0.00205023
0.00277631
0.00358556
0.00447512
0.00544057
0.00647595
0.00757365
0.00872424
0.00991634
0.0111366
0.0123698
0.0135991
0.0148066
0.0159733
0.0170793
0.0181043
0.0190271
0.0198261
0.0204793
0.0209643
0.0212591
0.0213423
0.0211938
0.0207951
0.0201292
0.019181
0.017937
0.0163855
0.014517
0.0123248
0.00980559
0.0069597
0.00379114
0.000307281
-0.00348143
-0.00756147
-0.0119161
-0.016525
-0.0213643
-0.0264062
-0.03162
-0.0369723
-0.0424269
-0.0479455
-0.0534878
-0.0590117
-0.0644743
-0.0698325
-0.075043
-0.0800625
-0.0848474
-0.0893536
-0.0935377
-0.097358
-0.100777
-0.103761
-0.106283
-0.108319
-0.109849
-0.110853
-0.111316
-0.111228
-0.110583
-0.10938
-0.107625
-0.10533
-0.102542
-0.0993012
-0.09562
-0.091515
-0.0870067
-0.0821189
-0.0768782
-0.0713128
-0.0654514
-0.0593244
-0.052964
-0.0464045
-0.0396825
-0.0328355
-0.0259013
-0.0189172
-0.0119196
-0.00494514
0.00196967
0.00878801
0.0154733
0.0219899
0.0283033
0.0343806
0.0401905
0.0457037
0.0508931
0.0557345
0.0602063
0.0642896
0.0679673
0.0712241
0.0740469
0.0764248
0.078351
0.0798225
0.0808398
0.0814064
0.0815273
0.081209
0.0804598
0.0792904
0.0777149
0.0757508
0.0734185
0.0707403
0.0677397
0.0644414
0.0608717
0.0570584
0.053031
0.0488199
0.0444562
0.0399703
0.0353926
0.0307532
0.0260826
0.0214111
0.0167684
0.0121828
0.00768058
0.00328585
-0.000979591
-0.00509602
-0.00904596
-0.0128146
-0.0163902
-0.0197644
-0.0229319
-0.0258901
-0.0286384
-0.0311781
-0.0335124
-0.0356462
-0.0375863
-0.0393412
-0.0409204
-0.0423345
-0.0435955
-0.0447168
-0.0457136
-0.0466028
-0.0474024
-0.0481309
-0.0488071
-0.0494495
-0.050077
-0.0507089
-0.0513648
-0.0520643
-0.0528263
-0.0536686
-0.0546072
-0.0556565
-0.056829
-0.0581352
-0.0595839
-0.0611809
-0.0629302
-0.064833
-0.0668887
-0.0690945
-0.0714452
-0.0739328
-0.0765459
-0.0792702
-0.0820881
-0.0849797
-0.0879233
-0.0908952
-0.09387
-0.0968202
-0.0997165
-0.102529
-0.105226
-0.107777
-0.110153
-0.112323
-0.114258
-0.115928
-0.117304
-0.118358
-0.119064
-0.119399
-0.119342
-0.118872
-0.117972
-0.116625
-0.114818
-0.11254
-0.109782
-0.106539
-0.102809
-0.0985896
-0.0938844
-0.0886988
-0.083043
-0.0769317
-0.0703845
-0.0634249
-0.0560798
-0.048379
-0.0403551
-0.0320432
-0.0234811
-0.0147097
-0.00577227
0.00328487
0.0124128
0.0215599
0.0306725
0.039695
0.0485712
0.0572452
0.0656619
0.0737674
0.0815094
0.0888369
0.0957005
0.102053
0.107849
0.113047
0.117608
0.121498
0.124686
0.127145
0.128853
0.129793
0.129955
0.129335
0.127934
0.125759
0.122821
0.119137
0.114726
0.109615
0.103832
0.097414
0.0903987
0.0828292
0.0747523
0.0662182
0.0572803
0.0479954
0.0384227
0.0286234
0.01866
0.0085953
-0.00150786
-0.0115873
-0.0215816
-0.0314302
-0.0410737
-0.0504539
-0.0595137
-0.068198
-0.0764543
-0.0842332
-0.0914895
-0.0981825
-0.104276
-0.109739
-0.114545
-0.118669
-0.122095
-0.124809
-0.126802
-0.128072
-0.128621
-0.128458
-0.127595
-0.12605
-0.123843
-0.121
-0.117553
-0.113536
-0.108986
-0.103946
-0.0984619
-0.0925805
-0.0863536
-0.0798344
-0.0730776
-0.0661391
-0.0590751
-0.0519423
-0.0447983
-0.0377013
-0.0307102
-0.023883
-0.0172761
-0.0109429
-0.00493361
0.000704832
0.00592861
0.0106968
0.0149715
0.0187191
0.02191
0.02452
0.0265298
0.0279248
0.0286949
0.0288342
0.0283416
0.0272207
0.0254799
0.0231324
0.0201957
0.0166921
0.0126482
0.00809579
0.00307126
-0.00238464
-0.00822797
-0.0144127
-0.0208913
-0.0276154
-0.0345346
-0.0415971
-0.0487493
-0.0559364
-0.0631035
-0.0701963
-0.0771615
-0.0839466
-0.0904995
-0.0967691
-0.102705
-0.10826
-0.113389
-0.118048
-0.1222
-0.125807
-0.128838
-0.131264
-0.133063
-0.134215
-0.134709
-0.134536
-0.133692
-0.132179
-0.129999
-0.127163
-0.123686
-0.119588
-0.114895
-0.109635
-0.10384
-0.0975464
-0.0907911
-0.0836162
-0.0760662
-0.0681885
-0.0600317
-0.051646
-0.0430827
-0.0343949
-0.0256372
-0.0168651
-0.00813413
0.000501166
0.00898808
0.0172755
0.0253138
0.0330542
0.0404496
0.0474549
0.0540282
0.0601311
0.0657285
0.0707883
0.0752814
0.0791816
0.0824669
0.08512
0.0871287
0.0884858
0.0891877
0.089234
0.0886269
0.0873725
0.0854809
0.0829673
0.0798517
0.0761582
0.071914
0.0671484
0.0618934
0.0561835
0.0500559
0.0435504
0.0367092
0.0295758
0.0221947
0.0146117
0.00687382
-0.000970986
-0.00887412
-0.0167873
-0.0246631
-0.0324559
-0.0401209
-0.0476146
-0.0548941
-0.0619173
-0.0686438
-0.0750356
-0.0810574
-0.0866774
-0.0918667
-0.0965996
-0.100853
-0.104608
-0.107848
-0.110559
-0.112731
-0.114356
-0.115429
-0.115951
-0.115925
-0.115358
-0.114263
-0.112653
-0.110545
-0.107958
-0.104913
-0.101432
-0.0975441
-0.0932772
-0.0886639
-0.083738
-0.0785347
-0.0730901
-0.067441
-0.0616248
-0.0556796
-0.0496435
-0.0435549
-0.0374519
-0.0313726
-0.0253547
-0.019435
-0.0136492
-0.00803137
-0.00261354
0.00257385
0.00750185
0.0121429
0.0164713
0.0204635
0.0240989
0.0273598
0.0302315
0.0327016
0.0347595
0.0363973
0.0376097
0.0383946
0.0387538
0.0386917
0.0382153
0.0373333
0.036056
0.0343958
0.032368
0.0299908
0.0272851
0.0242736
0.0209802
0.0174292
0.0136455
0.00965552
0.00548672
0.00116802
-0.00327099
-0.00780062
-0.0123914
-0.0170138
-0.0216384
-0.0262352
-0.0307746
-0.0352277
-0.0395673
-0.0437679
-0.047806
-0.0516588
-0.0553043
-0.0587214
-0.0618899
-0.0647916
-0.0674107
-0.0697336
-0.0717486
-0.0734462
-0.0748185
-0.0758597
-0.0765663
-0.0769367
-0.0769717
-0.0766733
-0.0760449
-0.0750916
-0.0738206
-0.0722413
-0.070366
-0.0682088
-0.0657854
-0.0631126
-0.0602079
-0.0570898
-0.0537778
-0.0502926
-0.046656
-0.0428904
-0.039019
-0.0350653
-0.0310537
-0.0270092
-0.0229572
-0.0189226
-0.0149297
-0.0110015
-0.00715985
-0.00342552
0.000181176
0.00364045
0.00693326
0.0100417
0.0129492
0.0156408
0.0181032
0.0203243
0.0222939
0.0240035
0.0254471
0.0266206
0.0275218
0.0281496
0.0285038
0.028585
0.0283949
0.0279375
0.0272189
0.0262475
0.0250335
0.023588
0.0219229
0.0200504
0.0179836
0.0157366
0.0133253
0.0107665
0.00807823
0.00527868
0.00238632
-0.000580477
-0.00360333
-0.00666391
-0.00974395
-0.0128254
-0.0158905
-0.0189269
-0.0219789
-0.0250733
-0.0282241
-0.0314437
-0.0347425
-0.038128
-0.0416048
-0.0451741
-0.0488328
-0.0525741
-0.0563873
-0.0602575
-0.0641665
-0.0680921
-0.0720084
-0.0758858
-0.0796911
-0.0833881
-0.0869385
-0.0903023
-0.0934384
-0.0963051
-0.0988602
-0.101061
-0.102867
-0.104237
-0.105133
-0.105517
-0.105356
-0.10462
-0.103281
-0.101318
-0.0987159
-0.0954654
-0.0915639
-0.0870146
-0.0818259
-0.0760111
-0.0695885
-0.0625823
-0.0550227
-0.0469463
-0.0383951
-0.0294159
-0.0200593
-0.0103802
-0.000438326
0.00970053
0.0199651
0.0302801
0.0405685
0.0507544
0.0607635
0.0705179
0.0799439
0.0889693
0.0975216
0.105531
0.112931
0.119663
0.125678
0.13093
0.135381
0.138995
0.141738
0.143582
0.144506
0.144498
0.143556
0.141686
0.138901
0.135218
0.130659
0.125254
0.119039
0.112058
0.104362
0.0960043
0.0870398
0.0775267
0.067525
0.0570996
0.0463155
0.0352425
0.0239533
0.0125215
0.0010232
-0.0104697
-0.0218847
-0.0331539
-0.0442304
-0.0550689
-0.0656255
-0.0758562
-0.0857175
-0.0951666
-0.104164
-0.112675
-0.12067
-0.128125
-0.135019
-0.141335
-0.147048
-0.152133
-0.156567
-0.160327
-0.163403
-0.165782
-0.16746
-0.168438
-0.168717
-0.168308
-0.167204
-0.16541
-0.162931
-0.159777
-0.155971
-0.151522
-0.146454
-0.140793
-0.134567
-0.127814
-0.120553
-0.112812
-0.10462
-0.096007
-0.0870154
-0.0776693
-0.0680067
-0.0580683
-0.0478972
-0.0375467
-0.0270521
-0.0164564
-0.00580127
0.00487252
0.0155195
0.026103
0.0365804
0.046908
0.0570427
0.0669445
0.0765704
0.0858751
0.0948166
0.103353
0.111453
0.119065
0.126152
0.132681
0.138625
0.143983
0.148709
0.152781
0.156173
0.158864
0.160863
0.162124
0.16264
0.162411
0.161441
0.15978
0.157396
0.154299
0.150504
0.146032
0.14096
0.135274
0.129019
0.122239
0.114981
0.107337
0.0992994
0.0909107
0.0822154
0.0732644
0.0641567
0.0549127
0.0455963
0.0362705
0.0269967
0.0178596
0.00889473
0.000162914
-0.00827475
-0.0163587
-0.0240333
-0.0312434
-0.0379354
-0.0440552
-0.0495474
-0.0543927
-0.0585073
-0.0618509
-0.064392
-0.0661058
-0.0670431
-0.0671077
-0.0662755
-0.0645244
-0.0618382
-0.0583208
-0.0538641
-0.0484788
-0.0421808
-0.0349906
-0.0270749
-0.0183243
-0.00877797
0.00151786
0.0125132
0.0239978
0.0360779
0.0486978
0.0617952
0.0752993
0.0889755
0.102897
0.116981
0.131144
0.145304
0.159249
0.173022
0.186533
0.199693
0.21241
0.224524
0.236023
0.246827
0.256854
0.266026
0.274272
0.281523
0.287716
0.292795
0.2967
0.299472
0.300963
0.301133
0.299955
0.297413
0.293697
0.28861
0.282148
0.274314
0.265113
0.254853
0.243284
0.230456
0.216426
0.201258
0.185372
0.16848
0.150657
0.131992
0.112581
0.0929121
0.0727066
0.0520706
0.031114
0.00995382
-0.0109208
-0.0317385
-0.052362
-0.0726562
-0.0924918
-0.11146
-0.129725
-0.147164
-0.163649
-0.17905
-0.193085
-0.205788
-0.217049
-0.226769
-0.234857
-0.241244
-0.245839
-0.248572
-0.249388
-0.24824
-0.245303
-0.24034
-0.233336
-0.224284
-0.21319
-0.200476
-0.185772
-0.169122
-0.150582
-0.130221
-0.108678
-0.0854838
-0.0607395
-0.0345586
-0.00706499
0.0209531
0.0500105
0.079958
0.110637
0.141883
0.172856
0.204052
0.235299
0.266422
0.297244
0.327
0.3561
0.38437
0.411635
0.437726
0.462064
0.484908
0.506106
0.525515
0.542998
0.558262
0.571363
0.582204
0.590701
0.596784
0.60052
0.601743
0.600424
0.596548
0.590116
0.581558
0.570489
0.556956
0.54102
0.52276
0.502933
0.480974
0.456994
0.431117
0.40348
0.375067
0.345207
0.314072
0.281846
0.248715
0.215756
0.18228
0.148486
0.11458
0.0807716
0.0480735
0.0158905
-0.0155743
-0.0461201
-0.075548
-0.103069
-0.129086
-0.153422
-0.175908
-0.196394
-0.214456
-0.230258
-0.243685
-0.254636
-0.263021
-0.268849
-0.271989
-0.272413
-0.270114
-0.265103
-0.257855
-0.247965
-0.235494
-0.220521
-0.203147
-0.184239
-0.163181
-0.140114
-0.115196
-0.0885931
-0.0614338
-0.0329725
-0.00342269
0.0269885
0.058026
0.0884668
0.119063
0.149581
0.179787
0.209447
0.237459
0.264459
0.290226
0.314544
0.337211
0.35744
0.375647
0.391667
0.405348
0.416551
0.424944
0.430637
0.43355
0.433624
0.430822
0.425354
0.41701
0.405824
0.391854
0.375172
0.356505
0.335321
0.311743
0.28592
0.258023
0.229214
0.198731
0.166792
0.133621
0.0994496
0.0656686
0.0313745
-0.0031748
-0.0377113
-0.0719615
-0.1045
-0.136212
-0.166837
-0.196117
-0.223799
-0.248671
-0.271471
-0.291985
-0.310015
-0.325377
-0.337281
-0.346196
-0.351987
-0.354543
-0.353775
-0.349466
-0.341735
-0.330564
-0.315955
-0.297929
-0.276876
-0.25252
-0.224959
-0.194314
-0.160723
-0.125155
-0.0869649
-0.046336
-0.00347368
0.0413949
0.0868554
0.13382
0.182024
0.231194
0.28105
0.329944
0.378943
0.42775
0.476068
0.523607
0.56873
0.612528
0.654741
0.695111
0.733388
0.768168
0.800394
0.829866
0.856406
0.879853
0.899256
0.915287
0.927832
0.936803
0.942141
0.943477
0.941148
0.935173
0.925583
0.912428
0.895927
0.876007
0.852777
0.826368
0.79693
0.76525
0.730893
0.694053
0.654946
0.613796
0.571815
0.528263
0.483374
0.437386
0.390537
0.344258
0.297607
0.250829
0.204169
0.157865
0.113374
0.0696785
0.0269827
-0.0145147
-0.0546238
-0.0920508
-0.127754
-0.161592
-0.193441
-0.223187
-0.249855
-0.274225
-0.296216
-0.315765
-0.332833
-0.346854
-0.358381
-0.367437
-0.374058
-0.378289
-0.379991
-0.37942
-0.376648
-0.371758
-0.364839
-0.356125
-0.345594
-0.333365
-0.319567
-0.304334
-0.288193
-0.27089
-0.252559
-0.233331
-0.213343
-0.193288
-0.172752
-0.151877
-0.130795
-0.109631
-0.0891113
-0.0687146
-0.0485309
-0.0286493
-0.00915947
0.00925745
0.0271211
0.0443711
0.0609647
0.0768733
0.0915698
0.105547
0.118792
0.131293
0.143045
0.153667
0.163563
0.172761
0.181291
0.189186
0.196214
0.202678
0.208621
0.214094
0.219152
0.223685
0.227908
0.231869
0.235611
0.239179
0.242522
0.245793
0.249044
0.252322
0.255663
0.25902
0.26249
0.266092
0.269846
0.27377
0.277799
0.282014
0.28641
0.290973
0.295685
0.300432
0.305279
0.310193
0.315133
0.320053
0.324801
0.329418
0.333844
0.338022
0.341892
0.345313
0.348309
0.350819
0.352788
0.354163
0.354865
0.354879
0.354164
0.352676
0.350372
0.347262
0.343264
0.338353
0.332514
0.325742
0.318194
0.309728
0.300355
0.290089
0.278943
0.267201
0.254617
0.241227
0.22708
0.212238
0.197139
0.181484
0.16534
0.148771
0.13184
0.115057
0.0980576
0.0809271
0.0637537
0.0466234
0.0300795
0.013733
-0.00234442
-0.0180795
-0.0333951
-0.0477821
-0.061596
-0.0747684
-0.087239
-0.0989536
-0.109516
-0.119221
-0.128017
-0.135853
-0.142645
-0.148083
-0.152346
-0.155416
-0.157288
-0.157968
-0.157413
-0.155706
-0.152871
-0.148939
-0.143946
-0.138034
-0.131161
-0.123401
-0.114837
-0.10556
-0.0958834
-0.0856637
-0.0749831
-0.0639249
-0.0525789
-0.041347
-0.0300192
-0.0186963
-0.00747091
0.00357621
0.0140463
0.0242165
0.0340239
0.0434037
0.0522911
0.0603231
0.0677696
0.0745967
0.0807816
0.0863091
0.0909239
0.0948755
0.09816
0.10078
0.102744
0.103903
0.104456
0.104432
0.103859
0.102768
0.101097
0.0989871
0.096478
0.0936127
0.090434
0.0869487
0.0832376
0.0793426
0.0753051
0.0711659
0.0669652
0.0627367
0.0585122
0.0543201
0.0501875
0.0461594
0.0422397
0.0384527
0.0348196
0.0313576
0.0281006
0.0250313
0.0221546
0.0194737
0.0169907
0.0147229
0.0126499
0.0107695
0.00907682
0.00756527
0.00623578
0.00506779
0.00405219
0.00317943
0.00243946
0.00182503
0.00132033
0.000914649
0.000597454
0.000358614
0.000188874
7.81055e-05
1.78165e-05
0
0
0
0
0
0
0
0
0
0
0
0
0
0
0
0
0
0
0
0
0
0
0
0
0
0
0
0
0
0
0
0
0
0
0
0
0
0
0
0
0
0
0
0
0
0
0
0
0
0
0
0
0
0
0
0
0
0
0
0
0
0
0
0
0
0
0
0
0
0
0
0
0
0
0
0
0
0
0
0
0
0
0
0
0
0
0
0
0
0
0
0
0
0
0
0
0
0
0
0
0
0
0
0
0
0
0
0
0
0
0
0
0
-0
-0
-0
-0
-0
-0
-0
-0
-0
-0
-0
-0
-0
-0
-0
-0
-0
-0
-0
-0
-0
-0
-0
-0
-0
-0
-0
-0
-0
-0
-0
-0
-0
-0
-0
0
0
0
0
0
0
0
0
0
0
0
0
0
0
0
0
0
0
0
0
0
0
0
0
0
0
0
0
0
0
0
0
0
0
0
0
0
0
0
0
0
0
0
0
0
0
0
0
0
0
0
0
0
0
0
0
0
0
0
0
0
0
0
0
0
0
0
0
0
0
0
0
0
0
0
0
0
0
0
0
0
0
0
-0
-0
-0
-0
-0
