-0
-0
-0
-0
-0
-0
-0
-0
-0
-0
-0
-0
0
0
0
0
0
0
0
0
0
0
0
0
0
0
0
0
0
0
0
0
0
0
0
0
0
0
0
0
0
0
0
0
0
0
0
0
0
0
0
0
0
0
0
0
0
0
0
0
0
0
0
0
0
0
0
-0
-0
-0
-0
-0
-0
-0
-0
-0
-0
-0
-0
-0
-0
-0
-0
-0
-0
-0
-0
-0
-0
-0
-0
-0
-0
-0
-0
-0
-0
-0
-0
-0
-0
-0
-0
-0
-0
-0
-0
-0
-0
-0
-0
-0
-0
-0
-0
-0
-0
0
0
0
0
0
0
0
0
0
0
0
0
0
0
0
0
0
0
0
0
0
0
0
0
0
0
0
0
0
0
0
0
0
0
0
0
0
0
0
0
0
0
0
0
0
0
0
0
-0
-0
-0
-0
-0
-0
-0
-0
-0
-0
-0
-0
-0
-0
-0
-0
-0
-0
-0
-0
-0
-0
-0
-0
-0
-0
-0
-0
-0
-0
-0
-0
-0
-0
-0
-0
-0
-0
-0
-0
-0
-0
-0
-0
-0
-0
-0
-0
-0
0
0
0
0
0
0
0
0
0
0
0
0
0
0
0
0
0
0
0
0
0
0
0
0
0
0
0
0
0
0
0
0
0
0
0
0
0
0
0
0
0
0
0
0
0
0
0
0
0
0
0
0
0
0
0
0
0
0
0
0
0
0
0
0
0
0
0
0
0
0
0
0
0
0
0
0
0
0
0
0
0
0
0
0
0
0
0
-0
-0
-0
-0
-0
-0
-0
-0
-0
-0
-0
-0
-0
-0
-0
-0
-0
-0
-0
-0
-0
-2.20075e-07
-8.76925e-06
-3.02656e-05
-6.52122e-05
-0.000113832
-0.000176062
-0.000251541
-0.000339613
-0.000439331
-0.000549466
-0.000668524
-0.000794749
-0.000926136
-0.00106044
-0.00119522
-0.00132788
-0.00145571
-0.00157596
-0.00168583
-0.00178251
-0.00186312
-0.00192481
-0.00196478
-0.00198033
-0.00196898
-0.00192847
-0.00185679
-0.00175217
-0.00161309
-0.0014383
-0.00122685
-0.000978056
-0.000691544
-0.000367226
-5.35182e-06
0.000393431
0.000828014
0.00129682
0.00179785
0.00232883
0.00288733
0.00347082
0.00407665
0.00470194
0.00534352
0.00599788
0.00666125
0.00732968
0.0079992
0.00866585
0.0093257
0.00997481
0.0106093
0.0112254
0.0118195
0.0123882
0.0129281
0.0134359
0.0139086
0.014343
0.0147363
0.0150859
0.0153895
0.0156449
0.0158502
0.0160034
0.0161028
0.0161469
0.016135
0.0160666
0.0159418
0.0157612
0.015525
0.0152337
0.0148878
0.0144878
0.0140347
0.0135293
0.0129729
0.0123667
0.0117121
0.0110108
0.0102647
0.0094759
0.00864697
0.00778034
0.00687849
0.00594395
0.00497937
0.00398762
0.00297191
0.00193621
0.000882434
-0.000188255
-0.00127474
-0.0023758
-0.0034899
-0.00461517
-0.00574951
-0.00689071
-0.00803667
-0.00918541
-0.010335
-0.0114834
-0.0126283
-0.0137671
-0.0148969
-0.0160146
-0.017117
-0.0182005
-0.0192615
-0.0202961
-0.0213008
-0.0222717
-0.0232053
-0.024098
-0.0249461
-0.0257456
-0.0264922
-0.0271817
-0.0278096
-0.0283721
-0.0288657
-0.0292874
-0.0296345
-0.029904
-0.0300933
-0.0301995
-0.0302197
-0.0301514
-0.0299924
-0.0297407
-0.0293948
-0.0289534
-0.0284159
-0.0277818
-0.0270515
-0.0262254
-0.0253047
-0.0242907
-0.0231853
-0.0219908
-0.0207103
-0.0193471
-0.0179056
-0.0163902
-0.0148058
-0.0131576
-0.0114507
-0.00969112
-0.0078851
-0.00603975
-0.00416267
-0.00226182
-0.000345213
0.00157924
0.00350379
0.00542069
0.00732207
0.00919977
0.0110454
0.0128503
0.0146059
0.0163039
0.0179363
0.0194953
0.0209734
0.0223636
0.0236589
0.0248529
0.0259393
0.0269124
0.0277668
0.0284979
0.0291014
0.0295737
0.0299122
0.0301147
0.0301799
0.0301066
0.0298942
0.0295426
0.0290523
0.0284246
0.0276622
0.0267689
0.0257493
0.0246092
0.0233546
0.021992
0.0205284
0.0189712
0.0173284
0.015609
0.0138222
0.0119781
0.0100868
0.00815879
0.00620477
0.00423545
0.00226164
0.000294155
-0.00165624
-0.00357883
-0.00546297
-0.00729808
-0.00907378
-0.0107801
-0.0124077
-0.0139481
-0.0153937
-0.0167374
-0.0179729
-0.0190942
-0.0200955
-0.0209716
-0.0217181
-0.0223318
-0.0228108
-0.0231542
-0.0233625
-0.0234363
-0.0233772
-0.023187
-0.0228683
-0.0224245
-0.0218604
-0.0211814
-0.0203941
-0.0195057
-0.0185239
-0.0174571
-0.0163139
-0.0151037
-0.0138362
-0.0125212
-0.0111688
-0.00978947
-0.00839389
-0.0069932
-0.00559888
-0.00422248
-0.00287522
-0.00156766
-0.000309624
0.00088965
0.00202113
0.0030757
0.00404415
0.00491752
0.00568765
0.00634769
0.0068923
0.00731745
0.00762
0.00779722
0.00784657
0.00776589
0.00755385
0.00721033
0.00673677
0.006136
0.00541204
0.00456963
0.00361412
0.00255133
0.00138773
0.000130597
-0.00121185
-0.00263047
-0.00411526
-0.00565541
-0.00723949
-0.00885552
-0.0104912
-0.0121341
-0.0137719
-0.0153924
-0.0169834
-0.0185327
-0.0200277
-0.0214557
-0.0228035
-0.0240585
-0.0252084
-0.0262423
-0.0271507
-0.0279248
-0.0285568
-0.0290392
-0.0293646
-0.0295256
-0.0295156
-0.029329
-0.0289621
-0.0284131
-0.0276822
-0.0267705
-0.0256803
-0.0244136
-0.0229729
-0.0213611
-0.0195826
-0.0176438
-0.0155533
-0.0133218
-0.0109611
-0.00848329
-0.00590033
-0.00322379
-0.00046545
0.00236192
0.00524399
0.00816471
0.0111067
0.0140521
0.0169832
0.0198832
0.0227363
0.025527
0.0282397
0.0308586
0.0333671
0.0357482
0.0379853
0.040063
0.041967
0.0436851
0.045206
0.0465197
0.0476163
0.0484861
0.04912
0.0495095
0.0496478
0.04953
0.0491535
0.0485178
0.0476241
0.0464744
0.0450718
0.04342
0.0415238
0.0393891
0.0370235
0.0344365
0.0316392
0.0286445
0.0254663
0.0221196
0.0186199
0.0149832
0.0112262
0.00736629
0.00342168
-0.000588325
-0.00464356
-0.0087232
-0.0128061
-0.0168711
-0.0208973
-0.0248643
-0.0287518
-0.0325402
-0.0362101
-0.0397428
-0.04312
-0.0463241
-0.0493385
-0.0521469
-0.0547341
-0.0570855
-0.0591881
-0.06103
-0.062601
-0.0638929
-0.0648992
-0.0656155
-0.0660388
-0.0661681
-0.0660038
-0.0655477
-0.0648031
-0.0637748
-0.0624688
-0.0608928
-0.0590555
-0.0569676
-0.0546406
-0.0520876
-0.0493224
-0.04636
-0.0432161
-0.0399072
-0.0364508
-0.032865
-0.0291683
-0.0253797
-0.0215187
-0.0176047
-0.0136575
-0.00969675
-0.00574245
-0.00181426
0.00206847
0.00588691
0.0096229
0.013259
0.0167783
0.0201649
0.0234035
0.0264797
0.0293802
0.0320927
0.0346059
0.0369098
0.0389953
0.0408547
0.0424815
0.0438707
0.0450186
0.0459231
0.0465832
0.0469994
0.0471732
0.0471074
0.046806
0.0462741
0.045518
0.0445452
0.0433643
0.0419846
0.0404166
0.0386715
0.0367612
0.0346984
0.0324963
0.0301685
0.0277291
0.0251927
0.0225739
0.0198878
0.0171495
0.0143742
0.0115769
0.0087726
0.00597584
0.00320096
0.000461883
-0.00222796
-0.00485569
-0.00740912
-0.00987669
-0.0122476
-0.0145116
-0.0166592
-0.0186819
-0.0205717
-0.0223218
-0.0239266
-0.0253814
-0.0266823
-0.0278265
-0.0288119
-0.0296372
-0.030302
-0.0308067
-0.0311531
-0.0313434
-0.0313811
-0.0312703
-0.0310156
-0.0306223
-0.0300963
-0.0294441
-0.028673
-0.0277908
-0.0268056
-0.025726
-0.0245606
-0.0233184
-0.0220086
-0.0206404
-0.0192235
-0.0177671
-0.0162806
-0.0147732
-0.0132538
-0.0117311
-0.0102243
-0.00875013
-0.00730608
-0.00588963
-0.00449828
-0.00312984
-0.00178262
-0.000455727
0.00085082
0.00213611
0.00339842
0.00463533
0.00584376
0.00701987
0.00815898
0.00925555
0.0103033
0.0112952
0.0122242
0.0130829
0.0138639
0.0145599
0.0151633
0.0156672
0.0160648
0.01635
0.0165177
0.0165638
0.016485
0.0162789
0.0159442
0.0154806
0.0148897
0.0141741
0.0133382
0.0123876
0.011329
0.0101702
0.0089204
0.00759039
0.00619218
0.00473883
0.00324396
0.00172136
0.000184942
-0.00135105
-0.00287182
-0.00436199
-0.00580604
-0.00718891
-0.00849666
-0.00971674
-0.0108379
-0.0118498
-0.012743
-0.0135088
-0.0141399
-0.0146306
-0.0149775
-0.015179
-0.0152354
-0.0151483
-0.014921
-0.0145586
-0.0140678
-0.0134577
-0.0127386
-0.0119221
-0.0110206
-0.0100472
-0.00901625
-0.00794325
-0.00684505
-0.00573909
-0.00464274
-0.00357259
-0.00254433
-0.0015729
-0.000672858
0.000141531
0.000856677
0.00146029
0.00194194
0.00229329
0.00250783
0.00258054
0.00250766
0.00228693
0.00191789
0.00140263
0.000746174
-4.50023e-05
-0.000963561
-0.00200124
-0.00313867
-0.00437575
-0.00570057
-0.0070995
-0.00855741
-0.0100506
-0.0115703
-0.0130997
-0.0146223
-0.0161211
-0.0175765
-0.0189743
-0.0202979
-0.0215311
-0.0226579
-0.0236669
-0.0245395
-0.0252621
-0.0258223
-0.026209
-0.026425
-0.0264507
-0.0262797
-0.0259064
-0.0253266
-0.0245575
-0.0235788
-0.0223925
-0.0210029
-0.019416
-0.0176656
-0.0157328
-0.0136272
-0.0113596
-0.00894322
-0.00642438
-0.00378739
-0.0010494
0.0017717
0.0046572
0.00755471
0.0104768
0.0134024
0.0163099
0.0191779
0.0219559
0.0246527
0.0272474
0.029719
0.0320463
0.0341877
0.0361449
0.0378996
0.0394349
0.040735
0.0417769
0.0425546
0.0430553
0.0432677
0.0431824
0.0428011
0.0421086
0.0411005
0.039774
0.0381279
0.0361914
0.0339396
0.0313775
0.0285119
0.0253507
0.0219503
0.0182749
0.0143381
0.0101561
0.00574677
0.00119233
-0.00354957
-0.00845778
-0.01351
-0.0186823
-0.0238763
-0.029137
-0.0344355
-0.0397421
-0.0450224
-0.0501672
-0.0552181
-0.0601421
-0.0649055
-0.0694744
-0.0737492
-0.0777636
-0.0814859
-0.084885
-0.0879308
-0.0905474
-0.0927548
-0.0945281
-0.0958446
-0.0966836
-0.0970086
-0.096821
-0.0961069
-0.094855
-0.0930574
-0.090728
-0.0878473
-0.0844168
-0.0804405
-0.0759251
-0.070938
-0.0654347
-0.0594322
-0.0529511
-0.0460149
-0.0387449
-0.0310741
-0.0230331
-0.0146558
-0.00597898
0.00283299
0.0118631
0.0210682
0.0304037
0.0398238
0.0491402
0.0584455
0.06769
0.0768231
0.085794
0.0944118
0.102769
0.110816
0.118506
0.125792
0.132505
0.138723
0.144404
0.149508
0.154
0.157761
0.160845
0.163222
0.164869
0.165764
0.165856
0.165164
0.163681
0.161399
0.15832
0.154474
0.14984
0.144429
0.138258
0.131344
0.123803
0.115572
0.106682
0.0971694
0.0870735
0.076583
0.065598
0.0541669
0.0423416
0.0301762
0.0179133
0.00542529
-0.00722801
-0.0199856
-0.0327853
-0.0453602
-0.0578507
-0.0701935
-0.0823251
-0.0941832
-0.10551
-0.116443
-0.126924
-0.136899
-0.146313
-0.15495
-0.162927
-0.170199
-0.176726
-0.182469
-0.187283
-0.19125
-0.194343
-0.196541
-0.19783
-0.198157
-0.197557
-0.196027
-0.193572
-0.190197
-0.185953
-0.18082
-0.17482
-0.167982
-0.160337
-0.152028
-0.142987
-0.133256
-0.122882
-0.111917
-0.100582
-0.0887643
-0.0765233
-0.0639193
-0.0510152
-0.0380815
-0.0249782
-0.0117715
0.00147294
0.0146897
0.0275976
0.0403497
0.0528828
0.0651343
0.0770432
0.0883506
0.099201
0.109542
0.119326
0.128505
0.13688
0.144568
0.151535
0.157749
0.163183
0.167718
0.171432
0.174314
0.176355
0.177551
0.177877
0.177364
0.176022
0.173865
0.170912
0.16723
0.162801
0.157658
0.151832
0.145361
0.13839
0.130857
0.122808
0.114292
0.105361
0.0962172
0.0867663
0.0770621
0.0671592
0.057113
0.0471486
0.037153
0.0271821
0.0172911
0.00753367
-0.00187396
-0.0110463
-0.0199356
-0.028496
-0.0366841
-0.0443222
-0.0515096
-0.0582118
-0.0643973
-0.0700383
-0.0750188
-0.0794111
-0.0831999
-0.0863739
-0.0889253
-0.0908114
-0.0920683
-0.0926975
-0.092705
-0.0921019
-0.0909208
-0.0891639
-0.0868533
-0.0840129
-0.0806686
-0.0769125
-0.0727112
-0.0680991
-0.0631141
-0.057797
-0.0522865
-0.0465281
-0.0405635
-0.0344344
-0.028183
-0.0219622
-0.0157056
-0.00945718
-0.00326086
0.00284044
0.00870236
0.0143894
0.0198652
0.0250952
0.0300467
0.03461
0.0388351
0.0426955
0.0461673
0.04923
0.0518246
0.053979
0.0556829
0.0569293
0.0577145
0.0580393
0.0579043
0.0573147
0.0562783
0.0548059
0.0529539
0.0506955
0.0480502
0.0450409
0.0416934
0.0381113
0.0342469
0.0301294
0.0257888
0.021257
0.0166634
0.0119486
0.00715006
0.00230563
-0.00254758
-0.00727675
-0.0119444
-0.0165165
-0.020959
-0.025238
-0.0292382
-0.0330099
-0.0365235
-0.0397517
-0.0426691
-0.0452009
-0.0473779
-0.0491816
-0.0505967
-0.0516102
-0.0521996
-0.0523693
-0.0521129
-0.0514265
-0.050309
-0.0487937
-0.046856
-0.0445052
-0.041753
-0.0386124
-0.0351684
-0.0313665
-0.0272258
-0.0227684
-0.01802
-0.0131097
-0.00796543
-0.00261635
0.00290833
0.00857904
0.0142476
0.0200003
0.0258042
0.0316256
0.0374303
0.0430658
0.048618
0.0540549
0.0593456
0.0644598
0.0692651
0.0738367
0.0781478
0.0821728
0.0858879
0.0891969
0.0921561
0.0947497
0.0969643
0.0987884
0.100175
0.101152
0.101713
0.101853
0.101571
0.100874
0.0997627
0.0982438
0.0963277
0.0940265
0.0913985
0.088414
0.0850889
0.0814406
0.0774879
0.0733295
0.0689092
0.0642513
0.0593812
0.0543252
0.0492109
0.0439621
0.0386036
0.0331606
0.0276592
0.0222381
0.0168123
0.0114085
0.00605217
0.000767349
-0.00431334
-0.00927827
-0.0141068
-0.0187789
-0.0232759
-0.0274835
-0.031482
-0.0352562
-0.0387914
-0.0420745
-0.0450193
-0.0476908
-0.0500822
-0.0521891
-0.0540085
-0.0554912
-0.056683
-0.0575834
-0.058193
-0.0585147
-0.0585349
-0.0582789
-0.0577545
-0.0569706
-0.0559361
-0.0546695
-0.053173
-0.051458
-0.0495372
-0.0474238
-0.0451626
-0.0427364
-0.0401595
-0.0374461
-0.0346109
-0.0317158
-0.0287256
-0.0256524
-0.0225084
-0.0193061
-0.0161178
-0.0128978
-0.00965944
-0.00641504
-0.00317558
-1.47579e-05
0.00312311
0.00622999
0.00929788
0.0123187
0.0152202
0.0180592
0.0208291
0.0235241
0.0261398
0.0286124
0.0310007
0.0333039
0.0355214
0.0376522
0.0396401
0.041538
0.0433379
0.0450188
0.0465771
0.0479647
0.0492286
0.0503686
0.0513844
0.0522757
0.0530046
0.0536106
0.0540953
0.0544611
0.0547097
0.054815
0.0548067
0.0546866
0.0544572
0.054122
0.0536672
0.0531145
0.0524675
0.0517291
0.0509021
0.0499824
0.0489807
0.0479006
0.0467461
0.0455213
0.0442332
0.0428829
0.0414749
0.0400144
0.0385067
0.0369695
0.0353959
0.0337918
0.032163
0.0305154
0.0288736
0.0272244
0.025574
0.0239288
0.022295
0.0207013
0.0191298
0.0175862
0.0160761
0.0146046
0.0132001
0.0118424
0.0105366
0.00928715
0.00809848
0.00699522
0.0059569
0.00498556
0.00408271
0.00324954
0.00250384
0.00182727
0.00121991
0.000681233
0.000210078
-0.000183707
-0.000515823
-0.000789101
-0.00100681
-0.0011726
-0.00128378
-0.00135241
-0.00138277
-0.00137919
-0.00134605
-0.0012849
-0.00120378
-0.00110715
-0.000999402
-0.000884758
-0.000766427
-0.000648934
-0.000535409
-0.00042858
-0.000330774
-0.000243914
-0.000169461
-0.000108408
-6.12401e-05
-2.79235e-05
-7.9251e-06
-1.93932e-07
-0
-0
-0
-0
-0
-0
-0
-0
-0
-0
-0
-0
0
0
0
0
0
0
0
0
0
0
0
0
0
0
0
0
0
0
0
0
0
0
0
0
0
0
0
0
0
0
0
0
0
0
0
0
0
0
0
0
0
0
0
0
0
0
0
0
0
0
0
0
0
0
0
0
0
0
0
0
0
0
0
0
0
0
0
0
0
0
0
0
0
0
0
0
0
0
0
0
0
0
0
0
0
0
0
0
0
0
0
0
0
0
0
0
0
0
0
0
0
0
0
0
-0
-0
-0
-0
-0
-0
-0
-0
-0
-0
-0
-0
-0
-0
-0
-0
-0
-0
-0
-0
-0
-0
-0
-0
-0
-0
-0
-0
-0
-0
-0
-0
-0
0
0
0
0
0
0
0
0
0
0
0
0
0
0
0
0
0
0
0
0
0
0
0
0
0
0
0
0
0
0
0
0
0
0
0
0
0
0
0
0
0
0
0
0
0
0
0
0
0
0
0
0
0
0
0
0
0
-0
-0
-0
-0
-0
-0
-0
-0
-0
-0
-0
-0
-0
-0
-0
-0
-0
-0
-0
-0
-0
-0
-0
-0
-0
-0
-0
-0
-0
-0
-0
-0
-0
-0
-0
-0
-0
-0
-0
-0
-0
-0
-0
0
0
0
0
0
0
0
0
0
0
0
0
0
0
0
0
0
0
0
0
0
0
0
0
0
0
0
0
0
0
0
0
0
0
0
0
0
0
0
0
0
0
0
0
0
0
0
0
0
0
0
0
0
0
0
0
0
0
0
0
0
0
0
0
0
0
0
0
-0
-0
-0
-0
-0
