-0
-0
-0
-0
-0
-0
0
0
0
0
0
0
0
0
0
0
0
0
0
0
0
0
0
0
0
0
0
0
0
0
0
0
0
0
0
0
0
0
0
0
0
0
0
0
0
0
0
0
0
0
0
0
-0
-0
-0
-0
-0
-0
-0
-0
-0
-0
-0
-0
-0
-0
-0
-0
-0
-0
-0
-0
-0
-0
-0
-0
-0
-0
-0
-0
-0
-0
-0
-0
-0
-0
-0
-0
-0
-0
0
0
0
0
0
0
0
0
0
0
0
0
0
0
0
0
0
0
0
0
0
0
0
0
0
0
0
0
0
0
0
0
0
0
0
0
0
0
0
0
0
0
0
0
0
-0
-0
-0
-0
-0
-0
-0
-0
-0
-0
-0
-0
-0
-0
-0
-0
-0
-0
-0
-0
-0
-0
-0
-0
-0
-0
-0
-0
-0
-0
-0
-0
-0
-0
-0
-0
-0
-0
-0
-0
-0
-0
-0
-0
-0
-0
-0
-0
0
0
0
0
0
0
0
0
0
0
0
0
0
0
0
0
0
0
0
0
0
0
0
0
0
0
0
0
0
0
0
0
0
0
0
0
0
0
0
0
0
0
0
0
0
0
0
0
0
0
0
0
0
1.76181e-06
6.2476e-06
1.17865e-05
1.65075e-05
1.83515e-05
1.50852e-05
4.31663e-06
-1.64854e-05
-4.99658e-05
-9.8849e-05
-0.000165897
-0.000253867
-0.000365467
-0.000503321
-0.00066993
-0.000867621
-0.00109849
-0.00136435
-0.00166664
-0.0020064
-0.0023842
-0.00280014
-0.0032538
-0.00374418
-0.00426969
-0.00482809
-0.00541648
-0.00603129
-0.00666831
-0.0073227
-0.00798897
-0.008661
-0.00933205
-0.00999475
-0.0106412
-0.0112631
-0.0118517
-0.0123981
-0.012893
-0.0133273
-0.0136916
-0.0139767
-0.0141736
-0.0142735
-0.0142683
-0.0141502
-0.013912
-0.0135473
-0.0130507
-0.0124176
-0.0116448
-0.0107302
-0.00967328
-0.00847479
-0.0071368
-0.00566262
-0.00405682
-0.00232529
-0.000475309
0.00148438
0.00354351
0.00569038
0.00791195
0.0101941
0.0125218
0.0148792
0.0172498
0.0196162
0.0219604
0.0242639
0.0265077
0.0286729
0.0307407
0.032693
0.0345123
0.0361817
0.0376854
0.0390081
0.0401358
0.0410552
0.0417548
0.0422247
0.0424569
0.0424454
0.0421866
0.0416788
0.0409226
0.0399202
0.0386762
0.0371969
0.0355027
0.0336108
0.0315291
0.0292673
0.0268358
0.0242463
0.0215112
0.0186435
0.0156568
0.0125654
0.0093845
0.00613003
0.00281887
-0.000531557
-0.00390357
-0.00727951
-0.0106419
-0.0139732
-0.0172559
-0.0204724
-0.0236047
-0.0266352
-0.0295469
-0.0323236
-0.0349502
-0.0374124
-0.0396971
-0.0417918
-0.0436848
-0.045365
-0.0468229
-0.04805
-0.0490392
-0.0497849
-0.0502827
-0.0505295
-0.0505235
-0.0502641
-0.049752
-0.0489897
-0.0479805
-0.0467297
-0.0452436
-0.0435298
-0.0415972
-0.0394561
-0.0371178
-0.0345948
-0.0319007
-0.0290503
-0.0260592
-0.0229439
-0.0197217
-0.0164101
-0.0130273
-0.00959166
-0.00612216
-0.00263825
0.000840182
0.00429307
0.00770049
0.011043
0.0143016
0.0174583
0.0204951
0.0233948
0.0261403
0.0287154
0.0311044
0.033293
0.0352681
0.0370178
0.0385318
0.0398006
0.0408165
0.0415727
0.0420643
0.0422878
0.042241
0.0419233
0.0413354
0.0404798
0.0393603
0.0379828
0.0363546
0.0344845
0.0323827
0.0300603
0.0275296
0.0248041
0.0218981
0.0188276
0.0156095
0.0122615
0.00880229
0.00525118
0.00162797
-0.00204705
-0.00575324
-0.00946974
-0.0131755
-0.0168496
-0.0204708
-0.0240182
-0.027471
-0.0308086
-0.0340113
-0.0370601
-0.0399368
-0.0426244
-0.0451067
-0.0473687
-0.0493964
-0.0511772
-0.0527
-0.0539553
-0.0549351
-0.055633
-0.0560437
-0.0561639
-0.0559915
-0.0555265
-0.0547707
-0.0537274
-0.0524014
-0.0507988
-0.0489272
-0.0467955
-0.044414
-0.041795
-0.0389521
-0.0359003
-0.0326556
-0.0292349
-0.0256558
-0.0219369
-0.0180977
-0.0141585
-0.0101403
-0.00606474
-0.00195373
0.00217043
0.00628528
0.0103682
0.0143968
0.0183489
0.0222027
0.0259371
0.0295315
0.0329656
0.0362199
0.0392755
0.0421147
0.0447209
0.0470792
0.0491764
0.0510007
0.052542
0.0537914
0.0547417
0.0553875
0.0557248
0.0557517
0.0554679
0.0548749
0.0539757
0.0527753
0.0512805
0.0495
0.047444
0.0451244
0.0425547
0.0397492
0.0367235
0.0334944
0.0300796
0.0264978
0.0227689
0.0189133
0.0149523
0.0109075
0.00680107
0.00265536
-0.00150707
-0.00566361
-0.00979182
-0.0138696
-0.0178752
-0.0217878
-0.025587
-0.0292532
-0.0327678
-0.0361129
-0.0392718
-0.042229
-0.0449701
-0.0474822
-0.0497537
-0.0517741
-0.0535346
-0.0550279
-0.056248
-0.0571908
-0.0578537
-0.0582358
-0.0583377
-0.0581614
-0.0577101
-0.0569886
-0.056003
-0.0547609
-0.0532713
-0.0515445
-0.0495917
-0.0474255
-0.0450594
-0.0425079
-0.0397867
-0.0369121
-0.033901
-0.0307712
-0.0275403
-0.0242265
-0.0208482
-0.017424
-0.0139729
-0.0105138
-0.00706532
-0.00364579
-0.000272946
0.00303591
0.00626389
0.00939446
0.0124116
0.0153
0.0180454
0.0206345
0.0230555
0.0252978
0.0273515
0.0292082
0.0308602
0.0323011
0.0335255
0.0345294
0.0353099
0.0358655
0.0361958
0.0363016
0.0361851
0.0358496
0.0352996
0.0345407
0.0335795
0.0324237
0.0310816
0.0295628
0.0278775
0.0260369
0.0240527
0.0219373
0.0197037
0.017365
0.014935
0.0124275
0.00985641
0.00723598
0.00458039
0.00190395
-0.000778997
-0.00345413
-0.00610734
-0.00872491
-0.0112936
-0.0138007
-0.016234
-0.0185818
-0.0208327
-0.0229763
-0.0250028
-0.0269033
-0.0286702
-0.0302966
-0.0317768
-0.0331057
-0.0342792
-0.0352939
-0.0361474
-0.0368383
-0.0373662
-0.0377312
-0.0379344
-0.0379777
-0.0378636
-0.0375954
-0.0371776
-0.0366148
-0.0359127
-0.035077
-0.0341142
-0.0330309
-0.0318344
-0.0305326
-0.0291336
-0.027646
-0.0260784
-0.0244394
-0.0227379
-0.0209827
-0.019183
-0.0173484
-0.015488
-0.0136112
-0.0117268
-0.00984345
-0.00796944
-0.00611296
-0.00428203
-0.00248437
-0.00072734
0.000982191
0.00263784
0.00423365
0.00576399
0.00722354
0.00860734
0.00991091
0.0111304
0.0122624
0.0133043
0.0142539
0.0151094
0.0158693
0.0165327
0.0170992
0.0175688
0.0179419
0.0182194
0.0184024
0.0184924
0.0184912
0.018401
0.0182246
0.0179649
0.0176254
0.0172095
0.0167209
0.0161632
0.0155402
0.0148558
0.0141141
0.0133194
0.0124763
0.0115891
0.0106621
0.00969924
0.00870472
0.00768267
0.00663741
0.00557339
0.00449509
0.00340687
0.00231287
0.00121702
0.00012309
-0.000965254
-0.00204437
-0.00311071
-0.00416087
-0.00519166
-0.00620015
-0.00718361
-0.00813947
-0.00906523
-0.00995851
-0.0108171
-0.0116389
-0.0124222
-0.0131653
-0.0138669
-0.0145254
-0.0151397
-0.0157086
-0.0162314
-0.0167074
-0.017136
-0.0175169
-0.0178495
-0.0181335
-0.0183688
-0.0185554
-0.0186936
-0.0187841
-0.0188276
-0.0188247
-0.018776
-0.0186821
-0.0185437
-0.0183618
-0.0181377
-0.0178727
-0.0175682
-0.0172257
-0.0168466
-0.0164324
-0.0159849
-0.0155061
-0.0149981
-0.0144629
-0.0139025
-0.0133188
-0.0127139
-0.0120898
-0.011449
-0.0107938
-0.0101269
-0.0094507
-0.00876749
-0.00807963
-0.0073895
-0.00669953
-0.00601214
-0.00532971
-0.00465451
-0.00398872
-0.00333444
-0.00269381
-0.00206892
-0.00146182
-0.000874391
-0.000308307
0.000234911
0.000753833
0.00124704
0.00171311
0.00215068
0.00255849
0.00293554
0.00328101
0.00359424
0.00387467
0.00412183
0.00433536
0.00451509
0.00466112
0.00477375
0.00485343
0.00490067
0.00491595
0.00489983
0.00485301
0.00477642
0.00467122
0.00453875
0.00438041
0.00419756
0.00399149
0.00376356
0.00351521
0.00324809
0.00296402
0.00266485
0.00235244
0.00202852
0.00169476
0.00135278
0.00100427
0.000650997
0.000294759
-6.26665e-05
-0.000419609
-0.000774535
-0.00112603
-0.00147273
-0.00181332
-0.00214649
-0.00247098
-0.00278565
-0.0030895
-0.00338169
-0.00366147
-0.00392814
-0.00418099
-0.00441936
-0.00464266
-0.00485046
-0.00504255
-0.00521895
-0.00537982
-0.00552536
-0.00565573
-0.00577104
-0.0058714
-0.00595703
-0.0060283
-0.00608576
-0.00613009
-0.00616201
-0.0061822
-0.00619127
-0.00618984
-0.00617856
-0.00615967
-0.00614915
-0.00615139
-0.00616659
-0.00619474
-0.00623569
-0.00628919
-0.00635496
-0.00643268
-0.00652191
-0.00662202
-0.00673223
-0.00685159
-0.00697918
-0.0071141
-0.00725555
-0.00740274
-0.00755473
-0.00771039
-0.00786834
-0.00802712
-0.00818528
-0.00834148
-0.00849444
-0.00864281
-0.00878504
-0.00891932
-0.00904357
-0.00915559
-0.00925308
-0.00933365
-0.00939477
-0.00943362
-0.00944723
-0.00943258
-0.00938677
-0.00930714
-0.00919115
-0.00903623
-0.0088395
-0.0085978
-0.00830783
-0.00796645
-0.00757095
-0.00711913
-0.00660917
-0.00603943
-0.00540833
-0.00471444
-0.00395668
-0.00313466
-0.00224871
-0.00129988
-0.000289782
0.000779419
0.00190484
0.00308302
0.0043099
0.00558083
0.00689082
0.0082347
0.00960719
0.0110027
0.0124148
0.0138364
0.0152589
0.0166732
0.0180697
0.019439
0.020772
0.0220601
0.0232948
0.0244678
0.0255705
0.0265945
0.0275313
0.0283728
0.0291115
0.02974
0.0302518
0.0306416
0.030905
0.0310391
0.031041
0.0309085
0.0306396
0.0302325
0.0296865
0.0290017
0.0281798
0.0272261
0.0261557
0.0249745
0.0236861
0.0222944
0.0208035
0.0192183
0.0175444
0.0157889
0.0139591
0.0120627
0.0101073
0.00809928
0.00604676
0.00395723
0.00183876
-0.000300083
-0.00245137
-0.00460494
-0.00675175
-0.00888289
-0.0109896
-0.0130647
-0.0150983
-0.017082
-0.0190081
-0.0208689
-0.0226592
-0.0243707
-0.0259971
-0.0275321
-0.0289697
-0.0303055
-0.0315327
-0.0326465
-0.033643
-0.0345191
-0.0352733
-0.035902
-0.0364029
-0.0367742
-0.0370145
-0.037124
-0.0371024
-0.0369511
-0.0366723
-0.0362689
-0.035744
-0.0351014
-0.0343453
-0.0334797
-0.0325091
-0.0314361
-0.0302664
-0.0290025
-0.0276496
-0.0262141
-0.0246999
-0.0231176
-0.0214747
-0.0197782
-0.0180348
-0.0162456
-0.0144217
-0.0125697
-0.0106968
-0.00881064
-0.0069123
-0.00501461
-0.0031232
-0.001243
0.000621162
0.00247107
0.00429372
0.00608287
0.00783263
0.00953812
0.0112027
0.0128167
0.0143781
0.0158844
0.0173331
0.018727
0.0200576
0.0213228
0.0225217
0.0236543
0.0247244
0.0257298
0.0266718
0.0275515
0.0283703
0.0291288
0.0298289
0.0304718
0.0310589
0.0315919
0.0320676
0.0324943
0.0328749
0.0332126
0.0335095
0.0337564
0.0339661
0.0341401
0.0342805
0.0343899
0.0344544
0.0344933
0.0345084
0.0345009
0.0344707
0.0343967
0.0342998
0.0341803
0.034039
0.0338766
0.0336705
0.0334438
0.0331951
0.0329224
0.0326228
0.0322713
0.0318877
0.0314702
0.0310167
0.0305252
0.0299751
0.0293812
0.0287397
0.0280467
0.0272985
0.0264817
0.025603
0.0246596
0.0236491
0.0225689
0.021419
0.0201955
0.0188967
0.0175208
0.0160659
0.0145463
0.0129445
0.0112604
0.00949519
0.00765155
0.00576417
0.00380552
0.00177904
-0.000312024
-0.00246403
-0.00462761
-0.00684138
-0.00909791
-0.0113888
-0.0137053
-0.0159842
-0.0182706
-0.0205548
-0.0228259
-0.025072
-0.0272228
-0.0293239
-0.031363
-0.0333276
-0.0352042
-0.0369248
-0.0385285
-0.0400006
-0.0413272
-0.0424954
-0.0434522
-0.0442268
-0.0448071
-0.0451806
-0.0453347
-0.0452379
-0.0449006
-0.0443147
-0.0434731
-0.0423691
-0.0410038
-0.0393642
-0.0374461
-0.0352476
-0.0327687
-0.0300492
-0.027054
-0.0237868
-0.0202526
-0.0164583
-0.0124813
-0.0082651
-0.00382323
0.000829484
0.00567761
0.0106119
0.0157083
0.0209475
0.0263076
0.0317648
0.0371855
0.0426525
0.0481405
0.0536239
0.0590765
0.0643612
0.06956
0.0746445
0.0795861
0.0843565
0.0888319
0.0930816
0.0970793
0.100799
0.104214
0.107234
0.109903
0.112198
0.114101
0.115592
0.116631
0.117228
0.11737
0.117046
0.116247
0.114993
0.113254
0.111031
0.108325
0.105141
0.101563
0.097524
0.0930341
0.0881081
0.0827639
0.0771469
0.0711565
0.0648181
0.0581587
0.0512068
0.0441503
0.0368645
0.029385
0.0217505
0.0140012
0.00634953
-0.00133499
-0.00901164
-0.016639
-0.0241745
-0.0314131
-0.0384728
-0.0453105
-0.051884
-0.0581524
-0.0639485
-0.0693626
-0.0743581
-0.0789
-0.0829551
-0.0864195
-0.0893375
-0.0916834
-0.0934344
-0.094571
-0.095075
-0.0949366
-0.0941471
-0.0927015
-0.0905977
-0.0879109
-0.0845726
-0.0805922
-0.0759839
-0.0707662
-0.0651057
-0.0588819
-0.0521218
-0.044856
-0.0371187
-0.0291488
-0.0207881
-0.0120815
-0.00307522
0.00618315
0.0154149
0.0247996
0.034284
0.0438118
0.0533251
0.0625375
0.0716213
0.0805224
0.0891872
0.0975623
0.105401
0.112845
0.119843
0.126347
0.132315
0.137575
0.142217
0.146206
0.149508
0.152092
0.153894
0.154933
0.155194
0.154666
0.153341
0.151276
0.148411
0.144754
0.140315
0.135115
0.129329
0.122828
0.115639
0.107796
0.0993343
0.0905314
0.0811978
0.0713822
0.0611358
0.0505124
0.0398524
0.0289295
0.0178046
0.00654166
-0.00479374
-0.0158396
-0.0268269
-0.0376909
-0.0483666
-0.0587892
-0.0686289
-0.0780896
-0.0871115
-0.0956373
-0.103611
-0.110783
-0.1173
-0.123114
-0.12818
-0.132461
-0.135826
-0.138341
-0.139983
-0.140732
-0.14057
-0.139506
-0.137516
-0.134599
-0.130762
-0.126016
-0.120516
-0.114145
-0.106928
-0.0988978
-0.0900892
-0.0807829
-0.0707837
-0.0601398
-0.0489034
-0.0371308
-0.0251934
-0.0128424
-0.000142778
0.0128384
0.0260327
0.0390292
0.052099
0.0651709
0.0781727
0.0910316
0.10335
0.115384
0.127065
0.138326
0.149102
0.159065
0.16842
0.177111
0.185085
0.192296
0.198529
0.203912
0.208411
0.211996
0.214642
0.216283
0.216953
0.216646
0.215357
0.213087
0.209921
0.205792
0.20072
0.194729
0.18785
0.180313
0.17196
0.162836
0.152987
0.142464
0.131608
0.120192
0.108279
0.0959315
0.0832156
0.0705313
0.0576171
0.0445447
0.0313866
0.0182149
0.00543554
-0.00721825
-0.0196791
-0.03188
-0.0437543
-0.0549434
-0.0656794
-0.0759041
-0.0855634
-0.0946067
-0.102774
-0.110236
-0.116953
-0.122889
-0.128016
-0.1322
-0.135528
-0.137985
-0.139561
-0.140249
-0.140062
-0.138989
-0.137041
-0.13423
-0.130577
-0.126231
-0.121093
-0.115196
-0.108575
-0.10127
-0.0935442
-0.0852237
-0.0763576
-0.0669976
-0.0571982
-0.0472963
-0.037071
-0.026583
-0.0158944
-0.00506836
0.00553289
0.0161473
0.026714
0.0371722
0.0474619
0.0572466
0.0667473
0.0759105
0.0846852
0.0930235
0.100662
0.107778
0.11433
0.120285
0.125608
0.130144
0.133998
0.137152
0.139592
0.141305
0.142258
0.142472
0.141952
0.140701
0.138731
0.136131
0.132843
0.128886
0.124284
0.119067
0.113431
0.107248
0.100558
0.0934004
0.0858193
0.078088
0.0700227
0.0616718
0.0530859
0.0443173
0.0356787
0.0269608
0.018214
0.00948831
0.000833924
-0.00744464
-0.0155526
-0.0234421
-0.0310675
-0.0383853
-0.0451412
-0.0515115
-0.0574615
-0.0629586
-0.0679724
-0.07233
-0.0761523
-0.079418
-0.0821085
-0.0842093
-0.0856502
-0.0864842
-0.0867083
-0.0863225
-0.0853292
-0.0837654
-0.0816075
-0.0788685
-0.0755662
-0.0717225
-0.0674783
-0.0627423
-0.0575399
-0.0518977
-0.0458446
-0.0395966
-0.0330076
-0.0261171
-0.0189659
-0.0115935
-0.00426131
0.00321697
0.010803
0.0184553
0.0261294
0.0335465
0.0408965
0.0481388
0.0552366
0.062155
0.0686466
0.0748903
0.0808515
0.0864966
0.0917948
0.0965517
0.100912
0.104856
0.108366
0.111397
0.11379
0.115633
0.116916
0.117633
0.117784
0.117345
0.116353
0.11482
0.112764
0.110207
0.107217
0.10378
0.0999245
0.0956856
0.0910985
0.0863005
0.0812325
0.0759376
0.0704598
0.0648427
0.0592604
0.0536184
0.0479563
0.0423127
0.0367257
0.0313724
0.0261422
0.0210673
0.0161772
0.0114985
0.00718196
0.00311323
-0.00069188
-0.00422031
-0.00746154
-0.0103061
-0.0128556
-0.0151079
-0.0170636
-0.0187269
-0.0200357
-0.0210719
-0.0218464
-0.0223711
-0.0226596
-0.0226895
-0.0225175
-0.0221616
-0.0216409
-0.0209748
-0.0201703
-0.0192595
-0.0182608
-0.0171922
-0.0160713
-0.0149186
-0.0137469
-0.0125714
-0.0114059
-0.0102629
-0.00916361
-0.00810571
-0.00709748
-0.00614593
-0.0052568
-0.00444553
-0.00370234
-0.00302905
-0.00242625
-0.00189343
-0.00143736
-0.00104576
-0.000715731
-0.000443769
-0.000225825
-6.19307e-05
5.8726e-05
0.000141222
0.000190827
0.0002129
0.000211127
0.000193217
0.000164119
0.000128569
9.10489e-05
5.55391e-05
2.63484e-05
6.84187e-06
0
0
0
0
0
0
0
0
0
0
0
0
0
0
0
0
0
0
0
0
0
0
0
0
0
0
0
0
0
0
0
0
0
0
0
0
0
0
0
0
0
0
0
0
0
0
0
0
0
0
0
0
0
0
0
0
0
0
0
0
0
0
0
0
0
-0
-0
-0
-0
-0
-0
-0
-0
-0
-0
-0
-0
-0
-0
-0
-0
-0
-0
-0
-0
-0
-0
-0
-0
-0
-0
-0
-0
-0
-0
-0
-0
-0
-0
-0
0
0
0
0
0
0
0
0
0
0
0
0
0
0
0
0
0
0
0
0
0
0
0
0
0
0
0
0
0
0
0
0
0
0
0
0
0
0
0
0
0
0
0
0
0
0
0
0
0
0
0
0
0
0
0
-0
-0
-0
-0
-0
-0
-0
-0
-0
-0
-0
-0
-0
-0
-0
-0
-0
-0
-0
-0
-0
-0
-0
-0
-0
-0
-0
-0
-0
-0
-0
-0
-0
-0
-0
-0
0
0
0
0
0
0
0
0
0
0
0
0
0
0
0
0
0
0
0
0
0
0
0
0
0
0
0
0
0
0
0
0
0
0
0
0
0
0
0
0
0
0
0
0
0
