0
0
0
0
0
0
-0
-0
-0
-0
-0
-0
-0
-0
-0
-0
-0
-0
-0
-0
-0
-0
-0
-0
-0
-0
-0
0
0
0
0
0
0
0
0
0
0
0
0
0
0
0
0
0
0
0
0
0
0
0
0
0
0
0
0
0
0
0
0
0
0
0
0
0
0
0
0
0
0
0
-0
-0
-0
-0
-0
-0
-0
-0
-0
-0
-0
-0
-0
-0
-0
-0
-0
-0
-0
-0
-0
-0
-0
-0
-0
-0
-0
-0
-0
-0
-0
-0
-0
-0
-0
-0
-0
-0
0
0
0
0
0
1.36384e-06
9.38759e-06
2.7094e-05
5.71632e-05
0.000102076
0.000164058
0.000245037
0.000346591
0.000469913
0.000615784
0.000784542
0.000976063
0.00118975
0.00142451
0.00167877
0.00195045
0.00223702
0.00253545
0.00284234
0.00315388
0.0034659
0.00377399
0.00407344
0.00435935
0.0046267
0.00487032
0.0050851
0.00526598
0.00540805
0.00550666
0.00555742
0.00555625
0.00549947
0.00538378
0.00520641
0.00496512
0.00465828
0.00428486
0.00384448
0.00333741
0.00276461
0.00212777
0.00142936
0.00067258
-0.000138628
-0.000999696
-0.00190545
-0.00285017
-0.00382753
-0.0048307
-0.00585229
-0.00688455
-0.00791941
-0.00894864
-0.00996388
-0.0109567
-0.0119188
-0.0128416
-0.0137168
-0.0145366
-0.0152931
-0.0159794
-0.0165886
-0.0171146
-0.0175518
-0.0178951
-0.0181402
-0.0182836
-0.0183224
-0.018255
-0.0180803
-0.0177981
-0.0174092
-0.0169154
-0.0163193
-0.0156244
-0.0148353
-0.0139568
-0.0129946
-0.0119546
-0.0108434
-0.00966817
-0.00843655
-0.00715676
-0.00583745
-0.0044876
-0.00311636
-0.00173293
-0.000346472
0.00103399
0.00240013
0.00374574
0.00506512
0.00635279
0.00760359
0.00881262
0.00997528
0.0110873
0.0121445
0.0131434
0.0140807
0.0149533
0.015759
0.0164956
0.0171615
0.0177555
0.0182766
0.0187242
0.019098
0.019398
0.0196249
0.0197795
0.019863
0.019877
0.0198231
0.0197034
0.01952
0.0192754
0.0189727
0.018615
0.0182058
0.0177486
0.0172472
0.0167052
0.0161267
0.0155156
0.0148759
0.0142117
0.0135269
0.012825
0.0121097
0.0113842
0.0106517
0.00991525
0.0091774
0.00844046
0.0077064
0.00697692
0.00625354
0.00553759
0.00483017
0.00413208
0.00344375
0.0027653
0.00209662
0.0014375
0.000787624
0.000146551
-0.000486385
-0.00111212
-0.00173182
-0.00234672
-0.00295801
-0.00356669
-0.00417364
-0.00477965
-0.00538556
-0.00599224
-0.00660051
-0.00721105
-0.00782431
-0.0084405
-0.00905971
-0.00968194
-0.0103071
-0.010935
-0.011565
-0.0121961
-0.012827
-0.013456
-0.0140814
-0.0147014
-0.015314
-0.0159169
-0.0165077
-0.0170835
-0.017641
-0.0181769
-0.0186878
-0.0191701
-0.0196202
-0.0200342
-0.0204081
-0.020738
-0.0210199
-0.0212499
-0.0214243
-0.0215393
-0.0215914
-0.0215768
-0.0214922
-0.0213345
-0.0211011
-0.0207894
-0.0203971
-0.0199223
-0.0193628
-0.0187171
-0.0179844
-0.0171642
-0.0162569
-0.0152632
-0.0141842
-0.0130212
-0.0117758
-0.0104502
-0.00904746
-0.00757101
-0.0060251
-0.0044144
-0.00274388
-0.00101889
0.000754803
0.00257086
0.00442232
0.00630167
0.00820093
0.0101119
0.012026
0.0139347
0.0158289
0.0176997
0.0195375
0.0213327
0.0230757
0.0247571
0.0263672
0.027897
0.0293373
0.0306791
0.0319136
0.0330322
0.0340266
0.034889
0.0356121
0.0361891
0.0366141
0.0368819
0.0369877
0.0369276
0.0366983
0.0362971
0.0357222
0.0349726
0.0340483
0.0329501
0.0316795
0.0302392
0.0286324
0.026863
0.0249358
0.0228565
0.0206318
0.0182689
0.0157762
0.0131626
0.0104378
0.00761219
0.00469657
0.00170252
-0.00135782
-0.00447167
-0.00762571
-0.0108061
-0.0139987
-0.0171892
-0.0203631
-0.0235058
-0.0266028
-0.0296393
-0.0326006
-0.035472
-0.0382391
-0.0408882
-0.0434057
-0.0457788
-0.0479952
-0.0500431
-0.0519113
-0.053589
-0.0550664
-0.0563348
-0.0573864
-0.0582146
-0.0588139
-0.0591796
-0.0593082
-0.0591972
-0.0588453
-0.0582521
-0.0574188
-0.0563475
-0.0550417
-0.0535059
-0.0517459
-0.0497688
-0.0475826
-0.0451963
-0.0426201
-0.0398652
-0.0369435
-0.0338683
-0.0306535
-0.0273139
-0.0238648
-0.0203222
-0.0167025
-0.0130225
-0.00929982
-0.00555209
-0.00179739
0.00194625
0.0056609
0.0093288
0.0129324
0.0164541
0.0198766
0.023183
0.0263568
0.0293821
0.0322443
0.0349291
0.0374235
0.0397147
0.0417911
0.0436419
0.0452575
0.0466297
0.0477516
0.0486177
0.0492233
0.0495652
0.0496412
0.0494504
0.0489934
0.0482726
0.0472914
0.0460546
0.0445682
0.0428394
0.0408763
0.0386883
0.0362862
0.0336818
0.0308881
0.027919
0.0247891
0.021514
0.0181096
0.0145927
0.0109807
0.00729122
0.0035426
-0.000246742
-0.00405813
-0.00787273
-0.0116717
-0.0154362
-0.0191479
-0.0227885
-0.0263405
-0.0297871
-0.0331118
-0.0362989
-0.0393334
-0.0422008
-0.0448875
-0.0473809
-0.049669
-0.0517414
-0.0535886
-0.0552027
-0.056577
-0.0577063
-0.0585867
-0.0592156
-0.0595916
-0.0597146
-0.059586
-0.0592083
-0.0585856
-0.0577233
-0.0566277
-0.0553067
-0.0537687
-0.0520235
-0.0500815
-0.0479542
-0.0456539
-0.0431936
-0.0405874
-0.0378495
-0.0349952
-0.0320399
-0.0289994
-0.0258902
-0.0227285
-0.019531
-0.016314
-0.0130938
-0.00988646
-0.00670786
-0.0035736
-0.000499015
0.00250099
0.00541208
0.00822068
0.010914
0.0134801
0.015908
0.0181872
0.0203082
0.0222625
0.0240425
0.0256414
0.027054
0.0282759
0.0293037
0.0301352
0.0307691
0.0312053
0.0314447
0.031489
0.0313412
0.0310048
0.0304844
0.0297856
0.0289145
0.0278784
0.0266851
0.0253432
0.0238614
0.0222495
0.0205173
0.0186755
0.0167352
0.0147079
0.0126055
0.0104397
0.00822226
0.00596494
0.00367941
0.00137745
-0.000929129
-0.00322859
-0.00550946
-0.0077607
-0.00997179
-0.0121327
-0.014234
-0.0162664
-0.0182215
-0.0200909
-0.0218673
-0.0235436
-0.0251137
-0.0265721
-0.027914
-0.0291351
-0.0302322
-0.0312026
-0.0320443
-0.0327559
-0.0333367
-0.0337864
-0.0341056
-0.0342955
-0.0343582
-0.0342963
-0.034113
-0.033812
-0.0333973
-0.0328732
-0.0322447
-0.0315171
-0.0306961
-0.029788
-0.0287991
-0.0277361
-0.0266055
-0.0254145
-0.0241702
-0.0228798
-0.0215506
-0.0201896
-0.0188038
-0.0174001
-0.0159855
-0.0145668
-0.0131508
-0.0117442
-0.0103534
-0.00898422
-0.00764233
-0.00633304
-0.00506146
-0.0038325
-0.00265075
-0.00152042
-0.000445243
0.000571446
0.00152669
0.00241784
0.00324259
0.00399899
0.00468552
0.00530107
0.00584493
0.0063167
0.00671629
0.00704391
0.00730016
0.00748602
0.00760282
0.00765216
0.00763578
0.00755556
0.00741356
0.00721211
0.0069539
0.00664188
0.00627924
0.00586918
0.00541489
0.00491952
0.0043863
0.00381857
0.00321982
0.00259358
0.0019434
0.00127274
0.000584989
-0.000116444
-0.000828159
-0.00154679
-0.00226913
-0.00299215
-0.00371308
-0.0044292
-0.0051378
-0.00583605
-0.00652112
-0.00719032
-0.00784132
-0.00847214
-0.00908111
-0.00966661
-0.010227
-0.0107603
-0.0112649
-0.011739
-0.0121816
-0.0125917
-0.0129686
-0.0133118
-0.0136205
-0.0138942
-0.0141322
-0.0143344
-0.0145008
-0.0146315
-0.0147269
-0.0147871
-0.0148123
-0.0148026
-0.0147586
-0.014681
-0.0145707
-0.0144288
-0.0142564
-0.0140545
-0.013824
-0.0135663
-0.0132827
-0.0129747
-0.0126438
-0.0122917
-0.0119199
-0.0115301
-0.0111239
-0.0107031
-0.0102694
-0.00982456
-0.0093704
-0.00890874
-0.00844145
-0.00797041
-0.0074975
-0.00702448
-0.00655302
-0.00608472
-0.00562117
-0.00516403
-0.00471498
-0.00427568
-0.00384765
-0.00343221
-0.00303054
-0.00264376
-0.002273
-0.00191942
-0.00158412
-0.001268
-0.000971736
-0.000695753
-0.000440394
-0.000206014
6.97204e-06
0.000198155
0.000367244
0.000514156
0.000639008
0.000742035
0.000823475
0.000883535
0.000922433
0.000940495
0.000938225
0.000916301
0.000875485
0.000816542
0.000740211
0.000647257
0.000538562
0.000415165
0.00027821
0.000128833
-3.19411e-05
-0.000203202
-0.000384044
-0.000573417
-0.00077003
-0.000972392
-0.00117896
-0.00138833
-0.00159929
-0.00181078
-0.00202177
-0.0022311
-0.00243751
-0.00263966
-0.00283636
-0.00302661
-0.00320959
-0.00338452
-0.00355049
-0.00370502
-0.00384632
-0.00397339
-0.00408552
-0.00418228
-0.00426343
-0.00432878
-0.00437812
-0.00441127
-0.00442816
-0.00442895
-0.00441406
-0.00438407
-0.00433967
-0.00428161
-0.00421069
-0.00412783
-0.00403406
-0.00393055
-0.00381849
-0.00369903
-0.0035733
-0.00344237
-0.00330734
-0.00316938
-0.00302971
-0.00288959
-0.0027502
-0.00261264
-0.00247792
-0.00234692
-0.00222045
-0.00209924
-0.00198387
-0.00187484
-0.00177251
-0.00167715
-0.00158897
-0.00150806
-0.00143443
-0.00136796
-0.00130845
-0.0012556
-0.0012091
-0.00116857
-0.00113359
-0.00110365
-0.00107815
-0.00105641
-0.00103773
-0.00102143
-0.00100693
-0.00099365
-0.000981062
-0.000968603
-0.000955699
-0.000941792
-0.000926386
-0.000909087
-0.000889603
-0.000867732
-0.000843334
-0.00081632
-0.00078665
-0.000754352
-0.000719525
-0.00068234
-0.000643032
-0.000601889
-0.000559246
-0.000515488
-0.000471044
-0.00042638
-0.000381979
-0.000338324
-0.000295882
-0.0002551
-0.000216401
-0.000180176
-0.000146785
-0.00011653
-8.96544e-05
-6.63256e-05
-4.66354e-05
-3.05984e-05
-1.81512e-05
-9.14998e-06
-3.36773e-06
-4.92951e-07
-0
-0
-0
-0
-0
-0
-0
-0
-0
-0
0
0
0
0
0
0
0
0
0
0
0
0
0
0
0
0
0
0
0
0
0
0
0
0
0
0
0
0
0
0
0
0
0
0
0
0
0
0
0
0
0
0
0
0
0
0
0
0
0
0
0
-0
-0
-0
-0
-0
-0
-0
-0
-0
-0
-0
-0
-0
-0
-0
-0
-0
-0
-0
-0
-0
-0
-0
-0
-0
-0
-0
-0
-0
-0
-0
-0
-0
-0
-0
-0
-0
-0
-0
-0
0
0
4.80682e-06
4.40231e-05
0.000147256
0.000342866
0.000658309
0.00111969
0.00175131
0.00257525
0.00361091
0.00487473
0.00637992
0.00813623
0.0101498
0.0124228
0.0149537
0.0177365
0.0207613
0.0240142
0.0274771
0.0311281
0.0349416
0.0388888
0.0429377
0.047054
0.0512006
0.0553386
0.059427
0.0634233
0.0672843
0.0709666
0.0744278
0.0776265
0.0805228
0.0830784
0.0852569
0.0870254
0.0883549
0.0892203
0.0896012
0.0894807
0.0888457
0.0876869
0.0859998
0.0837852
0.0810505
0.0778098
0.0740828
0.0698938
0.0652714
0.0602479
0.0548603
0.0491501
0.0431637
0.0369515
0.0305673
0.0240668
0.0175067
0.0109446
0.00443795
-0.0019555
-0.00817828
-0.0141725
-0.0198802
-0.0252445
-0.0302102
-0.0347274
-0.0387512
-0.0422422
-0.0451651
-0.047487
-0.0491788
-0.0502136
-0.0505704
-0.0502362
-0.0492058
-0.0474835
-0.0450771
-0.0419973
-0.0382567
-0.033871
-0.0288641
-0.0232669
-0.0171179
-0.0104594
-0.0033352
0.0042104
0.0121317
0.0203789
0.0288968
0.0376251
0.0465117
0.0555269
0.0646354
0.0738047
0.0830006
0.092189
0.10133
0.110383
0.119308
0.12807
0.136641
0.144995
0.153103
0.160937
0.168462
0.175659
0.182505
0.188987
0.195089
0.20079
0.206079
0.210938
0.215355
0.219327
0.22285
0.225941
0.22861
0.230861
0.232698
0.234111
0.235115
0.235718
0.235938
0.235797
0.235309
0.234502
0.233396
0.232007
0.230353
0.228447
0.226312
0.22397
0.221442
0.218753
0.215926
0.212989
0.209967
0.20688
0.203745
0.200581
0.197395
0.194203
0.19102
0.187863
0.184763
0.181719
0.178743
0.175842
0.173022
0.170307
0.16768
0.165142
0.162696
0.160342
0.15811
0.155973
0.15393
0.151976
0.150102
0.148332
0.146624
0.14497
0.143368
0.141815
0.140339
0.138898
0.137481
0.136081
0.134696
0.133362
0.132052
0.13077
0.129513
0.128277
0.127078
0.125891
0.12472
0.123576
0.122469
0.121415
0.120412
0.119464
0.118575
0.117754
0.117
0.116346
0.115808
0.115396
0.115119
0.11494
0.114917
0.115064
0.115399
0.115934
0.116608
0.1175
0.118615
0.119964
0.121556
0.123305
0.12532
0.127605
0.13016
0.132983
0.135955
0.139188
0.142678
0.146416
0.15039
0.154465
0.158741
0.163199
0.16782
0.172582
0.177357
0.182218
0.18713
0.192058
0.19697
0.201763
0.206474
0.211068
0.215501
0.219728
0.223687
0.227351
0.230682
0.233646
0.236208
0.238384
0.240082
0.241263
0.241894
0.241945
0.241522
0.240479
0.238796
0.236453
0.233433
0.229925
0.225725
0.220837
0.215272
0.209045
0.202432
0.195193
0.187349
0.178931
0.169975
0.160819
0.151213
0.141206
0.130849
0.1202
0.109611
0.0988544
0.0879934
0.0770946
0.0662256
0.0557058
0.0453584
0.0352602
0.0254896
0.0161242
0.00739984
-0.000776432
-0.00833799
-0.0152183
-0.0213501
-0.0266305
-0.0310335
-0.0345028
-0.036988
-0.0384436
-0.0389424
-0.0383289
-0.036567
-0.0336282
-0.0294941
-0.0244321
-0.0181681
-0.0107078
-0.0020607
0.00775992
0.0183126
0.0299862
0.0427363
0.0565068
0.0712346
0.0863243
0.102238
0.118906
0.136249
0.154182
0.172028
0.190266
0.208792
0.227498
0.246276
0.264451
0.282461
0.300178
0.317473
0.33422
0.349844
0.364689
0.37865
0.391621
0.403496
0.413883
0.42296
0.430628
0.436797
0.441387
0.444276
0.445454
0.444867
0.44247
0.438227
0.432326
0.424539
0.414862
0.4033
0.389869
0.37507
0.35847
0.340121
0.320087
0.298439
0.275953
0.252027
0.226761
0.200269
0.172674
0.144945
0.116378
0.0871128
0.0572943
0.0270732
-0.00250663
-0.0321718
-0.0617577
-0.0910971
-0.120021
-0.147541
-0.174314
-0.200178
-0.224972
-0.248541
-0.270091
-0.290123
-0.308503
-0.325102
-0.339797
-0.352103
-0.362289
-0.370265
-0.375955
-0.37929
-0.380182
-0.378617
-0.37456
-0.367987
-0.358892
-0.347607
-0.333834
-0.317614
-0.298997
-0.278047
-0.255493
-0.230762
-0.203952
-0.175176
-0.144562
-0.11317
-0.080227
-0.0458898
-0.0103249
0.0262923
0.0627021
0.0997975
0.137391
0.175292
0.213304
0.250128
0.286666
0.322716
0.358076
0.392548
0.424952
0.456092
0.485789
0.513869
0.54016
0.563752
0.58524
0.604487
0.621372
0.635786
0.647223
0.656007
0.662062
0.665325
0.665748
0.663284
0.657939
0.649717
0.638638
0.624737
0.608443
0.589433
0.567784
0.543588
0.516949
0.488722
0.458299
0.425817
0.391422
0.355273
0.318535
0.280388
0.241016
0.200614
0.159381
0.118657
0.0775039
0.0361215
-0.00528988
-0.0465286
-0.0862523
-0.125401
-0.163776
-0.201181
-0.237429
-0.271335
-0.303738
-0.334483
-0.363422
-0.390415
-0.414572
-0.436529
-0.456176
-0.473418
-0.488173
-0.499953
-0.509128
-0.515657
-0.51951
-0.520672
-0.519085
-0.514812
-0.507877
-0.498319
-0.486187
-0.471857
-0.455092
-0.435979
-0.414619
-0.39112
-0.36622
-0.339426
-0.31087
-0.280691
-0.249036
-0.216898
-0.183592
-0.149275
-0.114113
-0.0782709
-0.0428742
-0.00713141
0.0287945
0.0647427
0.100555
0.135119
0.169237
0.202756
0.235526
0.267402
0.297399
0.326241
0.353813
0.380009
0.404729
0.427222
0.448053
0.467143
0.484424
0.499842
0.51295
0.524121
0.533333
0.540569
0.545821
0.548952
0.550114
0.54933
0.546635
0.542068
0.535794
0.527752
0.518003
0.506623
0.493693
0.479626
0.464189
0.447471
0.429568
0.410579
0.391082
0.370715
0.349593
0.32783
0.305538
0.283372
0.260887
0.238188
0.215379
0.192566
0.170405
0.148439
0.126761
0.105455
0.0846029
0.0647825
0.0455655
0.0270183
0.00919938
-0.00784148
-0.0236551
-0.0386141
-0.0526878
-0.0658493
-0.0780762
-0.0890573
-0.0990797
-0.108143
-0.116256
-0.12343
-0.129499
-0.134666
-0.138956
-0.142392
-0.145003
-0.146728
-0.14769
-0.147925
-0.147474
-0.146385
-0.144686
-0.142447
-0.139713
-0.136527
-0.132931
-0.128985
-0.124717
-0.120176
-0.115412
-0.110469
-0.105416
-0.100247
-0.0949837
-0.0896484
-0.0842675
-0.0789081
-0.0735632
-0.0682589
-0.0630141
-0.0578405
-0.052785
-0.0478144
-0.0429352
-0.0381531
-0.0334701
-0.0289361
-0.0244886
-0.0201155
-0.015804
-0.0115432
-0.00741078
-0.00331076
0.000768778
0.00484361
0.00893213
0.0129102
0.016936
0.0210232
0.0251841
0.0294326
0.0335689
0.0378273
0.0422256
0.0467793
0.0515003
0.0561009
0.0608879
0.0658708
0.0710585
0.0764565
0.0816936
0.0871334
0.0927616
0.0985594
0.104506
0.110164
0.115932
0.12179
0.127715
0.133677
0.139222
0.144737
0.150187
0.155534
0.160738
0.165384
0.169807
0.173968
0.177824
0.181333
0.184178
0.186595
0.188547
0.190001
0.190927
0.191185
0.190872
0.189974
0.188476
0.186369
0.183719
0.180449
0.176557
0.172046
0.166921
0.161468
0.155416
0.148775
0.141556
0.133776
0.125927
0.117554
0.10868
0.0993324
0.0895424
0.0799731
0.0700393
0.0597609
0.0491861
0.0383785
0.0281075
0.0177222
0.00728324
-0.00314494
-0.013494
-0.0229995
-0.0322954
-0.041317
-0.0500014
-0.0582887
-0.0655356
-0.0722881
-0.0785026
-0.084143
-0.0891813
-0.0931946
-0.0965801
-0.099325
-0.101417
-0.102847
-0.103433
-0.103364
-0.102654
-0.101329
-0.0994205
-0.0970094
-0.0940785
-0.0906606
-0.0867908
-0.0825082
-0.0780907
-0.0733425
-0.0683148
-0.0630595
-0.0576279
-0.0524202
-0.0471136
-0.0417556
-0.0363939
-0.0310754
-0.0262344
-0.0214953
-0.0168948
-0.0124663
-0.00824004
-0.004601
-0.00118539
0.00198711
0.00490023
0.0075412
0.00962292
0.0114444
0.0130024
0.0142965
0.0153291
0.0159278
0.0163013
0.0164617
0.0164232
0.0162017
0.0157267
0.0151163
0.0143887
0.0135629
0.0126583
0.0116716
0.010649
0.00960908
0.00856945
0.00754676
0.00656521
0.00562728
0.00474495
0.00392825
0.00318511
0.00253544
0.0019636
0.00147173
0.00105987
0.000725997
0.000472367
0.000282475
0.000149597
6.53814e-05
2.00072e-05
2.47864e-06
0
0
-0
-0
-0
-0
-0
-0
-0
-0
-0
-0
-0
-0
-0
-0
-0
-0
-0
-0
-0
-0
-0
-0
-0
-0
-0
-0
-0
-0
-0
-0
-0
-0
-0
-0
-0
-0
-0
-0
-0
-0
-0
-0
-0
0
0
0
0
0
0
0
0
0
0
0
0
0
0
0
0
0
0
0
0
0
0
0
0
0
0
0
0
0
0
0
0
0
0
0
0
0
0
0
0
0
0
0
0
0
0
0
0
0
0
0
0
0
0
0
0
0
0
0
0
0
0
0
-0
-0
-0
-0
-0
