0
0
0
0
0
0
0
0
0
0
0
0
0
0
0
0
0
0
0
0
0
0
0
0
0
0
0
0
0
0
0
0
0
0
0
0
0
0
0
0
0
0
0
0
0
0
0
0
0
0
0
0
0
0
0
0
0
0
0
0
0
0
0
2.66346e-07
2.11023e-05
9.81941e-05
0.000261396
0.000537154
0.000948062
0.00151249
0.00224428
0.00315251
0.00424131
0.00550974
0.00695172
0.00855612
0.0103069
0.0121833
0.0141604
0.0162089
0.0182957
0.0203841
0.0224342
0.0244033
0.0262465
0.0279177
0.0293701
0.0305564
0.0314296
0.0319429
0.0320505
0.0317079
0.0308736
0.029509
0.02758
0.0250572
0.0219162
0.0181378
0.0137084
0.00861974
0.00286945
-0.00353894
-0.0105958
-0.0182853
-0.0265852
-0.0354674
-0.0448977
-0.0548369
-0.0652419
-0.0760659
-0.0872593
-0.0987697
-0.110542
-0.122518
-0.134636
-0.146834
-0.159048
-0.171212
-0.183263
-0.195137
-0.206769
-0.218098
-0.229062
-0.2396
-0.249653
-0.259165
-0.268077
-0.276334
-0.283879
-0.290657
-0.296618
-0.301714
-0.305902
-0.309144
-0.311404
-0.312647
-0.312844
-0.311965
-0.309989
-0.306898
-0.302684
-0.297343
-0.29088
-0.283306
-0.27464
-0.264907
-0.254139
-0.242373
-0.229652
-0.216022
-0.201532
-0.186239
-0.170204
-0.153499
-0.136251
-0.11853
-0.100379
-0.0818368
-0.062945
-0.0437461
-0.0242866
-0.00461696
0.0152083
0.0351314
0.0550921
0.0750271
0.0948702
0.114551
0.133997
0.153133
0.171882
0.190167
0.20791
0.225031
0.241448
0.25708
0.271844
0.28566
0.29845
0.310143
0.320668
0.329956
0.337939
0.344548
0.349721
0.353396
0.355522
0.356054
0.354954
0.352194
0.347748
0.341601
0.333746
0.324182
0.312919
0.299975
0.285375
0.269159
0.251374
0.232081
0.211354
0.189276
0.165942
0.141449
0.115901
0.0894083
0.0620876
0.0340648
0.00547484
-0.0235394
-0.0528299
-0.0822467
-0.11164
-0.140861
-0.16976
-0.198187
-0.225993
-0.253025
-0.279133
-0.30417
-0.32799
-0.350454
-0.371427
-0.390779
-0.408386
-0.424135
-0.437918
-0.449641
-0.459217
-0.46657
-0.471637
-0.474363
-0.474705
-0.472632
-0.468125
-0.461182
-0.45181
-0.440033
-0.42589
-0.409433
-0.390728
-0.369853
-0.3469
-0.321969
-0.295175
-0.266643
-0.23651
-0.204921
-0.172032
-0.138003
-0.103
-0.0671929
-0.0307567
0.00612907
0.0432796
0.080506
0.117618
0.154426
0.190744
0.226389
0.261185
0.294955
0.327528
0.358737
0.388419
0.416417
0.442585
0.466786
0.488895
0.508797
0.52639
0.541582
0.554294
0.564459
0.572022
0.576942
0.57919
0.578752
0.575628
0.56983
0.561386
0.550339
0.536742
0.520666
0.502193
0.481418
0.45845
0.433407
0.406421
0.377629
0.347181
0.315233
0.281949
0.247504
0.212079
0.175861
0.139041
0.10181
0.0643629
0.0268916
-0.0104106
-0.047351
-0.0837378
-0.119382
-0.1541
-0.187714
-0.220056
-0.250966
-0.280293
-0.307895
-0.333642
-0.357411
-0.379096
-0.398601
-0.415843
-0.430754
-0.443276
-0.453366
-0.460993
-0.466141
-0.468808
-0.469007
-0.466762
-0.462111
-0.4551
-0.445787
-0.434238
-0.420532
-0.404758
-0.387017
-0.367416
-0.34607
-0.323098
-0.298622
-0.272769
-0.245669
-0.217458
-0.188276
-0.158267
-0.127574
-0.096341
-0.0647085
-0.0328148
-0.000795531
0.0312158
0.0630883
0.094695
0.125913
0.156625
0.18672
0.216093
0.244645
0.272285
0.298926
0.324492
0.348909
0.372112
0.394042
0.414644
0.433873
0.451688
0.468059
0.482962
0.496384
0.508313
0.518747
0.527684
0.535128
0.541089
0.545582
0.548627
0.550252
0.550487
0.549368
0.546933
0.543226
0.538296
0.532193
0.524971
0.516685
0.507387
0.497132
0.485976
0.473976
0.461196
0.4477
0.433554
0.418821
0.403562
0.387838
0.371706
0.355225
0.338453
0.321451
0.304276
0.286984
0.269625
0.252248
0.234901
0.217631
0.200483
0.183503
0.166731
0.150206
0.133966
0.118045
0.10248
0.0873065
0.0725576
0.0582644
0.0444544
0.0311519
0.0183797
0.00616059
-0.0054823
-0.0165262
-0.0269499
-0.0367346
-0.0458636
-0.0543212
-0.0620914
-0.0691574
-0.0755026
-0.0811119
-0.0859732
-0.0900778
-0.0934189
-0.0959905
-0.0977859
-0.0987989
-0.0990251
-0.0984642
-0.0971213
-0.0950061
-0.0921305
-0.0885065
-0.0841451
-0.0790569
-0.0732544
-0.0667538
-0.059577
-0.0517499
-0.0433016
-0.0342624
-0.0246626
-0.0145334
-0.00390785
0.00717851
0.0186872
0.0305775
0.0428073
0.0553338
0.0681131
0.0811
0.0942473
0.107507
0.120831
0.134171
0.14748
0.16071
0.173814
0.186743
0.199446
0.211874
0.223979
0.235718
0.247049
0.257932
0.268326
0.278193
0.287491
0.296184
0.304239
0.311627
0.318323
0.324306
0.329556
0.334053
0.337781
0.340723
0.342871
0.344218
0.344764
0.344513
0.34347
0.341643
0.339045
0.335688
0.331595
0.326787
0.321294
0.315147
0.30838
0.301029
0.29313
0.284725
0.275857
0.266571
0.256918
0.246946
0.236707
0.226252
0.215633
0.2049
0.194105
0.183302
0.172542
0.161877
0.151359
0.141039
0.130965
0.121185
0.111743
0.10268
0.0940344
0.0858409
0.0781317
0.0709356
0.0642777
0.058179
0.0526567
0.0477235
0.0433891
0.0396597
0.0365391
0.0340281
0.0321238
0.0308197
0.0301047
0.029964
0.0303798
0.0313317
0.0327975
0.0347532
0.0371716
0.040023
0.0432742
0.0468901
0.0508345
0.0550713
0.0595651
0.0642804
0.0691812
0.0742298
0.0793869
0.0846124
0.0898667
0.0951118
0.100312
0.105435
0.11045
0.115327
0.120037
0.124552
0.128842
0.132884
0.136651
0.140123
0.143283
0.146117
0.148615
0.150768
0.152572
0.154022
0.155114
0.155847
0.156224
0.156249
0.155933
0.155289
0.154334
0.153085
0.15156
0.14978
0.147763
0.145534
0.143117
0.140537
0.137823
0.135003
0.132104
0.129156
0.126188
0.123231
0.120317
0.117474
0.114731
0.112115
0.109651
0.107365
0.10528
0.103423
0.101816
0.10048
0.0994309
0.0986845
0.0982529
0.0981474
0.0983786
0.0989556
0.0998846
0.101169
0.102807
0.104795
0.107126
0.109793
0.112785
0.116091
0.119696
0.123583
0.127732
0.132119
0.136721
0.141513
0.146467
0.151557
0.156751
0.162018
0.167326
0.17264
0.17793
0.183161
0.188303
0.193322
0.198187
0.202866
0.207327
0.211541
0.215478
0.21911
0.222409
0.225349
0.227903
0.230046
0.231757
0.233018
0.23381
0.234121
0.233938
0.23325
0.23205
0.230331
0.228093
0.225338
0.222069
0.218296
0.214027
0.209276
0.204057
0.198387
0.192287
0.18578
0.178891
0.171648
0.16408
0.156221
0.148105
0.139768
0.13125
0.122591
0.113833
0.105017
0.0961878
0.0873864
0.0786555
0.0700372
0.0615731
0.0533042
0.0452708
0.0375121
0.0300658
0.022968
0.0162528
0.00995197
0.0040953
-0.0012895
-0.00617664
-0.0105424
-0.0143655
-0.0176278
-0.0203147
-0.0224157
-0.0239246
-0.0248386
-0.0251581
-0.0248864
-0.0240292
-0.022595
-0.0205953
-0.0180441
-0.0149582
-0.0113563
-0.00725932
-0.00268983
0.00232721
0.00776411
0.0135904
0.0197728
0.0262762
0.0330642
0.0400999
0.0473456
0.0547629
0.0623117
0.0699503
0.0776356
0.0853232
0.092969
0.10053
0.107946
0.115125
0.12201
0.128551
0.134698
0.140404
0.145624
0.150316
0.154444
0.157979
0.160894
0.163172
0.1648
0.16577
0.166078
0.165726
0.16472
0.163072
0.160799
0.157924
0.154475
0.150484
0.145984
0.141015
0.135616
0.129832
0.12371
0.1173
0.110652
0.103818
0.0968475
0.089792
0.0827013
0.0756253
0.0686123
0.0617089
0.0549587
0.0484014
0.0420735
0.0360079
0.0302345
0.0247805
0.0196694
0.0149208
0.0105492
0.00656433
0.00297113
-0.0002297
-0.003041
-0.00546877
-0.00752208
-0.00921316
-0.0105574
-0.0115732
-0.0122817
-0.012706
-0.0128709
-0.0128023
-0.0125267
-0.0120712
-0.011463
-0.010729
-0.00989564
-0.00898871
-0.00803294
-0.00705179
-0.0060671
-0.00509888
-0.00416503
-0.00328116
-0.00246052
-0.00171395
-0.00104987
-0.000474281
9.30873e-06
0.000399814
0.000698523
0.000908966
0.00103673
0.00108926
0.00107564
0.00100643
0.000893382
0.000749234
0.00058745
0.000421941
0.000266788
0.000135976
4.3118e-05
1.19294e-06
0
0
0
0
0
0
0
0
0
0
0
0
0
0
0
0
0
0
0
0
0
0
0
0
0
0
0
0
0
0
0
0
0
0
0
0
0
0
0
0
0
0
0
0
0
0
0
0
0
0
0
0
0
0
0
0
0
0
0
0
0
0
0
0
0
0
0
0
0
0
0
0
0
0
0
0
0
0
0
0
0
0
0
0
0
0
0
0
0
0
0
0
0
0
0
0
0
0
0
0
0
0
0
0
0
0
0
0
0
0
0
0
0
0
0
0
0
0
0
0
0
0
0
0
0
0
0
0
0
0
0
0
0
0
0
0
0
0
0
0
0
0
0
0
0
0
0
0
0
0
0
0
0
0
0
0
0
0
0
0
0
0
0
0
0
0
0
0
0
0
0
0
0
0
0
0
0
0
0
0
0
0
0
0
0
0
0
0
0
0
0
0
0
0
0
0
0
0
0
0
0
2.12293e-06
8.15329e-05
0.000274812
0.000580127
0.000994741
0.001515
0.00213635
0.00285333
0.00365964
0.0045482
0.00551119
0.00654018
0.00762609
0.00875933
0.00992989
0.0111275
0.0123418
0.0135627
0.0147804
0.0159852
0.017168
0.0183199
0.0194327
0.0204985
0.02151
0.0224611
0.0233464
0.0241621
0.0249057
0.0255761
0.0261737
0.0267004
0.0271596
0.0275554
0.0278936
0.0281807
0.0284253
0.028637
0.0288271
0.0290076
0.0291907
0.0293894
0.0296164
0.0298847
0.0302082
0.0306011
0.0310797
0.0316598
0.0323569
0.0331847
0.0341548
0.0352779
0.0365633
0.0380199
0.0396568
0.0414833
0.04351
0.0457465
0.0482013
0.050881
0.0537894
0.0569292
0.0603003
0.0639011
0.067729
0.0717802
0.076052
0.0805396
0.0852363
0.0901319
0.0952118
0.100459
0.105853
0.111372
0.116994
0.122697
0.12846
0.134257
0.14006
0.145841
0.151564
0.157197
0.162703
0.16805
0.173201
0.178123
0.182779
0.187136
0.191161
0.194823
0.198102
0.201062
0.203715
0.206048
0.208046
0.209696
0.210985
0.211901
0.212436
0.212583
0.21234
0.211705
0.210681
0.209273
0.207488
0.205334
0.202818
0.199945
0.196721
0.193154
0.189256
0.185043
0.180533
0.175747
0.170703
0.165419
0.159909
0.154189
0.148278
0.142196
0.135967
0.129618
0.123175
0.116663
0.110103
0.103515
0.096925
0.0903574
0.0838375
0.0773906
0.0710365
0.064803
0.0587123
0.0527863
0.0470471
0.0415102
0.0362031
0.0311454
0.0263554
0.02185
0.0176383
0.0137432
0.0101794
0.00695929
0.00409247
0.0015776
-0.000574454
-0.00236224
-0.00378554
-0.00484534
-0.00555102
-0.00590204
-0.00590757
-0.00557956
-0.00493135
-0.00397978
-0.00273352
-0.00120474
0.000592947
0.0026426
0.00492397
0.00741129
0.0100777
0.0128967
0.0158434
0.0189024
0.0220451
0.0252503
0.0284957
0.0317585
0.0350302
0.0382733
0.0414662
0.0445879
0.0476175
0.050556
0.0533591
0.0560057
0.0584764
0.0607543
0.0628549
0.0647362
0.0663871
0.0677974
0.0689588
0.0698995
0.0705837
0.0710135
0.0711945
0.0711342
0.070875
0.0703894
0.0696847
0.0687696
0.0676554
0.066386
0.0649487
0.063362
0.0616444
0.0598139
0.0579072
0.0559245
0.0538866
0.0518162
0.0497375
0.0476755
0.0456515
0.0436862
0.0417993
0.0400109
0.0383216
0.0367763
0.0353996
0.0342157
0.0332457
0.0324607
0.0319202
0.0316345
0.0316123
0.0318626
0.0323237
0.0330762
0.0341287
0.0354881
0.0371582
0.0390494
0.0412512
0.0437601
0.0465699
0.0496713
0.0529502
0.0564931
0.0602821
0.0642979
0.0685206
0.0728305
0.0773073
0.08193
0.0866745
0.0915134
0.0963336
0.101184
0.106032
0.110843
0.115585
0.120176
0.124632
0.12892
0.133007
0.13686
0.140446
0.143735
0.1467
0.149314
0.151552
0.153446
0.154915
0.15594
0.156503
0.15659
0.156309
0.155536
0.154265
0.15249
0.150211
0.1476
0.144489
0.140887
0.136809
0.132274
0.127514
0.122346
0.116799
0.110904
0.104697
0.0984331
0.0919305
0.0852278
0.0783661
0.0713877
0.0645392
0.0576632
0.0508062
0.0440162
0.0373429
0.0309879
0.0248506
0.0189814
0.0134291
0.00824018
0.00352848
-0.000736929
-0.00451906
-0.0077823
-0.0104917
-0.0126433
-0.0141745
-0.0150564
-0.0152652
-0.0147835
-0.0137375
-0.011983
-0.00951763
-0.00634246
-0.00246243
0.00187788
0.00689955
0.0125822
0.0188994
0.0258189
0.0329991
0.0407061
0.0488974
0.0575265
0.0665433
0.0755607
0.0848563
0.094372
0.104048
0.113821
0.123319
0.132786
0.142155
0.15136
0.160335
0.168785
0.176884
0.184577
0.191814
0.198541
0.204596
0.210042
0.214831
0.218924
0.222286
0.224928
0.226795
0.227872
0.228149
0.227619
0.22647
0.224516
0.221768
0.218249
0.21399
0.209346
0.204038
0.19811
0.191609
0.184589
0.177508
0.170035
0.162241
0.154205
0.146008
0.138141
0.130277
0.122502
0.114901
0.107563
0.100911
0.0946951
0.0889943
0.0838845
0.0794369
0.0759075
0.0731691
0.0712799
0.070293
0.0702554
0.0711908
0.0731438
0.0761346
0.0801755
0.0852709
0.0911733
0.0981174
0.106085
0.115051
0.12498
0.135369
0.146625
0.158683
0.171471
0.184905
0.198278
0.212108
0.226293
0.240727
0.255297
0.26921
0.283024
0.296614
0.309851
0.322606
0.334127
0.344906
0.354815
0.363729
0.371524
0.377645
0.382414
0.385723
0.387472
0.38757
0.385793
0.382211
0.376763
0.369395
0.360063
0.348957
0.335835
0.320693
0.30354
0.284401
0.26392
0.241542
0.217331
0.191362
0.163723
0.135461
0.105746
0.0747045
0.04248
0.00922718
-0.0237141
-0.0573477
-0.0914957
-0.125972
-0.160583
-0.193879
-0.226906
-0.259457
-0.291316
-0.32227
-0.350966
-0.378331
-0.404159
-0.428247
-0.450399
-0.469588
-0.486473
-0.500887
-0.512671
-0.521682
-0.527409
-0.530112
-0.529688
-0.526047
-0.519117
-0.509024
-0.495548
-0.478672
-0.458399
-0.434752
-0.40854
-0.379059
-0.346387
-0.310623
-0.271883
-0.23159
-0.188612
-0.143121
-0.0953088
-0.0453866
0.00475953
0.0565561
0.109756
0.1641
0.219315
0.273294
0.327574
0.381866
0.435872
0.489294
0.540093
0.589718
0.637878
0.684283
0.728648
0.769279
0.807329
0.842551
0.874714
0.903605
0.928152
0.949053
0.966151
0.979308
0.988407
0.993159
0.993696
0.989978
0.98199
0.969742
0.953796
0.93368
0.909475
0.881289
0.849254
0.814725
0.776682
0.735319
0.690853
0.643519
0.595279
0.544679
0.491991
0.437499
0.381498
0.326295
0.270182
0.213458
0.156426
0.0993868
0.0446691
-0.00945965
-0.0627092
-0.114793
-0.165433
-0.212585
-0.257772
-0.300756
-0.341314
-0.379237
-0.41305
-0.443866
-0.471532
-0.495914
-0.5169
-0.533769
-0.547072
-0.556752
-0.562773
-0.565119
-0.563909
-0.559059
-0.550616
-0.538654
-0.523262
-0.505368
-0.484277
-0.460128
-0.433074
-0.403289
-0.372356
-0.339072
-0.303643
-0.266289
-0.227239
-0.188513
-0.148566
-0.107642
-0.0659848
-0.0238451
0.0166144
0.057066
0.0972714
0.136995
0.176006
0.212293
0.247431
0.281218
0.313459
0.34397
0.37115
0.39627
0.419188
0.439776
0.45792
0.472634
0.484731
0.49415
0.50085
0.504802
0.505739
0.50392
0.499366
0.492111
0.482205
0.470103
0.455498
0.438486
0.419178
0.397697
0.375131
0.350662
0.324434
0.296598
0.26731
0.238111
0.207788
0.176513
0.144462
0.111818
0.0803667
0.0486864
0.0169552
-0.0146504
-0.0459574
-0.0751832
-0.103786
-0.131614
-0.158523
-0.184374
-0.207611
-0.229541
-0.250058
-0.269064
-0.286474
-0.301147
-0.314091
-0.325258
-0.334611
-0.342124
-0.347184
-0.350384
-0.35173
-0.351235
-0.348925
-0.344757
-0.338851
-0.331259
-0.322041
-0.311262
-0.299417
-0.286157
-0.271561
-0.255713
-0.238702
-0.221473
-0.203272
-0.1842
-0.164357
-0.143846
-0.12392
-0.103524
-0.0827519
-0.061699
-0.0404596
-0.0204322
-0.000401251
0.0195458
0.0393238
0.0588507
0.0767487
0.0942369
0.111199
0.127545
0.143193
0.156919
0.169803
0.181779
0.192786
0.202768
0.210821
0.217784
0.223636
0.228367
0.231972
0.233952
0.23483
0.234625
0.233362
0.231077
0.227676
0.223351
0.21816
0.212167
0.205439
0.198231
0.19042
0.182075
0.173264
0.164056
0.154941
0.145549
0.13595
0.126212
0.116401
0.107129
0.0978831
0.0887203
0.0796925
0.0708482
0.0627995
0.0549848
0.0474394
0.0401955
0.0332818
0.0272296
0.0215187
0.0161666
0.011188
0.00659435
0.00278481
-0.000661286
-0.0037441
-0.00646681
-0.00883528
-0.0105982
-0.012052
-0.0132093
-0.0140845
-0.0146939
-0.0149156
-0.0149261
-0.0147457
-0.0143957
-0.0138975
-0.0132222
-0.01245
-0.0116025
-0.0107007
-0.00976465
-0.00881356
-0.00786433
-0.00693249
-0.00603176
-0.00517404
-0.00438772
-0.00365823
-0.00299242
-0.00239524
-0.00186968
-0.00143192
-0.0010605
-0.000753825
-0.000508803
-0.000320945
-0.00018964
-9.92175e-05
-4.29255e-05
-1.31912e-05
-1.78567e-06
-4.34979e-10
0
0
0
0
0
0
0
0
0
0
0
0
0
0
0
0
0
0
0
0
0
0
0
0
0
0
0
0
0
0
0
0
0
0
0
0
0
0
0
0
0
0
0
0
0
0
0
0
0
0
0
0
0
0
0
0
0
0
0
0
0
0
0
