0
0
0
0
0
0
0
0
0
0
0
0
-0
-0
-0
-0
-0
-0
-0
-0
-0
-0
-0
-0
-0
-0
-0
-0
-0
-0
-0
-0
-0
-0
-0
-0
-0
-0
-0
-0
-0
-0
-0
-0
-0
-0
-0
-0
-0
-0
-0
-0
-0
0
0
0
0
0
0
0
0
0
0
0
0
0
0
0
0
0
0
0
0
0
0
0
0
0
0
0
0
0
0
0
0
0
0
8.98576e-07
7.14951e-05
0.000239687
0.000482752
0.000776619
0.00109635
0.00141665
0.00171237
0.00195906
0.00213351
0.00221416
0.00218155
0.00201866
0.00171124
0.0012481
0.000621394
-0.000173235
-0.00113655
-0.00226568
-0.00355416
-0.00499192
-0.00656536
-0.00825745
-0.010048
-0.0119142
-0.0138307
-0.0157705
-0.0177047
-0.0196032
-0.0214348
-0.0231679
-0.024771
-0.0262134
-0.0274653
-0.0284978
-0.029283
-0.0297943
-0.030007
-0.0298996
-0.0294542
-0.0286574
-0.0274995
-0.025974
-0.0240772
-0.0218077
-0.0191676
-0.0161632
-0.0128054
-0.00910963
-0.00509515
-0.000784375
0.00379721
0.00862075
0.0136538
0.0188605
0.0242034
0.0296446
0.0351476
0.040677
0.0461981
0.051675
0.0570702
0.0623451
0.0674619
0.0723856
0.0770846
0.0815309
0.0856987
0.0895631
0.0931008
0.0962906
0.0991151
0.101561
0.103619
0.105281
0.106541
0.107393
0.107832
0.107856
0.107467
0.106671
0.105473
0.103881
0.101904
0.0995509
0.0968312
0.0937573
0.0903425
0.0865994
0.0825392
0.0781728
0.0735397
0.0686568
0.0635272
0.0581554
0.0525461
0.0467031
0.0406285
0.0343223
0.0277845
0.021015
0.0140158
0.00679058
-0.000654252
-0.00830976
-0.0161641
-0.0242024
-0.0324077
-0.0407621
-0.0492477
-0.0578475
-0.0665452
-0.0753239
-0.0841643
-0.0930434
-0.101934
-0.110805
-0.119622
-0.12835
-0.13695
-0.145382
-0.153603
-0.161568
-0.16923
-0.176542
-0.183452
-0.189912
-0.19587
-0.201276
-0.20608
-0.210235
-0.213693
-0.21641
-0.218342
-0.219446
-0.219684
-0.219017
-0.217412
-0.214842
-0.211286
-0.20673
-0.201166
-0.19459
-0.187004
-0.178412
-0.168822
-0.158248
-0.146706
-0.134219
-0.120816
-0.10653
-0.0914018
-0.0754759
-0.0588042
-0.041445
-0.0234637
-0.00493295
0.0140683
0.0334551
0.053137
0.0730186
0.0929998
0.112975
0.132837
0.152473
0.171772
0.190623
0.208916
0.226543
0.243394
0.259362
0.274338
0.288215
0.300893
0.312277
0.322278
0.330814
0.337811
0.3432
0.346917
0.348905
0.349118
0.347517
0.344073
0.338766
0.331588
0.322539
0.311631
0.298889
0.284349
0.268061
0.250082
0.230481
0.209336
0.186738
0.162784
0.137587
0.111267
0.0839514
0.0557778
0.026888
-0.00256988
-0.0324422
-0.0625709
-0.0927947
-0.122952
-0.15288
-0.182421
-0.211417
-0.239713
-0.267156
-0.293599
-0.3189
-0.342924
-0.365542
-0.386635
-0.406089
-0.423801
-0.439675
-0.453625
-0.465578
-0.475471
-0.483253
-0.488888
-0.492346
-0.493614
-0.492688
-0.48958
-0.484311
-0.476918
-0.46745
-0.455965
-0.442534
-0.427241
-0.410181
-0.39146
-0.371197
-0.349516
-0.326554
-0.302452
-0.27736
-0.251432
-0.224831
-0.197723
-0.170275
-0.142656
-0.115033
-0.0875733
-0.0604411
-0.0337986
-0.00780468
0.0173869
0.0416286
0.064781
0.0867132
0.107304
0.126444
0.144031
0.15998
0.174214
0.186671
0.197305
0.20608
0.212976
0.217986
0.221117
0.22239
0.221838
0.219509
0.215463
0.209773
0.202525
0.193814
0.183742
0.17242
0.159967
0.146508
0.132174
0.117102
0.101432
0.0853084
0.0688738
0.0522723
0.0356465
0.0191376
0.0028839
-0.0129803
-0.0283268
-0.0430353
-0.0569938
-0.0700986
-0.082254
-0.0933717
-0.103371
-0.112181
-0.11974
-0.125999
-0.130922
-0.134485
-0.136679
-0.137504
-0.136975
-0.135119
-0.131975
-0.127591
-0.122028
-0.115354
-0.107647
-0.0989908
-0.0894793
-0.0792129
-0.0682994
-0.0568527
-0.0449916
-0.0328395
-0.0205234
-0.00817304
0.00407967
0.0161024
0.0277635
0.0389339
0.049488
0.0593049
0.0682697
0.0762741
0.083218
0.0890104
0.0935697
0.0968233
0.0987078
0.0991682
0.0981587
0.0956437
0.0915986
0.0860108
0.0788799
0.070217
0.0600449
0.0483975
0.0353206
0.0208727
0.00512503
-0.0118388
-0.0299243
-0.0490274
-0.0690362
-0.0898319
-0.111289
-0.133275
-0.155652
-0.17828
-0.201015
-0.223711
-0.246223
-0.268405
-0.29011
-0.31119
-0.331499
-0.350892
-0.369231
-0.386383
-0.402222
-0.416633
-0.429506
-0.440738
-0.450236
-0.457916
-0.463706
-0.467548
-0.469398
-0.469225
-0.467012
-0.462757
-0.456466
-0.448159
-0.437866
-0.425631
-0.411511
-0.395573
-0.377897
-0.358573
-0.337699
-0.315383
-0.291741
-0.266899
-0.240986
-0.214143
-0.18651
-0.158236
-0.129472
-0.100372
-0.0710913
-0.0417877
-0.0126172
0.0162663
0.0447121
0.0725725
0.0997032
0.125963
0.151214
0.175325
0.198171
0.219636
0.239614
0.258009
0.274733
0.289709
0.302866
0.314143
0.323493
0.330875
0.336264
0.339642
0.341006
0.340362
0.33773
0.33314
0.326631
0.318256
0.308071
0.296145
0.28255
0.26737
0.250695
0.232626
0.213271
0.192745
0.171168
0.148664
0.125358
0.101378
0.076853
0.0519132
0.0266909
0.00131903
-0.0240687
-0.0493398
-0.0743643
-0.0990161
-0.123175
-0.146726
-0.169559
-0.191569
-0.212654
-0.232717
-0.251668
-0.269425
-0.285916
-0.301079
-0.314859
-0.327208
-0.338086
-0.347458
-0.355299
-0.361593
-0.366335
-0.36953
-0.371191
-0.371337
-0.369995
-0.367199
-0.362987
-0.357407
-0.350514
-0.342367
-0.333032
-0.322578
-0.311079
-0.298614
-0.285268
-0.27113
-0.25629
-0.240841
-0.224873
-0.208478
-0.191747
-0.174773
-0.157646
-0.140461
-0.123306
-0.10627
-0.0894389
-0.0728945
-0.0567175
-0.0409859
-0.0257734
-0.0111485
0.00282628
0.0160946
0.0286052
0.0403107
0.0511674
0.0611357
0.0701808
0.078274
0.0853931
0.0915226
0.096652
0.100776
0.103894
0.106009
0.107131
0.107274
0.10646
0.104715
0.10207
0.0985603
0.0942227
0.0890968
0.0832242
0.0766493
0.0694202
0.0615883
0.0532088
0.0443395
0.0350392
0.025367
0.0153811
0.00513887
-0.00530197
-0.0158831
-0.0265452
-0.0372285
-0.0478737
-0.058424
-0.0688248
-0.0790246
-0.088974
-0.0986257
-0.107934
-0.116857
-0.125354
-0.13339
-0.140934
-0.147957
-0.154433
-0.16034
-0.165657
-0.170367
-0.174459
-0.177923
-0.180756
-0.182955
-0.184523
-0.185463
-0.185783
-0.185493
-0.184608
-0.183145
-0.181125
-0.17857
-0.175505
-0.171958
-0.167959
-0.163538
-0.158728
-0.153561
-0.148068
-0.142284
-0.136243
-0.12998
-0.123535
-0.116948
-0.110257
-0.103499
-0.0967107
-0.0899234
-0.0831692
-0.0764797
-0.0698872
-0.063424
-0.0571217
-0.05101
-0.0451165
-0.0394661
-0.0340813
-0.0289823
-0.0241877
-0.0197148
-0.0155796
-0.0117976
-0.0083834
-0.00534954
-0.00270593
-0.000458642
0.00139023
0.00284177
0.0038988
0.00456449
0.00484184
0.00473436
0.00424747
0.00338978
0.00217345
0.000613182
-0.00127532
-0.00347674
-0.00597639
-0.0087593
-0.0118089
-0.0151059
-0.0186288
-0.0223545
-0.0262601
-0.0303233
-0.034522
-0.038834
-0.0432358
-0.0477031
-0.0522116
-0.0567379
-0.0612603
-0.0657577
-0.070209
-0.0745922
-0.0788849
-0.0830657
-0.0871155
-0.0910178
-0.0947589
-0.0983254
-0.101704
-0.104879
-0.107838
-0.110568
-0.113061
-0.115312
-0.117316
-0.119069
-0.120567
-0.121804
-0.122777
-0.123485
-0.123932
-0.124123
-0.124062
-0.123756
-0.123207
-0.122422
-0.121407
-0.120171
-0.118726
-0.117083
-0.115253
-0.113243
-0.111064
-0.108712
-0.106154
-0.103406
-0.100487
-0.0974158
-0.094211
-0.0908905
-0.0874734
-0.0839804
-0.0804328
-0.0768519
-0.073257
-0.0696659
-0.0660959
-0.062564
-0.0590883
-0.0556866
-0.0523754
-0.0491684
-0.0460764
-0.0431079
-0.0402704
-0.0375709
-0.0350161
-0.032612
-0.0303629
-0.0282716
-0.0263392
-0.024566
-0.0229508
-0.0214908
-0.020181
-0.0190142
-0.0179823
-0.0170773
-0.0162922
-0.015621
-0.0150578
-0.0145952
-0.0142235
-0.0139314
-0.0137064
-0.013537
-0.013413
-0.0133259
-0.0132678
-0.0132308
-0.0132065
-0.0131863
-0.013162
-0.0131265
-0.0130739
-0.0129991
-0.0128979
-0.0127666
-0.0126024
-0.0124028
-0.0121667
-0.0118932
-0.0115825
-0.011235
-0.0108518
-0.010435
-0.00998711
-0.00951166
-0.00901232
-0.00849292
-0.00795731
-0.00740949
-0.00685378
-0.00629481
-0.00573747
-0.00518665
-0.00464698
-0.0041228
-0.00361808
-0.00313659
-0.00268185
-0.00225709
-0.00186513
-0.00150825
-0.00118824
-0.000906347
-0.000663349
-0.000459536
-0.000294674
-0.000167971
-7.8077e-05
-2.3129e-05
-8.01612e-07
-0
-0
-0
-0
-0
-0
-0
-0
-0
-0
-0
-0
-0
-0
-0
-0
-0
-0
-0
-0
-0
-0
-0
-0
-0
0
0
0
0
0
0
0
0
0
0
0
-0
-0
-0
-0
-0
-0
-0
-0
-0
-0
-0
-0
-0
-0
-0
-0
-0
-0
-0
-0
-0
-0
-0
-0
-0
-0
-0
-0
-0
-0
-0
-0
-0
-0
-0
-0
-0
-0
-0
-0
-0
-0
-0
-0
-0
-0
-0
-0
-0
-0
-0
-0
-0
-0
-0
-0
-0
-0
-0
0
0
0
0
0
0
0
0
0
0
0
0
0
0
0
0
0
0
0
0
0
0
0
0
0
0
0
0
0
0
0
0
0
0
0
0
0
0
0
0
0
0
0
0
0
0
0
0
0
0
0
0
0
0
0
0
0
0
3.6186e-07
8.54952e-06
2.31415e-05
3.87572e-05
5.06636e-05
5.48404e-05
4.80287e-05
2.7752e-05
-7.6786e-06
-5.91477e-05
-0.000126691
-0.000209429
-0.000305524
-0.000412217
-0.000525945
-0.000642475
-0.000756973
-0.000863955
-0.00095717
-0.00102955
-0.00107332
-0.00108034
-0.00104247
-0.000951744
-0.000800318
-0.000580137
-0.0002827
0.000100907
0.000579619
0.00116179
0.00185487
0.00266531
0.00359894
0.00466135
0.00585793
0.00719376
0.00867283
0.0102978
0.0120702
0.0139904
0.0160587
0.0182753
0.0206391
0.0231482
0.0257984
0.028585
0.0315022
0.0345449
0.0377075
0.0409838
0.0443655
0.0478419
0.0513998
0.0550259
0.0587076
0.0624345
0.066197
0.0699853
0.0737872
0.0775884
0.0813719
0.0851205
0.0888177
0.0924484
0.0959994
0.099457
0.102809
0.106042
0.109146
0.112111
0.114926
0.117581
0.120065
0.122366
0.124475
0.126384
0.128087
0.129581
0.130861
0.131929
0.132779
0.133411
0.133827
0.134028
0.13402
0.133806
0.133389
0.132773
0.131963
0.130971
0.129812
0.128558
0.127241
0.12587
0.124455
0.123003
0.121521
0.120018
0.118506
0.116994
0.115496
0.114021
0.112579
0.111177
0.10982
0.108517
0.107273
0.106095
0.104987
0.103951
0.102996
0.102129
0.101353
0.100671
0.100079
0.0995829
0.0991829
0.0988789
0.098671
0.0985521
0.0985268
0.0985916
0.0987414
0.0989709
0.0992679
0.0996339
0.100063
0.100548
0.101079
0.10164
0.102229
0.102837
0.103457
0.104084
0.104703
0.10531
0.105894
0.106445
0.106953
0.107415
0.107827
0.108188
0.108497
0.108751
0.108952
0.109092
0.109169
0.109182
0.109131
0.109028
0.108863
0.108635
0.108347
0.107999
0.107614
0.107174
0.106683
0.106143
0.105559
0.104963
0.104334
0.103679
0.103005
0.102316
0.101649
0.10098
0.10032
0.0996784
0.0990681
0.098532
0.0980471
0.0976203
0.097257
0.0969633
0.0967749
0.0966733
0.0966685
0.0967697
0.0969838
0.0973337
0.0978031
0.0983935
0.099107
0.0999469
0.10092
0.102028
0.103275
0.104664
0.106195
0.10785
0.109647
0.111583
0.113655
0.115863
0.118159
0.120585
0.123135
0.125805
0.128588
0.131409
0.134328
0.137338
0.140431
0.143597
0.146735
0.149926
0.153156
0.156407
0.159662
0.162795
0.165891
0.16893
0.171894
0.174762
0.177411
0.179927
0.182289
0.184476
0.186467
0.18815
0.189596
0.190788
0.191703
0.192318
0.192552
0.192439
0.191959
0.191096
0.189838
0.188164
0.186072
0.183548
0.180576
0.177142
0.173294
0.168976
0.164194
0.158954
0.153264
0.147251
0.140793
0.133895
0.126564
0.118816
0.110859
0.102532
0.0938618
0.0848789
0.0756144
0.066343
0.0568617
0.0472111
0.0374338
0.0275737
0.0179439
0.00832484
-0.00123115
-0.0106669
-0.0199219
-0.0286744
-0.0371279
-0.0452282
-0.0529231
-0.0601599
-0.066668
-0.0726073
-0.0779209
-0.0825534
-0.0864531
-0.0894406
-0.0916048
-0.0929052
-0.0933032
-0.0927633
-0.0912396
-0.0887235
-0.0851971
-0.0806473
-0.0750638
-0.0685601
-0.0610085
-0.0524085
-0.0427673
-0.0321017
-0.0207006
-0.00833389
0.00496029
0.0191403
0.0341612
0.0495871
0.0657502
0.0825894
0.100036
0.118014
0.135971
0.154296
0.172902
0.191699
0.210591
0.228978
0.247263
0.265344
0.283118
0.300482
0.316863
0.332629
0.347678
0.361909
0.375223
0.387156
0.397983
0.407615
0.415973
0.42298
0.428365
0.432261
0.434608
0.435351
0.434449
0.431875
0.4276
0.42161
0.413897
0.40446
0.393533
0.380899
0.366585
0.350629
0.333083
0.31445
0.29436
0.272891
0.250128
0.226166
0.201706
0.176259
0.149941
0.122873
0.0951832
0.0676907
0.0398453
0.0117894
-0.0163292
-0.0443606
-0.0714724
-0.0982025
-0.124407
-0.149943
-0.174663
-0.197838
-0.219909
-0.240739
-0.260201
-0.278179
-0.294163
-0.308454
-0.320955
-0.331577
-0.340238
-0.346715
-0.351108
-0.353378
-0.3535
-0.351458
-0.347368
-0.341116
-0.332719
-0.322212
-0.309644
-0.295456
-0.279346
-0.261397
-0.2417
-0.220352
-0.198041
-0.174304
-0.149271
-0.123086
-0.0959006
-0.0685718
-0.0405587
-0.0120204
0.0168813
0.0459809
0.0743978
0.102676
0.130647
0.158146
0.185011
0.21047
0.234992
0.258433
0.280653
0.301522
0.320485
0.337864
0.35356
0.367486
0.379563
0.389539
0.397536
0.403509
0.407427
0.409276
0.409149
0.406971
0.402772
0.396587
0.388466
0.378807
0.367351
0.354191
0.339431
0.32318
0.306074
0.287711
0.268214
0.247717
0.226366
0.204925
0.182948
0.160599
0.138037
0.115418
0.0934786
0.0717864
0.0504956
0.029762
0.00973882
-0.00896959
-0.0266919
-0.0433102
-0.0587173
-0.0728134
-0.0852506
-0.0961957
-0.10557
-0.113308
-0.11936
-0.123686
-0.126273
-0.127117
-0.126222
-0.123603
-0.119526
-0.113784
-0.106425
-0.0975158
-0.0871395
-0.0758371
-0.0632695
-0.0495475
-0.0347856
-0.0191021
-0.00318356
0.0134017
0.0305127
0.0479985
0.0657031
0.0828944
0.0999998
0.116875
0.133379
0.14937
0.164223
0.178277
0.191398
0.203459
0.214348
0.223669
0.231628
0.238141
0.243128
0.246516
0.248196
0.248173
0.246421
0.242936
0.237725
0.231025
0.222644
0.212618
0.200997
0.187844
0.173691
0.158175
0.141397
0.123464
0.104491
0.0852182
0.0651565
0.0444443
0.023228
0.00165865
-0.0194277
-0.0405666
-0.0616108
-0.0824136
-0.102828
-0.122071
-0.140643
-0.158413
-0.175255
-0.191052
-0.205199
-0.218087
-0.229619
-0.239709
-0.248282
-0.255011
-0.260112
-0.263549
-0.265294
-0.265334
-0.263668
-0.260297
-0.255239
-0.248525
-0.240196
-0.23058
-0.219462
-0.206913
-0.193011
-0.17784
-0.161989
-0.145058
-0.127147
-0.108365
-0.0888244
-0.0692845
-0.0492195
-0.0287498
-0.00799845
0.0129092
0.0331547
0.053307
0.0732443
0.0928471
0.112
0.129951
0.147235
0.163753
0.179407
0.194107
0.207269
0.219319
0.230191
0.239832
0.248196
0.254953
0.260369
0.264428
0.267119
0.268444
0.268349
0.266913
0.264162
0.260125
0.254841
0.248515
0.241043
0.232492
0.222934
0.212443
0.201438
0.189651
0.177157
0.164037
0.150374
0.136715
0.122689
0.108386
0.093888
0.0792752
0.0651241
0.0510134
0.0370219
0.0232294
0.00971398
-0.00298616
-0.0152735
-0.0270915
-0.0383886
-0.0491157
-0.0588525
-0.06793
-0.0763119
-0.0839696
-0.0908835
-0.0967999
-0.101957
-0.106354
-0.109996
-0.112891
-0.114956
-0.116306
-0.116964
-0.116953
-0.1163
-0.115067
-0.113246
-0.110868
-0.107968
-0.104587
-0.100908
-0.096833
-0.0924041
-0.0876644
-0.0826571
-0.0776318
-0.072428
-0.067091
-0.0616664
-0.0561988
-0.0509575
-0.0457576
-0.0406395
-0.0356422
-0.0308032
-0.0263652
-0.0221475
-0.0181727
-0.0144582
-0.0110175
-0.00802628
-0.00533083
-0.00294132
-0.000866888
0.000885879
0.00220904
0.00321106
0.00389995
0.00428765
0.00438838
0.00417024
0.00369474
0.00297625
0.00202945
0.000870129
-0.000482637
-0.00201111
-0.00369444
-0.00551071
-0.00743721
-0.00941745
-0.0114611
-0.0135423
-0.0156316
-0.0177051
-0.0196955
-0.0216305
-0.0234925
-0.0252643
-0.0269287
-0.0284252
-0.0297838
-0.0309948
-0.0320542
-0.0329634
-0.033695
-0.0342853
-0.0347375
-0.035054
-0.0352377
-0.0352774
-0.0351978
-0.0350101
-0.0347265
-0.0343584
-0.033911
-0.0333979
-0.0328276
-0.0322099
-0.0315558
-0.0308765
-0.0301808
-0.0294742
-0.0287589
-0.0280348
-0.0273029
-0.0265663
-0.0258308
-0.0251038
-0.0243913
-0.023694
-0.0230158
-0.0223547
-0.0217072
-0.0210701
-0.0204357
-0.0198099
-0.0191929
-0.0185839
-0.0179805
-0.0173736
-0.0167673
-0.0161598
-0.0155502
-0.0149386
-0.0143218
-0.0137056
-0.013091
-0.0124779
-0.0118659
-0.0112537
-0.0106415
-0.0100298
-0.0094196
-0.00881234
-0.0082127
-0.0076196
-0.00703519
-0.00646164
-0.00590126
-0.00536079
-0.00483774
-0.00433469
-0.00385402
-0.00339777
-0.0029714
-0.0025716
-0.0021997
-0.00185696
-0.00154449
-0.00126516
-0.00101639
-0.000798063
-0.000609605
-0.000450063
-0.000318739
-0.000213071
-0.000131292
-7.1396e-05
-3.11573e-05
-8.21435e-06
-9.1566e-08
-0
-0
-0
-0
-0
-0
-0
-0
-0
-0
-0
-0
-0
-0
-0
-0
-0
-0
-0
-0
-0
-0
-0
-0
-0
-0
-0
-0
-0
-0
-0
-0
-0
-0
-0
-0
-0
-0
-0
-0
-0
-0
-0
-0
-0
-0
-0
-0
-0
-0
-0
-0
-0
-0
-0
-0
-0
-0
-0
-0
-0
-0
-0
-0
-0
-0
-0
-0
-0
-0
-0
-0
-0
-0
-0
-0
-0
0
0
0
0
0
0
0
0
0
0
