0
0
0
0
0
0
0
0
0
0
0
0
0
0
0
0
0
0
0
0
0
0
0
0
0
0
0
0
0
0
0
0
0
0
0
0
0
0
0
0
0
0
0
0
0
0
0
0
0
0
0
0
0
0
0
0
0
0
0
0
0
0
0
0
0
0
0
0
0
0
0
0
0
0
0
0
0
0
0
0
0
0
0
0
0
0
0
0
0
0
0
0
0
0
0
0
0
0
0
0
0
0
0
0
0
0
0
0
0
0
0
0
0
0
0
0
0
0
0
0
0
0
0
0
0
0
0
0
0
0
0
0
0
0
0
0
0
0
0
0
0
0
0
0
0
0
0
0
0
0
0
0
0
0
0
0
0
0
0
0
0
0
0
0
0
0
0
0
0
0
0
0
0
0
0
0
0
0
0
0
0
0
0
0
0
0
0
0
0
0
0
0
0
0
0
0
0
0
0
0
0
0
0
0
0
0
0
0
0
0
0
0
0
0
0
0
0
0
0
0
0
0
0
0
0
0
0
0
0
0
0
0
0
0
0
0
0
0
0
0
0
0
0
0
0
0
0
0
0
0
0
0
0
0
0
0
0
0
0
0
0
0
0
0
0
0
0
0
0
0
0
0
0
0
0
0
0
0
0
0
0
0
0
0
0
0
0
0
0
0
0
0
0
0
0
0
0
0
0
0
0
0
0
0
0
0
0
0
0
0
0
0
0
0
0
0
0
0
0
0
0
0
1.50764e-07
9.81356e-06
4.62719e-05
0.000125089
0.000260725
0.000466346
0.00075366
0.00113276
0.00161197
0.00219763
0.00289395
0.00370301
0.00462474
0.00565704
0.0067959
0.00803534
0.0093674
0.0107821
0.0122674
0.0138097
0.0153938
0.0170034
0.0186211
0.0202286
0.0218071
0.0233371
0.0247991
0.0261739
0.0274428
0.0285871
0.0295889
0.0304305
0.0310953
0.0315682
0.0318363
0.0318887
0.0317168
0.0313133
0.0306726
0.0297901
0.0286633
0.0272923
0.0256802
0.0238327
0.0217579
0.0194655
0.0169663
0.0142724
0.0113974
0.00835667
0.00516738
0.00184824
-0.00158089
-0.0050994
-0.00868632
-0.0123207
-0.0159818
-0.0196496
-0.0233045
-0.0269273
-0.0304984
-0.0339975
-0.0374037
-0.0406963
-0.0438559
-0.0468659
-0.0497123
-0.0523839
-0.0548707
-0.0571631
-0.0592518
-0.0611284
-0.062786
-0.0642204
-0.0654292
-0.0664116
-0.0671669
-0.0676945
-0.0679945
-0.0680688
-0.0679212
-0.0675575
-0.0669836
-0.0662042
-0.0652224
-0.0640404
-0.0626614
-0.0610916
-0.0593408
-0.0574214
-0.0553474
-0.053152
-0.0508479
-0.0484365
-0.0459184
-0.0432958
-0.040572
-0.0377517
-0.034839
-0.0318376
-0.02875
-0.0255786
-0.0223268
-0.0189989
-0.0155995
-0.0121328
-0.00860248
-0.00501164
-0.00136414
0.00233487
0.00607889
0.00986074
0.0136733
0.0175096
0.0213622
0.0252218
0.0290767
0.0329131
0.0367166
0.0404739
0.0441741
0.0478077
0.0513654
0.0548358
0.0582056
0.0614591
0.0645808
0.067556
0.0703714
0.0730141
0.0754707
0.0777266
0.0797665
0.0815758
0.0831417
0.084453
0.0854995
0.0862709
0.086756
0.086944
0.0868256
0.086395
0.0856493
0.0845879
0.0832104
0.0815154
0.0795013
0.0771679
0.074518
0.0715589
0.0683011
0.064757
0.0609386
0.0568576
0.0525256
0.0479562
0.0431652
0.0381719
0.0329971
0.0276628
0.0221911
0.0166045
0.0109268
0.00518303
-0.000600302
-0.0063964
-0.0121785
-0.0179201
-0.0235937
-0.0291705
-0.0346204
-0.0399129
-0.0450194
-0.0499143
-0.0545758
-0.0589841
-0.0631201
-0.0669632
-0.0704914
-0.0736826
-0.0765172
-0.0789795
-0.0810589
-0.0827493
-0.0840473
-0.0849511
-0.0854595
-0.0855721
-0.0852902
-0.0846165
-0.0835569
-0.0821193
-0.0803143
-0.0781548
-0.0756558
-0.0728337
-0.0697064
-0.0662928
-0.0626133
-0.0586892
-0.0545441
-0.0502036
-0.045695
-0.0410468
-0.0362876
-0.0314456
-0.0265477
-0.0216205
-0.0166896
-0.0117804
-0.00691799
-0.00212718
0.00256784
0.00714364
0.0115779
0.0158496
0.0199397
0.0238312
0.0275091
0.0309602
0.0341725
0.0371351
0.0398378
0.0422718
0.0444306
0.0463104
0.0479106
0.0492331
0.0502826
0.0510649
0.051587
0.0518571
0.0518842
0.0516789
0.0512541
0.0506249
0.049809
0.0488262
0.0476978
0.0464448
0.0450876
0.0436454
0.0421367
0.0405811
0.0390002
0.0374184
0.035862
0.0343573
0.0329282
0.0315955
0.0303762
0.0292854
0.0283381
0.0275506
0.02694
0.0265232
0.0263146
0.0263246
0.0265593
0.0270209
0.0277096
0.0286244
0.029764
0.0311255
0.0327045
0.0344935
0.036482
0.0386562
0.0409994
0.043492
0.0461121
0.0488355
0.0516365
0.0544886
0.0573651
0.0602391
0.0630831
0.0658683
0.0685633
0.0711342
0.0735454
0.075761
0.0777466
0.0794705
0.0809038
0.0820199
0.0827921
0.0831931
0.0831941
0.0827663
0.081883
0.0805225
0.0786686
0.0763119
0.0734471
0.0700709
0.0661801
0.0617708
0.0568397
0.0513868
0.0454184
0.0389483
0.0319981
0.0245948
0.0167679
0.0085468
-3.96446e-05
-0.00896247
-0.0181899
-0.0276847
-0.0374027
-0.047293
-0.0573003
-0.0673677
-0.0774394
-0.0874625
-0.0973854
-0.107157
-0.116723
-0.126027
-0.135006
-0.143599
-0.151744
-0.159383
-0.166462
-0.172935
-0.178757
-0.183884
-0.188275
-0.191883
-0.194667
-0.196587
-0.197608
-0.197705
-0.19686
-0.195062
-0.192304
-0.188584
-0.183901
-0.178257
-0.171657
-0.16411
-0.155636
-0.146261
-0.136019
-0.124953
-0.11311
-0.100539
-0.0872919
-0.0734216
-0.0589834
-0.0440367
-0.0286457
-0.0128808
0.00318261
0.0194649
0.0358847
0.0523604
0.0688115
0.0851592
0.101326
0.117236
0.132811
0.147976
0.16265
0.176756
0.190214
0.202946
0.214879
0.225943
0.236074
0.245216
0.253319
0.260341
0.266246
0.271005
0.274595
0.276999
0.278207
0.278215
0.277026
0.274648
0.271097
0.266391
0.260554
0.253618
0.245619
0.236599
0.226605
0.21569
0.203909
0.191322
0.177994
0.16399
0.149383
0.134245
0.118652
0.102683
0.0864141
0.0699259
0.053298
0.0366108
0.0199449
0.00338008
-0.0130055
-0.0291358
-0.0449369
-0.0603371
-0.0752671
-0.0896604
-0.103454
-0.116589
-0.129011
-0.140671
-0.151523
-0.161527
-0.170646
-0.178849
-0.186109
-0.192404
-0.197717
-0.202037
-0.205359
-0.207681
-0.20901
-0.209355
-0.208731
-0.207157
-0.204656
-0.201253
-0.19698
-0.19187
-0.185964
-0.179303
-0.171934
-0.163905
-0.155266
-0.146071
-0.136371
-0.126223
-0.115684
-0.104812
-0.0936633
-0.0822966
-0.0707691
-0.0591384
-0.0474613
-0.0357941
-0.0241915
-0.0127059
-0.00138718
0.00971682
0.0205602
0.0310987
0.0412897
0.0510931
0.0604719
0.0693926
0.0778256
0.0857442
0.0931251
0.0999476
0.106194
0.111849
0.116903
0.121346
0.125174
0.128386
0.130981
0.132965
0.134347
0.135136
0.135345
0.134989
0.134084
0.132649
0.130703
0.128269
0.125374
0.122045
0.118309
0.114198
0.109739
0.104963
0.0999011
0.0945847
0.0890455
0.0833157
0.077427
0.0714008
0.0652574
0.0590349
0.052771
0.0465021
0.0402633
0.0340879
0.0280076
0.0220529
0.0162531
0.0106359
0.00522712
4.99253e-05
-0.00487518
-0.00953028
-0.0138997
-0.0179701
-0.0217301
-0.0251711
-0.0282867
-0.0310735
-0.0335302
-0.0356573
-0.0374578
-0.0389363
-0.0401001
-0.0409581
-0.041521
-0.0418008
-0.0418102
-0.0415625
-0.0410721
-0.0403547
-0.0394271
-0.0383069
-0.0370118
-0.0355597
-0.0339676
-0.0322528
-0.0304326
-0.0285243
-0.0265453
-0.0245118
-0.0224396
-0.0203429
-0.0182354
-0.0161303
-0.0140401
-0.0119766
-0.00995078
-0.00797181
-0.00604785
-0.00418602
-0.00239283
-0.000674218
0.000964647
0.00251974
0.00398835
0.00536893
0.00666073
0.00786338
0.00897675
0.0100011
0.0109374
0.0117878
0.012555
0.0132426
0.0138539
0.0143923
0.0148611
0.0152633
0.0156026
0.015883
0.0161086
0.0162838
0.0164125
0.0164986
0.0165457
0.0165574
0.0165372
0.0164884
0.016414
0.0163169
0.0161997
0.0160652
0.0159157
0.0157538
0.0155815
0.0153888
0.0151659
0.0149078
0.0146101
0.0142756
0.0139073
0.0135033
0.0130714
0.0126144
0.0121344
0.0116339
0.0111115
0.0105732
0.0100211
0.00945728
0.00888388
0.00830161
0.00771429
0.00712452
0.00653506
0.00594868
0.00536903
0.00479785
0.00423802
0.00369271
0.00316543
0.00266263
0.00218527
0.00173746
0.00132343
0.000947555
0.000617435
0.00033403
0.000102108
-7.36153e-05
-0.00018857
-0.000236821
-0.00021695
-0.000125169
4.19021e-05
0.000287127
0.000611199
0.0010158
0.00150171
0.00206886
0.00271627
0.0034365
0.00423038
0.00509369
0.00602106
0.007006
0.00803233
0.00909841
0.0101943
0.0113088
0.0124295
0.0135343
0.0146169
0.0156621
0.0166544
0.0175776
0.0184105
0.0191405
0.0197508
0.0202243
0.0205441
0.0206986
0.0206676
0.0204366
0.0199919
0.0193214
0.0184331
0.0172998
0.0159146
0.0142724
0.0123711
0.0102463
0.00786657
0.00523769
0.00236794
-0.000731659
-0.00399619
-0.00745994
-0.0111042
-0.0149074
-0.0188456
-0.0228298
-0.026893
-0.0310046
-0.0351326
-0.0392674
-0.0433358
-0.0473807
-0.0513792
-0.0553074
-0.0591401
-0.062793
-0.0662987
-0.0696314
-0.072766
-0.0756776
-0.0782994
-0.0806501
-0.0827061
-0.0844445
-0.0858433
-0.0868636
-0.087504
-0.0877466
-0.0875751
-0.0869752
-0.0859477
-0.0844694
-0.082533
-0.0801332
-0.0772671
-0.0739814
-0.0702295
-0.0660156
-0.0613467
-0.0562334
-0.0507697
-0.0448915
-0.038617
-0.031967
-0.0249643
-0.0177412
-0.0102188
-0.00242812
0.00559718
0.0138211
0.0220837
0.0304676
0.0389321
0.0474348
0.055932
0.0642563
0.0724854
0.0805737
0.0884751
0.0961428
0.103423
0.110378
0.116962
0.123132
0.128847
0.133992
0.138603
0.142644
0.146081
0.148883
0.150989
0.152407
0.153115
0.153094
0.152331
0.150835
0.148578
0.145557
0.141773
0.137231
0.132016
0.126066
0.119398
0.112036
0.104005
0.0954601
0.0863118
0.0765978
0.0663588
0.0556389
0.0446438
0.0332659
0.0215588
0.00957885
-0.00261531
-0.0147887
-0.0270563
-0.0393568
-0.0516285
-0.0638084
-0.075663
-0.0872996
-0.0986559
-0.10967
-0.120283
-0.130292
-0.139786
-0.148713
-0.157022
-0.164666
-0.171503
-0.177589
-0.182887
-0.187364
-0.190991
-0.193705
-0.195525
-0.196436
-0.196429
-0.195499
-0.193672
-0.190926
-0.187273
-0.182725
-0.177304
-0.17112
-0.164117
-0.156327
-0.14779
-0.138548
-0.128785
-0.118412
-0.10748
-0.0960463
-0.08417
-0.0720853
-0.059686
-0.0470386
-0.0342103
-0.0212691
-0.00846474
0.00431786
0.0170128
0.0295555
0.0418832
0.0537654
0.0653132
0.0764697
0.0871794
0.0973888
0.106911
0.115836
0.124124
0.131738
0.138645
0.144728
0.150053
0.154599
0.158351
0.161299
0.163403
0.164693
0.165171
0.164843
0.163721
0.161849
0.159225
0.155874
0.151825
0.14711
0.141838
0.135968
0.12954
0.122596
0.115186
0.107473
0.0993936
0.0910006
0.082344
0.0734743
0.0645732
0.0555601
0.0464866
0.037405
0.0283675
0.0195557
0.010888
0.00241007
-0.00583594
-0.0138113
-0.0213679
-0.0285832
-0.0354238
-0.0418568
-0.0478516
-0.053301
-0.0582652
-0.0627298
-0.0666856
-0.0701264
-0.0730056
-0.0753616
-0.077192
-0.0784973
-0.0792829
-0.0795569
-0.0793377
-0.0786446
-0.0774993
-0.0759242
-0.0739741
-0.0716408
-0.0689498
-0.065929
-0.0626093
-0.0590802
-0.0553209
-0.0513671
-0.0472541
-0.0430163
-0.0387538
-0.0344318
-0.0300826
-0.0257391
-0.0214348
-0.0172673
-0.0132028
-0.00926955
-0.00549306
-0.00189632
0.00144842
0.00457257
0.00745788
0.010088
0.0124491
0.0145007
0.0162638
0.0177321
0.0189016
0.0197706
0.0203362
0.0206068
0.0205895
0.0202937
0.0197297
0.018928
0.017881
0.0166026
0.0151091
0.0134204
0.0115951
0.00961939
0.00751572
0.00530585
0.00301102
0.000697968
-0.00165578
-0.00402604
-0.00638764
-0.00871545
-0.0109424
-0.0130895
-0.0151365
-0.0170641
-0.018854
-0.0204568
-0.0218868
-0.0231277
-0.0241646
-0.0249843
-0.0255634
-0.0259049
-0.0260021
-0.0258503
-0.0254468
-0.0248018
-0.0239042
-0.0227557
-0.0213595
-0.0197207
-0.0178808
-0.0158146
-0.0135331
-0.0110491
-0.00837692
-0.00558521
-0.00263709
0.000450472
0.00365976
0.00697226
0.0103041
0.0136991
0.0171356
0.0205912
0.0240436
0.0274053
0.0307217
0.0339729
0.0371391
0.0402
0.0430779
0.0458099
0.0483772
0.0507624
0.0529501
0.0548863
0.056598
0.0580732
0.0593012
0.0602729
0.0609652
0.0613892
0.061541
0.061418
0.0610183
0.0603521
0.0594115
0.0582015
0.0567296
0.0550043
0.0530702
0.0509002
0.0485035
0.0458912
0.043077
0.040134
0.0370245
0.0337674
0.0303811
0.0268833
0.023361
0.0197622
0.0161059
0.0124124
0.00870228
0.00507007
0.00146077
-0.0021072
-0.00561577
-0.00904716
-0.0123147
-0.015472
-0.0185045
-0.021399
-0.0241433
-0.0266684
-0.0290192
-0.0311842
-0.0331537
-0.0349201
-0.0364406
-0.0377496
-0.0388449
-0.0397243
-0.0403856
-0.0408111
-0.0410164
-0.0410033
-0.0407758
-0.0403396
-0.0397079
-0.0388811
-0.0378666
-0.0366715
-0.0353043
-0.0338
-0.0321424
-0.0303422
-0.0284106
-0.0263595
-0.0242426
-0.0220305
-0.0197355
-0.0173699
-0.0149456
-0.0125251
-0.0100684
-0.00758668
-0.00509119
-0.00259344
-0.000159495
0.00225445
0.00463856
0.00698419
0.00928377
0.0114777
0.013612
0.0156795
0.0176731
0.0195855
0.0213639
0.0230499
0.0246403
0.0261327
0.0275258
0.0287809
0.0299338
0.0309833
0.0319288
0.0327703
0.0334826
0.034093
0.0346028
0.0350132
0.0353257
0.0355276
0.0356364
0.0356497
0.0355552
0.0353548
0.0350482
0.0346426
0.0341425
0.0335535
0.0328815
0.0321386
0.0313229
0.0304382
0.0294881
0.0284771
0.0274259
0.0263264
0.0251859
0.0240108
0.0228061
0.0215975
0.0203668
0.0191185
0.0178577
0.0165898
0.0153457
0.0141025
0.0128636
0.0116326
0.0104135
0.00923952
0.00808608
0.00695739
0.00585671
0.0047865
0.00377778
0.0028035
0.00186741
0.000973754
0.000126484
-0.00064471
-0.00136609
-0.00203654
-0.0026552
-0.00322107
-0.00371037
-0.0041463
-0.00452829
-0.00485628
-0.00513059
-0.00533457
-0.00548775
-0.00559128
-0.00564675
-0.00565617
-0.00561065
-0.00552518
-0.00540243
-0.00524516
-0.00505635
-0.00483369
-0.00458736
-0.00432139
-0.00403978
-0.00374638
-0.00344348
-0.00313624
-0.00282833
-0.00252344
-0.0022252
-0.00193821
-0.00166395
-0.00140493
-0.00116327
-0.000940782
-0.00074109
-0.000562872
-0.000406989
-0.000273825
-0.000163271
-7.63603e-05
-9.94628e-06
3.72966e-05
6.70943e-05
8.15743e-05
8.25925e-05
7.40238e-05
5.88822e-05
4.04112e-05
2.20518e-05
7.38232e-06
2.12057e-07
0
0
0
0
0
0
0
0
0
0
0
0
0
0
0
0
0
0
0
0
0
0
0
0
0
0
0
0
0
0
0
0
0
0
0
0
0
0
0
0
0
0
0
0
0
0
0
0
0
0
0
0
0
0
0
0
0
0
0
0
0
0
0
0
0
0
0
0
0
0
0
0
0
0
0
0
0
0
0
0
0
0
0
0
0
0
0
0
0
0
0
0
0
0
0
0
0
0
0
0
0
0
0
0
0
0
0
0
0
0
0
0
0
0
0
0
0
0
0
0
0
0
0
0
0
0
0
0
0
0
0
0
0
0
0
0
0
0
0
0
0
0
0
0
0
0
0
0
0
0
0
0
0
0
0
0
0
0
0
0
0
0
0
0
0
0
0
0
0
0
0
0
0
0
0
0
0
0
0
0
0
0
0
0
0
0
0
0
0
0
0
0
0
0
0
0
0
0
0
0
0
0
0
0
0
0
0
0
0
0
0
0
0
0
0
0
0
0
0
0
0
0
0
0
0
0
0
0
0
0
0
0
0
0
0
0
0
0
0
0
0
0
0
0
0
0
0
0
0
0
0
0
0
0
0
0
0
0
0
0
0
0
0
0
0
0
0
0
0
0
0
0
0
0
0
0
0
0
0
0
0
0
0
0
0
0
0
0
0
0
0
0
0
0
0
0
0
0
0
0
0
0
0
0
0
0
0
0
0
0
0
0
0
0
0
0
0
0
0
0
0
0
