-0
-0
-0
-0
-0
-0
-0
-0
-0
-0
-0
-0
-0
-0
0
0
0
0
0
0
0
0
0
0
0
0
0
0
0
0
0
0
0
0
0
0
0
0
0
0
0
0
0
0
0
0
0
0
0
0
0
0
0
0
0
0
0
0
0
0
0
0
0
0
0
0
0
0
0
0
0
0
0
-0
-0
-0
-0
-0
-0
-0
-0
-0
-0
-0
-0
-0
-0
-0
-0
-0
-0
-0
-0
-0
-0
-0
-0
-0
-0
-0
-0
-0
-0
-0
-0
-0
-0
-0
-0
-0
-0
-0
-0
-0
-0
-0
-0
-0
-0
-0
-0
-0
-0
-0
-0
-0
-0
0
0
0
0
0
0
0
0
0
0
0
0
0
0
0
0
0
0
0
0
0
0
0
0
0
0
0
0
0
0
0
0
0
0
0
0
0
0
0
0
0
0
0
0
0
0
-0
-0
-0
-0
-0
-0
-0
-0
-0
-0
-0
-0
-0
-0
-0
-0
-0
-0
-0
-0
-0
-0
-0
-0
-0
-0
-0
-0
-0
-0
-0
-0
-0
-0
-0
-0
-0
-0
-0
-0
-0
-0
-0
-0
-0
-0
-0
0
0
0
0
0
0
0
0
0
0
0
0
0
0
0
0
0
0
0
0
0
0
0
0
0
0
0
0
0
0
0
0
0
0
0
0
0
0
0
0
0
0
0
0
-0
-0
-0
-0
-0
-0
-0
-0
-0
-0
-0
-0
-0
-0
-0
-0
-0
-0
-0
-0
-0
-0
-0
-0
-0
-0
-0
-0
-0
-0
-0
-0
-0
-0
-0
-0
-0
-0
-0
-0
-0
-0
-0
-0
-0
-0
0
0
0
0
0
0
0
0
0
0
0
0
7.71684e-07
3.12659e-05
0.000109234
0.000237318
0.000416223
0.000644764
0.000919939
0.00123703
0.00158969
0.00197004
0.00236886
0.0027757
0.00317924
0.0035675
0.00392809
0.00424842
0.00451582
0.00471781
0.00484241
0.00487838
0.00481555
0.00464485
0.00435842
0.00394967
0.00341356
0.00274696
0.00194906
0.00102154
-3.16565e-05
-0.00120467
-0.00249022
-0.00387968
-0.00536294
-0.00692791
-0.00856016
-0.010243
-0.0119578
-0.0136848
-0.0154038
-0.0170949
-0.018738
-0.0203135
-0.0218021
-0.0231843
-0.0244413
-0.0255542
-0.026505
-0.0272766
-0.0278531
-0.0282212
-0.0283702
-0.0282927
-0.0279842
-0.0274429
-0.0266685
-0.0256622
-0.0244268
-0.0229672
-0.0212915
-0.0194113
-0.0173416
-0.0151009
-0.0127096
-0.0101895
-0.0075628
-0.00485221
-0.00208061
0.000728486
0.00355046
0.00635915
0.00912662
0.0118234
0.0144194
0.016885
0.019193
0.0213196
0.023245
0.0249527
0.0264282
0.0276573
0.028625
0.0293165
0.0297181
0.02982
0.0296181
0.0291142
0.0283148
0.0272291
0.0258669
0.0242382
0.0223539
0.0202355
0.0178994
0.0153616
0.0126407
0.00975572
0.00672499
0.00356537
0.000293337
-0.00307341
-0.00651472
-0.0100077
-0.0135278
-0.0170501
-0.0205508
-0.0240078
-0.0274006
-0.03071
-0.0339174
-0.0370047
-0.0399536
-0.0427458
-0.0453626
-0.0477856
-0.0499978
-0.0519844
-0.0537343
-0.0552401
-0.0564964
-0.0574984
-0.0582403
-0.0587146
-0.0589137
-0.0588314
-0.0584647
-0.0578141
-0.0568831
-0.0556762
-0.0541986
-0.0524558
-0.0504547
-0.048205
-0.0457191
-0.0430115
-0.0400976
-0.0369926
-0.0337109
-0.0302669
-0.026676
-0.0229549
-0.0191222
-0.0151973
-0.0112004
-0.00715194
-0.00307253
0.00101722
0.00509717
0.00914819
0.0131522
0.0170919
0.0209489
0.0247033
0.0283331
0.0318153
0.035128
0.0382523
0.0411733
0.0438795
0.0463608
0.0486068
0.050606
0.0523459
0.0538143
0.0550006
0.0558961
0.0564948
0.056793
0.0567893
0.0564851
0.055884
0.0549914
0.0538125
0.0523518
0.0506126
0.0485982
0.0463142
0.04377
0.0409792
0.0379584
0.034725
0.0312951
0.0276828
0.023902
0.0199678
0.0158983
0.0117147
0.00743997
0.00309679
-0.00129363
-0.00571178
-0.0101389
-0.0145558
-0.0189421
-0.0232766
-0.0275378
-0.0317051
-0.0357581
-0.0396771
-0.0434422
-0.047033
-0.0504301
-0.0536152
-0.0565725
-0.0592884
-0.0617511
-0.0639492
-0.065871
-0.0675045
-0.0688378
-0.069861
-0.0705666
-0.0709505
-0.0710118
-0.0707515
-0.0701719
-0.0692756
-0.0680656
-0.0665455
-0.0647209
-0.0625993
-0.0601907
-0.0575071
-0.0545618
-0.0513691
-0.0479444
-0.0443042
-0.040467
-0.0364532
-0.0322846
-0.0279837
-0.0235731
-0.0190754
-0.0145136
-0.00991191
-0.00529601
-0.000692996
0.0038696
0.0083647
0.0127662
0.0170489
0.0211879
0.0251583
0.0289352
0.0324945
0.0358131
0.0388693
0.0416424
0.0441122
0.0462583
0.0480612
0.0495039
0.0505728
0.0512594
0.0515587
0.0514676
0.050983
0.0501003
0.0488141
0.04712
0.0450168
0.042509
0.0396068
0.0363253
0.0326822
0.0286964
0.0243865
0.0197705
0.0148671
0.00969654
0.00428205
-0.00134924
-0.00716642
-0.0131354
-0.0192199
-0.0253833
-0.0315886
-0.0377998
-0.0439813
-0.0500972
-0.0561113
-0.0619864
-0.0676842
-0.0731659
-0.0783918
-0.0833228
-0.087921
-0.0921506
-0.0959794
-0.0993783
-0.102321
-0.104784
-0.106742
-0.108169
-0.109041
-0.109335
-0.109033
-0.108122
-0.106597
-0.104454
-0.101692
-0.0983129
-0.0943171
-0.0897106
-0.0845054
-0.078721
-0.0723836
-0.0655237
-0.0581731
-0.0503618
-0.0421189
-0.0334734
-0.0244576
-0.0151093
-0.00547344
0.00439889
0.0144526
0.0246312
0.0348794
0.0451439
0.0553727
0.0655137
0.0755126
0.0853117
0.0948499
0.104065
0.112895
0.121283
0.129177
0.136528
0.143293
0.149427
0.154886
0.159626
0.163604
0.16678
0.16912
0.170599
0.171197
0.170901
0.169701
0.167592
0.16457
0.160636
0.155792
0.150047
0.143417
0.135923
0.127596
0.118472
0.108591
0.0979973
0.0867349
0.0748509
0.062395
0.0494215
0.0359901
0.022166
0.00801939
-0.00637615
-0.0209455
-0.035613
-0.050304
-0.0649444
-0.0794615
-0.0937833
-0.107838
-0.121553
-0.134855
-0.14767
-0.159924
-0.171545
-0.182463
-0.192616
-0.201944
-0.210397
-0.217927
-0.224493
-0.230061
-0.234601
-0.238091
-0.240513
-0.241857
-0.242115
-0.241286
-0.239375
-0.236393
-0.232355
-0.227284
-0.221207
-0.214157
-0.20617
-0.197288
-0.187558
-0.17703
-0.165762
-0.153812
-0.141242
-0.128116
-0.114501
-0.100465
-0.0860786
-0.0714154
-0.0565505
-0.0415598
-0.0265191
-0.0115036
0.00341243
0.0181561
0.0326561
0.0468428
0.0606487
0.0740088
0.0868604
0.0991443
0.110805
0.121789
0.13205
0.141545
0.150235
0.158086
0.165068
0.171157
0.176332
0.180579
0.183888
0.186254
0.187677
0.188164
0.187724
0.186373
0.184132
0.181024
0.177079
0.172327
0.166803
0.160547
0.153598
0.146005
0.137816
0.129083
0.11986
0.110199
0.100157
0.0897883
0.0791507
0.0683027
0.0573034
0.0462117
0.0350854
0.0239806
0.0129521
0.00205297
-0.00866487
-0.0191514
-0.0293586
-0.0392416
-0.0487579
-0.0578679
-0.0665348
-0.0747241
-0.0824043
-0.0895475
-0.0961293
-0.102129
-0.107532
-0.112323
-0.116493
-0.120036
-0.122949
-0.125232
-0.126889
-0.127926
-0.128355
-0.128189
-0.127443
-0.126137
-0.124291
-0.121928
-0.119075
-0.115759
-0.112009
-0.107856
-0.103332
-0.0984711
-0.0933081
-0.0878786
-0.0822185
-0.0763634
-0.0703483
-0.0642139
-0.0580008
-0.0517399
-0.0454619
-0.039197
-0.0329744
-0.0268221
-0.0207661
-0.0148305
-0.0090381
-0.00341075
0.00203045
0.00726489
0.0122729
0.0170361
0.0215385
0.025766
0.029707
0.0333517
0.0366919
0.0397202
0.0424305
0.0448178
0.0468785
0.0486107
0.0500144
0.0510913
0.0518451
0.0522813
0.0524067
0.0522295
0.0517584
0.0510034
0.0499754
0.0486864
0.0471503
0.0453821
0.043398
0.0412148
0.0388497
0.03632
0.0336435
0.0308385
0.0279238
0.0249183
0.0218408
0.0187098
0.0155433
0.0123593
0.00917562
0.00601008
0.00287979
-0.000199385
-0.00321309
-0.00614829
-0.00899276
-0.0117347
-0.0143625
-0.0168655
-0.0192346
-0.0214622
-0.0235427
-0.0254714
-0.0272442
-0.0288577
-0.0303092
-0.0315975
-0.0327234
-0.0336892
-0.0344979
-0.0351526
-0.0356565
-0.0360133
-0.036228
-0.0363073
-0.0362592
-0.0360922
-0.035814
-0.0354312
-0.0349502
-0.0343777
-0.0337216
-0.0329912
-0.0321957
-0.0313438
-0.0304422
-0.0294962
-0.0285105
-0.0274837
-0.0264161
-0.0253166
-0.0241935
-0.0230515
-0.0218942
-0.0207134
-0.019523
-0.0183255
-0.0171231
-0.0159173
-0.0147012
-0.0134817
-0.0122583
-0.0110309
-0.0098002
-0.00856604
-0.00732945
-0.00608988
-0.00484608
-0.00359661
-0.00234744
-0.00109098
0.000172543
0.00144252
0.00271816
0.00398322
0.00525188
0.00652225
0.00779183
0.00905768
0.0102941
0.0115202
0.0127316
0.0139231
0.0150894
0.0161979
0.0172707
0.0183027
0.0192885
0.0202227
0.0210711
0.0218568
0.0225735
0.0232151
0.0237758
0.0242251
0.0245848
0.0248508
0.0250194
0.0250877
0.0250342
0.024878
0.0246183
0.0242547
0.0237873
0.0232061
0.0225243
0.0217447
0.0208715
0.0199089
0.0188609
0.017733
0.0165298
0.0152564
0.0139181
0.0125295
0.0110875
0.00959818
0.00806731
0.00650041
0.00491963
0.00331259
0.00168432
3.93882e-05
-0.00161829
-0.00326268
-0.00491496
-0.00657299
-0.00823489
-0.00989904
-0.0115376
-0.0131772
-0.0148175
-0.0164586
-0.0181007
-0.0197155
-0.021331
-0.0229465
-0.0245606
-0.026145
-0.0276463
-0.0290817
-0.0304408
-0.0317134
-0.0328891
-0.0339356
-0.0348656
-0.0356698
-0.0363396
-0.0368666
-0.0372292
-0.0374334
-0.0374723
-0.0373396
-0.0370301
-0.036538
-0.0358606
-0.0349947
-0.0339383
-0.0326902
-0.031264
-0.0296475
-0.0278432
-0.0258544
-0.0236856
-0.0213701
-0.0188864
-0.0162422
-0.0134462
-0.0105082
-0.00748003
-0.00433259
-0.00107861
0.00226827
0.00569357
0.0091323
0.0126184
0.0161354
0.0196662
0.0231933
0.0266454
0.0300572
0.0334104
0.0366861
0.039866
0.0428819
0.0457654
0.0484987
0.0510644
0.0534458
0.0555876
0.0575136
0.0592092
0.0606608
0.0618556
0.0627598
0.0633855
0.0637241
0.063768
0.0635111
0.0629476
0.0620755
0.0608933
0.0594014
0.0576018
0.0555201
0.0531397
0.0504672
0.0475108
0.0442804
0.0408313
0.0371329
0.0332
0.0290488
0.0246969
0.0202244
0.0155893
0.0108124
0.00591537
0.000921245
-0.0040741
-0.00911882
-0.0141885
-0.0192582
-0.0243029
-0.0292229
-0.0340671
-0.0388101
-0.0434267
-0.0478926
-0.0521171
-0.0561443
-0.0599524
-0.0635201
-0.0668275
-0.0698048
-0.0724847
-0.0748509
-0.0768889
-0.0785859
-0.0799038
-0.0808608
-0.0814496
-0.0816646
-0.081502
-0.0809601
-0.0800392
-0.0787419
-0.0770727
-0.0750384
-0.0726752
-0.069966
-0.0669232
-0.063561
-0.0598953
-0.0559951
-0.0518275
-0.0474125
-0.0427714
-0.0379266
-0.0329713
-0.027861
-0.0226215
-0.0172795
-0.0118623
-0.00647601
-0.00107037
0.00432661
0.00968718
0.0149842
0.0201145
0.02513
0.0300066
0.0347209
0.0392502
0.0435066
0.0475351
0.0513161
0.0548314
0.0580644
0.0609533
0.0635322
0.0657903
0.0677188
0.069311
0.070539
0.0714223
0.0719589
0.0721481
0.071991
0.0714939
0.0706591
0.0694945
0.0680105
0.0662187
0.0641596
0.0618186
0.0592098
0.0563482
0.0532507
0.0499835
0.0465187
0.0428773
0.0390811
0.0351521
0.0311726
0.027104
0.0229677
0.0187853
0.0145786
0.0104343
0.00631029
0.00222867
-0.00178878
-0.00572144
-0.00948994
-0.0131372
-0.0166471
-0.0200038
-0.0231918
-0.0261475
-0.0289054
-0.0314529
-0.0337798
-0.0358777
-0.0377088
-0.0392996
-0.040646
-0.0417446
-0.0425925
-0.0431766
-0.0435089
-0.0435912
-0.0434274
-0.0430229
-0.0423924
-0.0415355
-0.0404606
-0.0391768
-0.037694
-0.0360484
-0.0342266
-0.032242
-0.0301088
-0.0278418
-0.025494
-0.0230416
-0.0204986
-0.0178792
-0.0151983
-0.012516
-0.0098039
-0.00707797
-0.00435377
-0.00164591
0.000986844
0.00357639
0.00610986
0.00857453
0.0109581
0.0132094
0.0153577
0.0173932
0.019307
0.0210907
0.0227069
0.0241782
0.0254991
0.0266655
0.0276749
0.0285093
0.0291831
0.0296946
0.0300428
0.0302276
0.030249
0.0301115
0.0298193
0.0293772
0.0287904
0.0280761
0.0272278
0.0262512
0.0251531
0.0239408
0.0226455
0.0212525
0.0197706
0.0182092
0.016578
0.0149175
0.0132068
0.0114554
0.00967301
0.0078693
0.006088
0.00430461
0.00252854
0.00076896
-0.000965139
-0.00263207
-0.00425597
-0.00582829
-0.00734087
-0.00878618
-0.01013
-0.0113941
-0.012573
-0.0136615
-0.0146542
-0.0155273
-0.0162954
-0.0169555
-0.0175052
-0.017943
-0.0182593
-0.0184617
-0.0185495
-0.0185229
-0.0183826
-0.0181332
-0.0177738
-0.0173065
-0.0167334
-0.0160572
-0.0152944
-0.0144362
-0.013488
-0.0124561
-0.0113462
-0.010186
-0.00895828
-0.00766818
-0.00632164
-0.00492555
-0.0035154
-0.00207091
-0.000599341
0.000892494
0.00239795
0.00387997
0.00536156
0.00683535
0.00829414
0.0097313
0.011112
0.0124592
0.0137668
0.0150283
0.0162368
0.0173622
0.0184227
0.0194139
0.0203323
0.0211748
0.0219219
0.0225859
0.0231627
0.0236489
0.0240417
0.0243336
0.0245304
0.0246324
0.0246403
0.0245548
0.0243804
0.0241133
0.0237541
0.0233042
0.022766
0.0221569
0.0214674
0.0207024
0.0198669
0.0189654
0.018024
0.0170253
0.015974
0.0148755
0.0137359
0.0125882
0.0114124
0.0102154
0.00900355
0.00778368
0.00659018
0.00540173
0.00422448
0.00306424
0.00192657
0.000842425
-0.000207869
-0.00121835
-0.00218306
-0.00309643
-0.00393411
-0.00471172
-0.00542587
-0.00607329
-0.00665059
-0.00714309
-0.00755882
-0.00789521
-0.00815054
-0.00832392
-0.00841356
-0.00842086
-0.00834594
-0.00818919
-0.00795144
-0.00764252
-0.00725627
-0.00679559
-0.00626392
-0.00566508
-0.00501987
-0.00431564
-0.00355642
-0.00274622
-0.00188916
-0.00101225
-9.80514e-05
0.000847553
0.00181803
0.00280658
0.00378179
0.00476251
0.0057433
0.00671897
0.00768417
0.00860987
0.00951334
0.0103884
0.0112289
0.0120293
0.0127663
0.0134536
0.0140851
0.0146509
0.0151464
0.015558
0.0158927
0.0161479
0.0163214
0.0164119
0.0164185
0.0163426
0.0161859
0.0159505
0.0156387
0.0152617
0.0148141
0.0143002
0.0137255
0.0130966
0.0124358
0.0117337
0.0109963
0.0102291
0.00943794
0.00864861
0.00784841
0.00704481
0.00624504
0.00545572
0.00470177
0.00396872
0.00326162
0.00258537
0.00194455
0.00135864
0.000814417
0.000314285
-0.000139723
-0.000545733
-0.000892165
-0.00118849
-0.00143457
-0.00163135
-0.00178059
-0.00188079
-0.00193825
-0.0019552
-0.00193396
-0.00187721
-0.00178986
-0.00167403
-0.0015339
-0.00137365
-0.00119728
-0.00101371
-0.000821149
-0.000623386
-0.000424154
-0.000226996
-4.14429e-05
0.000136755
0.000305082
0.00046122
0.000603027
0.000722894
0.000825879
0.000910995
0.000977782
0.00102621
0.00105255
0.00106204
0.00105537
0.00103346
0.000997558
0.000947066
0.000886381
0.000817381
0.000742017
0.000662268
0.0005794
0.000496374
0.0004151
0.000337389
0.000264906
0.000199041
0.000141214
9.24662e-05
5.35985e-05
2.51464e-05
7.36124e-06
1.86489e-07
0
0
0
0
0
0
0
0
0
0
0
0
0
0
0
0
0
0
0
0
-0
-0
-0
-0
-0
-0
-0
-0
-0
-0
-0
-0
-0
-0
-0
-0
-0
-0
-0
-0
-0
-0
-0
-0
-0
-0
-0
-0
-0
-0
-0
-0
-0
-0
0
0
0
0
0
0
0
0
0
0
0
0
0
0
0
0
0
0
0
0
0
0
0
0
0
0
0
0
0
0
0
0
0
0
0
0
0
0
0
0
0
0
0
0
0
0
0
0
0
0
0
-0
-0
-0
-0
-0
-0
-0
-0
-0
-0
-0
-0
-0
-0
-0
-0
-0
-0
-0
-0
-0
-0
-0
-0
-0
-0
-0
-0
-0
-0
-0
-0
-0
-0
-0
-0
-0
-0
-0
0
0
0
0
0
0
0
0
0
0
0
0
0
0
0
0
0
0
0
0
0
0
0
0
0
0
0
0
0
0
0
0
0
0
0
0
0
0
0
0
0
0
0
0
0
0
0
0
0
-0
-0
-0
-0
-0
-0
-0
-0
-0
-0
-0
-0
-0
-0
-0
-0
-0
-0
-0
-0
-0
-0
-0
-0
-0
-0
-0
-0
-0
-0
-0
-0
-0
-0
-0
-0
0
0
0
0
0
0
0
0
0
0
0
0
0
0
0
0
0
0
0
0
0
0
0
0
0
0
0
0
0
0
0
0
0
0
0
0
0
0
0
0
0
0
0
0
0
0
0
0
0
0
0
0
0
0
0
0
0
0
0
0
0
0
0
0
0
0
0
0
0
0
0
0
0
0
0
0
0
0
0
0
0
0
0
0
0
0
0
-0
-0
-0
-0
-0
-0
