0
0
0
0
0
0
0
0
0
0
0
0
0
0
0
0
0
0
0
0
0
0
0
0
0
0
0
0
0
0
0
0
0
0
0
0
0
0
0
0
0
0
0
0
0
0
0
0
0
0
0
0
0
0
0
0
0
0
0
0
0
0
0
0
0
0
0
0
0
0
0
0
0
0
0
0
0
0
0
0
0
0
0
0
0
0
0
0
0
0
0
0
0
0
0
0
0
0
0
0
0
0
0
0
0
0
0
0
0
0
0
0
0
0
0
0
0
0
0
0
0
0
0
0
0
0
0
0
0
0
0
0
0
0
0
0
0
0
0
0
0
0
0
0
0
0
0
0
0
0
0
0
0
0
0
0
0
0
0
0
0
0
0
0
0
0
0
0
0
0
0
0
0
0
0
0
0
0
0
0
0
0
0
0
0
0
0
0
0
0
0
0
0
0
0
0
0
0
0
0
0
0
0
0
0
0
0
0
0
0
0
0
0
0
0
0
0
0
0
0
0
0
0
0
0
0
0
0
0
0
0
0
0
0
0
0
2.32529e-05
0.000100334
0.000237496
0.000439268
0.000708393
0.00104577
0.00145044
0.00191956
0.00244845
0.00303065
0.00365802
0.00432086
0.0050081
0.00570738
0.00640533
0.00708767
0.00773946
0.00834538
0.00888988
0.00935751
0.00973308
0.010002
0.0101503
0.0101654
0.0100356
0.00975093
0.00930288
0.00868472
0.00789157
0.00692061
0.00577126
0.0044453
0.00294693
0.00128273
-0.000538539
-0.00250606
-0.0046071
-0.0068271
-0.00914969
-0.0115567
-0.0140284
-0.0165433
-0.0190789
-0.0216113
-0.0241167
-0.0265708
-0.0289498
-0.0312304
-0.0333897
-0.0354052
-0.0372549
-0.0389176
-0.0403733
-0.0416038
-0.0425935
-0.0433294
-0.0438007
-0.0439992
-0.0439182
-0.0435534
-0.0429033
-0.0419694
-0.0407566
-0.0392731
-0.0375299
-0.0355395
-0.0333163
-0.0308761
-0.0282371
-0.0254196
-0.0224469
-0.0193437
-0.016136
-0.0128499
-0.00951081
-0.00614411
-0.00277512
0.000570263
0.00386564
0.00708459
0.0102016
0.0131931
0.0160376
0.018716
0.0212111
0.0235071
0.0255891
0.0274444
0.0290622
0.0304352
0.0315703
0.0324763
0.0331561
0.0336135
0.0338531
0.03388
0.0337006
0.0333228
0.0327568
0.0320144
0.0311086
0.0300528
0.0288606
0.0275453
0.0261205
0.0246004
0.0230001
0.0213355
0.019623
0.0178792
0.0161201
0.0143614
0.0126186
0.0109064
0.00923964
0.00763244
0.00609833
0.00464989
0.00329856
0.00205452
0.000926701
-7.71466e-05
-0.000950384
-0.00168749
-0.00228414
-0.00273738
-0.00304578
-0.00320947
-0.00323003
-0.00311021
-0.00285369
-0.00246488
-0.00194895
-0.00131208
-0.000561579
0.000294044
0.00124532
0.0022822
0.00339438
0.00457142
0.0058026
0.0070766
0.00838137
0.00970416
0.0110319
0.0123518
0.0136515
0.0149193
0.0161441
0.0173149
0.0184212
0.0194528
0.0203999
0.0212536
0.0220057
0.0226487
0.0231756
0.0235803
0.0238575
0.0240032
0.0240148
0.0238907
0.0236305
0.0232345
0.0227035
0.0220393
0.0212446
0.0203232
0.0192797
0.0181201
0.0168507
0.0154792
0.0140138
0.0124641
0.0108401
0.00915225
0.007411
0.00562637
0.00380808
0.00196578
0.000109307
-0.00175127
-0.00360578
-0.00544417
-0.00725664
-0.00903364
-0.0107657
-0.0124434
-0.0140574
-0.015599
-0.0170603
-0.0184347
-0.0197165
-0.0209009
-0.0219833
-0.0229596
-0.0238261
-0.0245798
-0.0252184
-0.0257408
-0.0261462
-0.0264342
-0.0266048
-0.0266585
-0.0265964
-0.0264202
-0.0261325
-0.0257364
-0.0252354
-0.0246334
-0.0239349
-0.0231451
-0.0222698
-0.0213146
-0.0202851
-0.0191861
-0.0180219
-0.0167967
-0.0155148
-0.0141808
-0.0127999
-0.0113773
-0.00991861
-0.00842902
-0.00691384
-0.00537818
-0.00382689
-0.00226427
-0.000693842
0.000881642
0.00245997
0.00403912
0.00561695
0.00719122
0.00875979
0.0103209
0.0118733
0.0134164
0.0149495
0.0164725
0.017985
0.0194869
0.0209785
0.0224602
0.0239323
0.0253949
0.0268476
0.0282898
0.0297208
0.03114
0.032547
0.0339413
0.0353217
0.0366861
0.0380318
0.0393556
0.0406542
0.0419245
0.0431631
0.0443664
0.0455304
0.0466507
0.0477229
0.0487427
0.0497059
0.0506078
0.0514432
0.0522053
0.0528866
0.0534785
0.0539724
0.0543601
0.0546333
0.0547847
0.0548068
0.054693
0.0544367
0.0540321
0.0534734
0.0527549
0.0518711
0.0508164
0.0495853
0.0481735
0.0465773
0.0447943
0.0428225
0.0406609
0.0383091
0.0357677
0.0330382
0.0301232
0.0270264
0.0237523
0.020306
0.0166938
0.0129231
0.00900315
0.0049451
0.000761588
-0.0035335
-0.00792539
-0.0123985
-0.0169364
-0.0215217
-0.0261365
-0.0307621
-0.0353802
-0.0399719
-0.0445183
-0.0489996
-0.0533947
-0.0576814
-0.0618368
-0.065838
-0.0696623
-0.0732879
-0.0766931
-0.0798566
-0.0827574
-0.0853755
-0.0876917
-0.0896886
-0.0913502
-0.0926615
-0.0936083
-0.0941774
-0.0943568
-0.0941364
-0.0935084
-0.0924671
-0.0910091
-0.0891325
-0.0868375
-0.084126
-0.0810025
-0.0774739
-0.0735493
-0.0692399
-0.0645582
-0.0595181
-0.0541354
-0.0484276
-0.0424145
-0.0361184
-0.0295632
-0.0227749
-0.0157806
-0.00860935
-0.0012916
0.00614083
0.0136552
0.0212185
0.0287975
0.0363592
0.0438704
0.0512975
0.0586069
0.0657649
0.0727384
0.0794953
0.0860042
0.0922343
0.0981555
0.103738
0.108952
0.113771
0.118169
0.122122
0.125609
0.12861
0.13111
0.133092
0.134545
0.135461
0.135834
0.135661
0.134943
0.133683
0.131886
0.129561
0.126719
0.123375
0.119545
0.115248
0.110505
0.105339
0.0997746
0.0938387
0.08756
0.0809691
0.0740974
0.0669775
0.059643
0.0521282
0.0444684
0.0366996
0.0288578
0.020979
0.0130991
0.00525396
-0.00252082
-0.01019
-0.017719
-0.0250745
-0.0322246
-0.0391392
-0.0457892
-0.0521472
-0.0581872
-0.0638846
-0.069217
-0.0741643
-0.0787086
-0.0828343
-0.0865278
-0.0897774
-0.0925739
-0.0949101
-0.0967813
-0.0981853
-0.0991221
-0.0995939
-0.0996051
-0.0991622
-0.098274
-0.0969512
-0.0952067
-0.0930549
-0.090512
-0.0875954
-0.084324
-0.0807183
-0.0768003
-0.0725932
-0.0681214
-0.0634098
-0.058484
-0.05337
-0.0480941
-0.0426829
-0.0371631
-0.0315614
-0.0259045
-0.0202188
-0.0145305
-0.00886522
-0.00324808
0.00229686
0.00774653
0.0130789
0.0182729
0.0233084
0.0281662
0.0328284
0.0372781
0.0415003
0.0454815
0.0492095
0.052674
0.0558661
0.0587781
0.0614043
0.0637399
0.065782
0.0675285
0.0689791
0.0701345
0.0709973
0.0715714
0.0718623
0.0718765
0.0716216
0.0711058
0.0703381
0.0693285
0.0680879
0.0666282
0.0649619
0.0631023
0.061063
0.0588576
0.0565002
0.0540053
0.0513872
0.0486605
0.0458396
0.042939
0.0399733
0.0369573
0.0339056
0.0308324
0.0277512
0.0246747
0.0216147
0.0185825
0.0155894
0.0126462
0.00976356
0.00695148
0.00421898
0.00157416
-0.000975634
-0.0034236
-0.00576346
-0.00798954
-0.010097
-0.0120819
-0.013941
-0.0156714
-0.0172706
-0.0187364
-0.0200671
-0.0212622
-0.0223221
-0.0232481
-0.0240419
-0.0247054
-0.0252401
-0.025648
-0.0259316
-0.026094
-0.0261393
-0.0260718
-0.0258957
-0.0256153
-0.0252346
-0.0247582
-0.0241912
-0.0235393
-0.0228083
-0.0220041
-0.0211318
-0.0201967
-0.019204
-0.0181592
-0.0170681
-0.0159363
-0.0147694
-0.0135724
-0.0123502
-0.0111077
-0.00984974
-0.00858138
-0.00730753
-0.00603282
-0.00476158
-0.00349795
-0.00224597
-0.00100966
0.000207139
0.00140094
0.00256865
0.00370752
0.00481487
0.00588799
0.00692414
0.00792079
0.00887584
0.00978767
0.010655
0.0114766
0.012251
0.0129768
0.0136526
0.0142778
0.0148521
0.0153756
0.0158483
0.0162701
0.0166406
0.0169596
0.0172273
0.0174446
0.0176127
0.017733
0.0178064
0.0178339
0.0178161
0.0177542
0.01765
0.0175055
0.0173227
0.0171035
0.0168494
0.0165623
0.016244
0.0158967
0.0155229
0.0151248
0.0147042
0.0142627
0.0138008
0.0133083
0.0127861
0.0122386
0.0116701
0.0110848
0.0104863
0.00987851
0.00926542
0.00865129
0.0080404
0.00743672
0.00684371
0.00626445
0.00570183
0.00515867
0.00463767
0.00414117
0.00367094
0.00322819
0.00281373
0.00242828
0.00207259
0.00174733
0.00145286
0.00118898
0.000954868
0.000749309
0.000570918
0.000418328
0.00029018
0.000184999
0.000101066
3.64001e-05
-1.11458e-05
-4.37524e-05
-6.35567e-05
-7.26473e-05
-7.30923e-05
-6.69392e-05
-5.61675e-05
-4.26251e-05
-2.79977e-05
-1.38219e-05
-1.5107e-06
7.65098e-06
1.25507e-05
1.22961e-05
6.21907e-06
-6.17179e-06
-2.52482e-05
-5.12703e-05
-8.43292e-05
-0.000124304
-0.000171029
-0.000224092
-0.000282987
-0.00034722
-0.000416282
-0.000489553
-0.000566204
-0.00064522
-0.000725529
-0.000806147
-0.000886216
-0.000964875
-0.00104107
-0.00111345
-0.00118048
-0.00124069
-0.00129292
-0.00133638
-0.00137039
-0.00139423
-0.00140691
-0.00140741
-0.00139493
-0.00136896
-0.00132975
-0.00127749
-0.00121221
-0.00113371
-0.00104173
-0.000936621
-0.000819266
-0.000690945
-0.000552871
-0.000405879
-0.000250226
-8.62924e-05
8.49205e-05
0.000261752
0.00044187
0.000623779
0.00080639
0.000989423
0.00117288
0.00135557
0.00153679
0.00171437
0.00188609
0.00205036
0.00220522
0.00235139
0.00248822
0.00261432
0.00272778
0.00282513
0.00290661
0.00297159
0.00301956
0.00304962
0.0030582
0.00304519
0.00300894
0.00294867
0.00286447
0.00275463
0.00262094
0.00246243
0.00227777
0.00206602
0.00182551
0.00155876
0.00126676
0.000949838
0.000607519
0.000238186
-0.000157609
-0.000579025
-0.00102436
-0.00149191
-0.00198011
-0.00248972
-0.0030212
-0.00357432
-0.00414752
-0.00473542
-0.00533782
-0.00595261
-0.0065788
-0.00721588
-0.00785774
-0.00850758
-0.00916399
-0.00982372
-0.0104839
-0.0111353
-0.0117841
-0.0124286
-0.0130668
-0.0136956
-0.0143023
-0.0148933
-0.0154663
-0.0160187
-0.0165473
-0.0170379
-0.0174962
-0.017918
-0.0183001
-0.0186401
-0.0189255
-0.0191636
-0.0193503
-0.0194808
-0.0195501
-0.0195462
-0.0194739
-0.0193304
-0.0191126
-0.018817
-0.0184359
-0.0179696
-0.0174156
-0.0167722
-0.0160378
-0.0152129
-0.0142927
-0.0132749
-0.0121584
-0.0109437
-0.00964281
-0.00824771
-0.0067602
-0.00518134
-0.003512
-0.0017726
5.22402e-05
0.0019576
0.00393765
0.00598651
0.00807193
0.0102151
0.0124099
0.0146489
0.0169238
0.0191927
0.0214797
0.0237761
0.0260731
0.0283605
0.0305917
0.0327899
0.0349426
0.0370377
0.0390635
0.0409751
0.0427938
0.0445066
0.0460996
0.0475588
0.0488455
0.0499736
0.0509318
0.0517085
0.0522918
0.052657
0.052805
0.0527258
0.0524108
0.0518524
0.0510497
0.0499896
0.0486657
0.047073
0.0452085
0.0430994
0.0407182
0.0380667
0.0351467
0.0319613
0.0285662
0.0249172
0.0210239
0.0168983
0.0125537
0.00807586
0.0034079
-0.00143405
-0.00643192
-0.0115654
-0.0167265
-0.0219776
-0.0272948
-0.0326528
-0.0380257
-0.043295
-0.0485234
-0.0536818
-0.0587407
-0.0636702
-0.0683566
-0.0728536
-0.0771305
-0.0811562
-0.0849
-0.088268
-0.0912964
-0.0939586
-0.096229
-0.0980827
-0.0994637
-0.100381
-0.100815
-0.100747
-0.100161
-0.0990539
-0.0974042
-0.095203
-0.092444
-0.0891244
-0.0853016
-0.0809212
-0.0759887
-0.0705121
-0.0645019
-0.0580759
-0.0511476
-0.0437384
-0.0358736
-0.027581
-0.019034
-0.0101214
-0.000877693
0.00866006
0.0184515
0.0282854
0.0382845
0.0484019
0.0585889
0.0687959
0.0787979
0.0887172
0.0985016
0.108098
0.117453
0.126355
0.13491
0.143067
0.150773
0.157981
0.164522
0.17047
0.175784
0.180423
0.18435
0.187465
0.189801
0.191328
0.192022
0.191864
0.190848
0.188953
0.186172
0.182502
0.177946
0.172592
0.166368
0.15929
0.15138
0.142663
0.133324
0.123241
0.112455
0.101008
0.0889471
0.0765342
0.0636129
0.0502401
0.0364752
0.0223808
0.00826489
-0.00604826
-0.0204894
-0.0349875
-0.0494711
-0.0636214
-0.0776144
-0.0913798
-0.104847
-0.117947
-0.13039
-0.14233
-0.153704
-0.16445
-0.174511
-0.183663
-0.192022
-0.19954
-0.206173
-0.211881
-0.216539
-0.220207
-0.222861
-0.22448
-0.225049
-0.224555
-0.222995
-0.220372
-0.216691
-0.211966
-0.206299
-0.199628
-0.191978
-0.183385
-0.173885
-0.163689
-0.152678
-0.140904
-0.128424
-0.115298
-0.101815
-0.0878173
-0.0733749
-0.0585592
-0.0434428
-0.0283563
-0.0131163
0.00220281
0.0175262
0.0327793
0.047631
0.0622684
0.0766234
0.0906298
0.104224
0.117116
0.129475
0.141246
0.152375
0.162813
0.172343
0.181096
0.189038
0.196136
0.202364
0.207601
0.211931
0.215343
0.217829
0.219387
0.220001
0.219697
0.218489
0.216396
0.213439
0.209703
0.205158
0.199837
0.193774
0.18701
0.179709
0.171795
0.163315
0.15432
0.144862
0.135163
0.125109
0.114755
0.104156
0.0933665
0.082633
0.0718184
0.0609766
0.0501611
0.0394246
0.0290073
0.0187677
0.00875111
-0.0010001
-0.010446
-0.0193834
-0.0279436
-0.0360947
-0.043808
-0.0510578
-0.0576957
-0.063829
-0.0694423
-0.0745234
-0.0790635
-0.0829788
-0.0863438
-0.0891578
-0.0914228
-0.0931441
-0.094303
-0.0949388
-0.095067
-0.0947057
-0.093875
-0.0926139
-0.0909264
-0.0888357
-0.0863661
-0.0835438
-0.080449
-0.0770569
-0.0733965
-0.0694974
-0.06539
-0.0611796
-0.056821
-0.0523427
-0.0477718
-0.0431343
-0.0385385
-0.0339255
-0.0293199
-0.0247458
-0.0202265
-0.0158632
-0.0115948
-0.00743823
-0.00340858
0.000480107
0.00414727
0.00764975
0.0109789
0.0141286
0.0170951
0.0198251
0.0223687
0.0247255
0.0268963
0.0288828
0.0306541
0.0322486
0.0336714
0.0349287
0.0360277
0.036957
0.0377464
0.038407
0.0389505
0.0393883
0.0397204
0.0399671
0.0401382
0.0402444
0.0402971
0.0403019
0.0402767
0.0402318
0.0401764
0.0401185
0.040059
0.0400114
0.0399823
0.0399772
0.0400002
0.0400447
0.0401221
0.0402336
0.0403803
0.0405622
0.0407661
0.0410012
0.0412632
0.0415465
0.0418457
0.0421429
0.0424453
0.0427474
0.0430431
0.0433253
0.0435778
0.0438011
0.0439875
0.0441288
0.0442167
0.0442423
0.0441971
0.0440727
0.0438616
0.0435572
0.0431661
0.042672
0.0420713
0.0413602
0.0405356
0.0396207
0.0385878
0.0374359
0.0361653
0.0347774
0.0333142
0.0317404
0.0300609
0.0282811
0.0264074
0.0244956
0.0225044
0.0204431
0.018322
0.0161527
0.0140001
0.0118232
0.00963364
0.00744305
0.00526351
0.00315696
0.00108675
-0.000934516
-0.00289464
-0.00478179
-0.00654584
-0.00821306
-0.00977098
-0.0112073
-0.0125106
-0.0136505
-0.0146406
-0.0154752
-0.0161492
-0.016658
-0.0169967
-0.0171625
-0.0171538
-0.0169708
-0.0166154
-0.0161109
-0.01544
-0.0146067
-0.0136161
-0.0124753
-0.0112304
-0.00985366
-0.00835506
-0.00674496
-0.00503416
-0.00328259
-0.00145522
0.000433691
0.00236955
0.00433833
0.00627726
0.00822346
0.0101636
0.0120827
0.0139646
0.0157512
0.0174701
0.0191097
0.0206603
0.022113
0.0234322
0.0246335
0.0257062
0.0266407
0.0274298
0.0280634
0.0285438
0.0288686
0.0290353
0.0290421
0.0289055
0.0286107
0.028162
0.0275649
0.0268253
0.0259842
0.0250127
0.0239189
0.0227139
0.0214113
0.0200725
0.0186652
0.0172024
0.0156957
0.014157
0.012647
0.0111331
0.0096311
0.00815723
0.00672654
0.00538978
0.00412138
0.00293216
0.0018326
0.000832984
-3.94166e-05
-0.000791658
-0.00141378
-0.00189616
-0.00222969
-0.00241718
-0.00244508
-0.00231319
-0.00202328
-0.00157745
-0.00101628
-0.000302038
0.000561947
0.00156856
0.0027062
0.00389715
0.00518959
0.00656922
0.0080234
0.0095398
0.0110281
0.0125486
0.0140813
0.0156053
0.0171022
0.0184815
0.019809
0.0210734
0.0222618
0.0233585
0.0242863
0.0250945
0.0257732
0.0263168
0.0267222
0.0269499
0.0270355
0.0269755
0.026767
0.0264101
0.0258996
0.0252519
0.0244757
0.0235805
0.0225756
0.0214878
0.0203091
0.0190512
0.0177269
0.0163496
0.0149689
0.0135606
0.0121387
0.0107171
0.00930903
0.00797059
0.00666547
0.00540395
0.00419574
0.00305015
0.00201775
0.00106022
0.000183944
-0.000606556
-0.00130857
-0.00188822
-0.00238197
-0.00279001
-0.00311326
-0.00335376
-0.0034944
-0.00356389
-0.00356791
-0.00351277
-0.00340507
-0.00324198
-0.00304235
-0.00281346
-0.00256284
-0.00229798
-0.00202353
-0.00174966
-0.0014825
-0.00122755
-0.000989688
-0.000773187
-0.000581151
-0.000415992
-0.000279137
-0.000171017
-9.12567e-05
-3.79125e-05
-8.60153e-06
0
0
0
0
0
0
0
0
0
0
0
0
0
0
0
0
0
0
0
0
0
0
0
0
0
0
0
0
0
0
0
0
0
0
0
0
0
0
0
0
0
0
0
0
0
0
0
0
0
0
0
0
0
0
0
0
0
0
0
0
0
0
0
0
0
0
0
0
0
0
0
0
0
0
0
0
0
0
0
0
0
0
0
0
0
0
0
0
0
0
0
0
0
0
0
0
0
0
0
0
0
0
0
0
0
0
0
0
0
0
0
0
0
0
0
0
0
0
0
0
0
0
0
0
0
0
0
0
0
0
0
0
0
0
0
0
0
0
0
0
0
0
0
0
0
0
0
0
0
0
0
0
0
0
0
0
0
0
0
0
0
0
0
0
0
0
0
0
0
0
0
0
0
0
0
0
0
0
0
0
0
0
0
0
0
0
0
0
0
0
0
0
0
0
0
0
0
0
0
0
0
0
0
0
0
0
0
0
0
0
0
0
0
0
0
0
0
0
0
0
0
0
0
0
0
0
0
0
0
0
0
0
0
0
0
0
