-0
-0
-0
-0
-0
-0
-0
-0
-0
-0
-0
-0
-0
-0
-0
-0
-0
-0
-0
-0
-0
-0
-0
-0
-0
-0
-0
-0
-0
-0
-0
-0
-0
-0
-0
-0
-0
-0
-0
-0
-0
-0
-0
-0
-0
-0
-0
-0
-0
-0
-0
-0
-0
-0
0
0
0
0
0
0
0
0
0
0
0
0
0
0
0
0
0
0
0
0
0
0
0
0
0
0
0
0
0
0
0
0
0
1.478e-06
0.000122937
0.000431876
0.000914037
0.00155044
0.00231753
0.00318739
0.004128
0.00510348
0.00607456
0.00699895
0.00783192
0.00852694
0.00903626
0.00931158
0.00930464
0.00896787
0.00825511
0.00712241
0.00552879
0.00343705
0.000814344
-0.00236737
-0.0061309
-0.0104934
-0.0154658
-0.0210522
-0.0272492
-0.0340457
-0.0414225
-0.0493525
-0.0578003
-0.0667226
-0.0760676
-0.0857753
-0.0957776
-0.105999
-0.116357
-0.126765
-0.137129
-0.147351
-0.157329
-0.166958
-0.176132
-0.184743
-0.192685
-0.199853
-0.206146
-0.211463
-0.215709
-0.218793
-0.220629
-0.221143
-0.220267
-0.217943
-0.214125
-0.208772
-0.201859
-0.193369
-0.183302
-0.171669
-0.158497
-0.143824
-0.127703
-0.110198
-0.0913825
-0.0713474
-0.0501942
-0.0280366
-0.00499875
0.0187863
0.0431777
0.068027
0.0931777
0.118467
0.143724
0.168779
0.193457
0.217589
0.241007
0.263545
0.285045
0.305351
0.324314
0.341795
0.357666
0.371812
0.384132
0.394538
0.402956
0.409332
0.41379
0.416381
0.41709
0.415914
0.41286
0.407944
0.401195
0.392648
0.382351
0.370358
0.356729
0.341533
0.324844
0.306745
0.287322
0.266671
0.244895
0.2221
0.198401
0.173913
0.148756
0.123052
0.096926
0.0705029
0.0439109
0.0172785
-0.00926571
-0.0355944
-0.0615818
-0.0871044
-0.112041
-0.136273
-0.159685
-0.182168
-0.203615
-0.22393
-0.243022
-0.260805
-0.277204
-0.292148
-0.305578
-0.317442
-0.327696
-0.336309
-0.343254
-0.348514
-0.352079
-0.353947
-0.354128
-0.352638
-0.349509
-0.344778
-0.33849
-0.330697
-0.321456
-0.310828
-0.298881
-0.28569
-0.271333
-0.255897
-0.239471
-0.222147
-0.204024
-0.185202
-0.165786
-0.145887
-0.125613
-0.105074
-0.0843812
-0.0636421
-0.0429666
-0.0224646
-0.00224573
0.0175822
0.0369155
0.0556551
0.0737073
0.0909832
0.107398
0.122872
0.137331
0.150708
0.162943
0.173984
0.183786
0.192308
0.199516
0.205384
0.209892
0.213032
0.214799
0.215199
0.214241
0.21194
0.208316
0.203396
0.197217
0.18982
0.181257
0.171581
0.160853
0.149138
0.136506
0.123036
0.108812
0.0939208
0.0784517
0.0624945
0.0461398
0.0294804
0.0126122
-0.00436641
-0.0213551
-0.0382543
-0.0549665
-0.0713966
-0.0874524
-0.103044
-0.118086
-0.132493
-0.146191
-0.159106
-0.171173
-0.182332
-0.192524
-0.201696
-0.209801
-0.216797
-0.222652
-0.227342
-0.230851
-0.23317
-0.234295
-0.234226
-0.232971
-0.230544
-0.226962
-0.222251
-0.21644
-0.209565
-0.201668
-0.192799
-0.183012
-0.172372
-0.160945
-0.148803
-0.136018
-0.122667
-0.108829
-0.094586
-0.0800208
-0.0652192
-0.0502667
-0.0352496
-0.0202551
-0.00537217
0.00930856
0.0236957
0.0376986
0.0512297
0.0642054
0.0765474
0.0881824
0.0990429
0.109067
0.118199
0.126389
0.133594
0.139777
0.144906
0.148956
0.151908
0.153753
0.154486
0.154114
0.152648
0.150106
0.146512
0.1419
0.136307
0.129781
0.122374
0.114144
0.105152
0.0954619
0.0851406
0.0742591
0.0628929
0.0511215
0.0390271
0.0266932
0.0142027
0.00163814
-0.0109188
-0.0233871
-0.0356866
-0.0477391
-0.0594688
-0.0708026
-0.0816708
-0.0920064
-0.101746
-0.110831
-0.119209
-0.126832
-0.133662
-0.139663
-0.144809
-0.149076
-0.152449
-0.154916
-0.156475
-0.157129
-0.156888
-0.155766
-0.153782
-0.150962
-0.147337
-0.142942
-0.137822
-0.132025
-0.125601
-0.118608
-0.111104
-0.103151
-0.0948156
-0.0861663
-0.0772736
-0.0682083
-0.0590414
-0.049844
-0.0406879
-0.0316453
-0.0227881
-0.0141861
-0.00590623
0.00198851
0.00943829
0.0163858
0.022776
0.0285572
0.0336819
0.0381092
0.041805
0.0447412
0.046895
0.0482477
0.0487851
0.0484982
0.047385
0.045451
0.0427084
0.0391753
0.0348738
0.0298301
0.0240749
0.0176441
0.0105799
0.00292963
-0.00525446
-0.013917
-0.023
-0.0324424
-0.0421802
-0.0521461
-0.0622707
-0.0724838
-0.0827155
-0.0928964
-0.102958
-0.112832
-0.12245
-0.131746
-0.140654
-0.149116
-0.157077
-0.164487
-0.171299
-0.17747
-0.18296
-0.187732
-0.191754
-0.195001
-0.197453
-0.199094
-0.199911
-0.199898
-0.199051
-0.197374
-0.194874
-0.191565
-0.187464
-0.182592
-0.176973
-0.170635
-0.16361
-0.155936
-0.147653
-0.138807
-0.129443
-0.119609
-0.109356
-0.0987359
-0.087804
-0.0766177
-0.0652358
-0.0537178
-0.0421231
-0.0305108
-0.0189399
-0.00746843
0.00384616
0.014948
0.0257829
0.0362982
0.0464427
0.0561667
0.0654222
0.074164
0.0823505
0.0899443
0.096912
0.103224
0.108854
0.113777
0.117973
0.121426
0.124122
0.126054
0.127218
0.127615
0.12725
0.126131
0.124268
0.121679
0.118381
0.114396
0.10975
0.10447
0.0985869
0.0921356
0.0851533
0.0776797
0.0697566
0.0614273
0.0527365
0.0437304
0.0344563
0.0249629
0.0152992
0.00551408
-0.00434383
-0.0142262
-0.024085
-0.0338721
-0.0435399
-0.0530417
-0.0623327
-0.0713697
-0.0801115
-0.0885182
-0.0965517
-0.104176
-0.111357
-0.118065
-0.124273
-0.129958
-0.135101
-0.139682
-0.143684
-0.147095
-0.149903
-0.152102
-0.153688
-0.154664
-0.15503
-0.154795
-0.153964
-0.152551
-0.150569
-0.148037
-0.144977
-0.141411
-0.137365
-0.132867
-0.127945
-0.12263
-0.116957
-0.11096
-0.104672
-0.0981296
-0.0913673
-0.0844217
-0.0773303
-0.0701315
-0.0628639
-0.0555648
-0.0482702
-0.0410149
-0.0338329
-0.0267583
-0.019825
-0.0130662
-0.00651329
-0.000195218
0.0058615
0.0116324
0.0170945
0.022226
0.0270065
0.031418
0.0354453
0.0390759
0.0422999
0.0451095
0.0474985
0.0494625
0.051
0.0521122
0.0528035
0.0530803
0.0529508
0.0524243
0.051512
0.0502276
0.048588
0.046613
0.0443247
0.0417462
0.0389003
0.0358099
0.0324981
0.0289896
0.0253112
0.0214913
0.017559
0.0135428
0.00947024
0.00536784
0.00126192
-0.00282088
-0.00685364
-0.0108099
-0.0146647
-0.018395
-0.0219797
-0.0253992
-0.0286344
-0.0316674
-0.0344816
-0.0370627
-0.0393994
-0.0414829
-0.0433059
-0.0448617
-0.0461441
-0.0471479
-0.0478704
-0.0483122
-0.0484775
-0.0483734
-0.0480084
-0.0473919
-0.0465336
-0.0454446
-0.0441376
-0.0426276
-0.0409311
-0.0390653
-0.037048
-0.0348967
-0.0326297
-0.0302664
-0.0278276
-0.0253346
-0.0228089
-0.020271
-0.0177401
-0.0152351
-0.0127748
-0.0103783
-0.00806469
-0.00585233
-0.00375776
-0.00179561
2.12207e-05
0.00168098
0.00317268
0.00448617
0.00561258
0.00654484
0.00727781
0.00780817
0.00813414
0.00825547
0.00817383
0.00789318
0.00741991
0.00676235
0.00592993
0.00493237
0.00377943
0.00248143
0.00105011
-0.000500769
-0.00215551
-0.00389724
-0.00570892
-0.00757391
-0.0094758
-0.0113978
-0.0133221
-0.0152302
-0.0171032
-0.0189232
-0.0206741
-0.0223411
-0.0239101
-0.0253671
-0.0266972
-0.0278858
-0.0289187
-0.0297835
-0.0304699
-0.0309696
-0.031276
-0.0313838
-0.031289
-0.0309894
-0.0304844
-0.0297751
-0.0288635
-0.0277531
-0.0264485
-0.0249559
-0.0232841
-0.0214437
-0.0194474
-0.0173086
-0.0150407
-0.0126577
-0.0101737
-0.00760451
-0.00496717
-0.00228023
0.000437012
0.00316517
0.00588501
0.00857735
0.0112229
0.0138021
0.0162957
0.0186849
0.0209516
0.0230782
0.0250438
0.0268187
0.0283826
0.0297186
0.0308131
0.0316561
0.0322411
0.032563
0.0326176
0.0324018
0.0319138
0.0311553
0.0301321
0.028854
0.0273346
0.0255895
0.0236357
0.0214918
0.0191783
0.0167175
0.0141336
0.0114512
0.00869509
0.00588925
0.00305751
0.000224051
-0.00258632
-0.00534864
-0.00803877
-0.0106344
-0.0131156
-0.0154641
-0.0176632
-0.0196969
-0.0215504
-0.0232107
-0.0246674
-0.0259131
-0.026943
-0.0277546
-0.0283469
-0.0287206
-0.0288791
-0.0288284
-0.0285771
-0.0281365
-0.0275189
-0.0267373
-0.0258053
-0.0247376
-0.0235501
-0.0222601
-0.0208864
-0.0194476
-0.0179623
-0.0164483
-0.0149227
-0.0134019
-0.0119018
-0.0104374
-0.00902243
-0.00766913
-0.00638813
-0.00518851
-0.00407791
-0.00306252
-0.00214694
-0.00133405
-0.000624942
-1.90432e-05
0.000485642
0.000892345
0.00120545
0.00143049
0.00157418
0.00164429
0.00164946
0.00159892
0.00150224
0.0013691
0.00120923
0.00103226
0.000847559
0.00066412
0.000490324
0.000333808
0.000201343
9.87435e-05
3.07833e-05
1.12034e-06
0
0
0
0
0
0
0
0
0
0
0
0
0
0
0
0
0
0
0
0
0
0
0
0
0
0
0
-0
-0
-0
-0
-0
-0
-0
-0
-0
-0
-0
-0
-0
-0
-0
-0
-0
-0
-0
-0
-0
-0
-0
-0
-0
-0
-0
-0
-0
-0
-0
-0
-0
-0
-0
-0
-0
-0
-0
-0
-0
-0
-0
0
0
0
0
0
0
0
0
0
0
0
0
0
0
0
0
0
0
0
0
0
0
0
0
0
0
0
0
0
0
-0
-0
-0
-0
-0
-0
-0
-0
-0
-0
-0
-0
-0
-0
-0
-0
-0
-0
-0
-0
-0
-0
-0
-0
-0
-0
-0
-0
-0
-0
0
0
0
0
0
0
0
0
0
0
0
0
0
0
0
0
0
0
0
0
0
0
0
2.58014e-08
7.20498e-07
2.34718e-06
4.85743e-06
8.1678e-06
1.21598e-05
1.66806e-05
2.15445e-05
2.65353e-05
3.14094e-05
3.58995e-05
3.97169e-05
4.25558e-05
4.40964e-05
4.40106e-05
4.19689e-05
3.7646e-05
3.07269e-05
2.0911e-05
7.91526e-06
-8.52056e-06
-2.86284e-05
-5.26034e-05
-8.05945e-05
-0.000112698
-0.000148954
-0.000189345
-0.000233802
-0.000282202
-0.000334367
-0.000390057
-0.000448961
-0.000510705
-0.00057485
-0.0006409
-0.000708308
-0.000776485
-0.000844796
-0.000912571
-0.000979104
-0.00104366
-0.00110548
-0.00116383
-0.00121794
-0.00126707
-0.00131048
-0.00134745
-0.00137727
-0.00139929
-0.0014129
-0.00141754
-0.00141275
-0.00139809
-0.00137323
-0.00133791
-0.00129198
-0.00123539
-0.00116816
-0.00109044
-0.00100244
-0.000904443
-0.000796842
-0.000680127
-0.000554905
-0.00042188
-0.000281847
-0.000135656
1.57981e-05
0.000171569
0.00033065
0.000491935
0.000654259
0.000816414
0.000977194
0.00113544
0.00129001
0.00143979
0.00158368
0.00172059
0.00184945
0.00196919
0.00207885
0.00217755
0.00226456
0.00233927
0.0024011
0.00244962
0.00248446
0.00250537
0.00251223
0.00250503
0.00248492
0.00245233
0.00240742
0.00235046
0.00228176
0.00220172
0.00211082
0.00200955
0.00189846
0.00177811
0.00164915
0.00151228
0.00136827
0.00121788
0.00106199
0.000901392
0.000736917
0.000569383
0.000399584
0.000228457
5.69027e-05
-0.000114175
-0.000283894
-0.000451494
-0.000616075
-0.00077685
-0.000933054
-0.00108394
-0.00122889
-0.00136712
-0.00149797
-0.00162086
-0.00173524
-0.00184079
-0.001937
-0.00202354
-0.00210019
-0.00216676
-0.00222322
-0.0022693
-0.00230491
-0.00232999
-0.00234459
-0.00234895
-0.00234316
-0.00232752
-0.00230234
-0.00226798
-0.00222485
-0.0021733
-0.00211375
-0.00204668
-0.00197259
-0.00189197
-0.00180542
-0.00171353
-0.00161692
-0.00151625
-0.00141201
-0.00130498
-0.00119577
-0.00108497
-0.000973195
-0.000860753
-0.000748544
-0.000637162
-0.000527163
-0.000419044
-0.000312818
-0.000209338
-0.000109017
-1.22692e-05
8.04959e-05
0.000169469
0.000253762
0.00033312
0.000407352
0.000476308
0.00054052
0.000599253
0.000652454
0.000700113
0.000742258
0.000779593
0.000811535
0.000838167
0.000859609
0.000876034
0.000888224
0.000895928
0.000899468
0.000899155
0.000895279
0.000888422
0.000878552
0.000865989
0.000851104
0.000834308
0.000815975
0.000796549
0.000776392
0.000755834
0.000735194
0.000714278
0.000693918
0.00067442
0.000656068
0.000639116
0.000622755
0.000608229
0.000595735
0.000585455
0.00057754
0.000570561
0.000566124
0.000564251
0.000564921
0.000568078
0.000571678
0.000577547
0.000585525
0.000595426
0.000607045
0.000617996
0.0006302
0.00064337
0.000657162
0.00067118
0.000682897
0.000693978
0.000704002
0.000712548
0.000719179
0.000721738
0.000721412
0.000717679
0.000710021
0.000697954
0.000680114
0.000657029
0.000628315
0.00059359
0.000552477
0.000504789
0.000450066
0.000388069
0.000318608
0.000241536
0.000158217
6.71218e-05
-3.17351e-05
-0.00013826
-0.000252283
-0.000370732
-0.000496201
-0.0006284
-0.000766991
-0.000911543
-0.00105743
-0.0012081
-0.00136285
-0.00152093
-0.00168161
-0.00183912
-0.00199765
-0.00215631
-0.00231412
-0.00247001
-0.00261761
-0.0027612
-0.00289982
-0.00303247
-0.00315813
-0.00327076
-0.0033742
-0.00346735
-0.00354916
-0.00361865
-0.00367109
-0.00370947
-0.00373298
-0.00374081
-0.00373222
-0.0037046
-0.00365933
-0.00359596
-0.00351414
-0.00341357
-0.00329451
-0.00315633
-0.00299901
-0.00282269
-0.00262761
-0.00241741
-0.00218925
-0.00194365
-0.00168123
-0.00140275
-0.00111506
-0.000813297
-0.000498617
-0.000172259
0.000164489
0.000502161
0.000847456
0.00119884
0.00155466
0.00191318
0.00226318
0.00261237
0.002959
0.00330129
0.00363741
0.00395585
0.00426431
0.00456088
0.0048437
0.00511096
0.00535247
0.00557507
0.0057772
0.00595735
0.0061141
0.00624009
0.0063401
0.00641302
0.00645784
0.00647368
0.0064573
0.0064107
0.00633355
0.00622566
0.00608698
0.00591921
0.005721
0.00549278
0.00523518
0.00494905
0.00464122
0.00430711
0.00394804
0.00356549
0.00316104
0.0027459
0.00231246
0.00186277
0.00139901
0.000923453
0.000450507
-2.94769e-05
-0.000514047
-0.00100068
-0.00148679
-0.0019567
-0.00242089
-0.00287679
-0.00332182
-0.00375344
-0.0041568
-0.00454183
-0.0049062
-0.00524769
-0.00556421
-0.00584395
-0.0060949
-0.00631535
-0.00650375
-0.00665871
-0.00677323
-0.0068522
-0.00689493
-0.00690087
-0.00686968
-0.00680021
-0.00669347
-0.0065497
-0.00636942
-0.00615335
-0.00590658
-0.00562612
-0.00531331
-0.00496968
-0.00459694
-0.00420567
-0.00378919
-0.00334963
-0.00288929
-0.00241059
-0.00192809
-0.00143239
-0.000926209
-0.000412338
0.000106389
0.000613537
0.00111986
0.00162251
0.00211862
0.00260533
0.00306675
0.0035134
0.0039428
0.00435262
0.00474061
0.00509389
0.00542116
0.00572054
0.00599036
0.00622914
0.00642895
0.00659557
0.00672819
0.00682617
0.00688901
0.00691459
0.0069046
0.00685921
0.00677887
0.00666425
0.00651965
0.00634274
0.00613474
0.00589709
0.00563141
0.00534744
0.00503915
0.00470858
0.00435793
0.00398952
0.003617
0.00323167
0.00283615
0.00243305
0.00202505
0.00162738
0.00123
0.000835497
0.000446457
6.54645e-05
-0.000292928
-0.00063834
-0.000968481
-0.00128118
-0.00157435
-0.00183653
-0.00207544
-0.00228944
-0.00247707
-0.00263703
-0.00276265
-0.00285856
-0.00292401
-0.00295844
-0.0029615
-0.00293234
-0.00287183
-0.00278033
-0.00265837
-0.00250662
-0.00233001
-0.00212539
-0.00189393
-0.00163699
-0.00135616
-0.00106143
-0.000746406
-0.000413034
-6.33263e-05
0.000300621
0.000665621
0.00104046
0.00142284
0.00181039
0.00220071
0.00257941
0.00295616
0.00332869
0.00369473
0.00405207
0.00438743
0.00470989
0.00501747
0.00530829
0.00558053
0.00582396
0.00604563
0.00624419
0.00641844
0.00656731
0.0066852
0.00677607
0.0068394
0.00687483
0.0068822
0.00686128
0.00681242
0.00673586
0.00663193
0.0065011
0.00634822
0.00616997
0.00596742
0.00574182
0.00549458
0.00523499
0.00495674
0.00466142
0.00435073
0.00402651
0.00370084
0.00336537
0.00302194
0.00267238
0.00231853
0.00197331
0.00162764
0.00128356
0.000943098
0.000608245
0.000290996
-1.70679e-05
-0.000314354
-0.000599336
-0.000870529
-0.00111872
-0.00135039
-0.00156437
-0.00175963
-0.00193532
-0.0020863
-0.00221635
-0.00232497
-0.00241175
-0.00247642
-0.00251836
-0.0025381
-0.00253584
-0.00251188
-0.00246665
-0.00240397
-0.00232126
-0.0022193
-0.00209898
-0.00196127
-0.00181351
-0.00165048
-0.00147334
-0.00128338
-0.00108197
-0.000878836
-0.000667148
-0.000448339
-0.000223831
4.95507e-06
0.000227737
0.000451945
0.000676151
0.000898937
0.00111893
0.00132678
0.00152931
0.00172536
0.00191379
0.00209352
0.00225753
0.00241092
0.00255291
0.00268283
0.00280009
0.00290108
0.00298847
0.00306191
0.0031211
0.00316585
0.00319619
0.00321195
0.00321319
0.00320005
0.00317278
0.00313499
0.0030839
0.00302006
0.0029441
0.00285666
0.00276412
0.00266143
0.00254936
0.00242881
0.00230081
0.00217368
0.00204132
0.00190478
0.00176506
0.00162313
0.00148742
0.00135137
0.00121599
0.00108231
0.00095136
0.000830665
0.000714613
0.000604061
0.000499814
0.000402622
0.000317687
0.000241103
0.000173406
0.00011508
6.65758e-05
3.00706e-05
4.20771e-06
-1.06812e-05
-1.43618e-05
-6.72058e-06
1.09086e-05
3.97749e-05
7.97444e-05
0.000130652
0.000192294
0.000260143
0.000338119
0.000425769
0.000522526
0.000627751
0.000734157
0.000847693
0.000967673
0.00109336
0.00122393
0.00135048
0.00148011
0.00161189
0.0017449
0.00187825
0.00200275
0.00212589
0.00224683
0.00236478
0.00247894
0.00258116
0.00267812
0.00276914
0.00285356
0.00293074
0.00299467
0.00305021
0.00309689
0.00313433
0.00316218
0.00317752
0.00318274
0.00317766
0.00316215
0.00313617
0.00310027
0.00305401
0.00299694
0.00292803
0.00284757
0.00275966
0.00266113
0.00255265
0.00243505
0.00230925
0.00218252
0.00204944
0.00191094
0.00176794
0.00162142
0.0014803
0.00133753
0.00119411
0.00105103
0.000909237
0.000778017
0.000649651
0.000524925
0.000404579
0.000289291
0.000187289
9.11922e-05
1.40517e-06
-8.17248e-05
-0.000157895
-0.000220853
-0.000276663
-0.000325255
-0.000366658
-0.00040099
-0.000424558
-0.000441629
-0.000452445
-0.000457278
-0.000456442
-0.000448617
-0.00043598
-0.000418974
-0.000398063
-0.000373724
-0.000346605
-0.000316976
-0.00028531
-0.000252105
-0.00021787
-0.000184553
-0.00015102
-0.000117666
-8.48524e-05
-5.29144e-05
-2.42303e-05
3.19325e-06
2.9102e-05
5.32637e-05
7.5474e-05
9.34739e-05
0.000109468
0.000123356
0.000135062
0.000144544
0.000150091
0.000153686
0.00015539
0.000155289
0.000153485
0.000148958
0.000143188
0.000136316
0.000128502
0.000119913
0.000110115
0.000100025
8.97934e-05
7.9565e-05
6.948e-05
5.94468e-05
4.99015e-05
4.09588e-05
3.27238e-05
2.52884e-05
1.8685e-05
1.30428e-05
8.39949e-06
4.77717e-06
2.18157e-06
6.00657e-07
6.99327e-09
0
0
0
0
0
0
0
0
0
0
0
0
0
0
0
0
0
0
0
0
0
0
0
0
0
0
0
-0
-0
-0
-0
-0
-0
-0
-0
-0
-0
-0
-0
-0
-0
-0
-0
-0
-0
-0
-0
-0
-0
-0
-0
-0
-0
-0
-0
-0
-0
-0
-0
-0
-0
-0
-0
-0
-0
-0
-0
-0
-0
-0
-0
-0
-0
-0
-0
-0
-0
-0
-0
-0
-0
-0
-0
-0
-0
-0
-0
