0
0
0
0
0
0
0
0
0
0
0
0
0
0
-0
-0
-0
-0
-0
-0
-0
-0
-0
-0
-0
-0
-0
-0
-0
-0
-0
-0
-0
-0
-0
-0
-0
-0
-0
-0
-0
-0
-0
-0
-0
-0
-0
-0
-0
-0
-0
-0
-0
-0
-0
-0
-0
-0
-0
-0
-0
-0
-0
-3.14892e-09
6.12732e-07
4.81947e-06
1.61148e-05
3.79913e-05
7.38793e-05
0.000127089
0.000200753
0.000297764
0.000420722
0.000571876
0.000753076
0.00096572
0.00121071
0.00148842
0.00179865
0.00214062
0.00251293
0.00291358
0.00333997
0.00378885
0.00425637
0.00473812
0.00522909
0.00572381
0.00621634
0.00670039
0.00716928
0.0076161
0.00803369
0.00841478
0.00875206
0.00903831
0.00926648
0.00942977
0.00952171
0.00953623
0.00946775
0.0093113
0.00906257
0.00871806
0.00827509
0.00773187
0.0070875
0.0063421
0.00549678
0.00455369
0.00351611
0.00238834
0.00117576
-0.000115208
-0.00147718
-0.00290179
-0.00437981
-0.00590118
-0.00745517
-0.00903044
-0.0106151
-0.012197
-0.0137634
-0.0153014
-0.0167981
-0.0182406
-0.0196161
-0.0209123
-0.0221174
-0.0232197
-0.0242087
-0.0250742
-0.0258071
-0.0263992
-0.0268438
-0.0271351
-0.0272688
-0.0272417
-0.027052
-0.0266988
-0.0261829
-0.0255063
-0.0246724
-0.0236863
-0.0225543
-0.021284
-0.0198843
-0.0183649
-0.0167367
-0.0150114
-0.0132014
-0.0113199
-0.00938061
-0.0073977
-0.00538771
-0.00336307
-0.00133468
0.000686515
0.00268965
0.00466404
0.00659929
0.00848542
0.0103129
0.0120726
0.013756
0.015355
0.0168619
0.0182697
0.0195722
0.0207638
0.0218396
0.0227957
0.0236287
0.0243361
0.0249158
0.0253666
0.0256881
0.0258805
0.0259449
0.0258832
0.0256978
0.025392
0.0249698
0.0244358
0.0237951
0.0230534
0.0222169
0.0212923
0.0202867
0.0192076
0.0180626
0.0168597
0.0156073
0.0143135
0.0129867
0.0116352
0.0102674
0.00889156
0.00751576
0.00614787
0.0047954
0.00346547
0.00216483
0.000899858
-0.00032343
-0.00149945
-0.0026231
-0.0036899
-0.00469597
-0.00563805
-0.00651344
-0.00731995
-0.00805584
-0.00871987
-0.00931132
-0.00983003
-0.0102764
-0.0106514
-0.0109565
-0.0111936
-0.0113649
-0.0114734
-0.0115222
-0.011515
-0.0114558
-0.0113491
-0.0111994
-0.0110116
-0.0107906
-0.0105415
-0.0102692
-0.00997878
-0.00967532
-0.00936379
-0.00904916
-0.0087363
-0.00842985
-0.00813416
-0.00785324
-0.00759068
-0.00734973
-0.00713328
-0.00694394
-0.00678395
-0.00665515
-0.00655889
-0.00649601
-0.00646682
-0.00647117
-0.00650843
-0.00657755
-0.00667702
-0.0068049
-0.0069588
-0.00713599
-0.00733343
-0.00754782
-0.00777564
-0.00801312
-0.00825622
-0.00850065
-0.00874189
-0.0089753
-0.00919617
-0.00939978
-0.00958143
-0.00973645
-0.00986028
-0.00994849
-0.00999686
-0.0100014
-0.00995843
-0.0098644
-0.00971609
-0.00951058
-0.00924537
-0.00891846
-0.00852842
-0.00807443
-0.00755612
-0.00697365
-0.00632755
-0.00561886
-0.00484915
-0.00402055
-0.00313582
-0.00219826
-0.00121166
-0.000180305
0.000891091
0.00199733
0.00313276
0.00429131
0.00546658
0.00665187
0.0078403
0.00902476
0.010198
0.0113525
0.0124809
0.0135756
0.0146293
0.0156349
0.0165853
0.0174737
0.0182935
0.0190384
0.0197026
0.0202807
0.0207681
0.0211607
0.0214546
0.0216467
0.0217341
0.0217147
0.0215869
0.0213502
0.0210044
0.0205505
0.0199895
0.0193234
0.0185547
0.0176864
0.0167226
0.0156675
0.0145261
0.0133036
0.0120054
0.0106376
0.00920647
0.00771902
0.00618263
0.00460497
0.00299385
0.00135708
-0.000297478
-0.00196189
-0.00362806
-0.00528781
-0.00693296
-0.0085555
-0.0101477
-0.0117021
-0.0132114
-0.0146688
-0.0160673
-0.0174003
-0.018662
-0.0198465
-0.020949
-0.0219648
-0.0228899
-0.0237206
-0.0244535
-0.0250861
-0.0256162
-0.0260424
-0.0263638
-0.0265802
-0.0266916
-0.0266985
-0.0266019
-0.0264034
-0.0261053
-0.0257102
-0.0252213
-0.0246422
-0.0239767
-0.023229
-0.0224039
-0.0215064
-0.020542
-0.0195163
-0.0184352
-0.0173045
-0.0161304
-0.014919
-0.0136769
-0.0124103
-0.011126
-0.00983029
-0.00852952
-0.00722991
-0.00593754
-0.0046584
-0.00339829
-0.00216281
-0.000957291
0.000213198
0.00134382
0.00242994
0.00346712
0.00445122
0.00537848
0.00624565
0.00704994
0.00778906
0.00846104
0.0090642
0.00959713
0.0100587
0.0104482
0.0107653
0.0110101
0.011183
0.0112847
0.0113161
0.0112782
0.0111726
0.011001
0.0107657
0.0104692
0.0101142
0.00970366
0.0092408
0.00872884
0.00817123
0.00757157
0.00693357
0.00626096
0.00555747
0.00482684
0.00407277
0.00329902
0.00250934
0.00170748
0.00089716
8.20048e-05
-0.000734412
-0.00154856
-0.00235691
-0.00315599
-0.00394242
-0.004713
-0.00546477
-0.00619499
-0.00690114
-0.00758085
-0.0082319
-0.00885223
-0.00944009
-0.00999402
-0.0105129
-0.0109959
-0.0114424
-0.0118518
-0.0122237
-0.0125577
-0.0128538
-0.013112
-0.0133328
-0.0135166
-0.013664
-0.0137757
-0.0138521
-0.0138943
-0.013903
-0.0138794
-0.0138248
-0.0137403
-0.0136272
-0.0134866
-0.0133197
-0.0131278
-0.0129123
-0.0126746
-0.0124161
-0.0121381
-0.011842
-0.0115289
-0.0112001
-0.010857
-0.0105009
-0.0101331
-0.00975488
-0.0093674
-0.00897175
-0.00856899
-0.00816018
-0.00774642
-0.00732879
-0.00690838
-0.00648622
-0.00606332
-0.00564066
-0.00521927
-0.00480016
-0.00438434
-0.0039728
-0.00356649
-0.00316637
-0.00277341
-0.00238859
-0.00201294
-0.00164741
-0.00129293
-0.0009504
-0.000620687
-0.000304695
-3.35521e-06
0.000282405
0.000551714
0.000803794
0.00103795
0.00125351
0.00144976
0.00162589
0.00178108
0.00191452
0.00202555
0.00211369
0.0021786
0.00222
0.00223757
0.00223094
0.00219972
0.00214361
0.00206253
0.00195657
0.00182603
0.0016713
0.00149278
0.00129087
0.00106604
0.000818857
0.000550068
0.000260594
-4.85005e-05
-0.000376053
-0.000720829
-0.00108153
-0.00145677
-0.00184509
-0.00224492
-0.00265466
-0.00307262
-0.00349709
-0.00392627
-0.00435827
-0.0047911
-0.00522274
-0.00565113
-0.00607429
-0.00649028
-0.00689719
-0.00729318
-0.00767641
-0.00804511
-0.00839754
-0.00873205
-0.00904706
-0.00934105
-0.00961256
-0.0098602
-0.0100827
-0.010279
-0.0104482
-0.0105894
-0.0107021
-0.0107857
-0.0108398
-0.0108641
-0.0108586
-0.0108232
-0.0107585
-0.0106648
-0.0105428
-0.0103931
-0.0102167
-0.0100145
-0.00978771
-0.00953774
-0.00926608
-0.00897429
-0.00866404
-0.00833707
-0.00799528
-0.00764068
-0.0072754
-0.00690157
-0.00652131
-0.00613668
-0.00574975
-0.00536261
-0.00497746
-0.00459651
-0.00422195
-0.00385584
-0.00350009
-0.00315648
-0.00282675
-0.00251261
-0.00221576
-0.00193781
-0.00168018
-0.00144403
-0.00123027
-0.00103969
-0.000873023
-0.000730957
-0.00061413
-0.000523027
-0.000457902
-0.000418763
-0.000405413
-0.000417518
-0.000454645
-0.000516249
-0.00060163
-0.000709892
-0.000839955
-0.000990612
-0.0011606
-0.00134862
-0.00155332
-0.00177327
-0.00200686
-0.00225238
-0.00250804
-0.00277209
-0.00304284
-0.0033186
-0.00359767
-0.00387823
-0.00415839
-0.00443627
-0.0047101
-0.00497829
-0.00523939
-0.00549201
-0.00573476
-0.00596619
-0.00618487
-0.00638952
-0.00657911
-0.0067528
-0.00690997
-0.00705
-0.00717233
-0.00727639
-0.00736172
-0.0074281
-0.00747551
-0.00750415
-0.00751431
-0.00750633
-0.00748058
-0.00743753
-0.00737778
-0.00730211
-0.00721146
-0.00710685
-0.00698934
-0.00686001
-0.00672002
-0.00657061
-0.00641316
-0.00624906
-0.00607968
-0.00590632
-0.0057302
-0.00555258
-0.00537481
-0.00519833
-0.00502467
-0.0048553
-0.00469153
-0.00453451
-0.0043852
-0.00424451
-0.00411336
-0.00399267
-0.00388331
-0.00378607
-0.00370155
-0.00363018
-0.00357228
-0.00352805
-0.00349762
-0.00348104
-0.00347826
-0.00348908
-0.00351317
-0.00355012
-0.00359939
-0.00366035
-0.0037323
-0.00381444
-0.00390587
-0.00400565
-0.00411281
-0.00422636
-0.00434527
-0.00446843
-0.00459467
-0.00472278
-0.00485152
-0.0049797
-0.00510617
-0.00522985
-0.00534969
-0.00546462
-0.00557358
-0.00567553
-0.00576945
-0.00585437
-0.00592936
-0.00599356
-0.00604614
-0.00608547
-0.00610835
-0.0061142
-0.00610279
-0.00607403
-0.00602788
-0.00596436
-0.00588361
-0.00578594
-0.00567185
-0.00554213
-0.00539771
-0.00523962
-0.00506891
-0.00488664
-0.00469391
-0.00449192
-0.00428201
-0.0040656
-0.00384419
-0.00361925
-0.00339222
-0.00316447
-0.00293738
-0.00271232
-0.00249064
-0.00227363
-0.00206249
-0.00185829
-0.00166206
-0.00147469
-0.00129703
-0.00112983
-0.00097369
-0.000829073
-0.000696281
-0.000575497
-0.000466819
-0.000370278
-0.000285825
-0.000213297
-0.000152382
-0.000102611
-6.33914e-05
-3.40457e-05
-1.38636e-05
-2.12022e-06
1.92941e-06
-9.28642e-07
-9.85191e-06
-2.39463e-05
-4.22927e-05
-6.39836e-05
-8.81552e-05
-0.000114004
-0.000140788
-0.000167814
-0.000194431
-0.000220024
-0.000244023
-0.000265914
-0.000285249
-0.000301667
-0.000314894
-0.000324745
-0.000331123
-0.000334002
-0.00033342
-0.000329469
-0.00032229
-0.000312069
-0.000299043
-0.000283501
-0.000265772
-0.000246227
-0.000225259
-0.000203278
-0.0001807
-0.000157938
-0.000135404
-0.0001135
-9.26153e-05
-7.31195e-05
-5.53568e-05
-3.96404e-05
-2.62478e-05
-1.54174e-05
-7.34671e-06
-2.18995e-06
-5.72229e-08
-0
-0
-0
-0
-0
-0
-0
-0
-0
-0
-0
-0
-0
-0
-0
-0
-0
-0
-0
-0
-0
-0
-0
-0
-0
-0
-0
-0
-0
-0
-0
-0
-0
-0
-0
-0
-0
-0
-0
-0
-0
-0
-0
-0
-0
-0
-0
-0
-0
-0
-0
-0
-0
-0
-0
-0
-0
-0
-0
-0
-0
0
0
0
0
0
0
0
0
0
0
0
0
0
0
0
0
0
0
0
0
0
0
-0
-0
-0
-0
-0
-0
-0
-0
-0
-0
-0
-0
-0
-0
-0
-0
-0
-0
-0
-0
-0
-0
-0
-0
-0
-0
-0
-0
-0
-0
-0
-0
-0
-0
-0
-0
-0
-0
-0
-0
-0
-0
-0
-0
-0
-0
-0
-0
-0
-0
-0
-0
-0
-0
-0
-0
-0
-0
-0
-0
-0
-0
-0
-0
-0
-0
-0
0
0
0
0
0
0
0
0
0
0
0
0
0
0
0
0
0
0
0
0
0
0
0
0
0
0
0
0
0
0
0
0
0
0
0
0
0
0
0
0
0
0
0
0
0
0
0
0
0
0
0
1.23698e-06
4.82577e-05
0.000165316
0.00035489
0.000619178
0.000960019
0.00137882
0.00187648
0.00245344
0.00310967
0.00384473
0.00465774
0.00554732
0.00651152
0.00754786
0.00865336
0.00982463
0.0110579
0.0123488
0.0136926
0.0150838
0.0165168
0.0179858
0.019485
0.0210088
0.0225518
0.0241083
0.0256727
0.0272393
0.0288031
0.0303596
0.0319049
0.0334361
0.0349504
0.0364451
0.0379183
0.0393688
0.0407966
0.0422032
0.0435914
0.0449649
0.0463271
0.0476813
0.0490304
0.0503774
0.0517267
0.0530844
0.0544591
0.055861
0.0573002
0.058786
0.0603248
0.061921
0.0635778
0.0652991
0.0670908
0.0689604
0.0709156
0.0729621
0.075102
0.0773331
0.0796508
0.0820503
0.0845288
0.087086
0.0897228
0.0924385
0.0952287
0.0980845
0.100993
0.103938
0.106904
0.109874
0.112836
0.115777
0.118686
0.121552
0.124363
0.127109
0.129773
0.132339
0.134791
0.137112
0.139291
0.141319
0.143191
0.144905
0.146454
0.147832
0.149032
0.150053
0.150959
0.15178
0.152522
0.153191
0.153789
0.154319
0.154782
0.155181
0.155524
0.155821
0.156086
0.156331
0.156564
0.156788
0.157003
0.157218
0.157441
0.157683
0.157957
0.158268
0.158628
0.159045
0.159522
0.160066
0.160677
0.161366
0.16214
0.163004
0.16396
0.165011
0.166166
0.167427
0.168798
0.170279
0.171863
0.173545
0.175318
0.177176
0.179116
0.181139
0.183241
0.185422
0.187674
0.18999
0.192364
0.194781
0.197231
0.199709
0.202206
0.204726
0.20725
0.209768
0.212269
0.214745
0.217204
0.219624
0.221999
0.224318
0.226572
0.22877
0.230881
0.232898
0.234816
0.23663
0.238357
0.239967
0.241451
0.242799
0.244004
0.245081
0.24601
0.246791
0.247429
0.247924
0.248291
0.248512
0.248588
0.24852
0.248311
0.247974
0.247505
0.246906
0.246177
0.245318
0.244325
0.243209
0.241979
0.240645
0.239218
0.237685
0.236073
0.234387
0.23263
0.230811
0.228903
0.226951
0.224968
0.222965
0.220952
0.218891
0.216842
0.214817
0.212823
0.210871
0.208907
0.206999
0.205157
0.203391
0.201711
0.200061
0.198511
0.197059
0.195699
0.194426
0.193176
0.192008
0.190926
0.189932
0.189027
0.188162
0.18737
0.186639
0.18596
0.185325
0.184713
0.184133
0.183575
0.183021
0.18245
0.181859
0.181213
0.180503
0.179721
0.178863
0.177974
0.176983
0.175871
0.174621
0.17322
0.171757
0.170127
0.168322
0.166333
0.16415
0.161896
0.159435
0.156767
0.153897
0.150831
0.147729
0.14444
0.140971
0.137332
0.133537
0.129762
0.125868
0.121871
0.117785
0.113624
0.109546
0.105438
0.101329
0.0972553
0.0932497
0.089439
0.0857524
0.0822145
0.0788522
0.0756967
0.0728163
0.0702152
0.0679291
0.0659899
0.0644259
0.0632162
0.0624323
0.0620986
0.0622384
0.0628732
0.063889
0.0654343
0.0675223
0.0701638
0.0733666
0.0769221
0.081044
0.0857287
0.0909692
0.0967549
0.102797
0.109354
0.116406
0.123924
0.131878
0.139921
0.148325
0.157048
0.166048
0.175275
0.184375
0.193596
0.202881
0.212171
0.221408
0.230279
0.23898
0.247449
0.255621
0.26343
0.270644
0.277366
0.283535
0.289092
0.293975
0.298085
0.30141
0.303899
0.305509
0.306202
0.306044
0.3049
0.302736
0.299523
0.295239
0.290126
0.28393
0.27666
0.268327
0.258945
0.248915
0.23787
0.225839
0.212863
0.198993
0.184771
0.169779
0.154081
0.137743
0.120838
0.103969
0.0866975
0.0691167
0.0513247
0.0334211
0.0160098
-0.00131748
-0.0184628
-0.0353253
-0.0518019
-0.0673738
-0.082356
-0.0966518
-0.110168
-0.122814
-0.13424
-0.144622
-0.153876
-0.161927
-0.168701
-0.17408
-0.17806
-0.180589
-0.18162
-0.181112
-0.179212
-0.175714
-0.170601
-0.163869
-0.155518
-0.145979
-0.134855
-0.122179
-0.107991
-0.0923396
-0.0759044
-0.0581252
-0.0390722
-0.0188258
0.00252277
0.0241005
0.0465684
0.0698096
0.0937018
0.118119
0.142098
0.166342
0.190718
0.215086
0.239303
0.262431
0.285126
0.307253
0.328674
0.34925
0.368189
0.386012
0.402589
0.417795
0.431511
0.443205
0.453188
0.461358
0.467615
0.47187
0.473939
0.473861
0.471588
0.467083
0.460322
0.451538
0.440476
0.427139
0.411542
0.393711
0.374288
0.352722
0.329074
0.303419
0.27584
0.24734
0.217122
0.185304
0.152016
0.117399
0.0827173
0.0470033
0.0104159
-0.0268763
-0.0646957
-0.10165
-0.138764
-0.175853
-0.212732
-0.249212
-0.283951
-0.317914
-0.350911
-0.382754
-0.413255
-0.441288
-0.467635
-0.492138
-0.514643
-0.535003
-0.552457
-0.567494
-0.579996
-0.58986
-0.596994
-0.601124
-0.60238
-0.600706
-0.596065
-0.588431
-0.578069
-0.564719
-0.54841
-0.529184
-0.5071
-0.482951
-0.456101
-0.426649
-0.394713
-0.360426
-0.325028
-0.287579
-0.248242
-0.207193
-0.164616
-0.122046
-0.0783424
-0.0337119
0.0116279
0.0574525
0.102105
0.146784
0.19126
0.235304
0.278688
0.319853
0.359921
0.398683
0.435935
0.471473
0.504018
0.534473
0.562665
0.588437
0.611643
0.631454
0.648456
0.66255
0.673652
0.681696
0.686392
0.687944
0.686335
0.681564
0.673649
0.662864
0.649022
0.632195
0.612474
0.589966
0.565466
0.538437
0.509027
0.477394
0.443708
0.409146
0.372897
0.335157
0.296127
0.256014
0.216208
0.175741
0.134825
0.0936703
0.0524857
0.0126726
-0.0267679
-0.0656429
-0.103765
-0.140951
-0.175965
-0.209712
-0.242043
-0.272823
-0.301926
-0.328429
-0.353044
-0.375684
-0.396279
-0.414769
-0.430629
-0.444309
-0.45579
-0.465069
-0.472153
-0.476935
-0.47958
-0.480137
-0.478666
-0.475237
-0.470115
-0.463202
-0.454593
-0.444393
-0.432715
-0.420099
-0.406242
-0.391267
-0.375299
-0.358468
-0.341453
-0.323832
-0.30573
-0.287272
-0.268582
-0.250349
-0.232117
-0.213999
-0.196103
-0.178536
-0.161885
-0.145749
-0.130209
-0.115336
-0.101197
-0.0881953
-0.076038
-0.0647678
-0.0544157
-0.0450012
-0.036703
-0.0293519
-0.0229421
-0.0174622
-0.0128946
-0.00922801
-0.00641629
-0.00441769
-0.00318238
-0.00265504
-0.00268864
-0.00331537
-0.00447663
-0.00611014
-0.00814838
-0.010402
-0.0129139
-0.0156095
-0.0184166
-0.0212671
-0.0240326
-0.0267185
-0.0292666
-0.0316177
-0.0337131
-0.0355501
-0.0370271
-0.0381036
-0.0387475
-0.038933
-0.0388447
-0.038256
-0.037149
-0.0355097
-0.0333312
-0.0309721
-0.0280873
-0.0246961
-0.0208237
-0.0164984
-0.0122129
-0.00753751
-0.00251063
0.00282046
0.00839961
0.0136746
0.0190718
0.0245279
0.02998
0.0353658
0.0402034
0.0448503
0.0492434
0.0533193
0.0570157
0.0600254
0.0625449
0.0645248
0.0659178
0.0666781
0.0667662
0.0661443
0.064784
0.0626638
0.059768
0.0563859
0.0522106
0.0472393
0.0414745
0.0349244
0.0281997
0.0207238
0.0125197
0.00361379
-0.00596395
-0.0153391
-0.0253109
-0.0358306
-0.0468415
-0.0582812
-0.0691009
-0.0802098
-0.0915008
-0.102886
-0.114274
-0.124577
-0.134702
-0.14456
-0.154067
-0.163145
-0.17088
-0.178062
-0.184626
-0.190509
-0.195649
-0.199424
-0.202363
-0.204434
-0.205614
-0.205891
-0.205054
-0.203322
-0.200708
-0.197233
-0.192923
-0.187974
-0.182263
-0.175841
-0.168758
-0.161071
-0.153301
-0.145035
-0.136344
-0.127303
-0.117992
-0.109141
-0.100143
-0.0910685
-0.0819881
-0.0729669
-0.0647785
-0.0567285
-0.0488728
-0.0412645
-0.0339536
-0.0276324
-0.0216448
-0.0160217
-0.0107886
-0.00596664
-0.00207089
0.00142904
0.0045278
0.00722463
0.00952373
0.0111199
0.0123734
0.0133017
0.0139243
0.0142628
0.0141979
0.0139161
0.0134452
0.0128129
0.0120471
0.0111559
0.0101871
0.00916556
0.00811528
0.00705911
0.00606343
0.0050953
0.00417289
0.00331145
0.00252323
0.00187304
0.00129843
0.00080506
0.000396071
7.20265e-05
-0.000133743
-0.000274563
-0.00035553
-0.000383743
-0.000368006
-0.000307914
-0.000233148
-0.00015388
-8.10407e-05
-2.60565e-05
-5.54274e-07
-0
-0
-0
-0
-0
-0
-0
-0
-0
-0
-0
-0
-0
-0
-0
-0
-0
-0
-0
-0
-0
-0
-0
-0
-0
-0
-0
-0
-0
-0
-0
-0
-0
-0
-0
-0
-0
-0
-0
-0
-0
-0
-0
-0
-0
-0
-0
-0
-0
-0
-0
-0
-0
-0
-0
-0
-0
-0
0
0
0
0
0
