0
0
0
0
0
0
0
0
0
0
0
0
0
0
0
0
0
0
0
0
-0
-0
-0
-0
-0
-0
-0
-0
-0
-0
-0
-0
-0
-0
-0
-0
-0
-0
-0
-0
-0
-0
-0
-0
-0
-0
-0
-0
-0
-0
-0
-0
-0
-0
-0
-0
-0
-0
-0
-0
-0
-0
-0
-0
-0
-0
-0
0
0
0
0
0
0
0
0
0
0
0
0
0
0
0
0
0
0
0
0
0
0
0
0
0
0
0
0
0
0
0
0
0
0
0
0
0
0
0
0
0
0
0
0
0
0
0
-0
-0
-0
-0
-0
-0
-0
-0
-0
-0
-0
-0
-0
-0
-0
-0
-0
-0
-0
-0
-0
-0
-0
-0
-0
-0
-0
-0
-0
-0
-0
-0
-0
-0
-0
-0
-0
-0
0
0
0
0
0
0
0
0
0
0
0
0
0
0
0
0
0
0
0
0
0
0
0
0
0
0
0
0
0
0
0
0
-0
-0
-0
-0
-0
-0
-0
-0
-0
-0
-0
-0
-0
-0
-0
-0
-0
-1.18936e-05
-4.94462e-05
-0.000110223
-0.000190146
-0.00028356
-0.000383304
-0.000480812
-0.000566266
-0.000628781
-0.000656604
-0.000637341
-0.000558187
-0.000406197
-0.000168549
0.000167173
0.000612727
0.00117896
0.00187553
0.00271058
0.00369042
0.00481917
0.00609867
0.00752837
0.00910555
0.0108253
0.0126804
0.0146612
0.0167552
0.0189464
0.0212158
0.0235413
0.0258981
0.0282598
0.0305979
0.032883
0.0350843
0.0371704
0.0391088
0.0408669
0.0424116
0.04371
0.0447297
0.0454396
0.0458102
0.0458141
0.0454263
0.0446242
0.0433873
0.0416974
0.0395392
0.0369012
0.0337768
0.0301643
0.0260676
0.0214949
0.0164584
0.0109738
0.0050608
-0.00125704
-0.00795147
-0.0149897
-0.0223346
-0.029945
-0.0377762
-0.0457804
-0.0539074
-0.0621053
-0.0703217
-0.0785046
-0.0866015
-0.0945594
-0.102323
-0.109837
-0.117042
-0.123883
-0.130305
-0.136262
-0.141708
-0.146604
-0.150912
-0.154598
-0.157629
-0.159979
-0.161628
-0.162561
-0.162773
-0.162259
-0.161022
-0.159065
-0.1564
-0.153091
-0.149196
-0.144729
-0.139709
-0.134155
-0.128088
-0.121532
-0.114517
-0.107071
-0.0992252
-0.0910091
-0.082452
-0.0735834
-0.0644351
-0.0550423
-0.0454436
-0.0356791
-0.0257886
-0.0158098
-0.00577822
0.0042715
0.0143039
0.0242817
0.034166
0.0439186
0.0535032
0.0628878
0.0720436
0.0809446
0.0895651
0.0978791
0.105859
0.113478
0.120708
0.127526
0.13391
0.13984
0.1453
0.150274
0.154749
0.15871
0.162147
0.165051
0.167416
0.16924
0.170526
0.171274
0.171489
0.171174
0.170331
0.168961
0.16707
0.164663
0.161747
0.158331
0.154424
0.150037
0.145177
0.139857
0.134086
0.12788
0.121254
0.114228
0.106819
0.0990476
0.0909334
0.0824957
0.0737537
0.0647267
0.0554346
0.0458979
0.0361385
0.0261788
0.0160425
0.00575334
-0.00466481
-0.0151882
-0.0257929
-0.0364549
-0.0471492
-0.0578499
-0.0685303
-0.079163
-0.0897197
-0.100172
-0.11049
-0.120643
-0.130602
-0.140336
-0.149813
-0.159005
-0.167881
-0.17641
-0.184562
-0.192305
-0.199611
-0.206449
-0.212793
-0.218617
-0.223894
-0.2286
-0.232707
-0.236191
-0.239026
-0.241189
-0.242658
-0.243414
-0.243439
-0.242716
-0.241231
-0.238972
-0.235931
-0.232101
-0.227479
-0.222062
-0.215855
-0.208861
-0.20109
-0.192557
-0.183277
-0.173273
-0.162568
-0.151192
-0.139176
-0.126556
-0.113372
-0.0996677
-0.0854872
-0.0708783
-0.0558913
-0.0405791
-0.0249982
-0.00920773
0.00673113
0.022756
0.0388036
0.0548098
0.0707089
0.0864333
0.101913
0.117079
0.131859
0.146185
0.159988
0.173202
0.18576
0.197597
0.208648
0.218853
0.228153
0.236494
0.243826
0.250104
0.255285
0.259332
0.262212
0.263897
0.264366
0.263605
0.261606
0.258366
0.253891
0.248191
0.241285
0.233197
0.22396
0.213612
0.202195
0.189759
0.176359
0.162056
0.146917
0.131015
0.114426
0.097233
0.0795179
0.0613664
0.0428658
0.0241056
0.00517731
-0.0138259
-0.0328096
-0.0516789
-0.0703392
-0.0886963
-0.106657
-0.124131
-0.14103
-0.15727
-0.172771
-0.187457
-0.201257
-0.214106
-0.225943
-0.236711
-0.246358
-0.25484
-0.262117
-0.268156
-0.272932
-0.276425
-0.278624
-0.279524
-0.279127
-0.277442
-0.274487
-0.270284
-0.264865
-0.258265
-0.250529
-0.241707
-0.231855
-0.221033
-0.209306
-0.196745
-0.183422
-0.169414
-0.154802
-0.139667
-0.124098
-0.108181
-0.0920061
-0.0756629
-0.0592413
-0.0428311
-0.0265224
-0.0104045
0.00543442
0.0209086
0.0359354
0.0504362
0.0643364
0.0775654
0.0900568
0.101748
0.112583
0.122508
0.131478
0.139453
0.146398
0.152285
0.157093
0.160805
0.163412
0.164911
0.165305
0.164602
0.162818
0.159972
0.15609
0.151202
0.145344
0.138559
0.130892
0.122393
0.113118
0.103125
0.0924758
0.0812373
0.0694785
0.057271
0.0446878
0.0318031
0.0186915
0.0054277
-0.00791323
-0.0212566
-0.0345287
-0.047657
-0.0605711
-0.0732027
-0.085486
-0.0973572
-0.108755
-0.11962
-0.129897
-0.139535
-0.148488
-0.156714
-0.164178
-0.170849
-0.176702
-0.181716
-0.185875
-0.189167
-0.191589
-0.19314
-0.193825
-0.193653
-0.192638
-0.190801
-0.188161
-0.184747
-0.180588
-0.175717
-0.17017
-0.163987
-0.157209
-0.149881
-0.142049
-0.133761
-0.125068
-0.11602
-0.10667
-0.0970694
-0.0872703
-0.0773249
-0.0672851
-0.0572025
-0.047128
-0.037111
-0.0271994
-0.0174393
-0.00787528
0.00144998
0.0104956
0.0192229
0.0275958
0.0355813
0.0431494
0.0502729
0.0569276
0.0630919
0.0687471
0.0738775
0.0784705
0.0825168
0.0860098
0.0889457
0.0913229
0.0931426
0.0944088
0.0951286
0.095312
0.0949718
0.0941227
0.092781
0.0909646
0.0886931
0.0859879
0.082872
0.0793704
0.0755089
0.0713139
0.0668126
0.0620327
0.0570024
0.051751
0.0463076
0.0407016
0.0349614
0.029115
0.02319
0.0172137
0.0112137
0.00521687
-0.000750863
-0.00666524
-0.0125039
-0.0182459
-0.0238716
-0.0293619
-0.0346984
-0.0398634
-0.044841
-0.0496171
-0.0541791
-0.0585159
-0.0626173
-0.0664743
-0.0700788
-0.0734243
-0.0765056
-0.0793189
-0.0818611
-0.0841295
-0.0861221
-0.0878378
-0.089277
-0.090442
-0.0913361
-0.091964
-0.0923301
-0.0924388
-0.0922945
-0.0919023
-0.0912684
-0.0904003
-0.0893064
-0.0879956
-0.0864767
-0.0847585
-0.0828498
-0.0807599
-0.0784986
-0.0760765
-0.0735042
-0.0707926
-0.0679526
-0.0649954
-0.0619323
-0.058775
-0.0555351
-0.0522244
-0.0488539
-0.045435
-0.0419789
-0.0384976
-0.0350034
-0.0315085
-0.028025
-0.0245643
-0.0211375
-0.0177553
-0.0144286
-0.0111685
-0.00798613
-0.00489184
-0.00189541
0.000994183
0.0037684
0.00641888
0.00893737
0.0113159
0.0135472
0.0156251
0.017544
0.0192992
0.0208858
0.0222991
0.0235348
0.0245893
0.0254604
0.0261477
0.0266516
0.0269734
0.0271145
0.0270765
0.0268615
0.0264724
0.0259135
0.0251902
0.0243089
0.0232764
0.0220999
0.0207872
0.0193468
0.0177882
0.0161214
0.0143571
0.0125055
0.0105772
0.00858299
0.00653438
0.00444373
0.00232404
0.000188371
-0.00195079
-0.00408182
-0.00619374
-0.00827578
-0.0103169
-0.0123054
-0.0142295
-0.0160779
-0.0178397
-0.0195052
-0.0210657
-0.0225126
-0.0238381
-0.0250347
-0.0260954
-0.0270144
-0.0277872
-0.0284102
-0.0288808
-0.0291972
-0.0293585
-0.0293645
-0.0292161
-0.0289152
-0.0284646
-0.027868
-0.0271303
-0.0262577
-0.0252577
-0.0241387
-0.0229099
-0.021581
-0.0201617
-0.0186616
-0.017091
-0.0154608
-0.0137826
-0.0120686
-0.0103315
-0.00858405
-0.00683883
-0.00510874
-0.00340692
-0.00174667
-0.000141059
0.00139758
0.00285796
0.00422982
0.00550352
0.00666967
0.00771896
0.00864243
0.00943204
0.0100811
0.0105844
0.010938
0.0111389
0.0111844
0.0110727
0.010803
0.0103756
0.00979238
0.0090563
0.00817112
0.00714121
0.00597182
0.00466947
0.00324226
0.00169979
5.25788e-05
-0.00168856
-0.00351293
-0.00540975
-0.00736758
-0.00937372
-0.0114141
-0.0134737
-0.0155376
-0.0175919
-0.0196236
-0.0216206
-0.0235708
-0.0254616
-0.02728
-0.0290127
-0.0306472
-0.032172
-0.0335765
-0.034851
-0.0359862
-0.0369731
-0.0378034
-0.0384701
-0.0389675
-0.0392909
-0.039437
-0.0394026
-0.0391854
-0.038781
-0.0381716
-0.0373567
-0.0363406
-0.0351295
-0.0337306
-0.0321524
-0.0304049
-0.0284994
-0.026449
-0.0242685
-0.0219737
-0.0195811
-0.0171075
-0.0145702
-0.0119868
-0.00937524
-0.00675385
-0.00414101
-0.00155385
0.00099124
0.00347841
0.00589232
0.00821813
0.0104417
0.0125497
0.0145303
0.0163729
0.0180686
0.0196097
0.0209903
0.0222054
0.0232515
0.0241262
0.0248288
0.0253599
0.0257215
0.0259174
0.0259526
0.0258335
0.0255675
0.0251629
0.0246284
0.0239737
0.0232091
0.0223455
0.0213941
0.0203668
0.019275
0.0181302
0.0169438
0.015727
0.0144909
0.0132462
0.0120032
0.0107715
0.00955983
0.00837587
0.00722664
0.00611844
0.00505692
0.00404701
0.00309271
0.00219701
0.00136182
0.00058817
-0.000123715
-0.000774248
-0.00136441
-0.00189574
-0.00237035
-0.00279089
-0.00316051
-0.00348273
-0.00376134
-0.00400034
-0.00420376
-0.00437566
-0.00452001
-0.00464056
-0.00474082
-0.004824
-0.00489302
-0.00495053
-0.00499885
-0.00503997
-0.00507541
-0.00510619
-0.00513272
-0.00515482
-0.00516796
-0.00515482
-0.00511331
-0.00504348
-0.00494564
-0.00482033
-0.00466824
-0.00449025
-0.00428743
-0.00406103
-0.00381257
-0.0035437
-0.00325622
-0.00295209
-0.00263338
-0.00230235
-0.00196135
-0.00161294
-0.00126
-0.000904383
-0.000547738
-0.000191686
0.000162131
0.000512034
0.000856286
0.00119326
0.00152134
0.00183903
0.00214491
0.00243757
0.00271591
0.0029788
0.00322523
0.00345426
0.00366485
0.00385632
0.0040279
0.0041789
0.00430878
0.00441701
0.00450365
0.00456873
0.00461231
0.00463452
0.0046352
0.00461481
0.00457366
0.00451223
0.00443116
0.00433095
0.00421274
0.00407742
0.00392594
0.00375927
0.00357822
0.00338413
0.0031782
0.00296161
0.00273558
0.00250119
0.00225983
0.00201278
0.00176136
0.00150692
0.00125083
0.00099445
0.000739097
0.000486034
0.000236471
-8.20068e-06
-0.000247035
-0.000478861
-0.000702511
-0.000916853
-0.00112037
-0.00131265
-0.00149292
-0.00166054
-0.0018149
-0.00195458
-0.00207963
-0.00218932
-0.002283
-0.00236021
-0.00241967
-0.00246227
-0.00248802
-0.00249691
-0.00248894
-0.00246296
-0.00242026
-0.00236107
-0.00228577
-0.00219483
-0.00208757
-0.0019657
-0.00182975
-0.00168031
-0.00151803
-0.00134256
-0.00115571
-0.000958209
-0.000750808
-0.0005343
-0.000308902
-7.63042e-05
0.000162385
0.000406042
0.000653605
0.000904173
0.00115676
0.00141046
0.00166432
0.00191735
0.00216782
0.00241546
0.00265931
0.00289845
0.00313192
0.00335708
0.00357458
0.00378349
0.00398298
0.00417234
0.00434837
0.00451297
0.00466543
0.00480497
0.00493086
0.00503911
0.00513264
0.00521116
0.00527435
0.00532188
0.00534945
0.00536044
0.00535445
0.0053312
0.00529055
0.00522863
0.00514934
0.00505272
0.00493887
0.00480793
0.00465689
0.00448943
0.00430597
0.00410691
0.00389263
0.00366142
0.0034159
0.00315678
0.00288492
0.0026013
0.0023066
0.00200195
0.00168815
0.00136604
0.00103656
0.00070291
0.000364361
2.23065e-05
-0.000321856
-0.000666774
-0.00100656
-0.00134441
-0.00167889
-0.00200848
-0.00233163
-0.00263981
-0.0029384
-0.00322586
-0.00350063
-0.00376116
-0.00399714
-0.00421596
-0.00441634
-0.00459705
-0.0047569
-0.00488494
-0.00498961
-0.00506962
-0.00512368
-0.0051507
-0.00514032
-0.0051013
-0.00503312
-0.00493533
-0.00480753
-0.00464166
-0.00444527
-0.0042183
-0.00396086
-0.00367316
-0.00335091
-0.00299922
-0.00261872
-0.00221023
-0.00177476
-0.0013132
-0.000827271
-0.000318461
0.000211632
0.000761298
0.00132397
0.0019023
0.00249405
0.00309684
0.00370819
0.00431576
0.00492686
0.00553889
0.00614917
0.00675486
0.00733872
0.00791211
0.00847206
0.0090156
0.00953976
0.0100242
0.0104834
0.0109147
0.0113151
0.011682
0.0119944
0.0122685
0.012502
0.0126928
0.0128389
0.0129212
0.0129549
0.0129387
0.012871
0.0127508
0.0125642
0.012324
0.01203
0.0116823
0.0112813
0.0108205
0.0103075
0.00974342
0.00912936
0.0084669
0.00775887
0.0070065
0.00621224
0.00537878
0.00450899
0.00361539
0.00269182
0.00174186
0.000769403
-0.000221432
-0.00120891
-0.00220607
-0.00320851
-0.00421177
-0.00521131
-0.00617885
-0.00713338
-0.00807012
-0.00898422
-0.00987083
-0.0106981
-0.0114884
-0.0122372
-0.0129401
-0.0135926
-0.0141636
-0.0146759
-0.0151258
-0.0155096
-0.0158239
-0.0160427
-0.0161862
-0.0162522
-0.0162388
-0.0161443
-0.0159518
-0.0156762
-0.0153168
-0.0148738
-0.0143475
-0.0137334
-0.0130384
-0.0122642
-0.0114131
-0.0104876
-0.00949666
-0.00843754
-0.00731403
-0.00613041
-0.00489142
-0.00361963
-0.00230283
-0.000946548
0.000443408
0.00186094
0.00327259
0.00469877
0.00613259
0.00756694
0.00899463
0.0103752
0.0117347
0.0130663
0.0143627
0.0156171
0.0167875
0.0179025
0.0189554
0.0199402
0.0208509
0.0216498
0.0223638
0.0229881
0.0235182
0.02395
0.0242561
0.0244571
0.0245505
0.0245339
0.0244058
0.0241525
0.0237862
0.0233071
0.0227161
0.0220146
0.0212058
0.0202909
0.0192728
0.0181551
0.016942
0.0156536
0.0142798
0.0128261
0.0112988
0.00970443
0.00807788
0.00639842
0.00467363
0.00291148
0.00112024
-0.000654665
-0.00244153
-0.00423169
-0.00601639
-0.00778683
-0.00949325
-0.0111678
-0.0128019
-0.0143868
-0.015914
-0.0173357
-0.0186835
-0.01995
-0.0211281
-0.0222109
-0.0231597
-0.0240015
-0.0247311
-0.025344
-0.025836
-0.0261824
-0.0264013
-0.0264905
-0.0264485
-0.0262746
-0.0259623
-0.0255191
-0.0249465
-0.0242465
-0.0234215
-0.0224836
-0.0214273
-0.0202571
-0.018978
-0.0175956
-0.0161395
-0.0145932
-0.0129639
-0.0112592
-0.00948723
-0.00769101
-0.00584447
-0.00395637
-0.00203567
-9.14467e-05
0.00182565
0.00374799
0.00566645
0.0075719
0.00945529
0.0112647
0.0130346
0.0147568
0.0164231
0.0180257
0.019518
0.0209322
0.0222616
0.0235003
0.0246427
0.0256531
0.0265577
0.0273528
0.0280351
0.028602
0.029033
0.0293452
0.0295379
0.0296108
0.0295643
0.0293951
0.0291091
0.0287087
0.0281965
0.0275759
0.0268599
0.0260433
0.0251307
0.0241273
0.0230384
0.0218912
0.0206705
0.0193826
0.0180341
0.0166318
0.0152128
0.0137538
0.0122617
0.0107435
0.00920636
0.0076923
0.00617303
0.00465528
0.00314562
0.00165044
0.000211807
-0.00120045
-0.00258082
-0.00392406
-0.00522509
-0.00644634
-0.0076162
-0.00873064
-0.00978598
-0.010779
-0.0116802
-0.0125138
-0.0132776
-0.01397
-0.0145895
-0.015117
-0.01557
-0.0159483
-0.0162519
-0.016481
-0.0166273
-0.0167006
-0.0167022
-0.0166339
-0.0164975
-0.0162956
-0.0160304
-0.0157044
-0.0153201
-0.0148803
-0.014396
-0.013862
-0.0132816
-0.012658
-0.0119947
-0.0113096
-0.0105915
-0.00984374
-0.00906968
-0.00827253
-0.00747414
-0.00665894
-0.00582996
-0.00499017
-0.00414247
-0.00331053
-0.00247609
-0.00164165
-0.000809634
1.76537e-05
0.000816721
0.00160674
0.00238575
0.00315193
0.00390363
0.00461922
0.00531751
0.00599728
0.00665732
0.0072965
0.00789583
0.00847239
0.00902548
0.00955459
0.0100593
0.0105243
0.0109644
0.0113791
0.0117683
0.0121315
0.012457
0.0127561
0.0130286
0.0132748
0.0134948
0.013681
0.0138412
0.0139753
0.0140832
0.0141645
0.0142153
0.0142395
0.0142373
0.0142091
0.0141553
0.0140766
0.0139726
0.0138434
0.013689
0.0135098
0.0133107
0.0130882
0.0128428
0.0125752
0.0122854
0.0119819
0.0116563
0.0113089
0.0109402
0.0105514
0.0101554
0.00974169
0.00931109
0.00886443
0.0084025
0.00794103
0.00746638
0.00698006
0.00648371
0.00597898
0.00548411
0.00498352
0.00447822
0.00396927
0.00345787
0.00296311
0.00246922
0.00197819
0.00149203
0.00101265
0.000558548
0.000114251
-0.000318986
-0.000739882
-0.00114703
-0.00152416
-0.00188436
-0.00222604
-0.00254779
-0.00284844
-0.0031159
-0.00336049
-0.00358147
-0.003778
-0.00394813
-0.00408311
-0.00418842
-0.00426334
-0.00430741
-0.00432042
-0.00430133
-0.00425139
-0.00417107
-0.0040611
-0.00392247
-0.00376063
-0.00357252
-0.0033595
-0.00312294
-0.00286438
-0.0025942
-0.00230554
-0.00200068
-0.00168208
-0.00135233
-0.00102557
-0.000692413
-0.000355314
-1.67061e-05
0.000320969
0.000642705
0.000959317
0.00126875
0.00156913
0.00185874
0.00212403
0.00237586
0.00261268
0.00283299
0.00303546
0.00320918
0.00336373
0.00349862
0.00361353
0.00370825
0.00377568
0.00382325
0.00385115
0.00385974
0.00384963
0.00381754
0.00376876
0.00370428
0.0036252
0.00353264
0.00342629
0.00330906
0.00318227
0.00304727
0.00290544
0.00275831
0.00260701
0.00245281
0.00229698
0.00214074
0.0019863
0.00183356
0.00168355
0.00153727
0.00139563
0.00126068
0.00113173
0.00100936
0.000894038
0.000786074
0.000686614
0.000594648
0.000510228
0.000433345
0.00036392
0.000302312
0.000247642
0.000199643
0.000157988
0.000122305
9.23625e-05
6.74757e-05
4.72214e-05
3.11757e-05
1.89211e-05
1.00709e-05
4.19748e-06
9.48771e-07
0
0
0
0
0
0
0
0
0
0
0
0
0
0
0
0
0
0
0
0
0
0
0
0
0
0
0
0
0
0
0
0
0
0
0
0
0
0
0
0
0
0
0
0
0
0
0
0
0
0
0
0
0
0
0
0
0
0
0
0
0
0
0
0
0
0
0
0
0
0
0
0
0
0
0
0
0
0
0
0
0
0
0
0
0
0
0
0
0
0
0
0
0
0
0
0
0
0
0
0
0
0
0
0
0
0
0
0
0
0
0
0
0
0
0
0
0
0
0
0
0
0
0
0
0
0
0
0
0
0
0
0
0
0
0
0
0
0
0
0
0
0
0
0
0
0
0
0
0
0
0
0
0
0
0
0
0
0
0
0
0
0
0
0
0
0
0
0
0
0
0
0
0
0
0
0
0
0
0
0
0
0
0
0
0
0
0
0
0
0
0
0
0
0
0
0
0
0
0
0
0
