0
0
0
0
0
0
0
0
0
0
0
0
0
0
0
0
0
0
0
0
0
0
0
0
-0
-0
-0
-0
-0
-0
-0
-0
-0
-0
-0
-0
-0
-0
-0
-0
-0
-0
-0
-0
-0
-0
-0
-0
-0
-0
-0
-0
-0
-0
-0
-0
-0
-0
-0
-0
-0
-0
-0
-0
-0
-0
-0
-0
-0
-0
-0
-0
0
0
0
0
0
0
0
0
0
0
0
0
0
0
0
0
0
0
0
0
0
0
0
0
0
0
0
0
0
0
0
0
0
0
0
0
0
0
0
0
0
0
0
0
0
0
0
0
0
0
0
-0
-0
-0
-0
-0
-0
-0
-0
-0
-0
-0
-0
-0
-0
-0
-0
-0
-0
-0
-0
-0
-0
-0
-0
-0
-0
-0
-0
-0
-0
-0
-0
-0
-0
-0
-0
-0
-0
-0
0
0
0
0
0
0
0
0
0
0
0
0
0
0
0
0
0
0
0
0
0
0
0
0
0
0
0
0
0
0
0
0
0
0
0
0
0
0
0
1.552e-06
4.22419e-06
4.2972e-06
-1.93563e-06
-1.80805e-05
-4.75627e-05
-9.35539e-05
-0.000158913
-0.000246136
-0.000357304
-0.00049403
-0.000657407
-0.000847959
-0.00106562
-0.0013097
-0.0015789
-0.00187131
-0.00218438
-0.00251494
-0.0028593
-0.00321326
-0.00357222
-0.00393122
-0.00428489
-0.00462749
-0.0049529
-0.00525474
-0.00552656
-0.00576207
-0.00595532
-0.00610076
-0.00619323
-0.00622785
-0.00619996
-0.00610515
-0.00593938
-0.0056992
-0.00538193
-0.0049858
-0.00451
-0.00395466
-0.00332078
-0.00261018
-0.00182551
-0.000970227
-4.8697e-05
0.000933766
0.00197084
0.00305521
0.0041786
0.00533194
0.00650559
0.0076896
0.00887392
0.0100485
0.0112032
0.0123277
0.013411
0.0144415
0.0154076
0.0162973
0.0170994
0.0178036
0.0184007
0.0188823
0.0192403
0.0194672
0.0195562
0.0195017
0.0193003
0.0189503
0.018452
0.0178064
0.0170146
0.016078
0.0149989
0.0137811
0.0124313
0.0109583
0.00937323
0.00768749
0.00591252
0.0040595
0.00214005
0.00016711
-0.0018446
-0.00387888
-0.00591898
-0.00794855
-0.00995221
-0.0119193
-0.0138412
-0.0157065
-0.0175032
-0.0192191
-0.0208425
-0.0223624
-0.0237688
-0.0250523
-0.0262039
-0.027215
-0.028078
-0.0287867
-0.0293363
-0.029723
-0.0299435
-0.0299946
-0.0298732
-0.0295771
-0.0291055
-0.0284602
-0.0276449
-0.0266648
-0.0255257
-0.0242333
-0.0227932
-0.0212113
-0.019495
-0.0176529
-0.0156955
-0.0136345
-0.0114821
-0.00925057
-0.00695245
-0.0046006
-0.00220894
0.000207358
0.00263197
0.00504801
0.00743886
0.00978887
0.0120836
0.0143093
0.0164527
0.0184997
0.0204356
0.0222456
0.0239156
0.0254332
0.0267882
0.0279717
0.0289756
0.0297914
0.0304103
0.0308236
0.0310243
0.0310082
0.0307741
0.0303228
0.0296561
0.0287754
0.0276815
0.0263755
0.02486
0.0231403
0.0212247
0.0191236
0.0168487
0.0144116
0.0118246
0.00910015
0.00625247
0.00329737
0.000252101
-0.0028654
-0.00603728
-0.00924609
-0.0124746
-0.0157053
-0.01892
-0.0220998
-0.0252257
-0.0282783
-0.0312391
-0.0340897
-0.0368126
-0.0393907
-0.0418078
-0.0440489
-0.0461
-0.0479483
-0.0495819
-0.0509902
-0.0521634
-0.0530936
-0.0537745
-0.054202
-0.0543731
-0.0542862
-0.0539405
-0.0533357
-0.0524732
-0.0513557
-0.0499879
-0.0483764
-0.0465291
-0.0444548
-0.0421629
-0.0396638
-0.0369692
-0.0340922
-0.0310471
-0.0278492
-0.0245142
-0.0210582
-0.0174975
-0.0138492
-0.0101316
-0.00636402
-0.00256636
0.00124143
0.00503997
0.00881074
0.0125358
0.0161976
0.0197785
0.0232606
0.0266266
0.0298599
0.0329448
0.0358675
0.0386155
0.0411774
0.0435425
0.0457011
0.0476438
0.0493623
0.0508491
0.052098
0.053104
0.0538632
0.0543729
0.0546313
0.0546376
0.0543923
0.0538968
0.0531538
0.0521665
0.0509389
0.0494753
0.0477809
0.0458614
0.0437236
0.0413749
0.0388237
0.0360787
0.0331488
0.0300433
0.0267717
0.0233439
0.0197705
0.0160627
0.0122318
0.00828995
0.00424922
0.000122331
-0.00407758
-0.00833704
-0.0126425
-0.0169804
-0.0213378
-0.0257016
-0.0300588
-0.0343961
-0.0386995
-0.0429547
-0.0471475
-0.0512633
-0.055288
-0.0592076
-0.0630079
-0.0666751
-0.0701954
-0.0735555
-0.0767424
-0.0797435
-0.082546
-0.085137
-0.0875035
-0.0896326
-0.0915121
-0.0931309
-0.0944787
-0.0955468
-0.0963265
-0.0968099
-0.0969892
-0.0968573
-0.0964076
-0.0956345
-0.0945334
-0.0931009
-0.0913346
-0.0892337
-0.086799
-0.0840333
-0.0809406
-0.0775266
-0.0737979
-0.0697617
-0.0654264
-0.0608014
-0.0558979
-0.0507286
-0.0453084
-0.0396537
-0.0337827
-0.027715
-0.0214716
-0.0150749
-0.00854809
-0.00191564
0.00479734
0.011565
0.0183606
0.0251567
0.0319247
0.0386354
0.0452584
0.0517634
0.0581193
0.0642955
0.0702617
0.0759884
0.0814469
0.0866099
0.0914507
0.0959436
0.100063
0.103786
0.107087
0.109945
0.112339
0.114251
0.115664
0.116564
0.11694
0.116784
0.116089
0.114852
0.113073
0.110753
0.107896
0.104505
0.100591
0.0961628
0.0912348
0.0858238
0.0799496
0.0736346
0.0669035
0.0597838
0.0523052
0.0444998
0.0364016
0.0280461
0.0194698
0.01071
0.00180497
-0.00720595
-0.0162826
-0.0253837
-0.0344677
-0.0434925
-0.0524157
-0.0611946
-0.0697862
-0.0781468
-0.0862335
-0.0940041
-0.101419
-0.108439
-0.11503
-0.121158
-0.126793
-0.131905
-0.13647
-0.140465
-0.143873
-0.146679
-0.148871
-0.150441
-0.151384
-0.151696
-0.151377
-0.150433
-0.14887
-0.146697
-0.143929
-0.140581
-0.136673
-0.132225
-0.127262
-0.121812
-0.115902
-0.109565
-0.102832
-0.0957375
-0.0883183
-0.0806122
-0.0726585
-0.0644976
-0.0561702
-0.0477171
-0.0391792
-0.0305978
-0.0220144
-0.0134702
-0.00500633
0.00333729
0.0115218
0.0195097
0.027265
0.0347532
0.0419413
0.0487981
0.0552949
0.0614048
0.0671038
0.0723701
0.0771842
0.0815295
0.0853916
0.0887591
0.0916234
0.0939785
0.0958209
0.0971499
0.097967
0.0982762
0.0980843
0.0974007
0.0962375
0.0946093
0.0925328
0.0900266
0.087111
0.0838078
0.0801403
0.0761335
0.0718135
0.0672082
0.0623461
0.0572566
0.0519693
0.0465141
0.040921
0.0352204
0.0294429
0.0236187
0.0177781
0.0119501
0.00616316
0.000444538
-0.00517913
-0.0106819
-0.0160388
-0.0212259
-0.0262209
-0.0310036
-0.0355553
-0.0398591
-0.0438994
-0.0476621
-0.0511345
-0.0543061
-0.0571684
-0.059715
-0.0619416
-0.0638448
-0.065423
-0.0666756
-0.067604
-0.0682117
-0.0685042
-0.0684887
-0.068174
-0.0675696
-0.0666858
-0.0655342
-0.0641274
-0.0624796
-0.0606057
-0.0585216
-0.0562435
-0.0537876
-0.0511708
-0.0484104
-0.0455243
-0.0425311
-0.0394492
-0.0362972
-0.033093
-0.029854
-0.0265976
-0.0233407
-0.0201001
-0.0168922
-0.0137328
-0.0106371
-0.00761937
-0.00469297
-0.00187039
0.000836929
0.00341862
0.00586529
0.00816841
0.0103202
0.0123134
0.0141417
0.0157998
0.0172837
0.0185906
0.0197194
0.0206698
0.0214422
0.0220376
0.0224576
0.0227041
0.0227801
0.0226896
0.0224375
0.0220301
0.0214741
0.0207772
0.0199468
0.018991
0.0179176
0.0167348
0.0154516
0.0140774
0.0126223
0.0110968
0.00951117
0.00787537
0.00619892
0.00449105
0.00276097
0.00101807
-0.000728091
-0.00246806
-0.00419267
-0.00589321
-0.00756136
-0.00918911
-0.0107687
-0.0122929
-0.0137549
-0.0151489
-0.0164696
-0.0177123
-0.0188723
-0.0199447
-0.0209249
-0.0218089
-0.0225935
-0.0232769
-0.023858
-0.0243362
-0.0247108
-0.0249812
-0.025147
-0.0252085
-0.0251667
-0.0250236
-0.0247814
-0.0244425
-0.0240093
-0.0234845
-0.0228713
-0.0221737
-0.0213963
-0.0205439
-0.0196214
-0.0186332
-0.0175843
-0.0164795
-0.0153245
-0.0141254
-0.0128883
-0.0116193
-0.0103238
-0.00900725
-0.00767507
-0.00633291
-0.00498662
-0.00364203
-0.00230463
-0.00097958
0.000328235
0.00161395
0.0028726
0.0040992
0.00528896
0.00643748
0.00754078
0.00859517
0.00959698
0.0105425
0.0114281
0.0122506
0.0130072
0.013696
0.0143152
0.0148633
0.0153389
0.0157406
0.0160671
0.0163178
0.0164926
0.0165919
0.0166163
0.0165662
0.0164423
0.0162456
0.0159772
0.0156391
0.0152338
0.0147639
0.0142321
0.0136411
0.0129935
0.0122924
0.0115412
0.0107437
0.00990418
0.00902703
0.00811657
0.00717697
0.00621228
0.00522647
0.00422361
0.003208
0.00218422
0.0011571
0.000131557
-0.000887589
-0.0018958
-0.00288885
-0.00386278
-0.00481372
-0.0057378
-0.00663117
-0.00749002
-0.00831072
-0.00908917
-0.00981747
-0.0104907
-0.0111049
-0.0116568
-0.0121437
-0.0125639
-0.0129162
-0.0131999
-0.0134146
-0.0135598
-0.0136354
-0.0136421
-0.0135814
-0.0134556
-0.0132678
-0.0130212
-0.0127191
-0.0123667
-0.0119676
-0.0115252
-0.0110439
-0.0105282
-0.00998281
-0.00941214
-0.00882024
-0.00821095
-0.0075882
-0.00695622
-0.00631945
-0.00568223
-0.00504854
-0.00442186
-0.00380531
-0.00320182
-0.00261433
-0.00204577
-0.00149885
-0.000975889
-0.000478705
-8.71662e-06
0.000432883
0.000844983
0.00122654
0.00157669
0.00189491
0.00218104
0.00243534
0.00265831
0.00285065
0.0030132
0.00314692
0.00325295
0.00333251
0.0033869
0.00341743
0.0034255
0.0034126
0.00338038
0.00333065
0.00326523
0.00318583
0.00309399
0.00299103
0.00287824
0.00275686
0.00262818
0.00249353
0.00235411
0.00221101
0.00206511
0.00191719
0.00176807
0.00161851
0.00146928
0.00132087
0.00117361
0.00102763
0.000882987
0.000739886
0.00059854
0.000459298
0.00032247
0.000188228
5.66436e-05
-7.24049e-05
-0.000198935
-0.000322846
-0.000443932
-0.000561919
-0.000676499
-0.000786414
-0.000890954
-0.000989437
-0.00108101
-0.00116486
-0.0012402
-0.00130656
-0.00136373
-0.00141172
-0.00145058
-0.00148023
-0.00150043
-0.00151095
-0.00151175
-0.00150295
-0.00148498
-0.0014585
-0.00142466
-0.00138404
-0.0013368
-0.00128326
-0.00122386
-0.0011592
-0.00109013
-0.00101703
-0.000940414
-0.00086073
-0.000778413
-0.000694244
-0.000608413
-0.000521404
-0.000433639
-0.000345477
-0.000257644
-0.000170127
-8.33686e-05
2.14816e-06
8.59648e-05
0.000167276
0.00024623
0.000322612
0.000396224
0.000466862
0.000533925
0.000597671
0.000658018
0.000714936
0.000768388
0.000817986
0.000863862
0.000905834
0.000943787
0.000977745
0.00100781
0.00103436
0.00105768
0.00107802
0.00109546
0.00111025
0.00112207
0.00113086
0.00113662
0.00113946
0.00114018
0.00113834
0.00113411
0.00112764
0.00111901
0.00110942
0.00109787
0.00108452
0.00106959
0.00105334
0.0010375
0.00102067
0.00100293
0.000984296
0.000964816
0.000946417
0.000927377
0.000907831
0.0008879
0.000867675
0.000849181
0.000830516
0.00081174
0.000792914
0.000774083
0.000757053
0.000740081
0.000723253
0.000706724
0.000690698
0.000676578
0.00066322
0.000650607
0.000638683
0.000627462
0.000617408
0.00060858
0.000601424
0.000596363
0.000593691
0.000592553
0.000594037
0.000598281
0.000605562
0.000616302
0.00062844
0.00064496
0.000666211
0.000692449
0.0007239
0.000756662
0.00079513
0.000839537
0.000890055
0.000946784
0.00100425
0.0010681
0.00113843
0.00121535
0.00129883
0.00138219
0.00147156
0.00156647
0.0016664
0.00177086
0.00187266
0.00197782
0.00208553
0.00219482
0.00230461
0.002408
0.00250978
0.00260896
0.00270444
0.00279494
0.00287506
0.0029471
0.00300946
0.00306065
0.00309932
0.00312331
0.00313223
0.0031247
0.00309928
0.00305455
0.00299217
0.002908
0.00280101
0.00267028
0.00251493
0.00234147
0.00214187
0.00191567
0.00166267
0.00138293
0.00108824
0.00076734
0.000420635
4.86772e-05
-0.000347725
-0.000752416
-0.00117896
-0.00162563
-0.00209046
-0.00257142
-0.00304938
-0.00353912
-0.00403821
-0.0045439
-0.00505308
-0.00554546
-0.00603446
-0.00651653
-0.00698814
-0.00744569
-0.00787113
-0.00827512
-0.00865375
-0.00900297
-0.00931871
-0.00958757
-0.00981511
-0.00999762
-0.0101315
-0.0102132
-0.0102374
-0.0102032
-0.0101078
-0.00994875
-0.0097239
-0.0094377
-0.00908175
-0.00865452
-0.00815493
-0.00758248
-0.00695297
-0.00625127
-0.00547828
-0.00463517
-0.00372337
-0.00276886
-0.00175001
-0.000669982
0.000467386
0.00165776
0.00286614
0.00411807
0.0054084
0.00673149
0.00808108
0.00941701
0.0107656
0.0121196
0.0134718
0.0148149
0.016109
0.0173786
0.0186156
0.0198119
0.0209593
0.0220227
0.0230217
0.0239487
0.0247965
0.0255578
0.0262083
0.0267586
0.0272024
0.0275343
0.0277493
0.0278383
0.0278016
0.0276359
0.027338
0.0269058
0.0263483
0.0256546
0.024825
0.0238603
0.0227618
0.0215565
0.0202227
0.0187643
0.0171862
0.0154938
0.0137304
0.0118656
0.00990667
0.00786169
0.00573937
0.00359476
0.00139191
-0.000859007
-0.00314746
-0.00546258
-0.0077441
-0.0100298
-0.012308
-0.014567
-0.0167951
-0.0189339
-0.0210184
-0.0230372
-0.0249792
-0.0268334
-0.0285513
-0.0301608
-0.0316522
-0.0330163
-0.0342445
-0.0353043
-0.0362128
-0.0369638
-0.0375516
-0.0379714
-0.0382114
-0.0382762
-0.0381634
-0.0378714
-0.0373998
-0.0367594
-0.0359408
-0.0349459
-0.0337777
-0.0324403
-0.0309665
-0.0293343
-0.0275503
-0.0256218
-0.0235569
-0.021406
-0.0191366
-0.0167592
-0.0142851
-0.011726
-0.00914546
-0.00650461
-0.00381588
-0.00109189
0.00165447
0.00435589
0.00705331
0.00973358
0.0123837
0.014991
0.0174921
0.0199263
0.0222819
0.024548
0.026714
0.0287282
0.030623
0.0323896
0.0340196
0.0355051
0.036811
0.0379594
0.0389455
0.0397651
0.0404154
0.0408822
0.0411755
0.0412947
0.0412399
0.0410121
0.040619
0.0400576
0.0393315
0.0384445
0.0374014
0.0362293
0.0349133
0.0334608
0.0318798
0.0301784
0.0283992
0.026517
0.0245411
0.0224813
0.0203479
0.0181935
0.015986
0.0137354
0.0114519
0.00914559
0.00687275
0.00459844
0.00233331
8.77123e-05
-0.00212858
-0.00426259
-0.00634951
-0.00838104
-0.0103491
-0.0122457
-0.0140261
-0.0157208
-0.0173236
-0.0188285
-0.0202302
-0.0214961
-0.0226497
-0.0236876
-0.0246072
-0.0254067
-0.0260688
-0.0266085
-0.0270249
-0.027318
-0.0274879
-0.0275328
-0.0274575
-0.0272643
-0.0269558
-0.0265352
-0.0260147
-0.0253891
-0.0246627
-0.0238404
-0.0229274
-0.0219482
-0.0208891
-0.0197553
-0.0185525
-0.0172863
-0.0159895
-0.0146414
-0.0132481
-0.0118159
-0.0103511
-0.00889142
-0.00741168
-0.00591801
-0.00441638
-0.00291261
-0.00144485
1.37863e-05
0.00145775
0.0028815
0.0042796
0.0056166
0.00691807
0.00817973
0.00939758
0.0105679
0.0116617
0.0127009
0.0136822
0.0146027
0.0154597
0.0162324
0.0169368
0.0175708
0.0181329
0.0186219
0.0190274
0.0193586
0.0196153
0.0197973
0.0199048
0.0199379
0.0198973
0.0197841
0.0195995
0.0193452
0.0190314
0.0186515
0.0182076
0.017702
0.0171374
0.016533
0.0158756
0.0151687
0.0144156
0.0136197
0.0128062
0.0119574
0.0110772
0.0101698
0.0092393
0.00831466
0.00737528
0.00642524
0.00546872
0.00451005
0.00357845
0.00265344
0.00173936
0.000840506
-3.887e-05
-0.000872415
-0.00167832
-0.00245278
-0.00319219
-0.00389317
-0.00453549
-0.00513314
-0.00568322
-0.00618299
-0.00662999
-0.00701219
-0.00733791
-0.00760596
-0.00781544
-0.0079657
-0.0080544
-0.00808327
-0.00805246
-0.00796251
-0.00781431
-0.00761522
-0.00736045
-0.00705159
-0.00669045
-0.00627916
-0.00583352
-0.00534308
-0.00481091
-0.00424015
-0.00363394
-0.00301381
-0.00236437
-0.00168894
-0.000991283
-0.000275632
0.000432305
0.00114919
0.00187071
0.00259287
0.00331194
0.00400328
0.00468437
0.00535144
0.00600065
0.00662819
0.00721238
0.00776833
0.00829338
0.0087851
0.0092411
0.00964604
0.0100106
0.0103327
0.0106106
0.010843
0.0110227
0.0111556
0.0112412
0.0112792
0.0112695
0.0112133
0.0111101
0.0109609
0.010767
0.0105304
0.0102607
0.00995177
0.00960524
0.00922296
0.00880701
0.00837353
0.00791168
0.00742457
0.00691545
0.00638745
0.00586082
0.00532092
0.00477045
0.00421233
0.00364987
0.00310513
0.00256313
0.00202712
0.00149989
0.000983793
0.00049825
2.83078e-05
-0.000423391
-0.000853898
-0.00126028
-0.00162624
-0.00196376
-0.0022717
-0.00254925
-0.00279556
-0.00300086
-0.00317253
-0.00330942
-0.0034108
-0.00347653
-0.00350429
-0.00349727
-0.00345581
-0.00338004
-0.00327004
-0.00312951
-0.00295597
-0.00275091
-0.00251613
-0.00225353
-0.00197345
-0.00166861
-0.00134037
-0.000990294
-0.000620272
-0.000245111
0.000145629
0.000549783
0.000965258
0.00138955
0.00180462
0.00222216
0.00263895
0.00305193
0.00345833
0.00384086
0.00421225
0.00457024
0.00491242
0.00523628
0.00552661
0.0057946
0.00603889
0.00625855
0.00645284
0.0066116
0.00674358
0.00684798
0.0069242
0.00697209
0.00698679
0.00697436
0.00693572
0.00687185
0.00678369
0.0066712
0.0065365
0.00638093
0.00620605
0.00601362
0.00580786
0.00558812
0.00535619
0.00511391
0.00486314
0.00461047
0.00435293
0.0040924
0.00383062
0.0035692
0.00331516
0.0030639
0.0028167
0.00257486
0.00233969
0.0021178
0.0019045
0.0017007
0.00150715
0.00132442
0.00115729
0.0010013
0.000856648
0.00072344
0.000601695
0.000494335
0.000397911
0.000312198
0.000236869
0.000171482
0.000117121
7.12894e-05
3.33244e-05
2.58546e-06
-2.1527e-05
-3.89651e-05
-5.10505e-05
-5.84263e-05
-6.17946e-05
-6.1887e-05
-5.93727e-05
-5.49489e-05
-4.91757e-05
-4.25353e-05
-3.5453e-05
-2.84656e-05
-2.17218e-05
-1.55201e-05
-1.0092e-05
-5.59302e-06
-2.21619e-06
1.90181e-07
1.66372e-06
2.29977e-06
2.25018e-06
1.70037e-06
9.4802e-07
2.75415e-07
0
0
0
0
0
0
0
0
0
0
0
0
0
0
0
0
0
0
0
0
0
0
0
0
0
0
0
0
0
0
0
0
0
0
0
0
0
0
0
0
0
0
0
0
0
0
0
0
0
0
0
0
0
0
0
0
0
0
0
0
0
0
0
0
0
0
0
0
0
0
0
0
0
0
0
0
0
0
0
0
0
0
0
0
0
0
0
0
0
0
0
0
0
0
0
0
0
0
0
0
0
0
0
0
0
0
0
0
0
0
0
0
0
0
0
0
0
0
0
0
0
0
0
0
0
0
0
0
0
0
0
0
0
0
0
0
0
0
0
0
0
0
0
0
0
0
0
0
0
0
0
0
0
0
0
0
0
0
0
0
0
0
0
0
0
0
0
0
0
0
0
0
0
0
0
0
0
0
0
0
0
0
0
0
0
0
0
0
0
0
-0
-0
-0
-0
-0
-0
-0
-0
-0
-0
-0
