0
0
0
0
0
0
0
0
0
0
0
0
0
0
0
0
0
0
0
0
0
0
0
0
0
0
0
0
0
0
0
0
0
0
0
0
0
0
0
0
0
0
0
0
0
0
0
0
0
0
0
0
0
0
0
0
0
0
0
0
0
0
0
0
0
0
0
0
0
0
0
0
0
0
0
0
0
0
0
0
0
0
0
0
0
0
0
0
0
0
0
0
0
0
0
0
0
0
0
0
0
0
0
0
0
0
0
0
0
0
0
0
0
0
0
0
0
0
0
0
0
0
0
0
0
0
0
0
0
0
0
0
0
0
0
0
0
0
0
0
0
0
0
0
0
0
0
0
0
0
0
0
0
0
0
0
0
0
0
0
0
0
0
0
0
0
0
0
0
0
0
0
0
0
0
0
0
0
0
0
0
0
0
0
0
0
0
0
0
0
0
0
0
0
0
0
0
0
2.31592e-08
0.00018774
0.000538848
0.000865706
0.00116861
0.00144766
0.00170197
0.00192972
0.00212923
0.00229997
0.00244276
0.00255912
0.00265045
0.00271772
0.00276162
0.00278246
0.00277945
0.00274994
0.00268982
0.00259568
0.00246803
0.00231323
0.00214205
0.00196477
0.00178511
0.00159693
0.00138627
0.00113842
0.000846455
0.000516516
0.000166337
-0.000182699
-0.000516265
-0.000834892
-0.00115422
-0.00149671
-0.00187839
-0.00229798
-0.00273522
-0.00316128
-0.00355646
-0.00392481
-0.00429485
-0.00470287
-0.00516684
-0.0056675
-0.00615213
-0.00656322
-0.00687732
-0.0071287
-0.00739817
-0.00776814
-0.00826862
-0.00884896
-0.00939773
-0.00980385
-0.0100237
-0.010112
-0.0101942
-0.0103947
-0.0107637
-0.0112487
-0.0117269
-0.0120794
-0.0122589
-0.0123109
-0.0123366
-0.0124271
-0.0126092
-0.0128384
-0.0130373
-0.0131502
-0.0131781
-0.0131729
-0.0131976
-0.0132823
-0.013404
-0.0134993
-0.0135029
-0.0133845
-0.0131672
-0.0129179
-0.0127161
-0.0126179
-0.0126284
-0.0126949
-0.0127254
-0.0126265
-0.0123467
-0.011906
-0.0113954
-0.0111184
-0.0111189
-0.0112963
-0.011582
-0.0118564
-0.0120123
-0.0120085
-0.0118845
-0.0117293
-0.0116249
-0.0116033
-0.0116411
-0.0116906
-0.0117209
-0.0117368
-0.0117632
-0.0118093
-0.0118443
-0.0118076
-0.0116497
-0.0113751
-0.0110537
-0.0107872
-0.0106497
-0.0106407
-0.0106817
-0.0106607
-0.0104945
-0.0101712
-0.00974781
-0.00930885
-0.00891753
-0.0085898
-0.00830337
-0.00802743
-0.0077469
-0.00746415
-0.00718171
-0.00688552
-0.00654672
-0.00614315
-0.00568376
-0.00521515
-0.00480167
-0.00449116
-0.00428959
-0.0041619
-0.00405794
-0.00394446
-0.00382149
-0.00371448
-0.00365193
-0.00364805
-0.00370347
-0.00382101
-0.00402029
-0.00433606
-0.00479887
-0.00541234
-0.00614551
-0.00694869
-0.0077834
-0.00864619
-0.00957028
-0.0106047
-0.0117867
-0.0131261
-0.0146107
-0.0162238
-0.0179578
-0.0198129
-0.021782
-0.0238389
-0.0259414
-0.0280518
-0.0301603
-0.0322941
-0.0345019
-0.0368239
-0.039265
-0.0417883
-0.0443307
-0.0468288
-0.049236
-0.0515247
-0.0536775
-0.0556816
-0.0575313
-0.0592377
-0.060829
-0.0623339
-0.0637529
-0.0650354
-0.0660826
-0.066779
-0.0670391
-0.0668407
-0.0662248
-0.0652628
-0.0640114
-0.0624832
-0.0606453
-0.0584419
-0.0558198
-0.0527395
-0.0491707
-0.0450844
-0.040456
-0.035283
-0.0296029
-0.0234934
-0.0170451
-0.0103214
-0.00332799
0.0039846
0.0116851
0.0198136
0.0283512
0.0372235
0.0463318
0.0555885
0.0649316
0.0743144
0.0836828
0.0929646
0.102081
0.110971
0.119609
0.127994
0.136118
0.143929
0.151316
0.158133
0.164238
0.169527
0.173945
0.177462
0.180048
0.181654
0.182221
0.181698
0.180058
0.177289
0.173367
0.16823
0.161785
0.153929
0.144595
0.133775
0.121522
0.107919
0.0930448
0.0769557
0.0596863
0.0412659
0.0217299
0.00111746
-0.0205365
-0.0432026
-0.066839
-0.0913625
-0.116626
-0.142425
-0.168529
-0.194731
-0.220878
-0.246871
-0.272637
-0.298086
-0.323091
-0.347487
-0.371091
-0.393714
-0.415162
-0.435232
-0.453702
-0.470351
-0.484979
-0.497437
-0.507631
-0.515495
-0.520959
-0.523922
-0.524251
-0.521807
-0.516473
-0.508163
-0.496819
-0.482383
-0.464793
-0.443996
-0.419981
-0.392804
-0.362588
-0.329493
-0.293674
-0.255255
-0.214326
-0.170977
-0.125323
-0.0775186
-0.0277492
0.0237845
0.0768701
0.131267
0.186681
0.242758
0.2991
0.355312
0.411051
0.466038
0.520046
0.572852
0.6242
0.673783
0.721261
0.766286
0.808518
0.847624
0.88327
0.915112
0.942821
0.966113
0.984771
0.998652
1.00766
1.0117
1.01066
1.00445
0.99296
0.97613
0.953938
0.926381
0.893457
0.85516
0.811509
0.762587
0.708568
0.649718
0.586362
0.518849
0.447525
0.372728
0.29481
0.21414
0.131099
0.0460629
-0.040614
-0.128588
-0.217495
-0.306914
-0.396353
-0.485263
-0.573071
-0.659224
-0.743191
-0.824464
-0.902532
-0.976882
-1.04702
-1.11251
-1.17298
-1.22815
-1.27778
-1.32162
-1.35944
-1.39096
-1.41596
-1.43423
-1.44559
-1.44988
-1.4469
-1.4365
-1.41853
-1.39291
-1.35967
-1.31894
-1.27088
-1.21572
-1.15371
-1.08515
-1.01042
-0.930003
-0.844439
-0.754302
-0.660165
-0.562581
-0.462109
-0.359326
-0.25484
-0.149277
-0.0432464
0.0626784
0.167955
0.272053
0.374427
0.474518
0.571771
0.665673
0.755766
0.841641
0.922911
0.999181
1.07005
1.13513
1.19409
1.24666
1.29266
1.3319
1.36426
1.38957
1.40774
1.41871
1.42249
1.41915
1.40881
1.39156
1.36752
1.33686
1.29979
1.25661
1.20766
1.15326
1.09377
1.0295
0.960821
0.888124
0.811866
0.732537
0.650619
0.56657
0.48083
0.393843
0.306078
0.218034
0.130216
0.0430973
-0.0428871
-0.127336
-0.209854
-0.290029
-0.367441
-0.441685
-0.512407
-0.579311
-0.64215
-0.700686
-0.754679
-0.803888
-0.848102
-0.887163
-0.920982
-0.949516
-0.972734
-0.990606
-1.0031
-1.01023
-1.01206
-1.0087
-1.00032
-0.987097
-0.969181
-0.946729
-0.919927
-0.889008
-0.854257
-0.815979
-0.774475
-0.730021
-0.682887
-0.633358
-0.581761
-0.528453
-0.473796
-0.418124
-0.361735
-0.304906
-0.247928
-0.191117
-0.134813
-0.0793428
-0.0249916
0.0280037
0.0794357
0.129095
0.176755
0.222178
0.265148
0.305498
0.343107
0.377888
0.409748
0.438586
0.464295
0.486801
0.506082
0.522162
0.535087
0.544894
0.551601
0.555223
0.555807
0.553451
0.548296
0.5405
0.530202
0.517514
0.502539
0.485403
0.466276
0.445361
0.422867
0.398977
0.373845
0.347615
0.320446
0.292532
0.264083
0.2353
0.206349
0.177361
0.148459
0.119786
0.0915131
0.0638255
0.0368839
0.0108026
-0.0143472
-0.0385078
-0.0616022
-0.0835225
-0.104149
-0.123381
-0.141167
-0.157493
-0.172361
-0.185761
-0.197659
-0.208016
-0.216818
-0.224088
-0.229878
-0.23424
-0.237202
-0.238768
-0.238945
-0.237775
-0.235345
-0.231767
-0.227146
-0.221551
-0.215012
-0.207555
-0.199231
-0.190136
-0.180392
-0.170117
-0.159397
-0.148285
-0.136828
-0.125089
-0.11316
-0.101143
-0.0891227
-0.0771512
-0.0652568
-0.0534735
-0.0418657
-0.0305267
-0.0195523
-0.00900623
0.00109529
0.010768
0.0200232
0.0288369
0.0371471
0.0448812
0.0519919
0.0584761
0.0643639
0.0696874
0.074454
0.0786438
0.0822315
0.0852137
0.0876182
0.0894887
0.0908564
0.0917239
0.092074
0.0918999
0.0912306
0.090133
0.0886845
0.0869367
0.084896
0.0825373
0.0798398
0.0768216
0.0735456
0.070095
0.0665358
0.0628939
0.0591626
0.0553315
0.0514139
0.0474522
0.0434976
0.0395837
0.0357164
0.0318873
0.0281019
0.0243962
0.0208278
0.017445
0.014258
0.0112346
0.00832748
0.00551253
0.00281278
0.00028853
-0.00199905
-0.00402513
-0.00581315
-0.00741418
-0.00887035
-0.0101893
-0.0113473
-0.012315
-0.0130846
-0.0136759
-0.0141185
-0.0144264
-0.0145871
-0.0145769
-0.0143888
-0.0140517
-0.013622
-0.0131507
-0.0126515
-0.0120923
-0.0114199
-0.0106013
-0.0096518
-0.00863018
-0.00760451
-0.00661298
-0.00564735
-0.0046691
-0.00364412
-0.00256933
-0.00147265
-0.000389253
0.000664732
0.00169922
0.0029439
0.00520734
0.00757049
0.00985363
0.0120297
0.0141106
0.0161406
0.0181631
0.0201846
0.0221635
0.0240328
0.0257414
0.0272861
0.0287094
0.0300686
0.0313969
0.032685
0.0338942
0.0349877
0.0359555
0.0368152
0.0375809
0.0381479
0.0385947
0.0389412
0.0391866
0.0393558
0.0394851
0.0395959
0.0396763
0.0396872
0.0395892
0.0393714
0.0390619
0.0387111
0.03836
0.0380171
0.0376575
0.0372446
0.0367566
0.0361986
0.0355955
0.0349715
0.0343352
0.0336795
0.0329942
0.0322795
0.0315481
0.0308147
0.0300833
0.0293418
0.0285708
0.0277598
0.0269169
0.0260661
0.0252326
0.0244267
0.0236385
0.0228464
0.0220322
0.0211925
0.0203373
0.0194896
0.0186584
0.0178436
0.0170369
0.0162328
0.0154242
0.0146181
0.0138195
0.0130289
0.0122479
0.0114575
0.0106634
0.00987096
0.00908862
0.00833118
0.00757873
0.0068334
0.00608606
0.00533196
0.0045843
0.00382885
0.00308507
0.00235681
0.00164236
0.000949128
0.000248961
-0.000445367
-0.00112954
-0.00163046
-0.00153599
-0.00139766
-0.00125145
-0.00109775
-0.000932999
-0.000739112
-0.000537426
-0.000317754
-8.70005e-05
0.000147521
0.000390736
0.00063235
0.000888287
0.00116535
0.00146366
0.00177358
0.00209108
0.00240713
0.00272165
0.00303897
0.00333609
0.00359365
0.00384569
0.00410115
0.0043577
0.0045789
0.00484353
0.00511351
0.00538371
0.00564596
0.00583361
0.00606644
0.0062891
0.0065076
0.00672333
0.00684894
0.00703631
0.00719372
0.00731667
0.00740748
0.00737494
0.00741525
0.00742866
0.00740742
0.0073438
0.00713438
0.00698028
0.00678391
0.00654459
0.00625734
0.00583038
0.00543064
0.0049747
0.00446842
0.00391709
0.00327343
0.0026273
0.0019234
0.00115763
0.000333296
-0.000524797
-0.00143691
-0.00238214
-0.00336129
-0.00437805
-0.00533158
-0.00642056
-0.00753296
-0.00865806
-0.00978866
-0.0107168
-0.0118512
-0.0129813
-0.0140967
-0.0151834
-0.015917
-0.0169152
-0.0178635
-0.0187594
-0.0195955
-0.0199534
-0.0206262
-0.0211944
-0.021649
-0.0219871
-0.0217463
-0.0218451
-0.0218107
-0.0216281
-0.0212844
-0.0203144
-0.0196366
-0.0187923
-0.0177782
-0.0165864
-0.0148304
-0.013262
-0.0115052
-0.00956589
-0.00745052
-0.00495636
-0.00249467
0.000141759
0.00294996
0.00591927
0.00897644
0.0122172
0.0155724
0.0190342
0.0225951
0.0258493
0.0295619
0.0333144
0.037081
0.0408407
0.0438079
0.0475049
0.0511411
0.0546879
0.0581127
0.0602509
0.063347
0.0662464
0.068928
0.0713661
0.0721069
0.0739687
0.0754984
0.0766725
0.0774725
0.0763115
0.0763154
0.0758891
0.0750068
0.073648
0.0702896
0.0679578
0.0651374
0.0618216
0.0579999
0.0524592
0.0476136
0.0422663
0.0364322
0.0301287
0.0227372
0.0155461
0.00793614
-7.04647e-05
-0.00844242
-0.0169697
-0.0259523
-0.0351802
-0.0446168
-0.0542223
-0.062807
-0.0726021
-0.0824043
-0.0921536
-0.101795
-0.109111
-0.118385
-0.127391
-0.136061
-0.144322
-0.149014
-0.156272
-0.162947
-0.168987
-0.174332
-0.17516
-0.17895
-0.181883
-0.183911
-0.184993
-0.181068
-0.180165
-0.178223
-0.17521
-0.171101
-0.162128
-0.155821
-0.148424
-0.139937
-0.130362
-0.116801
-0.105101
-0.0923924
-0.0787204
-0.0641359
-0.0471974
-0.0309535
-0.0139672
0.00369507
0.0219544
0.0403585
0.0595379
0.0790354
0.0987564
0.118603
0.136004
0.155782
0.175354
0.194605
0.213422
0.227155
0.244792
0.261676
0.277683
0.292689
0.300289
0.312988
0.324404
0.334446
0.343024
0.342625
0.34804
0.351768
0.353746
0.353922
0.344562
0.341056
0.33568
0.328414
0.31925
0.301231
0.288349
0.273665
0.257213
0.239033
0.213944
0.192516
0.169604
0.14531
0.119744
0.0903759
0.062614
0.0339361
0.0044748
-0.025622
-0.0556554
-0.0865441
-0.117585
-0.148615
-0.179469
-0.20606
-0.236073
-0.265414
-0.29391
-0.321396
-0.34066
-0.365686
-0.389259
-0.411219
-0.431414
-0.440211
-0.456522
-0.470749
-0.482794
-0.49256
-0.489091
-0.494088
-0.496619
-0.496639
-0.494122
-0.478129
-0.470567
-0.460516
-0.447997
-0.433048
-0.406117
-0.386536
-0.364778
-0.340935
-0.315107
-0.280382
-0.250973
-0.220005
-0.187641
-0.154046
-0.115903
-0.0803557
-0.0440914
-0.00729629
0.0298311
0.0665105
0.103698
0.14062
0.177083
0.212896
0.243243
0.277215
0.309996
0.341403
0.371265
0.391286
0.417633
0.442022
0.464308
0.48436
0.49142
0.506743
0.519609
0.529949
0.537703
0.530987
0.533479
0.533328
0.530538
0.525131
0.505598
0.495133
0.482239
0.466979
0.449433
0.419837
0.398064
0.374376
0.348903
0.32178
0.286133
0.256178
0.225065
0.192973
0.160079
0.123134
0.0891503
0.0548814
0.0205111
-0.0137682
-0.0473241
-0.0808674
-0.113785
-0.145911
-0.17709
-0.203107
-0.23196
-0.259441
-0.285407
-0.309732
-0.325317
-0.34608
-0.364939
-0.381804
-0.396597
-0.400371
-0.410913
-0.419309
-0.425543
-0.429603
-0.421892
-0.421642
-0.419284
-0.414863
-0.408435
-0.390983
-0.380787
-0.368835
-0.355208
-0.339998
-0.315779
-0.297761
-0.27853
-0.258209
-0.236918
-0.209563
-0.186716
-0.163301
-0.139462
-0.115342
-0.0885738
-0.0642765
-0.0400759
-0.0161009
0.00751647
0.0304087
0.0529515
0.0747989
0.0958531
0.116021
0.132565
0.150714
0.167735
0.183551
0.198103
0.206887
0.218817
0.229402
0.238609
0.246408
0.24727
0.252255
0.25586
0.258101
0.258995
0.252789
0.251087
0.248151
0.244034
0.238797
0.227196
0.219928
0.211743
0.202699
0.192864
0.178045
0.166878
0.155176
0.143018
0.130479
0.114756
0.10168
0.0884593
0.0751826
0.0619312
0.0474258
0.0344177
0.0216136
0.00907346
-0.00313752
-0.0148584
-0.0262289
-0.0371027
-0.0474372
-0.0571958
-0.0650573
-0.0735757
-0.0814344
-0.0886115
-0.0950964
-0.0987694
-0.10388
-0.108303
-0.112026
-0.115035
-0.114784
-0.116391
-0.117337
-0.117653
-0.117369
-0.113922
-0.112514
-0.110584
-0.10816
-0.105277
-0.0996655
-0.0959716
-0.0919199
-0.0875401
-0.0828692
-0.0761556
-0.0710471
-0.0657928
-0.0604298
-0.0549854
-0.0483087
-0.0427742
-0.0372413
-0.0317481
-0.02633
-0.0204773
-0.0152786
-0.0102148
-0.00530891
-0.0005905
0.00387704
0.00813601
0.0121404
0.0158873
0.0193793
0.0221459
0.0251315
0.0278538
0.0303021
0.0324704
0.0336028
0.0352173
0.0365577
0.0376214
0.0384093
0.0380507
0.0383342
0.0384062
0.03829
0.0379964
0.0366549
0.0359954
0.0351453
0.0341125
0.0329191
0.0308444
0.0294185
0.0279124
0.0263397
0.0247107
0.0224682
0.0207577
0.019019
0.0172546
0.0154651
0.0132953
0.0114785
0.00968068
0.00793217
0.00625656
0.00450274
0.00298148
0.0015184
0.000102428
-0.00126616
-0.00256789
-0.00380465
-0.00495563
-0.0060151
-0.00698249
-0.00772776
-0.00850971
-0.00919495
-0.00978414
-0.0102859
-0.0105132
-0.0108853
-0.0112059
-0.0114686
-0.0116598
-0.0115398
-0.0115632
-0.0115114
-0.0114001
-0.0112437
-0.0108334
-0.0106064
-0.0103469
-0.0100592
-0.00975022
-0.00924455
-0.00890488
-0.00854349
-0.00815257
-0.0077303
-0.00715268
-0.00670211
-0.00626407
-0.00584976
-0.00546009
-0.005007
-0.00464579
-0.00429087
-0.00394185
-0.00359851
-0.00322254
-0.00288212
-0.00254401
-0.00222074
-0.00193292
-0.00169956
-0.00152464
-0.00139205
-0.00127012
-0.001128
-0.00097765
-0.00078467
-0.000607011
-0.000478402
-0.000413292
-0.000436545
-0.000443754
-0.00044348
-0.000425344
-0.000400622
-0.000431411
-0.000450268
-0.000492567
-0.000537145
-0.000562729
-0.000602792
-0.000686773
-0.00092831
-0.00122564
-0.00157517
-0.00197301
-0.00230915
-0.00257464
-0.00276416
-0.00291114
-0.00309179
-0.00331329
-0.00361135
-0.00395838
-0.00429783
-0.00458443
-0.00476843
-0.00487723
-0.00496034
-0.00507302
-0.00524901
-0.00547115
-0.00569862
-0.00588019
-0.00598799
-0.0060313
-0.00605987
-0.00611975
-0.00623262
-0.00637723
-0.00649422
-0.00654583
-0.00650992
-0.00642051
-0.00634298
-0.00632633
-0.00640129
-0.00651687
-0.00659872
-0.00658372
-0.00644911
-0.00625792
-0.00607806
-0.00597444
-0.00596247
-0.00599338
-0.00601323
-0.00595594
-0.00580886
-0.00560752
-0.0054043
-0.00525688
-0.00516581
-0.00510153
-0.00502105
-0.00489247
-0.00472541
-0.00454157
-0.00437094
-0.00422815
-0.00410417
-0.00398046
-0.00383569
-0.00366494
-0.00347987
-0.00329991
-0.00313801
-0.00299478
-0.00285908
-0.00271718
-0.00256297
-0.00239581
-0.0022257
-0.00206133
-0.001907
-0.00176307
-0.00162245
-0.00148324
-0.00134419
-0.00120638
-0.00107267
-0.000942342
-0.000817207
-0.000697404
-0.000583258
-0.000475592
-0.000374027
-0.000279164
-0.000190908
-0.000109416
-3.52282e-05
-4.08658e-09
0
0
0
0
0
0
0
0
0
0
0
0
0
0
0
0
0
0
0
0
0
-0
0
0
0
0
0
0
0
0
0
0
0
0
0
0
0
0
0
0
0
0
0
0
0
0
0
0
0
0
0
0
0
0
0
0
0
0
0
0
0
0
0
0
0
0
0
0
0
0
0
0
0
0
0
0
0
0
0
0
0
0
0
0
0
0
0
0
0
0
0
0
0
0
0
0
0
0
0
0
0
0
0
0
0
0
0
0
0
0
0
0
0
0
0
0
0
0
0
0
0
0
0
0
0
0
0
0
0
0
0
0
0
0
0
0
0
0
0
0
0
0
0
0
0
0
0
0
0
0
0
0
0
0
0
0
0
0
0
0
0
0
0
0
0
0
0
0
0
0
0
0
0
0
0
0
0
0
0
0
0
0
0
0
0
0
0
0
0
0
0
0
0
0
0
0
-0
