0.000130256
0.00025401
0.000426632
0.000651583
0.000931035
0.00126582
0.0016554
0.00209785
0.00258991
0.003127
0.0037033
0.00431187
0.00494477
0.00559325
0.00624792
0.00689888
0.00753591
0.00814862
0.00872667
0.00925991
0.00973867
0.0101538
0.010497
0.0107605
0.0109378
0.0110235
0.0110133
0.0109048
0.0106972
0.0103912
0.00998884
0.00949351
0.00890959
0.00824269
0.00749984
0.00668962
0.00582205
0.00490831
0.00396037
0.00299069
0.0020122
0.00103839
8.34989e-05
-0.000837607
-0.00170979
-0.00251826
-0.0032492
-0.00389011
-0.0044298
-0.00485822
-0.00516621
-0.00534548
-0.0053889
-0.00529089
-0.00504776
-0.00465795
-0.00412204
-0.00344268
-0.00262448
-0.00167392
-0.000599194
0.000589864
0.00188197
0.00326447
0.00472335
0.00624336
0.0078082
0.00940107
0.0110053
0.0126049
0.0141848
0.0157306
0.0172277
0.0186614
0.0200165
0.0212785
0.0224342
0.0234733
0.0243876
0.0251713
0.0258197
0.0263291
0.0266965
0.0269212
0.027005
0.0269532
0.0267737
0.0264758
0.0260766
0.0255945
0.0250391
0.0244207
0.0237514
0.0230448
0.0223156
0.0215784
0.0208472
0.0201356
0.0194573
0.0188266
0.0182591
0.0177711
0.0173788
0.0170979
0.0169434
0.016929
0.0170679
0.0173728
0.0178548
0.0185239
0.0193872
0.0204499
0.0217141
0.0231801
0.0248464
0.0267095
0.0287643
0.0310042
0.0334203
0.036002
0.0387366
0.0416092
0.0446031
0.0476997
0.0508787
0.054119
0.0573986
0.0606946
0.0639829
0.0672377
0.0704319
0.0735371
0.0765247
0.0793665
0.0820353
0.0845045
0.086748
0.0887396
0.0904533
0.0918641
0.0929492
0.0936884
0.0940646
0.094063
0.0936706
0.0928759
0.0916685
0.0900401
0.0879847
0.0854997
0.0825852
0.079244
0.0754809
0.0713029
0.0667189
0.0617403
0.0563811
0.0506581
0.044591
0.0382019
0.0315155
0.024559
0.0173615
0.00995421
0.00236986
-0.00535754
-0.0131927
-0.0210989
-0.0290382
-0.0369711
-0.0448577
-0.0526578
-0.0603317
-0.0678404
-0.0751451
-0.082207
-0.0889874
-0.0954476
-0.10155
-0.107259
-0.112539
-0.117359
-0.121687
-0.125495
-0.128754
-0.131439
-0.133526
-0.134993
-0.135821
-0.135995
-0.135501
-0.134331
-0.132475
-0.129931
-0.126698
-0.122777
-0.118173
-0.112894
-0.106951
-0.100358
-0.0931313
-0.0852926
-0.0768653
-0.0678764
-0.0583551
-0.0483339
-0.0378483
-0.0269367
-0.0156397
-0.00400047
0.00793688
0.0201267
0.0325217
0.0450728
0.0577286
0.0704361
0.0831407
0.0957872
0.10832
0.120684
0.132823
0.144679
0.156197
0.16732
0.177991
0.188157
0.197763
0.206758
0.215091
0.22271
0.229569
0.235621
0.240824
0.245141
0.248536
0.250977
0.252434
0.25288
0.252295
0.25066
0.247966
0.244205
0.239377
0.233483
0.226532
0.218534
0.209507
0.199472
0.188456
0.176492
0.163617
0.149875
0.135312
0.119981
0.103938
0.0872451
0.0699661
0.0521694
0.0339267
0.0153132
-0.00359261
-0.0227099
-0.0419559
-0.0612464
-0.0804958
-0.0996176
-0.118524
-0.137127
-0.155337
-0.173066
-0.19023
-0.206743
-0.222526
-0.2375
-0.25159
-0.264721
-0.276824
-0.287833
-0.297689
-0.306337
-0.313727
-0.319815
-0.324562
-0.327936
-0.329909
-0.330461
-0.329578
-0.327251
-0.32348
-0.318273
-0.311643
-0.303612
-0.294209
-0.283471
-0.27144
-0.258166
-0.243702
-0.228112
-0.211461
-0.193824
-0.17528
-0.155915
-0.135817
-0.11508
-0.0938014
-0.07208
-0.0500187
-0.0277227
-0.00529963
0.0171411
0.0394892
0.0616342
0.0834661
0.104876
0.125759
0.146009
0.165526
0.184211
0.20197
0.21871
0.234347
0.248801
0.261996
0.273867
0.28435
0.293393
0.300946
0.306971
0.311435
0.314315
0.315595
0.315269
0.313339
0.309815
0.304714
0.298064
0.2899
0.280262
0.269202
0.256775
0.243044
0.228079
0.211957
0.194762
0.176583
0.157513
0.137649
0.117094
0.0959527
0.0743323
0.0523447
0.0301032
0.00772195
-0.0146858
-0.0370083
-0.0591356
-0.0809592
-0.102372
-0.123268
-0.143544
-0.163101
-0.181846
-0.199688
-0.216544
-0.232335
-0.246987
-0.260432
-0.272613
-0.283476
-0.292982
-0.301094
-0.307785
-0.313036
-0.316833
-0.319172
-0.320056
-0.319499
-0.317523
-0.314158
-0.309438
-0.303405
-0.296104
-0.287588
-0.277917
-0.267157
-0.255381
-0.242665
-0.22909
-0.214738
-0.199697
-0.184054
-0.1679
-0.151329
-0.134435
-0.117309
-0.100047
-0.0827409
-0.0654821
-0.0483615
-0.0314678
-0.0148871
0.00129827
0.0170095
0.0321717
0.0467134
0.0605675
0.0736713
0.0859679
0.097406
0.107941
0.117533
0.126148
0.133759
0.140342
0.145881
0.150366
0.153794
0.15617
0.157502
0.157805
0.157099
0.155406
0.152757
0.149183
0.144726
0.139427
0.133335
0.126498
0.11897
0.110807
0.102067
0.0928105
0.0831011
0.0730023
0.0625779
0.0518913
0.0410057
0.0299842
0.0188896
0.00778471
-0.00326894
-0.0142115
-0.0249857
-0.0355367
-0.0458123
-0.0557629
-0.0653414
-0.0745035
-0.0832084
-0.0914193
-0.0991036
-0.106233
-0.112782
-0.118732
-0.124064
-0.128765
-0.132827
-0.136245
-0.139017
-0.141145
-0.142638
-0.143504
-0.143755
-0.143409
-0.142483
-0.141001
-0.138987
-0.136469
-0.133474
-0.130035
-0.126184
-0.121958
-0.117391
-0.112523
-0.107392
-0.102036
-0.0964947
-0.0908061
-0.0850088
-0.0791412
-0.0732413
-0.0673464
-0.0614929
-0.0557155
-0.0500475
-0.04452
-0.0391628
-0.0340037
-0.0290689
-0.0243832
-0.0199689
-0.0158463
-0.0120327
-0.00854265
-0.00538792
-0.00257768
-0.000119032
0.00198276
0.00372411
0.00510323
0.00612042
0.00677833
0.00708204
0.00703896
0.00665848
0.00595168
0.00493108
0.00361059
0.00200561
0.000132981
-0.00198901
-0.00434099
-0.0069028
-0.00965385
-0.0125733
-0.01564
-0.0188325
-0.0221291
-0.0255079
-0.0289474
-0.0324266
-0.035925
-0.0394233
-0.0429023
-0.0463433
-0.0497281
-0.0530391
-0.0562595
-0.0593743
-0.0623699
-0.065234
-0.0679556
-0.0705242
-0.0729301
-0.0751645
-0.0772197
-0.0790897
-0.0807701
-0.082258
-0.0835516
-0.0846499
-0.0855519
-0.0862575
-0.0867671
-0.0870824
-0.0872064
-0.0871436
-0.0868995
-0.0864805
-0.0858935
-0.0851453
-0.0842431
-0.0831943
-0.0820063
-0.0806871
-0.0792452
-0.0776895
-0.0760291
-0.0742737
-0.0724325
-0.0705151
-0.0685309
-0.0664895
-0.0644008
-0.0622749
-0.0601219
-0.057952
-0.0557747
-0.0535987
-0.0514322
-0.0492831
-0.0471592
-0.0450686
-0.0430197
-0.0410208
-0.0390797
-0.0372037
-0.0353992
-0.0336718
-0.0320269
-0.0304695
-0.0290045
-0.0276363
-0.0263691
-0.0252063
-0.024151
-0.0232055
-0.0223721
-0.0216524
-0.0210476
-0.0205583
-0.0201845
-0.0199258
-0.0197811
-0.019749
-0.0198277
-0.0200151
-0.0203085
-0.0207049
-0.0212009
-0.0217929
-0.0224766
-0.0232479
-0.0241021
-0.0250345
-0.0260403
-0.0271149
-0.0282533
-0.0294504
-0.0307003
-0.0319972
-0.0333346
-0.0347064
-0.0361068
-0.0375302
-0.038971
-0.0404234
-0.0418807
-0.0433362
-0.0447832
-0.0462158
-0.0476288
-0.0490182
-0.0503797
-0.051709
-0.0530009
-0.0542503
-0.0554523
-0.0566028
-0.0576989
-0.0587384
-0.059719
-0.0606381
-0.0614926
-0.0622794
-0.0629956
-0.0636394
-0.0642094
-0.0647048
-0.0651245
-0.0654676
-0.0657336
-0.0659225
-0.0660322
-0.0660344
-0.0659229
-0.0656993
-0.0653649
-0.0649215
-0.0643712
-0.0637174
-0.0629639
-0.0621149
-0.0611742
-0.0601454
-0.0590319
-0.0578375
-0.0565672
-0.0552268
-0.0538226
-0.0523607
-0.0508466
-0.0492853
-0.0476817
-0.046041
-0.0443686
-0.0426705
-0.0409528
-0.0392216
-0.0374827
-0.0357422
-0.034006
-0.0322799
-0.0305695
-0.0288797
-0.0272151
-0.0255801
-0.0239795
-0.0224183
-0.0209017
-0.0194347
-0.0180213
-0.0166646
-0.015367
-0.0141305
-0.012957
-0.0118484
-0.0108065
-0.00983206
-0.00892531
-0.00808545
-0.00731122
-0.00660121
-0.00595393
-0.00536777
-0.00484069
-0.00437007
-0.0039527
-0.00358499
-0.0032632
-0.00298363
-0.0027426
-0.0025364
-0.00236119
-0.00221306
-0.0020881
-0.00198253
-0.00189279
-0.00181555
-0.00174759
-0.00168587
-0.00162758
-0.00157018
-0.00151157
-0.00145008
-0.00138445
-0.00131377
-0.00123745
-0.00115519
-0.00106707
-0.00097354
-0.000875436
-0.000773952
-0.00067058
-0.000567062
-0.000465369
-0.000367674
-0.000276324
-0.000193798
-0.000122649
-6.54497e-05
-2.47469e-05
-3.01488e-06
-0
-0
-0
-0
-0
-0
-0
-0
-0
-0
-0
-0
-0
-0
-0
-0
-0
-0
-0
-0
-0
-0
-0
-0
-0
-0
-0
-0
-0
-0
-0
-0
-0
-0
-0
-0
-0
-0
-0
-0
-0
-0
-0
-0
-0
-0
-0
-0
-0
-0
-0
-0
-0
-0
-0
-0
-0
-0
-0
-0
-0
-0
-0
-0
-0
-0
-0
-0
-0
-0
-0
-0
-0
-0
-0
-0
-0
-0
-0
-0
-0
-0
-0
-0
-0
-0
-0
-0
-0
-0
-0
-0
-0
-0
-0
-0
-0
-0
-0
-0
-0
-0
-0
-0
-0
-0
-0
-0
-0
-0
-0
-0
-0
-0
-0
-0
-0
-0
-0
-0
-0
-0
-0
-0
-0
-0
-0
-0
-0
-0
-0
-0
-0
-0
-0
-0
-0
-0
-0
-0
-0
-0
-0
-0
-0
-0
-0
0
0
0
0
0
0
0
0
0
0
0
0
0
0
0
0
0
0
0
0
0
0
0
0
0
0
0
0
0
0
0
0
0
0
0
0
0
0
0
0
0
0
0
0
0
0
0
0
0
0
0
0
0
0
0
0
0
0
0
0
0
0
0
0
0
0
0
0
0
0
0
0
0
0
0
0
0
0
0
0
0
0
0
0
0
0
0
0
0
0
0
0
0
0
0
0
0
0
0
0
0
0
0
0
0
0
0
0
0
0
0
0
0
0
0
0
0
0
0
0
0
0
0
0
0
0
0
0
0
0
0
0
0
0
0
0
0
0
0
0
0
0
0
0
0
0
0
0
0
0
0
0
0
0
0
0
0
0
0
0
0
0
0
0
0
0
0
0
0
0
0
0
0
0
0
0
0
0
0
0
0
0
0
0
0
0
5.58649e-06
4.73014e-05
0.000129377
0.000251383
0.000412943
0.000613749
0.000853562
0.00113222
0.00144966
0.0018059
0.0022011
0.00263553
0.00310957
0.00362367
0.00417837
0.00477431
0.0054123
0.00609341
0.0068189
0.00759015
0.00840858
0.00927546
0.010192
0.0111593
0.0121785
0.013251
0.0143783
0.0155619
0.0168029
0.0181023
0.0194609
0.0208794
0.0223584
0.0238987
0.0255007
0.0271645
0.0288893
0.0306738
0.0325163
0.034415
0.0363681
0.0383741
0.0404307
0.0425354
0.0446843
0.046873
0.0490967
0.0513508
0.053631
0.0559331
0.0582532
0.0605869
0.0629291
0.0652744
0.0676171
0.0699517
0.0722728
0.0745753
0.076854
0.0791035
0.081318
0.0834916
0.0856184
0.0876924
0.089708
0.0916595
0.0935414
0.0953486
0.0970763
0.0987203
0.100276
0.101739
0.103106
0.104372
0.105535
0.106594
0.107548
0.108398
0.109145
0.109789
0.110329
0.110765
0.111097
0.111328
0.111457
0.111486
0.111417
0.111248
0.110981
0.110615
0.110166
0.109688
0.109188
0.108669
0.108132
0.107577
0.107005
0.106415
0.10581
0.105192
0.104568
0.103939
0.103308
0.102676
0.102041
0.101404
0.100769
0.100136
0.0995084
0.098886
0.0982739
0.0976745
0.0970905
0.0965252
0.095978
0.0954544
0.0949549
0.0944786
0.0940243
0.0935876
0.0931726
0.092781
0.0924152
0.0920775
0.0917662
0.0914839
0.0912293
0.0910005
0.090795
0.0906096
0.0904432
0.0902943
0.0901624
0.0900472
0.0899503
0.0898699
0.0898043
0.0897497
0.0897017
0.0896597
0.0896167
0.0895713
0.0895239
0.0894747
0.0894304
0.0893812
0.0893236
0.089255
0.0891742
0.0890926
0.0890007
0.0888993
0.0887873
0.0886625
0.0885361
0.0883935
0.0882366
0.0880698
0.0878983
0.0877412
0.0875852
0.0874297
0.0872735
0.0871165
0.0869752
0.0868392
0.0867131
0.0866
0.0865012
0.0864271
0.0863668
0.0863213
0.0862946
0.0862923
0.0863248
0.0863929
0.0864987
0.0866427
0.0868239
0.0870371
0.087289
0.0875829
0.0879229
0.0883131
0.088739
0.0892185
0.0897511
0.0903364
0.0909741
0.0916354
0.0923496
0.0931161
0.093933
0.0947973
0.0956647
0.0965718
0.097515
0.0984908
0.0994955
0.100476
0.101474
0.102482
0.103494
0.1045
0.105445
0.106371
0.10727
0.108134
0.108951
0.109664
0.110307
0.110869
0.111339
0.111707
0.11193
0.112026
0.111983
0.111786
0.111422
0.110871
0.110131
0.109194
0.108052
0.106695
0.105135
0.103344
0.101318
0.099051
0.0965417
0.093843
0.090901
0.0877167
0.0842927
0.0806337
0.076834
0.0728147
0.0685857
0.0641585
0.0595454
0.0548759
0.050049
0.0450816
0.0399922
0.0348018
0.0296652
0.0244731
0.01925
0.0140215
0.00881425
0.00378861
-0.00116109
-0.00600647
-0.0107178
-0.015264
-0.0194988
-0.0235041
-0.0272488
-0.0307035
-0.0338408
-0.0365614
-0.0389135
-0.0408716
-0.0424093
-0.0435006
-0.0441069
-0.0442231
-0.0438337
-0.0429265
-0.0414916
-0.0395772
-0.037119
-0.0341112
-0.0305513
-0.0264409
-0.0219192
-0.0168631
-0.0112858
-0.00520231
0.0013694
0.00820532
0.0154835
0.023174
0.0312424
0.0396505
0.0481029
0.056814
0.0657417
0.0748421
0.0840682
0.0930904
0.102135
0.111149
0.120074
0.128855
0.13717
0.145232
0.15299
0.160388
0.167375
0.17368
0.179467
0.184683
0.189281
0.193212
0.196307
0.198652
0.200211
0.200948
0.200831
0.199822
0.197906
0.195064
0.191285
0.186562
0.181019
0.174534
0.167116
0.158778
0.149538
0.139677
0.128967
0.117443
0.105143
0.092111
0.078765
0.0647873
0.050235
0.0351701
0.0196596
0.00421789
-0.0115258
-0.0274961
-0.0436152
-0.0598032
-0.075513
-0.0911285
-0.106567
-0.121746
-0.136581
-0.150561
-0.164033
-0.176917
-0.189135
-0.200612
-0.210946
-0.220396
-0.228897
-0.236387
-0.242808
-0.247931
-0.251888
-0.254642
-0.25616
-0.256414
-0.255393
-0.253072
-0.249442
-0.244499
-0.238248
-0.230905
-0.222282
-0.212406
-0.201308
-0.189026
-0.175995
-0.161876
-0.146728
-0.130617
-0.113614
-0.0963349
-0.0783241
-0.0596674
-0.040456
-0.0207864
-0.00138307
0.0182756
0.0380851
0.0579397
0.0777328
0.0967229
0.115443
0.13379
0.151664
0.168967
0.185032
0.200339
0.214799
0.228329
0.24085
0.25186
0.261715
0.270353
0.277715
0.283746
0.288175
0.291188
0.292755
0.29285
0.291459
0.288584
0.284214
0.27836
0.271036
0.262266
0.25233
0.241016
0.22837
0.214441
0.199287
0.183435
0.166489
0.148522
0.129614
0.109851
0.0899524
0.0693801
0.0482287
0.0265956
0.0045808
-0.0169934
-0.0387449
-0.0605712
-0.0823693
-0.104038
-0.124749
-0.145133
-0.165094
-0.184536
-0.203366
-0.220845
-0.237535
-0.253357
-0.268235
-0.2821
-0.294397
-0.30556
-0.315536
-0.324279
-0.331748
-0.337631
-0.342178
-0.345371
-0.347193
-0.347639
-0.346672
-0.344334
-0.340641
-0.335611
-0.329271
-0.321861
-0.313206
-0.303345
-0.292325
-0.280198
-0.267451
-0.253719
-0.239068
-0.223569
-0.207296
-0.19092
-0.173922
-0.15638
-0.138373
-0.119982
-0.101977
-0.0837517
-0.0653878
-0.04697
-0.0285831
-0.011015
0.00635918
0.0234629
0.0402219
0.0565643
0.0717811
0.0864462
0.100497
0.113875
0.126522
0.137883
0.148416
0.158077
0.166829
0.174637
0.181157
0.186682
0.191197
0.194688
0.197148
0.198472
0.198759
0.198017
0.196254
0.19349
0.189864
0.185285
0.179782
0.17339
0.166146
0.158408
0.149901
0.14067
0.130764
0.120233
0.109603
0.0984554
0.0868466
0.0748346
0.0624792
0.0504075
0.0381095
0.0256412
0.0130579
0.000413895
-0.011643
-0.0236555
-0.0355731
-0.0473462
-0.0589268
-0.069717
-0.0802259
-0.0904124
-0.100237
-0.109663
-0.118206
-0.126284
-0.133869
-0.140935
-0.14746
-0.153126
-0.158214
-0.162709
-0.166598
-0.169872
-0.172403
-0.174306
-0.17558
-0.176226
-0.176246
-0.17571
-0.174566
-0.172826
-0.170505
-0.167621
-0.164417
-0.160688
-0.156456
-0.151745
-0.146583
-0.14135
-0.135723
-0.12973
-0.123405
-0.116779
-0.110316
-0.10362
-0.0967237
-0.0896616
-0.0824684
-0.0756281
-0.0687255
-0.0617948
-0.0548704
-0.0479866
-0.0415865
-0.0352916
-0.0291312
-0.0231341
-0.0173281
-0.0120605
-0.00703644
-0.00228002
0.0021856
0.00633863
0.0099637
0.0132376
0.0161438
0.0186677
0.0207973
0.0224709
0.0237346
0.0245851
0.0250208
0.0250421
0.0247385
0.0240259
0.0229102
0.0214002
0.0195077
0.0174519
0.0150434
0.0122989
0.00923616
0.00587368
0.00251561
-0.00110319
-0.00496185
-0.00903791
-0.0133073
-0.0174274
-0.0216893
-0.0260658
-0.0305281
-0.0350469
-0.0392932
-0.0435393
-0.0477589
-0.051927
-0.0560188
-0.059773
-0.0634035
-0.066888
-0.070205
-0.0733348
-0.0761184
-0.0786821
-0.0810134
-0.0831014
-0.084937
-0.0864847
-0.0877682
-0.0887849
-0.089534
-0.0900159
-0.0903151
-0.0903516
-0.0901297
-0.0896555
-0.0889371
-0.0881588
-0.087157
-0.0859435
-0.0845308
-0.082932
-0.0813933
-0.0796964
-0.0778564
-0.0758894
-0.0738119
-0.0718881
-0.0698846
-0.0678153
-0.0656932
-0.0635311
-0.0615605
-0.0595724
-0.0575568
-0.0555099
-0.0534443
-0.051524
-0.0496087
-0.0477108
-0.0458424
-0.0440155
-0.0422973
-0.0406395
-0.03905
-0.0375353
-0.0361014
-0.0347086
-0.0334057
-0.0321942
-0.0310739
-0.0300427
-0.0289673
-0.027978
-0.0270717
-0.0262455
-0.0254966
-0.0246366
-0.0238523
-0.023139
-0.0224913
-0.0219032
-0.0211692
-0.0204916
-0.0198653
-0.0192849
-0.0187445
-0.0180603
-0.0174121
-0.0167938
-0.0161996
-0.0156242
-0.0149344
-0.0142636
-0.0136097
-0.0129712
-0.012347
-0.0116675
-0.0110051
-0.0103589
-0.00972807
-0.00911202
-0.00849799
-0.00789941
-0.00731649
-0.00674955
-0.00619894
-0.00569337
-0.00520228
-0.00472643
-0.00426674
-0.00382418
-0.00344813
-0.0030851
-0.00273575
-0.0024008
-0.00208114
-0.00182757
-0.00158473
-0.00135437
-0.00113816
-0.000937496
-0.000791558
-0.000656029
-0.000531761
-0.000419431
-0.00031953
-0.000254585
-0.000196984
-0.000146912
-0.000104341
-6.9072e-05
-4.97934e-05
-3.39399e-05
-2.14253e-05
-1.20488e-05
-5.49034e-06
-3.14797e-06
-1.59692e-06
-6.62489e-07
-1.79878e-07
