-0
-0
-0
-0
-0
-0
-0
-0
-0
-0
-0
-0
-0
-0
-0
-0
-0
-0
-0
-0
-0
-0
-0
-0
0
0
0
0
0
0
0
0
0
0
0
0
0
0
0
0
0
0
0
0
0
0
0
0
0
0
0
0
0
0
0
0
0
0
0
0
0
0
0
0
0
0
0
0
0
0
0
-0
-0
-0
-0
-0
-0
-0
-0
-0
-0
-0
-0
-0
-0
-0
-0
-0
-0
-0
-0
-0
-0
-0
-0
-0
-0
-0
-0
-0
-0
-0
-0
-0
-0
-0
-0
-0
-0
-0
-0
-0
-0
-0
-0
-0
0
0
0
0
0
0
0
0
0
0
0
0
0
0
0
0
0
0
0
0
0
0
0
0
0
0
0
0
0
0
0
0
0
0
0
0
0
0
0
-0
-0
-0
-0
-0
-0
-0
-0
-0
-0
-0
-0
-0
-0
-0
-0
-0
-0
-0
-0
-0
-0
-0
-0
-0
-0
-0
-0
-0
-0
-0
-0
-0
-0
-0
-0
-0
-0
-0
0
0
0
0
0
0
0
0
0
0
0
0
0
0
0
0
0
0
0
0
0
0
0
0
0
0
0
0
0
0
0
0
0
0
0
0
0
0
0
0
-0
-0
-0
-0
-0
-0
-0
-0
-0
-0
-0
-0
-0
-0
-0
-0
-0
-0
-0
-0
-0
-0
-0
-0
-0
-0
-0
-0
-0
-0
-0
-0
-0
-0
-0
-0
-0
-0
-0
-0
-0
-0
0
0
0
0
0
0
0
0
0
0
0
0
0
0
0
0
0
0
0
0
0
0
0
0
0
0
0
0
0
0
0
0
0
0
0
0
0
0
0
0
0
0
0
0
0
0
0
-0
-0
-0
-0
-0
-0
-0
-0
-0
-0
-0
-0
-0
-0
-0
-0
-0
-0
-0
-0
-0
-0
-0
-0
-0
-0
-0
-0
-0
-0
-0
-0
-0
-0
-0
-0
-0
-0
-0
-0
-0
-0
-0
-0
-0
-0
-0
-0
-0
0
0
0
0
0
0
0
0
0
0
0
0
1.06679e-06
5.36027e-06
1.30784e-05
2.42092e-05
3.8582e-05
5.58764e-05
7.56358e-05
9.72876e-05
0.000120165
0.000143525
0.000166561
0.000188418
0.000208209
0.000225055
0.00023813
0.000246699
0.000250131
0.000247903
0.000239593
0.000224898
0.000203679
0.00017602
0.000142267
0.000103024
5.91197e-05
1.157e-05
-3.84304e-05
-8.94745e-05
-0.000139902
-0.000187792
-0.000231011
-0.000267297
-0.00029434
-0.000309794
-0.000311245
-0.000296157
-0.000261882
-0.000205744
-0.000125183
-1.78796e-05
0.000118197
0.000284821
0.000483558
0.000715771
0.000982526
0.00128446
0.00162169
0.00199379
0.00239987
0.00283867
0.00330851
0.00380723
0.0043319
0.00487883
0.00544353
0.00602098
0.0066059
0.00719286
0.00777631
0.00835043
0.00890893
0.00944502
0.00995157
0.0104213
0.010847
0.0112215
0.0115381
0.0117899
0.0119705
0.0120739
0.0120946
0.0120279
0.0118697
0.0116164
0.011265
0.010813
0.0102588
0.00960237
0.00884496
0.00798923
0.00703885
0.00599805
0.00487147
0.00366425
0.00238235
0.00103282
-0.000375996
-0.00183465
-0.0033329
-0.00486008
-0.00640693
-0.00796636
-0.00952997
-0.0110891
-0.0126348
-0.0141579
-0.015649
-0.0170984
-0.0184964
-0.019833
-0.0210988
-0.0222848
-0.0233827
-0.0243852
-0.0252853
-0.026076
-0.0267506
-0.0273024
-0.0277254
-0.0280143
-0.0281653
-0.0281755
-0.0280429
-0.027766
-0.0273437
-0.0267753
-0.0260609
-0.0252018
-0.0242001
-0.0230589
-0.0217821
-0.0203745
-0.0188414
-0.0171891
-0.0154247
-0.013556
-0.0115912
-0.00953859
-0.00740735
-0.00520724
-0.00294911
-0.00064478
0.00169333
0.00405278
0.00642155
0.00878807
0.0111409
0.0134681
0.0157575
0.017996
0.0201709
0.0222701
0.0242824
0.0261971
0.0280041
0.029693
0.0312538
0.032677
0.0339538
0.0350773
0.0360411
0.0368399
0.0374686
0.0379227
0.0381981
0.0382922
0.0382039
0.0379334
0.0374817
0.0368505
0.0360416
0.035058
0.0339034
0.0325834
0.0311045
0.0294736
0.0276981
0.0257849
0.0237417
0.0215771
0.0193016
0.0169268
0.0144653
0.0119297
0.0093316
0.00668221
0.00399263
0.00127468
-0.00145873
-0.00419379
-0.00691644
-0.00961306
-0.0122709
-0.0148778
-0.0174223
-0.0198929
-0.022278
-0.0245663
-0.0267468
-0.0288089
-0.0307429
-0.0325391
-0.0341887
-0.0356831
-0.0370149
-0.0381776
-0.0391658
-0.0399748
-0.0406005
-0.0410391
-0.0412876
-0.0413439
-0.0412072
-0.0408781
-0.0403583
-0.0396499
-0.0387556
-0.0376783
-0.0364212
-0.0349889
-0.0333871
-0.031623
-0.0297048
-0.0276412
-0.0254409
-0.0231127
-0.0206658
-0.0181105
-0.0154581
-0.012721
-0.00991272
-0.00704645
-0.00413511
-0.00119102
0.00177372
0.00474656
0.00771405
0.0106617
0.0135745
0.0164374
0.0192363
0.021958
0.0245901
0.0271205
0.0295369
0.0318267
0.0339773
0.0359767
0.0378139
0.0394792
0.0409636
0.0422588
0.0433566
0.0442493
0.0449299
0.0453926
0.0456331
0.0456488
0.045438
0.0449996
0.0443332
0.0434389
0.0423179
0.0409725
0.0394064
0.0376248
0.0356339
0.0334409
0.0310539
0.028482
0.0257352
0.0228246
0.0197623
0.0165617
0.013237
0.00980346
0.00627699
0.00267426
-0.000987652
-0.00469134
-0.00841916
-0.0121532
-0.015875
-0.019566
-0.0232072
-0.0267794
-0.0302633
-0.0336402
-0.0368912
-0.039998
-0.0429425
-0.0457074
-0.0482762
-0.050633
-0.0527632
-0.0546529
-0.056289
-0.0576594
-0.0587529
-0.0595595
-0.0600707
-0.0602798
-0.0601815
-0.0597725
-0.0590509
-0.0580164
-0.0566702
-0.055015
-0.0530552
-0.0507964
-0.0482461
-0.0454132
-0.0423085
-0.0389447
-0.0353362
-0.0314993
-0.0274517
-0.0232121
-0.0188004
-0.0142372
-0.00954419
-0.00474378
0.000140664
0.00508495
0.0100641
0.0150522
0.0200228
0.0249491
0.0298039
0.0345602
0.0391918
0.043673
0.0479789
0.0520855
0.0559696
0.0596087
0.0629815
0.0660676
0.068848
0.0713049
0.0734221
0.0751846
0.0765791
0.0775944
0.0782214
0.0784533
0.0782856
0.0777159
0.076744
0.0753713
0.0736017
0.0714407
0.0688965
0.0659789
0.0627002
0.0590745
0.0551183
0.0508498
0.0462894
0.0414593
0.0363831
0.0310857
0.0255931
0.0199322
0.0141308
0.00821782
0.00222293
-0.00382358
-0.009891
-0.0159484
-0.0219645
-0.0279082
-0.0337482
-0.0394533
-0.0449929
-0.0503373
-0.0554577
-0.0603267
-0.064918
-0.0692073
-0.0731715
-0.07679
-0.0800441
-0.0829176
-0.0853966
-0.0874691
-0.0891255
-0.0903583
-0.0911622
-0.0915345
-0.0914749
-0.0909856
-0.090071
-0.0887378
-0.0869951
-0.0848536
-0.0823266
-0.0794291
-0.0761779
-0.0725916
-0.0686903
-0.0644957
-0.0600311
-0.0553211
-0.0503916
-0.0452693
-0.0399818
-0.034557
-0.0290234
-0.0234098
-0.0177455
-0.01206
-0.00638246
-0.000741874
0.00483357
0.0103164
0.0156799
0.0208981
0.025946
0.0307999
0.0354372
0.0398369
0.0439797
0.0478478
0.0514252
0.0546974
0.057652
0.0602782
0.0625672
0.0645123
0.0661083
0.067352
0.0682422
0.0687796
0.0689666
0.0688079
0.0683097
0.0675497
0.0666337
0.0655611
0.0643275
0.0629254
0.0613447
0.0595733
0.0575974
0.0554017
0.0529706
0.0502879
0.0473384
0.0441074
0.0405816
0.0367494
0.0326014
0.028131
0.0233345
0.0182122
0.0127677
0.00700903
0.000947774
-0.00540014
-0.0120146
-0.0188713
-0.0259416
-0.0331928
-0.0405887
-0.0480895
-0.0556524
-0.0632314
-0.0707783
-0.0782425
-0.0855718
-0.0927132
-0.0996135
-0.10622
-0.112479
-0.11834
-0.123754
-0.128672
-0.13305
-0.136847
-0.140024
-0.142548
-0.144389
-0.145524
-0.145934
-0.145604
-0.144527
-0.142701
-0.140128
-0.136818
-0.132783
-0.128045
-0.122629
-0.116566
-0.109891
-0.102645
-0.094869
-0.0866114
-0.0779223
-0.0688558
-0.0594688
-0.0498204
-0.0399711
-0.0299818
-0.0199137
-0.00982798
0.000214594
0.010154
0.0199313
0.0294892
0.0387722
0.047727
0.0563025
0.0644511
0.0721291
0.079297
0.0859202
0.0919681
0.0974137
0.102234
0.106408
0.10992
0.11276
0.114921
0.116402
0.117199
0.117312
0.116781
0.115647
0.113926
0.111637
0.108818
0.105473
0.101625
0.097297
0.0925163
0.0873623
0.0818108
0.0758912
0.0696335
0.0630685
0.056312
0.0493108
0.0420975
0.0347053
0.0271677
0.0196286
0.0120099
0.0043442
-0.00333604
-0.0109986
-0.0184873
-0.0258964
-0.0331962
-0.0403572
-0.0473508
-0.0540251
-0.0604764
-0.0666778
-0.0726037
-0.0782297
-0.0834281
-0.0882829
-0.0927734
-0.0968801
-0.100584
-0.1038
-0.106584
-0.108922
-0.110803
-0.112217
-0.113137
-0.113573
-0.113522
-0.112979
-0.111946
-0.110461
-0.108489
-0.106031
-0.103094
-0.0996847
-0.0959124
-0.0916891
-0.0870292
-0.081949
-0.0764661
-0.0707528
-0.0646752
-0.0582555
-0.0515178
-0.0444881
-0.0373857
-0.0300458
-0.0224982
-0.0147744
-0.00690707
0.000860702
0.00870538
0.0165927
0.0244877
0.0323547
0.0399561
0.0474574
0.0548218
0.0620125
0.0689932
0.0755621
0.0818509
0.0878251
0.0934506
0.098694
0.103417
0.107694
0.111496
0.114796
0.117556
0.119716
0.121281
0.122232
0.122551
0.122223
0.121301
0.119713
0.117454
0.114524
0.110924
0.106814
0.102052
0.096652
0.0906298
0.0840057
0.0770317
0.0695065
0.0614609
0.0529294
0.0439494
0.0348409
0.0253663
0.0155707
0.00550204
-0.00478941
-0.0149537
-0.0252374
-0.0355879
-0.0459516
-0.0562732
-0.0662173
-0.0760064
-0.0855847
-0.0948971
-0.10389
-0.112288
-0.120266
-0.127776
-0.13477
-0.141205
-0.146902
-0.151958
-0.156339
-0.160014
-0.162955
-0.165108
-0.166485
-0.16707
-0.166852
-0.165825
-0.164068
-0.1615
-0.158125
-0.153954
-0.149003
-0.14348
-0.137221
-0.130253
-0.122607
-0.114317
-0.105692
-0.0965031
-0.0867952
-0.0766163
-0.0660171
-0.0553692
-0.0444092
-0.0331944
-0.0217847
-0.0102411
0.00104839
0.0123509
0.0236076
0.0347602
0.0457502
0.0562257
0.066425
0.0762945
0.0857828
0.0948412
0.103198
0.111035
0.118311
0.124987
0.131027
0.136266
0.140807
0.144627
0.147705
0.150027
0.15156
0.152321
0.152309
0.151526
0.14998
0.147767
0.144815
0.14114
0.136764
0.131713
0.126196
0.120064
0.113353
0.1061
0.0983465
0.0903812
0.082003
0.0732589
0.0641975
0.0548686
0.0456023
0.0361686
0.026618
0.0170011
0.00736879
-0.00195163
-0.0111883
-0.0202934
-0.0292198
-0.0379214
-0.0461133
-0.0539941
-0.0615244
-0.068668
-0.0753914
-0.0814874
-0.0871047
-0.092218
-0.0968045
-0.100844
-0.104224
-0.107025
-0.109238
-0.110856
-0.111876
-0.112291
-0.112112
-0.111349
-0.110008
-0.108103
-0.10572
-0.102802
-0.0993682
-0.0954411
-0.0910465
-0.0863529
-0.0812488
-0.0757649
-0.0699326
-0.0637848
-0.0575406
-0.051048
-0.0443415
-0.0374563
-0.0304286
-0.0235006
-0.016504
-0.00947525
-0.00245047
0.00453532
0.0112497
0.0178587
0.0243305
0.030634
0.036739
0.0424482
0.0479044
0.0530832
0.0579617
0.0625178
0.0666091
0.070338
0.0736882
0.0766463
0.0792019
0.0812834
0.0829477
0.084189
0.0850032
0.0853877
0.085341
0.0848674
0.0839722
0.0826623
0.0809458
0.0788881
0.0764446
0.0736284
0.0704554
0.066943
0.0632133
0.0591821
0.0548684
0.0502923
0.0454751
0.0405756
0.0354826
0.0302224
0.0248219
0.0193077
0.0138569
0.00834333
0.00279117
-0.00277487
-0.00832903
-0.0136964
-0.0189973
-0.0242042
-0.0292909
-0.0342335
-0.0388824
-0.0433452
-0.0476015
-0.0516302
-0.0554096
-0.0588252
-0.0619521
-0.0647752
-0.0672822
-0.0694625
-0.0712555
-0.0727002
-0.0737862
-0.0745049
-0.0748513
-0.0748221
-0.0744197
-0.0736454
-0.0725004
-0.0709856
-0.0691495
-0.0669518
-0.064402
-0.061513
-0.0582991
-0.054861
-0.0511256
-0.0471068
-0.0428206
-0.0382858
-0.0336404
-0.0287905
-0.0237589
-0.0185677
-0.0132399
-0.0079314
-0.00253659
0.00291692
0.0084015
0.0138909
0.0192298
0.0245255
0.0297531
0.0348857
0.0398943
0.0446365
0.0492002
0.0535634
0.057707
0.0616132
0.0651801
0.0684708
0.0714647
0.0741429
0.0764895
0.0784504
0.0800593
0.0813092
0.0821927
0.0827031
0.0828376
0.0825909
0.0819639
0.0809602
0.0795855
0.0778924
0.0758418
0.0734426
0.0707065
0.0676484
0.0643693
0.0608037
0.0569699
0.0528865
0.048573
0.0441607
0.0395648
0.0348124
0.0299314
0.0249495
0.0200126
0.0150257
0.0100137
0.00500346
2.33208e-05
-0.00478271
-0.00950192
-0.0141089
-0.0185806
-0.0228955
-0.0269372
-0.0307794
-0.0344005
-0.0377798
-0.0408991
-0.0436792
-0.0461721
-0.0483674
-0.0502561
-0.0518294
-0.0530541
-0.0539509
-0.0545175
-0.0547538
-0.0546619
-0.0542582
-0.0535336
-0.052494
-0.0511476
-0.0495055
-0.0476296
-0.0454855
-0.0430875
-0.0404499
-0.0375878
-0.0345927
-0.0314095
-0.0280602
-0.0245681
-0.020956
-0.0173342
-0.0136333
-0.00987311
-0.00607438
-0.00225977
0.00145717
0.00514135
0.00876502
0.012302
0.015728
0.0189423
0.0220012
0.0248844
0.0275731
0.0300513
0.0322505
0.0342157
0.0359381
0.0374106
0.0386282
0.0395612
0.0402387
0.0406647
0.0408446
0.0407856
0.0404944
0.0399821
0.0392606
0.0383446
0.0372507
0.0360164
0.0346391
0.0331364
0.0315259
0.0298259
0.0280869
0.0262945
0.024467
0.0226215
0.0207742
0.0189755
0.0172029
0.0154703
0.0137908
0.0121758
0.0106661
0.00923686
0.00789448
0.00664452
0.00549166
0.00446134
0.00353185
0.00270313
0.00197352
0.00134026
0.000811893
0.000371503
1.45247e-05
-0.000264478
-0.000471843
-0.000611004
-0.000692992
-0.00072476
-0.000713009
-0.00066437
-0.000587439
-0.00048709
-0.000370144
-0.00024293
-0.000110992
1.70342e-05
0.00014163
0.000259174
0.000366389
0.000460456
0.000535583
0.000594728
0.000637241
0.000663075
0.000672613
0.000664368
0.000642221
0.000607599
0.000562316
0.000508496
0.000447602
0.000383202
0.000317632
0.000253192
0.000192119
0.000136406
8.8238e-05
4.92934e-05
2.09688e-05
4.35042e-06
0
0
0
0
0
0
0
0
0
0
0
0
0
0
0
0
0
0
0
0
0
0
0
0
0
0
0
0
-0
-0
-0
-0
-0
-0
-0
-0
-0
-0
-0
-0
-0
-0
-0
-0
-0
-0
-0
-0
0
0
0
0
0
0
0
0
0
0
0
0
0
0
0
0
0
0
0
0
0
0
0
0
0
0
0
0
0
0
0
0
0
0
0
0
0
0
0
0
0
0
0
0
0
0
0
0
0
0
0
0
0
0
0
0
0
0
0
0
0
0
0
0
0
0
0
0
0
0
0
0
0
0
0
-0
-0
-0
-0
-0
-0
-0
-0
-0
-0
-0
-0
-0
-0
0
0
0
0
0
0
0
0
0
0
0
0
0
0
0
0
0
0
0
0
0
0
0
0
0
0
0
0
0
0
0
0
0
0
0
0
0
0
0
0
0
0
0
0
0
0
0
0
0
0
0
0
0
0
0
0
0
0
0
0
0
0
0
0
0
0
0
0
0
0
0
0
0
0
0
0
0
0
0
0
0
0
0
0
0
0
0
0
0
0
0
0
0
0
0
0
0
0
0
0
0
0
0
0
0
0
0
0
0
0
0
0
0
0
0
0
0
0
0
0
0
0
0
0
0
0
0
0
0
0
0
0
0
0
0
0
0
0
0
0
0
0
0
0
0
0
0
0
0
0
0
0
0
0
0
0
0
0
0
0
0
0
0
0
0
0
0
0
0
0
0
0
0
0
0
0
0
0
0
0
0
0
0
0
0
0
0
0
0
0
0
0
0
0
0
0
0
0
0
0
0
0
0
0
0
0
0
0
0
0
0
0
0
0
0
0
0
0
0
0
0
0
-0
-0
-0
-0
-0
-0
-0
-0
-0
-0
-0
-0
-0
-0
-0
-0
-0
-0
-0
-0
-0
-0
-0
-0
-0
