0
0
0
0
0
0
0
0
0
0
0
0
0
0
0
0
0
0
0
0
0
0
0
0
0
0
0
0
0
0
0
0
0
-0
-0
-0
-0
-0
-0
-0
-0
-0
-0
-0
-0
-0
-0
-0
-0
-0
-0
-0
-0
-0
-0
-0
-0
-0
-0
-0
-0
-0
-0
-0
-0
-0
-0
-0
-0
-0
-0
-0
-0
-0
-0
-0
-0
-0
-0
-0
-0
-0
-0
-0
-0
-0
-0
-0
-0
-0
-0
-0
-0
-0
-0
-0
-0
-0
0
0
0
0
0
0
0
0
0
0
0
0
0
0
0
4.3303e-05
0.000270794
0.000723825
0.00143427
0.00243094
0.00373895
0.00537901
0.00736695
0.00971327
0.0124228
0.0154944
0.0189206
0.0226877
0.0267748
0.0311544
0.0357917
0.0406455
0.0456679
0.0508055
0.0559995
0.0611864
0.0662987
0.0712648
0.0760099
0.080456
0.0845231
0.0881306
0.0911987
0.0936503
0.0954124
0.0964165
0.096599
0.0959012
0.0942697
0.0916572
0.0880235
0.0833369
0.077575
0.0707253
0.0627859
0.0537662
0.0436874
0.0325831
0.0204992
0.00749276
-0.00636869
-0.0210083
-0.0363401
-0.0522686
-0.0686889
-0.0854861
-0.102537
-0.119713
-0.136877
-0.153891
-0.170613
-0.186898
-0.202601
-0.217576
-0.231682
-0.244785
-0.256754
-0.267469
-0.276812
-0.284673
-0.29095
-0.295549
-0.298387
-0.299395
-0.29852
-0.295724
-0.290986
-0.284305
-0.275695
-0.26519
-0.252837
-0.238696
-0.222839
-0.205345
-0.186305
-0.165822
-0.144012
-0.121005
-0.0969444
-0.0719846
-0.0462903
-0.0200327
0.00661211
0.0334662
0.0603523
0.087113
0.113639
0.139814
0.165523
0.190655
0.215102
0.238757
0.261519
0.283289
0.303971
0.323474
0.341713
0.358612
0.374105
0.388133
0.400648
0.411605
0.420964
0.428689
0.434749
0.439124
0.441802
0.442783
0.442074
0.439688
0.435644
0.429966
0.42269
0.413861
0.403533
0.391773
0.378653
0.364251
0.348651
0.331942
0.31422
0.295586
0.276142
0.255992
0.235237
0.213978
0.192314
0.170343
0.148162
0.125864
0.103537
0.081262
0.0591192
0.0371843
0.0155308
-0.00577111
-0.026657
-0.0470691
-0.0669565
-0.0862731
-0.104976
-0.123025
-0.140384
-0.157023
-0.172919
-0.188055
-0.202417
-0.215995
-0.228774
-0.240744
-0.251898
-0.262234
-0.271758
-0.280478
-0.288403
-0.29554
-0.3019
-0.307494
-0.312342
-0.316465
-0.319891
-0.322639
-0.324726
-0.326166
-0.326969
-0.327152
-0.326737
-0.325747
-0.324206
-0.322135
-0.319548
-0.316454
-0.312864
-0.308785
-0.304228
-0.299199
-0.293703
-0.287745
-0.281328
-0.274457
-0.267138
-0.259375
-0.25117
-0.242517
-0.233412
-0.223848
-0.213827
-0.203354
-0.192438
-0.181081
-0.169281
-0.157031
-0.144323
-0.131157
-0.117541
-0.103489
-0.0890204
-0.0741482
-0.0588829
-0.0432324
-0.0272082
-0.0108293
0.00587607
0.0228737
0.0401273
0.0576013
0.075261
0.093069
0.110982
0.128948
0.14691
0.164805
0.182571
0.200143
0.217455
0.23444
0.251022
0.267122
0.28266
0.297556
0.311731
0.325109
0.337613
0.349166
0.359689
0.369107
0.377342
0.384322
0.389982
0.394259
0.397098
0.398447
0.398259
0.396493
0.393112
0.388083
0.381381
0.37299
0.362897
0.351101
0.337603
0.322417
0.305559
0.287057
0.266941
0.245253
0.22204
0.197354
0.171255
0.143809
0.115091
0.0851825
0.0541726
0.0221583
-0.0107565
-0.0444607
-0.0788362
-0.113758
-0.149092
-0.184702
-0.220446
-0.25618
-0.291758
-0.327035
-0.361861
-0.396087
-0.429562
-0.462136
-0.493665
-0.524008
-0.553029
-0.580596
-0.606579
-0.630851
-0.653291
-0.673784
-0.692229
-0.708533
-0.722618
-0.734411
-0.743851
-0.750883
-0.755464
-0.75756
-0.75715
-0.754225
-0.74879
-0.740861
-0.730468
-0.717655
-0.702479
-0.685006
-0.665314
-0.643488
-0.619626
-0.593837
-0.566242
-0.536977
-0.506183
-0.474011
-0.440614
-0.406151
-0.370785
-0.33469
-0.298044
-0.261032
-0.223837
-0.186643
-0.149628
-0.112975
-0.0768662
-0.0414853
-0.00701527
0.0263683
0.0585006
0.0892282
0.118406
0.145891
0.171542
0.195222
0.216802
0.236168
0.253226
0.267902
0.280136
0.289875
0.297078
0.301709
0.303747
0.30319
0.300055
0.294374
0.286195
0.275572
0.26257
0.247264
0.229744
0.210116
0.1885
0.165028
0.139841
0.113083
0.0849061
0.0554661
0.0249278
-0.00653688
-0.0387502
-0.0715304
-0.104694
-0.138055
-0.17143
-0.204632
-0.23748
-0.269795
-0.301406
-0.332151
-0.361878
-0.390441
-0.417702
-0.443526
-0.467784
-0.490351
-0.51111
-0.529957
-0.546799
-0.561562
-0.574187
-0.584635
-0.592885
-0.598928
-0.60277
-0.604431
-0.603939
-0.601339
-0.596689
-0.590061
-0.581538
-0.571217
-0.559197
-0.545588
-0.530502
-0.51406
-0.496389
-0.477623
-0.457904
-0.437377
-0.416191
-0.394496
-0.372441
-0.350178
-0.327857
-0.305629
-0.283635
-0.262012
-0.240888
-0.220381
-0.200604
-0.181666
-0.16367
-0.146716
-0.130891
-0.116275
-0.102932
-0.090915
-0.0802685
-0.0710279
-0.0632214
-0.0568689
-0.0519798
-0.0485518
-0.0465703
-0.0460098
-0.0468356
-0.0490048
-0.0524668
-0.0571636
-0.0630294
-0.0699922
-0.077974
-0.0868922
-0.0966594
-0.107182
-0.118362
-0.130095
-0.142275
-0.154798
-0.167562
-0.180468
-0.19342
-0.206319
-0.219065
-0.23156
-0.243708
-0.255423
-0.26663
-0.277261
-0.287254
-0.29655
-0.30509
-0.312818
-0.319688
-0.325663
-0.33072
-0.334848
-0.338045
-0.340312
-0.34166
-0.342101
-0.341656
-0.340353
-0.338225
-0.335311
-0.331656
-0.327312
-0.322338
-0.316795
-0.31075
-0.304271
-0.297421
-0.290269
-0.282881
-0.27533
-0.26769
-0.260038
-0.25245
-0.244994
-0.237734
-0.23073
-0.224038
-0.217714
-0.211813
-0.206386
-0.201477
-0.197122
-0.193351
-0.190189
-0.187657
-0.18577
-0.184538
-0.183959
-0.184023
-0.184715
-0.186019
-0.187916
-0.190385
-0.193401
-0.19693
-0.200929
-0.205349
-0.210137
-0.215241
-0.220609
-0.226188
-0.231922
-0.23775
-0.243611
-0.249443
-0.255189
-0.260793
-0.266201
-0.27136
-0.276217
-0.28072
-0.284821
-0.288477
-0.291648
-0.294298
-0.296393
-0.297901
-0.2988
-0.299072
-0.298713
-0.297722
-0.296102
-0.293857
-0.290992
-0.287516
-0.283449
-0.278816
-0.273657
-0.268015
-0.261934
-0.255461
-0.248645
-0.241536
-0.234192
-0.226671
-0.219034
-0.211338
-0.203645
-0.196016
-0.188515
-0.181213
-0.174175
-0.167463
-0.16113
-0.155221
-0.149777
-0.144845
-0.140471
-0.136705
-0.133589
-0.131156
-0.129423
-0.128399
-0.128089
-0.128496
-0.129624
-0.131471
-0.134024
-0.137261
-0.141148
-0.145648
-0.150726
-0.156342
-0.162458
-0.169024
-0.175985
-0.183274
-0.190821
-0.198558
-0.206417
-0.214332
-0.222234
-0.230049
-0.237699
-0.245104
-0.252187
-0.258876
-0.265102
-0.2708
-0.275905
-0.280355
-0.284093
-0.287063
-0.289218
-0.290514
-0.290916
-0.290389
-0.28891
-0.286457
-0.283021
-0.278595
-0.273179
-0.266778
-0.259402
-0.251071
-0.241816
-0.231678
-0.220703
-0.208945
-0.196457
-0.183298
-0.169533
-0.155234
-0.140483
-0.125365
-0.109968
-0.0943787
-0.0786834
-0.0629709
-0.0473352
-0.0318766
-0.0166984
-0.00190305
0.0124118
0.0261538
0.0392338
0.0515638
0.0630562
0.0736259
0.0831932
0.091687
0.0990438
0.105207
0.110122
0.113742
0.116022
0.116929
0.116443
0.114554
0.11126
0.106562
0.100468
0.0929906
0.0841567
0.074006
0.0625914
0.0499743
0.0362191
0.0213909
0.00555693
-0.0112088
-0.0288221
-0.0471879
-0.0662037
-0.0857642
-0.105765
-0.126101
-0.146666
-0.167342
-0.18793
-0.208244
-0.228128
-0.247431
-0.266011
-0.283733
-0.300464
-0.316076
-0.330445
-0.343457
-0.355012
-0.365024
-0.373424
-0.380151
-0.385161
-0.38842
-0.38991
-0.389627
-0.387586
-0.383813
-0.378349
-0.371246
-0.362566
-0.352386
-0.340796
-0.3279
-0.313811
-0.29865
-0.282546
-0.26563
-0.248037
-0.229908
-0.211384
-0.192607
-0.173718
-0.154854
-0.13615
-0.117735
-0.0997328
-0.0822571
-0.0654143
-0.0493006
-0.0340027
-0.0195981
-0.0061544
0.0062716
0.0176357
0.0279067
0.0370665
0.0451084
0.0520355
0.0578602
0.0626042
0.0662992
0.0689875
0.0707211
0.0715602
0.0715708
0.0708226
0.069388
0.0673418
0.0647611
0.0617243
0.0583108
0.0545992
0.0506663
0.0465859
0.0424286
0.0382605
0.0341432
0.0301324
0.0262773
0.0226208
0.0191984
0.0160392
0.0131653
0.0105921
0.00832752
0.00637282
0.00472229
0.00336401
0.00228042
0.00144895
0.000842492
0.000429996
0.000177048
4.66287e-05
-7.01964e-08
-2.82643e-06
-0
-0
-0
-0
-0
-0
-0
-0
-0
-0
-0
-0
-0
-0
-0
-0
-0
-0
-0
-0
-0
-0
-0
-0
-0
-0
-0
-0
-0
-0
-0
-0
-0
-0
-0
-0
-0
-0
-0
-0
-0
-0
-0
-0
0
0
0
0
0
0
0
0
0
0
0
0
0
0
0
0
0
0
0
0
0
0
0
0
0
0
0
0
0
0
0
0
0
0
0
0
0
0
0
0
0
0
0
0
0
0
0
0
0
0
0
0
0
0
0
-0
-0
-0
-0
-1.72692e-06
-1.26479e-05
-3.58673e-05
-7.28345e-05
-0.000123779
-0.000187757
-0.000262738
-0.000345723
-0.000432875
-0.000519639
-0.000600846
-0.000670816
-0.000723488
-0.000752563
-0.000751664
-0.000714468
-0.000634854
-0.000507026
-0.000325659
-8.6041e-05
0.000215876
0.000583386
0.00101902
0.00152449
0.00210052
0.00274684
0.00346187
0.00424279
0.00508566
0.0059855
0.00693672
0.00793288
0.00896676
0.0100303
0.0111149
0.0122116
0.0133117
0.0144068
0.0154886
0.0165486
0.0175782
0.0185688
0.0195117
0.0203997
0.0212267
0.0219887
0.0226827
0.0233067
0.0238589
0.0243382
0.0247448
0.02508
0.0253472
0.0255517
0.0257002
0.0258008
0.0258626
0.0258953
0.0259093
0.025916
0.0259269
0.0259546
0.0260128
0.0261156
0.0262773
0.026511
0.0268286
0.0272408
0.0277581
0.0283916
0.0291525
0.0300521
0.0311004
0.0323044
0.0336676
0.0351901
0.0368706
0.038708
0.0407012
0.0428483
0.0451441
0.0475798
0.0501435
0.0528213
0.0555994
0.0584641
0.0614014
0.0643952
0.0674265
0.0704739
0.0735283
0.0766034
0.0796889
0.0827744
0.0858483
0.0888986
0.0919095
0.0948639
0.097746
0.100541
0.103239
0.10583
0.108304
0.110648
0.112849
0.114897
0.116784
0.118505
0.120053
0.121418
0.122595
0.123574
0.124349
0.124919
0.125282
0.125447
0.125419
0.1252
0.12479
0.124182
0.123382
0.122391
0.121219
0.119873
0.118359
0.11669
0.114874
0.112919
0.11083
0.108613
0.10628
0.103839
0.101302
0.0986787
0.0959831
0.093229
0.0904293
0.0875954
0.0847364
0.0818635
0.0789822
0.0761025
0.0732364
0.0703968
0.0676045
0.0648645
0.0621883
0.0595862
0.0570677
0.0546542
0.0523423
0.0501407
0.0480582
0.0461038
0.0443035
0.0426499
0.0411512
0.0398134
0.0386407
0.037656
0.0368426
0.0362052
0.0357491
0.0354791
0.0354193
0.0355488
0.0358667
0.0363721
0.0370669
0.0379738
0.0390782
0.0403822
0.041884
0.0435784
0.0454714
0.0475441
0.0497929
0.0522161
0.0548117
0.0575777
0.0605023
0.0635745
0.0667838
0.070122
0.0735728
0.0771415
0.0808213
0.0846031
0.0884759
0.0924024
0.0963993
0.100459
0.104574
0.108736
0.112891
0.117068
0.121254
0.125438
0.129607
0.133698
0.137756
0.14177
0.145726
0.149608
0.153337
0.156965
0.160479
0.163866
0.16711
0.170126
0.172964
0.175609
0.178047
0.180262
0.182179
0.183842
0.185232
0.186333
0.187131
0.187573
0.187688
0.187465
0.186889
0.185944
0.184606
0.182873
0.180738
0.178197
0.175246
0.171913
0.168162
0.16399
0.159398
0.154391
0.14905
0.143311
0.137184
0.130679
0.123807
0.116699
0.109258
0.101505
0.093468
0.0851753
0.0768083
0.0682446
0.0595165
0.0506593
0.0417121
0.0328889
0.02406
0.015269
0.00656099
-0.00201781
-0.0102482
-0.0182535
-0.0259859
-0.0333984
-0.0404442
-0.0469311
-0.0529577
-0.0584764
-0.0634397
-0.0678026
-0.0714288
-0.0743759
-0.07661
-0.0780986
-0.0788106
-0.0786957
-0.0777497
-0.0759524
-0.0732882
-0.069746
-0.0653844
-0.0601304
-0.0539816
-0.0469409
-0.0390182
-0.0303911
-0.0209216
-0.010636
0.000437133
0.0122663
0.0245699
0.0375508
0.051159
0.0653376
0.0800251
0.0948497
0.110056
0.125579
0.141349
0.157289
0.172981
0.188681
0.204304
0.219766
0.234983
0.249542
0.26368
0.277306
0.290329
0.302661
0.313951
0.324391
0.333905
0.342424
0.349875
0.356024
0.36097
0.364652
0.367017
0.368019
0.36759
0.365728
0.362408
0.35761
0.351324
0.34367
0.334527
0.323909
0.311834
0.298332
0.283714
0.267752
0.250499
0.232018
0.212379
0.19206
0.170741
0.14851
0.125464
0.101706
0.0778366
0.0534766
0.0287409
0.00374715
-0.0213837
-0.04601
-0.0705241
-0.0947989
-0.118706
-0.142119
-0.164429
-0.185994
-0.206692
-0.226406
-0.245021
-0.262053
-0.277777
-0.2921
-0.304933
-0.316194
-0.325593
-0.333281
-0.339204
-0.343314
-0.345575
-0.345937
-0.344399
-0.340948
-0.335581
-0.328308
-0.319338
-0.308516
-0.295884
-0.281494
-0.265408
-0.248077
-0.229194
-0.208845
-0.187125
-0.164142
-0.140545
-0.115916
-0.0903762
-0.0640549
-0.0370846
-0.01023
0.0170021
0.044475
0.0720506
0.0995895
0.126308
0.152708
0.17865
0.203994
0.228605
0.251776
0.273962
0.295046
0.314913
0.333456
0.350134
0.36529
0.37884
0.390707
0.400827
0.408904
0.415126
0.419453
0.421852
0.422301
0.420782
0.417305
0.411884
0.404541
0.395308
0.384448
0.371787
0.357383
0.341304
0.323629
0.304872
0.284697
0.263201
0.240488
0.216668
0.192441
0.167345
0.141506
0.115056
0.0881272
0.0615206
0.0347043
0.00781099
-0.0190272
-0.045678
-0.0713442
-0.0965621
-0.121204
-0.145146
-0.168268
-0.18987
-0.210435
-0.229867
-0.248073
-0.264967
-0.280029
-0.293624
-0.30569
-0.31617
-0.325017
-0.331948
-0.337182
-0.340698
-0.342486
-0.34254
-0.340834
-0.337413
-0.332298
-0.325521
-0.317121
-0.307325
-0.296007
-0.283229
-0.269059
-0.253572
-0.237211
-0.219699
-0.201124
-0.18158
-0.161162
-0.140462
-0.119091
-0.0971505
-0.0747472
-0.0519878
-0.0295378
-0.00694382
0.0156913
0.0382665
0.0606829
0.0822859
0.103539
0.124349
0.144626
0.164282
0.182742
0.200427
0.217272
0.233217
0.248205
0.261802
0.27434
0.285779
0.296083
0.305226
0.312953
0.319487
0.324821
0.328952
0.331879
0.33353
0.333998
0.333302
0.331467
0.328521
0.324565
0.319565
0.313563
0.306604
0.298739
0.290213
0.280891
0.270828
0.260082
0.248712
0.23706
0.224913
0.212342
0.199411
0.186189
0.173056
0.159753
0.14634
0.132875
0.119419
0.106354
0.0934117
0.0806429
0.0680958
0.0558163
0.0441402
0.0328159
0.0218806
0.011367
0.00130285
-0.00805102
-0.0169134
-0.0252678
-0.0330992
-0.0403958
-0.0469762
-0.0530085
-0.0584929
-0.0634334
-0.0678368
-0.0716048
-0.0748554
-0.0776004
-0.0798527
-0.0816267
-0.0828852
-0.0836975
-0.0840826
-0.0840631
-0.0836643
-0.0829008
-0.0818117
-0.0804222
-0.0787559
-0.0768356
-0.0746963
-0.0723536
-0.069836
-0.0671721
-0.0643877
-0.0615243
-0.0585781
-0.055563
-0.0524932
-0.049385
-0.0462789
-0.0431721
-0.040081
-0.037018
-0.0339912
-0.0310291
-0.0281133
-0.0252487
-0.0224395
-0.0196875
-0.0170225
-0.0144085
-0.0118389
-0.00930636
-0.00680484
-0.00437972
-0.00197504
0.000416181
0.00280323
0.00519696
0.00752495
0.00987984
0.0122696
0.0147016
0.0171841
0.0196006
0.022088
0.0246568
0.027316
0.0300729
0.0327592
0.0355544
0.038464
0.0414931
0.044645
0.0477029
0.0508793
0.0541656
0.0575511
0.0610236
0.0643272
0.0676952
0.0711158
0.0745753
0.0780572
0.0812947
0.0845153
0.0876976
0.0908196
0.0938586
0.0965711
0.0991542
0.101584
0.103835
0.105884
0.107546
0.108957
0.110097
0.110946
0.111487
0.111637
0.111455
0.11093
0.110055
0.108825
0.107278
0.105368
0.103096
0.100461
0.0974687
0.0942849
0.090751
0.0868728
0.0826577
0.0781148
0.0735314
0.0686424
0.0634608
0.0580024
0.0522858
0.0466981
0.0408975
0.0348957
0.0287208
0.0224101
0.0164126
0.0103484
0.00425284
-0.0018364
-0.00787946
-0.0134299
-0.018858
-0.0241259
-0.0291969
-0.0340361
-0.0382677
-0.0422106
-0.0458394
-0.0491329
-0.0520749
-0.0544184
-0.0563952
-0.057998
-0.0592198
-0.0600547
-0.060397
-0.0603563
-0.0599418
-0.0591683
-0.0580538
-0.0566459
-0.0549345
-0.0529387
-0.050679
-0.0481783
-0.0455989
-0.0428263
-0.0398905
-0.0368218
-0.0336502
-0.0306093
-0.0275107
-0.024382
-0.0212512
-0.0181456
-0.0153189
-0.0125516
-0.00986526
-0.00727934
-0.00481154
-0.00268663
-0.000692177
0.00116031
0.00286135
0.00440347
0.00561904
0.00668264
0.00759241
0.00834805
0.00895102
0.00930058
0.0095187
0.00961238
0.00958989
0.00946051
0.00918319
0.00882675
0.00840189
0.00791969
0.00739149
0.00681531
0.00621821
0.00561096
0.00500389
0.00440672
0.00383357
0.00328589
0.00277068
0.00229379
0.00185986
0.0014805
0.00114659
0.000859375
0.000618882
0.000423926
0.000275825
0.000164943
8.73532e-05
3.81776e-05
1.16827e-05
1.44733e-06
0
0
-0
-0
-0
-0
-0
-0
-0
-0
-0
-0
-0
-0
-0
-0
-0
-0
-0
-0
-0
-0
-0
-0
-0
-0
-0
-0
-0
-0
-0
-0
-0
-0
-0
-0
-0
-0
-0
-0
-0
-0
-0
-0
-0
0
0
0
0
0
0
0
0
0
0
0
0
0
0
0
0
0
0
0
0
0
0
0
0
0
0
0
0
0
0
0
0
0
0
0
0
0
0
0
0
0
0
0
0
0
0
0
0
0
0
0
0
0
0
0
0
0
0
0
0
0
0
0
-0
-0
-0
-0
-0
