-0
-0
-0
-0
-0
-0
-0
-0
-0
-0
-0
-0
-0
-0
-0
-0
-0
-0
-0
-0
-0
-0
-0
-0
-0
-0
-0
-0
-0
-0
-0
-0
-0
-0
-0
-0
-0
0
0
0
0
0
0
0
0
0
0
0
0
0
0
0
0
0
0
0
0
0
0
0
0
0
0
0
0
0
0
0
0
0
0
0
0
0
0
0
0
0
0
0
0
0
0
0
0
0
0
0
0
0
0
0
0
0
0
0
0
0
0
0
0
0
0
0
0
0
-0
-0
-0
-0
-0
-0
-0
-0
-0
-0
-0
-0
-0
-0
-0
-0
-0
-0
-0
-0
-0
-0
-0
-0
-0
-0
-0
-0
-0
-0
-0
-0
-0
-0
-0
-0
-0
-0
-0
-0
-0
-0
-0
-0
-0
-0
-0
-0
-0
-0
-0
-0
-0
-0
-0
-0
-0
-0
0
0
0
0
0
0
0
0
0
0
0
0
0
0
0
0
0
0
0
0
0
0
0
0
0
0
0
0
0
0
0
0
0
0
0
0
0
0
0
0
0
0
0
0
0
0
0
0
0
0
0
0
-0
-0
-0
-0
-0
-0
-0
-0
-0
-0
-0
-0
-0
-0
-0
-0
-0
-0
-0
-0
-0
-0
-0
-0
-0
-0
-0
-0
-0
-0
-0
-0
-0
-0
-0
-0
-0
-0
-0
-0
-0
-0
-0
-0
-0
-0
-0
-0
-0
-0
-0
-0
-0
-0
0
0
0
0
0
0
0
0
0
0
0
0
0
0
0
0
0
0
0
0
0
0
0
0
0
0
0
0
0
0
0
0
0
0
0
0
0
0
0
0
0
0
0
0
0
0
0
0
0
0
0
0
-0
-0
-0
-0
-0
-0
-0
-0
-0
-0
-0
-0
-0
-0
-0
-0
-0
-0
-0
-0
-0
-0
-0
-0
-0
-0
-0
-0
-0
-0
-0
-0
-0
-0
-0
-0
-0
-0
-0
-0
-0
-0
-0
-0
-0
-0
-0
-0
-0
-0
-0
-0
-0
0
0
0
0
0
0
0
0
0
2.11846e-06
1.1142e-05
2.83993e-05
5.48564e-05
9.11918e-05
0.00013779
0.000194741
0.000261842
0.000338608
0.000424284
0.000517863
0.000618107
0.000723572
0.000832642
0.000943556
0.00105445
0.00116338
0.00126838
0.00136748
0.00145878
0.00154045
0.00161076
0.00166817
0.00171132
0.00173905
0.00175045
0.0017449
0.00172201
0.00168175
0.00162435
0.00155037
0.00146069
0.0013565
0.00123927
0.00111078
0.00097305
0.000828362
0.000679191
0.000528185
0.00037812
0.000231859
9.2304e-05
-3.76553e-05
-0.00015519
-0.000257581
-0.000342271
-0.000406908
-0.000449394
-0.000467925
-0.00046103
-0.000427606
-0.000366951
-0.000278786
-0.000163281
-2.10679e-05
0.000146748
0.000338585
0.000552387
0.000785635
0.00103537
0.0012982
0.00157037
0.00184776
0.00212598
0.00240038
0.00266612
0.00291827
0.0031518
0.0033617
0.00354303
0.00369097
0.00380087
0.00386833
0.00388923
0.0038598
0.00377665
0.00363682
0.00343785
0.00317776
0.00285518
0.00246931
0.00202001
0.00150779
0.000933857
0.000300142
-0.000390722
-0.00113538
-0.00192978
-0.00276919
-0.00364825
-0.00456219
-0.00550717
-0.00647805
-0.00746932
-0.0084752
-0.00948965
-0.0105064
-0.0115192
-0.0125213
-0.0135062
-0.0144673
-0.015398
-0.0162915
-0.0171415
-0.0179416
-0.0186856
-0.0193676
-0.0199821
-0.0205236
-0.0209873
-0.0213688
-0.021664
-0.0218695
-0.0219823
-0.0220002
-0.0219213
-0.0217446
-0.0214694
-0.021096
-0.0206249
-0.0200574
-0.0193955
-0.0186416
-0.0177986
-0.0168702
-0.0158603
-0.0147736
-0.013615
-0.0123902
-0.011105
-0.00976575
-0.00837912
-0.00695208
-0.00549188
-0.00400593
-0.0025018
-0.000987122
0.000530449
0.00204332
0.00354399
0.00502514
0.00647963
0.00790058
0.00928138
0.0106157
0.0118976
0.0131214
0.0142819
0.015374
0.0163932
0.0173354
0.0181968
0.0189742
0.0196647
0.020266
0.0207762
0.0211942
0.0215191
0.0217509
0.0218901
0.0219378
0.0218954
0.0217654
0.0215502
0.0212532
0.0208778
0.0204281
0.0199084
0.0193232
0.0186772
0.0179755
0.017223
0.0164249
0.0155864
0.0147128
0.0138093
0.0128812
0.0119337
0.010972
0.0100012
0.00902639
0.0080524
0.007084
0.00612573
0.00518189
0.00425653
0.00335336
0.00247578
0.00162677
0.000808973
2.4577e-05
-0.000724629
-0.00143728
-0.00211242
-0.00274952
-0.00334841
-0.00390931
-0.00443281
-0.0049198
-0.00537152
-0.00578948
-0.00617548
-0.00653157
-0.00686003
-0.00716337
-0.00744425
-0.0077055
-0.00795009
-0.00818104
-0.00840142
-0.00861429
-0.00882266
-0.00902942
-0.00923732
-0.00944893
-0.00966657
-0.0098923
-0.0101279
-0.0103748
-0.0106342
-0.0109069
-0.0111934
-0.0114939
-0.0118083
-0.0121362
-0.0124768
-0.0128292
-0.013192
-0.0135638
-0.0139425
-0.0143259
-0.0147115
-0.0150964
-0.0154773
-0.0158507
-0.0162125
-0.0165585
-0.0168841
-0.0171844
-0.0174544
-0.0176888
-0.0178822
-0.0180295
-0.0181252
-0.0181642
-0.0181417
-0.0180529
-0.0178937
-0.0176601
-0.0173487
-0.0169565
-0.0164811
-0.0159205
-0.0152733
-0.0145384
-0.0137155
-0.0128046
-0.0118061
-0.0107211
-0.00955114
-0.00829807
-0.00696437
-0.00555304
-0.00406756
-0.00251201
-0.00089101
0.000790201
0.00252579
0.00430931
0.00613371
0.00799132
0.00987392
0.0117728
0.0136786
0.0155818
0.0174722
0.0193397
0.0211737
0.0229636
0.0246989
0.026369
0.0279635
0.0294725
0.030886
0.0321948
0.0333898
0.0344628
0.035406
0.0362119
0.0368742
0.0373869
0.0377447
0.0379432
0.0379785
0.0378477
0.0375485
0.0370794
0.0364397
0.0356297
0.0346502
0.0335031
0.0321912
0.030718
0.029088
0.0273066
0.0253801
0.0233157
0.0211215
0.0188065
0.0163805
0.013854
0.0112383
0.00854548
0.00578817
0.00297954
0.000133224
-0.00273678
-0.00561617
-0.0084905
-0.0113452
-0.0141657
-0.0169377
-0.0196469
-0.0222795
-0.0248219
-0.0272613
-0.0295852
-0.0317819
-0.0338405
-0.0357508
-0.0375036
-0.0390906
-0.0405043
-0.0417385
-0.0427879
-0.0436483
-0.0443167
-0.0447912
-0.0450708
-0.0451558
-0.0450477
-0.0447487
-0.0442624
-0.0435932
-0.0427466
-0.0417288
-0.0405471
-0.0392093
-0.0377243
-0.0361013
-0.0343505
-0.0324822
-0.0305076
-0.0284379
-0.026285
-0.0240607
-0.0217771
-0.0194466
-0.0170813
-0.0146934
-0.0122951
-0.00989822
-0.00751441
-0.00515502
-0.00283099
-0.000552828
0.00166944
0.00382634
0.00590898
0.00790912
0.00981918
0.0116323
0.0133422
0.0149437
0.016432
0.0178033
0.0190545
0.0201835
0.0211886
0.0220692
0.0228252
0.0234575
0.0239675
0.0243573
0.0246298
0.0247882
0.0248365
0.0247791
0.024621
0.0243673
0.0240237
0.0235962
0.0230911
0.0225146
0.0218735
0.0211743
0.0204239
0.0196289
0.0187962
0.0179322
0.0170435
0.0161364
0.015217
0.0142912
0.0133644
0.0124419
0.0115286
0.0106289
0.00974694
0.00888627
0.00805013
0.00724129
0.00646204
0.00571424
0.00499933
0.00431828
0.00367167
0.00305966
0.00248205
0.00193825
0.00142735
0.000948127
0.000499074
7.84269e-05
-0.000315804
-0.000685802
-0.00103391
-0.00136305
-0.00167692
-0.00197885
-0.00227216
-0.00256011
-0.0028459
-0.00313266
-0.00342344
-0.0037212
-0.00402875
-0.00434883
-0.00468401
-0.00503669
-0.00540912
-0.00580336
-0.00622124
-0.00666436
-0.00713408
-0.00763148
-0.0081573
-0.00871201
-0.00929568
-0.00990802
-0.0105484
-0.0112156
-0.0119082
-0.0126241
-0.0133611
-0.0141161
-0.0148858
-0.0156666
-0.0164541
-0.0172439
-0.018031
-0.01881
-0.0195754
-0.0203214
-0.0210418
-0.0217305
-0.022381
-0.0229871
-0.0235424
-0.0240405
-0.0244753
-0.0248408
-0.0251314
-0.0253415
-0.0254663
-0.025501
-0.0254418
-0.0252849
-0.0250275
-0.0246672
-0.0242024
-0.0236321
-0.0229561
-0.0221748
-0.0212896
-0.0203023
-0.0192158
-0.0180334
-0.0167593
-0.0153984
-0.0139562
-0.0124387
-0.0108528
-0.00920549
-0.00750457
-0.00575805
-0.00397431
-0.00216198
-0.000329859
0.00151315
0.0033581
0.00519613
0.00701845
0.00881648
0.0105819
0.0123066
0.013983
0.0156038
0.0171622
0.0186518
0.020067
0.0214025
0.0226537
0.0238168
0.0248883
0.0258625
0.0267334
0.0275042
0.0281792
0.0287587
0.0292437
0.0296272
0.0299196
0.0301234
0.0302412
0.0302761
0.0302185
0.0300845
0.0298777
0.0296015
0.0292595
0.0288388
0.0283591
0.0278236
0.0272354
0.0265974
0.0258947
0.0251479
0.0243595
0.0235317
0.0226668
0.0217499
0.0207998
0.0198182
0.0188065
0.0177659
0.016684
0.0155753
0.0144404
0.0132798
0.0120937
0.0108749
0.00963118
0.00836252
0.00706902
0.00575082
0.00440858
0.00304215
0.00165206
0.000238987
-0.00119616
-0.00264289
-0.00410933
-0.00559382
-0.00709443
-0.00860894
-0.0101169
-0.0116339
-0.013157
-0.0146829
-0.0162081
-0.0177037
-0.0191913
-0.0206668
-0.0221258
-0.0235637
-0.024946
-0.026298
-0.0276147
-0.028891
-0.0301216
-0.0312704
-0.0323633
-0.0333949
-0.0343599
-0.0352527
-0.0360397
-0.0367441
-0.0373606
-0.0378837
-0.0383082
-0.038607
-0.0387969
-0.0388728
-0.0388296
-0.0386625
-0.038355
-0.0379143
-0.037336
-0.0366159
-0.0357502
-0.0347364
-0.03357
-0.0322483
-0.0307685
-0.0291209
-0.0273157
-0.0253393
-0.0231943
-0.0208846
-0.0184148
-0.0158208
-0.0130794
-0.0101984
-0.00718669
-0.00405418
-0.000854044
0.00244433
0.00582828
0.00928425
0.0127978
0.0163033
0.0198353
0.0233776
0.026913
0.030424
0.0338398
0.0371953
0.0404721
0.0436519
0.0467163
0.0495988
0.0523297
0.0548916
0.0572672
0.05944
0.0613574
0.0630411
0.0644769
0.0656518
0.0665535
0.067152
0.0674569
0.0674599
0.0671543
0.0665348
0.0656
0.0643455
0.0627707
0.060877
0.0586673
0.0561719
0.0533716
0.0502746
0.0468906
0.0432312
0.0393566
0.0352345
0.0308809
0.0263136
0.0215517
0.0166795
0.0116546
0.00649964
0.00123821
-0.00410505
-0.00943156
-0.0147888
-0.0201506
-0.0254903
-0.030781
-0.0359223
-0.0409613
-0.0458719
-0.0506282
-0.0552051
-0.0595133
-0.0635943
-0.0674256
-0.0709863
-0.0742562
-0.0771698
-0.0797573
-0.0820037
-0.0838952
-0.0854201
-0.0865453
-0.087286
-0.0876363
-0.0875922
-0.0871517
-0.0863189
-0.085092
-0.0834751
-0.0814746
-0.0790987
-0.0763889
-0.0733262
-0.0699248
-0.0662006
-0.0621714
-0.0579106
-0.0533849
-0.0486167
-0.0436295
-0.0384482
-0.0331687
-0.0277476
-0.0222121
-0.0165903
-0.0109104
-0.00527823
0.000354927
0.00596071
0.0115111
0.0169783
0.0222613
0.0274081
0.0323937
0.037194
0.0417862
0.0460867
0.0501377
0.053921
0.0574199
0.0606195
0.0634638
0.0659844
0.0681722
0.0700198
0.071522
0.0726559
0.0734395
0.0738733
0.0739597
0.073703
0.0731145
0.0721969
0.0709595
0.0694135
0.0675715
0.0654748
0.0631114
0.0604976
0.0576511
0.0545903
0.051379
0.047993
0.0444528
0.0407797
0.036995
0.0331748
0.0292865
0.0253519
0.0213926
0.0174298
0.0135404
0.00968858
0.00589397
0.00217538
-0.00144918
-0.00491223
-0.00824834
-0.0114428
-0.014482
-0.0173537
-0.0200076
-0.0224735
-0.0247431
-0.0268096
-0.0286676
-0.030289
-0.0316954
-0.0328857
-0.0338601
-0.0346202
-0.0351603
-0.0354929
-0.035623
-0.0355569
-0.0353019
-0.0348722
-0.0342708
-0.0335073
-0.0325922
-0.0315366
-0.0303691
-0.0290846
-0.0276953
-0.0262137
-0.0246526
-0.0230482
-0.0213898
-0.0196902
-0.0179619
-0.0162173
-0.0144933
-0.0127766
-0.0110783
-0.009409
-0.00777869
-0.0062186
-0.00471526
-0.00327635
-0.00190872
-0.000618365
0.00057372
0.00167923
0.00269489
0.00361827
0.00444782
0.00517446
0.00580659
0.00634505
0.00679139
0.00714788
0.00741635
0.00760135
0.00770693
0.00773769
0.00769873
0.00760011
0.00744322
0.0072343
0.0069799
0.00668684
0.00636948
0.00602747
0.00566786
0.00529773
0.00492406
0.0045609
0.0042076
0.00387044
0.0035554
0.00326811
0.00301804
0.00280567
0.00263523
0.00251049
0.0024347
0.00240993
0.00243894
0.00252327
0.00266391
0.00286123
0.00310881
0.00341212
0.00376981
0.00417995
0.00464009
0.00513592
0.00567531
0.00625441
0.0068689
0.00751411
0.00817033
0.00884711
0.00953902
0.0102405
0.0109458
0.0116334
0.0123133
0.0129797
0.0136267
0.0142487
0.0148263
0.0153679
0.0158681
0.016322
0.0167246
0.0170623
0.0173401
0.0175542
0.0177012
0.0177781
0.0177796
0.0177065
0.0175574
0.0173314
0.0170281
0.0166521
0.0161997
0.0156722
0.0150713
0.0143992
0.0136701
0.0128757
0.0120193
0.0111049
0.0101367
0.00913636
0.00809144
0.00700694
0.00588809
0.00474033
0.00358995
0.00242196
0.00124215
5.63955e-05
-0.00112936
-0.00228771
-0.00343431
-0.00456338
-0.0056693
-0.00674656
-0.0077703
-0.00875504
-0.00969603
-0.0105888
-0.0114292
-0.0121981
-0.0129074
-0.0135541
-0.0141355
-0.0146495
-0.0150848
-0.0154495
-0.0157428
-0.0159641
-0.0161134
-0.0161882
-0.0161923
-0.0161267
-0.0159932
-0.0157936
-0.0155338
-0.015213
-0.0148341
-0.0144004
-0.0139154
-0.0133911
-0.0128229
-0.0122149
-0.0115712
-0.0108958
-0.010205
-0.00949107
-0.00875828
-0.00801084
-0.0072529
-0.00650164
-0.00574585
-0.00498881
-0.00423551
-0.00349075
-0.00277151
-0.00206946
-0.00138845
-0.000731995
-0.000103212
0.000485019
0.00104068
0.00156189
0.00204721
0.00249555
0.00289925
0.00326516
0.00359334
0.00388421
0.00413846
0.00435321
0.00453364
0.00468121
0.00479755
0.00488447
0.00494249
0.00497509
0.0049844
0.00497257
0.0049418
0.00489427
0.00483215
0.00475752
0.00467242
0.00457879
0.0044788
0.00437378
0.00426525
0.0041546
0.00404305
0.00393163
0.00382125
0.00371262
0.00360629
0.00350264
0.00340116
0.00330275
0.00320737
0.00311486
0.00302498
0.00293604
0.00284912
0.00276376
0.00267948
0.00259579
0.00251062
0.00242526
0.00233926
0.00225226
0.00216392
0.00207262
0.00197976
0.00188526
0.00178914
0.00169149
0.00159155
0.00149069
0.00138926
0.00128766
0.00118638
0.00108551
0.000986138
0.00088885
0.000794253
0.000702953
0.000615479
0.000532483
0.000454495
0.000381993
0.000315393
0.000255116
0.000201308
0.000154139
0.000113672
7.98652e-05
5.26107e-05
3.15527e-05
1.63152e-05
6.40645e-06
1.22209e-06
0
0
0
0
0
0
0
0
0
0
0
-0
-0
-0
-0
-0
-0
-0
-0
-0
-0
-0
-0
-0
-0
-0
-0
-0
-0
-0
-0
-0
-0
-0
-0
-0
-0
-0
-0
-0
-0
-0
-0
-0
-0
-0
-0
-0
-0
-0
-0
-0
-0
-0
-0
-0
-0
0
0
0
0
0
0
0
0
0
0
0
0
0
0
0
0
0
0
0
0
0
0
0
0
0
0
0
0
0
0
0
0
0
0
0
0
0
0
0
0
0
0
0
0
0
0
0
0
0
0
0
0
0
0
0
0
0
0
0
0
0
0
0
-0
-0
-0
-0
-0
-0
-0
-0
-0
-0
-0
-0
-0
-0
-0
-0
-0
-0
-0
-0
-0
-0
-0
-0
-0
-0
-0
-0
-0
-0
-0
-0
-0
-0
-0
-0
-0
-0
-0
-0
-0
-0
-0
-0
0
0
0
0
0
0
0
0
0
0
0
0
0
0
0
0
0
0
0
0
0
0
0
0
0
0
0
0
0
0
0
0
0
0
0
0
0
0
0
0
0
0
0
0
0
0
0
0
0
0
0
0
0
0
0
0
0
0
0
-0
-0
-0
-0
-0
-0
-0
-0
-0
-0
-0
-0
-0
-0
-0
-0
-0
-0
-0
-0
-0
-0
-0
-0
-0
-0
-0
-0
-0
-0
-0
-0
-0
-0
-0
-0
-0
-0
-0
-0
-0
-0
0
0
0
0
0
0
0
0
0
0
0
0
0
0
0
0
0
0
0
0
0
0
0
0
0
0
0
0
0
0
0
0
0
0
0
0
0
0
0
0
0
0
0
0
0
0
0
0
0
0
0
0
0
0
0
0
0
0
0
0
0
0
-0
-0
-0
-0
-0
-0
-0
-0
-0
-0
-0
-0
-0
-0
-0
-0
-0
-0
-0
-0
-0
-0
-0
-0
-0
-0
-0
-0
-0
-0
-0
-0
-0
-0
-0
-0
-0
-0
-0
-0
-0
-0
-0
-0
-0
-0
-0
-0
-0
-0
-0
-0
-0
-0
-0
-0
-0
