0
0
0
0
0
0
0
0
0
0
0
0
0
0
0
0
0
0
0
0
0
0
0
0
0
0
0
0
0
0
0
0
0
0
0
0
0
0
0
0
0
0
0
0
0
0
0
0
0
0
0
0
0
0
0
0
0
0
0
0
0
0
0
0
0
0
0
0
0
0
0
0
0
0
0
0
0
0
0
0
0
0
0
0
0
0
0
-2.43459e-07
-1.8565e-05
-5.90094e-05
-0.000111038
-0.000163422
-0.00020446
-0.000222228
-0.000204882
-0.000140985
-1.98396e-05
0.000168241
0.000431743
0.000777836
0.00121225
0.00173911
0.00236072
0.00307729
0.00388672
0.00478458
0.00576415
0.0068166
0.00793113
0.00909512
0.0102943
0.0115125
0.0127324
0.0139348
0.0150992
0.0162037
0.0172254
0.0181407
0.018926
0.0195583
0.020016
0.0202783
0.0203256
0.020139
0.0197005
0.0189934
0.0180034
0.0167197
0.015135
0.0132457
0.0110513
0.00855376
0.00575736
0.00266897
-0.000701574
-0.0043411
-0.00823305
-0.0123577
-0.0166926
-0.0212125
-0.0258901
-0.0306962
-0.0356
-0.0405701
-0.0455743
-0.0505804
-0.0555554
-0.0604658
-0.0652776
-0.0699572
-0.0744719
-0.0787906
-0.0828842
-0.0867251
-0.0902869
-0.0935444
-0.0964738
-0.0990536
-0.101265
-0.103093
-0.104526
-0.105554
-0.106171
-0.106376
-0.106169
-0.105552
-0.104535
-0.103126
-0.101338
-0.0991847
-0.0966823
-0.0938495
-0.0907066
-0.0872749
-0.0835764
-0.079633
-0.0754666
-0.0711004
-0.0665832
-0.0619414
-0.0571858
-0.0523253
-0.0473677
-0.0423209
-0.0371937
-0.0319965
-0.0267402
-0.021435
-0.0160893
-0.0107088
-0.00529719
0.000142946
0.00560926
0.0110991
0.0166096
0.0221374
0.0276787
0.033229
0.0387828
0.044334
0.0498769
0.0554071
0.0609215
0.0664175
0.0718919
0.0773393
0.0827516
0.0881187
0.0934294
0.0986727
0.103838
0.108913
0.113886
0.118744
0.123471
0.128051
0.132468
0.136703
0.140736
0.144544
0.148102
0.151387
0.154377
0.157053
0.159398
0.161394
0.163022
0.164259
0.165083
0.16547
0.165399
0.16485
0.163806
0.16225
0.160168
0.157546
0.154375
0.150651
0.146374
0.141544
0.136166
0.130243
0.123783
0.116794
0.109291
0.101291
0.0928141
0.0838835
0.0745236
0.0647613
0.054627
0.0441543
0.0333795
0.0223408
0.0110775
-0.00036977
-0.011958
-0.0236412
-0.0353701
-0.0470943
-0.058763
-0.0703268
-0.0817373
-0.0929453
-0.1039
-0.11455
-0.124841
-0.13472
-0.144137
-0.153041
-0.161384
-0.169116
-0.176187
-0.182553
-0.188169
-0.193
-0.197015
-0.200186
-0.202489
-0.203903
-0.204408
-0.203992
-0.202647
-0.200373
-0.197175
-0.193064
-0.188054
-0.182163
-0.175416
-0.167846
-0.159491
-0.150394
-0.140601
-0.130156
-0.11911
-0.107514
-0.0954244
-0.0829021
-0.0700118
-0.0568196
-0.0433919
-0.0297952
-0.0160961
-0.00236192
0.0113398
0.0249421
0.03838
0.0515904
0.064512
0.0770848
0.08925
0.100951
0.112134
0.122752
0.13276
0.142122
0.150802
0.158769
0.165993
0.172452
0.178127
0.183005
0.187081
0.19035
0.192812
0.194469
0.195329
0.195405
0.194719
0.193298
0.191173
0.188382
0.184961
0.180951
0.176394
0.171335
0.165822
0.159901
0.153622
0.147035
0.140193
0.133151
0.125965
0.118695
0.111396
0.104124
0.0969302
0.0898645
0.0829735
0.0763025
0.0698947
0.0637909
0.0580285
0.0526408
0.047657
0.0431024
0.0389981
0.0353618
0.032207
0.0295432
0.0273757
0.025705
0.0245271
0.0238328
0.0236081
0.0238342
0.0244882
0.0255437
0.0269716
0.02874
0.0308143
0.0331568
0.0357266
0.0384794
0.0413679
0.0443428
0.0473537
0.0503491
0.0532781
0.0560904
0.0587371
0.0611707
0.0633451
0.0652159
0.0667401
0.0678761
0.0685844
0.0688279
0.0685727
0.0677884
0.066449
0.0645334
0.0620263
0.0589181
0.0552057
0.0508912
0.0459814
0.0404867
0.0344215
0.0278037
0.0206564
0.0130075
0.00489049
-0.00365714
-0.0125943
-0.0218769
-0.0314568
-0.0412815
-0.0512925
-0.0614259
-0.0716134
-0.0817848
-0.0918692
-0.101797
-0.111498
-0.120903
-0.129944
-0.138553
-0.146663
-0.154211
-0.161135
-0.167376
-0.17288
-0.177589
-0.181451
-0.184416
-0.186438
-0.187477
-0.187498
-0.186471
-0.184372
-0.181183
-0.176894
-0.171504
-0.165019
-0.157452
-0.148824
-0.13916
-0.128489
-0.116849
-0.104282
-0.0908348
-0.0765609
-0.0615185
-0.0457704
-0.0293855
-0.0124385
0.00499021
0.0228147
0.0409453
0.0592892
0.0777505
0.0962307
0.114628
0.132838
0.150757
0.168281
0.185308
0.201743
0.217491
0.232463
0.246573
0.259741
0.271893
0.282962
0.292887
0.301618
0.309107
0.315314
0.320206
0.323757
0.325948
0.326768
0.326214
0.324287
0.320997
0.316357
0.310393
0.303135
0.294623
0.284904
0.274026
0.262046
0.249022
0.235021
0.220113
0.204374
0.187885
0.170727
0.152985
0.134746
0.116099
0.0971359
0.0779511
0.0586391
0.0392932
0.0200059
0.000868608
-0.0180274
-0.0365912
-0.0547332
-0.0723672
-0.0894118
-0.105791
-0.121433
-0.136271
-0.150239
-0.163278
-0.17533
-0.186345
-0.196279
-0.205096
-0.212763
-0.219256
-0.224552
-0.228639
-0.231509
-0.233161
-0.2336
-0.232838
-0.23089
-0.227777
-0.223528
-0.218177
-0.211763
-0.204331
-0.195927
-0.186602
-0.176411
-0.165411
-0.153668
-0.141248
-0.128219
-0.114652
-0.100616
-0.0861819
-0.0714245
-0.056419
-0.0412421
-0.0259695
-0.0106742
0.00457329
0.0197042
0.0346503
0.0493431
0.0637152
0.0777022
0.0912437
0.104284
0.116773
0.128661
0.139902
0.150452
0.160271
0.169325
0.177585
0.185027
0.191632
0.197384
0.202268
0.206275
0.209402
0.21165
0.213025
0.213536
0.213194
0.212015
0.210016
0.207221
0.203658
0.199357
0.19435
0.188672
0.182359
0.175449
0.167985
0.160009
0.151568
0.142708
0.133474
0.123913
0.114072
0.104001
0.0937493
0.0833665
0.0729006
0.0623981
0.0519048
0.0414663
0.0311283
0.0209361
0.0109329
0.00115941
-0.0083465
-0.0175489
-0.0264129
-0.0349044
-0.042991
-0.0506431
-0.0578346
-0.064543
-0.0707481
-0.0764316
-0.0815763
-0.0861676
-0.0901943
-0.0936498
-0.0965313
-0.0988385
-0.100573
-0.101736
-0.102332
-0.102367
-0.101851
-0.100798
-0.0992231
-0.0971432
-0.0945758
-0.0915399
-0.0880568
-0.0841511
-0.07985
-0.0751815
-0.0701738
-0.0648542
-0.0592504
-0.0533914
-0.0473086
-0.0410351
-0.0346046
-0.0280496
-0.0214009
-0.0146885
-0.00794246
-0.00119439
0.00552293
0.0121768
0.0187363
0.0251732
0.0314618
0.037578
0.0434981
0.0491983
0.0546555
0.0598475
0.0647546
0.0693588
0.0736443
0.0775969
0.0812038
0.0844539
0.0873381
0.0898489
0.0919802
0.0937269
0.0950856
0.0960545
0.0966347
0.0968298
0.0966458
0.0960905
0.0951723
0.0939004
0.0922853
0.0903391
0.0880755
0.0855098
0.0826583
0.0795376
0.0761655
0.0725609
0.0687447
0.0647389
0.060566
0.056248
0.0518052
0.0472577
0.0426258
0.0379315
0.0331983
0.0284501
0.0237102
0.0189999
0.014339
0.00974659
0.00524195
0.000844926
-0.00342477
-0.00754852
-0.0115095
-0.0152925
-0.0188832
-0.0222675
-0.0254319
-0.0283641
-0.0310545
-0.0334956
-0.0356823
-0.0376099
-0.0392735
-0.0406681
-0.0417895
-0.0426361
-0.0432092
-0.0435121
-0.0435497
-0.043326
-0.0428451
-0.0421113
-0.0411309
-0.0399128
-0.0384682
-0.0368095
-0.0349488
-0.0328977
-0.0306679
-0.0282717
-0.0257233
-0.0230376
-0.0202302
-0.0173166
-0.0143115
-0.0112304
-0.00808951
-0.00490621
-0.00169833
0.00151695
0.00472384
0.00790781
0.0110548
0.0141501
0.0171786
0.0201247
0.0229707
0.0256911
0.028269
0.0306896
0.0329391
0.035004
0.0368722
0.0385329
0.0399774
0.0411984
0.0421898
0.0429465
0.0434656
0.0437468
0.0437933
0.0436113
0.0432087
0.0425931
0.0417713
0.0407506
0.0395397
0.0381505
0.0365984
0.0349007
0.0330753
0.0311386
0.0291055
0.0269907
0.0248096
0.022579
0.0203167
0.0180406
0.0157677
0.0135141
0.0112952
0.00912611
0.00702146
0.00499479
0.00305772
0.00121984
-0.000510812
-0.00212677
-0.00362059
-0.00498505
-0.00621413
-0.00730407
-0.00825383
-0.00906468
-0.00973924
-0.0102806
-0.0106921
-0.0109777
-0.0111425
-0.0111931
-0.0111377
-0.0109848
-0.0107435
-0.0104227
-0.0100318
-0.00958051
-0.00907935
-0.00853876
-0.00796884
-0.00737887
-0.00677732
-0.00617209
-0.00557079
-0.00498084
-0.00440919
-0.00386199
-0.00334433
-0.00286021
-0.00241264
-0.00200391
-0.0016356
-0.00130859
-0.00102299
-0.000778082
-0.000572384
-0.000403777
-0.000269614
-0.000166794
-9.18025e-05
-4.07715e-05
-9.55958e-06
6.13702e-06
1.06793e-05
8.40099e-06
3.53913e-06
1.60291e-07
0
0
0
0
0
0
0
0
0
0
0
0
0
0
0
0
0
0
0
0
0
0
0
0
0
0
0
0
0
0
0
0
0
0
0
0
0
0
0
0
0
0
0
0
0
0
0
0
0
0
0
0
0
0
0
0
0
0
0
0
0
0
0
0
0
0
0
0
0
0
0
0
0
0
0
0
0
0
0
0
0
0
0
0
0
0
0
0
0
0
0
0
0
0
0
0
0
0
0
0
0
0
0
0
0
0
0
0
0
0
0
0
0
0
0
0
0
0
0
0
0
0
0
0
0
0
0
0
0
0
0
0
0
0
0
0
0
0
0
0
0
0
0
0
0
0
0
0
0
0
0
0
0
3.4108e-07
8.42127e-06
2.38554e-05
4.18938e-05
5.7581e-05
6.58337e-05
6.15275e-05
3.95817e-05
-4.96542e-06
-7.68934e-05
-0.000180716
-0.000320609
-0.000500323
-0.000723107
-0.000991667
-0.00130807
-0.00167373
-0.00208926
-0.0025545
-0.00306846
-0.00362934
-0.00423472
-0.00488154
-0.00556601
-0.00628348
-0.00702814
-0.00779322
-0.00857119
-0.00935412
-0.0101341
-0.0109028
-0.0116519
-0.012372
-0.0130533
-0.0136853
-0.0142577
-0.0147608
-0.0151857
-0.0155239
-0.0157674
-0.015908
-0.0159382
-0.0158512
-0.0156416
-0.0153052
-0.0148394
-0.0142426
-0.0135142
-0.0126551
-0.0116674
-0.0105551
-0.00932327
-0.0079772
-0.00652268
-0.00496576
-0.00331472
-0.00157973
0.000226666
0.00209026
0.00399685
0.0059316
0.00788085
0.00983123
0.011769
0.0136805
0.0155505
0.0173647
0.0191094
0.0207716
0.0223391
0.0237982
0.0251363
0.0263424
0.0274076
0.0283264
0.0290928
0.0297023
0.0301497
0.0304303
0.0305414
0.0304828
0.0302582
0.0298734
0.0293346
0.0286466
0.0278139
0.0268413
0.0257364
0.0245099
0.0231736
0.0217422
0.0202356
0.0186637
0.0170327
0.015348
0.0136222
0.0118675
0.0100964
0.00831932
0.00654066
0.00477045
0.00301528
0.00128312
-0.000416927
-0.0020809
-0.0036967
-0.00525938
-0.0067655
-0.0082117
-0.00959978
-0.0109192
-0.0121664
-0.0133398
-0.01444
-0.0154747
-0.0164387
-0.0173306
-0.018148
-0.0188886
-0.0195576
-0.0201528
-0.0206803
-0.021147
-0.0215599
-0.0219274
-0.0222511
-0.0225352
-0.0227839
-0.023002
-0.0231935
-0.0233643
-0.0235207
-0.0236704
-0.023823
-0.0239823
-0.024163
-0.0243705
-0.0246072
-0.0248734
-0.0251576
-0.0254754
-0.025832
-0.026234
-0.0266867
-0.0271737
-0.0277135
-0.0283036
-0.028941
-0.0296229
-0.0303226
-0.0310625
-0.0318399
-0.0326513
-0.0334928
-0.0343315
-0.0351898
-0.0360599
-0.0369317
-0.037793
-0.0386036
-0.0393807
-0.0401156
-0.0408013
-0.0414302
-0.0419699
-0.0424308
-0.0427982
-0.0430569
-0.0431926
-0.0431807
-0.0430222
-0.0427064
-0.0422222
-0.0415587
-0.04071
-0.0396639
-0.0384134
-0.0369515
-0.0352707
-0.0333874
-0.0312696
-0.0289125
-0.0263154
-0.0234808
-0.0204611
-0.0172132
-0.0137408
-0.0100473
-0.00613784
-0.00209066
0.00215235
0.00657572
0.0111621
0.0158936
0.0206646
0.0255452
0.0305166
0.0355583
0.0406479
0.0456648
0.0506803
0.0556673
0.0605971
0.06544
0.0700728
0.0745585
0.0788685
0.0829746
0.0868483
0.0903871
0.0936339
0.0965579
0.0991293
0.101319
0.103064
0.104375
0.105228
0.105599
0.105467
0.104825
0.103646
0.101918
0.0996296
0.0967715
0.0934079
0.0894581
0.0849188
0.0797922
0.0740852
0.0679456
0.0612494
0.0540116
0.0462494
0.037984
0.0294353
0.0204386
0.0110263
0.00123265
-0.00890633
-0.019117
-0.0295906
-0.0402785
-0.0511274
-0.0620822
-0.072839
-0.0835946
-0.0942976
-0.104894
-0.115325
-0.125298
-0.13498
-0.144305
-0.153211
-0.16164
-0.16936
-0.17649
-0.182977
-0.188765
-0.193803
-0.197955
-0.20126
-0.203674
-0.205155
-0.205665
-0.205202
-0.203708
-0.201166
-0.197561
-0.192887
-0.187298
-0.180629
-0.172879
-0.164057
-0.15418
-0.143563
-0.131947
-0.119366
-0.10586
-0.0914719
-0.0766486
-0.0610485
-0.0447346
-0.0277763
-0.010247
0.00731223
0.0252867
0.0435926
0.0621402
0.0808356
0.0991066
0.117335
0.135428
0.153292
0.17083
0.187518
0.203679
0.219213
0.234023
0.248016
0.260793
0.272584
0.283309
0.292887
0.301242
0.308154
0.313708
0.317849
0.320531
0.321713
0.321416
0.31956
0.316127
0.311107
0.3045
0.296577
0.287092
0.276068
0.26354
0.24955
0.234602
0.218302
0.200717
0.18192
0.161988
0.141603
0.120261
0.0980597
0.0751074
0.0515172
0.0280768
0.00423307
-0.0198943
-0.0441831
-0.0685091
-0.0920834
-0.115445
-0.138468
-0.16103
-0.183005
-0.203699
-0.223565
-0.242488
-0.260362
-0.277086
-0.292163
-0.305908
-0.318236
-0.329067
-0.338327
-0.345774
-0.351537
-0.355578
-0.357868
-0.358387
-0.35719
-0.354202
-0.349426
-0.342875
-0.334573
-0.324862
-0.313478
-0.300472
-0.285904
-0.269843
-0.252871
-0.23457
-0.215031
-0.194349
-0.172627
-0.150605
-0.12776
-0.104212
-0.0800857
-0.0555132
-0.0313076
-0.00691379
0.0175431
0.0419379
0.0661444
0.0893949
0.112208
0.134466
0.156058
0.17688
0.196316
0.214796
0.232236
0.248556
0.263682
0.277209
0.289425
0.300283
0.309745
0.317779
0.324232
0.329215
0.332723
0.334756
0.335324
0.334525
0.332304
0.328697
0.32375
0.317517
0.31032
0.301969
0.292532
0.282084
0.270702
0.258852
0.246239
0.232955
0.219091
0.204741
0.190434
0.175819
0.160984
0.146021
0.131026
0.116519
0.102165
0.0880489
0.074248
0.0608358
0.0482313
0.0361489
0.0246479
0.0137805
0.00359098
-0.00565133
-0.0141473
-0.021869
-0.0287917
-0.0348959
-0.0400722
-0.0444159
-0.0479347
-0.0506444
-0.0525665
-0.0537544
-0.0542069
-0.0539567
-0.0530439
-0.0515163
-0.0495514
-0.0470824
-0.0441668
-0.0408623
-0.0372262
-0.0334878
-0.0295334
-0.0254227
-0.021217
-0.0169793
-0.0129395
-0.00899366
-0.0052024
-0.00162352
0.00169022
0.00457905
0.0071171
0.00927015
0.0110072
0.0122997
0.0130959
0.0134009
0.0131998
0.0124838
0.01125
0.00957528
0.00738962
0.00470247
0.00152879
-0.00210956
-0.00601625
-0.0103247
-0.014997
-0.0199924
-0.0252681
-0.030549
-0.0360166
-0.0416189
-0.0473005
-0.0530042
-0.0584265
-0.0637571
-0.0689386
-0.0739113
-0.0786137
-0.0827748
-0.0865472
-0.0898784
-0.0927202
-0.0950274
-0.0966322
-0.0976151
-0.097934
-0.0975505
-0.0964323
-0.0945557
-0.0919011
-0.0884545
-0.0842046
-0.0791427
-0.0734102
-0.066865
-0.0595188
-0.0513909
-0.0425067
-0.0331787
-0.0231531
-0.0124633
-0.00114741
0.0107498
0.0227819
0.0352903
0.0482177
0.061504
0.075087
0.0884415
0.10196
0.11557
0.129201
0.142777
0.155764
0.168552
0.181069
0.193243
0.204999
0.215862
0.226168
0.235855
0.244864
0.253139
0.260336
0.266694
0.272168
0.276716
0.280308
0.282782
0.284252
0.2847
0.284113
0.282483
0.279857
0.276196
0.271513
0.265828
0.259166
0.251773
0.243464
0.234283
0.224278
0.213501
0.202374
0.190588
0.178196
0.165258
0.151835
0.13846
0.124739
0.110745
0.0965497
0.0822202
0.0683275
0.0544256
0.0405766
0.0268442
0.0132928
0.000472769
-0.0120474
-0.0242149
-0.0359795
-0.0472919
-0.0576894
-0.0675402
-0.0768026
-0.0854409
-0.0934255
-0.100436
-0.106748
-0.112341
-0.117197
-0.121304
-0.124499
-0.126931
-0.128602
-0.129516
-0.129684
-0.129114
-0.127825
-0.125836
-0.123172
-0.119857
-0.116057
-0.11166
-0.106695
-0.101193
-0.0951928
-0.0889837
-0.0823654
-0.0753842
-0.0680835
-0.060503
-0.0529973
-0.0452844
-0.0374021
-0.0293907
-0.0212923
-0.0134956
-0.00569337
0.00207652
0.00977793
0.0173761
0.0245027
0.031464
0.0382345
0.044792
0.0511163
0.0568975
0.0624078
0.0676293
0.0725456
0.0771443
0.0811935
0.0849117
0.0882956
0.091342
0.0940477
0.096267
0.0981457
0.0996896
0.100908
0.10181
0.102343
0.102579
0.10253
0.102203
0.101612
0.100778
0.0997123
0.0984327
0.0969549
0.0952926
0.0935218
0.091593
0.0895035
0.0872331
0.0847982
0.0823192
0.079712
0.0769952
0.0741876
0.0713075
0.0684949
0.0656415
0.0627602
0.0598612
0.0569534
0.0541727
0.0514001
0.0486456
0.0459183
0.043226
0.0406942
0.0382064
0.0357679
0.0333841
0.0310592
0.0289011
0.0268029
0.0247656
0.0227906
0.0208815
0.0191305
0.0174507
0.015845
0.0143145
0.0128583
0.0115446
0.010297
0.00911402
0.00799656
0.00694649
0.00601876
0.00515507
0.004353
0.00361058
0.00292679
0.00233971
0.00180635
0.00132513
0.000895141
0.00051599
0.000212243
-4.48578e-05
-0.000257274
-0.000427056
-0.00055667
-0.000636197
-0.000684292
-0.000704563
-0.000699357
-0.00067018
-0.000615101
-0.000541443
-0.000453395
-0.000355443
-0.000251599
-0.000147599
-4.26308e-05
6.16138e-05
0.000163409
0.000260564
0.000344795
0.000420104
0.000484189
0.000535516
0.000573414
0.000592303
0.00059964
0.00059578
0.000580953
0.000555447
0.00051621
0.000469354
0.000416225
0.000358447
0.000297926
0.000235502
0.000175758
0.000120993
7.35641e-05
3.59159e-05
1.0531e-05
1.3064e-07
0
0
0
0
0
0
0
0
0
0
0
0
0
0
0
0
0
0
0
0
0
0
0
0
0
0
0
0
0
0
0
0
0
0
0
0
0
0
0
0
0
0
0
0
0
0
0
0
0
0
0
0
0
0
0
0
0
0
0
0
0
0
0
0
0
0
0
0
0
0
0
0
0
0
0
0
0
0
0
0
0
0
0
0
0
0
0
