-0
-0
-0
-0
-0
-0
-0
-0
-0
-0
-0
-0
-0
-0
-0
-0
-0
-0
-0
-0
0
0
0
0
0
0
0
0
0
0
0
0
0
0
0
0
0
0
0
0
0
0
0
0
0
0
0
0
0
0
0
0
0
0
0
0
0
0
0
0
0
0
0
0
-0
-0
-0
-0
-0
-0
-0
-0
-0
-0
-0
-0
-0
-0
-0
-0
-0
-0
-0
-0
-0
-0
-0
-0
-0
-0
-0
-0
-0
-0
-0
-0
-0
-0
-0
-0
-0
-0
-0
-0
-0
-0
-0
0
0
0
0
0
0
0
0
0
0
0
0
0
0
0
0
0
0
0
0
0
0
0
0
0
0
0
0
0
0
0
0
0
0
0
0
0
0
0
0
0
0
0
-0
-0
-0
-0
-0
-0
-0
-0
-0
-0
-0
-0
-0
-0
-0
-0
-0
-0
-0
-0
-0
-0
-0
-0
-0
-0
-0
-0
-0
-0
-0
-0
-0
-0
-0
-0
-0
-0
-0
-0
-0
-0
-0
-0
-0
-0
-0
-0
-0
0
0
0
0
0
0
0
0
0
0
0
0
0
0
0
0
0
0
0
0
0
0
0
0
0
0
0
0
0
0
0
0
0
0
0
0
0
0
0
0
0
0
0
0
0
0
-0
-0
-0
-0
-0
-0
-0
-0
-0
-0
-0
-0
-0
-0
-0
-0
-0
-0
-0
-0
-0
-0
-0
-0
-0
-0
-0
-0
-0
-0
-0
-0
-0
-0
-0
-0
-0
-0
-0
-0
-0
-0
-0
-0
-0
-0
-0
-0
-0
0
0
0
0
0
0
0
0
0
0
0
0
0
0
0
0
0
0
0
0
0
0
0
0
0
0
0
0
0
0
0
0
0
0
0
0
0
0
0
0
0
0
0
-0
-0
-0
-0
-0
-0
-0
-0
-0
-0
-0
-0
-0
-0
-0
-0
-0
-0
-0
-0
-0
-0
-0
-0
-0
-0
-0
-0
-0
-0
-0
-0
-0
-0
-0
-0
-0
-0
-0
-0
-0
-0
-0
-0
-0
-0
-0
-3.53502e-07
-4.62054e-07
1.78212e-06
8.27815e-06
2.06661e-05
4.03051e-05
6.82449e-05
0.000105195
0.000151509
0.000207206
0.000272011
0.000345416
0.000426697
0.000514903
0.000608828
0.000707021
0.000807841
0.000909573
0.00101051
0.001109
0.00120342
0.00129211
0.00137347
0.00144605
0.00150868
0.00156057
0.00160128
0.00163057
0.00164828
0.00165434
0.00164885
0.00163234
0.00160577
0.00157048
0.00152801
0.00147986
0.00142747
0.00137237
0.00131634
0.00126151
0.00121031
0.00116521
0.00112855
0.00110249
0.00108896
0.00108979
0.00110664
0.00114081
0.0011931
0.00126375
0.00135267
0.00145962
0.00158441
0.00172669
0.00188571
0.00206006
0.00224761
0.00244588
0.00265239
0.00286497
0.00308157
0.00329998
0.00351733
0.00373007
0.00393411
0.00412528
0.00429952
0.00445299
0.00458188
0.00468242
0.00475113
0.00478527
0.00478316
0.00474401
0.00466731
0.00455201
0.00439614
0.00419704
0.00395233
0.00366094
0.00332369
0.00294308
0.00252247
0.00206517
0.00157395
0.00105117
0.000499302
-7.85015e-05
-0.000678303
-0.00129554
-0.00192583
-0.00256548
-0.0032103
-0.00385581
-0.0044973
-0.00513034
-0.00575123
-0.00635724
-0.00694634
-0.00751661
-0.00806555
-0.00858996
-0.00908621
-0.00955084
-0.00998106
-0.0103747
-0.0107299
-0.0110445
-0.0113163
-0.0115429
-0.011723
-0.0118565
-0.0119447
-0.0119889
-0.0119904
-0.0119493
-0.0118647
-0.0117361
-0.0115634
-0.0113481
-0.0110926
-0.0107997
-0.0104718
-0.0101108
-0.00971822
-0.0092958
-0.00884588
-0.0083715
-0.00787598
-0.0073625
-0.0068339
-0.00629275
-0.00574175
-0.00518395
-0.00462271
-0.00406138
-0.00350295
-0.00294992
-0.00240439
-0.00186845
-0.00134436
-0.000834433
-0.000340703
0.000135478
0.000593518
0.00103321
0.00145409
0.00185482
0.00223304
0.00258583
0.00291045
0.00320515
0.00346949
0.00370413
0.00391022
0.00408877
0.0042404
0.00436534
0.0044638
0.0045362
0.00458324
0.00460571
0.00460428
0.00457939
0.00453138
0.00446065
0.00436771
0.00425311
0.00411723
0.00396023
0.00378229
0.00358405
0.00336697
0.0031334
0.00288612
0.00262754
0.00235914
0.00208121
0.00179339
0.00149546
0.00118801
0.000872619
0.000551482
0.000226691
-0.000100232
-0.000428321
-0.000756698
-0.001084
-0.00140811
-0.0017264
-0.00203628
-0.00233559
-0.00262266
-0.00289591
-0.00315325
-0.00339185
-0.00360837
-0.00379952
-0.00396266
-0.00409601
-0.00419825
-0.00426798
-0.00430324
-0.00430144
-0.00425965
-0.00417513
-0.00404549
-0.00386862
-0.00364249
-0.00336497
-0.00303407
-0.00264837
-0.00220735
-0.00171131
-0.00116083
-0.000556086
0.000103528
0.000819074
0.0015912
0.0024191
0.00329993
0.00422902
0.00520076
0.00620974
0.00725142
0.00832204
0.00941787
0.0105344
0.0116655
0.0128038
0.0139411
0.0150691
0.0161798
0.0172656
0.0183185
0.0193303
0.0202917
0.0211929
0.0220239
0.0227752
0.0234372
0.0240011
0.0244577
0.024798
0.0250125
0.0250923
0.0250292
0.024816
0.0244468
0.0239165
0.0232205
0.0223542
0.021313
0.0200926
0.0186898
0.0171026
0.0153313
0.0133775
0.0112443
0.00893598
0.00645724
0.00381373
0.00101205
-0.00193995
-0.00503306
-0.00825674
-0.0115992
-0.0150473
-0.0185867
-0.0222017
-0.025875
-0.0295889
-0.0333244
-0.0370628
-0.0407846
-0.0444701
-0.0480987
-0.0516489
-0.0550985
-0.0584247
-0.0616048
-0.064616
-0.0674365
-0.0700445
-0.0724189
-0.0745391
-0.0763852
-0.0779386
-0.0791816
-0.0800976
-0.080671
-0.0808875
-0.0807338
-0.0801987
-0.0792728
-0.0779491
-0.0762229
-0.0740915
-0.071554
-0.0686114
-0.0652669
-0.0615255
-0.057395
-0.052885
-0.0480077
-0.0427773
-0.0372106
-0.0313269
-0.0251482
-0.0186992
-0.0120066
-0.00509853
0.00199529
0.00924414
0.016616
0.0240773
0.0315931
0.039127
0.0466413
0.0540978
0.0614575
0.068681
0.0757288
0.0825617
0.089141
0.0954292
0.10139
0.106989
0.112191
0.116965
0.121278
0.1251
0.128403
0.13116
0.133348
0.134946
0.135936
0.136305
0.136042
0.135138
0.13359
0.131398
0.128561
0.125086
0.120979
0.116253
0.11092
0.105
0.0985134
0.0914857
0.083945
0.0759231
0.0674548
0.0585783
0.0493343
0.0397653
0.0299156
0.0198303
0.00955569
-0.000860951
-0.0113709
-0.0219239
-0.0324688
-0.0429535
-0.0533256
-0.0635327
-0.0735223
-0.0832425
-0.0926415
-0.101669
-0.110276
-0.118416
-0.126045
-0.133123
-0.139613
-0.14548
-0.150695
-0.15523
-0.159065
-0.162178
-0.164558
-0.166191
-0.167071
-0.167196
-0.166564
-0.165182
-0.163057
-0.160202
-0.156634
-0.152371
-0.147437
-0.141858
-0.135663
-0.128885
-0.121561
-0.113729
-0.105429
-0.0967066
-0.0876051
-0.0781714
-0.0684534
-0.0585005
-0.048363
-0.0380924
-0.0277404
-0.0173589
-0.00699965
0.00328608
0.0134478
0.0234358
0.0332018
0.0426989
0.051882
0.0607081
0.0691362
0.0771278
0.0846469
0.0916599
0.0981366
0.10405
0.109375
0.114093
0.118185
0.121639
0.124443
0.126591
0.128077
0.128916
0.12913
0.128724
0.127708
0.126093
0.123891
0.121118
0.117791
0.113929
0.109553
0.104685
0.0993516
0.0935782
0.0873938
0.0808287
0.0739143
0.0666834
0.05917
0.0514091
0.0434372
0.0352919
0.0270116
0.0186352
0.0102022
0.00175202
-0.00667574
-0.0150413
-0.0233048
-0.0314266
-0.0393674
-0.0470889
-0.054554
-0.0617268
-0.0685723
-0.0750569
-0.0811484
-0.0868161
-0.0920316
-0.0967688
-0.101004
-0.104715
-0.107884
-0.110495
-0.112533
-0.113989
-0.114856
-0.115131
-0.114812
-0.113904
-0.11241
-0.110339
-0.107703
-0.104516
-0.100798
-0.0965692
-0.091854
-0.0866789
-0.0810727
-0.0750672
-0.0686968
-0.061998
-0.0550097
-0.0477718
-0.0403255
-0.0327127
-0.0249766
-0.0171611
-0.00931101
-0.00147158
0.00631211
0.0139956
0.0215351
0.0288878
0.0360118
0.0428664
0.0494122
0.0556119
0.0614303
0.0668344
0.071794
0.0762809
0.0802695
0.0837371
0.0866639
0.0890338
0.090834
0.0920548
0.0926901
0.0927165
0.0921143
0.0908967
0.0890814
0.0866821
0.0837168
0.0802324
0.0762289
0.0717348
0.0667815
0.0614034
0.0556813
0.0496113
0.0432357
0.0365987
0.0297458
0.0227816
0.0156939
0.00852969
0.00133615
-0.00583965
-0.0128848
-0.0198217
-0.0266068
-0.0331977
-0.0395543
-0.045572
-0.0512829
-0.0566539
-0.0616549
-0.0662589
-0.0703861
-0.0740745
-0.0773076
-0.0800721
-0.0823579
-0.0841194
-0.0853942
-0.0861833
-0.0864911
-0.0863256
-0.0856817
-0.0845898
-0.0830668
-0.0811319
-0.0788068
-0.0761238
-0.0731001
-0.0697635
-0.0661428
-0.0622679
-0.0581998
-0.053938
-0.0495137
-0.0449582
-0.0403023
-0.0356231
-0.030901
-0.0261646
-0.0214412
-0.0167566
-0.0121912
-0.00770823
-0.00332818
0.000930406
0.00505075
0.00895997
0.0127062
0.0162789
0.0196697
0.0228719
0.0258277
0.0285887
0.0311529
0.0335194
0.0356883
0.0376182
0.039356
0.0409044
0.0422669
0.0434467
0.0444183
0.0452145
0.0458383
0.0462925
0.0465788
0.0466859
0.0466265
0.0463999
0.0460039
0.0453958
0.0445532
0.0434711
0.0421519
0.0405989
0.0388166
0.036836
0.0346391
0.0322345
0.0296318
0.0268417
0.0239182
0.0208312
0.0175942
0.0142215
0.0107285
0.00718719
0.00355866
-0.00013973
-0.00389021
-0.00767464
-0.0114121
-0.0151465
-0.0188592
-0.0225313
-0.026144
-0.0296169
-0.0329934
-0.0362558
-0.0393867
-0.0423695
-0.0451347
-0.0477206
-0.0501127
-0.0522977
-0.0542628
-0.0559587
-0.057413
-0.058617
-0.0595629
-0.0602447
-0.0606402
-0.0607629
-0.0606105
-0.0601822
-0.0594787
-0.0585087
-0.0572694
-0.0557658
-0.0540045
-0.051993
-0.0497698
-0.0473157
-0.0446419
-0.041761
-0.0386868
-0.0354829
-0.0321157
-0.0286014
-0.0249572
-0.0212008
-0.0174133
-0.0135506
-0.00963144
-0.00567518
-0.00170115
0.00220253
0.00608563
0.00992939
0.0137153
0.0174252
0.0209751
0.0244141
0.0277258
0.0308946
0.0339054
0.0366886
0.039287
0.0416887
0.0438827
0.0458594
0.0475717
0.0490513
0.0502927
0.0512913
0.052044
0.0525312
0.0527696
0.05276
0.0525041
0.0520054
0.0512732
0.050308
0.0491165
0.0477064
0.0460865
0.0442926
0.0423095
0.0401486
0.0378223
0.0353435
0.0327682
0.0300679
0.0272573
0.0243513
0.0213651
0.0183672
0.0153196
0.0122375
0.00913641
0.00603169
0.00299521
-1.49134e-05
-0.00298453
-0.00590002
-0.00874823
-0.0114634
-0.0140865
-0.0166061
-0.0190113
-0.0212921
-0.0233962
-0.0253591
-0.0271735
-0.0288333
-0.0303329
-0.0316387
-0.0327765
-0.0337439
-0.0345393
-0.0351622
-0.0355996
-0.0358655
-0.0359622
-0.0358924
-0.0356601
-0.0352728
-0.0347327
-0.0340453
-0.033217
-0.0322548
-0.0311835
-0.029994
-0.0286951
-0.0272957
-0.0258048
-0.0242595
-0.0226414
-0.0209602
-0.0192253
-0.0174467
-0.0156673
-0.0138634
-0.0120443
-0.0102195
-0.00839826
-0.00662393
-0.00487042
-0.00314553
-0.00145662
0.000189307
0.00175445
0.00326354
0.00471057
0.00609008
0.00739727
0.00860372
0.00973034
0.0107742
0.0117329
0.0126042
0.0133711
0.0140481
0.0146347
0.0151312
0.0155381
0.0158504
0.0160755
0.0162149
0.0162707
0.0162458
0.0161459
0.0159722
0.0157283
0.0154182
0.0150457
0.0146244
0.0141484
0.0136221
0.0130503
0.0124382
0.0118053
0.0111424
0.010454
0.00974451
0.00901802
0.00829496
0.00756373
0.00682904
0.00609549
0.00536728
0.00466346
0.00397171
0.00329497
0.0026363
0.00199892
0.00139871
0.000825737
0.000282114
-0.000230657
-0.000711426
-0.00115035
-0.00155469
-0.00192287
-0.00225346
-0.00254557
-0.00279502
-0.00300641
-0.00318053
-0.00331812
-0.00341963
-0.00348572
-0.00351652
-0.0035129
-0.0034762
-0.00340807
-0.00331413
-0.00319206
-0.00304332
-0.00286945
-0.00267218
-0.00245975
-0.00222794
-0.0019787
-0.00171378
-0.00143482
-0.00115071
-0.000856058
-0.000552998
-0.000243849
6.91066e-05
0.000376912
0.000684726
0.000990989
0.00129417
0.00159269
0.0018795
0.00215858
0.00242864
0.00268861
0.00293749
0.00317094
0.00339107
0.0035966
0.0037864
0.00395961
0.004115
0.00425315
0.004374
0.00447742
0.00456311
0.00463228
0.00468302
0.00471524
0.00472919
0.00472533
0.00470775
0.00467346
0.00462287
0.00455637
0.00447441
0.00438231
0.00427607
0.00415656
0.00402469
0.00388138
0.00373268
0.00357453
0.00340802
0.00323427
0.00305432
0.00287371
0.00268872
0.00250022
0.00230931
0.00211729
0.00192904
0.00174252
0.00155885
0.00137882
0.00120296
0.00103361
0.000869687
0.000712214
0.00056242
0.000421494
0.00029036
0.000169614
5.96105e-05
-3.93359e-05
-0.000126793
-0.000203902
-0.000268359
-0.000319717
-0.000357769
-0.000382515
-0.000397097
-0.000398558
-0.000386984
-0.000362533
-0.000325494
-0.000280076
-0.000222851
-0.000154097
-7.39827e-05
1.72751e-05
0.000115298
0.000223123
0.000339542
0.000463269
0.000593274
0.000725647
0.0008635
0.00100667
0.00115466
0.0013065
0.0014586
0.00161167
0.00176447
0.00191615
0.00206611
0.00221312
0.00235716
0.00249732
0.00263265
0.00276236
0.00288687
0.00300398
0.00311258
0.00321225
0.0033025
0.00338507
0.00345713
0.00351831
0.00356837
0.00360721
0.00363804
0.00365791
0.00366732
0.00366692
0.00365746
0.00364279
0.00361996
0.00358926
0.00355113
0.00350637
0.00345886
0.00340724
0.0033528
0.00329649
0.00323888
0.00318185
0.00312421
0.00306656
0.00300965
0.00295425
0.00290099
0.00285017
0.00280201
0.00275671
0.0027146
0.00267463
0.00263841
0.0026058
0.00257641
0.00254964
0.0025226
0.00249736
0.00247365
0.00245117
0.00242948
0.00240518
0.00238052
0.00235481
0.00232746
0.00229803
0.00226351
0.00222636
0.00218618
0.00214257
0.00209519
0.00204181
0.00198448
0.0019231
0.00185761
0.00178803
0.00171333
0.0016351
0.00155377
0.00146981
0.00138373
0.00129557
0.00120631
0.00111647
0.00102668
0.00093761
0.000850063
0.000764594
0.000681809
0.000602256
0.000526447
0.000455152
0.000388469
0.0003268
0.000270461
0.000219669
0.000174769
0.000135488
0.000101791
7.35551e-05
5.05644e-05
3.25803e-05
1.90809e-05
9.61515e-06
3.66988e-06
6.78204e-07
0
0
0
0
0
0
0
0
0
-0
-0
-0
-0
-0
-0
-0
-0
-0
-0
-0
-0
-0
-0
-0
-0
-0
-0
-0
-0
-0
-0
-0
0
0
0
0
0
0
0
0
0
0
0
0
0
0
0
0
0
0
0
0
0
0
0
0
0
0
0
0
0
0
0
0
0
0
0
0
0
0
0
0
0
0
0
0
0
0
0
0
0
0
0
0
0
0
0
0
0
0
0
0
0
-0
-0
-0
-0
-0
-0
-0
-0
-0
-0
-0
-0
-0
-0
-0
-0
-0
-0
-0
-0
-0
-0
-0
-0
-0
-0
-0
-0
0
0
0
0
0
0
0
0
0
0
0
0
0
0
0
0
0
0
0
0
0
0
0
0
0
0
0
0
0
0
0
0
0
0
0
0
0
0
0
0
0
0
0
0
0
0
0
0
0
0
0
0
0
0
0
0
0
0
0
0
0
0
0
-0
-0
-0
-0
-0
-0
-0
-0
-0
-0
-0
-0
-0
-0
-0
-0
-0
-0
-0
-0
-0
-0
-0
-0
-0
-0
-0
-0
-0
-0
-0
-0
0
0
0
0
0
0
0
0
0
0
0
0
0
0
0
0
0
0
0
0
0
0
0
0
0
0
0
0
0
0
0
0
0
0
0
0
0
0
0
0
0
0
0
0
0
0
0
0
0
0
0
0
0
0
0
0
0
0
0
0
0
0
0
0
-0
-0
-0
-0
-0
-0
-0
-0
-0
-0
-0
-0
-0
-0
-0
-0
-0
-0
-0
-0
-0
-0
-0
-0
-0
-0
-0
-0
-0
-0
-0
-0
-0
-0
-0
-0
-0
-0
-0
-0
-0
-0
-0
-0
0
0
0
0
0
0
0
0
0
0
0
0
0
0
0
0
0
0
0
0
0
0
0
0
0
0
0
0
0
0
0
0
0
0
0
0
0
0
0
0
0
0
0
0
0
0
0
0
0
0
0
0
0
0
0
0
0
0
0
0
