5.05685e-05
9.80648e-05
0.000164305
0.000250963
0.000359383
0.000490532
0.000644937
0.000822644
0.00102318
0.00124554
0.00148814
0.00174884
0.00202488
0.0023129
0.00260892
0.00290834
0.00320601
0.00349625
0.00377296
0.00402965
0.0042595
0.00445541
0.00461008
0.00471605
0.00476584
0.00475199
0.0046672
0.00450443
0.00425705
0.00391896
0.00348479
0.00295003
0.00231105
0.0015652
0.000710786
-0.000252792
-0.00132494
-0.00250368
-0.00378557
-0.00516571
-0.0066378
-0.00819427
-0.00982633
-0.0115239
-0.0132755
-0.0150683
-0.016888
-0.0187192
-0.0205459
-0.0223513
-0.0241186
-0.0258302
-0.0274683
-0.0290146
-0.0304509
-0.0317591
-0.0329215
-0.0339213
-0.0347425
-0.0353699
-0.0357891
-0.0359872
-0.0359525
-0.0356751
-0.035147
-0.0343618
-0.0333152
-0.0320045
-0.0304291
-0.0285905
-0.0264927
-0.0241416
-0.0215458
-0.018716
-0.015665
-0.0124077
-0.00896141
-0.00534509
-0.00157938
0.00231379
0.00631142
0.0103895
0.0145228
0.0186852
0.0228494
0.0269876
0.0310721
0.0350753
0.0389808
0.04278
0.0464541
0.0499843
0.0533524
0.0565406
0.0595327
0.0623132
0.0648682
0.0671847
0.0692507
0.0710555
0.0725895
0.0738445
0.0748139
0.0754925
0.0758764
0.0759632
0.0757521
0.0752438
0.0744412
0.0733484
0.0719712
0.0703168
0.0683931
0.0662095
0.0637763
0.0611052
0.0582088
0.0551009
0.0517961
0.0483096
0.0446573
0.0408561
0.0369234
0.0328778
0.0287379
0.0245231
0.0202527
0.015946
0.0116221
0.00730006
0.0029988
-0.0012631
-0.00546742
-0.0095963
-0.0136322
-0.0175582
-0.0213575
-0.0250145
-0.0285142
-0.0318432
-0.0349889
-0.03794
-0.0406859
-0.043217
-0.0455244
-0.0476006
-0.049439
-0.0510346
-0.052384
-0.0534849
-0.0543364
-0.054939
-0.0552943
-0.0554054
-0.0552762
-0.0549114
-0.0543164
-0.0534968
-0.0524593
-0.0512112
-0.0497613
-0.0481196
-0.0462975
-0.0443072
-0.0421618
-0.0398744
-0.0374585
-0.0349275
-0.0322948
-0.0295741
-0.0267789
-0.0239233
-0.0210211
-0.0180869
-0.015135
-0.0121799
-0.00923579
-0.00631637
-0.0034348
-0.000603558
0.00216549
0.00486108
0.00747257
0.00999
0.0124041
0.0147065
0.0168895
0.0189464
0.0208714
0.0226596
0.0243074
0.0258118
0.0271712
0.028384
0.0294497
0.030368
0.0311394
0.0317652
0.0322476
0.03259
0.0327964
0.0328715
0.0328208
0.0326498
0.0323651
0.0319736
0.0314827
0.0309004
0.0302345
0.0294934
0.0286851
0.0278178
0.0269
0.0259404
0.0249481
0.023932
0.0229012
0.0218643
0.02083
0.0198064
0.018801
0.0178211
0.0168731
0.0159627
0.0150946
0.014273
0.0135013
0.0127823
0.0121181
0.0115104
0.0109602
0.0104678
0.0100328
0.00965378
0.00932881
0.00905497
0.00882849
0.00864484
0.0084988
0.00838462
0.00829622
0.00822729
0.00817142
0.00812209
0.00807265
0.0080163
0.00794603
0.00785462
0.00773476
0.00757906
0.00738025
0.00713126
0.0068254
0.0064564
0.0060186
0.00550697
0.00491733
0.00424637
0.00349179
0.00265222
0.00172718
0.000716981
-0.000377304
-0.00155373
-0.00280933
-0.00413994
-0.00554008
-0.00700306
-0.00852119
-0.010086
-0.0116887
-0.0133197
-0.0149695
-0.0166275
-0.0182827
-0.0199237
-0.0215382
-0.023114
-0.0246386
-0.0260997
-0.0274851
-0.0287829
-0.0299816
-0.03107
-0.0320378
-0.0328751
-0.0335728
-0.0341224
-0.0345164
-0.0347477
-0.0348103
-0.0346992
-0.0344104
-0.0339408
-0.033289
-0.0324543
-0.0314378
-0.0302414
-0.0288687
-0.0273242
-0.0256136
-0.0237439
-0.021723
-0.0195599
-0.0172647
-0.0148485
-0.0123233
-0.00970232
-0.0069993
-0.00422903
-0.00140706
0.00145038
0.00432652
0.00720427
0.0100664
0.0128956
0.0156748
0.018387
0.0210151
0.0235426
0.0259532
0.0282312
0.0303613
0.0323289
0.0341202
0.0357219
0.0371222
0.03831
0.0392757
0.0400108
0.0405084
0.0407624
0.0407685
0.0405235
0.0400262
0.0392768
0.0382775
0.0370319
0.0355449
0.033823
0.0318737
0.0297058
0.0273297
0.0247573
0.0220017
0.0190772
0.0159994
0.0127847
0.00945037
0.00601477
0.00249691
-0.0010837
-0.00470726
-0.00835394
-0.0120038
-0.015637
-0.0192335
-0.0227732
-0.0262364
-0.0296038
-0.0328568
-0.0359773
-0.0389477
-0.041751
-0.0443708
-0.0467914
-0.0489983
-0.0509785
-0.0527207
-0.054215
-0.0554533
-0.0564285
-0.0571354
-0.0575702
-0.0577313
-0.0576189
-0.0572348
-0.0565825
-0.0556668
-0.0544941
-0.0530718
-0.0514092
-0.0495169
-0.0474071
-0.0450932
-0.0425895
-0.039911
-0.0370738
-0.0340945
-0.0309908
-0.0277808
-0.0244833
-0.0211174
-0.0177022
-0.0142571
-0.0108013
-0.00735385
-0.00393394
-0.000560417
0.00274824
0.00597405
0.00909968
0.0121087
0.0149854
0.0177154
0.0202852
0.0226822
0.024895
0.026913
0.0287268
0.0303281
0.0317103
0.0328681
0.0337979
0.0344972
0.0349648
0.0352009
0.0352066
0.0349844
0.0345384
0.0338738
0.0329975
0.031917
0.0306411
0.0291792
0.0275419
0.0257403
0.0237866
0.0216937
0.019475
0.0171445
0.0147164
0.0122055
0.00962665
0.00699495
0.00432558
0.00163359
-0.00106616
-0.00375905
-0.00643073
-0.0090672
-0.0116549
-0.014181
-0.0166332
-0.0190002
-0.0212712
-0.0234362
-0.0254857
-0.0274109
-0.0292037
-0.0308572
-0.0323656
-0.033724
-0.0349284
-0.0359758
-0.036864
-0.0375919
-0.0381592
-0.0385669
-0.0388171
-0.0389122
-0.0388557
-0.0386514
-0.038304
-0.0378187
-0.0372018
-0.0364602
-0.0356012
-0.034633
-0.0335636
-0.0324017
-0.0311561
-0.0298361
-0.0284511
-0.0270108
-0.0255249
-0.0240029
-0.0224547
-0.0208897
-0.0193173
-0.0177468
-0.0161871
-0.0146468
-0.013134
-0.0116567
-0.0102221
-0.00883715
-0.00750827
-0.00624118
-0.0050411
-0.0039128
-0.00286068
-0.00188871
-0.00100033
-0.000198223
0.000515754
0.00114051
0.0016755
0.00212055
0.00247569
0.0027413
0.00291832
0.00300841
0.00301406
0.00293834
0.00278465
0.00255646
0.0022573
0.00189088
0.00146135
0.000973361
0.000431966
-0.000157615
-0.000790282
-0.00146116
-0.00216552
-0.00289856
-0.00365527
-0.00443047
-0.00521893
-0.00601567
-0.0068161
-0.00761597
-0.00841125
-0.009198
-0.00997231
-0.0107304
-0.0114688
-0.0121845
-0.0128745
-0.0135366
-0.0141685
-0.0147679
-0.0153332
-0.0158629
-0.0163558
-0.0168113
-0.0172287
-0.0176077
-0.017948
-0.01825
-0.018514
-0.018741
-0.0189321
-0.0190881
-0.01921
-0.0192984
-0.019354
-0.0193782
-0.0193724
-0.0193386
-0.0192789
-0.019195
-0.0190887
-0.0189613
-0.0188145
-0.0186501
-0.0184699
-0.0182759
-0.0180697
-0.0178529
-0.0176267
-0.0173925
-0.0171516
-0.0169056
-0.0166558
-0.0164036
-0.0161496
-0.0158946
-0.0156391
-0.0153839
-0.0151299
-0.0148781
-0.014629
-0.0143831
-0.0141404
-0.013901
-0.0136648
-0.0134319
-0.0132027
-0.0129772
-0.0127554
-0.0125371
-0.0123217
-0.0121091
-0.011899
-0.0116917
-0.0114871
-0.0112853
-0.011086
-0.0108889
-0.0106938
-0.0105006
-0.0103093
-0.0101198
-0.00993238
-0.00974684
-0.00956309
-0.00938112
-0.00920111
-0.00902347
-0.00884876
-0.00867759
-0.0085105
-0.00834793
-0.00819027
-0.00803798
-0.00789172
-0.00775235
-0.00762091
-0.00749849
-0.00738615
-0.00728482
-0.00719532
-0.00711837
-0.00705471
-0.00700512
-0.00697045
-0.00695155
-0.00694922
-0.00696415
-0.00699689
-0.00704787
-0.00711745
-0.00720598
-0.0073138
-0.00744126
-0.00758861
-0.00775599
-0.00794336
-0.00815058
-0.00837735
-0.00862329
-0.00888789
-0.00917047
-0.00947017
-0.00978599
-0.0101168
-0.0104616
-0.0108191
-0.0111882
-0.0115676
-0.0119559
-0.0123505
-0.012744
-0.0131319
-0.0135117
-0.0138806
-0.0142364
-0.0145763
-0.0148981
-0.0151991
-0.015477
-0.0157294
-0.0159543
-0.0161498
-0.0163141
-0.0164455
-0.0165424
-0.0166036
-0.0166279
-0.0166147
-0.0165636
-0.0164746
-0.0163476
-0.0161829
-0.0159808
-0.0157422
-0.015468
-0.01516
-0.01482
-0.0144498
-0.0140515
-0.0136273
-0.0131791
-0.0127095
-0.012221
-0.0117166
-0.0111994
-0.0106722
-0.010138
-0.00959972
-0.00906005
-0.00852172
-0.00798742
-0.00745976
-0.00694117
-0.00643395
-0.00594017
-0.00546177
-0.00500055
-0.00455811
-0.00413583
-0.00373485
-0.00335599
-0.00299983
-0.00266675
-0.00235697
-0.00207058
-0.00180751
-0.00156745
-0.0013499
-0.00115414
-0.000979286
-0.000824326
-0.000688184
-0.00056972
-0.000467717
-0.000380883
-0.000307857
-0.000247241
-0.000197644
-0.000157714
-0.000126154
-0.000101729
-8.32589e-05
-6.96283e-05
-5.97982e-05
-5.28254e-05
-4.78791e-05
-4.42464e-05
-4.13321e-05
-3.86544e-05
-3.58439e-05
-3.26468e-05
-2.89286e-05
-2.46747e-05
-1.99855e-05
-1.50666e-05
-1.02181e-05
-5.82429e-06
-2.34447e-06
-3.03081e-07
-0
-0
-0
-0
-0
-0
-0
-0
-0
-0
-0
-0
-0
-0
-0
-0
-0
-0
-0
-0
-0
-0
-0
-0
-0
-0
-0
-0
-0
-0
-0
-0
-0
-0
-0
-0
-0
-0
-0
-0
-0
-0
-0
-0
-0
-0
-0
-0
-0
-0
-0
-0
-0
-0
-0
-0
-0
-0
-0
-0
-0
-0
-0
-0
-0
-0
-0
-0
-0
-0
-0
-0
-0
-0
-0
-0
-0
-0
-0
-0
-0
-0
-0
0
0
0
0
0
0
0
0
0
0
0
0
0
0
0
0
0
0
0
0
0
-0
-0
-0
-0
-0
-0
-0
-0
-0
-0
-0
-0
-0
-0
-0
-0
-0
-0
-0
-0
-0
-0
-0
-0
-0
-0
-0
-0
-0
-0
-0
-0
-0
-0
-0
-0
-0
-0
-0
-0
-0
-0
-0
-0
-0
-0
-0
-0
-0
-0
-0
-0
-0
-0
-0
-0
-0
-0
-0
-0
0
0
0
0
0
0
0
0
0
0
0
0
0
0
0
0
0
0
0
0
0
0
0
0
0
0
0
0
0
0
0
0
0
0
0
0
0
0
0
0
0
0
0
0
0
0
0
0
0
0
0
0
0
0
0
0
0
0
0
0
-0
-0
-0
-0
-0
-0
-0
-0
-0
-0
-0
-0
-0
-0
-0
0
0
0
0
0
0
0
0
0
0
0
0
0
0
0
0
0
0
0
0
0
0
0
0
0
0
0
0
0
0
0
0
0
0
0
0
0
0
0
0
0
0
0
0
0
0
0
0
0
0
0
0
0
0
0
0
0
0
0
0
0
0
0
0
0
0
0
0
0
0
0
0
0
0
0
0
0
0
0
0
0
0
0
0
0
0
0
0
0
0
0
0
0
0
9.6492e-07
8.72114e-06
2.54838e-05
5.2905e-05
9.2806e-05
0.000147145
0.000217987
0.000307469
0.000417772
0.000551071
0.000709506
0.00089514
0.00110995
0.00135582
0.00163451
0.00194761
0.00229648
0.00268216
0.00310536
0.00356647
0.00406565
0.00460283
0.00517776
0.00578984
0.00643808
0.00712104
0.00783684
0.00858334
0.00935818
0.0101588
0.0109824
0.0118258
0.0126853
0.0135568
0.014436
0.0153189
0.0162011
0.0170784
0.0179463
0.0188001
0.0196351
0.0204464
0.0212297
0.0219807
0.0226952
0.0233689
0.0239971
0.0245753
0.0250994
0.0255661
0.0259731
0.026319
0.0266023
0.0268214
0.0269747
0.0270607
0.0270786
0.0270285
0.0269115
0.0267292
0.0264831
0.0261749
0.0258066
0.0253809
0.0249011
0.0243715
0.0237967
0.0231814
0.0225309
0.0218506
0.0211464
0.0204248
0.0196925
0.0189558
0.0182207
0.0174923
0.0167764
0.0160796
0.015409
0.0147728
0.0141779
0.0136302
0.0131342
0.0126937
0.0123124
0.0119944
0.0117437
0.0115643
0.0114587
0.0114282
0.0114739
0.0116005
0.0118079
0.0120959
0.0124642
0.0129123
0.013439
0.0140428
0.0147218
0.0154741
0.0162989
0.0171941
0.0181565
0.0191815
0.0202623
0.0213943
0.0225722
0.0237918
0.0250494
0.0263394
0.0276587
0.0290016
0.030362
0.0317337
0.0331092
0.0344845
0.0358538
0.0372111
0.0385499
0.0398623
0.0411442
0.0423901
0.0435951
0.0447543
0.0458607
0.0469107
0.0478992
0.0488223
0.0496769
0.0504595
0.0511682
0.0517995
0.0523496
0.0528142
0.0531904
0.0534761
0.0536706
0.0537739
0.0537861
0.0537086
0.0535394
0.0532785
0.0529267
0.0524859
0.0519621
0.051355
0.0506674
0.0499016
0.04906
0.0481507
0.0471722
0.0461287
0.0450252
0.0438665
0.0426642
0.0414166
0.0401286
0.0388058
0.037454
0.0360869
0.034703
0.0333086
0.03191
0.0305138
0.0291342
0.0277698
0.0264269
0.0251116
0.0238301
0.0225952
0.0214064
0.0202695
0.0191905
0.0181748
0.0172321
0.016363
0.0155727
0.0148658
0.0142471
0.0137206
0.0132892
0.0129558
0.0127223
0.0125913
0.0125594
0.0126342
0.0128171
0.0131085
0.0135082
0.0140033
0.014604
0.0153083
0.0161144
0.0170195
0.0180022
0.0190759
0.0202355
0.0214753
0.0227899
0.0241502
0.0255737
0.0270537
0.0285825
0.0301522
0.031728
0.0333281
0.0349446
0.0365691
0.0381929
0.0397797
0.0413457
0.0428807
0.0443749
0.0458188
0.0471814
0.0484755
0.0496915
0.0508196
0.0518503
0.0527616
0.0535596
0.0542375
0.054789
0.0552069
0.0554833
0.0556117
0.055586
0.0554019
0.0550566
0.0545639
0.0539067
0.0530829
0.0520905
0.0509279
0.0496281
0.0481599
0.0465269
0.0447339
0.0427861
0.0407387
0.0385484
0.0362224
0.0337693
0.0311987
0.0285833
0.0258718
0.0230753
0.0202056
0.0172758
0.0143684
0.0114307
0.00847821
0.00552653
0.00259029
-0.00025061
-0.00304823
-0.00578766
-0.00845244
-0.0110247
-0.0134328
-0.0157128
-0.0178492
-0.0198279
-0.0216363
-0.023231
-0.024631
-0.0258238
-0.0267973
-0.0275396
-0.0280401
-0.0282911
-0.0282858
-0.0280189
-0.0274859
-0.0267186
-0.0256791
-0.0243667
-0.0227823
-0.0209291
-0.0188836
-0.0165799
-0.014025
-0.0112266
-0.0081937
-0.00504083
-0.00167652
0.00188464
0.0056262
0.0095304
0.0134528
0.0175008
0.0216551
0.0258952
0.0301991
0.0344093
0.0386354
0.0428528
0.0470368
0.051163
0.0550831
0.0588967
0.0625789
0.0661045
0.069448
0.072489
0.0752999
0.0778585
0.0801433
0.0821334
0.0837574
0.0850479
0.085988
0.0865626
0.0867585
0.0865692
0.0859801
0.0849827
0.0835705
0.0817396
0.0795549
0.0769525
0.0739374
0.0705165
0.0666983
0.0626167
0.0581593
0.05334
0.0481761
0.0426883
0.0370695
0.0311745
0.0250288
0.0186588
0.0120921
0.00555468
-0.00111934
-0.00789678
-0.0147424
-0.0216196
-0.0282927
-0.0349247
-0.0414799
-0.0479228
-0.0542177
-0.0601548
-0.0658733
-0.0713388
-0.0765181
-0.0813792
-0.0857673
-0.0897787
-0.0933868
-0.0965663
-0.099294
-0.101493
-0.103202
-0.104406
-0.105093
-0.105255
-0.104908
-0.104025
-0.102602
-0.100642
-0.0981497
-0.0952356
-0.0918078
-0.0878804
-0.0834702
-0.0785966
-0.0734537
-0.0678938
-0.061944
-0.0556347
-0.0489989
-0.0422916
-0.0353286
-0.028147
-0.0207853
-0.013283
-0.00592022
0.00150199
0.00894297
0.0163621
0.023719
0.0307461
0.037631
0.0443343
0.0508168
0.0570403
0.0627834
0.0681968
0.0732485
0.0779081
0.0821473
0.0858219
0.089026
0.0917391
0.0939442
0.0956274
0.0967428
0.0973177
0.0973471
0.0968287
0.0957636
0.094207
0.0921154
0.0894993
0.086372
0.0827497
0.0787806
0.0743576
0.0695056
0.064253
0.05863
0.0528569
0.0467765
0.0404211
0.0338245
0.0270229
0.020276
0.013401
0.0064376
-0.000574538
-0.00759645
-0.0143652
-0.0210685
-0.0276698
-0.0341326
-0.0404213
-0.0463035
-0.051946
-0.0573191
-0.0623948
-0.0671466
-0.0714017
-0.0752855
-0.0787786
-0.0818651
-0.0845323
-0.0866895
-0.0884094
-0.0896861
-0.0905158
-0.0908978
-0.0908266
-0.0903164
-0.0893759
-0.0880157
-0.086248
-0.0841458
-0.0816643
-0.0788215
-0.0756387
-0.0721401
-0.0684657
-0.0645272
-0.0603501
-0.0559599
-0.0513828
-0.0467949
-0.0420765
-0.0372578
-0.0323692
-0.0274406
-0.0226602
-0.0178958
-0.013174
-0.00852068
-0.00396107
0.000332792
0.00448798
0.00848532
0.0123072
0.0159371
0.0192395
0.0223189
0.0251619
0.0277578
0.0300989
0.0321018
0.0338434
0.0353233
0.0365423
0.0375024
0.038172
0.0385909
0.0387659
0.0387052
0.0384183
0.0379206
0.0372173
0.0363199
0.0352413
0.0339959
0.0326345
0.0311353
0.0295118
0.0277763
0.0259409
0.0240711
0.0221267
0.0201219
0.0180719
0.0159915
0.0139512
0.0119072
0.00987066
0.00785149
0.00585885
0.00394791
0.00207921
0.000259326
-0.00150576
-0.00321049
-0.00482018
-0.00635918
-0.00782314
-0.00920882
-0.0105146
-0.0117316
-0.0128704
-0.0139339
-0.0149253
-0.0158482
-0.0167143
-0.0175186
-0.0182644
-0.0189554
-0.0195953
-0.0202067
-0.0207754
-0.0213056
-0.0218018
-0.0222685
-0.0227272
-0.0231647
-0.0235853
-0.0239933
-0.0243936
-0.0247962
-0.025201
-0.0256123
-0.0260337
-0.0264678
-0.0268991
-0.0273469
-0.0278134
-0.0283014
-0.0288137
-0.0293073
-0.0298295
-0.0303807
-0.0309607
-0.0315686
-0.0321291
-0.0327158
-0.0333279
-0.033964
-0.0346223
-0.0352023
-0.0357986
-0.0364076
-0.0370254
-0.0376476
-0.0381595
-0.038666
-0.0391621
-0.0396425
-0.0401024
-0.04043
-0.0407282
-0.0409927
-0.0412185
-0.0414003
-0.0414452
-0.0414353
-0.0413657
-0.0412318
-0.0410288
-0.0407008
-0.040294
-0.039804
-0.0392275
-0.0385626
-0.0378069
-0.0369616
-0.0360259
-0.0349983
-0.0338767
-0.0327143
-0.0314546
-0.0300979
-0.0286461
-0.0271018
-0.0255794
-0.0239694
-0.0222735
-0.020494
-0.0186348
-0.0168612
-0.0150193
-0.0131157
-0.0111571
-0.00914982
-0.00729271
-0.00539881
-0.00347497
-0.00152929
0.000429246
0.00218733
0.00394159
0.00568507
0.00741109
0.00911264
0.0105906
0.0120285
0.0134185
0.0147524
0.0160227
0.0170677
0.0180352
0.0189186
0.0197109
0.0204053
0.0208993
0.0212848
0.0215581
0.0217163
0.0217567
0.0216515
0.0214211
0.0210615
0.0205697
0.019944
0.0192386
0.0184014
0.0174352
0.0163437
0.0151312
0.0139297
0.0126155
0.0111929
0.00966712
0.00804432
0.0065199
0.00491244
0.0032287
0.00147872
-0.000324957
-0.0019431
-0.00359177
-0.00525993
-0.00693653
-0.00861029
-0.0100353
-0.0114378
-0.0128075
-0.0141342
-0.0154088
-0.0164117
-0.0173516
-0.0182228
-0.0190202
-0.0197386
-0.0202101
-0.0205983
-0.0209006
-0.0211152
-0.0212411
-0.0211781
-0.0210298
-0.0207974
-0.0204835
-0.0200913
-0.0195919
-0.0190251
-0.0183967
-0.0177121
-0.016977
-0.0162207
-0.015423
-0.0145887
-0.0137237
-0.012834
-0.0119914
-0.0111339
-0.0102681
-0.00940047
-0.00853708
-0.0077683
-0.00700788
-0.00626012
-0.00552942
-0.00482052
-0.00422407
-0.00365172
-0.00310739
-0.00259421
-0.00211435
-0.00174136
-0.00139635
-0.00107955
-0.000791213
-0.000531627
-0.000352482
-0.000195927
-6.13233e-05
5.24151e-05
0.000146672
0.000192675
0.000226489
0.000249353
0.000262496
0.000267213
0.000251422
0.000232421
0.000211404
0.000189387
0.000167145
0.000141875
0.000118102
9.60792e-05
7.60665e-05
5.83213e-05
4.36417e-05
3.13058e-05
2.13114e-05
1.35473e-05
7.81474e-06
4.59375e-06
2.38396e-06
1.0064e-06
2.76187e-07
