-0
-0
-0
0
0
0
0
0
0
0
0
0
0
0
0
0
0
0
0
0
0
0
0
0
0
0
0
0
0
0
0
0
0
0
0
0
0
0
0
0
0
0
0
0
0
0
0
0
0
0
0
0
0
0
0
0
0
0
0
0
0
0
0
0
0
-0
-0
-0
-0
-0
-0
-0
-0
-0
-0
-0
-0
-0
-0
-0
-0
-0
-0
-0
-0
-0
-0
-0
-0
-0
-0
-0
-0
-0
-0
-0
-0
-0
-0
-0
-0
-0
-0
-0
-0
-0
-0
-0
-0
-0
-0
-0
-0
-0
0
0
0
0
0
0
0
0
0
0
0
0
0
0
0
0
0
0
0
0
0
0
0
0
0
0
0
0
0
0
0
0
0
0
0
0
0
0
0
0
0
0
0
0
0
-0
-0
-0
-0
-0
-0
-0
-0
-0
-0
-0
-0
-0
-0
-0
-0
-0
-0
-0
-0
-0
-0
-0
-0
-0
-0
-0
-0
-0
-0
-0
-0
-0
-0
-0
-0
-0
-0
-0
-0
-0
0
0
0
0
0
0
0
0
0
0
0
0
0
0
0
0
0
0
0
0
0
0
0
0
0
0
0
0
0
0
0
0
0
0
0
0
4.86396e-06
1.71698e-05
3.22882e-05
4.52245e-05
5.07048e-05
4.32649e-05
1.73429e-05
-3.26229e-05
-0.000112096
-0.000226338
-0.000380314
-0.00057859
-0.000825239
-0.00112375
-0.00147694
-0.00188688
-0.00235483
-0.00288114
-0.00346526
-0.00410561
-0.00479965
-0.00554376
-0.00633329
-0.00716255
-0.0080248
-0.00891234
-0.00981647
-0.0107276
-0.0116354
-0.0125286
-0.0133956
-0.0142239
-0.0150008
-0.0157133
-0.0163483
-0.0168925
-0.017333
-0.0176571
-0.0178524
-0.0179073
-0.0178109
-0.0175533
-0.0171256
-0.0165199
-0.0157299
-0.0147506
-0.0135785
-0.0122119
-0.0106505
-0.00889615
-0.00695229
-0.00482432
-0.00251952
-4.70817e-05
0.00258196
0.00535473
0.00825654
0.011271
0.0143803
0.0175648
0.0208038
0.0240752
0.0273562
0.0306229
0.0338509
0.0370152
0.0400909
0.0430529
0.0458765
0.0485373
0.0510118
0.0532773
0.0553122
0.0570965
0.0586114
0.05984
0.0607673
0.0613804
0.0616685
0.0616233
0.0612389
0.060512
0.0594418
0.0580304
0.0562825
0.0542055
0.0518097
0.0491078
0.046115
0.0428492
0.0393441
0.0356272
0.0317151
0.0276255
0.023377
0.0189891
0.0144822
0.009877
0.00519505
0.000458186
-0.0043114
-0.00909132
-0.013859
-0.0185921
-0.023268
-0.0278646
-0.0323599
-0.0367326
-0.0409617
-0.0450268
-0.0489086
-0.0525883
-0.0560482
-0.0592718
-0.0622437
-0.0649496
-0.0673768
-0.0695138
-0.0713508
-0.0728792
-0.0740923
-0.0749848
-0.075553
-0.0757949
-0.07571
-0.0752995
-0.0745664
-0.073515
-0.0721512
-0.0704827
-0.0685185
-0.0662691
-0.0637464
-0.0609636
-0.057935
-0.0546763
-0.051204
-0.0475357
-0.0436894
-0.0396842
-0.0355393
-0.0312748
-0.0269104
-0.0224666
-0.0179636
-0.0134214
-0.00886032
-0.00430004
0.000239854
0.00474016
0.0091821
0.0135474
0.0178181
0.0219773
0.0260082
0.0298951
0.0336229
0.0371775
0.0405457
0.0437154
0.0466753
0.0494157
0.0519277
0.054204
0.0562383
0.0580259
0.059563
0.0608473
0.061878
0.062655
0.0631798
0.0634548
0.0634835
0.0632706
0.0628214
0.0621425
0.061241
0.0601251
0.0588035
0.0572859
0.0555823
0.0537035
0.0516609
0.0494662
0.0471317
0.0446696
0.0420929
0.0394143
0.0366467
0.0338029
0.0308958
0.0279378
0.0249412
0.0219179
0.0188794
0.0158367
0.0128005
0.00978079
0.00678706
0.0038283
0.000912909
-0.00195131
-0.00475712
-0.00749791
-0.0101676
-0.0127609
-0.0152729
-0.0176994
-0.0200369
-0.0222824
-0.0244335
-0.0264885
-0.0284459
-0.030305
-0.0320653
-0.0337268
-0.0352899
-0.0367549
-0.0381227
-0.0393939
-0.0405695
-0.0416504
-0.0426374
-0.0435314
-0.0443331
-0.0450432
-0.0456624
-0.0461912
-0.0466303
-0.0469801
-0.0472411
-0.0474137
-0.0474984
-0.0474955
-0.0474052
-0.0472279
-0.0469635
-0.046612
-0.0461731
-0.0456464
-0.0450313
-0.0443268
-0.043532
-0.0426455
-0.041666
-0.040592
-0.0394222
-0.0381551
-0.0367897
-0.0353249
-0.0337601
-0.0320952
-0.0303305
-0.0284668
-0.0265055
-0.0244487
-0.0222991
-0.0200598
-0.0177347
-0.0153283
-0.0128454
-0.0102915
-0.00767242
-0.00499456
-0.00226462
0.000510285
0.00332263
0.00616452
0.00902764
0.0119033
0.0147823
0.0176551
0.0205117
0.0233416
0.026134
0.0288775
0.0315606
0.0341713
0.0366975
0.0391269
0.0414473
0.0436463
0.0457119
0.0476324
0.0493964
0.0509929
0.0524119
0.0536438
0.0546797
0.055512
0.0561335
0.0565385
0.0567217
0.0566795
0.0564088
0.0559079
0.0551761
0.0542136
0.0530219
0.0516034
0.0499616
0.0481012
0.0460277
0.0437477
0.0412688
0.0385998
0.0357501
0.0327306
0.0295526
0.0262287
0.0227723
0.0191976
0.0155197
0.0117544
0.00791824
0.00402834
0.000102356
-0.00384161
-0.00778512
-0.0117095
-0.015596
-0.0194258
-0.0231803
-0.0268412
-0.0303904
-0.0338105
-0.0370847
-0.040197
-0.043132
-0.0458756
-0.0484146
-0.0507369
-0.0528317
-0.0546894
-0.0563019
-0.0576624
-0.0587654
-0.059607
-0.0601847
-0.0604976
-0.0605461
-0.0603322
-0.0598592
-0.0591319
-0.0581566
-0.0569407
-0.0554931
-0.0538237
-0.0519437
-0.0498653
-0.0476017
-0.045167
-0.0425761
-0.0398445
-0.0369884
-0.0340244
-0.0309696
-0.0278413
-0.0246568
-0.0214337
-0.0181894
-0.0149412
-0.0117061
-0.00850086
-0.00534158
-0.00224395
0.000776963
0.00370683
0.00653208
0.00923997
0.0118187
0.0142574
0.0165461
0.0186762
0.0206398
0.0224303
0.0240423
0.0254715
0.0267146
0.0277697
0.0286359
0.0293137
0.0298044
0.0301106
0.030236
0.0301851
0.0299635
0.0295779
0.0290355
0.0283445
0.0275139
0.026553
0.0254719
0.0242813
0.0229919
0.021615
0.0201621
0.0186448
0.0170747
0.0154636
0.013823
0.0121644
0.0104989
0.00883752
0.00719072
0.00556864
0.00398093
0.00243666
0.000944358
-0.000488125
-0.0018536
-0.00314558
-0.00435834
-0.00548689
-0.00652705
-0.00747538
-0.00832927
-0.00908687
-0.00974709
-0.0103096
-0.0107748
-0.0111439
-0.0114185
-0.0116012
-0.011695
-0.0117033
-0.0116305
-0.0114809
-0.0112597
-0.0109722
-0.0106241
-0.0102215
-0.00977048
-0.00927745
-0.00874892
-0.00819143
-0.00761154
-0.00701577
-0.00641056
-0.00580218
-0.00519677
-0.00460018
-0.00401805
-0.0034557
-0.00291809
-0.00240987
-0.00193524
-0.00149802
-0.00110158
-0.000748837
-0.000442223
-0.0001837
2.5266e-05
0.000183701
0.000291125
0.000347544
0.000353441
0.000309758
0.000217879
7.96061e-05
-0.000102873
-0.00032701
-0.000589937
-0.000888496
-0.00121928
-0.00157867
-0.00196288
-0.00236799
-0.00278997
-0.00322475
-0.00366822
-0.00411631
-0.00456496
-0.0050102
-0.00544818
-0.00587517
-0.00628761
-0.00668212
-0.00705554
-0.00740492
-0.00772759
-0.00802111
-0.00828334
-0.00851244
-0.00870684
-0.00886528
-0.00898683
-0.00907085
-0.009117
-0.00912526
-0.00909589
-0.00902944
-0.00892674
-0.00878888
-0.00861721
-0.00841329
-0.0081789
-0.00791601
-0.00762676
-0.00731345
-0.00697849
-0.00662438
-0.00625374
-0.00586919
-0.00547344
-0.00506918
-0.00465912
-0.00424592
-0.00383223
-0.00342064
-0.00301367
-0.00261378
-0.00222331
-0.00184452
-0.00147954
-0.00113036
-0.000798844
-0.000486673
-0.000195369
7.37393e-05
0.00031952
0.000541052
0.000737628
0.000908765
0.0010542
0.00117389
0.00126802
0.00133696
0.00138129
0.00140178
0.00139935
0.00137509
0.0013302
0.00126603
0.00118401
0.00108565
0.000972562
0.000846383
0.00070882
0.000561609
0.000406513
0.000245309
7.97793e-05
-8.83018e-05
-0.000257179
-0.000425131
-0.000590479
-0.000751608
-0.000906974
-0.00105512
-0.0011947
-0.00132446
-0.00144328
-0.00155019
-0.00164432
-0.00172497
-0.00179157
-0.00184371
-0.0018811
-0.00190362
-0.00191127
-0.00190417
-0.00188261
-0.00184696
-0.00179773
-0.00173554
-0.00166112
-0.00157527
-0.00147892
-0.00137305
-0.00125873
-0.00113706
-0.00100923
-0.000876423
-0.000739874
-0.000600814
-0.000460477
-0.000320084
-0.000180833
-4.38927e-05
8.96083e-05
0.000218584
0.000341997
0.000458865
0.00056826
0.000669316
0.000761234
0.000843281
0.000914801
0.000975219
0.00102404
0.00106088
0.00108548
0.00109822
0.00109917
0.00108828
0.00106558
0.00103113
0.000985061
0.000927555
0.000858836
0.000779177
0.000688893
0.000588338
0.000477904
0.000358018
0.000229139
9.17643e-05
-5.35771e-05
-0.000206317
-0.000365847
-0.000531515
-0.000702623
-0.000878424
-0.00105812
-0.00124087
-0.00142577
-0.00161187
-0.00179818
-0.00198369
-0.00216732
-0.002348
-0.00252461
-0.00269606
-0.00286122
-0.00301901
-0.00316832
-0.00330811
-0.00343734
-0.00355503
-0.00366024
-0.00375209
-0.00382977
-0.00389254
-0.00393974
-0.00397079
-0.00398524
-0.00398269
-0.0039629
-0.0039257
-0.00387106
-0.00379904
-0.00370981
-0.00360368
-0.00348103
-0.00334219
-0.00318695
-0.00301605
-0.00283047
-0.00263131
-0.00241974
-0.002197
-0.00196445
-0.00172348
-0.00147558
-0.00122228
-0.000965164
-0.00070588
-0.000446088
-0.000187479
6.82563e-05
0.000319434
0.000564399
0.000801544
0.00102932
0.00124627
0.00145103
0.00164234
0.00181908
0.00198023
0.00212496
0.00225258
0.00236255
0.00245447
0.00252813
0.00258345
0.0026205
0.0026395
0.00264081
0.00262497
0.00259256
0.00254428
0.00248108
0.00240457
0.00231585
0.00221576
0.00210525
0.00198524
0.00185668
0.00172061
0.00157785
0.00142934
0.00127598
0.00111868
0.000958487
0.000796172
0.00063265
0.000468833
0.000305637
0.000144105
-1.49797e-05
-0.000170715
-0.000322215
-0.000468619
-0.000608992
-0.000742659
-0.000868887
-0.000986998
-0.00109638
-0.00119641
-0.00128669
-0.00136679
-0.00143636
-0.00149512
-0.00154282
-0.00157929
-0.00160437
-0.00161797
-0.00162
-0.00161054
-0.00158948
-0.00155683
-0.00151263
-0.00145698
-0.00139021
-0.00131223
-0.00122324
-0.00112348
-0.0010132
-0.000893131
-0.000763254
-0.000624
-0.000475846
-0.000319321
-0.000155518
1.54484e-05
0.000192772
0.000375444
0.000562391
0.000751863
0.000943315
0.00113554
0.00132731
0.00151737
0.00170381
0.00188602
0.00206277
0.00223283
0.002395
0.00254752
0.00268986
0.00282095
0.00293975
0.0030453
0.00313629
0.00321222
0.00327229
0.00331575
0.00334188
0.00335009
0.00333978
0.00331049
0.0032618
0.00319341
0.00310567
0.00299792
0.00287021
0.00272269
0.00255565
0.00237075
0.00216734
0.00194612
0.00170793
0.00145373
0.00118653
0.000905566
0.000612099
0.000307476
-6.88421e-06
-0.000326909
-0.000653648
-0.000985508
-0.00132084
-0.00165794
-0.00199204
-0.00232435
-0.00265304
-0.0029762
-0.0032919
-0.00359509
-0.00388687
-0.00416526
-0.00442829
-0.00467399
-0.00489778
-0.00510048
-0.00528031
-0.00543558
-0.0055647
-0.00566454
-0.00573538
-0.00577599
-0.00578525
-0.00576217
-0.00570591
-0.00561576
-0.00549114
-0.00533161
-0.00513689
-0.00490902
-0.00464583
-0.00434749
-0.00401436
-0.00364693
-0.00325059
-0.00282151
-0.00236073
-0.0018695
-0.00134922
-0.0008087
-0.000242513
0.000347378
0.000958827
0.00158951
0.00222763
0.00287982
0.00354325
0.00421491
0.00489165
0.00555963
0.00622593
0.00688697
0.00753906
0.00817838
0.00879063
0.0093823
0.00994941
0.010488
0.010994
0.0114548
0.0118752
0.0122515
0.0125799
0.012857
0.0130741
0.0132332
0.0133313
0.0133658
0.013334
0.0132337
0.013063
0.0128201
0.0125037
0.0121128
0.0116532
0.0111181
0.0105076
0.00982204
0.00906245
0.00824355
0.00735359
0.00639473
0.00536957
0.00428119
0.00315311
0.00196921
0.000733837
-0.000548237
-0.0018718
-0.00320613
-0.00457042
-0.00595837
-0.00736333
-0.00877835
-0.0101686
-0.0115542
-0.0129275
-0.0142807
-0.0156059
-0.0168683
-0.0180864
-0.0192521
-0.0203575
-0.0213944
-0.0223332
-0.023188
-0.0239512
-0.0246155
-0.0251739
-0.025607
-0.0259212
-0.0261106
-0.0261698
-0.0260937
-0.0258776
-0.0255181
-0.0250119
-0.0243566
-0.0235503
-0.0226061
-0.0215096
-0.0202616
-0.0188634
-0.0173175
-0.0156558
-0.0138537
-0.0119163
-0.00984945
-0.00766009
-0.00539741
-0.00302828
-0.000561893
0.00199177
0.004622
0.00726676
0.00996488
0.012704
0.0154711
0.0182528
0.020981
0.023696
0.0263834
0.0290287
0.0316171
0.0340828
0.0364623
0.0387409
0.0409042
0.042938
0.0447878
0.046481
0.048005
0.0493477
0.0504977
0.0514203
0.0521301
0.0526184
0.0528776
0.0529011
0.052681
0.0522158
0.0515024
0.0505392
0.0493257
0.047884
0.046195
0.0442622
0.0420904
0.0396855
0.0370991
0.0342956
0.0312846
0.0280774
0.024686
0.0211869
0.0175314
0.0137349
0.0098136
0.00578495
0.00174247
-0.00237059
-0.00653491
-0.0107306
-0.0149373
-0.0190554
-0.0231431
-0.0271799
-0.0311451
-0.0350181
-0.0387054
-0.0422607
-0.0456648
-0.0488991
-0.051946
-0.0547303
-0.0572943
-0.0596233
-0.0617034
-0.0635222
-0.0650329
-0.0662611
-0.0671985
-0.0678382
-0.0681746
-0.0681955
-0.067907
-0.0673083
-0.0664003
-0.0651854
-0.0636881
-0.0618936
-0.059809
-0.057443
-0.0548057
-0.0519552
-0.0488575
-0.0455265
-0.0419774
-0.0382263
-0.034358
-0.0303229
-0.0261398
-0.021828
-0.0174076
-0.0129796
-0.00848436
-0.00394268
0.000624302
0.00519545
0.00966592
0.014099
0.0184745
0.0227728
0.0269746
0.0309836
0.0348602
0.0385876
0.0421503
0.0455336
0.0486602
0.0515815
0.0542862
0.0567644
0.0590075
0.060965
0.0626739
0.0641294
0.0653279
0.0662675
0.0669277
0.0673283
0.0674708
0.0673581
0.0669942
0.0663888
0.0655434
0.0644652
0.0631623
0.0616438
0.0599458
0.0580527
0.0559756
0.0537264
0.0513177
0.0488053
0.0461593
0.0433929
0.0405199
0.0375539
0.0345629
0.0315065
0.0283982
0.0252513
0.022079
0.0189532
0.0158272
0.012713
0.00962199
0.00656509
0.00361065
0.000710229
-0.00212724
-0.0048935
-0.00758095
-0.0101302
-0.0125876
-0.0149477
-0.0172059
-0.0193579
-0.0213563
-0.0232422
-0.0250133
-0.0266678
-0.0282047
-0.0295893
-0.0308553
-0.0320028
-0.0330325
-0.0339455
-0.0347198
-0.0353804
-0.0359295
-0.0363693
-0.0367025
-0.0369183
-0.0370329
-0.0370494
-0.0369707
-0.0367998
-0.0365357
-0.0361854
-0.0357515
-0.0352369
-0.0346439
-0.0339796
-0.0332414
-0.0324314
-0.0315512
-0.0306025
-0.0295998
-0.0285313
-0.0273981
-0.0262014
-0.0249422
-0.0236427
-0.0222826
-0.0208626
-0.0193836
-0.0178466
-0.0162825
-0.0146624
-0.0129873
-0.0112585
-0.00947721
-0.00768348
-0.00584048
-0.00395006
-0.00201431
-3.55859e-05
0.0019373
0.00394759
0.00599202
0.00806697
0.0101684
0.01224
0.0143289
0.0164302
0.0185385
0.0206477
0.0226971
0.024735
0.0267547
0.0287493
0.0307115
0.0325806
0.0344024
0.0361692
0.0378731
0.0395064
0.0410144
0.0424359
0.0437629
0.0449877
0.0461026
0.047066
0.0479049
0.0486124
0.0491819
0.0496074
0.0498668
0.0499715
0.0499172
0.0497
0.0493169
0.0487703
0.0480537
0.0471662
0.0461078
0.0448791
0.0435096
0.0419737
0.0402742
0.0384151
0.0364009
0.0342875
0.0320305
0.0296368
0.0271139
0.0244703
0.0217838
0.018995
0.0161142
0.0131521
0.0101201
0.00711116
0.00405628
0.000967869
-0.00214129
-0.00525814
-0.00828435
-0.011292
-0.0142679
-0.0171991
-0.0200725
-0.0227956
-0.0254356
-0.0279805
-0.0304184
-0.0327379
-0.0348629
-0.036848
-0.0386834
-0.0403597
-0.0418684
-0.0431589
-0.0442665
-0.0451848
-0.0459082
-0.0464321
-0.0467385
-0.0468387
-0.0467309
-0.0464144
-0.0458894
-0.0451735
-0.0442526
-0.04313
-0.0418099
-0.0402978
-0.0386455
-0.0368144
-0.0348126
-0.0326488
-0.0303326
-0.0279448
-0.0254261
-0.0227879
-0.0200425
-0.0172026
-0.0143682
-0.0114658
-0.00850909
-0.00551188
-0.00248835
0.000453892
0.0033943
0.006319
0.0092142
0.0120662
0.0147725
0.0174095
0.0199649
0.0224267
0.0247835
0.0269495
0.0289894
0.0308938
0.032654
0.0342528
0.0356178
0.0367922
0.037769
0.0385429
0.0391101
0.0394455
0.0395716
0.0394897
0.0392026
0.0387146
0.0380391
0.037176
0.0361339
0.0349229
0.0335543
0.0320743
0.0304614
0.0287293
0.0268927
0.0249665
0.0230192
0.0210119
0.0189599
0.0168788
0.0147839
0.0127521
0.0107336
0.00874209
0.00679063
0.00489161
0.00311775
0.0014156
-0.000205414
-0.00173689
-0.00317145
-0.00445052
-0.00562413
-0.00668841
-0.00764057
-0.0084789
-0.00916443
-0.0097384
-0.0102023
-0.0105585
-0.0108103
-0.0109389
-0.0109738
-0.0109203
-0.0107847
-0.0105733
-0.0102842
-0.00993448
-0.00953155
-0.00908307
-0.0085967
-0.00808105
-0.00754253
-0.00698844
-0.0064258
-0.00586132
-0.00530771
-0.00476354
-0.00423412
-0.00372429
-0.00323825
-0.00278739
-0.00236572
-0.00197568
-0.00161911
-0.00129724
-0.00101695
-0.000770747
-0.000558231
-0.000378517
-0.000230253
-0.000115296
-2.67844e-05
3.76538e-05
8.06584e-05
0.000105089
0.000112622
0.000108378
9.54236e-05
7.68266e-05
5.55987e-05
3.44875e-05
1.65906e-05
4.3583e-06
0
0
0
0
0
0
0
0
0
0
0
0
0
0
0
0
0
0
0
0
0
0
0
0
0
0
0
0
0
0
0
0
0
0
0
0
0
-0
-0
-0
-0
-0
-0
-0
-0
-0
-0
-0
-0
-0
-0
-0
-0
-0
-0
-0
-0
-0
-0
-0
-0
-0
-0
-0
-0
-0
-0
-0
-0
-0
-0
-0
-0
-0
-0
-0
0
0
0
0
0
0
0
0
0
0
0
0
0
0
0
0
0
0
0
0
0
0
0
0
0
0
0
0
0
0
0
0
0
0
0
0
0
0
0
0
0
0
0
0
0
0
0
-0
-0
-0
-0
-0
-0
-0
-0
-0
-0
-0
-0
-0
-0
-0
-0
-0
-0
-0
-0
-0
-0
-0
-0
-0
-0
-0
-0
-0
-0
-0
-0
-0
-0
-0
-0
-0
-0
-0
-0
-0
-0
-0
-0
-0
-0
-0
-0
0
0
0
0
0
0
0
0
0
0
0
0
0
0
0
0
0
0
0
0
0
0
0
0
0
0
0
0
0
0
0
0
0
0
0
0
0
0
0
0
0
0
0
0
0
0
0
0
0
0
0
0
0
0
0
0
0
0
0
0
0
0
0
0
0
