0
0
0
0
0
0
0
0
0
0
0
0
0
0
0
0
0
0
0
0
0
0
0
0
0
0
0
0
0
0
0
0
0
0
0
0
0
0
0
0
0
0
0
0
0
0
0
0
0
0
0
0
0
0
0
0
0
-0
-0
-0
-0
-0
-0
-0
-0
-0
-0
-0
-0
-0
-0
-0
-0
-0
-0
-0
-0
-0
-0
-0
-0
-0
-0
-0
-0
-0
-0
-0
-0
-0
-0
-0
-0
-0
-0
-0
-0
-0
-0
-0
-0
-0
-0
-0
-0
-0
-0
-0
-0
-0
-0
-0
-0
-0
-0
-0
0
0
0
0
0
0
0
0
0
0
0
0
0
0
0
0
0
0
0
0
0
0
0
0
0
0
0
0
0
0
0
0
0
0
0
0
0
0
0
0
0
0
0
0
0
0
0
0
0
0
0
0
0
-0
-0
-0
-0
-0
-0
-0
-0
-0
-0
-0
-0
-0
-0
-0
-0
-0
-0
-0
-0
-0
-0
-0
-0
-0
-0
-0
-0
-0
-0
-0
-0
-3.98278e-05
-0.000159545
-0.000343753
-0.000574916
-0.000833805
-0.00109984
-0.00135146
-0.00156646
-0.00172242
-0.00179712
-0.00176892
-0.00161716
-0.00132253
-0.000867348
-0.00023591
0.000585168
0.0016066
0.0028361
0.00427818
0.00593401
0.0078014
0.00987483
0.0121454
0.0146008
0.0172253
0.0199996
0.0229011
0.0259044
0.028981
0.0321002
0.035229
0.0383326
0.0413747
0.0443181
0.0471254
0.0497592
0.0521828
0.0543608
0.0562596
0.0578477
0.0590959
0.0599779
0.0604705
0.0605533
0.0602095
0.0594259
0.0581934
0.0565078
0.0543696
0.0517843
0.0487624
0.0453187
0.0414725
0.0372474
0.032671
0.0277749
0.0225939
0.017166
0.0115312
0.00573211
-0.00018719
-0.00618075
-0.0122014
-0.0182016
-0.0241341
-0.0299532
-0.0356151
-0.0410785
-0.0463048
-0.0512575
-0.0559032
-0.0602108
-0.0641525
-0.0677038
-0.0708441
-0.0735571
-0.0758314
-0.0776607
-0.079044
-0.0799854
-0.0804937
-0.0805819
-0.0802669
-0.079569
-0.0785118
-0.077122
-0.0754284
-0.073462
-0.0712556
-0.0688431
-0.0662814
-0.0636211
-0.060893
-0.0581277
-0.0553547
-0.0526026
-0.0498986
-0.0472685
-0.0447365
-0.0423246
-0.0400522
-0.0379358
-0.035989
-0.0342226
-0.0326459
-0.0312661
-0.030089
-0.0291177
-0.0283524
-0.0277898
-0.0274229
-0.0272421
-0.0272353
-0.0273886
-0.0276864
-0.0281109
-0.0286419
-0.0292578
-0.0299354
-0.0306514
-0.0313824
-0.0321048
-0.0327947
-0.0334271
-0.0339761
-0.0344155
-0.0347191
-0.0348616
-0.034819
-0.0345685
-0.0340883
-0.0333576
-0.0323567
-0.031068
-0.0294759
-0.0275679
-0.0253343
-0.0227687
-0.019868
-0.0166317
-0.0130626
-0.00916653
-0.00495249
-0.000432784
0.00437693
0.00945776
0.0147879
0.0203429
0.0260963
0.0320198
0.0380828
0.0442523
0.0504923
0.056764
0.0630265
0.0692375
0.0753541
0.0813331
0.087131
0.0927031
0.0980035
0.102985
0.107602
0.111809
0.115563
0.118824
0.121556
0.123724
0.125293
0.126233
0.126514
0.126113
0.125008
0.123182
0.12062
0.117313
0.113255
0.108445
0.102885
0.0965845
0.089557
0.0818197
0.0733944
0.0643066
0.0545866
0.0442691
0.0333933
0.0220021
0.0101415
-0.00213926
-0.0147878
-0.0277481
-0.0409606
-0.054362
-0.0678867
-0.0814675
-0.0950361
-0.108523
-0.12186
-0.134976
-0.1478
-0.160263
-0.172296
-0.183832
-0.194806
-0.205153
-0.214813
-0.223725
-0.231833
-0.239083
-0.245427
-0.250818
-0.255216
-0.258583
-0.260888
-0.262104
-0.262211
-0.261196
-0.259051
-0.255774
-0.251367
-0.245838
-0.239202
-0.231481
-0.222705
-0.21291
-0.202136
-0.190429
-0.177841
-0.164427
-0.150249
-0.135372
-0.119866
-0.103805
-0.0872642
-0.0703219
-0.0530587
-0.0355579
-0.0179052
-0.000188053
0.0175057
0.0350883
0.0524723
0.0695704
0.0862955
0.102561
0.118282
0.133377
0.147765
0.161372
0.174125
0.185957
0.196803
0.206601
0.215298
0.222844
0.229199
0.234327
0.238201
0.240799
0.242106
0.242116
0.24083
0.238258
0.234416
0.229329
0.223029
0.215554
0.20695
0.19727
0.186571
0.17492
0.162383
0.149035
0.134952
0.120217
0.104916
0.0891375
0.072973
0.0565144
0.0398544
0.0230853
0.00629952
-0.0104111
-0.0269554
-0.043244
-0.0591897
-0.0747085
-0.0897198
-0.104147
-0.117919
-0.130968
-0.143233
-0.154658
-0.165193
-0.174795
-0.183427
-0.191058
-0.197662
-0.203222
-0.207727
-0.211172
-0.213559
-0.214896
-0.2152
-0.21449
-0.212794
-0.210147
-0.206586
-0.202154
-0.196899
-0.190873
-0.184134
-0.17674
-0.168758
-0.160254
-0.151297
-0.141957
-0.132304
-0.12241
-0.112348
-0.102191
-0.0920098
-0.0818755
-0.0718562
-0.0620179
-0.0524242
-0.0431361
-0.0342117
-0.0257048
-0.0176649
-0.0101371
-0.00316171
0.00322519
0.00899178
0.0141109
0.0185606
0.0223246
0.0253924
0.0277591
0.0294247
0.0303942
0.0306776
0.0302899
0.0292516
0.0275879
0.0253288
0.0225077
0.019161
0.0153283
0.0110519
0.00637692
0.00135107
-0.00397598
-0.00955324
-0.0153288
-0.0212502
-0.0272641
-0.0333172
-0.0393564
-0.0453293
-0.0511854
-0.0568758
-0.062353
-0.0675713
-0.0724868
-0.0770582
-0.0812476
-0.0850213
-0.0883501
-0.0912085
-0.0935742
-0.0954275
-0.0967515
-0.0975331
-0.0977637
-0.0974398
-0.0965627
-0.0951378
-0.0931739
-0.0906829
-0.0876798
-0.0841831
-0.0802147
-0.0758003
-0.0709687
-0.0657512
-0.0601815
-0.0542956
-0.0481316
-0.0417296
-0.0351311
-0.0283785
-0.021515
-0.0145846
-0.00763143
-0.000700439
0.00616356
0.0129163
0.019515
0.0259181
0.0320859
0.03798
0.0435631
0.0487993
0.0536551
0.0580995
0.0621052
0.0656479
0.0687064
0.0712621
0.0732988
0.0748036
0.075767
0.0761834
0.0760511
0.0753718
0.0741498
0.072392
0.0701077
0.0673093
0.0640125
0.0602364
0.0560031
0.0513374
0.0462662
0.040818
0.0350229
0.0289132
0.0225228
0.0158874
0.00904425
0.00203139
-0.00511254
-0.0123489
-0.0196392
-0.0269455
-0.03423
-0.0414553
-0.0485842
-0.0555801
-0.0624073
-0.069031
-0.0754185
-0.0815386
-0.0873625
-0.0928628
-0.0980144
-0.102794
-0.107181
-0.111157
-0.114706
-0.117816
-0.120476
-0.122677
-0.124413
-0.125679
-0.126474
-0.126801
-0.126662
-0.126065
-0.125018
-0.123533
-0.121621
-0.119299
-0.116583
-0.113493
-0.110051
-0.106279
-0.1022
-0.0978414
-0.093228
-0.0883874
-0.0833471
-0.078135
-0.0727787
-0.0673067
-0.0617479
-0.0561322
-0.0504901
-0.0448518
-0.0392461
-0.0337003
-0.0282401
-0.0228901
-0.0176743
-0.0126166
-0.0077402
-0.00306679
0.00138384
0.00559406
0.00954802
0.0132313
0.0166305
0.0197337
0.0225311
0.025015
0.0271804
0.0290241
0.0305449
0.0317427
0.0326193
0.033178
0.0334243
0.0333657
0.0330108
0.0323698
0.0314533
0.0302736
0.0288444
0.0271815
0.0253023
0.0232254
0.0209693
0.0185524
0.0159927
0.0133084
0.0105186
0.00764257
0.00470033
0.0017116
-0.00130433
-0.00432867
-0.00734286
-0.0103284
-0.0132671
-0.0161413
-0.0189344
-0.0216313
-0.024218
-0.0266815
-0.0290095
-0.0311902
-0.0332128
-0.0350677
-0.0367474
-0.038246
-0.0395591
-0.0406836
-0.0416178
-0.042361
-0.0429138
-0.0432781
-0.043457
-0.0434545
-0.0432751
-0.0429246
-0.0424093
-0.0417371
-0.0409165
-0.0399572
-0.0388692
-0.037663
-0.0363498
-0.0349409
-0.0334488
-0.0318861
-0.0302657
-0.0286003
-0.0269023
-0.0251841
-0.0234578
-0.0217359
-0.0200306
-0.0183539
-0.016717
-0.0151303
-0.0136036
-0.0121463
-0.0107673
-0.00947489
-0.00827648
-0.00717811
-0.0061846
-0.00529983
-0.00452712
-0.00386954
-0.00332985
-0.00291016
-0.00261153
-0.00243375
-0.00237541
-0.00243413
-0.00260694
-0.0028905
-0.00328121
-0.00377516
-0.004368
-0.00505483
-0.00583004
-0.00668711
-0.00761868
-0.00861664
-0.00967267
-0.0107787
-0.0119273
-0.0131117
-0.0143254
-0.0155617
-0.016813
-0.0180713
-0.0193283
-0.0205761
-0.0218077
-0.0230166
-0.0241966
-0.0253414
-0.0264443
-0.0274987
-0.0284984
-0.0294382
-0.0303137
-0.0311209
-0.0318558
-0.0325144
-0.0330931
-0.0335889
-0.0340002
-0.0343264
-0.0345675
-0.0347239
-0.0347954
-0.0347822
-0.0346845
-0.0345034
-0.0342406
-0.0338983
-0.033479
-0.0329854
-0.0324204
-0.031787
-0.0310888
-0.0303296
-0.0295128
-0.0286421
-0.027721
-0.0267534
-0.0257441
-0.0246982
-0.0236211
-0.0225176
-0.0213916
-0.0202469
-0.019087
-0.0179165
-0.0167391
-0.0155533
-0.0143647
-0.0131791
-0.0120017
-0.0108371
-0.00969063
-0.00856817
-0.00747559
-0.00641802
-0.00539921
-0.00442164
-0.0034872
-0.00259799
-0.00175666
-0.000966029
-0.000228279
0.000455699
0.00108771
0.00167142
0.00220999
0.0027056
0.00315972
0.00357382
0.00395003
0.00429126
0.0046007
0.00488108
0.00513417
0.00536089
0.00556187
0.00573815
0.00589137
0.00602338
0.00613562
0.00622862
0.00630211
0.00635566
0.00638941
0.00640437
0.00640203
0.00638362
0.0063494
0.00629862
0.00623009
0.00614299
0.00603737
0.00591396
0.00577343
0.0056156
0.00543922
0.00524243
0.00502372
0.00478263
0.00451993
0.00423688
0.00393441
0.00361236
0.00326946
0.00290363
0.00251346
0.00209794
0.00165671
0.00118972
0.000696573
0.000177251
-0.000368867
-0.000942615
-0.00154501
-0.00217751
-0.00284095
-0.00353615
-0.00426333
-0.005022
-0.00581137
-0.00663016
-0.00747758
-0.00835314
-0.00925622
-0.0101856
-0.0111391
-0.0121135
-0.0131056
-0.0141125
-0.0151309
-0.0161575
-0.0171879
-0.0182164
-0.019237
-0.0202433
-0.0212296
-0.0221866
-0.0231085
-0.023989
-0.0248198
-0.0255933
-0.026302
-0.0269403
-0.0275041
-0.0279889
-0.0283904
-0.0287019
-0.0289157
-0.0290251
-0.0290249
-0.0289138
-0.0286915
-0.0283598
-0.02793
-0.0274003
-0.0267676
-0.0260297
-0.025186
-0.0242373
-0.0231844
-0.0220278
-0.0207673
-0.0194033
-0.0179381
-0.0163759
-0.0147219
-0.0129816
-0.0111594
-0.00925874
-0.00728374
-0.00523831
-0.00312845
-0.000961109
0.00125671
0.00351728
0.00581575
0.00814552
0.0104987
0.0128659
0.0152353
0.0175994
0.0199501
0.0222798
0.0245807
0.0268415
0.0290555
0.0312131
0.0333059
0.035327
0.0372671
0.0391243
0.040892
0.0425627
0.0441288
0.0455795
0.046914
0.0481293
0.0492227
0.0501915
0.0510287
0.0517351
0.0523088
0.0527496
0.0530584
0.0532335
0.0532782
0.0531923
0.0529762
0.0526322
0.0521639
0.0515784
0.0508823
0.0500812
0.0491796
0.0481835
0.0470956
0.0459222
0.044672
0.0433537
0.0419821
0.0405578
0.0390871
0.0375759
0.036031
0.0344706
0.0328919
0.031302
0.0297065
0.0281104
0.0265335
0.0249673
0.023419
0.0218963
0.0204065
0.0189738
0.0175857
0.0162469
0.0149623
0.013737
0.0125951
0.011522
0.0105213
0.00959631
0.00874994
0.00800281
0.00734046
0.00676612
0.00628301
0.00589439
0.00561623
0.00543889
0.00536499
0.00539628
0.00553356
0.00578134
0.00613583
0.00659864
0.00717272
0.00786171
0.00866131
0.00958053
0.0106192
0.0117764
0.013051
0.0144218
0.0159107
0.0175178
0.0192419
0.0210798
0.0229914
0.0250079
0.0271251
0.0293392
0.0316457
0.0339901
0.0364124
0.0389028
0.0414513
0.0440486
0.0466296
0.0492431
0.0518796
0.0545277
0.0571748
0.0597487
0.0622956
0.0648031
0.0672584
0.0696468
0.0718994
0.074051
0.0760847
0.0779858
0.079742
0.0813058
0.0827013
0.0839149
0.084931
0.0857341
0.0862993
0.0866272
0.0867095
0.0865392
0.0861093
0.085433
0.0844828
0.0832535
0.0817428
0.079951
0.0779365
0.0756464
0.0730845
0.0702561
0.0671691
0.0639238
0.0604438
0.0567441
0.0528409
0.0487507
0.0446081
0.0403151
0.0358925
0.0313631
0.0267513
0.0222137
0.0176438
0.0130678
0.008514
0.00401262
-0.00027463
-0.00444657
-0.00847273
-0.0123239
-0.015972
-0.0192792
-0.0223278
-0.0250898
-0.0275374
-0.0296437
-0.0313124
-0.0325913
-0.0334594
-0.0338971
-0.0338871
-0.033397
-0.0324308
-0.0309776
-0.0290293
-0.0265799
-0.0236728
-0.020263
-0.0163552
-0.0119572
-0.00707983
-0.00184483
0.00384181
0.00996234
0.0164954
0.0234154
0.0305304
0.0379718
0.0457062
0.0536984
0.0619115
0.0701071
0.0784428
0.0868751
0.0953597
0.103852
0.112098
0.120264
0.128303
0.136167
0.143807
0.150981
0.157833
0.164319
0.170402
0.176043
0.181062
0.185567
0.189525
0.192905
0.195678
0.197748
0.199174
0.199941
0.20004
0.199463
0.198214
0.196286
0.193688
0.190428
0.186521
0.182073
0.177017
0.171376
0.165184
0.158475
0.151448
0.143985
0.136131
0.127931
0.119433
0.110892
0.102157
0.0932834
0.0843257
0.07534
0.0665987
0.0579416
0.0494256
0.0411069
0.0330395
0.0254669
0.0182406
0.0114026
0.00499384
-0.0009449
-0.00623498
-0.0109797
-0.0151494
-0.018722
-0.0216822
-0.0239579
-0.025604
-0.0266153
-0.0269891
-0.0267276
-0.0258631
-0.024388
-0.0223246
-0.0197
-0.0165449
-0.0129947
-0.00898438
-0.00455538
0.000246118
0.00536984
0.0106055
0.0160567
0.0216685
0.027384
0.0331448
0.038712
0.0442047
0.0495639
0.0547313
0.0596503
0.064105
0.0682027
0.0718927
0.0751272
0.0778623
0.0799541
0.0814718
0.0823838
0.0826624
0.0822845
0.0812143
0.0794627
0.0770288
0.0739185
0.0701419
0.0657916
0.0608062
0.0552087
0.049029
0.0423051
0.035253
0.0277519
0.0198553
0.0116194
0.00310334
-0.00539162
-0.0140364
-0.0227593
-0.0314849
-0.0401364
-0.0483724
-0.0563828
-0.0640929
-0.0714277
-0.0783113
-0.0844269
-0.0899434
-0.0947915
-0.0989053
-0.102223
-0.10452
-0.105912
-0.106353
-0.105801
-0.104221
-0.101531
-0.0977609
-0.0928966
-0.0869298
-0.0798603
-0.0717833
-0.0626258
-0.0524096
-0.0411628
-0.0289202
-0.0159544
-0.00208151
0.012644
0.0281605
0.0444001
0.0609344
0.0780387
0.0956284
0.113613
0.131897
0.149949
0.168104
0.186264
0.20433
0.222201
0.239318
0.256032
0.272239
0.287835
0.30272
0.316387
0.329158
0.340951
0.351684
0.361281
0.36937
0.376186
0.381672
0.385779
0.388461
0.389539
0.389132
0.38722
0.383796
0.378858
0.372452
0.364554
0.355186
0.344378
0.332169
0.318835
0.304205
0.288344
0.271323
0.253219
0.234506
0.214881
0.194439
0.173277
0.151498
0.12971
0.107512
0.0850082
0.0623049
0.0395117
0.0172933
-0.00479107
-0.026631
-0.0481186
-0.0691498
-0.0890935
-0.108384
-0.126927
-0.144632
-0.16141
-0.176738
-0.190985
-0.204083
-0.215972
-0.226595
-0.235607
-0.24326
-0.249518
-0.254355
-0.257753
-0.259583
-0.259962
-0.258896
-0.256396
-0.252483
-0.247253
-0.240673
-0.232783
-0.223633
-0.213277
-0.202015
-0.189671
-0.176316
-0.162024
-0.146872
-0.131313
-0.115057
-0.0981904
-0.0808022
-0.0629836
-0.0452764
-0.0273224
-0.00921221
0.00896365
0.0271148
0.0446848
0.0620533
0.079136
0.0958517
0.112123
0.127453
0.142197
0.156289
0.169668
0.182274
0.193722
0.204302
0.213975
0.22271
0.23048
0.237052
0.242619
0.247171
0.250702
0.253214
0.254639
0.255061
0.254494
0.252955
0.250472
0.247132
0.242917
0.23787
0.232036
0.225462
0.21836
0.210614
0.202276
0.193403
0.184054
0.174524
0.16464
0.154461
0.144046
0.133454
0.123007
0.1125
0.101992
0.0915369
0.0811884
0.0712477
0.0615125
0.0520294
0.0428432
0.0339958
0.0257308
0.0178747
0.0104546
0.00349356
-0.00298884
-0.00883531
-0.0141727
-0.0189907
-0.0232826
-0.0270453
-0.0302107
-0.0328509
-0.0349727
-0.0365874
-0.037711
-0.03836
-0.0385625
-0.0383449
-0.0377352
-0.0367619
-0.0354971
-0.0339279
-0.0320859
-0.0300052
-0.0277209
-0.0253336
-0.0228122
-0.0201895
-0.0174978
-0.0147695
-0.0120992
-0.00945616
-0.00687093
-0.00437207
-0.00198593
0.0002254
0.00227774
0.00415048
0.0058246
0.00728335
0.00851193
0.00950128
0.0102448
0.010739
0.0109832
0.0110163
0.0108047
0.0103549
0.00967661
0.00878191
0.00775162
0.00653518
0.00514997
0.00361532
0.00195234
0.000262841
-0.00150072
-0.00330798
-0.00512819
-0.00693123
-0.0086268
-0.0102499
-0.0117747
-0.0131759
-0.0144288
-0.0154871
-0.0163525
-0.0170058
-0.0174298
-0.0176105
-0.0175682
-0.0172634
-0.0166932
-0.0158587
-0.0147654
-0.0135111
-0.0120167
-0.0102967
-0.00836784
-0.00624898
-0.00409569
-0.00179171
0.000638236
0.00316794
0.00577007
0.0082579
0.0107684
0.0132724
0.0157402
0.0181426
0.0202956
0.0223383
0.0242484
0.0260062
0.0275942
0.0288676
0.0299505
0.0308319
0.031503
0.031958
0.0321077
0.0320466
0.0317787
0.0313109
0.0306525
0.0297752
0.0287361
0.0275505
0.0262348
0.0248066
0.0232841
0.0216857
0.0200305
0.0183383
0.016629
0.0149484
0.0132867
0.0116623
0.0100924
0.00859283
0.00721208
0.00592141
0.00473073
0.0036478
0.00267813
0.00185529
0.00114375
0.000543154
5.1341e-05
-0.000335611
-0.000604603
-0.000787149
-0.000891384
-0.000926687
-0.000903469
-0.000825637
-0.000715742
-0.000585252
-0.000445755
-0.000308749
-0.000184514
-8.56361e-05
-2.13846e-05
-0
-0
-0
-0
-0
-0
-0
-0
-0
-0
-0
-0
-0
-0
-0
-0
-0
-0
-0
-0
-0
-0
-0
-0
-0
-0
-0
-0
-0
-0
-0
0
0
0
0
0
0
0
0
0
0
0
0
0
0
0
0
0
0
0
0
0
0
0
0
0
0
0
0
0
0
0
0
0
0
0
0
0
0
0
0
0
0
0
0
0
0
0
0
-0
-0
-0
-0
-0
-0
-0
-0
-0
-0
-0
-0
-0
-0
-0
-0
-0
-0
-0
-0
-0
-0
-0
-0
-0
-0
-0
-0
-0
-0
-0
-0
-0
-0
-0
-0
-0
-0
-0
-0
-0
-0
-0
-0
-0
-0
-0
-0
-0
-0
-0
-0
-0
-0
-0
-0
-0
-0
-0
-0
-0
0
0
0
0
0
0
0
0
0
0
0
0
0
0
0
0
0
0
0
0
0
0
0
0
0
0
0
0
0
0
0
0
0
0
0
0
0
0
0
0
0
0
0
0
0
0
0
0
0
0
0
0
0
0
0
0
0
0
0
0
0
