0
0
0
0
0
0
0
0
0
0
0
0
0
0
0
0
0
0
0
0
0
0
0
0
0
-0
-0
-0
-0
-0
-0
-0
-0
-0
-0
-0
-0
-0
-0
-0
-0
-0
-0
-0
-0
-0
-0
-0
-0
-0
-0
-0
0
0
0
0
0
0
0
0
0
0
0
0
0
0
0
0
0
0
0
0
0
0
0
0
0
0
0
0
0
0
0
0
0
0
0
2.18017e-07
1.67808e-05
5.4021e-05
0.000103441
0.000156022
0.000202376
0.00023291
0.000238034
0.000208385
0.000135035
9.67095e-06
-0.000175293
-0.00042663
-0.000750224
-0.00115096
-0.00163255
-0.00219742
-0.00284652
-0.00357936
-0.00439395
-0.00528694
-0.00625365
-0.00728812
-0.0083832
-0.00953052
-0.0107206
-0.011943
-0.013186
-0.0144372
-0.0156828
-0.0169086
-0.0180999
-0.0192419
-0.0203199
-0.0213197
-0.0222274
-0.023029
-0.0237105
-0.0242585
-0.0246602
-0.0249041
-0.0249805
-0.024881
-0.0245987
-0.0241277
-0.023463
-0.0226005
-0.0215374
-0.0202721
-0.0188046
-0.0171366
-0.0152711
-0.0132126
-0.010967
-0.00854111
-0.00594236
-0.00317848
-0.000257578
0.0028116
0.00601917
0.00935386
0.0128032
0.0163541
0.0199936
0.0237093
0.0274894
0.031322
0.0351943
0.0390924
0.0430015
0.046906
0.0507904
0.0546396
0.058439
0.062174
0.0658307
0.0693951
0.072854
0.0761945
0.079404
0.0824694
0.0853777
0.0881153
0.0906693
0.0930269
0.0951765
0.0971066
0.098806
0.100263
0.101465
0.102402
0.103104
0.103577
0.10381
0.10379
0.103505
0.102941
0.102087
0.100933
0.0994699
0.09769
0.0955854
0.0931479
0.0903689
0.0872403
0.0837544
0.0799055
0.0756892
0.0711036
0.0661489
0.0608278
0.0551449
0.0491063
0.0427192
0.0359913
0.0289312
0.021549
0.0138573
0.00587211
-0.00238726
-0.0108985
-0.0196371
-0.0285769
-0.0376903
-0.0469479
-0.0563185
-0.0657694
-0.0752669
-0.0847758
-0.0942597
-0.10368
-0.112994
-0.122159
-0.131127
-0.139855
-0.148297
-0.156414
-0.164167
-0.171518
-0.178424
-0.184846
-0.190739
-0.196063
-0.200778
-0.204848
-0.208239
-0.21092
-0.212862
-0.214037
-0.214423
-0.214003
-0.212763
-0.210694
-0.20779
-0.204048
-0.199468
-0.194053
-0.187813
-0.180761
-0.172917
-0.164303
-0.154944
-0.14487
-0.134114
-0.122713
-0.110709
-0.0981444
-0.0850673
-0.071527
-0.0575767
-0.0432733
-0.0286768
-0.0138499
0.00114362
0.0162396
0.0313736
0.0464801
0.0614925
0.0763428
0.0909625
0.105283
0.119238
0.13276
0.145782
0.158239
0.170065
0.181196
0.191574
0.201146
0.209865
0.217689
0.224579
0.2305
0.235417
0.239303
0.242137
0.243903
0.244593
0.244202
0.242734
0.240196
0.236604
0.231977
0.226344
0.219737
0.21219
0.203743
0.194437
0.184318
0.173439
0.161855
0.149628
0.13682
0.123496
0.109724
0.0955689
0.0811011
0.0663902
0.0515067
0.0365202
0.0214997
0.00651355
-0.00837043
-0.0230848
-0.0375636
-0.0517434
-0.0655642
-0.0789703
-0.0919097
-0.104334
-0.116196
-0.127454
-0.138068
-0.148006
-0.157238
-0.165739
-0.173488
-0.180467
-0.186661
-0.192057
-0.196654
-0.200451
-0.203458
-0.205688
-0.207159
-0.207891
-0.207906
-0.207229
-0.205887
-0.203909
-0.201326
-0.198172
-0.194483
-0.190298
-0.185658
-0.180608
-0.175194
-0.169461
-0.163456
-0.15722
-0.150798
-0.144231
-0.137559
-0.130822
-0.124057
-0.117301
-0.110588
-0.103949
-0.0974125
-0.0910073
-0.0847584
-0.0786891
-0.0728201
-0.0671686
-0.0617482
-0.0565685
-0.0516354
-0.0469509
-0.0425139
-0.0383211
-0.0343675
-0.0306466
-0.0271501
-0.0238679
-0.0207871
-0.0178914
-0.0151619
-0.0125767
-0.0101124
-0.00774473
-0.00544907
-0.00320125
-0.000977763
0.00124412
0.00348635
0.00577018
0.00811623
0.0105444
0.0130739
0.0157226
0.0185071
0.0214423
0.024541
0.0278137
0.0312681
0.0349085
0.0387353
0.0427449
0.04693
0.05128
0.0557822
0.0604217
0.0651815
0.0700422
0.0749819
0.0799762
0.0849987
0.0900215
0.0950155
0.0999496
0.10479
0.1095
0.114039
0.118365
0.122435
0.126207
0.12964
0.132694
0.135332
0.137517
0.139214
0.14039
0.141016
0.141064
0.14051
0.139331
0.137505
0.135015
0.131844
0.127979
0.123411
0.118136
0.112152
0.105464
0.098081
0.0900168
0.0812921
0.0719333
0.0619715
0.0514418
0.0403827
0.0288357
0.0168451
0.00445812
-0.00827533
-0.0213029
-0.0345701
-0.0480197
-0.0615921
-0.0752242
-0.0888501
-0.102402
-0.115809
-0.129002
-0.141909
-0.15446
-0.166582
-0.178204
-0.189255
-0.199668
-0.209379
-0.218328
-0.22646
-0.233725
-0.240077
-0.245476
-0.249888
-0.253286
-0.255648
-0.25696
-0.257214
-0.256405
-0.254534
-0.251608
-0.24764
-0.242649
-0.236659
-0.229697
-0.221797
-0.212997
-0.203339
-0.192872
-0.18165
-0.169729
-0.15717
-0.144034
-0.130386
-0.116292
-0.101823
-0.0870507
-0.0720487
-0.0568904
-0.0416492
-0.026398
-0.0112099
0.00384214
0.0186858
0.0332507
0.0474689
0.0612755
0.0746083
0.087407
0.0996138
0.111174
0.122036
0.132155
0.141491
0.150006
0.157671
0.164457
0.17034
0.1753
0.179323
0.1824
0.184528
0.185708
0.185947
0.185255
0.183648
0.181144
0.177769
0.17355
0.168519
0.162712
0.156166
0.148922
0.141028
0.132531
0.123481
0.11393
0.103931
0.093539
0.0828087
0.071798
0.0605649
0.049167
0.0376604
0.0261004
0.0145415
0.00303799
-0.00835568
-0.0195864
-0.0306033
-0.0413593
-0.0518104
-0.0619154
-0.0716346
-0.0809296
-0.0897641
-0.0981044
-0.105921
-0.113189
-0.119887
-0.125995
-0.131497
-0.136379
-0.140629
-0.144242
-0.147213
-0.149546
-0.151244
-0.152313
-0.152761
-0.152598
-0.151839
-0.150502
-0.148605
-0.146171
-0.143222
-0.139783
-0.13588
-0.13154
-0.126795
-0.121674
-0.116211
-0.110436
-0.104384
-0.0980866
-0.0915786
-0.0848945
-0.0780691
-0.0711361
-0.0641285
-0.0570783
-0.0500174
-0.0429778
-0.0359907
-0.0290861
-0.0222924
-0.0156358
-0.00914105
-0.0028319
0.00326864
0.00913881
0.0147588
0.020111
0.0251804
0.0299534
0.0344175
0.0385612
0.0423744
0.0458491
0.0489805
0.0517658
0.0542044
0.0562963
0.0580423
0.0594443
0.0605058
0.0612331
0.0616343
0.0617189
0.0614969
0.0609783
0.0601738
0.059095
0.0577554
0.0561698
0.0543537
0.0523224
0.0500908
0.0476737
0.045087
0.0423477
0.0394736
0.0364825
0.0333911
0.030215
0.0269691
0.0236683
0.0203283
0.0169655
0.0135956
0.0102331
0.00689087
0.00358062
0.000313784
-0.00289775
-0.00604175
-0.00910651
-0.0120818
-0.0149593
-0.0177325
-0.020396
-0.0229444
-0.0253721
-0.0276737
-0.0298446
-0.0318813
-0.0337817
-0.0355445
-0.0371689
-0.0386549
-0.0400028
-0.0412138
-0.0422894
-0.0432316
-0.0440424
-0.0447242
-0.0452796
-0.0457125
-0.0460275
-0.04623
-0.0463255
-0.0463193
-0.0462163
-0.0460214
-0.0457398
-0.0453772
-0.0449393
-0.044432
-0.0438604
-0.0432294
-0.0425438
-0.0418088
-0.0410297
-0.0402112
-0.0393571
-0.0384701
-0.037552
-0.0366051
-0.0356323
-0.0346376
-0.033625
-0.0325979
-0.0315586
-0.0305077
-0.0294455
-0.0283725
-0.0272895
-0.0261975
-0.0250973
-0.0239888
-0.0228715
-0.0217451
-0.0206094
-0.019465
-0.0183123
-0.0171509
-0.0159795
-0.0147966
-0.013601
-0.0123923
-0.0111715
-0.00993923
-0.00869565
-0.00743981
-0.00617023
-0.00488591
-0.00358718
-0.00227588
-0.000954669
0.000373919
0.00170808
0.00304658
0.00438808
0.00573035
0.00707007
0.0084032
0.00972564
0.0110336
0.0123234
0.0135911
0.0148319
0.0160403
0.0172108
0.0183383
0.0194185
0.0204473
0.0214208
0.022334
0.0231817
0.0239585
0.0246598
0.0252819
0.0258216
0.026272
0.0266176
0.0268527
0.0269732
0.0269759
0.026859
0.0266217
0.0262644
0.0257881
0.0251951
0.0244888
0.023674
0.0227564
0.0217414
0.0206345
0.0194406
0.0181659
0.016818
0.0154065
0.0139424
0.0124368
0.0108998
0.00934009
0.00776588
0.00618587
0.00461008
0.00304975
0.00151649
2.12297e-05
-0.0014264
-0.00281801
-0.00414599
-0.0054031
-0.00658253
-0.00767829
-0.00868553
-0.00960055
-0.0104204
-0.0111423
-0.011764
-0.0122836
-0.0127007
-0.0130166
-0.0132344
-0.0133581
-0.0133918
-0.0133396
-0.0132056
-0.0129943
-0.0127113
-0.0123632
-0.0119571
-0.0115003
-0.0109996
-0.0104619
-0.00989377
-0.00930203
-0.00869368
-0.00807556
-0.00745405
-0.00683489
-0.00622335
-0.00562445
-0.00504303
-0.00448373
-0.00395069
-0.0034473
-0.00297608
-0.00253883
-0.00213682
-0.00177092
-0.00144169
-0.00114924
-0.000893143
-0.000672418
-0.000485594
-0.000330814
-0.000205932
-0.000108547
-3.60166e-05
1.45343e-05
4.61613e-05
6.20355e-05
6.53801e-05
5.94295e-05
4.74014e-05
3.24665e-05
1.77033e-05
6.04612e-06
2.38504e-07
0
0
0
0
0
0
0
0
0
0
0
0
0
0
0
0
0
0
0
0
0
0
0
0
0
0
0
0
0
0
0
0
0
0
0
0
0
0
0
0
0
0
0
0
0
0
-0
-0
-0
-0
-0
-0
-0
-0
-0
-0
-0
-0
-0
-0
-0
-0
-0
-0
-0
-0
-0
-0
-0
-0
-0
-0
-0
-0
0
0
0
0
0
0
0
0
0
0
0
0
0
0
0
0
0
0
0
0
0
0
0
0
0
0
0
0
0
0
0
0
0
0
0
0
0
0
0
0
0
0
0
0
0
0
-0
-0
-0
-0
-0
-0
-0
-0
-0
-0
-0
-0
-0
-0
-0
-0
-0
-0
-0
-0
-0
-0
-0
-0
-0
-0
-0
-0
-0
-0
-0
-0
-0
-4.59174e-09
-1.08388e-07
-2.87273e-07
-4.54209e-07
-5.17904e-07
-3.84531e-07
4.05788e-08
8.51137e-07
2.13787e-06
3.98626e-06
6.47476e-06
9.67281e-06
1.36394e-05
1.84217e-05
2.4053e-05
3.05523e-05
3.79231e-05
4.61532e-05
5.52145e-05
6.5062e-05
7.56336e-05
8.68464e-05
9.85981e-05
0.000110769
0.000123224
0.000135823
0.000148416
0.000160843
0.000172931
0.00018449
0.00019532
0.000205215
0.000213978
0.00022142
0.000227363
0.000231633
0.000234062
0.000234482
0.000232741
0.000228709
0.000222283
0.000213392
0.000201987
0.000188038
0.00017154
0.000152504
0.000130975
0.000107028
8.07613e-05
5.23022e-05
2.17918e-05
-1.05964e-05
-4.46523e-05
-8.01279e-05
-0.00011674
-0.000154205
-0.00019224
-0.000230571
-0.000268927
-0.000307016
-0.000344542
-0.000381175
-0.000416578
-0.000450419
-0.000482373
-0.000512155
-0.000539485
-0.000564092
-0.00058573
-0.000604169
-0.000619247
-0.000630827
-0.000638794
-0.000643042
-0.000643469
-0.000640025
-0.000632703
-0.000621558
-0.000606696
-0.000588243
-0.000566338
-0.000541108
-0.000512693
-0.000481278
-0.000447114
-0.000410508
-0.000371795
-0.000331303
-0.000289334
-0.000246196
-0.000202189
-0.000157731
-0.000113163
-6.88056e-05
-2.49861e-05
1.80938e-05
6.02346e-05
0.000101246
0.000140916
0.000178938
0.00021512
0.000249226
0.000281063
0.000310479
0.000337251
0.000361323
0.000382534
0.000400723
0.000415751
0.000427415
0.000435753
0.00044071
0.000442225
0.00044023
0.000434561
0.000425317
0.000412549
0.000396367
0.0003769
0.000354175
0.000328377
0.000299571
0.000267829
0.000233249
0.000195915
0.000156055
0.000113864
6.95492e-05
2.33275e-05
-2.45626e-05
-7.3902e-05
-0.000124467
-0.000176053
-0.000228479
-0.000281466
-0.000334917
-0.000388587
-0.000442181
-0.000495384
-0.000547685
-0.000599048
-0.00064928
-0.000698217
-0.000745685
-0.000791151
-0.0008347
-0.000876072
-0.000915018
-0.00095132
-0.000984367
-0.00101443
-0.00104138
-0.00106509
-0.00108546
-0.00110191
-0.00111485
-0.00112418
-0.00112977
-0.00113149
-0.00112876
-0.00112198
-0.00111116
-0.00109634
-0.00107758
-0.00105452
-0.00102758
-0.000996741
-0.000962002
-0.00092339
-0.000880758
-0.000834419
-0.000784482
-0.000731061
-0.000674272
-0.000614322
-0.000551307
-0.000485411
-0.000416814
-0.000345679
-0.000272576
-0.000197228
-0.000119817
-4.0574e-05
4.02217e-05
0.00012145
0.00020366
0.000286612
0.000370085
0.000453857
0.000536453
0.000618779
0.000700489
0.000781224
0.000860641
0.000936897
0.00101121
0.0010833
0.00115285
0.00121956
0.00128145
0.00133985
0.00139445
0.0014449
0.00149086
0.0015304
0.0015648
0.00159379
0.00161713
0.00163458
0.00164463
0.00164829
0.00164533
0.00163551
0.00161864
0.00159393
0.00156187
0.00152237
0.00147531
0.00142064
0.00135857
0.00128892
0.00121178
0.00112727
0.00103548
0.000937799
0.000833095
0.00072155
0.000603427
0.000479059
0.000351193
0.000217862
7.94756e-05
-6.35308e-05
-0.000210681
-0.000358091
-0.000508546
-0.000661452
-0.000816209
-0.000972211
-0.00112477
-0.00127726
-0.00142893
-0.00157898
-0.00172659
-0.00186668
-0.00200285
-0.0021344
-0.00226066
-0.00238086
-0.00249022
-0.00259191
-0.00268511
-0.0027691
-0.00284316
-0.00290365
-0.00295299
-0.0029906
-0.0030159
-0.00302838
-0.00302607
-0.00301002
-0.00297986
-0.00293525
-0.00287588
-0.0028021
-0.00271326
-0.00260938
-0.00249058
-0.00235702
-0.00221169
-0.00205199
-0.00187821
-0.00169071
-0.00149003
-0.00128184
-0.00106183
-0.000830782
-0.000589492
-0.000338818
-8.65634e-05
0.000173137
0.000439179
0.000710385
0.000985533
0.00125535
0.0015266
0.00179796
0.00206805
0.00233543
0.00259042
0.00283987
0.00308243
0.00331679
0.0035416
0.00374813
0.00394237
0.00412298
0.00428867
0.0044383
0.00456541
0.00467444
0.00476446
0.00483459
0.00488397
0.0049093
0.00491251
0.00489314
0.00485084
0.00478537
0.00469753
0.00458635
0.00445192
0.00429446
0.00411432
0.00391652
0.00369711
0.0034568
0.00319641
0.00291691
0.0026272
0.00232065
0.00199853
0.0016622
0.00131306
0.000962929
0.000603055
0.00023511
-0.000139141
-0.000517862
-0.000887594
-0.00125809
-0.00162751
-0.001994
-0.00235569
-0.00269925
-0.00303434
-0.00335915
-0.00367192
-0.00397088
-0.00424448
-0.00450095
-0.00473878
-0.00495656
-0.00515303
-0.00532006
-0.00546357
-0.00558254
-0.00567605
-0.00574328
-0.00578048
-0.00579031
-0.00577254
-0.00572709
-0.00565401
-0.00555463
-0.00542804
-0.00527465
-0.00509503
-0.00488991
-0.00466548
-0.00441745
-0.00414695
-0.00385524
-0.00354368
-0.00322252
-0.00288461
-0.00253163
-0.00216528
-0.00178733
-0.00141055
-0.0010258
-0.00063501
-0.000240186
0.000156639
0.000541667
0.000924802
0.00130421
0.00167809
0.00204463
0.00239095
0.00272639
0.0030493
0.00335815
0.00365152
0.0039191
0.00416869
0.00439916
0.00460949
0.00479873
0.00496022
0.00509927
0.00521543
0.0053084
0.00537801
0.00542193
0.00544251
0.00543995
0.00541463
0.00536701
0.00529907
0.00521012
0.00510096
0.00497256
0.00482599
0.00466693
0.0044921
0.00430276
0.0041002
0.00388577
0.00366752
0.00344032
0.00320571
0.00296526
0.00272051
0.00248052
0.0022391
0.00199763
0.00175754
0.00152028
0.00129461
0.00107448
0.000861108
0.000655571
0.000458878
0.000278024
0.00010784
-5.08789e-05
-0.000197445
-0.000331307
-0.000448023
-0.000551289
-0.000640852
-0.000716525
-0.000778211
-0.000824267
-0.00085657
-0.000875473
-0.000881445
-0.00087502
-0.000857264
-0.000828262
-0.000788671
-0.000739252
-0.000680897
-0.000616735
-0.000545667
-0.000468752
-0.000387043
-0.000301588
-0.000216392
-0.000129521
-4.20112e-05
4.50879e-05
0.000130724
0.000210975
0.000287709
0.00035995
0.000426776
0.000487352
0.000538985
0.000583022
0.000618932
0.000646238
0.000664507
0.00067291
0.000671606
0.000660416
0.000639275
0.000608222
0.000568679
0.000519527
0.000461017
0.000393491
0.000317404
0.00023622
0.0001477
5.25635e-05
-4.84258e-05
-0.000154466
-0.000260736
-0.000370313
-0.000482234
-0.000595478
-0.000708998
-0.000817485
-0.000924169
-0.00102801
-0.00112792
-0.00122281
-0.00130795
-0.00138594
-0.00145585
-0.00151681
-0.00156801
-0.00160653
-0.00163373
-0.00164887
-0.00165127
-0.00164036
-0.00161572
-0.00157703
-0.00152403
-0.00145656
-0.00137447
-0.00128021
-0.00117137
-0.00104815
-0.000910914
-0.000760127
-0.000601217
-0.000429821
-0.000246545
-5.20796e-05
0.000152771
0.000360257
0.000576247
0.000799717
0.0010296
0.00126479
0.00149617
0.00173051
0.00196655
0.00220302
0.00243862
0.00266407
0.00288615
0.00310358
0.00331511
0.00351944
0.00370835
0.00388766
0.00405628
0.00421321
0.00435744
0.00448305
0.00459416
0.00468996
0.00476977
0.00483301
0.00487693
0.00490345
0.00491226
0.00490314
0.00487596
0.00483149
0.00476907
0.00468893
0.0045914
0.0044769
0.0043497
0.00420661
0.00404836
0.0038758
0.00368984
0.00349778
0.00329425
0.00308023
0.0028567
0.00262476
0.00239362
0.00215647
0.00191459
0.0016692
0.00142148
0.00118131
0.00094097
0.000701541
0.000464125
0.000229835
8.19053e-06
-0.00020827
-0.000418634
-0.000622032
-0.000817609
-0.000997371
-0.00116768
-0.00132781
-0.00147716
-0.0016152
-0.00173641
-0.00184553
-0.00194222
-0.00202619
-0.00209718
-0.00215243
-0.00219448
-0.00222336
-0.00223917
-0.00224206
-0.00223221
-0.00220993
-0.00217554
-0.00212948
-0.00207218
-0.00200647
-0.00193046
-0.00184461
-0.0017495
-0.00164576
-0.00153841
-0.00142399
-0.00130329
-0.00117707
-0.00104602
-0.000916253
-0.000782907
-0.000646633
-0.000508127
-0.000368115
-0.000233321
-9.84309e-05
3.59003e-05
0.000169047
0.00030041
0.000423619
0.000543972
0.000661025
0.000774394
0.000883734
0.000983682
0.00107895
0.00116922
0.00125422
0.00133372
0.00140373
0.00146801
0.00152651
0.00157918
0.00162596
0.00166433
0.00169681
0.0017235
0.00174456
0.00176016
0.00176937
0.00177346
0.0017726
0.00176695
0.00175673
0.00174232
0.00172389
0.00170177
0.00167622
0.00164748
0.00161687
0.00158352
0.0015474
0.00150814
0.00146605
0.00142319
0.00137811
0.00133114
0.0012826
0.00123281
0.00118419
0.00113485
0.00108504
0.00103492
0.000984649
0.000936575
0.00088864
0.000841018
0.000793868
0.000747321
0.000703549
0.000660538
0.00061838
0.000577166
0.000536972
0.000499661
0.000463387
0.000428164
0.00039402
0.000361014
0.000330741
0.0003017
0.000273939
0.000247479
0.000222304
0.000199592
0.000178021
0.000157569
0.00013825
0.000120096
0.000104056
8.91243e-05
7.52576e-05
6.24221e-05
5.06004e-05
4.04505e-05
3.12294e-05
2.29098e-05
1.54758e-05
8.92078e-06
3.6694e-06
-7.75533e-07
-4.44792e-06
-7.38324e-06
-9.62409e-06
-1.0999e-05
-1.18305e-05
-1.2181e-05
-1.2091e-05
-1.15865e-05
-1.06343e-05
-9.36084e-06
-7.83861e-06
-6.14514e-06
-4.34982e-06
-2.55179e-06
-7.3703e-07
1.06522e-06
2.82512e-06
4.50481e-06
5.96105e-06
7.26304e-06
8.371e-06
9.25837e-06
9.91357e-06
1.02401e-05
1.0367e-05
1.03003e-05
1.00439e-05
9.60294e-06
8.9246e-06
8.11452e-06
7.19598e-06
6.19708e-06
5.15074e-06
4.07152e-06
3.03862e-06
2.0918e-06
1.27183e-06
6.20939e-07
1.82068e-07
2.25859e-09
0
0
0
0
0
0
0
0
0
0
0
0
0
0
0
0
0
0
0
0
0
0
0
0
0
0
0
0
0
0
0
0
0
0
0
0
0
0
0
0
0
0
0
0
0
0
0
0
0
0
0
0
0
0
0
0
0
0
0
0
0
0
0
0
0
0
0
-0
-0
-0
-0
-0
-0
-0
-0
-0
-0
-0
-0
-0
-0
-0
-0
-0
-0
-0
-0
