0
0
0
0
0
0
0
0
0
0
0
0
0
0
0
0
-0
-0
-0
-0
-0
-0
-0
-0
-0
-0
-0
-0
-0
-0
-0
-0
-0
-0
-0
-0
-0
-0
-0
-0
-0
-0
-0
-0
-0
-0
-0
-0
-0
-0
-0
-0
-0
-0
-0
-0
-0
-0
-0
-0
-0
0
0
0
0
0
0
0
0
0
0
0
0
0
0
0
0
0
0
0
0
0
0
0
0
0
0
0
0
0
0
0
0
0
0
0
0
0
0
0
0
0
0
0
0
0
-0
-0
-0
-0
-0
-0
-0
-0
-0
-0
-0
-0
-0
-0
-0
-0
-0
-0
-0
-0
-0
-0
-0
-0
-0
-0
-0
-0
-0
-0
-0
-0
-0
-0
-0
-0
-0
-0
-0
-0
-0
0
0
0
0
0
0
0
0
0
0
0
0
0
0
0
0
0
0
0
0
0
0
0
0
0
0
0
0
0
-0
-0
-0
-0
-0
-0
-0
-0
-0
-0
-0
-0
-0
-0
-0
-0
-0
-0
-0
-0
-0
-0
-0
-0
-0
-0
-0
-0
-0
-0
-0
-0
-0
-0
-0
-0
-0
-0
-0
0
0
0
0
0
0
0
0
0
0
0
0
0
0
0
0
0
0
0
0
0
3.71009e-07
1.52072e-06
3.42497e-06
6.03269e-06
9.26687e-06
1.30255e-05
1.71833e-05
2.15935e-05
2.60903e-05
3.0492e-05
3.46039e-05
3.82214e-05
4.11336e-05
4.31263e-05
4.3986e-05
4.35037e-05
4.14792e-05
3.77251e-05
3.20704e-05
2.43634e-05
1.44751e-05
2.30268e-06
-1.22267e-05
-2.91529e-05
-4.84806e-05
-7.01798e-05
-9.4186e-05
-0.000120401
-0.000148694
-0.000178895
-0.000210797
-0.000244153
-0.00027868
-0.000314068
-0.000349979
-0.000386062
-0.00042195
-0.00045726
-0.000491595
-0.000524543
-0.000555683
-0.000584594
-0.00061086
-0.00063408
-0.000653868
-0.000669858
-0.000681703
-0.000689078
-0.00069169
-0.000689278
-0.000681624
-0.000668556
-0.000649956
-0.000625757
-0.000595951
-0.000560582
-0.000519747
-0.000473596
-0.000422326
-0.00036619
-0.000305494
-0.000240598
-0.000171914
-9.98966e-05
-2.50366e-05
5.21457e-05
0.000131102
0.000211256
0.000291999
0.000372697
0.000452697
0.000531336
0.000607956
0.000681904
0.000752538
0.000819223
0.000881339
0.000938287
0.000989507
0.00103449
0.00107278
0.00110399
0.00112777
0.00114381
0.00115188
0.00115175
0.00114332
0.00112652
0.00110138
0.00106801
0.00102694
0.000978628
0.000923259
0.000861066
0.000792316
0.000717316
0.000636405
0.000549953
0.000458365
0.000362074
0.000261556
0.000157323
4.9922e-05
-6.00689e-05
-0.000172055
-0.000285433
-0.000399598
-0.000513942
-0.00062786
-0.000740743
-0.00085198
-0.000960963
-0.00106708
-0.00116973
-0.00126831
-0.00136223
-0.00145092
-0.00153381
-0.00161037
-0.0016801
-0.00174252
-0.0017972
-0.00184373
-0.00188176
-0.00191097
-0.00193108
-0.00194182
-0.00194299
-0.00193442
-0.00191598
-0.0018876
-0.00184929
-0.00180112
-0.00174322
-0.0016758
-0.00159908
-0.00151338
-0.00141902
-0.00131638
-0.00120589
-0.00108802
-0.000963276
-0.00083219
-0.000695341
-0.000553347
-0.000406867
-0.000256603
-0.000103294
5.2291e-05
0.000209364
0.000367127
0.000524778
0.000681513
0.00083653
0.000989022
0.00113819
0.00128321
0.0014233
0.00155764
0.00168546
0.00180596
0.00191842
0.00202212
0.00211639
0.00220061
0.0022742
0.00233663
0.00238741
0.00242614
0.00245245
0.00246607
0.0024668
0.00245449
0.00242907
0.00239055
0.00233899
0.00227453
0.00219739
0.00210784
0.00200624
0.00189297
0.00176849
0.0016333
0.00148795
0.00133308
0.00116935
0.000997527
0.000818399
0.000632813
0.000441659
0.000245871
4.64221e-05
-0.000155676
-0.000359385
-0.000563651
-0.000767412
-0.000969602
-0.00116915
-0.001365
-0.00155606
-0.00174128
-0.00191961
-0.00209005
-0.00225161
-0.00240337
-0.00254445
-0.00267402
-0.00279131
-0.00289561
-0.0029863
-0.0030628
-0.00312464
-0.0031714
-0.00320277
-0.00321851
-0.00321846
-0.00320259
-0.00317094
-0.00312364
-0.00306094
-0.00298314
-0.00289063
-0.00278388
-0.00266342
-0.00252987
-0.00238391
-0.0022263
-0.00205784
-0.0018794
-0.0016919
-0.0014963
-0.00129363
-0.00108494
-0.000871345
-0.000653984
-0.000434034
-0.000212688
8.8509e-06
0.000229376
0.000447686
0.000662591
0.00087292
0.00107752
0.00127529
0.00146512
0.001646
0.00181692
0.00197697
0.00212527
0.00226104
0.00238356
0.0024922
0.00258641
0.00266571
0.00272972
0.00277815
0.0028108
0.00282757
0.00282845
0.00281357
0.00278313
0.00273744
0.0026769
0.00260199
0.00251327
0.00241138
0.00229706
0.00217111
0.00203442
0.00188793
0.00173264
0.00156959
0.00139987
0.0012246
0.00104492
0.000861994
0.00067701
0.000491137
0.000305535
0.000121347
-6.03038e-05
-0.000238318
-0.000411622
-0.000579183
-0.000740018
-0.00089321
-0.00103791
-0.00117335
-0.00129883
-0.00141371
-0.00151744
-0.00160953
-0.00168959
-0.00175732
-0.0018125
-0.00185502
-0.00188486
-0.00190206
-0.00190677
-0.0018992
-0.00187963
-0.00184846
-0.00180613
-0.00175317
-0.00169019
-0.00161785
-0.00153685
-0.00144797
-0.00135201
-0.00124981
-0.00114225
-0.00103025
-0.000914738
-0.000796675
-0.000677008
-0.000556687
-0.000436645
-0.000317802
-0.00020106
-8.72978e-05
2.26337e-05
0.00012792
0.000227792
0.000321537
0.0004085
0.000488089
0.000559774
0.000623084
0.000677613
0.000723021
0.000759038
0.000785472
0.000802207
0.000809207
0.000806511
0.000794233
0.000772561
0.000741751
0.000702131
0.000654092
0.000598085
0.000534617
0.000464246
0.000387574
0.000305243
0.000217937
0.000126374
3.13049e-05
-6.64903e-05
-0.000166213
-0.000267053
-0.000368198
-0.00046884
-0.000568183
-0.000665445
-0.000759864
-0.000850705
-0.000937264
-0.00101888
-0.00109492
-0.00116483
-0.00122808
-0.00128421
-0.0013328
-0.00137352
-0.00140607
-0.00143023
-0.00144586
-0.00145286
-0.0014512
-0.00144091
-0.00142207
-0.00139485
-0.00135945
-0.00131617
-0.00126532
-0.00120729
-0.00114252
-0.00107145
-0.000994602
-0.000912509
-0.000825757
-0.00073496
-0.00064076
-0.000543812
-0.000444777
-0.000344324
-0.000243123
-0.000141851
-4.11825e-05
5.82168e-05
0.000155701
0.000250651
0.000342482
0.000430638
0.000514593
0.000593849
0.000667939
0.000736437
0.000798964
0.000855191
0.000904841
0.000947682
0.000983533
0.00101225
0.00103376
0.001048
0.001055
0.00105483
0.0010476
0.00103347
0.00101263
0.000985317
0.000951813
0.000912439
0.000867557
0.000817568
0.000762896
0.00070399
0.000641314
0.000575346
0.00050658
0.000435521
0.000362681
0.000288576
0.000213718
0.000138614
6.37578e-05
-1.03634e-05
-8.32758e-05
-0.000154519
-0.00022365
-0.000290245
-0.000353909
-0.00041427
-0.000470991
-0.000523767
-0.000572329
-0.000616445
-0.000655921
-0.0006906
-0.000720362
-0.000745125
-0.000764844
-0.00077951
-0.000789149
-0.000793824
-0.000793626
-0.00078868
-0.000779142
-0.000765201
-0.000747079
-0.00072503
-0.000699333
-0.000670287
-0.000638206
-0.000603416
-0.000566254
-0.000527072
-0.000486234
-0.00044411
-0.000401071
-0.00035748
-0.000313688
-0.00027004
-0.000226875
-0.000184531
-0.000143343
-0.000103634
-6.57066e-05
-2.98315e-05
3.74973e-06
3.48217e-05
6.31878e-05
8.86675e-05
0.000111099
0.000130348
0.000146316
0.000158943
0.000168205
0.000174105
0.000176665
0.000175925
0.000171947
0.000164817
0.000154653
0.000141598
0.000125819
0.000107498
8.68308e-05
6.40259e-05
3.93119e-05
1.29363e-05
-1.48383e-05
-4.37416e-05
-7.35034e-05
-0.000103857
-0.000134537
-0.000165276
-0.000195798
-0.000225828
-0.000255093
-0.000283336
-0.000310313
-0.0003358
-0.000359584
-0.000381459
-0.000401231
-0.000418724
-0.000433784
-0.000446284
-0.00045612
-0.000463203
-0.000467455
-0.000468809
-0.000467215
-0.000462653
-0.000455137
-0.000444713
-0.000431452
-0.000415444
-0.000396787
-0.000375592
-0.00035199
-0.00032613
-0.000298183
-0.000268338
-0.000236791
-0.000203745
-0.000169415
-0.000134026
-9.78185e-05
-6.10461e-05
-2.39654e-05
1.31716e-05
5.01225e-05
8.66529e-05
0.000122531
0.000157524
0.000191396
0.000223912
0.00025485
0.000283997
0.000311159
0.000336149
0.000358792
0.000378924
0.000396396
0.000411083
0.000422883
0.000431715
0.000437518
0.00044024
0.00043984
0.000436292
0.000429593
0.000419766
0.000406863
0.000390957
0.000372141
0.000350519
0.000326203
0.000299319
0.000270004
0.000238413
0.000204713
0.000169088
0.000131738
9.28734e-05
5.27143e-05
1.14865e-05
-3.05831e-05
-7.3267e-05
-0.000116336
-0.000159558
-0.000202691
-0.000245493
-0.000287721
-0.000329142
-0.000369538
-0.000408706
-0.000446449
-0.000482575
-0.000516889
-0.0005492
-0.000579329
-0.000607113
-0.000632412
-0.000655107
-0.000675096
-0.000692285
-0.000706597
-0.000724755
-0.000816402
-0.0010012
-0.00127881
-0.00164641
-0.0020988
-0.00262841
-0.00322548
-0.00387817
-0.00457279
-0.00529398
-0.00602482
-0.00674709
-0.00744152
-0.00808815
-0.00866677
-0.00915728
-0.00953997
-0.00979561
-0.00990558
-0.00985208
-0.00961856
-0.00919014
-0.00855406
-0.00769972
-0.00661861
-0.00530425
-0.00375225
-0.00196077
6.89631e-05
0.00233233
0.00482147
0.00752572
0.0104322
0.0135263
0.0167909
0.0202067
0.0237518
0.0274017
0.0311303
0.0349106
0.0387147
0.042514
0.0462783
0.0499763
0.0535757
0.0570443
0.0603513
0.0634669
0.0663627
0.0690109
0.0713839
0.0734554
0.0752009
0.0765983
0.0776291
0.0782775
0.0785298
0.0783745
0.0778021
0.0768064
0.0753847
0.0735374
0.0712678
0.0685811
0.0654844
0.0619879
0.0581054
0.0538549
0.0492581
0.0443388
0.0391222
0.0336343
0.0279033
0.0219601
0.0158391
0.00957658
0.00321038
-0.00322443
-0.00969364
-0.0161636
-0.0225997
-0.0289645
-0.0352211
-0.0413318
-0.0472611
-0.0529768
-0.0584487
-0.0636497
-0.0685527
-0.0731362
-0.0774114
-0.0813689
-0.0849983
-0.0882914
-0.0912419
-0.093844
-0.0960916
-0.0979791
-0.0995013
-0.100654
-0.101438
-0.101853
-0.101903
-0.101596
-0.100939
-0.0999401
-0.0986106
-0.0969585
-0.0949937
-0.0927274
-0.0901726
-0.0873462
-0.084262
-0.0809366
-0.0773866
-0.0736287
-0.0696839
-0.0655669
-0.0612973
-0.0568952
-0.0523805
-0.0477776
-0.0431004
-0.0383685
-0.0336018
-0.0288212
-0.0240531
-0.0193118
-0.0146158
-0.00998317
-0.0054324
-0.000988645
0.00333407
0.00751751
0.0115465
0.0154093
0.0190912
0.0225865
0.0258827
0.0289649
0.0318189
0.0344311
0.0367984
0.0389186
0.0407909
0.0424126
0.0437793
0.0448836
0.0457216
0.0462941
0.0466064
0.0466717
0.0464898
0.0460636
0.0453946
0.044485
0.0433536
0.0419988
0.0404332
0.0386679
0.0367115
0.0345893
0.0322911
0.0298289
0.0272185
0.024477
0.021643
0.018704
0.0156692
0.0125493
0.00935999
0.00614878
0.00291046
-0.000335998
-0.00357731
-0.00680493
-0.00998368
-0.013129
-0.0162234
-0.0192457
-0.0221758
-0.0249756
-0.0276583
-0.0302165
-0.0326418
-0.034922
-0.0370295
-0.0389637
-0.040715
-0.0422779
-0.0436488
-0.0448241
-0.0457923
-0.0465418
-0.0470631
-0.0473524
-0.0474339
-0.0472926
-0.0469341
-0.0463605
-0.0455702
-0.0446048
-0.0434231
-0.0420326
-0.0404439
-0.0386677
-0.0367758
-0.0347092
-0.0324732
-0.0300771
-0.0275354
-0.0249475
-0.0222515
-0.0194634
-0.0165959
-0.0136605
-0.0107604
-0.00782478
-0.00487569
-0.00193631
0.000972091
0.00374551
0.00645408
0.00908167
0.01161
0.0140192
0.0162208
0.0182662
0.020141
0.0218321
0.0233257
0.0245697
0.025585
0.0263571
0.0268747
0.0271301
0.0271261
0.0268494
0.0262931
0.0254493
0.0243108
0.0229351
0.0212606
0.0192904
0.0170294
0.0144819
0.0117695
0.00877825
0.00551385
0.00198462
-0.00179841
-0.00565459
-0.00973783
-0.014033
-0.0185231
-0.0231885
-0.0278043
-0.0325502
-0.0374024
-0.0423367
-0.0473278
-0.0521341
-0.0569421
-0.0617206
-0.0664369
-0.0710577
-0.0753519
-0.0794865
-0.0834303
-0.0871518
-0.0906192
-0.0936508
-0.096366
-0.0987359
-0.100733
-0.10233
-0.103431
-0.104083
-0.104267
-0.103962
-0.103152
-0.101849
-0.100013
-0.0976363
-0.094712
-0.0912381
-0.0873526
-0.0829232
-0.077957
-0.0724636
-0.0664558
-0.0601922
-0.0534527
-0.0462634
-0.0386544
-0.0306586
-0.0226353
-0.0142944
-0.00567323
0.00318697
0.012241
0.0210684
0.0299924
0.0389636
0.0479324
0.0568484
0.0652884
0.0735724
0.0816475
0.0894603
0.096958
0.10377
0.110167
0.116104
0.121533
0.126411
0.13048
0.133919
0.136694
0.138774
0.140132
0.140665
0.14043
0.139412
0.1376
0.134989
0.131663
0.127541
0.122634
0.116955
0.110523
0.103609
0.0959969
0.0877203
0.0788154
0.0693217
0.0596587
0.0494983
0.0388937
0.0279034
0.0165894
0.00547597
-0.00583382
-0.0172761
-0.0287857
-0.040296
-0.0512579
-0.0620853
-0.0727111
-0.0830683
-0.0930902
-0.102279
-0.111004
-0.119205
-0.126825
-0.133811
-0.139797
-0.145059
-0.149558
-0.153262
-0.156138
-0.158005
-0.158999
-0.159106
-0.158319
-0.156633
-0.154084
-0.150649
-0.146343
-0.141186
-0.135208
-0.128657
-0.121357
-0.113351
-0.104687
-0.0954144
-0.0859539
-0.0759977
-0.0656078
-0.0548513
-0.0438004
-0.0329859
-0.0220287
-0.0110042
1.34488e-05
0.0109517
0.0212677
0.0313623
0.0411632
0.0505964
0.0595886
0.0676613
0.0751624
0.0820379
0.0882395
0.0937223
0.0981654
0.101809
0.104617
0.106562
0.107623
0.107686
0.106847
0.105109
0.10248
0.0989751
0.094711
0.0896213
0.0837403
0.0771077
0.0697682
0.0620456
0.0537232
0.0448644
0.035539
0.0258208
0.0161893
0.00631456
-0.0037277
-0.0138576
-0.0239896
-0.0335691
-0.0429705
-0.0521062
-0.0608934
-0.0692548
-0.0766751
-0.0835246
-0.0897306
-0.0952196
-0.0999208
-0.103432
-0.10604
-0.107699
-0.108373
-0.108029
-0.106467
-0.103832
-0.100108
-0.095286
-0.0893687
-0.0824022
-0.0743707
-0.0652994
-0.05522
-0.044172
-0.0324451
-0.0198513
-0.00645227
0.0076843
0.0224851
0.0374538
0.052925
0.0688097
0.0850139
0.10144
0.117459
0.133504
0.149477
0.165277
0.180801
0.195385
0.209485
0.223002
0.23584
0.247908
0.258623
0.268402
0.277166
0.284845
0.291371
0.296329
0.300022
0.302406
0.303447
0.303113
0.301236
0.297951
0.293255
0.28715
0.279648
0.270853
0.260709
0.249255
0.236536
0.222606
0.207837
0.19198
0.175106
0.15729
0.138617
0.119677
0.100068
0.079893
0.0592531
0.0382525
0.0176112
-0.003181
-0.0240156
-0.0447805
-0.0653616
-0.0850001
-0.104235
-0.122965
-0.141088
-0.158508
-0.174542
-0.189685
-0.203851
-0.216956
-0.228924
-0.239238
-0.248282
-0.256002
-0.262352
-0.267293
-0.270552
-0.272353
-0.272681
-0.271529
-0.268895
-0.264772
-0.259189
-0.252168
-0.243741
-0.233945
-0.223042
-0.210865
-0.197472
-0.182929
-0.16731
-0.151103
-0.133976
-0.116013
-0.0972965
-0.0779159
-0.0585116
-0.0386347
-0.0183864
0.00213148
0.0228191
0.0429723
0.0631058
0.0831268
0.102941
0.122452
0.140978
0.159018
0.176488
0.19331
0.209406
0.224205
0.238134
0.251129
0.263131
0.274089
0.283613
0.292012
0.299253
0.305306
0.310148
0.313601
0.315823
0.316814
0.316582
0.315135
0.312518
0.308714
0.303745
0.297642
0.290445
0.282412
0.273382
0.263406
0.252538
0.240835
0.228711
0.215876
0.202396
0.18834
0.173777
0.159225
0.144311
0.129111
0.113704
0.0981638
0.0830404
0.0679263
0.0528869
0.0379872
0.0232942
0.00932292
-0.0043075
-0.0175342
-0.0302992
-0.0425489
-0.0538648
-0.0645671
-0.0746094
-0.0839484
-0.0925462
-0.100121
-0.1069
-0.112865
-0.118
-0.122286
-0.125595
-0.128029
-0.129583
-0.130259
-0.130065
-0.12904
-0.127172
-0.124478
-0.120979
-0.116702
-0.111831
-0.106246
-0.0999832
-0.0930768
-0.085562
-0.0777284
-0.0693606
-0.0605017
-0.0511997
-0.0415063
-0.03179
-0.0217868
-0.0115467
-0.00111885
0.00944808
0.0197699
0.0301347
0.0404954
0.0508047
0.0610154
0.0707666
0.0803278
0.0896559
0.0987094
0.10745
0.115584
0.123336
0.130675
0.137574
0.143971
0.149617
0.154654
0.159061
0.162816
0.165904
0.168242
0.169897
0.170871
0.171171
0.170813
0.169842
0.16825
0.166058
0.163294
0.15999
0.156296
0.152137
0.147558
0.1426
0.137307
0.131891
0.126223
0.120348
0.114313
0.108164
0.102134
0.0960709
0.0900131
0.0839991
0.0780656
0.0724244
0.0669216
0.0615849
0.0564389
0.0515056
0.0469466
0.0426303
0.038572
0.0347838
0.0312736
0.0281389
0.0252808
0.0226971
0.0203838
0.0183346
0.0165852
0.0150763
0.0137935
0.0127203
0.0118395
0.0111379
0.0105943
0.0101917
0.00991243
0.0097377
0.00962675
0.00958323
0.0095884
0.00962522
0.00967857
0.00970424
0.00972463
0.00972797
0.00970316
0.00964019
0.00950264
0.00931736
0.00908058
0.00879071
0.00844791
0.00803459
0.00757673
0.00707798
0.00654327
0.00597887
0.005383
0.00477653
0.0041686
0.00356866
0.00298627
0.00242819
0.00190793
0.00143444
0.00101622
0.000661207
0.000376268
0.000168013
4.13533e-05
0
0
0
0
0
0
0
0
0
0
0
0
0
0
0
0
0
0
0
0
0
0
0
0
0
0
0
0
0
0
0
0
0
0
0
0
0
0
0
0
0
0
0
0
0
0
0
0
0
0
0
0
0
0
0
0
0
0
0
0
0
0
0
0
0
0
0
0
0
0
0
0
0
0
0
0
0
0
0
0
0
0
0
0
0
0
0
0
0
0
0
0
0
0
0
0
0
0
0
0
0
0
0
0
0
0
0
0
0
0
0
0
0
0
0
0
0
0
0
0
0
0
0
0
0
0
0
0
0
0
0
0
0
0
0
0
0
0
0
0
0
0
0
0
0
0
0
0
0
0
0
0
0
0
0
0
0
0
0
0
0
0
0
0
0
0
0
0
0
0
0
0
0
0
0
0
0
0
0
0
0
0
0
0
0
0
0
0
0
0
0
0
0
0
0
0
0
0
0
0
0
0
0
0
0
0
0
0
0
-0
-0
-0
-0
-0
-0
-0
-0
-0
-0
-0
-0
-0
-0
-0
-0
-0
-0
-0
-0
-0
-0
-0
-0
-0
-0
-0
