0.000212472
0.000388926
0.000616166
0.00089121
0.00120995
0.00156721
0.00195678
0.00237158
0.00280366
0.00324434
0.00368425
0.00411349
0.0045217
0.00489826
0.00523243
0.00551355
0.00573122
0.00587546
0.00593689
0.00590692
0.00577786
0.00554299
0.00519665
0.00473429
0.00415259
0.00344965
0.00262519
0.00168068
0.000619466
-0.000553397
-0.0018312
-0.00320575
-0.00466735
-0.00620484
-0.00780559
-0.00945562
-0.0111398
-0.0128421
-0.0145459
-0.0162341
-0.0178888
-0.0194916
-0.0210237
-0.022466
-0.0238002
-0.025009
-0.0260765
-0.0269885
-0.027732
-0.0282947
-0.0286649
-0.0288318
-0.0287862
-0.0285207
-0.028031
-0.0273157
-0.0263761
-0.0252155
-0.0238389
-0.0222524
-0.0204631
-0.0184805
-0.0163164
-0.0139851
-0.0115033
-0.00888871
-0.00615935
-0.00333254
-0.000425176
0.00254547
0.00556077
0.0086001
0.0116412
0.0146615
0.0176393
0.0205553
0.0233927
0.0261365
0.0287724
0.0312864
0.0336644
0.0358935
0.0379634
0.0398666
0.0415989
0.0431584
0.0445438
0.0457545
0.0468026
0.047706
0.0484692
0.0490987
0.0496029
0.0499912
0.050273
0.0504566
0.05055
0.0505607
0.0504968
0.0503677
0.0501836
0.0499556
0.0496947
0.0494111
0.0491139
0.0488113
0.0485107
0.0482194
0.0479447
0.0476939
0.0474744
0.047292
0.0471511
0.0470533
0.0469978
0.0469818
0.0470011
0.0470516
0.0471296
0.0472316
0.0473537
0.0474913
0.0476377
0.0477848
0.0479226
0.0480406
0.0481275
0.0481717
0.0481616
0.0480853
0.047931
0.047687
0.0473419
0.0468845
0.0463039
0.0455894
0.0447306
0.0437175
0.0425412
0.0411946
0.0396719
0.037969
0.0360827
0.0340106
0.0317513
0.0293044
0.0266716
0.0238569
0.0208667
0.0177095
0.0143952
0.0109343
0.00733801
0.00361732
-0.000216051
-0.00414946
-0.00816884
-0.0122584
-0.0164006
-0.0205764
-0.0247655
-0.0289472
-0.0331002
-0.0372035
-0.0412354
-0.045174
-0.0489965
-0.0526798
-0.0562005
-0.059536
-0.0626643
-0.0655653
-0.0682199
-0.0706106
-0.0727213
-0.0745368
-0.0760435
-0.0772288
-0.0780813
-0.0785907
-0.0787473
-0.0785426
-0.0779693
-0.0770219
-0.0756973
-0.0739944
-0.0719141
-0.069459
-0.0666331
-0.0634424
-0.0598945
-0.0559996
-0.0517699
-0.04722
-0.0423656
-0.0372239
-0.0318131
-0.0261522
-0.0202617
-0.0141632
-0.00787922
-0.00143316
0.00515115
0.0118493
0.018636
0.0254851
0.0323692
0.03926
0.0461285
0.0529453
0.0596812
0.066307
0.0727946
0.0791166
0.0852473
0.0911621
0.096838
0.102252
0.107383
0.112207
0.116704
0.120853
0.124639
0.128046
0.131063
0.13368
0.135889
0.137681
0.139048
0.139984
0.140482
0.140539
0.140154
0.139328
0.138062
0.13636
0.134227
0.131669
0.12869
0.125299
0.1215
0.117301
0.112711
0.10774
0.1024
0.0967025
0.0906626
0.0842944
0.0776129
0.0706337
0.0633741
0.0558525
0.0480886
0.0401029
0.0319166
0.0235519
0.0150317
0.00638064
-0.00237554
-0.0112103
-0.0200972
-0.0290097
-0.0379216
-0.0468063
-0.0556356
-0.0643803
-0.07301
-0.0814943
-0.0898031
-0.0979074
-0.105779
-0.113389
-0.12071
-0.127713
-0.134373
-0.140661
-0.146553
-0.152023
-0.157048
-0.161604
-0.165668
-0.169221
-0.172243
-0.174718
-0.176633
-0.177974
-0.178729
-0.178887
-0.178441
-0.177383
-0.17571
-0.173421
-0.170518
-0.167002
-0.16288
-0.158158
-0.15285
-0.146969
-0.140535
-0.133566
-0.126082
-0.118107
-0.109662
-0.100775
-0.0914751
-0.0817954
-0.0717716
-0.0614415
-0.0508442
-0.0400203
-0.0290117
-0.0178617
-0.00661429
0.00468614
0.0159954
0.027269
0.0384619
0.0495275
0.0604183
0.0710861
0.0814834
0.0915638
0.101283
0.110599
0.119469
0.127854
0.135716
0.143017
0.149724
0.155805
0.161229
0.16597
0.170003
0.173303
0.175851
0.177633
0.178636
0.178853
0.178281
0.176919
0.174771
0.171842
0.168142
0.163686
0.15849
0.152575
0.145963
0.13868
0.130758
0.122228
0.113129
0.103501
0.0933869
0.0828319
0.0718826
0.0605878
0.0489976
0.0371638
0.025139
0.0129766
0.000730229
-0.011546
-0.0237972
-0.0359672
-0.0479993
-0.0598361
-0.0714212
-0.0826992
-0.093617
-0.104124
-0.114171
-0.123712
-0.132706
-0.141111
-0.148893
-0.15602
-0.162464
-0.168201
-0.173212
-0.177481
-0.180996
-0.183749
-0.185737
-0.186959
-0.18742
-0.187126
-0.18609
-0.184324
-0.181848
-0.178682
-0.17485
-0.170378
-0.165298
-0.159642
-0.153446
-0.146747
-0.139585
-0.132003
-0.124045
-0.115754
-0.107177
-0.0983618
-0.0893543
-0.0802023
-0.0709529
-0.0616532
-0.0523501
-0.0430897
-0.0339172
-0.0248764
-0.0160089
-0.00735423
0.00104991
0.00916781
0.0169655
0.024411
0.0314749
0.0381302
0.0443533
0.0501232
0.0554215
0.0602325
0.0645434
0.0683443
0.0716287
0.0743935
0.0766382
0.0783651
0.0795787
0.0802859
0.0804964
0.0802226
0.0794799
0.0782858
0.0766595
0.0746214
0.0721927
0.0693962
0.0662561
0.0627985
0.0590508
0.0550413
0.0507984
0.0463509
0.041727
0.0369554
0.0320647
0.0270833
0.0220388
0.0169582
0.0118671
0.00679046
0.00175285
-0.00322191
-0.00811092
-0.0128929
-0.0175486
-0.022061
-0.0264151
-0.0305972
-0.0345949
-0.0383969
-0.0419934
-0.0453764
-0.0485395
-0.0514785
-0.0541908
-0.0566749
-0.0589308
-0.06096
-0.0627649
-0.0643494
-0.0657186
-0.0668781
-0.0678349
-0.0685965
-0.0691719
-0.0695711
-0.0698047
-0.069884
-0.0698198
-0.0696227
-0.0693031
-0.0688714
-0.0683382
-0.0677146
-0.0670119
-0.066241
-0.0654127
-0.0645371
-0.0636234
-0.0626803
-0.0617158
-0.0607372
-0.0597513
-0.0587649
-0.0577844
-0.056816
-0.055865
-0.054936
-0.0540322
-0.0531557
-0.0523081
-0.0514903
-0.0507035
-0.0499483
-0.0492247
-0.0485316
-0.0478669
-0.0472278
-0.0466116
-0.0460158
-0.045438
-0.0448759
-0.0443263
-0.0437854
-0.0432491
-0.0427133
-0.0421751
-0.0416322
-0.0410826
-0.0405242
-0.039954
-0.0393687
-0.0387647
-0.0381392
-0.0374903
-0.036817
-0.036119
-0.0353961
-0.034648
-0.0338749
-0.0330772
-0.0322557
-0.0314117
-0.0305467
-0.0296626
-0.0287615
-0.0278464
-0.0269206
-0.0259881
-0.0250527
-0.0241181
-0.0231879
-0.0222658
-0.0213564
-0.0204649
-0.019597
-0.018758
-0.0179523
-0.0171834
-0.0164546
-0.0157694
-0.0151325
-0.0145492
-0.0140247
-0.0135633
-0.013168
-0.012841
-0.0125839
-0.0123992
-0.0122897
-0.0122583
-0.0123071
-0.012437
-0.0126474
-0.0129374
-0.0133064
-0.0137542
-0.0142809
-0.014886
-0.0155678
-0.0163233
-0.0171484
-0.0180393
-0.018992
-0.0200031
-0.0210689
-0.0221851
-0.0233465
-0.0245475
-0.0257823
-0.0270456
-0.0283322
-0.0296367
-0.0309534
-0.0322759
-0.0335974
-0.0349111
-0.0362104
-0.0374891
-0.0387411
-0.0399603
-0.0411408
-0.0422772
-0.0433642
-0.0443971
-0.0453714
-0.0462826
-0.0471261
-0.0478975
-0.0485933
-0.0492105
-0.0497476
-0.0502031
-0.0505759
-0.0508644
-0.0510669
-0.051182
-0.0512085
-0.0511464
-0.0509964
-0.0507594
-0.0504367
-0.0500299
-0.049541
-0.0489725
-0.0483276
-0.0476099
-0.0468231
-0.0459711
-0.0450578
-0.0440879
-0.0430663
-0.0419989
-0.0408916
-0.0397501
-0.03858
-0.0373867
-0.0361758
-0.0349536
-0.0337264
-0.0325009
-0.031283
-0.0300782
-0.0288915
-0.0277277
-0.0265918
-0.0254889
-0.0244244
-0.0234033
-0.02243
-0.0215084
-0.0206412
-0.0198229
-0.0190556
-0.0183433
-0.0176895
-0.0170966
-0.0165661
-0.0160987
-0.0156944
-0.0153526
-0.0150718
-0.0148499
-0.0146839
-0.0145708
-0.0145072
-0.0144894
-0.0145136
-0.0145754
-0.0146698
-0.0147911
-0.0149335
-0.0150915
-0.0152597
-0.0154328
-0.015606
-0.0157742
-0.0159327
-0.0160768
-0.0162026
-0.0163063
-0.0163847
-0.0164345
-0.0164529
-0.0164374
-0.0163861
-0.0162981
-0.0161732
-0.0160116
-0.0158137
-0.0155799
-0.0153107
-0.0150073
-0.0146715
-0.0143057
-0.0139126
-0.013495
-0.0130556
-0.012597
-0.0121219
-0.0116334
-0.0111349
-0.0106299
-0.0101217
-0.0096132
-0.00910696
-0.0086052
-0.00811007
-0.00762366
-0.007148
-0.00668485
-0.00623571
-0.00580174
-0.00538385
-0.00498279
-0.00459912
-0.00423319
-0.00388508
-0.00355465
-0.00324158
-0.00294547
-0.00266593
-0.00240255
-0.00215487
-0.00192238
-0.00170447
-0.00150053
-0.00131002
-0.0011325
-0.000967676
-0.000815339
-0.000675365
-0.000547708
-0.000432424
-0.000329696
-0.000239841
-0.000163301
-0.000100619
-5.24203e-05
-1.94016e-05
-2.31955e-06
-0
-0
-0
-0
-0
-0
-0
-0
-0
-0
-0
-0
-0
-0
-0
-0
-0
-0
-0
-0
-0
-0
-0
-0
-0
-0
-0
-0
-0
-0
-0
-0
-0
-0
-0
-0
-0
-0
-0
-0
-0
-0
-0
-0
-0
-0
-0
-0
-0
-0
-0
-0
-0
-0
-0
-0
-0
-0
0
0
0
0
0
0
0
0
0
0
0
0
0
0
0
0
0
0
0
0
0
0
0
-0
-0
-0
-0
-0
-0
-0
-0
-0
-0
-0
-0
-0
-0
-0
-0
-0
-0
-0
-0
-0
-0
-0
-0
-0
-0
-0
-0
-0
-0
-0
-0
-0
-0
-0
-0
-0
-0
-0
-0
-0
-0
-0
-0
-0
-0
-0
-0
-0
-0
-0
-0
-0
-0
-0
-0
-0
-0
-0
0
0
0
0
0
0
0
0
0
0
0
0
0
0
0
0
0
0
0
0
0
0
0
0
0
0
0
0
0
0
0
0
0
0
0
0
0
0
0
0
0
0
0
0
0
0
0
0
0
0
0
0
0
0
0
0
0
0
0
0
0
0
0
0
0
0
0
0
0
0
0
0
0
0
0
0
0
0
0
0
0
0
0
0
0
0
0
0
0
0
0
0
0
0
0
0
0
0
0
0
0
0
0
0
0
0
0
0
0
0
0
0
0
0
0
0
0
0
0
0
0
0
0
0
0
0
0
0
0
0
0
0
0
0
0
0
0
0
0
0
0
0
0
0
0
0
0
0
0
0
0
0
0
0
0
0
0
0
0
0
0
0
0
0
0
0
0
0
0
0
0
0
0
0
0
0
0
0
0
0
0
0
0
0
0
0
0
0
0
0
0
0
0
8.60384e-06
7.43303e-05
0.000207384
0.000410894
0.000687941
0.00104144
0.00147407
0.00198824
0.00258614
0.00326979
0.00404093
0.00490087
0.00585035
0.00688951
0.00801799
0.00923512
0.0105399
0.011931
0.0134065
0.0149637
0.0165994
0.0183105
0.0200938
0.021946
0.0238638
0.0258427
0.0278776
0.0299622
0.0320907
0.0342576
0.0364587
0.0386899
0.0409467
0.0432236
0.0455142
0.047812
0.0501114
0.0524081
0.0546986
0.0569804
0.0592505
0.0615057
0.063743
0.0659592
0.0681519
0.0703183
0.0724554
0.0745605
0.0766315
0.0786683
0.0806723
0.0826456
0.0845892
0.0865017
0.088379
0.090216
0.0920092
0.0937585
0.0954674
0.0971416
0.0987845
0.100397
0.101977
0.10352
0.105023
0.106482
0.107897
0.109269
0.110599
0.111888
0.113137
0.114346
0.115515
0.116642
0.117722
0.118749
0.119716
0.120619
0.12146
0.122244
0.122976
0.123661
0.124298
0.124883
0.125409
0.125874
0.126274
0.126611
0.126885
0.127097
0.127264
0.127446
0.127651
0.127884
0.128146
0.128442
0.128771
0.129134
0.12953
0.129958
0.130425
0.130936
0.131495
0.1321
0.132741
0.133419
0.134128
0.134867
0.135636
0.136428
0.137248
0.138093
0.13896
0.139844
0.140733
0.14163
0.142528
0.14342
0.144299
0.145152
0.145977
0.146768
0.147517
0.148214
0.148845
0.149399
0.149865
0.150234
0.150501
0.150666
0.150725
0.150672
0.1505
0.150202
0.149777
0.149212
0.148506
0.147657
0.146663
0.145538
0.144267
0.142853
0.141302
0.13962
0.137836
0.135935
0.133922
0.131799
0.129571
0.12727
0.124879
0.122413
0.119881
0.117295
0.114694
0.112061
0.10941
0.106755
0.104112
0.101525
0.0989805
0.0964918
0.0940721
0.0917358
0.0895194
0.0874202
0.0854555
0.0836408
0.0819896
0.0805214
0.0792391
0.0781529
0.0772723
0.0766062
0.0761524
0.0759276
0.0759383
0.0761914
0.0766935
0.0774195
0.0784044
0.0796496
0.0811543
0.0829158
0.0848766
0.0870867
0.0895406
0.0922302
0.0951444
0.0981943
0.101439
0.104864
0.108451
0.112186
0.11596
0.119845
0.123818
0.127855
0.131929
0.135917
0.139887
0.143812
0.147667
0.151426
0.154975
0.158374
0.161593
0.164603
0.167375
0.169817
0.171967
0.1738
0.175291
0.176417
0.177133
0.177435
0.177299
0.1767
0.175621
0.174078
0.172026
0.169452
0.166347
0.162705
0.158616
0.153982
0.148806
0.143093
0.136853
0.130255
0.123156
0.115576
0.10754
0.0990768
0.0904302
0.0814206
0.0720791
0.062438
0.052533
0.0426492
0.0325906
0.0224106
0.0121656
0.00191155
-0.00805003
-0.0179153
-0.0276327
-0.0371479
-0.0464036
-0.055124
-0.0634653
-0.0713683
-0.0787747
-0.0856266
-0.0917195
-0.0971443
-0.101848
-0.105781
-0.108899
-0.111119
-0.112449
-0.112854
-0.112299
-0.110753
-0.108274
-0.10476
-0.100201
-0.0945919
-0.0879348
-0.0804539
-0.0719394
-0.0624062
-0.0518763
-0.040379
-0.0282967
-0.0153236
-0.00150478
0.0131089
0.0284602
0.0440395
0.0602209
0.0769273
0.0940772
0.111586
0.128871
0.146339
0.163897
0.181449
0.198893
0.215643
0.232084
0.248118
0.263644
0.278561
0.292359
0.305346
0.317427
0.328507
0.338497
0.347043
0.354332
0.360288
0.36484
0.367924
0.369413
0.369332
0.367641
0.364303
0.359289
0.352729
0.344465
0.334503
0.32286
0.309561
0.29501
0.278867
0.261171
0.241973
0.221337
0.199911
0.177214
0.153341
0.128395
0.102479
0.0764133
0.0496032
0.0221707
-0.00575409
-0.034037
-0.0617739
-0.0895992
-0.117377
-0.144969
-0.172229
-0.198278
-0.223706
-0.248374
-0.272147
-0.294898
-0.315899
-0.335628
-0.353966
-0.370799
-0.386021
-0.399154
-0.410506
-0.420004
-0.427583
-0.433178
-0.436621
-0.437983
-0.437237
-0.434372
-0.429388
-0.422479
-0.413478
-0.402407
-0.389301
-0.374206
-0.357648
-0.339234
-0.319047
-0.297179
-0.273728
-0.249504
-0.223921
-0.197107
-0.1692
-0.140344
-0.111543
-0.0820834
-0.0521134
-0.0217849
0.00874277
0.0383934
0.0679168
0.0971541
0.125953
0.154168
0.1808
0.206573
0.231354
0.255015
0.277432
0.297782
0.316669
0.333997
0.349679
0.363634
0.375316
0.385139
0.393055
0.399028
0.403032
0.404858
0.404686
0.402514
0.398351
0.392218
0.384253
0.374394
0.362689
0.349194
0.333973
0.317479
0.299409
0.279854
0.258918
0.236708
0.213943
0.190125
0.165365
0.139775
0.113473
0.0873328
0.0607187
0.0337506
0.00654843
-0.0207682
-0.047263
-0.0736352
-0.0997687
-0.12555
-0.150869
-0.174836
-0.198145
-0.220709
-0.242444
-0.263269
-0.282428
-0.300534
-0.317525
-0.333346
-0.347944
-0.36076
-0.372269
-0.382438
-0.391246
-0.398679
-0.404424
-0.408789
-0.41178
-0.413406
-0.413679
-0.41253
-0.410071
-0.406334
-0.401357
-0.395179
-0.387966
-0.379643
-0.370262
-0.359879
-0.348557
-0.336661
-0.323953
-0.31049
-0.296332
-0.281537
-0.266608
-0.251166
-0.235278
-0.219014
-0.202439
-0.186148
-0.169669
-0.153058
-0.136368
-0.119652
-0.103532
-0.0874887
-0.0715727
-0.0558312
-0.0403109
-0.0256095
-0.0112166
0.00282899
0.0164923
0.0297424
0.0420576
0.0539069
0.0652664
0.0761133
0.0864267
0.0957894
0.104587
0.112808
0.120443
0.127484
0.133644
0.139199
0.144146
0.148488
0.152228
0.155227
0.15763
0.159436
0.160644
0.161255
0.16127
0.1607
0.159555
0.157842
0.155569
0.152872
0.149627
0.145841
0.141526
0.136697
0.131614
0.126046
0.120005
0.113505
0.106559
0.0995184
0.0920735
0.084249
0.0760702
0.0675627
0.0591326
0.0504283
0.0414826
0.0323332
0.0230208
0.013975
0.00484307
-0.00434148
-0.0135458
-0.0227354
-0.0315142
-0.0401996
-0.0487501
-0.0571248
-0.065286
-0.0729086
-0.0802511
-0.0872829
-0.0939747
-0.1003
-0.106039
-0.111371
-0.116279
-0.120749
-0.124769
-0.128235
-0.131219
-0.133708
-0.135696
-0.137184
-0.138201
-0.138735
-0.138793
-0.138383
-0.137512
-0.136303
-0.134654
-0.132585
-0.130119
-0.127285
-0.124288
-0.120975
-0.117369
-0.113492
-0.109365
-0.105215
-0.100863
-0.0963359
-0.0916631
-0.0868752
-0.0821901
-0.0774531
-0.0726954
-0.0679478
-0.0632409
-0.0587407
-0.0543377
-0.0500578
-0.0459258
-0.0419653
-0.0382625
-0.0347719
-0.0315102
-0.0284921
-0.0257299
-0.0232197
-0.0209835
-0.0190261
-0.0173484
-0.0159487
-0.0147421
-0.0138094
-0.0131497
-0.0127609
-0.0126382
-0.0126516
-0.0129163
-0.0134208
-0.0141499
-0.0150846
-0.0160777
-0.0172363
-0.0185393
-0.0199636
-0.0214843
-0.0229898
-0.0245499
-0.0261474
-0.0277633
-0.0293757
-0.0309468
-0.0324668
-0.0339128
-0.0352629
-0.0364974
-0.0376852
-0.0387271
-0.0396099
-0.04032
-0.0408436
-0.0413602
-0.0416734
-0.0417824
-0.0416902
-0.0414008
-0.0411957
-0.0407946
-0.0401949
-0.0393958
-0.038401
-0.0375502
-0.0365227
-0.0353327
-0.0339969
-0.0325337
-0.0312926
-0.0299549
-0.0285353
-0.0270528
-0.0255295
-0.0242619
-0.0229906
-0.0217281
-0.0204869
-0.0192811
-0.0182862
-0.0173516
-0.0164845
-0.0156987
-0.0150146
-0.0144561
-0.0140249
-0.0137236
-0.0135534
-0.0135165
-0.0134509
-0.0135259
-0.0137457
-0.0141163
-0.0146415
-0.0150009
-0.0155088
-0.0161509
-0.0169122
-0.0177809
-0.0183254
-0.0189741
-0.0197205
-0.0205536
-0.0214562
-0.0219471
-0.0224817
-0.0230445
-0.0236246
-0.0242148
-0.0243847
-0.0245738
-0.0247741
-0.0249708
-0.0251449
-0.0249463
-0.0247153
-0.0244486
-0.0241435
-0.0237959
-0.0231945
-0.0225552
-0.0218757
-0.0211527
-0.0203844
-0.0194965
-0.0185782
-0.0176372
-0.0166775
-0.0157
-0.014736
-0.0137558
-0.0127652
-0.0117707
-0.0107784
-0.00989416
-0.00901614
-0.00815046
-0.00730161
-0.00647348
-0.00579412
-0.00513118
-0.00449079
-0.00387824
-0.00329757
-0.00286395
-0.00245107
-0.00206133
-0.00169716
-0.00136102
-0.0011354
-0.000926663
-0.000736315
-0.000565422
-0.00041459
-0.000328318
-0.000250883
-0.000182615
-0.000124018
-7.55397e-05
-5.42972e-05
-3.66499e-05
-2.25784e-05
-1.19517e-05
-4.51064e-06
-3.05209e-06
-1.80912e-06
-8.49343e-07
-2.49414e-07
