-0
-0
-0
-0
-0
-0
-0
-0
-0
-0
-0
-0
-0
-0
-0
-0
-0
-0
-0
-0
-0
-0
-0
-0
-0
-0
-0
0
0
0
0
0
0
0
0
0
0
0
0
0
0
0
0
0
0
0
0
0
0
0
0
0
0
0
0
0
0
0
0
0
0
0
0
0
0
0
0
0
0
0
0
0
0
0
0
0
0
0
-0
-0
-0
-0
-0
-0
-0
-0
-0
-0
-0
-0
-0
-0
-0
-0
-0
-0
-0
-0
-0
-0
-0
-0
-0
-0
-0
-0
-0
-0
-0
-0
-0
-0
-0
-0
-0
-0
-0
-0
-0
-0
0
0
0
0
0
0
0
0
0
0
0
0
0
0
0
0
0
0
0
0
0
0
0
0
0
0
0
0
0
0
0
0
0
0
0
0
0
0
0
0
0
0
0
0
-0
-0
-0
-0
-0
-0
-0
-0
-0
-0
-0
-0
-0
-0
-0
-0
-0
-0
-0
-0
-0
-0
-0
-0
-0
-0
-0
-0
-0
-0
-0
-0
-0
-0
-0
-0
-0
-1.96819e-05
-7.23267e-05
-0.000139674
-0.000202049
-0.00023873
-0.000228236
-0.000148644
2.20589e-05
0.000305595
0.000723001
0.00129425
0.00203785
0.00297049
0.00410657
0.00545785
0.0070331
0.00883788
0.0108744
0.0131412
0.0156331
0.0183411
0.0212521
0.0243487
0.02761
0.0310113
0.0345244
0.0381176
0.0417551
0.0453973
0.0490006
0.0525181
0.0559009
0.059099
0.0620619
0.0647393
0.0670812
0.0690372
0.0705567
0.0715891
0.0720854
0.0719986
0.0712864
0.0699117
0.0678434
0.065056
0.0615294
0.0572478
0.0522001
0.0463808
0.0397906
0.032438
0.0243395
0.01552
0.00601243
-0.00414318
-0.0148994
-0.0262017
-0.0379893
-0.0501952
-0.0627474
-0.0755694
-0.0885803
-0.101694
-0.11482
-0.127865
-0.14073
-0.153322
-0.165545
-0.177309
-0.18852
-0.199086
-0.208911
-0.217901
-0.225965
-0.233023
-0.239006
-0.243857
-0.247528
-0.249978
-0.251173
-0.251081
-0.249683
-0.246971
-0.242949
-0.237638
-0.231064
-0.223264
-0.214284
-0.204175
-0.193
-0.18089
-0.16796
-0.154272
-0.139891
-0.124889
-0.109338
-0.093317
-0.0769058
-0.0601865
-0.0432416
-0.026153
-0.00900329
0.00812416
0.025144
0.0419695
0.0585145
0.0746956
0.0904344
0.105658
0.1203
0.134296
0.147585
0.160104
0.171792
0.182591
0.192446
0.20131
0.209145
0.215922
0.221617
0.226213
0.229694
0.232048
0.233269
0.233362
0.23234
0.230228
0.227058
0.222868
0.217694
0.211575
0.204553
0.196677
0.188004
0.178597
0.168523
0.157848
0.146638
0.134957
0.122874
0.110459
0.0977857
0.0849285
0.0719582
0.0589397
0.045933
0.0329953
0.0201843
0.00755842
-0.00482456
-0.0169115
-0.0286571
-0.0400256
-0.0509889
-0.0615239
-0.0716093
-0.0812241
-0.0903476
-0.0989618
-0.107053
-0.114613
-0.121642
-0.128147
-0.134141
-0.13964
-0.144664
-0.14923
-0.153356
-0.157061
-0.160365
-0.163298
-0.165892
-0.168187
-0.170222
-0.172032
-0.173645
-0.175086
-0.176376
-0.17754
-0.178605
-0.179603
-0.180564
-0.181511
-0.182461
-0.183423
-0.1844
-0.185397
-0.186416
-0.187462
-0.188535
-0.189633
-0.190751
-0.191877
-0.192996
-0.194087
-0.195128
-0.19609
-0.196942
-0.197652
-0.198184
-0.198506
-0.19858
-0.198371
-0.197841
-0.196951
-0.195662
-0.193937
-0.191736
-0.189022
-0.185759
-0.181912
-0.17745
-0.172347
-0.166585
-0.16015
-0.153035
-0.145236
-0.13675
-0.127579
-0.117727
-0.107203
-0.0960234
-0.0842122
-0.0717989
-0.0588186
-0.0453112
-0.0313212
-0.0168979
-0.00209447
0.0130319
0.0284203
0.0440062
0.0597204
0.0754887
0.0912323
0.106868
0.122311
0.137475
0.152275
0.166623
0.180434
0.19362
0.206092
0.217762
0.228544
0.238354
0.24711
0.254735
0.261158
0.266316
0.270154
0.272626
0.273698
0.273341
0.271534
0.268261
0.263511
0.25728
0.249575
0.240413
0.229825
0.21785
0.204539
0.189953
0.174161
0.157239
0.139272
0.120347
0.100556
0.079995
0.058765
0.0369729
0.0147325
-0.00783584
-0.0306077
-0.0534571
-0.076259
-0.0988909
-0.121233
-0.143167
-0.164577
-0.185346
-0.20536
-0.224507
-0.24268
-0.259778
-0.275704
-0.290371
-0.303698
-0.31561
-0.32604
-0.334931
-0.342231
-0.347901
-0.351909
-0.354233
-0.354863
-0.353797
-0.351047
-0.346632
-0.340585
-0.332946
-0.323765
-0.3131
-0.301013
-0.287577
-0.272868
-0.25697
-0.239975
-0.221984
-0.203105
-0.183453
-0.163149
-0.142313
-0.121072
-0.0995504
-0.0778754
-0.0561759
-0.0345817
-0.0132227
0.00777311
0.0282814
0.0481828
0.067364
0.0857169
0.103138
0.119528
0.134791
0.14884
0.161591
0.172973
0.182922
0.191386
0.198319
0.203686
0.207456
0.209611
0.21014
0.209044
0.206334
0.20203
0.19616
0.188759
0.179868
0.169536
0.157824
0.1448
0.130544
0.115143
0.0986903
0.0812834
0.0630253
0.0440238
0.024391
0.00424315
-0.0163015
-0.0371234
-0.0581029
-0.0791201
-0.100055
-0.12079
-0.141205
-0.161188
-0.180626
-0.199411
-0.217439
-0.234605
-0.250811
-0.265964
-0.279977
-0.292776
-0.304297
-0.314487
-0.323298
-0.330692
-0.336637
-0.341108
-0.344091
-0.345583
-0.345591
-0.344128
-0.341217
-0.33689
-0.331184
-0.324144
-0.315823
-0.306279
-0.295574
-0.283774
-0.27095
-0.25718
-0.242545
-0.227133
-0.211037
-0.194347
-0.177155
-0.159553
-0.141631
-0.123484
-0.105204
-0.0868852
-0.0686206
-0.0505
-0.0326102
-0.0150353
0.00214332
0.0188475
0.0350029
0.0505404
0.0653959
0.07951
0.092828
0.105299
0.116877
0.127521
0.1372
0.145886
0.153558
0.160202
0.165805
0.170357
0.173859
0.176313
0.177732
0.178135
0.177545
0.175988
0.173491
0.170086
0.165806
0.160691
0.154783
0.14813
0.140781
0.132784
0.124193
0.115061
0.105442
0.0953915
0.0849655
0.0742178
0.0632023
0.0519726
0.0405833
0.0290889
0.0175435
0.00599852
-0.00549769
-0.0169
-0.0281654
-0.039252
-0.0501183
-0.0607241
-0.0710313
-0.0810055
-0.0906163
-0.0998368
-0.108643
-0.117014
-0.124929
-0.132371
-0.139325
-0.145779
-0.151724
-0.157152
-0.162059
-0.166443
-0.170305
-0.173648
-0.176479
-0.178806
-0.180637
-0.181983
-0.182851
-0.183255
-0.183204
-0.182714
-0.1818
-0.180479
-0.178771
-0.176694
-0.174267
-0.171507
-0.168431
-0.165056
-0.161399
-0.15748
-0.153319
-0.148935
-0.144349
-0.139577
-0.134638
-0.129544
-0.124312
-0.118956
-0.113494
-0.107944
-0.102323
-0.0966466
-0.0909315
-0.0851917
-0.0794415
-0.0736943
-0.0679631
-0.0622596
-0.0565949
-0.0509798
-0.0454257
-0.0399447
-0.0345495
-0.0292521
-0.024063
-0.0189913
-0.014045
-0.00923265
-0.00456359
-4.79465e-05
0.00430446
0.00848518
0.0124875
0.0163057
0.0199339
0.023365
0.0265906
0.0296017
0.0323904
0.0349505
0.0372776
0.039368
0.0412178
0.0428227
0.044178
0.04528
0.0461262
0.0467163
0.0470508
0.0471313
0.0469596
0.0465381
0.0458696
0.0449579
0.0438073
0.0424221
0.0408072
0.0389678
0.0369109
0.0346456
0.0321831
0.0295363
0.0267184
0.0237419
0.0206189
0.0173618
0.0139836
0.0104992
0.00692485
0.00327765
-0.0004252
-0.00416687
-0.00793102
-0.0117015
-0.0154624
-0.0191978
-0.0228918
-0.026529
-0.0300941
-0.0335717
-0.0369467
-0.0402046
-0.0433314
-0.0463149
-0.0491442
-0.0518099
-0.0543034
-0.0566168
-0.0587429
-0.0606754
-0.0624088
-0.063939
-0.0652626
-0.0663773
-0.0672821
-0.0679775
-0.0684655
-0.0687492
-0.0688321
-0.0687178
-0.0684097
-0.0679119
-0.0672303
-0.0663731
-0.065351
-0.0641757
-0.0628587
-0.0614101
-0.0598394
-0.0581561
-0.0563707
-0.0544959
-0.0525449
-0.0505307
-0.0484649
-0.0463575
-0.0442186
-0.0420587
-0.03989
-0.0377252
-0.0355766
-0.0334542
-0.0313659
-0.0293182
-0.0273177
-0.025372
-0.0234894
-0.0216776
-0.0199425
-0.0182874
-0.0167141
-0.015224
-0.0138191
-0.0125025
-0.0112772
-0.0101453
-0.00910654
-0.00815927
-0.0073009
-0.00652886
-0.00584068
-0.00523345
-0.00470309
-0.00424415
-0.00385035
-0.00351568
-0.00323521
-0.00300503
-0.0028214
-0.00267963
-0.0025735
-0.00249553
-0.0024381
-0.00239457
-0.0023598
-0.00232989
-0.00230131
-0.00227014
-0.00223175
-0.00218046
-0.002112
-0.00202328
-0.00191228
-0.00177786
-0.00161946
-0.00143704
-0.00123112
-0.00100276
-0.000753436
-0.000484735
-0.000198269
0.00010412
0.000419793
0.00074472
0.00107326
0.00139854
0.00171339
0.00201126
0.0022869
0.00253637
0.00275651
0.00294434
0.00309666
0.00321011
0.00328159
0.0033087
0.00328999
0.00322486
0.00311323
0.00295533
0.00275161
0.00250312
0.00221183
0.00188097
0.0015149
0.00111873
0.000697688
0.000256616
-0.000200143
-0.000668472
-0.00114397
-0.00162154
-0.00209535
-0.00255917
-0.00300686
-0.00343284
-0.00383212
-0.00420009
-0.00453229
-0.00482426
-0.00507198
-0.00527236
-0.00542378
-0.0055262
-0.00558084
-0.00558957
-0.00555436
-0.00547703
-0.00535943
-0.00520384
-0.00501332
-0.00479171
-0.00454348
-0.00427341
-0.00398621
-0.00368646
-0.00337861
-0.00306696
-0.00275576
-0.00244907
-0.0021507
-0.00186418
-0.00159265
-0.00133893
-0.00110538
-0.000893876
-0.000705625
-0.000541145
-0.00040028
-0.000282208
-0.000185532
-0.000108337
-4.82123e-05
-2.30402e-06
3.26949e-05
6.04781e-05
8.50532e-05
0.000110663
0.000140377
0.000171165
0.000202354
0.000233747
0.000265142
0.000296303
0.000326992
0.000356971
0.000386009
0.000413907
0.000440477
0.000465562
0.000489014
0.00051068
0.000530398
0.000547996
0.000563312
0.000576256
0.000587004
0.000595552
0.000601885
0.000606
0.000607892
0.000607559
0.000604983
0.000600177
0.000593149
0.000583917
0.000572517
0.000558982
0.000543411
0.000525899
0.000506548
0.000485458
0.000462689
0.000438367
0.000412586
0.00038545
0.000357076
0.000327545
0.000297036
0.000265679
0.000233604
0.000200942
0.000167778
0.0001343
0.000100635
6.68977e-05
3.3188e-05
-4.42129e-07
-3.38272e-05
-6.68292e-05
-9.92971e-05
-0.000131088
-0.000162128
-0.000192305
-0.000221571
-0.000249872
-0.000277123
-0.000303211
-0.000327976
-0.000351286
-0.000373051
-0.000393232
-0.000411797
-0.000428759
-0.000444084
-0.000457705
-0.000469545
-0.000479472
-0.000487529
-0.000493715
-0.000498038
-0.000500498
-0.000500951
-0.000499491
-0.0004961
-0.000490778
-0.000483548
-0.000474266
-0.000463131
-0.000450155
-0.000435346
-0.000418721
-0.000400098
-0.000379746
-0.000357728
-0.000334098
-0.000308898
-0.000281924
-0.000253433
-0.000223456
-0.000192032
-0.000159207
-0.000124815
-8.91363e-05
-5.22341e-05
-1.41778e-05
2.49649e-05
6.5298e-05
0.000106612
0.00014887
0.000192039
0.00023607
0.000280956
0.00032654
0.000372715
0.000419378
0.000466437
0.00051373
0.000561247
0.00060889
0.000656548
0.000704092
0.000751142
0.000797806
0.000843945
0.000889412
0.000934059
0.000977307
0.00101943
0.00106029
0.00109974
0.00113762
0.00117317
0.0012068
0.00123836
0.00126767
0.00129459
0.00131828
0.0013393
0.0013575
0.0013727
0.00138473
0.00139265
0.00139708
0.00139793
0.00139508
0.00138845
0.00137725
0.00136206
0.0013428
0.00131939
0.00129178
0.00125942
0.00122279
0.00118187
0.00113665
0.00108714
0.00103315
0.000974977
0.000912707
0.000846425
0.000776209
0.00070232
0.00062467
0.000543384
0.000458622
0.000370574
0.000280096
0.00018675
9.07587e-05
-7.63708e-06
-0.000108173
-0.000209438
-0.000312257
-0.000416326
-0.000521332
-0.00062695
-0.000731298
-0.00083553
-0.000939243
-0.00104203
-0.00114347
-0.00124137
-0.00133712
-0.0014303
-0.00152044
-0.00160703
-0.0016877
-0.0017638
-0.00183489
-0.0019005
-0.00196022
-0.00201191
-0.00205681
-0.00209447
-0.00212447
-0.00214643
-0.00215876
-0.00216238
-0.00215699
-0.0021423
-0.00211804
-0.00208342
-0.00203876
-0.00198391
-0.00191879
-0.00184336
-0.00175801
-0.00166247
-0.00155684
-0.00144129
-0.00131604
-0.00118267
-0.00104015
-0.000888836
-0.000729142
-0.000561541
-0.000388826
-0.000209317
-2.36454e-05
0.000167512
0.000363428
0.000560327
0.000760399
0.000962793
0.00116662
0.00137098
0.0015715
0.00177067
0.00196751
0.00216101
0.00235015
0.00253047
0.0027044
0.00287096
0.00302917
0.00317808
0.00331373
0.0034382
0.00355063
0.00365019
0.00373612
0.00380562
0.00386013
0.00389908
0.00392192
0.00392817
0.00391661
0.00388777
0.00384142
0.00377745
0.00369578
0.00359711
0.0034809
0.00334738
0.00319686
0.00302976
0.0028488
0.00265233
0.00244102
0.00221562
0.001977
0.00172967
0.00147108
0.00120232
0.000924522
0.000638868
0.00035118
5.81593e-05
-0.000238852
-0.000538457
-0.000839218
-0.00113464
-0.00142829
-0.0017187
-0.00200439
-0.00228389
-0.00255088
-0.00280881
-0.0030563
-0.003292
-0.00351463
-0.00371893
-0.00390768
-0.00407976
-0.00423412
-0.0043698
-0.00448338
-0.00457667
-0.00464903
-0.00469989
-0.00472876
-0.00473456
-0.00471776
-0.00467821
-0.0046159
-0.00453094
-0.00442485
-0.00429667
-0.00414684
-0.00397593
-0.00378465
-0.00357703
-0.00335073
-0.00310679
-0.00284632
-0.00257057
-0.00228568
-0.00198824
-0.00167972
-0.00136164
-0.00103559
-0.000708964
-0.000377649
-4.33365e-05
0.000292253
0.000627394
0.000954385
0.00127753
0.00159517
0.00190564
0.00220732
0.0024932
0.00276715
0.0030277
0.00327346
0.00350314
0.00371146
0.00390137
0.00407187
0.00422204
0.00435107
0.00445612
0.00453878
0.00459861
0.00463529
0.00464861
0.0046386
0.00460519
0.00454857
0.004469
0.00436692
0.00424518
0.00410211
0.00393849
0.0037552
0.00355324
0.00333799
0.00310635
0.00285959
0.00259911
0.00232635
0.00204849
0.00176143
0.00146673
0.001166
0.000860862
0.000559233
0.000256512
-4.56143e-05
-0.000345442
-0.000641275
-0.000925402
-0.00120225
-0.00147026
-0.00172793
-0.00197382
-0.00220154
-0.00241485
-0.00261258
-0.00279363
-0.00295702
-0.00309854
-0.00322073
-0.00332294
-0.00340461
-0.00346533
-0.00350355
-0.0035203
-0.00351546
-0.00348905
-0.00344122
-0.00337322
-0.00328447
-0.00317547
-0.00304688
-0.00289945
-0.00273706
-0.00255759
-0.00236204
-0.00215149
-0.00192707
-0.0016946
-0.00145077
-0.00119691
-0.000934413
-0.000664741
-0.000394873
-0.000120781
0.000156058
0.000434171
0.000712087
0.000982678
0.00125018
0.0015132
0.00177035
0.00202031
0.00225668
0.00248339
0.00269933
0.00290346
0.00309485
0.00326867
0.00342808
0.00357239
0.00370095
0.00381324
0.00390642
0.00398259
0.00404158
0.00408336
0.004108
0.00411503
0.00410532
0.00407917
0.00403696
0.00397916
0.00390731
0.00382106
0.00372115
0.00360835
0.00348352
0.00334991
0.00320613
0.00305316
0.00289202
0.00272371
0.0025525
0.00237608
0.00219541
0.00201146
0.00182519
0.00164129
0.00145702
0.00127329
0.00109097
0.000910877
0.000737385
0.000567596
0.000402184
0.000241775
8.69439e-05
-5.86346e-05
-0.000197639
-0.000329642
-0.000454264
-0.000571188
-0.000677746
-0.000776224
-0.000866553
-0.000948716
-0.00102271
-0.00108694
-0.00114302
-0.00119102
-0.00123106
-0.00126337
-0.00128742
-0.00130439
-0.00131466
-0.0013186
-0.00131659
-0.0013088
-0.00129579
-0.00127797
-0.00125574
-0.0012295
-0.00119991
-0.00116713
-0.00113153
-0.00109351
-0.00105346
-0.00101224
-0.000969679
-0.000926068
-0.000881653
-0.000836655
-0.000791848
-0.000746845
-0.000701813
-0.000656895
-0.000612214
-0.000568453
-0.000525109
-0.000482239
-0.000439861
-0.000397944
-0.000357001
-0.000316305
-0.000275714
-0.000235093
-0.000194337
-0.000154049
-0.000113441
-7.23741e-05
-3.06487e-05
1.1984e-05
5.48852e-05
9.91694e-05
0.000144986
0.000192415
0.0002415
0.000291084
0.00034247
0.000395804
0.00045125
0.000508944
0.000567363
0.000628052
0.000690886
0.000755701
0.000822336
0.000888738
0.000956775
0.00102639
0.0010975
0.00116994
0.00124128
0.00131337
0.00138587
0.00145842
0.00153071
0.0016002
0.00166884
0.0017363
0.00180223
0.00186622
0.00192582
0.00198262
0.00203625
0.00208633
0.00213253
0.00217302
0.00220898
0.00224011
0.00226612
0.00228676
0.00230109
0.00230967
0.00231233
0.00230893
0.00229929
0.00228351
0.0022613
0.00223269
0.00219774
0.0021566
0.00211066
0.00205884
0.00200129
0.00193816
0.00186962
0.00179811
0.00172175
0.00164093
0.00155604
0.00146749
0.00137856
0.00128664
0.00119203
0.00109508
0.000996178
0.000899199
0.000801254
0.000702847
0.000604453
0.000506502
0.000412841
0.000320393
0.000229551
0.000140737
5.43734e-05
-2.59206e-05
-0.00010273
-0.000175579
-0.00024404
-0.000307726
-0.00036392
-0.000414709
-0.000459843
-0.000499119
-0.000532378
-0.000558146
-0.000577698
-0.000590979
-0.000597996
-0.000598833
-0.000593431
-0.000582278
-0.000565659
-0.000543864
-0.00051717
-0.000486643
-0.000451787
-0.000412987
-0.000370709
-0.000325474
-0.000279373
-0.000231297
-0.000181693
-0.000130967
-7.95118e-05
-2.9708e-05
2.00719e-05
6.93863e-05
0.000117805
0.000164932
0.00020839
0.000250011
0.000289511
0.00032662
0.000361079
0.000390868
0.000417692
0.000441401
0.000461892
0.000479097
0.000491634
0.000500959
0.000507113
0.000510169
0.000510228
0.000506558
0.000500221
0.000491359
0.000480126
0.000466705
0.000450903
0.000433402
0.000414455
0.000394312
0.000373212
0.000351299
0.000328871
0.000306133
0.000283291
0.00026055
0.00023821
0.000216345
0.000195122
0.000174687
0.000155166
0.000136809
0.000119531
0.000103409
8.84963e-05
7.48316e-05
6.25405e-05
5.14875e-05
4.1664e-05
3.30475e-05
2.56016e-05
1.93234e-05
1.4082e-05
9.8097e-06
6.43106e-06
3.86517e-06
2.03362e-06
8.35047e-07
1.85254e-07
0
0
0
0
0
0
0
0
0
0
0
0
0
0
0
0
0
0
0
0
0
0
0
0
0
0
0
0
0
0
0
0
0
0
0
0
0
0
0
0
0
0
0
0
0
0
0
0
0
0
0
0
0
0
0
0
0
0
0
0
0
0
0
0
0
0
0
0
0
0
0
0
0
0
0
0
0
0
0
0
0
0
0
0
0
0
0
0
0
0
0
0
0
0
0
0
0
0
0
0
0
0
0
0
0
0
0
0
0
0
0
0
0
0
0
0
0
0
0
0
0
0
0
0
0
0
0
0
0
0
0
0
0
0
0
0
0
0
0
0
0
0
0
0
0
0
0
0
0
0
0
0
0
0
0
0
0
0
0
0
0
0
0
0
0
0
0
0
0
0
0
0
0
0
0
0
0
0
-0
-0
-0
-0
-0
-0
-0
-0
-0
-0
-0
-0
-0
-0
-0
-0
-0
-0
-0
-0
-0
-0
-0
