0.441974
0.425591
0.407568
0.388029
0.367109
0.344953
0.321716
0.297561
0.272658
0.247179
0.221304
0.195217
0.169105
0.143156
0.117558
0.092488
0.0681196
0.0446183
0.0221443
0.000851632
-0.0191132
-0.0376149
-0.0545319
-0.0697577
-0.0832005
-0.0947805
-0.10443
-0.112091
-0.11772
-0.12129
-0.12279
-0.122227
-0.119624
-0.115019
-0.108466
-0.10003
-0.0897942
-0.077854
-0.0643185
-0.0493085
-0.0329544
-0.0153956
0.00321967
0.0227352
0.042987
0.0638052
0.0850157
0.106442
0.127906
0.149228
0.170227
0.190723
0.210538
0.229496
0.247428
0.264172
0.279571
0.293476
0.305747
0.316252
0.324873
0.331505
0.336058
0.338457
0.338641
0.336562
0.332189
0.325506
0.316515
0.305236
0.291705
0.275975
0.258118
0.238219
0.21638
0.192717
0.167361
0.140454
0.112152
0.0826209
0.0520401
0.0205981
-0.0115063
-0.0440667
-0.0768713
-0.109705
-0.14235
-0.174589
-0.2062
-0.236965
-0.266668
-0.295094
-0.322039
-0.347303
-0.370695
-0.392034
-0.411147
-0.427877
-0.442075
-0.453613
-0.462376
-0.468265
-0.471196
-0.471103
-0.467936
-0.461665
-0.452278
-0.439787
-0.424218
-0.405619
-0.384053
-0.359601
-0.332363
-0.302456
-0.270016
-0.235195
-0.198161
-0.159092
-0.118184
-0.0756414
-0.0316831
0.0134607
0.0595503
0.106338
0.15357
0.200989
0.248335
0.295346
0.341761
0.387321
0.431771
0.47486
0.516344
0.555986
0.593558
0.628843
0.661636
0.691751
0.719013
0.743267
0.764374
0.782211
0.796675
0.807682
0.815172
0.8191
0.819443
0.816194
0.809366
0.798992
0.785126
0.767846
0.74725
0.723453
0.696584
0.666784
0.634208
0.599027
0.561426
0.521607
0.479788
0.436193
0.391053
0.344603
0.297082
0.248735
0.19981
0.150556
0.101228
0.0520736
0.0033412
-0.0447268
-0.0918934
-0.137929
-0.182615
-0.225743
-0.267119
-0.306558
-0.343886
-0.378937
-0.411555
-0.441598
-0.468942
-0.493482
-0.515133
-0.533829
-0.549514
-0.562149
-0.571709
-0.578184
-0.581585
-0.581942
-0.579302
-0.573727
-0.565291
-0.554078
-0.540188
-0.523735
-0.504846
-0.48366
-0.460325
-0.434995
-0.40783
-0.378998
-0.348676
-0.31705
-0.284311
-0.250654
-0.216272
-0.181356
-0.146096
-0.110684
-0.0753109
-0.0401663
-0.00543647
0.0287
0.062073
0.09452
0.125885
0.156016
0.18477
0.212012
0.237619
0.261482
0.283506
0.303608
0.321712
0.337754
0.35168
0.36345
0.373038
0.380433
0.385637
0.388661
0.389527
0.388268
0.384928
0.379565
0.372243
0.363039
0.352033
0.33931
0.324963
0.309092
0.291809
0.273233
0.253492
0.232715
0.211031
0.188569
0.165457
0.141822
0.117797
0.0935134
0.0691024
0.0446939
0.0204142
-0.00361398
-0.0272707
-0.0504392
-0.073006
-0.0948636
-0.115911
-0.136058
-0.155218
-0.173317
-0.190281
-0.206045
-0.220549
-0.233738
-0.245569
-0.256004
-0.265017
-0.272588
-0.278702
-0.28335
-0.286533
-0.288256
-0.288538
-0.287408
-0.284901
-0.281062
-0.27594
-0.269586
-0.262057
-0.253413
-0.24372
-0.233048
-0.221473
-0.209072
-0.195925
-0.182111
-0.167712
-0.15281
-0.137491
-0.121843
-0.105953
-0.0899038
-0.0737793
-0.0576592
-0.0416225
-0.025748
-0.0101136
0.00520467
0.0201349
0.0346099
0.0485678
0.0619504
0.0747024
0.0867709
0.098106
0.108662
0.118401
0.12729
0.135302
0.142415
0.148612
0.153879
0.158205
0.161587
0.164025
0.165524
0.166093
0.165744
0.164494
0.162364
0.159377
0.155567
0.150967
0.145612
0.13954
0.132787
0.12539
0.117391
0.108835
0.099773
0.0902555
0.0803344
0.0700599
0.0594804
0.0486433
0.0375964
0.0263878
0.0150662
0.00367983
-0.00772446
-0.0191011
-0.0304056
-0.0415948
-0.0526269
-0.0634629
-0.0740667
-0.084406
-0.0944511
-0.104174
-0.113547
-0.122543
-0.131136
-0.139305
-0.147031
-0.154299
-0.161099
-0.167421
-0.173256
-0.178594
-0.183428
-0.187755
-0.191576
-0.194895
-0.197718
-0.200052
-0.201901
-0.203272
-0.204171
-0.204605
-0.204587
-0.204131
-0.203255
-0.201978
-0.200318
-0.198296
-0.195928
-0.193235
-0.190234
-0.186944
-0.183385
-0.179577
-0.175541
-0.171296
-0.166864
-0.162264
-0.157516
-0.152639
-0.147652
-0.142573
-0.137419
-0.132208
-0.126957
-0.121683
-0.116402
-0.11113
-0.105881
-0.10067
-0.0955108
-0.090417
-0.0854023
-0.0804794
-0.0756603
-0.0709555
-0.0663748
-0.0619271
-0.0576209
-0.0534651
-0.0494682
-0.0456387
-0.0419839
-0.03851
-0.0352216
-0.0321221
-0.0292141
-0.0264996
-0.0239809
-0.0216603
-0.0195402
-0.0176235
-0.015913
-0.014412
-0.0131237
-0.0120509
-0.0111953
-0.0105578
-0.0101381
-0.00993559
-0.00995036
-0.0101832
-0.0106356
-0.0113091
-0.0122041
-0.0133195
-0.0146527
-0.0162006
-0.0179603
-0.0199299
-0.0221081
-0.0244936
-0.0270836
-0.0298734
-0.0328563
-0.0360245
-0.0393698
-0.0428844
-0.0465608
-0.0503914
-0.0543676
-0.0584797
-0.0627173
-0.0670692
-0.0715243
-0.0760711
-0.0806977
-0.0853909
-0.090136
-0.0949178
-0.0997208
-0.10453
-0.109331
-0.114111
-0.118854
-0.123546
-0.128171
-0.132712
-0.137154
-0.141485
-0.145696
-0.149778
-0.153723
-0.157522
-0.161166
-0.164643
-0.167944
-0.171061
-0.173989
-0.176725
-0.179266
-0.181611
-0.18376
-0.185712
-0.187466
-0.189022
-0.190381
-0.191542
-0.192504
-0.193267
-0.193832
-0.194201
-0.19438
-0.194376
-0.194196
-0.193845
-0.19333
-0.192657
-0.191831
-0.190862
-0.189759
-0.188531
-0.187188
-0.185737
-0.184184
-0.182535
-0.180797
-0.178979
-0.177092
-0.175146
-0.173152
-0.171117
-0.16905
-0.166957
-0.164845
-0.162722
-0.160596
-0.158475
-0.156366
-0.154276
-0.15221
-0.150175
-0.148174
-0.146214
-0.144298
-0.142431
-0.140615
-0.138855
-0.137158
-0.135528
-0.133971
-0.132489
-0.131085
-0.12976
-0.128516
-0.127355
-0.126281
-0.125296
-0.124403
-0.123602
-0.122893
-0.122276
-0.121752
-0.121322
-0.120988
-0.12075
-0.120584
-0.120438
-0.120308
-0.120193
-0.120094
-0.12001
-0.11994
-0.11988
-0.119826
-0.119771
-0.119711
-0.119641
-0.119557
-0.119454
-0.119328
-0.119175
-0.118989
-0.118767
-0.118507
-0.118206
-0.117859
-0.117463
-0.117012
-0.116502
-0.11593
-0.115295
-0.114599
-0.113842
-0.113022
-0.112135
-0.111177
-0.110145
-0.109038
-0.107856
-0.106602
-0.105274
-0.103872
-0.102392
-0.100833
-0.0991929
-0.0974729
-0.0956745
-0.093799
-0.0918463
-0.0898159
-0.0877067
-0.085519
-0.0832547
-0.0809174
-0.0785117
-0.0760425
-0.0735146
-0.0709326
-0.0683011
-0.0656253
-0.0629107
-0.0601636
-0.0573906
-0.0545988
-0.051796
-0.0489906
-0.0461914
-0.0434074
-0.0406477
-0.0379211
-0.0352363
-0.0326021
-0.0300269
-0.0275193
-0.0250873
-0.0227385
-0.02048
-0.018318
-0.0162587
-0.0143077
-0.0124703
-0.0107511
-0.00915413
-0.00768253
-0.00633875
-0.00512448
-0.00404084
-0.00308831
-0.00226674
-0.00157536
-0.00101272
-0.000576807
-0.00026502
-7.42834e-05
-1.08539e-06
-0
-0
-0
-0
-0
-0
-0
-0
-0
-0
-0
-0
-0
-0
-0
-0
-0
-0
-0
-0
-0
-0
-0
-0
-0
-0
-0
-0
-0
-0
-0
-0
-0
-0
-0
-0
-0
-0
-0
-0
-0
-0
-0
-0
-0
-0
-0
-0
-0
-0
-0
-0
-0
-0
-0
-0
-0
-0
-0
-0
-0
-0
-0
-0
-0
-0
-0
-0
-0
-0
-0
-0
-0
-0
-0
-0
-0
-0
-0
-0
-0
-0
-0
-0
-0
-0
-0
-0
-0
-0
-0
-0
-0
-0
-0
-0
-0
-0
-0
-0
-0
-0
-0
-0
-0
-0
-0
-0
-0
-0
-0
-0
-0
-0
-0
-0
-0
-0
-0
-0
-0
-0
-0
-0
-0
-0
-0
-0
-0
-0
-0
-0
-0
-0
-0
-0
-0
-0
-0
-0
-0
-0
-0
-0
-0
-0
-0
-0
-0
-0
-0
-0
-0
-0
-0
-0
-0
-0
-0
-0
-0
-0
-0
-0
-0
-0
-0
-0
-0
-0
-0
-0
-0
-0
-0
-0
-0
-0
-0
-0
-0
-0
-0
-0
-0
-0
-0
-0
-0
-0
-0
-0
-0
-0
-0
-0
-0
-0
-0
-0
-0
-0
-0
0
0
0
0
0
0
0
0
0
0
0
0
0
0
0
0
0
0
0
0
0
0
0
0
0
0
0
0
0
-0
-0
-0
-0
-0
-0
-0
-0
-0
-0
-0
-0
-0
-0
-0
-0
-0
-0
-0
-0
-0
-0
-0
-0
-0
-0
-0
-0
-0
-0
-0
-0
-0
-0
-0
-0
-0
-0
-0
-0
-0
-0
-0
-0
-0
-0
-0
-0
0
0
0
0
0
0
0
0
0
0
0
0
0
0
0
0
0
0
0
0
0
0
0
0
0
0
0
0
0
0
0
0
0
0
0
0
0
0
0
0
0
0
0
0
0
0
0
0
0
0
0
0
0
0
0
0
0
0
0
0
0
0
0
0
0
0
0
0
0
0
0
0
0
0
0
0
0
0
0
0
0
0
0
0
0
0
0
0
0
0
0
0
0
0
0
0
0
0
0
0
0
0
0
0
0
0
0
0
0
0
0
0
0
0
0
0
0
0
0
0
0
0
0
0
0
0
0
0
0
0
0
0
0
0
0
0
0
0
0
0
0
0
0
0
0
0
0
0
0
0
0
0
0
0
0
0
0
0
0
0
0
0
0
0
0
0
0
0
0
0
0
0
0
0
0
0
0
0
0
0
0
0
0
0
0
0
0
0
0
0
0
0
0
0
0
0
0
0
0
0
0
0
0
0
0
0
0
0
0
0
0
0
0
0
0
0
0
0
0
0
0
0
0
0
0
0
0
0
0
0
0
0
0
0
0
0
0
0
0
0
0
4.15166e-08
2.80094e-06
9.8592e-06
2.11902e-05
3.67744e-05
5.65986e-05
8.06566e-05
0.000108949
0.000141484
0.000178278
0.000219351
0.000264733
0.000314455
0.00036855
0.000427052
0.000489989
0.000557388
0.000629267
0.000705637
0.000786501
0.000871849
0.000961664
0.00105592
0.00115457
0.00125758
0.00136488
0.00147637
0.00159194
0.00171146
0.00183475
0.00196162
0.0020919
0.00222539
0.00236186
0.00250108
0.00264277
0.00278663
0.00293231
0.00307948
0.00322778
0.00337688
0.00352644
0.00367615
0.0038257
0.00397476
0.00412305
0.00427026
0.0044161
0.00456027
0.00470245
0.00484231
0.00497953
0.00511383
0.00524496
0.00537276
0.0054971
0.0056179
0.00573504
0.0058484
0.00595785
0.00606326
0.00616454
0.00626165
0.00635458
0.00644331
0.00652783
0.00660807
0.00668397
0.00675549
0.00682262
0.00688543
0.00694402
0.00699849
0.00704887
0.00709516
0.00713726
0.00717508
0.00720854
0.0072376
0.00726231
0.00728271
0.00729881
0.0073106
0.007318
0.00732094
0.00731936
0.00731325
0.00730268
0.00728776
0.00726857
0.00724535
0.00722114
0.00719724
0.00717364
0.00715038
0.00712746
0.00710491
0.00708269
0.00706075
0.00703899
0.00701729
0.00699562
0.00697397
0.00695234
0.00693079
0.0069093
0.00688794
0.00686673
0.00684564
0.00682464
0.00680358
0.00678244
0.00676108
0.00673939
0.00671726
0.00669453
0.00667124
0.00664735
0.00662279
0.00659748
0.0065712
0.00654396
0.00651574
0.00648658
0.00645653
0.00642555
0.00639372
0.00636093
0.00632701
0.00629181
0.00625514
0.00621708
0.00617771
0.00613712
0.00609538
0.00605243
0.00600825
0.00596277
0.00591597
0.00586785
0.00581846
0.00576778
0.00571577
0.00566233
0.0056074
0.00555108
0.00549334
0.00543432
0.0053742
0.0053131
0.00525125
0.00518841
0.00512454
0.00505963
0.00499376
0.0049274
0.00486035
0.00479271
0.00472452
0.00465578
0.00458696
0.00451772
0.00444823
0.00437868
0.00430927
0.0042406
0.00417226
0.00410431
0.00403678
0.00396977
0.00390388
0.00383875
0.00377449
0.00371116
0.00364882
0.00358796
0.00352829
0.00346993
0.00341302
0.00335763
0.00330398
0.00325175
0.00320085
0.00315125
0.00310299
0.00305622
0.00301113
0.00296788
0.0029266
0.0028873
0.00284965
0.00281394
0.00278016
0.00274833
0.00271845
0.00268986
0.00266324
0.0026386
0.00261593
0.00259524
0.00257551
0.00255779
0.00254205
0.00252818
0.00251602
0.002504
0.00249331
0.0024838
0.00247535
0.00246785
0.0024596
0.00245193
0.00244453
0.00243706
0.00242914
0.0024189
0.00240759
0.00239494
0.00238068
0.00236453
0.00234482
0.00232246
0.00229704
0.00226818
0.00223553
0.00219803
0.00215625
0.00211001
0.0020591
0.0020033
0.00194228
0.0018759
0.00180392
0.00172614
0.00164239
0.00155334
0.0014581
0.00135663
0.00124894
0.0011351
0.00101701
0.000892965
0.000763099
0.000627533
0.000486402
0.000342611
0.000193659
3.98468e-05
-0.000118466
-0.000280882
-0.00044353
-0.0006095
-0.000778429
-0.000949946
-0.00112364
-0.00129519
-0.0014679
-0.00164118
-0.00181436
-0.00198678
-0.002154
-0.0023192
-0.00248176
-0.00264111
-0.00279663
-0.00294457
-0.00308751
-0.00322488
-0.00335612
-0.0034807
-0.00359614
-0.00370394
-0.00380368
-0.00389494
-0.00397735
-0.00405028
-0.00411378
-0.00416758
-0.00421145
-0.00424513
-0.00427004
-0.00428426
-0.0042876
-0.00427998
-0.00426145
-0.00423595
-0.00420004
-0.00415411
-0.00409859
-0.00403392
-0.00396618
-0.00389016
-0.00380635
-0.00371531
-0.00361771
-0.00352132
-0.00341985
-0.00331407
-0.00320475
-0.00309272
-0.00298652
-0.00287938
-0.00277231
-0.00266638
-0.00256267
-0.00246958
-0.00238077
-0.00229718
-0.00221973
-0.00214934
-0.00209286
-0.00204531
-0.00200759
-0.00198057
-0.00196504
-0.00196518
-0.00197823
-0.00200481
-0.00204556
-0.00210109
-0.00217215
-0.002259
-0.00236198
-0.00248131
-0.00261709
-0.00276581
-0.00293097
-0.00311249
-0.00331024
-0.00352401
-0.00374624
-0.00398377
-0.00423607
-0.00450249
-0.00478224
-0.00506409
-0.00535755
-0.00566166
-0.00597538
-0.00629761
-0.00661463
-0.00693771
-0.00726559
-0.00759694
-0.00793036
-0.00825134
-0.00857156
-0.00888955
-0.00920372
-0.00951242
-0.009802
-0.0100828
-0.0103532
-0.0106118
-0.0108571
-0.0110789
-0.0112847
-0.0114734
-0.0116437
-0.0117943
-0.0119197
-0.0120232
-0.0121039
-0.0121609
-0.0121936
-0.0122029
-0.0121869
-0.0121453
-0.0120781
-0.011985
-0.011874
-0.0117374
-0.0115756
-0.0113889
-0.011178
-0.0109573
-0.010714
-0.0104495
-0.010165
-0.00986197
-0.00956012
-0.00924273
-0.00891135
-0.00856757
-0.0082131
-0.00787058
-0.00752103
-0.00716637
-0.00680865
-0.00644994
-0.00611322
-0.00577966
-0.00545128
-0.00513007
-0.00481802
-0.00453504
-0.00426509
-0.00401006
-0.00377189
-0.00355251
-0.00336605
-0.00320196
-0.00306179
-0.00294697
-0.00285877
-0.00280268
-0.00277528
-0.00277737
-0.00280964
-0.00287263
-0.00296182
-0.00308235
-0.00323426
-0.00341745
-0.00363164
-0.00386201
-0.00412228
-0.00441163
-0.00472904
-0.0050733
-0.00542035
-0.00579138
-0.00618476
-0.00659868
-0.00703112
-0.00745128
-0.00788562
-0.0083318
-0.00878738
-0.00924982
-0.00968523
-0.0101224
-0.0105586
-0.0109913
-0.0114178
-0.0118056
-0.0121819
-0.0125444
-0.0128906
-0.013218
-0.0134998
-0.0137582
-0.0139912
-0.0141967
-0.0143727
-0.0145017
-0.0145978
-0.0146594
-0.0146853
-0.0146743
-0.014621
-0.0145291
-0.0143981
-0.0142275
-0.0140174
-0.0137762
-0.0134957
-0.0131765
-0.0128191
-0.0124245
-0.0120138
-0.0115681
-0.0110887
-0.0105771
-0.0100354
-0.00949563
-0.00892989
-0.00834044
-0.00772972
-0.00710026
-0.00649114
-0.00586838
-0.0052346
-0.00459252
-0.00394499
-0.00333332
-0.0027221
-0.00211428
-0.00151289
-0.00092091
-0.000376715
0.000152341
0.000663573
0.00115436
0.00162218
0.00203658
0.00242339
0.00278054
0.00310612
0.00339835
0.00363855
0.00384252
0.00400915
0.0041375
0.00422683
0.00427237
0.004278
0.00424361
0.00416933
0.00405555
0.00391194
0.00373033
0.00351179
0.00325756
0.00296901
0.0026685
0.00233678
0.00197559
0.00158688
0.00117279
0.000765347
0.000337234
-0.000109039
-0.000570877
-0.00104564
-0.00149612
-0.00195436
-0.00241784
-0.00288407
-0.00335055
-0.00377988
-0.00420463
-0.00462246
-0.00503109
-0.0054283
-0.00578099
-0.00611832
-0.0064386
-0.00674029
-0.00702197
-0.00725881
-0.00747323
-0.00766422
-0.00783091
-0.00797255
-0.00807483
-0.00815113
-0.00820126
-0.00822516
-0.00822287
-0.00819142
-0.00813426
-0.00805182
-0.00794463
-0.00781336
-0.0076656
-0.00749545
-0.00730391
-0.00709208
-0.00686116
-0.00662723
-0.00637679
-0.00611119
-0.00583183
-0.00554011
-0.00525746
-0.00496535
-0.00466526
-0.0043587
-0.0040472
-0.00375412
-0.003459
-0.00316319
-0.00286802
-0.00257474
-0.00230529
-0.00204014
-0.0017804
-0.0015271
-0.00128117
-0.0010604
-0.000848473
-0.000645982
-0.000453455
-0.000271378
-0.000111804
3.65501e-05
0.000173447
0.000298758
0.000412473
0.000509005
0.00059426
0.000668508
0.000732035
0.000785138
0.000827932
0.000861005
0.000884777
0.000899692
0.000906219
0.000908892
0.000904225
0.000892783
0.000875122
0.000851777
0.000829806
0.000803205
0.000772462
0.000738002
0.000700187
0.000666518
0.000630173
0.000591501
0.000550842
0.000508534
0.000471099
0.000432756
0.000393904
0.000354939
0.000316239
0.000282215
0.000249193
0.000217499
0.000187392
0.000159049
0.000134011
0.000110911
8.97919e-05
7.06896e-05
5.36575e-05
3.77766e-05
2.41247e-05
1.27906e-05
3.84923e-06
-2.65928e-06
-9.42078e-06
-1.3871e-05
-1.61623e-05
-1.64716e-05
-1.49895e-05
-1.51719e-05
-1.40512e-05
-1.19098e-05
-9.00989e-06
-5.58174e-06
-4.45209e-06
-3.22027e-06
-2.04288e-06
-9.79514e-07
