0
0
0
0
0
0
0
0
0
0
0
0
0
0
0
0
-0
-0
-0
-0
-0
-0
-0
-0
-0
-0
-0
-0
-0
-0
-0
-0
-0
-0
-0
-0
-0
-0
-0
-0
-0
-0
-0
-0
-0
-0
-0
-0
-0
-0
-0
-0
-0
-0
-0
-0
-0
-0
-0
-0
-0
-0
-0
0
0
0
0
0
0
0
0
0
0
0
0
0
0
0
0
0
0
0
0
0
0
0
0
0
0
0
0
0
0
0
0
0
0
0
0
0
0
0
0
0
0
0
0
0
0
-0
-0
-0
-0
-0
-0
-0
-0
-0
-0
-0
-0
-0
-0
-0
-0
-0
-0
-0
-0
-0
-0
-0
-0
-0
-0
-0
-0
-0
-0
-0
-0
-0
-0
-0
-0
-0
-0
-0
-0
-0
-0
-0
0
0
0
0
0
0
0
0
0
0
0
0
0
0
0
0
0
0
0
0
0
0
0
0
0
0
0
0
0
0
0
0
0
0
0
0
0
0
0
0
0
0
-0
-0
-0
-0
-0
-0
-0
-0
-0
-0
-0
-0
-0
-0
-0
-0
-0
-0
-0
-0
-0
-0
-0
-0
-0
-0
-0
-0
-0
-0
-0
-0
-0
-0
-0
-0
-0
-0
-0
-0
0
0
0
0
0
0
0
0
0
0
0
0
0
0
0
0
0
0
0
0
0
0
0
0
0
0
0
0
0
0
0
0
0
0
0
0
0
0
0
0
0
-0
-0
-0
-0
-0
-0
-0
-0
-0
-0
-0
-0
-0
-0
-0
-0
-0
-0
-0
-0
-0
-0
-0
-0
-0
-0
-0
-0
-0
-0
-0
-0
-0
-0
-0
-0
-0
-0
-0
-0
-0
-0
-0
-0
0
0
0
3.77888e-08
1.84498e-06
7.4635e-06
1.83023e-05
3.56112e-05
6.04573e-05
9.3704e-05
0.000135995
0.000187746
0.000249133
0.000320096
0.000400332
0.000489294
0.0005862
0.000690038
0.000799584
0.000913424
0.00102997
0.00114749
0.00126412
0.00137788
0.00148674
0.00158861
0.00168143
0.00176314
0.00183175
0.00188534
0.00192205
0.0019402
0.00193822
0.00191477
0.00186871
0.00179913
0.00170535
0.00158687
0.00144345
0.0012751
0.00108209
0.000864996
0.000624691
0.000362287
7.91302e-05
-0.000223231
-0.000543044
-0.000878359
-0.00122703
-0.00158676
-0.00195512
-0.0023296
-0.00270764
-0.00308665
-0.00346403
-0.00383716
-0.00420341
-0.0045602
-0.00490502
-0.00523545
-0.00554918
-0.00584405
-0.00611808
-0.00636948
-0.0065967
-0.00679837
-0.00697335
-0.00712065
-0.00723944
-0.00732903
-0.00738895
-0.00741901
-0.00741927
-0.0073901
-0.00733213
-0.00724614
-0.00713305
-0.00699386
-0.00682966
-0.00664158
-0.00643087
-0.00619884
-0.00594691
-0.0056766
-0.0053895
-0.00508729
-0.00477167
-0.0044443
-0.00410677
-0.00376053
-0.00340693
-0.00304727
-0.00268288
-0.0023152
-0.00194645
-0.00157779
-0.00120988
-0.000843281
-0.000478386
-0.000115509
0.00024509
0.00060317
0.000958506
0.00131091
0.00166024
0.00200642
0.00234939
0.00268905
0.00302524
0.00335771
0.00368609
0.00400997
0.0043288
0.004642
0.00494887
0.00524869
0.00554072
0.00582429
0.00609878
0.00636359
0.00661803
0.00686125
0.00709217
0.00730952
0.00751187
0.00769781
0.00786597
0.00801504
0.00814375
0.00825077
0.00833469
0.00839406
0.00842738
0.00843323
0.00841025
0.00835714
0.00827266
0.00815561
0.00800485
0.00781936
0.00759825
0.00734077
0.00704629
0.00671431
0.00634447
0.00593661
0.00549083
0.0050075
0.00448725
0.00393087
0.00333924
0.00271332
0.00205423
0.00136331
0.000642264
-0.000106842
-0.000881633
-0.0016795
-0.0024977
-0.00333334
-0.00418336
-0.00504451
-0.00591329
-0.006786
-0.00765881
-0.00852774
-0.00938877
-0.0102377
-0.0110703
-0.0118821
-0.0126687
-0.0134258
-0.0141491
-0.0148346
-0.0154781
-0.0160754
-0.0166223
-0.0171147
-0.0175488
-0.017921
-0.0182282
-0.0184676
-0.0186366
-0.0187328
-0.018754
-0.0186982
-0.0185637
-0.0183494
-0.0180547
-0.0176793
-0.0172234
-0.0166877
-0.0160732
-0.015381
-0.0146131
-0.0137713
-0.0128583
-0.011877
-0.0108305
-0.00972265
-0.00855756
-0.00733975
-0.00607405
-0.00476554
-0.00341945
-0.00204117
-0.00063626
0.000789465
0.0022299
0.00367866
0.00512916
0.00657473
0.00800871
0.00942455
0.0108158
0.0121762
0.0134994
0.0147791
0.016009
0.0171828
0.0182944
0.019338
0.0203084
0.0212005
0.0220098
0.0227323
0.023364
0.0239013
0.024341
0.0246803
0.024917
0.0250493
0.0250761
0.024997
0.024812
0.0245213
0.0241259
0.0236271
0.0230266
0.0223266
0.0215296
0.0206386
0.0196568
0.0185885
0.0174379
0.0162101
0.0149101
0.0135434
0.0121151
0.0106307
0.009096
0.00751714
0.00590069
0.00425356
0.0025827
0.000894937
-0.000803152
-0.00250515
-0.00420467
-0.00589516
-0.00756986
-0.00922188
-0.0108444
-0.0124307
-0.0139746
-0.0154702
-0.0169121
-0.0182948
-0.0196133
-0.0208625
-0.0220378
-0.0231345
-0.0241484
-0.0250754
-0.0259122
-0.0266555
-0.0273029
-0.0278521
-0.0283012
-0.0286488
-0.0288935
-0.0290344
-0.0290708
-0.0290023
-0.0288292
-0.0285521
-0.0281723
-0.0276917
-0.0271123
-0.0264364
-0.0256665
-0.0248051
-0.0238548
-0.0228188
-0.0217008
-0.0205051
-0.0192365
-0.0179003
-0.0165015
-0.0150454
-0.0135366
-0.0119802
-0.0103814
-0.00874605
-0.00708047
-0.00539141
-0.00368567
-0.00196982
-0.000250048
0.00146775
0.00317776
0.00487397
0.00655006
0.00819935
0.00981502
0.0113904
0.0129191
0.0143954
0.0158139
0.0171695
0.0184574
0.0196727
0.0208103
0.0218654
0.0228331
0.0237093
0.0244903
0.0251732
0.0257555
0.0262352
0.0266103
0.0268791
0.0270398
0.027091
0.0270319
0.0268622
0.0265826
0.0261943
0.0256989
0.0250983
0.0243948
0.0235906
0.0226887
0.0216922
0.0206051
0.0194316
0.0181767
0.0168456
0.015444
0.0139778
0.012453
0.0108759
0.00925294
0.00759071
0.00589609
0.00417625
0.00243858
0.000690698
-0.00105967
-0.00280481
-0.00453707
-0.00624894
-0.00793303
-0.0095821
-0.0111891
-0.012747
-0.0142493
-0.0156893
-0.0170609
-0.0183579
-0.0195746
-0.0207053
-0.021745
-0.0226889
-0.0235329
-0.0242737
-0.0249083
-0.0254346
-0.0258511
-0.0261567
-0.026351
-0.0264339
-0.026406
-0.0262683
-0.0260223
-0.0256702
-0.0252143
-0.0246576
-0.0240036
-0.0232561
-0.0224196
-0.0214989
-0.020499
-0.0194255
-0.0182841
-0.0170808
-0.0158217
-0.0145133
-0.0131622
-0.0117753
-0.0103597
-0.0089224
-0.00747055
-0.00601123
-0.00455144
-0.00309805
-0.00165782
-0.000237378
0.00115685
0.00251862
0.00384194
0.00512108
0.00635064
0.00752554
0.00864107
0.00969288
0.010677
0.0115899
0.0124285
0.0131899
0.0138719
0.0144728
0.0149912
0.0154261
0.0157771
0.0160441
0.0162275
0.0163281
0.0163473
0.0162866
0.0161481
0.0159343
0.0156477
0.0152915
0.0148688
0.0143833
0.0138388
0.0132393
0.0125893
0.0118931
0.0111554
0.0103807
0.00957373
0.00873937
0.00788246
0.00700787
0.00612045
0.00522498
0.00432615
0.00342856
0.00253668
0.00165483
0.000787153
-6.24288e-05
-0.000890197
-0.00169265
-0.00246648
-0.00320861
-0.00391622
-0.00458675
-0.005218
-0.00580803
-0.00635524
-0.00685829
-0.0073161
-0.00772789
-0.00809316
-0.00841171
-0.00868364
-0.00890926
-0.00908911
-0.00922394
-0.0093147
-0.0093626
-0.00936907
-0.00933572
-0.00926435
-0.00915683
-0.00901516
-0.00884142
-0.00863784
-0.00840678
-0.00815068
-0.00787201
-0.0075732
-0.00725659
-0.00692446
-0.00657906
-0.00622269
-0.00585769
-0.00548639
-0.00511106
-0.00473407
-0.00435764
-0.00398359
-0.0036136
-0.00324922
-0.00289184
-0.00254272
-0.00220296
-0.00187357
-0.00155545
-0.00124945
-0.00095633
-0.000676752
-0.000411238
-0.000160177
7.61536e-05
0.000297572
0.00050399
0.000695435
0.000872075
0.00103422
0.00118228
0.00131672
0.00143798
0.00154648
0.00164263
0.00172693
0.00179997
0.00186247
0.00191519
0.00195891
0.00199429
0.00202196
0.00204245
0.00205634
0.00206417
0.00206652
0.00206389
0.00205674
0.00204542
0.00203025
0.00201151
0.00198944
0.00196425
0.00193604
0.0019048
0.00187045
0.00183283
0.00179177
0.00174707
0.00169847
0.00164563
0.00158814
0.00152551
0.00145728
0.00138301
0.00130232
0.00121481
0.00112006
0.00101756
0.000906787
0.000787225
0.000658459
0.000520181
0.000372174
0.000214254
4.62401e-05
-0.000132048
-0.00032075
-0.000519905
-0.000729422
-0.00094907
-0.00117851
-0.0014173
-0.00166494
-0.00192083
-0.00218425
-0.0024544
-0.00273032
-0.00301099
-0.00329531
-0.00358212
-0.00387014
-0.004158
-0.00444424
-0.0047273
-0.00500558
-0.00527745
-0.00553977
-0.00578915
-0.00602377
-0.00624189
-0.00644165
-0.00662124
-0.00677794
-0.00691118
-0.00701949
-0.00710151
-0.00715609
-0.00718137
-0.00717754
-0.00714409
-0.00708073
-0.00698732
-0.00686336
-0.00670966
-0.00652674
-0.00631536
-0.00607657
-0.0058116
-0.00552198
-0.00520938
-0.00487558
-0.00452254
-0.00415289
-0.00376837
-0.00337135
-0.00296434
-0.0025499
-0.00213177
-0.00171146
-0.00129164
-0.00087498
-0.000464058
-6.29481e-05
0.000327594
0.000705281
0.00106792
0.00141345
0.00173809
0.00204204
0.00232378
0.00258203
0.00281574
0.00302226
0.00320292
0.00335732
0.00348527
0.00358682
0.00366063
0.00370892
0.00373237
0.00373188
0.00370849
0.00366228
0.00359584
0.00351064
0.00340826
0.00329035
0.00315802
0.00301365
0.00285903
0.00269592
0.00252608
0.00235117
0.00217291
0.00199286
0.00181244
0.00163298
0.00145603
0.00128222
0.00111242
0.000947353
0.000787574
0.000634167
0.000486597
0.000344921
0.000209038
7.86932e-05
-4.56067e-05
-0.00016534
-0.000281131
-0.000393695
-0.000503815
-0.000611295
-0.000718072
-0.000825034
-0.000933043
-0.00104036
-0.00114392
-0.00124432
-0.00134103
-0.00143353
-0.00152132
-0.00160277
-0.00167854
-0.0017482
-0.00181132
-0.00186748
-0.00191538
-0.00195561
-0.00198785
-0.00201183
-0.00202731
-0.00203349
-0.00203079
-0.00201906
-0.00199821
-0.00196819
-0.00192888
-0.00188045
-0.00182299
-0.00175662
-0.00168149
-0.00159828
-0.00150674
-0.00140714
-0.0012998
-0.00118512
-0.00106456
-0.000937507
-0.000804426
-0.000665824
-0.00052224
-0.000375876
-0.000225694
-7.23131e-05
8.36239e-05
0.000241454
0.000398451
0.00055596
0.000713266
0.000869646
0.00102437
0.00117449
0.00132152
0.00146477
0.00160353
0.0017371
0.00186262
0.00198157
0.00209331
0.00219721
0.0022927
0.00237744
0.00245273
0.00251807
0.00257303
0.00261721
0.00264912
0.00266961
0.00267845
0.00267545
0.00266047
0.00263312
0.00259366
0.00254212
0.00247858
0.00240321
0.00231687
0.00221916
0.00211037
0.00199086
0.00186103
0.001723
0.00157564
0.00141952
0.00125524
0.00108345
0.000907348
0.000725159
0.00053765
0.00034562
0.000149899
-4.55854e-05
-0.000243053
-0.000441629
-0.000640426
-0.000838542
-0.00103173
-0.00122243
-0.00140974
-0.00159277
-0.00177065
-0.00193932
-0.00210113
-0.0022553
-0.00240104
-0.0025376
-0.00266164
-0.00277516
-0.00287758
-0.00296833
-0.0030469
-0.00311103
-0.00316213
-0.00319984
-0.00322391
-0.00323413
-0.00322969
-0.00321118
-0.0031786
-0.003132
-0.00307149
-0.00299782
-0.00291069
-0.00281042
-0.0026974
-0.00257208
-0.00243672
-0.0022901
-0.0021328
-0.00196547
-0.00178882
-0.00160638
-0.00141613
-0.00121886
-0.00101542
-0.000806686
-0.000597071
-0.000383954
-0.000168263
4.90669e-05
0.000267094
0.000481016
0.000693778
0.000904464
0.00111216
0.00131597
0.00151122
0.00170084
0.00188402
0.00205999
0.00222802
0.00238413
0.00253092
0.00266774
0.002794
0.00290916
0.00301034
0.00309954
0.00317639
0.0032406
0.0032919
0.00332883
0.00335248
0.00336276
0.00335966
0.0033432
0.00331349
0.00327068
0.00321496
0.00314657
0.00306579
0.00297419
0.00287094
0.00275651
0.00263139
0.00249614
0.00235364
0.00220218
0.0020424
0.00187494
0.0017005
0.00152292
0.00133982
0.00115195
0.000960097
0.000765046
0.000571208
0.000375741
0.00017942
-1.69796e-05
-0.000212682
-0.000403188
-0.000591462
-0.000776755
-0.000958343
-0.00113553
-0.00130419
-0.00146714
-0.00162377
-0.0017735
-0.00191574
-0.00204713
-0.00217001
-0.00228393
-0.00238851
-0.00248337
-0.00256624
-0.0026388
-0.00270078
-0.00275198
-0.00279221
-0.00282045
-0.00283755
-0.00284349
-0.0028383
-0.00282204
-0.00279498
-0.00275705
-0.00270839
-0.0026492
-0.00257974
-0.00250157
-0.00241377
-0.00231672
-0.00221081
-0.00209647
-0.00197629
-0.00184858
-0.00171382
-0.00157254
-0.00142529
-0.0012755
-0.00112091
-0.00096217
-0.000799887
-0.000634695
-0.000470417
-0.00030448
-0.000137508
2.9865e-05
0.000196991
0.000359976
0.000521409
0.000680653
0.000837089
0.000990127
0.00113624
0.00127785
0.00141442
0.00154542
0.00167034
0.00178627
0.00189517
0.00199661
0.00209023
0.00217571
0.00225115
0.00231788
0.00237566
0.00242428
0.00246354
0.00249259
0.00251206
0.00252191
0.00252217
0.00251287
0.00249433
0.00246644
0.00242934
0.00238321
0.00232827
0.0022659
0.00219526
0.0021167
0.00203056
0.00193727
0.0018391
0.00173467
0.00162446
0.00150895
0.00138864
0.00126641
0.00114044
0.00101131
0.00087961
0.000745939
0.000613472
0.000480196
0.000346661
0.000213409
8.09822e-05
-4.75298e-05
-0.000174127
-0.000298274
-0.000419451
-0.000537167
-0.000648721
-0.000755944
-0.000858451
-0.000955878
-0.00104788
-0.0011324
-0.00121087
-0.00128304
-0.00134865
-0.00140751
-0.00145834
-0.00150213
-0.0015388
-0.00156831
-0.00159063
-0.00160538
-0.001613
-0.00161353
-0.00160707
-0.00159373
-0.00157396
-0.0015477
-0.00151519
-0.00147671
-0.00143254
-0.00138383
-0.00133
-0.00127135
-0.00120818
-0.00114084
-0.00107101
-0.000997778
-0.000921539
-0.000842686
-0.000761599
-0.000680212
-0.000597306
-0.000513235
-0.000428362
-0.000343056
-0.000259334
-0.000175903
-9.31019e-05
-1.12499e-05
6.93518e-05
0.000146863
0.000222578
0.000296251
0.000367651
0.000436558
0.000501428
0.000563394
0.000622268
0.000677886
0.000730121
0.000777868
0.000822093
0.000862764
0.000899855
0.000933329
0.000962486
0.000987959
0.00100975
0.00102789
0.00104245
0.00105323
0.00106062
0.00106472
0.00106561
0.00106339
0.0010582
0.00105013
0.00103932
0.00102592
0.00101005
0.000992122
0.000972007
0.000949856
0.000925833
0.000900096
0.000873264
0.000844985
0.000815377
0.000784567
0.000752702
0.00072056
0.000687683
0.000654206
0.000620228
0.00058582
0.000551743
0.000517363
0.000482771
0.00044807
0.000413366
0.000379499
0.000345794
0.00031231
0.000279108
0.000246255
0.000214584
0.00018338
0.000152675
0.000122492
9.28495e-05
6.4545e-05
3.68555e-05
9.83318e-06
-1.64551e-05
-4.19333e-05
-6.5804e-05
-8.8761e-05
-0.000110748
-0.000131693
-0.000151513
-0.000169463
-0.000186161
-0.000201572
-0.000215673
-0.000228435
-0.000239271
-0.000248696
-0.000256672
-0.000263172
-0.00026819
-0.000271346
-0.000273039
-0.000273271
-0.000272044
-0.000269365
-0.000265079
-0.000259414
-0.00025242
-0.000244144
-0.000234626
-0.000223951
-0.000212125
-0.000199223
-0.000185342
-0.000170592
-0.000155335
-0.000139413
-0.000122921
-0.000105956
-8.86225e-05
-7.14484e-05
-5.41235e-05
-3.67741e-05
-1.95232e-05
-2.48882e-06
1.37099e-05
2.94937e-05
4.47463e-05
5.93554e-05
7.32185e-05
8.5735e-05
9.73804e-05
0.000108085
0.000117784
0.000126412
0.000133471
0.000139405
0.000144189
0.000147813
0.000150278
0.000151269
0.000151174
0.000150024
0.000147861
0.000144739
0.000140524
0.000135519
0.000129804
0.000123464
0.000116588
0.000109187
0.000101458
9.35015e-05
8.54158e-05
7.72992e-05
6.92334e-05
6.1327e-05
5.36671e-05
4.63347e-05
3.94031e-05
3.29507e-05
2.70133e-05
2.16353e-05
1.68503e-05
1.26802e-05
9.14552e-06
6.22686e-06
3.91102e-06
2.17286e-06
9.75912e-07
2.73515e-07
6.6203e-09
0
0
0
0
0
0
0
0
0
0
0
0
0
-0
-0
-0
-0
-0
-0
-0
-0
-0
-0
-0
-0
-0
-0
-0
-0
-0
-0
-0
-0
-0
-0
-0
-0
-0
-0
-0
-0
-0
0
0
0
0
0
0
0
0
0
0
0
0
0
0
0
0
0
0
0
0
0
0
0
0
0
0
0
0
0
0
0
0
0
0
0
0
0
0
0
0
0
0
0
0
0
0
0
0
0
0
0
0
0
0
0
0
-0
-0
-0
-0
-0
-0
-0
-0
-0
-0
-0
-0
-0
-0
-0
-0
-0
-0
-0
-0
-0
-0
-0
0
0
0
0
0
0
0
0
0
0
0
0
0
0
0
0
0
0
0
0
0
0
0
0
0
0
0
0
0
0
0
0
0
0
0
0
0
0
0
0
0
0
0
0
0
0
0
0
0
0
0
0
0
0
0
0
0
0
0
0
0
0
0
-0
-0
-0
-0
-0
-0
-0
-0
-0
-0
-0
-0
-0
-0
-0
-0
-0
-0
0
0
0
0
0
0
0
0
0
0
0
0
0
0
0
0
0
0
0
0
0
0
0
0
0
0
0
0
0
0
0
0
0
0
0
0
0
0
0
0
0
0
0
0
0
0
0
0
0
0
0
0
0
0
0
0
0
0
0
0
0
0
0
0
0
0
0
0
0
0
0
0
-0
-0
-0
-0
-0
-0
-0
-0
-0
-0
-0
-0
-0
-0
-0
-0
-0
-0
-0
-0
-0
-0
-0
-0
-0
-0
-0
-0
-0
-0
-0
-0
-0
-0
-0
-0
-0
-0
-0
-0
-0
-0
-0
-0
-0
-0
-0
-0
