0
0
0
0
0
0
0
0
0
0
0
0
0
0
0
0
0
0
0
0
0
0
0
0
0
0
0
0
0
0
0
0
0
0
0
0
0
0
0
0
0
0
0
0
0
0
0
0
0
0
0
0
0
0
0
0
0
0
0
0
0
0
0
0
0
0
0
0
0
0
0
0
0
0
0
0
0
0
0
0
0
0
0
0
0
0
0
0
0
0
0
0
0
0
0
0
0
0
0
0
0
0
0
0
0
0
0
0
0
0
0
0
0
0
0
0
0
0
0
0
0
0
0
0
0
0
0
0
0
0
0
0
0
0
0
0
0
0
0
0
0
0
0
0
0
0
0
0
0
0
0
0
0
0
0
0
0
0
0
0
0
0
0
0
0
0
0
0
0
0
0
0
0
0
0
0
0
0
0
0
0
0
0
0
0
0
0
0
0
0
0
0
0
0
0
0
0
0
0
0
0
2.1924e-06
9.41607e-06
2.17615e-05
3.91049e-05
6.11224e-05
8.73024e-05
0.000116963
0.000149275
0.00018328
0.000217913
0.000252012
0.000284332
0.000313577
0.000338429
0.00035758
0.000369766
0.000373763
0.000368385
0.000352484
0.000324971
0.00028486
0.000231326
0.000163744
8.16905e-05
-1.50988e-05
-0.000126776
-0.000253403
-0.000394913
-0.000551029
-0.000721174
-0.000904443
-0.00109967
-0.00130557
-0.00152092
-0.00174462
-0.00197561
-0.00221273
-0.00245445
-0.00269882
-0.00294353
-0.00318615
-0.0034244
-0.00365638
-0.00388045
-0.00409504
-0.0042984
-0.00448846
-0.0046629
-0.00481935
-0.00495565
-0.00506988
-0.00516034
-0.00522538
-0.00526335
-0.00527274
-0.00525229
-0.00520111
-0.00511858
-0.00500405
-0.00485665
-0.00467519
-0.00445855
-0.00420614
-0.00391829
-0.00359624
-0.00324167
-0.00285606
-0.00244024
-0.00199437
-0.0015185
-0.00101329
-0.000480466
7.71146e-05
0.000655902
0.00125222
0.00186267
0.0024841
0.00311343
0.00374728
0.00438186
0.00501311
0.00563681
0.00624874
0.00684465
0.00742019
0.00797097
0.00849266
0.00898122
0.00943302
0.00984464
0.0102161
0.0105471
0.0108344
0.0110751
0.0112665
0.0114067
0.0114942
0.0115276
0.0115049
0.0114238
0.0112817
0.011077
0.0108089
0.0104776
0.0100838
0.00962789
0.00910956
0.00852803
0.00788274
0.00717423
0.00640447
0.00557664
0.00469427
0.00376036
0.00277697
0.00174541
0.0006671
-0.000455555
-0.00161861
-0.00281676
-0.00404402
-0.0052946
-0.00656357
-0.00784691
-0.00914103
-0.010442
-0.0117452
-0.0130446
-0.0143338
-0.015606
-0.0168553
-0.0180764
-0.0192649
-0.0204161
-0.0215249
-0.0225853
-0.0235907
-0.0245347
-0.0254119
-0.0262182
-0.0269512
-0.0276089
-0.0281889
-0.0286878
-0.0291012
-0.0294247
-0.0296543
-0.0297876
-0.0298238
-0.0297629
-0.0296055
-0.0293515
-0.0290004
-0.0285517
-0.0280057
-0.0273636
-0.0266281
-0.0258028
-0.0248916
-0.0238985
-0.0228276
-0.0216828
-0.0204688
-0.0191907
-0.017854
-0.0164646
-0.0150285
-0.0135519
-0.012041
-0.0105024
-0.00894289
-0.00736969
-0.00579007
-0.00421131
-0.00264064
-0.00108534
0.000447197
0.00194934
0.00341335
0.00483157
0.00619678
0.00750238
0.0087425
0.00991184
0.0110055
0.0120185
0.0129462
0.0137839
0.0145277
0.0151746
0.0157228
0.0161715
0.0165212
0.0167728
0.0169278
0.0169878
0.0169548
0.0168315
0.0166208
0.0163262
0.0159517
0.0155022
0.0149827
0.0143991
0.0137579
0.0130657
0.0123295
0.0115559
0.0107512
0.00992171
0.00907353
0.00821302
0.00734684
0.00648182
0.00562476
0.0047823
0.00396078
0.00316627
0.00240457
0.00168125
0.00100157
0.000370376
-0.000207906
-0.000729314
-0.00119033
-0.00158792
-0.00191965
-0.00218388
-0.00237991
-0.00250795
-0.00256902
-0.0025648
-0.0024975
-0.00236987
-0.00218541
-0.00194849
-0.00166443
-0.00133938
-0.000980139
-0.00059396
-0.000188458
0.000228358
0.000648028
0.00106163
0.00145987
0.00183321
0.00217195
0.00246624
0.00270598
0.00288078
0.00298002
0.00299307
0.00290955
0.00271971
0.00241456
0.00198605
0.00142709
0.000731619
-0.00010537
-0.00108778
-0.00221848
-0.00349943
-0.00493184
-0.00651619
-0.00825213
-0.0101383
-0.0121718
-0.0143485
-0.0166622
-0.0191054
-0.0216691
-0.0243428
-0.0271151
-0.0299731
-0.0329033
-0.035891
-0.0389206
-0.0419755
-0.045038
-0.0480892
-0.051109
-0.0540766
-0.0569707
-0.0597699
-0.0624529
-0.0649986
-0.067386
-0.0695943
-0.0716029
-0.0733917
-0.0749411
-0.0762325
-0.0772481
-0.0779713
-0.0783865
-0.0784799
-0.0782393
-0.0776549
-0.0767186
-0.075424
-0.0737664
-0.0717424
-0.0693505
-0.0665912
-0.063468
-0.059987
-0.0561569
-0.051989
-0.0474966
-0.042695
-0.0376012
-0.0322348
-0.026617
-0.0207711
-0.0147219
-0.0084959
-0.00212088
0.00437357
0.0109561
0.0175938
0.0242523
0.0308966
0.0374914
0.0440016
0.0503919
0.0566273
0.0626726
0.0684936
0.0740561
0.0793274
0.0842754
0.0888691
0.0930786
0.0968751
0.100232
0.103123
0.105527
0.107426
0.108802
0.109642
0.109935
0.109674
0.108852
0.107468
0.105521
0.103016
0.0999562
0.0963522
0.0922155
0.0875614
0.0824087
0.07678
0.0707006
0.0641989
0.0573056
0.050053
0.0424756
0.0346093
0.0264918
0.018162
0.00966026
0.00102783
-0.00769301
-0.0164592
-0.0252267
-0.0339513
-0.0425878
-0.0510913
-0.0594168
-0.0675198
-0.0753567
-0.0828854
-0.0900653
-0.0968581
-0.103228
-0.109143
-0.114572
-0.119488
-0.123869
-0.127693
-0.130944
-0.133607
-0.135672
-0.137131
-0.137981
-0.138222
-0.137856
-0.13689
-0.135332
-0.133197
-0.130497
-0.127252
-0.123482
-0.119211
-0.114465
-0.109275
-0.103671
-0.0976871
-0.0913568
-0.0847168
-0.0778046
-0.0706587
-0.063319
-0.0558257
-0.0482194
-0.0405411
-0.0328314
-0.0251304
-0.017478
-0.00991295
-0.002473
0.00480526
0.0118866
0.0187371
0.0253249
0.0316196
0.0375935
0.0432209
0.0484788
0.0533462
0.0578048
0.0618384
0.0654335
0.0685797
0.0712693
0.0734974
0.0752621
0.0765634
0.077404
0.0777888
0.0777255
0.0772242
0.0762978
0.0749609
0.0732303
0.0711241
0.0686622
0.0658661
0.0627594
0.0593667
0.0557141
0.0518279
0.047735
0.0434624
0.0390377
0.034489
0.0298446
0.0251332
0.0203827
0.0156205
0.0108732
0.00616654
0.00152538
-0.00302622
-0.00746537
-0.0117705
-0.0159217
-0.0199003
-0.0236891
-0.0272725
-0.0306363
-0.0337683
-0.0366586
-0.0392992
-0.0416838
-0.0438078
-0.0456678
-0.0472619
-0.0485897
-0.049653
-0.0504554
-0.0510021
-0.0512996
-0.0513553
-0.0511775
-0.0507754
-0.0501596
-0.0493417
-0.0483345
-0.0471512
-0.0458057
-0.0443123
-0.0426857
-0.040941
-0.0390938
-0.0371593
-0.0351525
-0.0330879
-0.0309796
-0.0288417
-0.0266884
-0.0245339
-0.0223918
-0.0202746
-0.0181937
-0.0161594
-0.0141814
-0.012269
-0.0104312
-0.00867643
-0.00701221
-0.00544464
-0.00397846
-0.00261734
-0.00136421
-0.000221432
0.000809222
0.00172681
0.00253139
0.00322392
0.00380609
0.00428004
0.00464831
0.00491393
0.00508062
0.00515295
0.00513616
0.00503589
0.00485786
0.00460769
0.00429103
0.00391365
0.00348166
0.00300145
0.00247953
0.00192233
0.00133608
0.000726908
0.000100825
-0.00053621
-0.00117845
-0.00182059
-0.00245785
-0.00308604
-0.00370125
-0.00429971
-0.00487763
-0.00543128
-0.00595729
-0.00645288
-0.00691596
-0.00734506
-0.00773907
-0.00809707
-0.00841824
-0.00870194
-0.00894787
-0.00915617
-0.00932742
-0.00946252
-0.00956262
-0.00962899
-0.00966298
-0.00966602
-0.00963961
-0.00958542
-0.00950523
-0.00940104
-0.00927509
-0.00912977
-0.00896758
-0.00879099
-0.00860232
-0.00840372
-0.00819717
-0.00798454
-0.00776769
-0.0075484
-0.00732838
-0.00710929
-0.00689272
-0.00668023
-0.00647339
-0.00627358
-0.00608191
-0.00589906
-0.00572532
-0.00556078
-0.00540564
-0.00526037
-0.00512577
-0.00500272
-0.00489184
-0.00479327
-0.00470666
-0.00463133
-0.0045666
-0.00451199
-0.00446729
-0.0044324
-0.00440716
-0.00439123
-0.0043841
-0.00438512
-0.00439365
-0.00440906
-0.00443074
-0.00445815
-0.00449083
-0.00452851
-0.00457106
-0.00461836
-0.00467017
-0.0047259
-0.00478475
-0.00484577
-0.00490822
-0.00497169
-0.00503609
-0.00510144
-0.00516763
-0.00523427
-0.00530078
-0.00536656
-0.00543122
-0.0054946
-0.00555665
-0.00561723
-0.00567603
-0.00573261
-0.00578653
-0.00583751
-0.00588539
-0.00592998
-0.00597091
-0.00600761
-0.00603945
-0.006066
-0.00608718
-0.00610317
-0.00611416
-0.00612002
-0.00612018
-0.00611375
-0.00609989
-0.0060782
-0.00604879
-0.00601219
-0.00596901
-0.00591963
-0.00586409
-0.00580225
-0.00573403
-0.00565961
-0.00557938
-0.00549346
-0.00539982
-0.00529853
-0.00519007
-0.00507504
-0.00495429
-0.00482878
-0.00469948
-0.00456717
-0.00443241
-0.00429569
-0.00415762
-0.00401906
-0.00388112
-0.0037449
-0.00361132
-0.00348087
-0.00335367
-0.00322952
-0.00310832
-0.00299019
-0.0028755
-0.00276473
-0.00265833
-0.00255659
-0.00245953
-0.00236694
-0.00227854
-0.00219401
-0.00211319
-0.00203598
-0.00196241
-0.00189252
-0.00182623
-0.00176337
-0.00170357
-0.00164636
-0.00159122
-0.00153766
-0.00148529
-0.00143382
-0.00138305
-0.00133277
-0.00128273
-0.0012326
-0.00118196
-0.0011304
-0.00107757
-0.00102329
-0.000967553
-0.000910474
-0.000852245
-0.000793061
-0.000733093
-0.000672513
-0.000611542
-0.000550496
-0.000489797
-0.000429943
-0.000371463
-0.000314893
-0.00026075
-0.00020954
-0.000161767
-0.000117912
-7.84398e-05
-4.37409e-05
-1.41306e-05
1.0147e-05
2.89121e-05
4.20198e-05
4.93932e-05
5.10328e-05
4.70354e-05
3.76019e-05
2.3021e-05
3.66909e-06
-2.00022e-05
-4.7467e-05
-7.81274e-05
-0.000111311
-0.000146294
-0.000182315
-0.000218596
-0.000254357
-0.000288798
-0.000321125
-0.00035056
-0.000376363
-0.000397864
-0.000415137
-0.000430695
-0.000444696
-0.000456987
-0.000467429
-0.000475888
-0.000482256
-0.000486446
-0.000488384
-0.000488009
-0.000485276
-0.000480157
-0.000472646
-0.000462762
-0.000450533
-0.00043603
-0.000419331
-0.000400564
-0.000380019
-0.000357801
-0.000334049
-0.000308874
-0.00028239
-0.000254709
-0.00022592
-0.000196218
-0.000165783
-0.000134809
-0.000103486
-7.19281e-05
-4.03442e-05
-8.87989e-06
2.23055e-05
5.30297e-05
8.31589e-05
0.000112427
0.000140654
0.000167686
0.000193389
0.000217698
0.000240399
0.00026134
0.000280369
0.000297359
0.000312268
0.000324956
0.000335354
0.000343388
0.00034899
0.000352142
0.000352788
0.000350938
0.000346621
0.000339862
0.000330659
0.000319022
0.000304958
0.000288513
0.000269782
0.000248834
0.000225891
0.000201104
0.000174603
0.000146506
0.000116796
8.57559e-05
5.35535e-05
2.03772e-05
-1.35774e-05
-4.83309e-05
-8.34871e-05
-0.00011887
-0.000154309
-0.000189641
-0.000224982
-0.000259901
-0.00029424
-0.000327836
-0.000360521
-0.00039244
-0.000423123
-0.00045244
-0.000480286
-0.000506581
-0.000531566
-0.000554866
-0.000576421
-0.000596179
-0.000614101
-0.000630413
-0.000644839
-0.000657373
-0.000668027
-0.000676848
-0.000684048
-0.000689603
-0.000693625
-0.000696217
-0.000697457
-0.000697367
-0.000696081
-0.00069373
-0.000690499
-0.000686602
-0.000681966
-0.000677042
-0.000671957
-0.000666816
-0.00066174
-0.000656345
-0.000651364
-0.000646995
-0.00064341
-0.000640738
-0.000638282
-0.000636923
-0.000636753
-0.000637874
-0.000640369
-0.000643293
-0.000647633
-0.000653357
-0.000660426
-0.000668817
-0.000677425
-0.000687299
-0.000698348
-0.000710416
-0.000723298
-0.000735739
-0.000748578
-0.000761639
-0.000774741
-0.000787668
-0.000799338
-0.000810246
-0.000820059
-0.000828452
-0.000835124
-0.000839382
-0.000841331
-0.000840651
-0.000837
-0.000830034
-0.000819604
-0.000805255
-0.000786725
-0.00076376
-0.000736108
-0.000704384
-0.000667531
-0.000625402
-0.000577906
-0.000524993
-0.000468208
-0.000405966
-0.000338281
-0.00026521
-0.000186887
-0.000105727
-1.97828e-05
7.06405e-05
0.000165206
0.000263546
0.000362583
0.00046452
0.000568836
0.000674963
0.000782292
0.000887368
0.000992356
0.00109656
0.00119924
0.00129963
0.00139433
0.00148519
0.00157142
0.00165227
0.00172696
0.00179273
0.00185077
0.00190031
0.00194058
0.00197091
0.00198969
0.00199724
0.00199297
0.00197636
0.00194695
0.00190474
0.00184898
0.00177941
0.00169578
0.00159797
0.00148782
0.00136346
0.00122505
0.00107283
0.000907119
0.000731704
0.000543624
0.000343403
0.000131668
-9.08349e-05
-0.000318646
-0.000555462
-0.000800303
-0.00105213
-0.00130983
-0.00156685
-0.0018273
-0.00208987
-0.00235321
-0.00261596
-0.00287125
-0.00312315
-0.0033702
-0.00361091
-0.00384376
-0.00406238
-0.00427025
-0.00446605
-0.00464844
-0.00481613
-0.00496426
-0.00509511
-0.0052075
-0.00530035
-0.00537272
-0.00542217
-0.00544956
-0.0054542
-0.00543551
-0.005393
-0.00532709
-0.00523685
-0.00512225
-0.00498341
-0.0048205
-0.00463706
-0.00443033
-0.0042009
-0.00394953
-0.00367711
-0.0033901
-0.00308411
-0.00276034
-0.00242007
-0.00206477
-0.00170318
-0.00132984
-0.000946515
-0.000555022
-0.000157204
0.000237014
0.000633747
0.00103101
0.00142675
0.0018189
0.00219745
0.0025683
0.00292947
0.00327899
0.00361493
0.00392858
0.004225
0.00450247
0.00475937
0.00499415
0.00520056
0.00538207
0.0055375
0.00566579
0.00576607
0.0058355
0.00587557
0.00588585
0.00586601
0.00581592
0.00573656
0.00562716
0.00548807
0.00531979
0.00512297
0.00490233
0.00465492
0.00438186
0.00408442
0.00376399
0.00342848
0.003073
0.00269923
0.00230895
0.00190408
0.00149482
0.00107505
0.000646847
0.000212303
-0.000226468
-0.00065845
-0.00109033
-0.00151989
-0.00194494
-0.00236329
-0.00276442
-0.0031548
-0.00353255
-0.00389582
-0.00424289
-0.00456507
-0.00486789
-0.00514995
-0.00540995
-0.00564666
-0.00585419
-0.00603631
-0.00619219
-0.00632119
-0.00642289
-0.00649497
-0.00653934
-0.00655596
-0.0065449
-0.00650638
-0.00644164
-0.00635041
-0.00623344
-0.00609161
-0.00592591
-0.00574083
-0.00553405
-0.00530678
-0.00506036
-0.00479624
-0.00452143
-0.00423209
-0.00392986
-0.00361647
-0.00329366
-0.00296984
-0.00264013
-0.00230625
-0.00196994
-0.0016329
-0.00130376
-0.000977249
-0.000654991
-0.000338576
-2.952e-05
0.000264404
0.000548224
0.000820704
0.00108068
0.00132706
0.00155382
0.00176512
0.00196019
0.0021384
0.0022992
0.00243891
0.00256044
0.00266361
0.00274831
0.00281458
0.00286129
0.00288993
0.00290079
0.00289425
0.00287082
0.00283173
0.0027771
0.00270774
0.00262449
0.00252824
0.002422
0.00230455
0.00217687
0.00203999
0.00189501
0.00174616
0.0015914
0.00143182
0.00126848
0.00110243
0.000938251
0.000773452
0.000609037
0.000445973
0.00028518
0.000130901
-1.94399e-05
-0.000165082
-0.000305315
-0.000439481
-0.000564213
-0.000681772
-0.000791722
-0.000893703
-0.000987431
-0.00107082
-0.00114562
-0.00121176
-0.0012692
-0.00131795
-0.00135718
-0.0013879
-0.00141033
-0.00142476
-0.00143157
-0.00143116
-0.00142392
-0.00141027
-0.00139061
-0.00136541
-0.00133591
-0.00130202
-0.00126436
-0.00122358
-0.00118028
-0.00113607
-0.00109042
-0.00104387
-0.00099696
-0.000950258
-0.000905379
-0.000861776
-0.000819933
-0.000780301
-0.000743301
-0.000710124
-0.00068034
-0.000654273
-0.000632197
-0.000614343
-0.000601205
-0.000592616
-0.00058868
-0.000589461
-0.000594978
-0.00060495
-0.000619567
-0.000638728
-0.000662291
-0.000690067
-0.000721032
-0.000755683
-0.000793695
-0.000834731
-0.000878448
-0.000923349
-0.000970236
-0.00101873
-0.0010684
-0.00111881
-0.00116821
-0.00121747
-0.00126617
-0.00131391
-0.00136029
-0.0014037
-0.00144489
-0.00148347
-0.00151908
-0.00155139
-0.0015793
-0.00160333
-0.00162315
-0.00163845
-0.00164894
-0.00165414
-0.00165411
-0.00164875
-0.00163796
-0.00162168
-0.00160027
-0.00157326
-0.00154065
-0.00150248
-0.00145885
-0.00141099
-0.00135797
-0.0013
-0.00123734
-0.00117028
-0.00110085
-0.00102773
-0.000951264
-0.00087178
-0.000789604
-0.000707125
-0.000622731
-0.000536892
-0.000450104
-0.000362851
-0.000277712
-0.000192939
-0.00010891
-2.6013e-05
5.53411e-05
0.00013276
0.000207846
0.000280262
0.000349702
0.000415865
0.000476862
0.000533922
0.000586716
0.000634969
0.000678486
0.000716191
0.000748929
0.000776577
0.000798975
0.000815941
0.000827134
0.000832707
0.00083272
0.000827316
0.00081666
0.00080145
0.00078121
0.000755996
0.000725885
0.000691024
0.000652895
0.000610554
0.000564339
0.000514578
0.000461557
0.000407296
0.000350227
0.000290574
0.000228616
0.000164709
0.000101354
3.69305e-05
-2.81261e-05
-9.3446e-05
-0.00015874
-0.000221657
-0.000284081
-0.000345716
-0.000406184
-0.000465061
-0.000520048
-0.00057274
-0.000622953
-0.000670581
-0.000715515
-0.000756122
-0.000793579
-0.000827568
-0.000857814
-0.000884163
-0.000905754
-0.00092349
-0.000937432
-0.000947571
-0.000953821
-0.000955923
-0.000953969
-0.000948004
-0.000938171
-0.000924651
-0.000908145
-0.00088822
-0.00086495
-0.000838421
-0.000808784
-0.000777396
-0.000743393
-0.000707037
-0.000668559
-0.000627976
-0.000586874
-0.000543969
-0.000499587
-0.000454087
-0.00040783
-0.000362913
-0.000317874
-0.000273007
-0.000228609
-0.000184986
-0.000144131
-0.000104593
-6.66032e-05
-3.03632e-05
3.93569e-06
3.47019e-05
6.31785e-05
8.92015e-05
0.00011265
0.000133459
0.000150665
0.00016525
0.000177224
0.000186589
0.00019335
0.000197116
0.000198414
0.000197383
0.0001942
0.000189045
0.000182146
0.000173575
0.000163456
0.000151924
0.000139146
0.00012577
0.000111547
9.67063e-05
8.14558e-05
6.59757e-05
5.10979e-05
3.62344e-05
2.15196e-05
7.09667e-06
-6.8843e-06
-1.95287e-05
-3.15148e-05
-4.27394e-05
-5.31225e-05
-6.26013e-05
-7.04429e-05
-7.73474e-05
-8.3282e-05
-8.8228e-05
-9.21824e-05
-9.46311e-05
-9.61747e-05
-9.68348e-05
-9.66362e-05
-9.56124e-05
-9.34761e-05
-9.06756e-05
-8.72909e-05
-8.34063e-05
-7.91009e-05
-7.42782e-05
-6.91983e-05
-6.39258e-05
-5.8531e-05
-5.30898e-05
-4.76296e-05
-4.22836e-05
-3.71139e-05
-3.21731e-05
-2.75062e-05
-2.31603e-05
-1.91627e-05
-1.55429e-05
-1.23209e-05
-9.50632e-06
-7.11383e-06
-5.11248e-06
-3.48839e-06
-2.22108e-06
-1.28278e-06
-6.41553e-07
-2.46302e-07
-4.99481e-08
0
0
0
0
0
0
0
0
0
0
0
0
0
0
0
0
0
0
0
0
0
0
0
0
0
0
0
0
0
0
0
0
0
0
0
0
0
0
0
0
0
0
0
0
0
0
0
0
0
0
0
0
0
0
0
0
0
0
0
0
0
0
0
0
0
0
0
0
0
0
0
0
0
0
0
0
0
0
0
0
0
0
0
0
0
0
0
0
0
0
0
0
0
0
0
0
0
0
0
0
0
0
0
0
0
0
0
0
0
0
0
0
0
0
0
0
0
0
0
0
0
0
0
0
0
0
0
0
0
0
0
0
0
0
0
0
0
0
0
0
0
0
0
0
0
0
0
0
0
0
0
0
0
0
0
0
0
0
0
0
0
0
0
0
0
0
0
0
0
0
0
0
0
0
0
0
0
0
0
0
0
0
0
0
0
0
0
0
0
0
0
0
0
0
0
0
0
0
0
0
0
