-0
-0
-0
-0
-0
-0
-0
-0
-0
-0
-0
-0
-0
-0
-0
-0
-0
-0
-0
-0
-0
-0
-0
-0
-0
-0
-0
-0
-0
-0
-0
-0
-0
-0
-0
-0
-0
-0
-0
-0
-0
-0
-0
-0
-0
-0
-0
-0
0
0
0
0
0
0
0
0
0
0
0
0
0
0
0
0
0
0
0
0
0
0
0
0
0
0
0
0
0
0
0
0
0
0
0
0
0
0
0
0
0
0
0
0
0
0
0
0
0
0
0
0
0
0
-0
-0
-0
-0
-0
-0
-0
-0
-0
-0
-0
-0
-0
-0
-0
-0
-0
-0
-0
-0
-0
-0
-0
-0
-0
-0
-0
-0
-0
-0
-0
-0
-0
-0
-0
-0
-0
-0
-0
-0
-0
-0
-0
-0
-0
-0
-0
-0
-0
-0
-0
0
0
0
0
0
0
0
0
0
0
0
0
0
0
0
0
0
0
0
0
0
0
0
0
0
0
0
0
0
0
0
0
0
0
0
0
0
0
0
0
0
0
0
0
0
0
0
0
0
-0
-0
-0
-0
-0
-0
-0
-0
-0
-0
-0
-0
-0
-0
-0
-0
-0
-0
-0
-0
-0
-0
-0
-0
-0
-0
-0
-0
-0
-0
-0
-0
-0
-0
-0
-0
-0
-0
-0
-0
-0
-0
-0
-0
-0
-0
-0
-0
0
0
0
0
0
0
0
0
0
0
0
0
0
0
0
0
0
0
0
0
0
0
0
0
0
0
0
0
0
0
0
0
0
0
0
0
0
0
0
0
0
0
0
0
0
-0
-0
-0
-0
-0
-0
-0
-0
-0
-0
-0
-0
-0
-0
-0
-0
-0
-0
-0
-0
-0
-0
-0
-0
-0
-0
-0
-0
-0
0
0
0
0
0
0
0
0
0
0
0
0
0
0
0
0
0
0
0
0
0
0
0
0
0
0
0
0
0
0
-0
-0
-0
-0
-0
-0
-0
-0
-0
-0
-0
-0
-0
-0
-0
-0
-0
-0
-0
-0
-0
-0
-0
-0
-0
-0
-0
-0
-0
-0
-1.05438e-05
-4.97359e-05
-0.000114062
-0.000198407
-0.000296595
-0.000401478
-0.000505016
-0.00059838
-0.000672059
-0.000716004
-0.000719814
-0.000672933
-0.00056484
-0.000385198
-0.000123971
0.000228423
0.000680903
0.00124144
0.00191679
0.00271223
0.00363154
0.00467693
0.00584906
0.00714691
0.00856761
0.0101062
0.0117554
0.0135058
0.015346
0.0172627
0.0192408
0.0212634
0.0233122
0.0253669
0.0274065
0.0294083
0.0313491
0.033205
0.0349513
0.0365629
0.0380148
0.0392824
0.0403421
0.0411713
0.0417487
0.042054
0.0420684
0.0417751
0.0411598
0.0402115
0.0389221
0.0372865
0.0353025
0.0329704
0.0302934
0.0272783
0.0239354
0.0202785
0.0163249
0.0120943
0.00760913
0.00289439
-0.0020221
-0.0071098
-0.0123358
-0.0176656
-0.0230632
-0.0284917
-0.033913
-0.0392877
-0.0445757
-0.049737
-0.0547329
-0.0595267
-0.0640837
-0.0683708
-0.0723558
-0.0760076
-0.0792967
-0.0821969
-0.084686
-0.0867461
-0.0883631
-0.0895264
-0.0902279
-0.0904627
-0.0902295
-0.0895312
-0.088375
-0.0867722
-0.0847594
-0.0823808
-0.0796519
-0.0765903
-0.0732158
-0.0695502
-0.0656156
-0.0614345
-0.0570291
-0.0524219
-0.0476373
-0.0427016
-0.0376431
-0.0324907
-0.0272728
-0.0220157
-0.0167446
-0.0114837
-0.00625769
-0.00109206
0.0039875
0.00895604
0.0137904
0.0184696
0.0229747
0.027288
0.0313927
0.0352728
0.0389138
0.0423028
0.0454291
0.0482836
0.0508589
0.0531489
0.0551494
0.0568578
0.058274
0.0594002
0.0602399
0.0607981
0.0610803
0.0610928
0.0608431
0.0603406
0.0595958
0.0586209
0.0574287
0.0560329
0.0544472
0.0526863
0.0507655
0.0487007
0.0465081
0.0442039
0.0418035
0.0393223
0.0367756
0.0341789
0.0315478
0.0288977
0.0262429
0.0235969
0.0209718
0.0183786
0.015828
0.0133302
0.0108947
0.0085303
0.00624459
0.00404412
0.00193448
-7.96422e-05
-0.00199454
-0.00380779
-0.00551853
-0.00712737
-0.008636
-0.0100464
-0.0113604
-0.0125793
-0.0137047
-0.0147388
-0.0156852
-0.0165488
-0.0173351
-0.0180498
-0.018698
-0.0192843
-0.019813
-0.0202887
-0.0207165
-0.0211021
-0.0214507
-0.0217674
-0.0220563
-0.0223211
-0.0225649
-0.0227903
-0.0229992
-0.0231925
-0.0233702
-0.0235315
-0.0236756
-0.0238018
-0.0239095
-0.0239974
-0.0240633
-0.0241035
-0.0241129
-0.0240863
-0.0240186
-0.0239056
-0.0237432
-0.0235269
-0.0232507
-0.0229079
-0.022491
-0.0219935
-0.0214098
-0.0207359
-0.0199684
-0.0191038
-0.0181378
-0.0170662
-0.0158854
-0.0145933
-0.0131897
-0.0116756
-0.0100528
-0.00832255
-0.00648614
-0.00454503
-0.00250189
-0.000361251
0.00187031
0.00418445
0.00657168
0.00902178
0.0115241
0.0140675
0.0166401
0.0192292
0.0218212
0.0244018
0.0269555
0.0294667
0.0319189
0.0342956
0.0365804
0.0387571
0.0408097
0.0427224
0.0444794
0.0460649
0.0474636
0.0486605
0.0496416
0.0503936
0.0509039
0.0511603
0.0511519
0.0508688
0.0503029
0.0494484
0.0483015
0.04686
0.0451235
0.0430925
0.0407686
0.0381555
0.0352584
0.0320851
0.0286456
0.0249519
0.0210184
0.0168609
0.0124974
0.00794692
0.00322983
-0.00163261
-0.00661825
-0.0117038
-0.0168647
-0.0220743
-0.0273049
-0.0325272
-0.0377115
-0.0428281
-0.0478476
-0.052741
-0.0574795
-0.0620344
-0.0663775
-0.070481
-0.0743179
-0.0778617
-0.0810869
-0.0839689
-0.086484
-0.0886104
-0.0903285
-0.0916213
-0.0924742
-0.0928755
-0.0928151
-0.092285
-0.0912791
-0.0897939
-0.0878282
-0.0853836
-0.0824647
-0.0790787
-0.0752355
-0.070948
-0.066232
-0.0611062
-0.0555922
-0.0497135
-0.0434956
-0.0369659
-0.0301531
-0.023088
-0.0158034
-0.00833403
-0.000716603
0.00701057
0.0148078
0.0226344
0.030449
0.0382101
0.0458763
0.0534071
0.0607628
0.0679045
0.0747935
0.0813916
0.0876608
0.093564
0.0990652
0.104131
0.10873
0.112833
0.116415
0.119454
0.121929
0.123823
0.125124
0.125821
0.125904
0.125371
0.124217
0.122443
0.120054
0.117055
0.113457
0.109276
0.104529
0.0992381
0.0934294
0.0871309
0.0803734
0.0731896
0.0656144
0.0576841
0.0494367
0.0409115
0.0321496
0.0231929
0.0140853
0.00487174
-0.00440117
-0.0136857
-0.022933
-0.0320943
-0.0411208
-0.0499645
-0.0585786
-0.0669179
-0.0749386
-0.0825993
-0.0898612
-0.0966888
-0.10305
-0.108916
-0.114263
-0.119067
-0.123309
-0.126974
-0.130048
-0.132522
-0.13439
-0.135651
-0.136303
-0.136353
-0.135805
-0.13467
-0.132961
-0.130694
-0.127887
-0.124561
-0.12074
-0.116448
-0.111713
-0.106564
-0.101033
-0.095154
-0.0889614
-0.0824907
-0.0757785
-0.0688619
-0.0617789
-0.0545681
-0.0472681
-0.0399174
-0.0325539
-0.0252145
-0.0179354
-0.010752
-0.00369884
0.00319091
0.00988539
0.0163544
0.0225695
0.0285043
0.034134
0.0394363
0.0443909
0.0489799
0.0531878
0.0570011
0.0604086
0.0634016
0.0659738
0.0681215
0.0698436
0.0711416
0.072019
0.0724922
0.0725848
0.0723055
0.0716642
0.0706719
0.0693406
0.0676829
0.065712
0.0634414
0.0608855
0.0580598
0.0549807
0.0516659
0.0481335
0.0444017
0.0404891
0.0364144
0.0321972
0.027858
0.0234179
0.0188986
0.0143215
0.00970813
0.00507962
0.000457481
-0.00413644
-0.00867996
-0.0131508
-0.017527
-0.0217872
-0.0259105
-0.0298767
-0.0336659
-0.0372591
-0.0406381
-0.0437861
-0.0466874
-0.0493281
-0.0516948
-0.0537753
-0.055558
-0.0570324
-0.0581895
-0.0590218
-0.0595243
-0.0596937
-0.0595287
-0.0590296
-0.0581982
-0.0570377
-0.0555526
-0.0537493
-0.0516356
-0.0492215
-0.0465187
-0.0435408
-0.0403027
-0.0368207
-0.0331124
-0.0291965
-0.0250932
-0.0208239
-0.0164113
-0.0118794
-0.00725268
-0.0025565
0.00218306
0.00693921
0.0116845
0.0163912
0.0210315
0.0255781
0.0300037
0.0342816
0.0383849
0.0422868
0.0459605
0.04938
0.05252
0.0553563
0.0578655
0.0600258
0.0618161
0.0632174
0.0642124
0.0647861
0.0649252
0.0646182
0.0638426
0.0625786
0.0608293
0.0586004
0.0558939
0.0527152
0.0490914
0.045014
0.0404958
0.035552
0.0302011
0.0245163
0.0184713
0.0120942
0.00541582
-0.00153127
-0.00863053
-0.0159287
-0.0233874
-0.0309668
-0.0386255
-0.0462162
-0.0538028
-0.0613411
-0.0687861
-0.0760925
-0.0830997
-0.0898822
-0.0963992
-0.102611
-0.108481
-0.11386
-0.118827
-0.123348
-0.127391
-0.130929
-0.133848
-0.136222
-0.138035
-0.139274
-0.139929
-0.139933
-0.139344
-0.138163
-0.136394
-0.134045
-0.131112
-0.127627
-0.123608
-0.119076
-0.114056
-0.108602
-0.102715
-0.0964273
-0.0897711
-0.0827807
-0.0755559
-0.0680671
-0.0603516
-0.0524469
-0.0443907
-0.0363137
-0.0281554
-0.0199514
-0.0117365
-0.00354417
0.0044826
0.0124281
0.0202633
0.0279607
0.0354939
0.0427243
0.0497479
0.0565449
0.0630972
0.069388
0.0752956
0.0809135
0.0862285
0.0912281
0.0959015
0.100153
0.10406
0.107612
0.1108
0.113612
0.115981
0.117953
0.119516
0.120657
0.121292
0.121343
0.120813
0.119693
0.117978
0.115663
0.112775
0.10929
0.105214
0.100556
0.0953267
0.0896124
0.0833622
0.0765978
0.0693441
0.061628
0.0535872
0.0451461
0.0363399
0.0272066
0.0177866
0.00825688
-0.00147404
-0.0113613
-0.0213586
-0.0314179
-0.0413442
-0.0512344
-0.0610392
-0.0707091
-0.0801944
-0.089306
-0.098135
-0.106634
-0.114756
-0.122458
-0.129581
-0.136202
-0.142283
-0.147786
-0.152679
-0.156856
-0.160365
-0.163183
-0.165289
-0.166668
-0.167282
-0.167146
-0.166256
-0.164608
-0.162206
-0.159089
-0.155235
-0.150658
-0.145377
-0.139414
-0.132879
-0.125717
-0.117962
-0.109647
-0.100813
-0.0916266
-0.0820062
-0.0719985
-0.061653
-0.0510209
-0.0403084
-0.029415
-0.0183944
-0.00730143
0.00380868
0.0147187
0.0255361
0.0362072
0.0466795
0.0569016
0.0666735
0.076097
0.085126
0.0937168
0.101829
0.109304
0.116227
0.122566
0.128292
0.133377
0.137724
0.141389
0.144356
0.146615
0.148157
0.148958
0.14904
0.148409
0.147071
0.145039
0.142358
0.139016
0.135035
0.130438
0.125254
0.119591
0.113405
0.106731
0.0996092
0.0920784
0.0842941
0.0761858
0.0677973
0.0591738
0.050361
0.0415384
0.0326185
0.0236469
0.0146693
0.00573109
-0.00298696
-0.0115778
-0.0199997
-0.0282119
-0.0361757
-0.0437319
-0.0509682
-0.0578526
-0.0643556
-0.0704501
-0.0760173
-0.0811296
-0.0857673
-0.0899136
-0.0935545
-0.0966222
-0.099166
-0.101181
-0.102667
-0.103624
-0.104041
-0.103941
-0.103333
-0.102228
-0.100641
-0.0986106
-0.0961313
-0.0932233
-0.089909
-0.0862131
-0.0822189
-0.0778966
-0.0732746
-0.0683818
-0.0632479
-0.057983
-0.0525382
-0.0469447
-0.0412338
-0.0354369
-0.0296756
-0.0238899
-0.0181099
-0.0123655
-0.00668532
-0.00118626
0.00419483
0.00943347
0.0145065
0.0193921
0.0239925
0.0283658
0.0324946
0.0363632
0.0399579
0.0432098
0.0461662
0.048819
0.0511623
0.0531919
0.0548734
0.0562387
0.0572889
0.0580264
0.058455
0.0585728
0.0583944
0.057929
0.0571872
0.0561811
0.0549392
0.0534589
0.051754
0.0498391
0.0477296
0.0454754
0.0430596
0.0404993
0.0378114
0.0350129
0.0321654
0.0292409
0.0262566
0.02323
0.0201784
0.0171679
0.0141643
0.011182
0.00823446
0.00533478
0.00254388
-0.000173471
-0.002805
-0.00533945
-0.0077671
-0.0100387
-0.0121891
-0.0142127
-0.0161043
-0.0178586
-0.0194394
-0.0208737
-0.022159
-0.0232945
-0.0242805
-0.0250987
-0.0257699
-0.026295
-0.0266752
-0.0269125
-0.0270024
-0.0269576
-0.0267837
-0.0264866
-0.0260718
-0.025547
-0.0249145
-0.0241801
-0.0233499
-0.0224312
-0.0214426
-0.0203796
-0.0192484
-0.0180551
-0.0168055
-0.0155237
-0.0141986
-0.0128364
-0.0114434
-0.010025
-0.00860852
-0.00717641
-0.00573355
-0.00428478
-0.00283464
-0.001412
4.66464e-06
0.00141233
0.00280795
0.00418822
0.00552377
0.0068376
0.00812737
0.00939148
0.0106286
0.0118115
0.0129639
0.0140831
0.0151665
0.016212
0.017194
0.0181367
0.0190403
0.0199043
0.0207276
0.0214864
0.0222007
0.0228687
0.0234891
0.0240609
0.024565
0.0250175
0.025416
0.0257585
0.026043
0.0262566
0.0264095
0.0265006
0.0265279
0.026489
0.0263779
0.0261964
0.0259435
0.0256185
0.0252208
0.0247548
0.0242137
0.023596
0.0229007
0.0221273
0.0212915
0.0203787
0.0193899
0.0183258
0.0171874
0.0160014
0.0147443
0.0134191
0.0120291
0.0105778
0.00910285
0.00757335
0.00599292
0.00436594
0.00269764
0.00103434
-0.000658115
-0.00237335
-0.00410481
-0.00584561
-0.00754573
-0.00924026
-0.0109216
-0.0125823
-0.0142153
-0.0157733
-0.0172893
-0.0187551
-0.020162
-0.0215009
-0.0227305
-0.0238766
-0.0249331
-0.0258941
-0.0267534
-0.0274832
-0.0280973
-0.0285894
-0.0289541
-0.0291873
-0.0292807
-0.0292275
-0.0290179
-0.0286502
-0.0281234
-0.0274493
-0.0266188
-0.0256361
-0.0245063
-0.0232359
-0.0218594
-0.020357
-0.0187382
-0.0170138
-0.0151957
-0.0133361
-0.0114068
-0.00941988
-0.00738823
-0.00532543
-0.00329261
-0.00125705
0.000766441
0.00276382
0.00472206
0.00658251
0.00838155
0.0101077
0.0117497
0.0132967
0.0146988
0.0159897
0.0171628
0.0182123
0.0191339
0.0198942
0.0205222
0.0210169
0.0213787
0.0216095
0.0216944
0.0216553
0.0214967
0.0212238
0.0208428
0.0203554
0.0197756
0.019112
0.0183736
0.0175697
0.0167136
0.0158113
0.0148726
0.0139074
0.0129256
0.0119452
0.0109655
0.00999486
0.00904148
0.00811289
0.00722653
0.00637665
0.00556853
0.00480661
0.00409458
0.0034445
0.00284796
0.00230637
0.00182039
0.00138993
0.00102049
0.000703085
0.000435668
0.000215614
3.97919e-05
-9.20237e-05
-0.000187872
-0.000251755
-0.000287826
-0.000300339
-0.000292417
-0.000269981
-0.000237136
-0.000197788
-0.000155565
-0.000113595
-7.51444e-05
-4.27261e-05
-1.84243e-05
-3.86155e-06
-0
-0
-0
-0
-0
-0
-0
-0
-0
-0
-0
-0
-0
-0
-0
-0
-0
-0
-0
-0
-0
-0
0
0
0
0
0
0
0
0
0
0
0
0
0
0
0
0
0
0
0
0
0
0
0
0
0
0
0
0
0
0
0
0
0
0
0
0
0
0
0
0
0
0
0
0
0
0
0
0
0
0
0
0
0
0
0
0
0
0
0
0
0
0
0
0
0
0
0
0
0
0
0
0
0
0
0
0
0
0
0
0
0
0
0
0
0
0
0
0
0
0
0
0
0
0
0
0
0
0
0
0
0
0
0
0
0
0
0
0
0
0
0
0
0
0
0
0
0
0
0
0
0
0
0
0
0
-0
-0
-0
-0
-0
-0
-0
-0
-0
-0
-0
-0
-0
-0
-0
-0
-0
-0
-0
-0
-0
0
0
0
0
0
0
0
0
0
0
0
0
0
0
0
0
0
0
0
0
0
0
0
0
0
0
0
0
0
0
0
0
0
0
0
0
0
0
0
0
0
0
0
0
0
0
0
0
0
0
0
0
0
0
0
0
0
0
0
0
0
0
0
0
0
0
0
-0
-0
-0
-0
-0
-0
-0
-0
-0
-0
-0
-0
-0
-0
-0
-0
-0
-0
-0
-0
-0
-0
-0
-0
-0
-0
-0
-0
-0
-0
-0
-0
-0
-0
-0
-0
-0
-0
-0
0
0
0
0
0
0
0
0
0
0
0
0
0
0
0
0
0
0
0
0
0
0
0
0
0
0
0
0
0
0
0
0
0
0
0
0
0
0
0
0
0
0
0
0
0
0
0
0
0
0
0
0
0
0
0
0
0
0
0
0
0
0
0
0
0
0
0
0
0
0
0
0
-0
-0
-0
-0
-0
-0
-0
-0
-0
-0
-0
-0
-0
-0
-0
-0
-0
-0
-0
-0
-0
-0
-0
-0
-0
-0
-0
-0
-0
-0
-0
-0
-0
-0
-0
-0
-0
-0
