-0
-0
-0
-0
-0
-0
-0
-0
-0
-0
-0
-0
-0
-0
-0
-0
-0
-0
-0
-0
-0
-0
-0
-0
-0
-0
-0
-0
-0
-0
-0
-0
-0
-0
-0
-0
-0
-0
-0
-0
-0
-0
0
0
0
0
0
0
0
0
0
0
0
0
0
0
0
0
0
0
0
0
0
0
0
0
0
0
0
0
0
0
0
0
0
0
0
0
0
0
0
0
0
0
0
0
0
0
0
0
0
0
0
0
0
0
0
0
0
0
-0
-0
-0
-0
-0
-0
-0
-0
-0
-0
-0
-0
-0
-0
-0
-0
-0
-0
-0
-0
-0
-0
-0
-0
-0
-0
-0
-0
-0
-0
-0
-0
-0
-0
-0
-0
-0
-0
-0
-0
-0
-0
-0
-0
-0
-0
-0
-0
-0
-0
-0
-0
-0
0
0
0
0
0
0
0
0
0
0
0
0
0
0
0
0
0
0
0
0
0
0
0
0
0
0
0
0
0
0
0
0
0
0
0
0
0
0
0
0
0
0
0
0
0
0
0
0
-0
-0
-0
-0
-0
-0
-0
-0
-0
-0
-0
-0
-0
-0
-0
-0
-0
-0
-0
-0
-0
-0
-0
-0
-0
-0
-0
-0
-0
-0
-0
-0
-0
-0
-0
-0
-0
-0
-0
-0
-0
-0
-0
-0
-0
-0
0
0
0
0
0
0
0
0
0
0
0
0
0
0
0
0
0
0
0
0
0
0
0
0
0
0
0
0
0
0
0
0
0
0
0
0
0
-0
-0
-0
-0
-0
-0
-0
-0
-0
-0
-0
-0
-0
-0
-0
-0
-0
-0
-0
-0
-0
-0
-0
-0
-0
-0
-0
-0
-0
-0
-0
-0
-0
0
0
0
0
0
0
0
0
0
0
0
0
0
0
0
0
0
0
0
0
0
0
0
0
0
0
0
0
0
0
0
0
0
0
0
0
0
0
0
0
-0
-0
-0
-0
-0
-0
-0
-0
-0
-0
-0
-0
-0
-0
-0
-0
-0
-0
-0
-0
-0
-0
-0
-0
-0
-0
-0
-8.13277e-06
-3.86724e-05
-8.95263e-05
-0.000157466
-0.000238541
-0.00032814
-0.000421059
-0.000511565
-0.000593474
-0.000660245
-0.000705093
-0.000721128
-0.000701485
-0.000639423
-0.000528414
-0.00036221
-0.000134963
0.000158622
0.000523108
0.000962177
0.00147854
0.00207394
0.00274914
0.0035039
0.00433689
0.0052456
0.0062262
0.00727355
0.00838127
0.00954181
0.0107465
0.0119858
0.013249
0.0145247
0.0158006
0.017064
0.0183014
0.0194992
0.020643
0.0217186
0.0227113
0.023607
0.0243921
0.0250535
0.025579
0.0259568
0.0261759
0.0262263
0.0260994
0.0257883
0.0252879
0.0245948
0.023707
0.0226242
0.0213471
0.0198786
0.0182234
0.0163881
0.0143811
0.0122122
0.00989239
0.00743424
0.00485171
0.00216034
-0.00062301
-0.00348056
-0.00639394
-0.00934432
-0.0123123
-0.0152776
-0.0182194
-0.0211166
-0.0239486
-0.0266958
-0.0293402
-0.0318645
-0.0342519
-0.0364861
-0.0385509
-0.0404317
-0.0421155
-0.043592
-0.044853
-0.045892
-0.0467038
-0.0472842
-0.0476306
-0.047742
-0.04762
-0.047268
-0.0467036
-0.045949
-0.0450104
-0.043895
-0.0426113
-0.0411687
-0.0395771
-0.0378465
-0.0359863
-0.0340057
-0.0319142
-0.0297226
-0.027443
-0.025089
-0.022674
-0.0202107
-0.0177102
-0.0151828
-0.0126382
-0.0100869
-0.00754027
-0.00501028
-0.00250865
-4.60288e-05
0.0023683
0.00472623
0.0070203
0.00924313
0.0113874
0.0134458
0.0154117
0.0172793
0.0190435
0.0206998
0.0222445
0.0236743
0.0249869
0.0261805
0.0272545
0.0282086
0.0290425
0.0297564
0.0303502
0.0308246
0.0311809
0.0314214
0.0315485
0.0315654
0.0314748
0.0312799
0.030984
0.0305908
0.0301045
0.0295295
0.0288698
0.0281295
0.027312
0.0264213
0.0254615
0.0244374
0.0233538
0.0222155
0.0210267
0.0197911
0.0185119
0.0171929
0.015838
0.0144515
0.0130377
0.0116005
0.0101433
0.00866924
0.00718147
0.00568332
0.00417819
0.00266913
0.00115868
-0.00035114
-0.00185831
-0.00336024
-0.00485336
-0.00633329
-0.00779535
-0.00923534
-0.0106499
-0.0120366
-0.0133931
-0.0147166
-0.0160034
-0.0172493
-0.0184495
-0.0195999
-0.0206967
-0.0217365
-0.0227161
-0.0236317
-0.0244794
-0.0252546
-0.025953
-0.02657
-0.0271012
-0.0275423
-0.0278889
-0.0281368
-0.028282
-0.0283214
-0.0282519
-0.0280709
-0.0277756
-0.0273628
-0.0268298
-0.0261741
-0.0253941
-0.0244893
-0.0234595
-0.022305
-0.0210259
-0.0196225
-0.0180957
-0.0164477
-0.0146822
-0.0128039
-0.0108186
-0.00873206
-0.00654974
-0.0042774
-0.00192146
0.000510261
0.00300842
0.00556243
0.00816118
0.0107937
0.0134495
0.016118
0.0187883
0.0214481
0.0240835
0.0266792
0.0292196
0.0316894
0.034074
0.0363598
0.0385332
0.0405805
0.0424873
0.044239
0.045821
0.0472195
0.0484222
0.0494176
0.0501953
0.0507452
0.0510575
0.0511232
0.0509341
0.0504838
0.0497673
0.0487811
0.0475228
0.0459905
0.0441832
0.0421013
0.0397467
0.037124
0.0342396
0.0311023
0.027722
0.0241101
0.0202785
0.0162405
0.0120106
0.00760514
0.00304212
-0.00165869
-0.00647603
-0.0113875
-0.0163695
-0.0213982
-0.0264488
-0.0314963
-0.0365152
-0.0414796
-0.046363
-0.0511385
-0.0557789
-0.0602567
-0.0645449
-0.0686169
-0.0724468
-0.0760096
-0.0792811
-0.0822384
-0.08486
-0.0871256
-0.0890166
-0.0905158
-0.0916073
-0.0922766
-0.0925111
-0.0923
-0.0916352
-0.0905113
-0.0889255
-0.0868774
-0.0843689
-0.0814042
-0.0779896
-0.0741336
-0.0698475
-0.0651448
-0.0600413
-0.0545555
-0.0487079
-0.0425218
-0.0360229
-0.0292394
-0.0222014
-0.0149409
-0.00749087
0.000114654
0.00784055
0.0156506
0.0235072
0.0313719
0.039205
0.0469661
0.0546147
0.0621098
0.0694112
0.0764789
0.083274
0.089759
0.0958981
0.101657
0.107002
0.111903
0.116328
0.12025
0.123642
0.126481
0.128745
0.130418
0.131483
0.131929
0.131748
0.130935
0.129489
0.12741
0.124705
0.121381
0.117448
0.11292
0.107814
0.102149
0.0959482
0.089239
0.0820509
0.0744168
0.0663723
0.0579553
0.0492058
0.0401656
0.0308778
0.0213868
0.0117377
0.00197655
-0.00784993
-0.0176944
-0.0275089
-0.0372453
-0.0468552
-0.0562907
-0.0655042
-0.0744488
-0.0830787
-0.0913495
-0.0992183
-0.106644
-0.113589
-0.120018
-0.125898
-0.1312
-0.1359
-0.139976
-0.143411
-0.146189
-0.148301
-0.149738
-0.150498
-0.15058
-0.149987
-0.148726
-0.146808
-0.144246
-0.141058
-0.137264
-0.132887
-0.127953
-0.12249
-0.116531
-0.110106
-0.103253
-0.0960068
-0.0884076
-0.0804957
-0.0723128
-0.0639017
-0.0553055
-0.0465679
-0.0377327
-0.028844
-0.0199455
-0.0110806
-0.00229197
0.00637882
0.0148912
0.0232061
0.0312857
0.0390944
0.046598
0.0537647
0.0605647
0.0669705
0.0729568
0.0785011
0.0835835
0.088187
0.0922977
0.0959039
0.0989968
0.10157
0.10362
0.105145
0.106147
0.106632
0.106608
0.106083
0.10511
0.103761
0.102044
0.0999704
0.0975489
0.0947887
0.0916985
0.0882867
0.0845614
0.080531
0.0762043
0.0715912
0.0667024
0.0615493
0.0561441
0.0504999
0.0446306
0.0385516
0.0322802
0.0258351
0.0192367
0.0125068
0.00566847
-0.00125395
-0.00823467
-0.0152464
-0.0222605
-0.0292471
-0.0361759
-0.0430158
-0.0497355
-0.0563035
-0.0626879
-0.0688571
-0.0747796
-0.0804249
-0.0857636
-0.0907674
-0.0954095
-0.0996648
-0.10351
-0.106923
-0.109886
-0.112383
-0.114399
-0.115925
-0.116951
-0.117473
-0.11749
-0.117001
-0.116013
-0.114532
-0.112569
-0.110138
-0.107254
-0.103937
-0.100208
-0.0960901
-0.0916106
-0.0867972
-0.0816798
-0.0762896
-0.0706593
-0.0648227
-0.0588147
-0.0526712
-0.0464286
-0.0401238
-0.0337937
-0.0274743
-0.0212008
-0.015007
-0.00892586
-0.0029892
0.00277197
0.00832777
0.0136499
0.0187123
0.0234911
0.0279654
0.032116
0.0359261
0.0393804
0.0424659
0.0451719
0.0474904
0.0494161
0.0509459
0.0520727
0.052791
0.0531139
0.0530576
0.0526309
0.0518449
0.0507272
0.049276
0.0475059
0.0454323
0.043072
0.0404853
0.0376501
0.0345869
0.031317
0.0278621
0.0243113
0.0206194
0.0168099
0.0129068
0.00893411
0.00500294
0.00104817
-0.00290741
-0.00684089
-0.0107292
-0.0144521
-0.018087
-0.021614
-0.0250148
-0.0282718
-0.0312719
-0.0340958
-0.0367271
-0.0391506
-0.0413525
-0.0432409
-0.0448882
-0.0462867
-0.0474291
-0.0483091
-0.0488681
-0.0491562
-0.0491711
-0.0489126
-0.0483818
-0.0475651
-0.0464832
-0.0451416
-0.0435468
-0.0417066
-0.0396547
-0.0373746
-0.0348764
-0.0321711
-0.0292713
-0.0262569
-0.0230754
-0.019742
-0.0162724
-0.0126822
-0.00908813
-0.00540338
-0.00164424
0.00217256
0.00602993
0.00978567
0.0135494
0.0173034
0.02103
0.0247111
0.0281942
0.0315993
0.0349104
0.0381119
0.0411881
0.0439941
0.0466448
0.0491249
0.0514201
0.0535169
0.0552956
0.0568521
0.0581744
0.0592505
0.0600687
0.060547
0.0607469
0.0606595
0.0602767
0.0595771
0.0585223
0.0571304
0.055399
0.0533278
0.0509184
0.0482069
0.0451648
0.041798
0.0381143
0.0341236
0.0299277
0.0254522
0.0207137
0.01573
0.0105198
0.005241
-0.000222883
-0.00584848
-0.0116105
-0.0174822
-0.0232638
-0.0290998
-0.0349622
-0.0408224
-0.046651
-0.0522315
-0.0577211
-0.0630903
-0.0683099
-0.0733507
-0.0780053
-0.0824241
-0.0865799
-0.0904467
-0.0940001
-0.0970705
-0.0997837
-0.10212
-0.104061
-0.10559
-0.106596
-0.107163
-0.107281
-0.106943
-0.106143
-0.104849
-0.10309
-0.100867
-0.0981838
-0.0950472
-0.0915062
-0.0875318
-0.0831374
-0.0783386
-0.0731538
-0.0677104
-0.0619236
-0.0558175
-0.0494176
-0.0427512
-0.0360086
-0.0290586
-0.021933
-0.014665
-0.00728873
-3.47041e-05
0.00725918
0.0145588
0.0218295
0.0290364
0.0359383
0.0427077
0.0493115
0.0557174
0.0618935
0.0676178
0.0730525
0.07817
0.0829447
0.0873529
0.0912203
0.0946805
0.0977162
0.100312
0.102453
0.104034
0.105141
0.10577
0.105916
0.10558
0.104733
0.103409
0.101615
0.0993597
0.0966554
0.0935542
0.0900333
0.0861105
0.0818057
0.0771411
0.0722397
0.0670279
0.0615323
0.0557806
0.0498018
0.0437705
0.0375724
0.0312388
0.0248018
0.0182934
0.011916
0.00553066
-0.000831539
-0.00713951
-0.0133625
-0.0192969
-0.0250881
-0.0307092
-0.0361343
-0.0413385
-0.0461422
-0.0506792
-0.0549292
-0.0588735
-0.0624959
-0.0656617
-0.0684788
-0.0709368
-0.073027
-0.0747428
-0.0760077
-0.0768923
-0.0773967
-0.077523
-0.0772752
-0.0766389
-0.0756416
-0.0742929
-0.0726043
-0.0705889
-0.0682917
-0.0656976
-0.0628232
-0.0596868
-0.056308
-0.0527801
-0.0490515
-0.045144
-0.0410791
-0.036879
-0.0326682
-0.0283677
-0.0240005
-0.0195897
-0.0151578
-0.010842
-0.00654751
-0.00229453
0.00189696
0.00600723
0.00990357
0.0136821
0.0173268
0.020823
0.0241572
0.0272189
0.0300948
0.0327746
0.0352493
0.0375111
0.0394816
0.0412291
0.0427507
0.0440445
0.0451094
0.045904
0.0464713
0.0468143
0.0469376
0.0468468
0.0465395
0.0460318
0.0453311
0.044445
0.0433821
0.042172
0.0408052
0.0392933
0.0376482
0.0358817
0.0340481
0.0321155
0.0300948
0.0279975
0.0258356
0.0236788
0.021482
0.0192564
0.0170131
0.0147622
0.0125767
0.0104028
0.00824945
0.00612545
0.00403875
0.00205766
0.000127272
-0.00174653
-0.00355802
-0.00530167
-0.00691982
-0.00846109
-0.0099224
-0.0113015
-0.0125966
-0.0137662
-0.0148488
-0.0158436
-0.0167502
-0.0175691
-0.0182761
-0.0188974
-0.0194338
-0.019886
-0.0202552
-0.020533
-0.0207318
-0.0208543
-0.0209035
-0.0208816
-0.0207939
-0.0206383
-0.0204167
-0.0201309
-0.0197835
-0.0193916
-0.018943
-0.0184395
-0.0178828
-0.0172744
-0.0166388
-0.0159548
-0.0152238
-0.014447
-0.0136249
-0.0127865
-0.0119043
-0.0109793
-0.0100128
-0.009006
-0.00799118
-0.00693684
-0.00584322
-0.00471114
-0.0035421
-0.00237127
-0.00116719
6.89962e-05
0.00133675
0.00263561
0.00393136
0.0052547
0.00660215
0.00796975
0.00935387
0.0107204
0.0120983
0.0134854
0.0148783
0.0162724
0.017634
0.0189851
0.0203199
0.0216335
0.0229208
0.0241544
0.0253507
0.0265033
0.0276052
0.0286498
0.0296162
0.0305133
0.0313351
0.0320754
0.0327274
0.0332794
0.0337304
0.0340754
0.0343098
0.0344294
0.0344366
0.0343199
0.034075
0.0336983
0.0331875
0.0325611
0.0317988
0.0309001
0.0298647
0.0286928
0.0274179
0.0260095
0.0244715
0.0228083
0.0210248
0.0191697
0.0172044
0.0151346
0.0129672
0.0107104
0.00842499
0.00606915
0.00365276
0.00118596
-0.00132055
-0.00380084
-0.00629738
-0.00879786
-0.0112902
-0.0137625
-0.0161519
-0.0184979
-0.0207878
-0.0230079
-0.0251445
-0.0271426
-0.0290329
-0.0308054
-0.0324505
-0.0339583
-0.0352916
-0.0364664
-0.0374728
-0.0383026
-0.0389492
-0.0394003
-0.0396456
-0.0396706
-0.0394717
-0.0390468
-0.0384103
-0.0375502
-0.0364715
-0.0351809
-0.0336866
-0.032033
-0.0301952
-0.0281858
-0.0260191
-0.023711
-0.0213293
-0.0188385
-0.0162556
-0.0135981
-0.0108848
-0.00819513
-0.0054888
-0.00278623
-0.000106828
0.00253136
0.00505208
0.00750048
0.00986065
0.012117
0.0142545
0.0162084
0.0180207
0.0196818
0.0211838
0.0225199
0.0236468
0.0246007
0.02538
0.0259845
0.0264159
0.0266551
0.0267297
0.026645
0.0264074
0.0260247
0.0254992
0.0248484
0.0240834
0.0232159
0.0222578
0.0212263
0.0201292
0.0189794
0.0177898
0.0165729
0.0153526
0.0141277
0.0129096
0.0117089
0.0105357
0.00941239
0.00833214
0.00730201
0.00632801
0.0054152
0.00457931
0.00380993
0.00310919
0.00247823
0.00191723
0.0014335
0.00101584
0.000661886
0.000368521
0.000131962
-4.78924e-05
-0.000181144
-0.000272775
-0.000327986
-0.000352139
-0.000349182
-0.00032666
-0.000289828
-0.000243705
-0.000192987
-0.000141746
-9.42564e-05
-5.38484e-05
-2.33236e-05
-4.90903e-06
-0
-0
-0
-0
-0
-0
-0
-0
-0
-0
-0
-0
-0
-0
-0
-0
-0
-0
-0
-0
-0
-0
-0
0
0
0
0
0
0
0
0
0
0
0
0
0
0
0
0
0
0
0
0
0
0
0
0
0
0
0
0
0
0
0
0
0
0
0
0
0
0
0
0
0
0
0
0
0
0
0
0
0
0
0
0
0
0
0
0
0
0
0
0
0
0
0
0
0
0
0
0
0
0
0
0
0
0
0
0
0
0
0
0
0
0
0
0
0
0
0
0
0
0
0
0
0
0
0
0
0
0
0
0
0
0
0
0
0
0
0
0
0
0
0
0
0
0
0
0
0
0
0
0
0
0
0
0
-0
-0
-0
-0
-0
-0
-0
-0
-0
-0
-0
-0
-0
-0
-0
-0
-0
-0
-0
-0
-0
0
0
0
0
0
0
0
0
0
0
0
0
0
0
0
0
0
0
0
0
0
0
0
0
0
0
0
0
0
0
0
0
0
0
0
0
0
0
0
0
0
0
0
0
0
0
0
0
0
0
0
0
0
0
0
0
0
0
0
0
0
0
0
0
0
0
0
-0
-0
-0
-0
-0
-0
-0
-0
-0
-0
-0
-0
-0
-0
-0
-0
-0
-0
-0
-0
-0
-0
-0
-0
-0
-0
-0
-0
-0
-0
-0
-0
-0
-0
-0
-0
-0
-0
-0
0
0
0
0
0
0
0
0
0
0
0
0
0
0
0
0
0
0
0
0
0
0
0
0
0
0
0
0
0
0
0
0
0
0
0
0
0
0
0
0
0
0
0
0
0
0
0
0
0
0
0
0
0
0
0
0
0
0
0
0
0
0
0
0
0
0
0
0
0
0
0
0
-0
-0
-0
-0
-0
-0
-0
-0
-0
-0
-0
-0
-0
-0
-0
-0
-0
-0
-0
-0
-0
-0
-0
-0
-0
-0
-0
-0
-0
-0
-0
-0
-0
-0
-0
-0
-0
-0
