-0
-0
-0
-0
-0
-0
-0
-0
-0
-0
-0
-0
-0
-0
-0
-0
0
0
0
0
0
0
0
0
0
0
0
0
0
0
0
0
0
0
0
0
0
0
0
0
0
0
0
0
0
0
0
0
0
0
0
0
0
0
0
0
0
0
0
0
0
0
0
4.34568e-08
1.64828e-06
3.90051e-06
4.77681e-06
2.6307e-06
-3.77432e-06
-1.52464e-05
-3.21619e-05
-5.44712e-05
-8.1709e-05
-0.000113006
-0.0001471
-0.000182361
-0.000216807
-0.000248145
-0.000273812
-0.000291035
-0.000296898
-0.000288405
-0.000262519
-0.000216184
-0.000146348
-5.00176e-05
7.56408e-05
0.000233188
0.000424831
0.000652435
0.000917611
0.00122182
0.0015664
0.0019525
0.00238092
0.00285204
0.00336588
0.00392233
0.00452138
0.00516318
0.00584792
0.00657554
0.00734544
0.00815652
0.00900738
0.00989675
0.0108237
0.0117875
0.0127875
0.0138228
0.0148919
0.0159934
0.017126
0.0182884
0.0194799
0.020699
0.0219435
0.0232106
0.0244963
0.0257964
0.0271068
0.028423
0.0297403
0.0310532
0.0323553
0.0336395
0.0348979
0.0361222
0.0373032
0.0384307
0.0394937
0.0404804
0.0413787
0.042177
0.0428638
0.0434277
0.043857
0.0441391
0.0442611
0.0442098
0.0439728
0.0435386
0.0428969
0.0420385
0.0409558
0.0396431
0.0380971
0.0363165
0.0343025
0.0320573
0.0295841
0.0268868
0.0239706
0.020843
0.0175214
0.0140163
0.0103364
0.00649206
0.00249479
-0.00164251
-0.0059056
-0.0102789
-0.0147455
-0.0192877
-0.0238874
-0.0285258
-0.0331832
-0.0378386
-0.0424695
-0.0470519
-0.0515607
-0.0559701
-0.0602541
-0.0643866
-0.068341
-0.0720911
-0.0756112
-0.0788768
-0.0818651
-0.0845549
-0.0869263
-0.0889607
-0.0906402
-0.091948
-0.0928687
-0.0933882
-0.0934943
-0.0931766
-0.0924261
-0.091236
-0.0896016
-0.0875207
-0.0849939
-0.0820241
-0.0786171
-0.0747809
-0.0705263
-0.0658666
-0.0608176
-0.0553979
-0.049628
-0.0435302
-0.0371284
-0.0304482
-0.0235178
-0.0163673
-0.00902971
-0.00153961
0.00606678
0.0137523
0.021479
0.0292085
0.0369021
0.0445208
0.0520262
0.05938
0.0665444
0.0734821
0.0801555
0.0865279
0.0925633
0.0982277
0.103489
0.108318
0.112688
0.116573
0.119951
0.122801
0.125107
0.126856
0.128037
0.128643
0.128669
0.128113
0.126974
0.125256
0.122966
0.120116
0.116718
0.112789
0.108347
0.103409
0.0979999
0.0921423
0.0858636
0.0791927
0.07216
0.0647976
0.0571396
0.0492224
0.0410848
0.0327673
0.0243105
0.0157551
0.00714045
-0.00149436
-0.0101101
-0.018667
-0.0271244
-0.0354414
-0.0435779
-0.0514945
-0.0591531
-0.0665163
-0.0735482
-0.0802141
-0.0864819
-0.0923215
-0.0977059
-0.10261
-0.10701
-0.110884
-0.114212
-0.116976
-0.119161
-0.120759
-0.121763
-0.12217
-0.121979
-0.121193
-0.119819
-0.117864
-0.115341
-0.112264
-0.108649
-0.104516
-0.0998896
-0.0947943
-0.0892601
-0.0833192
-0.0770063
-0.0703579
-0.0634119
-0.0562078
-0.0487867
-0.041191
-0.0334639
-0.0256489
-0.0177897
-0.00993037
-0.00211555
0.0056092
0.0131978
0.0206045
0.0277845
0.0346948
0.0412938
0.0475417
0.0534001
0.0588323
0.0638044
0.068286
0.0722497
0.0756714
0.0785288
0.0808018
0.0824719
0.0835241
0.0839475
0.0837358
0.0828876
0.0814047
0.0792922
0.0765575
0.0732114
0.0692683
0.0647471
0.0596701
0.0540635
0.0479561
0.0413796
0.0343688
0.0269617
0.0191995
0.0111255
0.00278429
-0.0057785
-0.0145161
-0.0233799
-0.0323188
-0.0412795
-0.0502074
-0.0590483
-0.0677492
-0.0762585
-0.0845256
-0.0925004
-0.100133
-0.107374
-0.114176
-0.120495
-0.126287
-0.131512
-0.136128
-0.140098
-0.143388
-0.145966
-0.147807
-0.148889
-0.149198
-0.14872
-0.147446
-0.145372
-0.142499
-0.138833
-0.134385
-0.129169
-0.123203
-0.116506
-0.109101
-0.101016
-0.0922848
-0.0829452
-0.0730402
-0.0626161
-0.051722
-0.0404104
-0.0287375
-0.0167629
-0.0045485
0.0078427
0.0203474
0.0329022
0.0454421
0.0579001
0.0702068
0.0822916
0.094084
0.105516
0.116521
0.127035
0.136995
0.14634
0.155011
0.162952
0.170113
0.176449
0.181917
0.186482
0.190108
0.192765
0.194428
0.195076
0.194694
0.193273
0.190808
0.187298
0.182748
0.177169
0.170578
0.163003
0.154475
0.145032
0.134714
0.123565
0.111634
0.0989768
0.0856511
0.0717204
0.0572505
0.0423093
0.0269665
0.0112943
-0.00463166
-0.020733
-0.0369289
-0.0531377
-0.0692771
-0.0852646
-0.101017
-0.116453
-0.131489
-0.146046
-0.160047
-0.173422
-0.186103
-0.198024
-0.209126
-0.219352
-0.228651
-0.236978
-0.244296
-0.250572
-0.255779
-0.259896
-0.262906
-0.264799
-0.265572
-0.265227
-0.263773
-0.261224
-0.2576
-0.252924
-0.247225
-0.240537
-0.232901
-0.224361
-0.214967
-0.20477
-0.193827
-0.182196
-0.16994
-0.157124
-0.143818
-0.13009
-0.116009
-0.101647
-0.0870762
-0.0723686
-0.0575981
-0.0428377
-0.0281589
-0.0136307
0.0006796
0.0147065
0.028386
0.0416562
0.0544581
0.0667365
0.0784402
0.0895221
0.0999381
0.109647
0.118613
0.126803
0.134189
0.14075
0.146469
0.151333
0.155332
0.15846
0.160718
0.162109
0.162643
0.162333
0.161199
0.159261
0.156543
0.153073
0.148883
0.144008
0.138487
0.132359
0.125665
0.11845
0.110758
0.102638
0.0941395
0.085312
0.0762054
0.0668686
0.0573503
0.0476992
0.0379647
0.028196
0.0184416
0.00874762
-0.000841898
-0.010285
-0.0195412
-0.0285711
-0.0373372
-0.0458044
-0.0539413
-0.0617195
-0.0691138
-0.0761006
-0.0826582
-0.0887669
-0.0944101
-0.0995749
-0.104252
-0.108437
-0.112123
-0.11531
-0.117995
-0.12018
-0.121871
-0.123077
-0.123808
-0.124078
-0.123901
-0.123291
-0.122263
-0.120836
-0.11903
-0.116866
-0.114366
-0.111554
-0.108451
-0.105081
-0.101468
-0.0976371
-0.0936139
-0.0894231
-0.0850885
-0.080633
-0.0760796
-0.0714515
-0.0667725
-0.0620661
-0.0573542
-0.0526571
-0.047993
-0.043379
-0.0388313
-0.034366
-0.0299985
-0.025743
-0.0216122
-0.0176175
-0.0137691
-0.0100765
-0.0065485
-0.00319251
-1.44783e-05
0.00298118
0.00579114
0.00841262
0.0108432
0.0130808
0.0151247
0.0169754
0.018635
0.0201062
0.021392
0.0224949
0.0234174
0.0241626
0.0247346
0.025139
0.0253818
0.0254694
0.0254072
0.0252004
0.024854
0.0243734
0.0237645
0.0230339
0.0221877
0.0212323
0.0201734
0.019017
0.0177695
0.0164374
0.0150267
0.0135432
0.0119915
0.0103764
0.00870245
0.00697512
0.00520044
0.00338465
0.00153374
-0.000346906
-0.00225247
-0.00417843
-0.00612038
-0.00807396
-0.0100349
-0.0119989
-0.0139618
-0.0159186
-0.0178641
-0.0197929
-0.0216996
-0.0235797
-0.0254294
-0.0272451
-0.0290227
-0.0307574
-0.0324437
-0.0340759
-0.0356495
-0.0371609
-0.0386073
-0.0399858
-0.0412925
-0.0425229
-0.043672
-0.0447354
-0.0457094
-0.0465915
-0.0473791
-0.0480695
-0.0486594
-0.0491458
-0.0495262
-0.0497992
-0.049964
-0.0500198
-0.0499653
-0.0497992
-0.0495205
-0.0491292
-0.0486268
-0.0480154
-0.0472971
-0.0464731
-0.0455446
-0.0445129
-0.0433807
-0.0421523
-0.0408331
-0.0394287
-0.037944
-0.0363834
-0.0347513
-0.0330532
-0.0312961
-0.0294877
-0.0276359
-0.025748
-0.0238305
-0.0218902
-0.0199347
-0.0179728
-0.0160142
-0.0140678
-0.0121417
-0.0102429
-0.00837824
-0.00655563
-0.00478412
-0.00307341
-0.00143256
0.000130998
0.0016116
0.00300448
0.00430459
0.00550596
0.00660198
0.00758646
0.0084546
0.00920329
0.00983054
0.0103346
0.0107134
0.0109648
0.0110878
0.0110826
0.0109513
0.0106969
0.0103222
0.0098294
0.00922073
0.00849911
0.00766927
0.00673784
0.0057116
0.00459668
0.00340176
0.00213523
0.000805756
-0.000576666
-0.00200042
-0.0034527
-0.00492051
-0.00639142
-0.00785378
-0.0092964
-0.0107081
-0.0120778
-0.0133947
-0.0146493
-0.0158331
-0.0169389
-0.0179595
-0.0188877
-0.0197165
-0.0204395
-0.0210522
-0.0215519
-0.021938
-0.0222109
-0.0223711
-0.0224192
-0.022356
-0.0221837
-0.0219056
-0.0215269
-0.0210534
-0.0204918
-0.0198491
-0.0191323
-0.0183493
-0.0175086
-0.0166189
-0.0156891
-0.0147278
-0.0137435
-0.0127445
-0.0117395
-0.010737
-0.00974537
-0.0087722
-0.00782401
-0.0069064
-0.00602438
-0.00518265
-0.00438575
-0.00363783
-0.00294232
-0.00230165
-0.00171726
-0.00118971
-0.000719017
-0.000304713
5.41075e-05
0.000358916
0.000611811
0.000815468
0.000972992
0.00108777
0.00116337
0.00120357
0.00121237
0.00119393
0.00115255
0.00109243
0.00101762
0.000931915
0.000838876
0.000741821
0.00064383
0.000547689
0.000455818
0.000370217
0.000292441
0.000223616
0.000164455
0.000115274
7.60048e-05
4.61955e-05
2.50353e-05
1.13845e-05
3.81443e-06
6.48485e-07
3.95758e-09
-0
-0
-0
-0
-0
-0
-0
-0
-0
-0
-0
-0
-0
-0
-0
-0
-0
-0
-0
-0
-0
-0
-0
-0
-0
-0
-0
-0
-0
-0
-0
-0
-0
-0
-0
-0
-0
-0
-0
-0
-0
-0
-0
-0
-0
-0
-0
0
0
0
0
0
0
0
0
0
0
0
0
0
0
0
0
0
0
0
0
0
0
0
0
0
0
0
0
0
0
0
0
0
0
0
0
0
0
0
0
0
0
0
0
0
0
0
-0
-0
-0
-0
-0
-0
-0
-0
-0
-0
-0
-0
-0
-0
-0
-0
-0
-0
-0
-0
-0
-0
-0
-0
-0
-0
-0
-0
-0
-0
-0
0
0
0
0
0
0
0
0
0
0
0
0
0
0
0
0
0
0
0
0
0
0
0
0
0
0
0
0
0
0
0
0
0
0
0
0
0
0
0
0
0
0
0
0
0
0
0
0
0
0
0
0
0
0
0
0
0
0
0
0
0
0
0
0
0
0
0
0
0
0
0
0
0
0
0
0
8.66399e-10
3.62022e-08
1.39393e-07
3.46653e-07
7.11435e-07
1.30402e-06
2.211e-06
3.53387e-06
5.38712e-06
7.89627e-06
1.11961e-05
1.543e-05
2.07466e-05
2.72966e-05
3.52288e-05
4.46867e-05
5.58118e-05
6.87445e-05
8.36263e-05
0.000100596
0.000119781
0.000141283
0.000165173
0.000191489
0.000220246
0.000251453
0.000285118
0.000321245
0.000359815
0.000400768
0.00044399
0.00048932
0.000536558
0.000585484
0.00063586
0.000687436
0.000739941
0.000793082
0.000846547
0.00090001
0.00095314
0.00100559
0.001057
0.00110698
0.00115514
0.00120109
0.00124449
0.00128499
0.0013223
0.00135616
0.00138627
0.00141232
0.00143401
0.00145104
0.00146319
0.00147033
0.00147237
0.0014693
0.00146115
0.00144796
0.00142982
0.00140676
0.00137885
0.0013462
0.00130899
0.00126753
0.00122214
0.00117325
0.00112129
0.0010667
0.00100992
0.000951254
0.000891059
0.000829738
0.000767759
0.000705691
0.000644032
0.000583306
0.000523998
0.000466552
0.000411425
0.000358997
0.000309667
0.000263809
0.000221762
0.00018382
0.000150255
0.000121315
9.72317e-05
7.81968e-05
6.42927e-05
5.56529e-05
5.22708e-05
5.40988e-05
6.10791e-05
7.30278e-05
8.99779e-05
0.000111803
0.00013833
0.000169353
0.000204467
0.000243675
0.0002868
0.000333656
0.000384017
0.000437334
0.000493557
0.000552357
0.000613431
0.000676505
0.000740984
0.000806891
0.000873877
0.000941544
0.00100948
0.00107697
0.00114399
0.00121022
0.0012753
0.00133887
0.00140024
0.00145934
0.00151583
0.00156939
0.00161975
0.00166641
0.00170921
0.00174782
0.00178189
0.00181118
0.00183549
0.00185464
0.00186845
0.0018767
0.00187918
0.001876
0.00186667
0.0018511
0.00182923
0.00180097
0.00176693
0.00172638
0.00167934
0.00162588
0.00156619
0.00150149
0.00143093
0.00135466
0.00127281
0.00118556
0.00109454
0.000998833
0.000898926
0.000795319
0.00068847
0.000580345
0.000469861
0.000357567
0.000244135
0.000130334
1.84952e-05
-9.21762e-05
-0.000200998
-0.000307316
-0.000410448
-0.000508369
-0.000601561
-0.000689208
-0.00077052
-0.000844753
-0.000910485
-0.000967746
-0.00101584
-0.00105409
-0.00108185
-0.00109868
-0.00110393
-0.0010971
-0.00107774
-0.00104537
-0.00100088
-0.000942686
-0.00087065
-0.000784734
-0.000684967
-0.000573933
-0.000449123
-0.000310605
-0.000158548
6.7184e-06
0.000180907
0.000367171
0.000564794
0.000773011
0.000991
0.00121308
0.00144305
0.00167984
0.00192233
0.00216937
0.00241444
0.00266162
0.00290952
0.0031566
0.00340122
0.00363659
0.00386632
0.00408893
0.00430299
0.00450695
0.00469498
0.00486949
0.00502871
0.00517098
0.00529483
0.00539667
0.00547753
0.00553612
0.00557111
0.00558113
0.00556537
0.00552232
0.00545117
0.00535124
0.00522199
0.00506667
0.00488115
0.00466524
0.00441901
0.00414276
0.00384423
0.00351673
0.00316091
0.00277748
0.00236737
0.00194225
0.00149311
0.00102165
0.000529729
1.92974e-05
-0.000494784
-0.00102326
-0.00156383
-0.00211396
-0.00267087
-0.00321784
-0.00376576
-0.00431166
-0.00485248
-0.00538509
-0.00589322
-0.00638659
-0.00686188
-0.00731577
-0.00774495
-0.00813596
-0.00849578
-0.00882122
-0.00910922
-0.00935684
-0.00955593
-0.00970935
-0.0098147
-0.00986971
-0.00987224
-0.00982135
-0.00971445
-0.00955025
-0.0093278
-0.00904643
-0.00871398
-0.00832205
-0.00787079
-0.00736073
-0.00679278
-0.00618373
-0.00551968
-0.00480252
-0.0040344
-0.00321786
-0.00237747
-0.00149485
-0.000573661
0.000382091
0.0013682
0.00235454
0.00336243
0.00438718
0.00542381
0.00646706
0.00748452
0.00849756
0.0095006
0.0104881
0.0114544
0.0123694
0.0132522
0.0140972
0.0148989
0.0156522
0.016333
0.0169552
0.0175141
0.0180052
0.0184243
0.0187578
0.0190119
0.0191836
0.0192702
0.0192692
0.0191804
0.0190007
0.0187294
0.018366
0.0179106
0.017377
0.0167531
0.0160402
0.0152404
0.0143564
0.0134155
0.0123969
0.0113043
0.010142
0.00891471
0.00766085
0.00635251
0.00499557
0.00359628
0.00216119
0.000735546
-0.000712271
-0.00217522
-0.00364605
-0.00511732
-0.0065425
-0.00795312
-0.00934178
-0.0107011
-0.0120237
-0.0132678
-0.0144608
-0.0155961
-0.016667
-0.0176673
-0.0185656
-0.0193821
-0.0201116
-0.0207493
-0.0212908
-0.0217195
-0.022045
-0.0222647
-0.0223766
-0.0223791
-0.0222724
-0.0220545
-0.0217253
-0.0212855
-0.0207363
-0.0200958
-0.0193501
-0.0185018
-0.0175543
-0.0165113
-0.0154063
-0.0142151
-0.0129433
-0.0115966
-0.0101814
-0.00874276
-0.00724903
-0.00570753
-0.00412591
-0.00251216
-0.000917363
0.000693323
0.00231181
0.00393
0.00553973
0.00709077
0.00861734
0.0101118
0.0115666
0.0129746
0.0142928
0.0155509
0.0167426
0.0178621
0.0189038
0.0198371
0.0206833
0.0214384
0.022099
0.022662
0.0231121
0.0234598
0.0237036
0.0238428
0.0238771
0.0238091
0.0236376
0.023364
0.0229904
0.0225194
0.0219697
0.0213294
0.0206024
0.0197932
0.0189062
0.0179732
0.0169728
0.0159106
0.0147925
0.0136249
0.012448
0.0112342
0.00999028
0.00872296
0.00743918
0.00618217
0.00492236
0.00366625
0.00242008
0.00118992
1.57e-05
-0.00113081
-0.00224394
-0.00331821
-0.00434842
-0.00530224
-0.00620287
-0.00704639
-0.00782925
-0.00854827
-0.00918271
-0.00974825
-0.010243
-0.0106657
-0.0110152
-0.0112842
-0.0114791
-0.0116002
-0.0116479
-0.0116232
-0.011532
-0.0113712
-0.011143
-0.0108495
-0.0104936
-0.0100928
-0.00963615
-0.00912763
-0.00857123
-0.00797107
-0.00735264
-0.00669883
-0.00601395
-0.00530248
-0.00456896
-0.00384286
-0.00310378
-0.00235617
-0.00160446
-0.000853143
-0.000131381
0.000581196
0.0012804
0.00196224
0.00262294
0.00323785
0.00382472
0.00438042
0.00490203
0.00538688
0.00581788
0.00620777
0.00655481
0.00685746
0.0071144
0.0073178
0.00747369
0.00758172
0.00764196
0.00765483
0.00762269
0.00754462
0.00742162
0.00725495
0.00704615
0.00680651
0.00652867
0.0062149
0.00586762
0.00548937
0.00509814
0.00468143
0.00424217
0.00378343
0.00330833
0.00283861
0.00235876
0.00187195
0.00138151
0.00089082
0.000422267
-4.00952e-05
-0.000493395
-0.000934946
-0.00136214
-0.00175575
-0.0021298
-0.00248177
-0.00280931
-0.00311038
-0.00337149
-0.00360296
-0.00380347
-0.00397174
-0.00410654
-0.00420159
-0.00426145
-0.00428582
-0.00427475
-0.00422849
-0.00414939
-0.00403592
-0.00388859
-0.00370812
-0.00349545
-0.0032606
-0.002996
-0.00270306
-0.00238334
-0.00203858
-0.00168528
-0.00131116
-0.000918557
-0.000509843
-8.72768e-05
0.000328892
0.000754729
0.00118804
0.00162638
0.00206708
0.00248823
0.00290656
0.00331987
0.00372617
0.00412351
0.00449217
0.00484781
0.0051883
0.0055116
0.00581591
0.00608581
0.00633385
0.00655877
0.00675927
0.00693401
0.00707364
0.00718533
0.00726842
0.00732251
0.0073473
0.00734118
0.00730536
0.00723975
0.00714447
0.00701986
0.00687194
0.0066957
0.00649168
0.00626044
0.00600272
0.00573127
0.0054357
0.00511761
0.0047787
0.00442061
0.00406117
0.00368554
0.00329534
0.00289249
0.00247924
0.00207676
0.00166857
0.00125678
0.000843347
0.00043014
3.80103e-05
-0.000349928
-0.000731571
-0.00110485
-0.00146787
-0.00180227
-0.00212327
-0.00242941
-0.00271921
-0.00299108
-0.00323099
-0.00345015
-0.00364753
-0.00382233
-0.00397391
-0.00409471
-0.00419129
-0.00426333
-0.00431068
-0.00433342
-0.00433091
-0.00430437
-0.0042541
-0.00418039
-0.00408361
-0.00396929
-0.00383334
-0.00367689
-0.00350124
-0.00330769
-0.00310733
-0.00289129
-0.00266062
-0.00241649
-0.0021603
-0.00190697
-0.00164475
-0.00137519
-0.0010997
-0.0008196
-0.000551143
-0.000280669
-9.62068e-06
0.00026046
0.000528015
0.000776817
0.00102031
0.00125735
0.00148689
0.00170802
0.00190705
0.00209612
0.00227461
0.00244196
0.00259766
0.00273155
0.00285238
0.00295844
0.00304917
0.00312422
0.00317772
0.00321537
0.00323732
0.00324389
0.00323553
0.00321132
0.00317353
0.00312296
0.00306039
0.00298656
0.00290429
0.00281223
0.00271124
0.00260228
0.00248641
0.00236948
0.0022478
0.00212251
0.00199466
0.00186524
0.00174128
0.0016173
0.00149406
0.00137222
0.0012524
0.00114152
0.00103361
0.00092924
0.000828956
0.000733183
0.00064789
0.000567285
0.000491433
0.000420365
0.000354114
0.000297187
0.000244854
0.000197055
0.000153657
0.000114469
8.23715e-05
5.38418e-05
2.86913e-05
6.75051e-06
-1.21552e-05
-2.64001e-05
-3.82127e-05
-4.78544e-05
-5.55739e-05
-6.15893e-05
-6.52373e-05
-6.76269e-05
-6.89135e-05
-6.92362e-05
-6.87199e-05
-6.72669e-05
-6.52349e-05
-6.27393e-05
-5.98928e-05
-5.68026e-05
-5.368e-05
-5.04715e-05
-4.72242e-05
-4.39544e-05
-4.06627e-05
-3.75692e-05
-3.44397e-05
-3.13111e-05
-2.82238e-05
-2.52131e-05
-2.24886e-05
-1.98402e-05
-1.72872e-05
-1.48489e-05
-1.25465e-05
-1.05024e-05
-8.59632e-06
-6.84805e-06
-5.2739e-06
-3.88843e-06
-2.73383e-06
-1.77174e-06
-1.01457e-06
-4.68486e-07
-1.33163e-07
-2.59868e-09
-0
-0
-0
-0
-0
-0
-0
-0
-0
-0
-0
-0
-0
-0
-0
-0
-0
-0
-0
-0
-0
-0
-0
-0
-0
-0
-0
-0
0
0
0
0
0
0
0
0
0
0
0
0
0
0
0
0
0
0
0
0
0
0
0
0
0
0
0
0
0
0
0
0
0
0
0
