0.0314942
0.0299218
0.0283463
0.0267718
0.025204
0.0236497
0.022116
0.0206099
0.0191378
0.0177051
0.0163175
0.0149809
0.0137019
0.0124881
0.0113469
0.0102854
0.00930995
0.00842618
0.00763946
0.00695546
0.00638052
0.00592159
0.0055859
0.00538051
0.00531177
0.00538515
0.0056052
0.0059757
0.00649991
0.00718072
0.00802049
0.00902077
0.0101818
0.0115021
0.0129784
0.0146063
0.0163805
0.0182956
0.0203468
0.0225292
0.0248372
0.0272636
0.0297991
0.0324319
0.0351483
0.0379337
0.0407731
0.0436513
0.0465527
0.0494607
0.0523578
0.0552255
0.0580447
0.0607968
0.0634634
0.0660263
0.0684671
0.0707667
0.0729053
0.0748627
0.0766192
0.078156
0.0794557
0.0805019
0.0812796
0.0817748
0.0819747
0.0818681
0.0814455
0.0806991
0.0796222
0.0782094
0.076456
0.0743589
0.0719175
0.069134
0.0660144
0.0625674
0.0588046
0.0547387
0.0503833
0.0457529
0.0408635
0.0357334
0.0303835
0.024838
0.0191239
0.0132701
0.00730701
0.00126592
-0.00482098
-0.0109206
-0.0169987
-0.0230198
-0.0289473
-0.0347433
-0.0403699
-0.0457894
-0.0509649
-0.0558612
-0.0604446
-0.0646828
-0.0685442
-0.0719981
-0.075014
-0.0775631
-0.079619
-0.0811585
-0.0821627
-0.0826164
-0.0825076
-0.081827
-0.0805672
-0.0787232
-0.0762935
-0.0732805
-0.0696914
-0.0655374
-0.0608332
-0.0555959
-0.0498446
-0.0436005
-0.0368881
-0.0297352
-0.0221741
-0.0142409
-0.00597491
0.00258216
0.0113864
0.0203918
0.0295498
0.038809
0.0481158
0.0574145
0.0666484
0.0757607
0.0846949
0.0933955
0.101808
0.109878
0.117555
0.124789
0.131532
0.137739
0.143368
0.14838
0.152737
0.156407
0.159363
0.161579
0.163036
0.163715
0.163604
0.162692
0.160973
0.158446
0.155115
0.15099
0.146085
0.140416
0.134005
0.126873
0.11905
0.110568
0.101464
0.0917815
0.0815666
0.0708692
0.0597417
0.0482389
0.0364185
0.0243409
0.0120692
-0.000330725
-0.0127915
-0.0252446
-0.0376209
-0.0498516
-0.0618685
-0.0736045
-0.0849935
-0.0959709
-0.106474
-0.11644
-0.125811
-0.13453
-0.142543
-0.149802
-0.156263
-0.161884
-0.166631
-0.170472
-0.173379
-0.17533
-0.17631
-0.176306
-0.175316
-0.17334
-0.170383
-0.166457
-0.161577
-0.155761
-0.149037
-0.141436
-0.132995
-0.123756
-0.113767
-0.103078
-0.0917443
-0.0798236
-0.0673772
-0.054469
-0.0411647
-0.0275321
-0.0136407
0.000438167
0.0146308
0.0288618
0.0430541
0.0571302
0.0710131
0.0846273
0.0978999
0.11076
0.123141
0.134976
0.146203
0.156763
0.166598
0.175654
0.183879
0.191228
0.197659
0.203135
0.207625
0.211106
0.213558
0.214969
0.215332
0.214646
0.212913
0.210143
0.206349
0.201549
0.195767
0.189031
0.181376
0.172843
0.16348
0.153338
0.142471
0.130938
0.118798
0.106113
0.0929486
0.0793712
0.0654515
0.0512628
0.0368795
0.0223773
0.00783111
-0.00668499
-0.0210987
-0.0353398
-0.0493401
-0.0630339
-0.0763578
-0.089251
-0.101655
-0.113515
-0.124778
-0.135396
-0.145323
-0.154516
-0.162934
-0.170542
-0.177308
-0.183204
-0.188209
-0.192309
-0.195496
-0.197768
-0.199128
-0.199583
-0.199143
-0.197823
-0.195643
-0.192626
-0.1888
-0.184197
-0.178852
-0.172803
-0.16609
-0.158756
-0.150848
-0.142413
-0.133502
-0.124166
-0.114457
-0.104427
-0.094131
-0.083622
-0.0729546
-0.0621826
-0.0513591
-0.0405363
-0.0297649
-0.0190949
-0.00857472
0.00174857
0.0118301
0.0216275
0.0311017
0.0402168
0.0489397
0.0572399
0.0650894
0.0724623
0.0793352
0.0856875
0.0915021
0.0967658
0.101469
0.105606
0.109173
0.11217
0.114599
0.116465
0.117773
0.118532
0.118756
0.118459
0.117658
0.116372
0.114622
0.112429
0.109815
0.106804
0.103422
0.0996945
0.0956485
0.0913103
0.0867066
0.0818639
0.0768095
0.0715713
0.0661774
0.0606555
0.0550319
0.0493311
0.0435763
0.0377895
0.0319925
0.0262067
0.0204531
0.0147515
0.0091198
0.00357378
-0.00187257
-0.00720649
-0.012416
-0.0174898
-0.0224175
-0.0271901
-0.0317999
-0.0362406
-0.0405073
-0.0445957
-0.0485026
-0.0522258
-0.0557642
-0.0591178
-0.0622873
-0.0652736
-0.0680779
-0.0707014
-0.0731461
-0.0754144
-0.0775098
-0.0794359
-0.0811961
-0.0827935
-0.0842311
-0.0855116
-0.086638
-0.0876134
-0.088441
-0.0891233
-0.0896626
-0.0900605
-0.0903191
-0.0904407
-0.0904278
-0.0902828
-0.0900075
-0.0896023
-0.0890674
-0.0884028
-0.0876092
-0.0866884
-0.0856425
-0.0844734
-0.0831822
-0.0817691
-0.0802337
-0.0785761
-0.0767972
-0.0748991
-0.0728844
-0.0707554
-0.0685142
-0.0661628
-0.0637031
-0.0611382
-0.0584719
-0.0557084
-0.0528522
-0.0499079
-0.0468802
-0.0437746
-0.0405978
-0.0373574
-0.034062
-0.0307202
-0.0273401
-0.02393
-0.0204978
-0.0170526
-0.0136044
-0.0101641
-0.0067436
-0.00335468
-9.21288e-06
0.00328113
0.00650475
0.00965007
0.0127055
0.0156597
0.0185011
0.0212185
0.0238005
0.0262358
0.0285134
0.0306228
0.0325544
0.0342993
0.035849
0.0371956
0.038331
0.0392477
0.0399387
0.0403983
0.0406219
0.0406064
0.0403492
0.0398486
0.0391039
0.0381152
0.0368841
0.0354133
0.0337067
0.0317685
0.0296035
0.027217
0.0246152
0.0218063
0.0187996
0.0156059
0.0122365
0.00870308
0.005017
0.00119023
-0.00276443
-0.00683302
-0.0110006
-0.0152516
-0.0195705
-0.0239417
-0.0283494
-0.0327772
-0.0372079
-0.041624
-0.0460079
-0.0503425
-0.0546116
-0.0587997
-0.0628909
-0.0668693
-0.0707184
-0.0744221
-0.0779652
-0.0813336
-0.0845145
-0.087496
-0.0902664
-0.0928141
-0.0951284
-0.0971998
-0.0990201
-0.100583
-0.101884
-0.102919
-0.103683
-0.104175
-0.104394
-0.104338
-0.104009
-0.10341
-0.102544
-0.101414
-0.100026
-0.0983863
-0.0965016
-0.0943818
-0.0920376
-0.0894803
-0.0867217
-0.0837735
-0.0806482
-0.0773591
-0.0739207
-0.0703487
-0.0666594
-0.0628691
-0.0589945
-0.0550521
-0.0510586
-0.0470309
-0.0429864
-0.0389426
-0.0349172
-0.0309277
-0.0269917
-0.0231262
-0.019348
-0.015673
-0.0121166
-0.00869321
-0.00541693
-0.00230137
0.000640217
0.00339523
0.00595198
0.0083
0.0104301
0.012334
0.0140044
0.0154345
0.0166182
0.0175476
0.0182111
0.018606
0.018732
0.018591
0.0181863
0.0175228
0.0166072
0.0154479
0.0140559
0.0124439
0.0106265
0.00861971
0.00644039
0.00410652
0.00163701
-0.00094823
-0.00362857
-0.00638298
-0.00919036
-0.0120298
-0.0148806
-0.0177222
-0.0205343
-0.0232969
-0.0259907
-0.0285973
-0.0310994
-0.0334808
-0.0357264
-0.0378225
-0.0397563
-0.0415169
-0.0430949
-0.0444828
-0.0456747
-0.0466666
-0.0474559
-0.0480413
-0.0484232
-0.0486035
-0.0485856
-0.0483742
-0.0479754
-0.0473966
-0.0466464
-0.0457348
-0.0446727
-0.0434721
-0.0421452
-0.0407044
-0.0391627
-0.0375331
-0.0358294
-0.0340657
-0.0322564
-0.0304159
-0.028558
-0.0266956
-0.0248411
-0.0230061
-0.0212017
-0.0194385
-0.0177263
-0.0160739
-0.0144892
-0.0129789
-0.0115484
-0.0102024
-0.0089446
-0.00777752
-0.00670279
-0.00572091
-0.00483138
-0.00403271
-0.00332256
-0.00269783
-0.0021547
-0.00168868
-0.00129473
-0.000967303
-0.000700509
-0.000488205
-0.000324087
-0.000201776
-0.000114898
-5.71848e-05
-2.25766e-05
-5.32203e-06
-6.35589e-08
-0
-0
-0
-0
-0
0
0
0
0
0
0
0
0
0
0
0
0
0
0
0
-0
-0
-0
-0
-0
-0
-0
-0
-0
-0
-0
-0
-0
-0
-0
-0
-0
-0
-0
-0
-0
-0
-0
-0
-0
-0
-0
-0
-0
-0
-0
-0
-0
-0
-0
-0
-0
-0
-0
-0
-0
-0
-0
-0
-0
-0
-0
-0
-0
-0
-0
-0
-0
-0
-0
-0
-0
-0
-0
-0
-0
-0
-0
-0
-0
-0
-0
-0
-0
-0
-0
-0
-0
-0
-0
-0
-0
-0
-0
-0
-0
-0
-0
-0
-0
-0
-0
-0
-0
-0
-0
-0
-0
-0
-0
-0
-0
-0
-0
-0
-0
-0
-0
-0
-0
-0
-0
-0
-0
-0
-0
-0
-0
-0
-0
-0
-0
-0
-0
-0
-0
-0
-0
-0
-0
-0
-0
-0
-0
-0
-0
-0
-0
-0
-0
-0
-0
-0
-0
-0
-0
-0
-0
-0
-0
-0
-0
-0
-0
-0
-0
-0
-0
-0
-0
-0
-0
-0
-0
-0
-0
-0
-0
-0
-0
-0
-0
-0
-0
-0
-0
-0
-0
-0
-0
-0
-0
-0
-0
-0
-0
-0
-0
-0
-0
-0
-0
-0
-0
-0
-0
-0
-0
-0
-0
-0
-0
-0
-0
-0
-0
-0
-0
-0
-0
-0
-0
-0
-0
-0
-0
-0
-0
-0
-0
-0
-0
-0
-0
-0
-0
-0
-0
-0
-0
-0
-0
-0
-0
-0
-0
-0
-0
-0
-0
-0
-0
-0
-0
-0
-0
-0
-0
-0
-0
-0
-0
-0
-0
-0
0
0
0
0
0
0
0
0
0
0
0
0
0
0
0
0
0
0
0
0
0
0
0
0
0
0
0
0
0
0
0
0
0
0
0
0
0
0
0
0
0
0
0
0
0
0
0
0
0
0
0
0
0
0
0
0
0
0
0
0
0
0
0
0
0
0
0
0
0
0
0
0
0
0
0
0
0
0
0
0
0
0
0
0
0
0
0
0
0
0
0
0
0
0
0
0
0
0
0
0
0
0
0
0
0
0
0
0
0
0
0
0
0
0
0
0
0
0
0
0
0
0
0
0
0
0
0
0
0
0
0
0
0
0
0
0
0
0
0
0
0
0
0
0
0
0
0
0
0
0
0
0
0
0
0
0
0
0
0
0
0
0
0
0
0
0
0
0
0
0
0
0
0
0
0
0
0
0
0
0
0
0
0
0
0
0
0
0
0
0
0
0
0
0
0
0
0
0
0
0
0
0
0
0
0
0
0
0
0
0
0
0
0
0
0
0
0
0
0
0
0
0
0
0
0
0
0
0
0
0
0
0
0
0
0
0
0
0
0
0
0
0
0
0
0
0
0
0
0
0
0
1.77297e-06
0.000120245
0.000425126
0.000916969
0.00159563
0.00246027
0.00350928
0.00474031
0.00615018
0.00773494
0.00948992
0.0114098
0.0134886
0.0157195
0.0180954
0.0206082
0.02325
0.0260127
0.0288881
0.0318679
0.0349432
0.0381047
0.041343
0.0446485
0.0480124
0.0514269
0.0548851
0.0583806
0.0619068
0.065457
0.0690244
0.0726027
0.0761867
0.0797728
0.0833591
0.0869446
0.090529
0.0941114
0.0976901
0.101262
0.104825
0.108375
0.111911
0.115432
0.11894
0.122437
0.125926
0.129408
0.132884
0.136355
0.139819
0.143277
0.146729
0.150176
0.153615
0.157047
0.160468
0.163874
0.167261
0.170625
0.173963
0.17727
0.180544
0.183778
0.186969
0.190114
0.193206
0.196239
0.199204
0.202092
0.204892
0.207596
0.210198
0.212697
0.215092
0.21738
0.219553
0.221601
0.223513
0.225279
0.226895
0.228357
0.229664
0.23081
0.231789
0.232589
0.233203
0.233623
0.23385
0.233886
0.233738
0.233503
0.233218
0.232877
0.232475
0.232009
0.231481
0.230892
0.230244
0.229535
0.228758
0.227915
0.227006
0.226036
0.22501
0.223927
0.222792
0.221605
0.220362
0.219062
0.217702
0.216291
0.214834
0.213336
0.211797
0.210209
0.208581
0.206913
0.205211
0.203479
0.201714
0.199929
0.198126
0.196306
0.194471
0.192617
0.190752
0.188876
0.18699
0.185098
0.183199
0.181301
0.179409
0.177528
0.175656
0.173794
0.171937
0.170084
0.168237
0.166402
0.16459
0.162798
0.161023
0.159262
0.157509
0.155778
0.154056
0.152348
0.150657
0.148987
0.147358
0.145741
0.144127
0.142514
0.140898
0.139311
0.137721
0.136126
0.13452
0.132898
0.131293
0.129673
0.12804
0.126401
0.124756
0.123139
0.121509
0.119859
0.118189
0.116501
0.114832
0.113166
0.111514
0.109881
0.108271
0.106698
0.105148
0.103625
0.102136
0.100693
0.0993028
0.0979817
0.096738
0.0955769
0.0945012
0.0934823
0.0925531
0.0917169
0.0909778
0.0903402
0.0897486
0.0892636
0.088886
0.0886166
0.0884562
0.0883206
0.0882959
0.088381
0.0885718
0.0888615
0.0891348
0.0894894
0.0899168
0.0904092
0.0909584
0.0914378
0.0919534
0.092492
0.0930388
0.0935786
0.0939833
0.0943496
0.0946599
0.0948939
0.0950295
0.0949543
0.0947364
0.0943563
0.0937961
0.0930383
0.092017
0.0907588
0.089242
0.0874454
0.0853497
0.0829512
0.0802234
0.0771537
0.0737301
0.0699415
0.0658636
0.0614065
0.0565693
0.0513542
0.0457648
0.0399638
0.0337917
0.0272493
0.0203393
0.0130691
0.00568067
-0.00203714
-0.0100632
-0.0183742
-0.026945
-0.0354698
-0.0441962
-0.0530899
-0.0621135
-0.0712289
-0.0801012
-0.0889916
-0.0978643
-0.106681
-0.1154
-0.123699
-0.13181
-0.139687
-0.147286
-0.154563
-0.161261
-0.167548
-0.173378
-0.178702
-0.183473
-0.187539
-0.190972
-0.193735
-0.195797
-0.197125
-0.197719
-0.197525
-0.196524
-0.194705
-0.192058
-0.188763
-0.184632
-0.179665
-0.173863
-0.167232
-0.160126
-0.152233
-0.143585
-0.134218
-0.124174
-0.113959
-0.103153
-0.0918075
-0.0799771
-0.0677237
-0.0556582
-0.0433036
-0.0307295
-0.0180082
-0.00521502
0.00700992
0.0191473
0.0311132
0.042821
0.0541826
0.0646068
0.0745122
0.083817
0.0924427
0.100314
0.106991
0.112775
0.1176
0.121399
0.124107
0.125495
0.125682
0.124629
0.122303
0.118679
0.113805
0.107595
0.100034
0.0911139
0.0808384
0.0695431
0.0569326
0.0430407
0.0279055
0.0115678
-0.00537725
-0.0234315
-0.0425353
-0.0626167
-0.0835928
-0.104649
-0.126421
-0.148816
-0.171745
-0.19511
-0.217998
-0.241111
-0.264336
-0.287555
-0.310649
-0.332712
-0.354429
-0.375696
-0.396407
-0.416454
-0.435062
-0.452794
-0.46955
-0.485232
-0.499747
-0.51256
-0.52404
-0.534114
-0.542717
-0.549798
-0.555157
-0.55891
-0.561025
-0.561477
-0.560246
-0.557496
-0.553052
-0.546925
-0.539139
-0.529728
-0.519223
-0.507184
-0.493668
-0.47874
-0.462477
-0.445713
-0.427791
-0.408812
-0.388881
-0.368107
-0.347512
-0.326301
-0.304591
-0.2825
-0.260148
-0.2386
-0.217029
-0.195552
-0.174291
-0.153365
-0.133746
-0.114696
-0.0963296
-0.0787547
-0.0620784
-0.0470408
-0.0330973
-0.0203325
-0.00882082
0.00137406
0.00986678
0.0169453
0.0225712
0.0267107
0.0293358
0.0304504
0.0300221
0.0280557
0.0245695
0.0195932
0.0135434
0.00608506
-0.00273344
-0.0128581
-0.0242282
-0.036097
-0.0490724
-0.0630762
-0.0780236
-0.0938227
-0.109492
-0.125815
-0.142683
-0.159986
-0.177611
-0.194491
-0.211478
-0.22847
-0.245364
-0.262055
-0.277548
-0.292633
-0.307212
-0.321192
-0.334481
-0.3463
-0.357269
-0.367317
-0.376379
-0.3844
-0.390935
-0.396338
-0.400576
-0.403618
-0.405438
-0.405976
-0.405255
-0.403271
-0.400031
-0.395554
-0.390189
-0.383642
-0.375944
-0.367132
-0.357249
-0.346987
-0.335764
-0.323647
-0.31071
-0.297031
-0.283548
-0.269475
-0.254889
-0.239867
-0.224493
-0.209805
-0.19494
-0.179986
-0.165034
-0.150173
-0.136388
-0.122864
-0.109679
-0.0969107
-0.0846324
-0.0736294
-0.063253
-0.053566
-0.0446283
-0.0364953
-0.0296388
-0.0236737
-0.0186294
-0.0145282
-0.0113876
-0.00929163
-0.00818161
-0.0080636
-0.008936
-0.0107872
-0.0133017
-0.0167449
-0.0210832
-0.026281
-0.0323019
-0.0384951
-0.0454386
-0.0530916
-0.0614071
-0.0703323
-0.0789665
-0.0881
-0.0976773
-0.107641
-0.117928
-0.127525
-0.137317
-0.147239
-0.157224
-0.167205
-0.176193
-0.185049
-0.193708
-0.202106
-0.210179
-0.217103
-0.223582
-0.229566
-0.235006
-0.239858
-0.243587
-0.24665
-0.249016
-0.250662
-0.251571
-0.251573
-0.250822
-0.249318
-0.247062
-0.244055
-0.240496
-0.236207
-0.231204
-0.225511
-0.219154
-0.212666
-0.205564
-0.197873
-0.189623
-0.18085
-0.172342
-0.163395
-0.154055
-0.14437
-0.134388
-0.125033
-0.115474
-0.105757
-0.0959287
-0.0860384
-0.0770131
-0.0680101
-0.0590671
-0.0502243
-0.0415262
-0.0337871
-0.0262846
-0.0190599
-0.0121481
-0.00557689
8.1318e-05
0.00536521
0.0102618
0.0147555
0.0188281
0.0221911
0.0251057
0.0275682
0.0295817
0.031153
0.0323216
0.0330611
0.033375
0.0332667
0.0327423
0.0321286
0.0311237
0.0297454
0.028014
0.0259502
0.0241157
0.0219847
0.0195752
0.0169089
0.0140115
0.0115917
0.00899117
0.00623217
0.00333729
0.000330105
-0.00204471
-0.00448833
-0.00698109
-0.00950285
-0.012034
-0.0138969
-0.0157415
-0.0175582
-0.0193355
-0.0210598
-0.0222009
-0.0232654
-0.024245
-0.0251319
-0.0259181
-0.0262825
-0.0265335
-0.0266669
-0.026679
-0.0265679
-0.0262495
-0.0258123
-0.0252611
-0.0245996
-0.0238299
-0.0230882
-0.0222368
-0.0212752
-0.0202042
-0.0190271
-0.0180679
-0.0170103
-0.0158579
-0.0146155
-0.0132897
-0.0123314
-0.0113035
-0.0102131
-0.00906823
-0.00787724
-0.00714166
-0.00636677
-0.00555176
-0.00469691
-0.00380444
-0.00335259
-0.00286577
-0.00234432
-0.00179072
-0.00120969
-0.000999738
-0.000770134
-0.00052373
-0.000265086
