-0
-0
-0
-0
-0
-0
-0
0
0
0
0
0
0
0
0
0
0
0
0
0
0
0
0
0
0
0
0
0
0
0
0
0
0
0
0
0
0
0
0
0
0
0
0
0
0
0
0
0
0
0
0
0
0
0
0
0
0
0
0
0
0
0
0
0
0
0
0
0
0
0
0
0
0
0
0
0
0
0
0
0
0
0
0
0
0
0
0
0
0
0
-0
-0
-0
-0
-0
-0
-0
-0
-0
-0
-0
-0
-0
-0
-0
-0
-0
-0
-0
-0
-0
-0
-0
-0
-0
-0
-0
-0
-0
-0
-0
-0
-0
-0
-0
-0
-0
-0
-0
-0
-0
-0
0
0
0
0
0
0
0
0
0
0
0
0
0
0
0
0
-0
-0
-0
-0
-0
-0
-0
-0
-0
-0
-0
-0
-0
-0
-0
-0
-0
-0
-0
-0
-0
-0
-0
-0
-0
-0
-0
-0
-0
-0
-0
-0
-0
-0
-0
-0
-0
-0
-0
-0
-0
-0
-0
0
0
0
0
0
0
0
0
0
0
0
0
0
0
0
0
0
0
0
0
0
0
0
0
0
0
0
0
0
0
0
0
0
0
0
0
0
0
0
-0
-0
-0
-0
-0
-0
-9.39961e-06
-4.41761e-05
-0.000112622
-0.000222482
-0.000380762
-0.000593534
-0.000865743
-0.00120102
-0.00160151
-0.00206774
-0.0025985
-0.00319082
-0.00383993
-0.00453925
-0.00528036
-0.00605289
-0.0068446
-0.0076414
-0.00842764
-0.00918633
-0.00989954
-0.0105485
-0.0111138
-0.0115752
-0.0119118
-0.0121026
-0.0121261
-0.0119616
-0.0115892
-0.0109907
-0.0101497
-0.00905214
-0.00768655
-0.00604415
-0.00411909
-0.00190857
0.000586906
0.00336327
0.00641264
0.00972315
0.013279
0.0170608
0.0210453
0.0252062
0.0295137
0.0339347
0.0384331
0.0429698
0.0475032
0.0519893
0.0563824
0.0606347
0.0646968
0.0685184
0.0720489
0.075239
0.078041
0.0804099
0.0823031
0.0836811
0.0845075
0.0847498
0.08438
0.0833751
0.0817175
0.0793942
0.0763973
0.0727244
0.0683793
0.0633732
0.0577251
0.0514611
0.0446134
0.0372187
0.0293181
0.0209565
0.0121841
0.00305682
-0.00636323
-0.0160087
-0.0258088
-0.0356904
-0.0455801
-0.0554044
-0.0650901
-0.0745641
-0.0837538
-0.092588
-0.100998
-0.108917
-0.116326
-0.123209
-0.129525
-0.135239
-0.140319
-0.144735
-0.148461
-0.151473
-0.153754
-0.15529
-0.156075
-0.156104
-0.155378
-0.153901
-0.151679
-0.148724
-0.145052
-0.140684
-0.135647
-0.129971
-0.123687
-0.116829
-0.109434
-0.10154
-0.0931912
-0.084433
-0.0753152
-0.0658892
-0.0562076
-0.0463234
-0.0362905
-0.0261637
-0.0159983
-0.00585008
0.00422558
0.0141742
0.0239425
0.033479
0.0427334
0.0516574
0.0602043
0.0683294
0.0759901
0.0831463
0.0897605
0.095799
0.101233
0.106037
0.110192
0.113684
0.116501
0.118636
0.120085
0.12085
0.120937
0.120357
0.119125
0.117258
0.114776
0.111698
0.108048
0.103852
0.0991407
0.0939479
0.088311
0.0822696
0.0758649
0.0691399
0.0621388
0.054907
0.0474895
0.0399303
0.0322719
0.0245555
0.0168221
0.00911266
0.00146884
-0.00606821
-0.0134585
-0.0206642
-0.0276495
-0.0343804
-0.0408246
-0.0469516
-0.052734
-0.0581479
-0.0631736
-0.0677952
-0.0719996
-0.075776
-0.0791154
-0.0820114
-0.0844609
-0.0864635
-0.0880217
-0.0891395
-0.0898217
-0.0900746
-0.089906
-0.089327
-0.0883519
-0.0869975
-0.0852824
-0.083226
-0.0808482
-0.0781704
-0.0752156
-0.0720091
-0.068577
-0.0649456
-0.0611399
-0.0571838
-0.0531009
-0.0489148
-0.0446499
-0.0403308
-0.0359812
-0.0316228
-0.0272758
-0.0229584
-0.0186883
-0.014483
-0.010359
-0.00633163
-0.00241465
0.00137976
0.00504042
0.00855684
0.0119194
0.0151204
0.0181544
0.0210191
0.0237139
0.026239
0.0285936
0.0307758
0.0327835
0.0346152
0.0362712
0.037754
0.039067
0.0402141
0.0411984
0.0420227
0.0426894
0.0432015
0.0435622
0.0437745
0.043841
0.0437631
0.0435419
0.0431782
0.0426728
0.0420267
0.0412404
0.0403135
0.039245
0.0380333
0.0366768
0.0351738
0.0335229
0.0317221
0.0297693
0.0276621
0.0253987
0.0229785
0.0204019
0.0176705
0.0147861
0.0117507
0.00856628
0.0052354
0.00176125
-0.00185208
-0.00559969
-0.00947582
-0.0134735
-0.0175841
-0.0217962
-0.0260962
-0.0304681
-0.034895
-0.0393599
-0.0438461
-0.0483371
-0.0528155
-0.0572625
-0.0616577
-0.065979
-0.0702028
-0.0743046
-0.0782587
-0.0820385
-0.0856164
-0.0889646
-0.092056
-0.0948647
-0.0973667
-0.0995389
-0.10136
-0.102807
-0.103862
-0.104504
-0.104715
-0.104478
-0.103778
-0.1026
-0.100933
-0.0987691
-0.0961028
-0.0929334
-0.0892631
-0.0850965
-0.0804399
-0.0753016
-0.0696922
-0.063626
-0.0571214
-0.0502006
-0.0428892
-0.0352154
-0.0272096
-0.0189046
-0.0103359
-0.00154236
0.00743497
0.016553
0.0257678
0.0350348
0.044309
0.0535443
0.0626931
0.0717062
0.0805335
0.0891238
0.097426
0.105389
0.112963
0.120098
0.126746
0.132862
0.138404
0.143332
0.14761
0.151207
0.154091
0.156238
0.157622
0.158225
0.158027
0.157015
0.155177
0.152507
0.149005
0.144675
0.139527
0.133575
0.12684
0.119345
0.111122
0.102205
0.0926334
0.0824517
0.0717056
0.060443
0.0487135
0.0365697
0.0240674
0.0112663
-0.00177028
-0.0149771
-0.0282874
-0.0416334
-0.0549461
-0.0681547
-0.0811865
-0.0939674
-0.106424
-0.118484
-0.13008
-0.141145
-0.151617
-0.161435
-0.170543
-0.17889
-0.186428
-0.193117
-0.198924
-0.203818
-0.207775
-0.210774
-0.212801
-0.213846
-0.213907
-0.212988
-0.211098
-0.208251
-0.204462
-0.199754
-0.194154
-0.187693
-0.18041
-0.172346
-0.163548
-0.154065
-0.143947
-0.133249
-0.122031
-0.110351
-0.0982736
-0.0858626
-0.0731829
-0.0602999
-0.0472801
-0.0341905
-0.0210989
-0.00807334
0.00481938
0.0175141
0.0299477
0.0420596
0.0537912
0.0650863
0.0758912
0.0861551
0.095831
0.104876
0.113249
0.120917
0.127847
0.134012
0.139387
0.143955
0.147701
0.150615
0.152694
0.153936
0.154347
0.153933
0.152707
0.150686
0.14789
0.144344
0.140078
0.135125
0.12952
0.1233
0.116503
0.109173
0.101354
0.093093
0.0844407
0.0754487
0.0661692
0.0566548
0.0469579
0.0371311
0.0272268
0.0172973
0.00739388
-0.0024333
-0.0121356
-0.021666
-0.0309784
-0.0400287
-0.0487745
-0.0571758
-0.0651959
-0.0728009
-0.0799599
-0.0866443
-0.0928284
-0.098489
-0.103607
-0.108165
-0.11215
-0.115555
-0.11837
-0.120594
-0.122224
-0.123263
-0.123716
-0.123593
-0.122906
-0.121669
-0.119897
-0.117609
-0.114825
-0.111569
-0.107864
-0.10374
-0.0992228
-0.094344
-0.0891342
-0.0836251
-0.0778494
-0.0718407
-0.0656324
-0.0592588
-0.0527542
-0.0461533
-0.0394914
-0.0328033
-0.0261232
-0.0194834
-0.012915
-0.00644767
-0.000110707
0.00606691
0.0120568
0.0178321
0.0233684
0.0286446
0.0336419
0.0383435
0.0427333
0.0467962
0.0505183
0.0538881
0.0568971
0.0595399
0.0618132
0.0637152
0.065245
0.0664033
0.0671926
0.0676184
0.0676883
0.0674121
0.0668005
0.0658646
0.0646163
0.0630685
0.0612359
0.0591346
0.0567815
0.054194
0.0513893
0.0483852
0.0452006
0.0418559
0.0383727
0.0347729
0.0310775
0.0273056
0.0234754
0.0196047
0.0157117
0.0118158
0.00793645
0.00409251
0.000301243
-0.00342187
-0.00706262
-0.0106074
-0.0140426
-0.0173552
-0.0205329
-0.0235653
-0.0264438
-0.0291614
-0.0317119
-0.0340892
-0.0362876
-0.0383018
-0.0401277
-0.0417629
-0.0432068
-0.0444598
-0.0455234
-0.046399
-0.0470884
-0.0475936
-0.0479173
-0.0480633
-0.0480363
-0.0478426
-0.0474895
-0.0469849
-0.0463372
-0.0455545
-0.0446446
-0.0436151
-0.0424735
-0.041228
-0.0398874
-0.0384612
-0.0369594
-0.0353918
-0.0337678
-0.0320963
-0.0303856
-0.0286439
-0.0268796
-0.0251009
-0.0233162
-0.0215339
-0.0197622
-0.018009
-0.0162817
-0.0145873
-0.0129318
-0.0113211
-0.00976361
-0.00826217
-0.00681821
-0.00543336
-0.00410939
-0.00284787
-0.00164974
-0.000515009
0.000557127
0.00156795
0.00251863
0.00340979
0.00424142
0.00501322
0.00572514
0.00637789
0.00697316
0.00751338
0.00800115
0.00843877
0.00882788
0.00916971
0.00946547
0.00971694
0.00992674
0.0100982
0.0102352
0.0103414
0.0104204
0.0104754
0.0105102
0.0105286
0.010535
0.0105339
0.0105292
0.0105246
0.0105231
0.0105279
0.010543
0.0105731
0.010624
0.0107015
0.010811
0.0109563
0.0111401
0.0113637
0.011628
0.0119335
0.0122813
0.0126727
0.0131089
0.0135904
0.0141159
0.0146792
0.0152757
0.0159006
0.0165486
0.0172147
0.0178943
0.0185824
0.0192737
0.0199611
0.0206361
0.0212891
0.02191
0.0224891
0.0230177
0.0234877
0.0238911
0.0242194
0.0244637
0.0246148
0.0246649
0.0246074
0.024438
0.0241539
0.023754
0.0232359
0.0225977
0.0218375
0.0209539
0.0199463
0.0188154
0.0175638
0.0161957
0.014717
0.0131339
0.0114544
0.00968567
0.00783597
0.00591509
0.00392959
0.00188977
-0.000194188
-0.00231126
-0.00445035
-0.00660335
-0.00875807
-0.0109054
-0.0130366
-0.0151426
-0.0172177
-0.0192491
-0.0212278
-0.0231449
-0.0249922
-0.0267657
-0.0284538
-0.0300497
-0.0315474
-0.0329422
-0.0342344
-0.0354158
-0.0364833
-0.0374336
-0.0382639
-0.038976
-0.0395646
-0.0400293
-0.0403709
-0.0405904
-0.0406924
-0.0406762
-0.0405441
-0.0402987
-0.0399423
-0.0394784
-0.0389087
-0.0382364
-0.0374657
-0.0366018
-0.0356489
-0.0346147
-0.0335046
-0.0323228
-0.0310727
-0.0297524
-0.0283701
-0.0269299
-0.0254365
-0.0238954
-0.0223034
-0.0206712
-0.0189947
-0.0172801
-0.0155344
-0.0137527
-0.0119546
-0.010148
-0.00834162
-0.00654455
-0.00475123
-0.00298477
-0.00125238
0.000440111
0.00208776
0.00370149
0.0052599
0.00675659
0.00818493
0.00953906
0.0108293
0.0120385
0.0131653
0.014209
0.0151686
0.016054
0.0168538
0.0175683
0.0181986
0.0187466
0.0192175
0.0196096
0.0199251
0.0201672
0.0203405
0.0204442
0.020491
0.0204859
0.0204328
0.020335
0.0201773
0.0199835
0.0197605
0.019516
0.0192573
0.018959
0.0186566
0.0183535
0.0180528
0.0177585
0.0174319
0.0171199
0.0168256
0.0165504
0.0162949
0.0160084
0.0157425
0.0154971
0.0152711
0.0150615
0.0148108
0.0145672
0.0143259
0.0140825
0.0138324
0.013522
0.0131914
0.012831
0.0124298
0.0119772
0.0114297
0.0108119
0.0101152
0.00932989
0.00844537
0.00743972
0.00631264
0.00505426
0.00365597
0.00211006
0.000428739
-0.00141449
-0.00342631
-0.00561273
-0.00797864
-0.010474
-0.0131549
-0.0160224
-0.0190761
-0.0223135
-0.0256428
-0.0291457
-0.0328145
-0.0366409
-0.0406153
-0.0446106
-0.0487296
-0.0529568
-0.057274
-0.0616614
-0.0659647
-0.0702954
-0.0746305
-0.0789454
-0.0832133
-0.0872714
-0.0912255
-0.0950468
-0.0987063
-0.102175
-0.105305
-0.108182
-0.110775
-0.11305
-0.114977
-0.116447
-0.117512
-0.118145
-0.118319
-0.118008
-0.117163
-0.115786
-0.113859
-0.111367
-0.108295
-0.104677
-0.100462
-0.0956467
-0.0902298
-0.0842152
-0.0777251
-0.0706541
-0.0630147
-0.054823
-0.046099
-0.0370499
-0.0275227
-0.0175506
-0.00717024
0.00357949
0.0144235
0.025551
0.0369138
0.0484597
0.0601328
0.071615
0.083107
0.0945486
0.105878
0.117033
0.127694
0.138051
0.148041
0.157601
0.166668
0.174965
0.182645
0.18965
0.19592
0.201402
0.205905
0.209522
0.212212
0.213935
0.214656
0.214301
0.212889
0.210401
0.206825
0.202155
0.196461
0.189673
0.181801
0.17286
0.162872
0.152052
0.14025
0.127506
0.113867
0.0993839
0.0843951
0.0686801
0.0523062
0.0353454
0.0178741
0.000322223
-0.0175786
-0.0357433
-0.0540832
-0.072507
-0.0905454
-0.108483
-0.126227
-0.143686
-0.160767
-0.177022
-0.192716
-0.207762
-0.222074
-0.235568
-0.247878
-0.259218
-0.269521
-0.278721
-0.286759
-0.293397
-0.298768
-0.302831
-0.30555
-0.306896
-0.306799
-0.305296
-0.302382
-0.298061
-0.292341
-0.285329
-0.276959
-0.26726
-0.25627
-0.244035
-0.23083
-0.21649
-0.201077
-0.184663
-0.167323
-0.149468
-0.130856
-0.111576
-0.0917219
-0.0713906
-0.0510747
-0.030484
-0.00972355
0.0110998
0.0318788
0.0521012
0.0720707
0.0916873
0.110853
0.129471
0.147082
0.163966
0.180041
0.19523
0.209458
0.222371
0.234195
0.244873
0.254355
0.262601
0.269402
0.274902
0.279077
0.281913
0.283402
0.283505
0.28227
0.279713
0.275855
0.270728
0.264462
0.257003
0.2484
0.238707
0.227985
0.216506
0.204128
0.190923
0.176964
0.16233
0.147394
0.131951
0.116086
0.0998856
0.0834388
0.0671648
0.0508196
0.0344898
0.0182602
0.00221297
-0.0132456
-0.0283681
-0.0430821
-0.0573169
-0.0710041
-0.0837956
-0.095915
-0.107309
-0.117928
-0.127731
-0.136472
-0.144324
-0.15126
-0.157259
-0.162304
-0.166274
-0.169278
-0.171317
-0.172396
-0.172527
-0.171716
-0.169996
-0.167393
-0.163938
-0.159664
-0.15469
-0.148974
-0.14256
-0.135498
-0.12784
-0.119794
-0.111258
-0.102287
-0.0929349
-0.0832571
-0.0735122
-0.0635585
-0.0534541
-0.043256
-0.0330196
-0.0230148
-0.0130781
-0.0032609
0.00638718
0.0158196
0.0247907
0.0334651
0.0418065
0.0497802
0.057352
0.0643233
0.0708331
0.0768584
0.0823818
0.08739
0.0917584
0.0955932
0.0988884
0.101641
0.103852
0.105472
0.106563
0.107135
0.107199
0.106766
0.105855
0.10448
0.102661
0.100422
0.0977874
0.0948374
0.0915414
0.0879246
0.0840138
0.0798371
0.0755173
0.0709897
0.0662821
0.0614215
0.0564343
0.0514639
0.046421
0.0413329
0.0362264
0.0311268
0.0261815
0.0212884
0.0164676
0.0117387
0.00712036
0.00274759
-0.00148092
-0.00554991
-0.00944483
-0.013152
-0.0165592
-0.0197562
-0.0227352
-0.0254903
-0.0280167
-0.0302354
-0.0322164
-0.0339551
-0.035448
-0.0366931
-0.0376465
-0.0383539
-0.0388173
-0.0390385
-0.0390195
-0.0387504
-0.038247
-0.0375145
-0.0365593
-0.0353879
-0.0340258
-0.0324596
-0.030695
-0.0287383
-0.0265967
-0.0243257
-0.0218857
-0.0192845
-0.0165296
-0.0136282
-0.0106598
-0.00756174
-0.00434363
-0.00101563
0.00241205
0.00584017
0.00934768
0.0129239
0.0165572
0.0202354
0.0238465
0.0274775
0.0311166
0.0347526
0.0383747
0.0418718
0.0453342
0.0487512
0.0521112
0.0554018
0.0585175
0.061537
0.0644469
0.067234
0.0698858
0.0723161
0.074588
0.0766905
0.0786122
0.080342
0.0818218
0.0830894
0.0841362
0.084954
0.0855355
0.08586
0.085936
0.0857588
0.0853247
0.0846305
0.0836971
0.0824994
0.0810366
0.0793098
0.0773219
0.0751386
0.0727055
0.0700304
0.0671219
0.0639899
0.0607386
0.0572869
0.0536478
0.0498345
0.045861
0.0418581
0.0377257
0.0334822
0.0291486
0.0247476
0.0204286
0.0160869
0.0117433
0.00741822
0.00313305
-0.000967838
-0.00498309
-0.00888983
-0.0126666
-0.016294
-0.0196522
-0.0228261
-0.0257982
-0.0285507
-0.0310668
-0.0332628
-0.0351953
-0.0368542
-0.0382303
-0.0393141
-0.0400702
-0.0405165
-0.0406478
-0.0404638
-0.0399675
-0.0391851
-0.0381002
-0.036716
-0.0350346
-0.0330593
-0.0308624
-0.0283896
-0.0256562
-0.0226796
-0.0194765
-0.0161642
-0.0126548
-0.00896289
-0.00510524
-0.0011015
0.00289702
0.00698454
0.0111306
0.0153056
0.0194803
0.0234963
0.0274547
0.031326
0.0350814
0.0386934
0.0420223
0.0451639
0.0480994
0.0508106
0.0532802
0.0554049
0.0572581
0.0588283
0.0601083
0.0610952
0.0617418
0.0621017
0.0621801
0.0619826
0.0615159
0.0607785
0.0597914
0.058569
0.0571282
0.0554881
0.0536914
0.0517339
0.0496352
0.047415
0.0450934
0.0427353
0.0403142
0.0378502
0.0353631
0.032872
0.0304489
0.0280554
0.0257083
0.0234228
0.0212122
0.0191375
0.0171541
0.0152701
0.0134925
0.0118272
0.0103183
0.00892551
0.00764965
0.00649002
0.00544479
0.00453685
0.00373469
0.00303427
0.00243056
0.00191756
0.00150105
0.00115944
0.000885363
0.00067156
0.000510805
0.000399358
0.000325758
0.000282744
0.000263369
0.000261258
0.000269667
0.000285051
0.000303225
0.000320651
0.000334429
0.000340228
0.000339213
0.000330449
0.000313637
0.000289067
0.000256365
0.000218652
0.000177629
0.000135405
9.44336e-05
5.72374e-05
2.71482e-05
7.07995e-06
0
0
0
0
0
0
0
0
0
0
0
0
0
0
0
0
0
0
0
0
0
0
0
0
0
0
0
0
0
0
0
0
0
0
0
0
0
0
0
0
0
0
0
0
0
0
0
0
0
0
0
0
0
0
0
0
0
0
0
0
0
0
0
0
0
0
0
0
0
0
0
0
0
0
0
0
0
0
0
0
0
0
0
0
0
0
0
0
0
0
0
0
0
0
0
0
0
0
0
0
0
0
0
0
0
0
0
0
0
0
0
0
0
0
0
0
0
0
0
0
0
0
0
0
0
0
0
0
0
0
0
0
0
0
0
0
0
0
0
0
0
0
0
0
0
0
0
0
0
0
0
0
0
0
0
0
0
0
0
0
0
0
0
0
0
0
0
0
0
0
0
0
0
0
0
0
0
0
0
0
0
0
0
0
0
0
0
0
0
0
0
0
0
0
0
0
0
0
0
0
0
0
0
0
0
-0
-0
-0
-0
-0
-0
-0
-0
-0
-0
-0
-0
-0
-0
-0
-0
-0
-0
-0
-0
-0
-0
-0
-0
-0
-0
-0
-0
-0
-0
-0
