0
0
0
0
0
0
0
0
0
0
0
0
0
0
0
0
0
0
0
0
0
0
0
0
0
0
0
0
0
0
0
0
0
0
0
0
0
0
0
0
0
0
0
0
0
0
0
0
0
0
-0
-0
-0
-0
-0
-0
-0
-0
-0
-0
-0
-0
-0
-0
-0
-0
-0
-0
-0
-0
-0
0
0
0
0
0
0
0
0
0
0
0
0
0
0
0
0
0
0
0
0
0
-0
-0
-0
-0
-0
-0
-0
-0
-0
-0
-0
-0
-0
-0
-0
-0
-0
-0
-0
-0
-0
-0
-0
-0
-0
-0
-0
-0
-0
-0
-0
-0
-0
-0
-0
-0
-0
-0
-0
-0
-0
-0
-0
0
0
0
0
0
0
0
0
0
0
0
0
0
0
0
0
0
0
0
0
0
0
0
0
0
0
0
0
0
0
0
0
0
0
0
0
0
0
0
0
-0
-0
-0
-0
-0
-0
-0
-0
-0
-0
-0
-0
-0
-0
-0
-0
-0
-0
-0
-0
-0
-0
-0
-0
-0
-0
-0
-0
-0
-0
-0
-0
-0
-0
-0
-0
-0
-0
-0
-0
-0
-0
-0
-0
-0
-0
0
0
0
0
0
0
0
0
0
0
0
0
0
0
0
4.51647e-06
1.91732e-05
4.46967e-05
8.14771e-05
0.00012956
0.000188642
0.000258079
0.000336896
0.000423804
0.000517219
0.000615281
0.000715881
0.000816702
0.000915261
0.00100895
0.00109509
0.00117091
0.00123368
0.00128069
0.00130934
0.00131724
0.00130221
0.00126228
0.00119575
0.00110114
0.000977327
0.000823579
0.000639648
0.000425761
0.000182556
-8.9012e-05
-0.000387725
-0.000712067
-0.00106012
-0.00142947
-0.00181719
-0.00221991
-0.00263406
-0.00305597
-0.00348194
-0.00390819
-0.00433072
-0.00474533
-0.00514768
-0.00553346
-0.00589864
-0.00623947
-0.00655247
-0.00683431
-0.0070818
-0.00729198
-0.00746234
-0.00759098
-0.00767668
-0.00771874
-0.00771683
-0.00767087
-0.00758105
-0.00744802
-0.00727304
-0.00705803
-0.00680547
-0.00651815
-0.00619913
-0.00585171
-0.00547966
-0.00508729
-0.00467944
-0.00426111
-0.00383713
-0.00341187
-0.00298925
-0.00257305
-0.00216728
-0.00177637
-0.0014051
-0.00105818
-0.000739708
-0.00045292
-0.000200125
1.69981e-05
0.000197045
0.000338666
0.000440613
0.000501999
0.000522618
0.000503112
0.000444916
0.000350016
0.000220672
5.92797e-05
-0.000131861
-0.000350308
-0.000593186
-0.000857127
-0.00113841
-0.00143322
-0.00173795
-0.00204925
-0.002364
-0.00267893
-0.00299047
-0.00329463
-0.00358718
-0.00386406
-0.00412177
-0.00435748
-0.00456895
-0.00475416
-0.00491094
-0.00503684
-0.00512924
-0.0051857
-0.00520435
-0.00518402
-0.00512421
-0.0050248
-0.00488582
-0.0047073
-0.00448942
-0.00423266
-0.00393794
-0.00360663
-0.0032404
-0.00284104
-0.00241046
-0.00195073
-0.0014643
-0.000954136
-0.000423668
0.00012337
0.000683197
0.00125217
0.00182685
0.00240383
0.00297967
0.00355071
0.00411309
0.00466281
0.00519587
0.00570831
0.0061963
0.00665616
0.00708437
0.00747761
0.00783278
0.00814697
0.00841743
0.00864152
0.00881675
0.00894083
0.00901185
0.00902834
0.00898936
0.00889444
0.0087435
0.00853681
0.00827489
0.00795856
0.00758892
0.00716732
0.00669535
0.00617486
0.00560793
0.00499701
0.00434493
0.00365498
0.00293081
0.00217637
0.00139572
0.000593009
-0.000227588
-0.00106181
-0.00190527
-0.00275339
-0.00360149
-0.0044448
-0.00527854
-0.00609799
-0.00689854
-0.0076757
-0.0084252
-0.00914298
-0.00982522
-0.0104683
-0.0110685
-0.0116226
-0.0121271
-0.0125787
-0.0129744
-0.0133116
-0.0135881
-0.0138019
-0.0139516
-0.014036
-0.0140546
-0.0140067
-0.0138922
-0.0137114
-0.0134645
-0.0131521
-0.0127747
-0.0123335
-0.0118299
-0.0112659
-0.0106437
-0.00996634
-0.0092368
-0.00845831
-0.00763414
-0.0067677
-0.00586255
-0.00492251
-0.00395164
-0.00295424
-0.00193482
-0.000898043
0.000151268
0.00120821
0.00226785
0.00332528
0.0043757
0.00541443
0.00643686
0.00743842
0.00841446
0.00936028
0.0102711
0.0111421
0.0119685
0.012746
0.0134701
0.0141367
0.0147421
0.0152825
0.0157546
0.0161549
0.0164804
0.016728
0.0168949
0.0169785
0.0169767
0.0168877
0.01671
0.0164428
0.0160854
0.0156378
0.0151002
0.0144733
0.013758
0.0129556
0.0120678
0.0110964
0.010044
0.00891328
0.00770763
0.00643091
0.00508744
0.0036819
0.00221926
0.000704716
-0.000856262
-0.0024579
-0.00409406
-0.00575816
-0.00744327
-0.00914208
-0.010847
-0.0125504
-0.0142441
-0.0159201
-0.0175702
-0.0191862
-0.0207599
-0.0222833
-0.0237485
-0.0251474
-0.026472
-0.0277145
-0.0288667
-0.0299208
-0.030869
-0.031704
-0.032419
-0.0330073
-0.0334631
-0.033781
-0.0339563
-0.0339852
-0.0338644
-0.0335909
-0.0331625
-0.0325773
-0.0318338
-0.0309311
-0.0298691
-0.0286487
-0.0272717
-0.025741
-0.0240601
-0.0222338
-0.0202672
-0.0181666
-0.015939
-0.0135922
-0.0111346
-0.00857513
-0.00592342
-0.00318969
-0.000384911
0.00247907
0.00538965
0.00833357
0.0112972
0.0142665
0.0172273
0.0201655
0.0230665
0.0259159
0.0286991
0.0314017
0.0340096
0.036509
0.0388863
0.041128
0.0432208
0.0451517
0.0469082
0.0484785
0.0498514
0.0510169
0.0519661
0.0526909
0.0531845
0.0534413
0.0534569
0.0532279
0.0527522
0.0520285
0.0510566
0.0498373
0.0483725
0.0466657
0.0447215
0.0425462
0.0401474
0.0375339
0.0347161
0.0317053
0.0285144
0.025157
0.021648
0.0180029
0.014238
0.0103703
0.00641699
0.00239603
-0.00167437
-0.0057757
-0.00988919
-0.0139958
-0.0180763
-0.0221109
-0.0260799
-0.0299633
-0.0337414
-0.0373947
-0.0409043
-0.044252
-0.0474203
-0.0503926
-0.0531531
-0.0556873
-0.0579818
-0.0600249
-0.0618062
-0.0633167
-0.064549
-0.0654972
-0.066157
-0.0665256
-0.0666017
-0.0663857
-0.0658794
-0.0650859
-0.0640099
-0.0626573
-0.0610357
-0.059154
-0.0570223
-0.0546519
-0.0520552
-0.0492455
-0.0462372
-0.0430455
-0.0396865
-0.0361774
-0.0325358
-0.0287799
-0.0249285
-0.0210005
-0.017015
-0.0129912
-0.00894842
-0.00490587
-0.000882642
0.00310239
0.0070307
0.0108842
0.0146454
0.0182975
0.0218244
0.0252111
0.028443
0.0315068
0.03439
0.0370812
0.03957
0.0418474
0.0439053
0.045737
0.0473367
0.0487001
0.0498239
0.0507061
0.0513459
0.0517438
0.0519014
0.0518214
0.0515076
0.050965
0.0501997
0.0492188
0.0480304
0.0466436
0.045068
0.043314
0.0413927
0.0393159
0.0370959
0.0347455
0.032278
0.0297068
0.0270457
0.0243088
0.0215101
0.0186638
0.0157838
0.0128839
0.00997775
0.00707859
0.00419962
0.00135378
-0.00144641
-0.00418892
-0.00686243
-0.0094563
-0.0119606
-0.0143658
-0.0166633
-0.0188447
-0.0209028
-0.0228308
-0.0246231
-0.0262748
-0.0277819
-0.0291407
-0.0303487
-0.0314038
-0.032305
-0.0330519
-0.0336452
-0.0340861
-0.0343761
-0.0345178
-0.034514
-0.0343683
-0.034085
-0.0336691
-0.033126
-0.0324613
-0.0316812
-0.030792
-0.0298003
-0.0287132
-0.0275381
-0.0262824
-0.0249537
-0.0235597
-0.0221083
-0.0206071
-0.0190641
-0.0174869
-0.0158831
-0.0142601
-0.0126253
-0.010986
-0.00934946
-0.00772266
-0.00611241
-0.00452508
-0.00296663
-0.00144264
4.15872e-05
0.00148093
0.00287052
0.0042058
0.00548269
0.00669753
0.00784713
0.00892861
0.00993939
0.0108772
0.0117401
0.0125266
0.0132358
0.0138671
0.0144201
0.0148948
0.0152912
0.0156099
0.0158517
0.0160178
0.0161098
0.0161295
0.0160785
0.015959
0.015773
0.0155228
0.0152111
0.0148411
0.0144156
0.0139379
0.0134111
0.0128383
0.012223
0.0115687
0.010879
0.0101576
0.00940815
0.008634
0.00783864
0.00702557
0.00619842
0.00536086
0.00451655
0.00366898
0.00282147
0.00197713
0.00113899
0.000310071
-0.000506621
-0.0013081
-0.00209151
-0.00285414
-0.00359351
-0.00430732
-0.00499341
-0.00564974
-0.00627438
-0.00686548
-0.00742137
-0.00794054
-0.00842167
-0.00886367
-0.00926568
-0.009627
-0.00994709
-0.0102255
-0.0104619
-0.0106561
-0.0108079
-0.0109175
-0.0109854
-0.0110122
-0.0109985
-0.0109452
-0.0108531
-0.0107233
-0.0105568
-0.0103548
-0.0101189
-0.00985069
-0.00955178
-0.00922395
-0.00886902
-0.00848884
-0.00808536
-0.0076606
-0.0072166
-0.00675545
-0.00627925
-0.00579174
-0.00530958
-0.00483373
-0.00436043
-0.00388581
-0.00340597
-0.00291709
-0.0024155
-0.00189777
-0.00136086
-0.000802083
-0.000219192
0.000389557
0.00102535
0.00168872
0.00237956
0.00309713
0.00384014
0.00460686
0.00539503
0.00620186
0.00702384
0.00785665
0.00869524
0.009534
0.010367
0.0111882
0.0119915
0.0127706
0.013519
0.0142297
0.0148954
0.0155089
0.016063
0.0165507
0.0169657
0.0173018
0.0175533
0.0177148
0.0177817
0.0177497
0.0176153
0.0173754
0.0170273
0.0165689
0.0159989
0.0153166
0.0145225
0.0136181
0.0126059
0.0114889
0.0102707
0.00895565
0.00754821
0.00605324
0.00447705
0.00282664
0.0011096
-0.000665901
-0.00249103
-0.00435636
-0.00625201
-0.00816794
-0.0100942
-0.0120213
-0.0139399
-0.0158407
-0.0177147
-0.0195523
-0.0213438
-0.0230796
-0.0247503
-0.0263471
-0.0278622
-0.0292886
-0.0306202
-0.0318512
-0.0329756
-0.0339879
-0.0348823
-0.0356537
-0.0362977
-0.0368113
-0.0371928
-0.0374413
-0.0375564
-0.0375378
-0.0373857
-0.0371004
-0.0366833
-0.036139
-0.035485
-0.0347269
-0.033866
-0.0329043
-0.0318448
-0.0306908
-0.029448
-0.0281188
-0.0267065
-0.0252141
-0.0236444
-0.0220035
-0.0202938
-0.0185211
-0.016692
-0.0148128
-0.0128919
-0.0109314
-0.00893641
-0.00691285
-0.00486754
-0.00281125
-0.000748009
0.00131515
0.00337147
0.00541389
0.00743148
0.00941905
0.011368
0.0132704
0.0151192
0.0169052
0.0186245
0.0202693
0.021831
0.0233006
0.0246684
0.0259277
0.0270721
0.0280957
0.0289926
0.0297581
0.0303843
0.030865
0.0311951
0.03137
0.0313904
0.0312481
0.0309396
0.0304625
0.0298153
0.0290059
0.0280271
0.0268782
0.0255601
0.0240739
0.0224324
0.0206276
0.0186646
0.0165507
0.014294
0.0119165
0.00941242
0.00678989
0.00405843
0.0012293
-0.00166941
-0.00463903
-0.0076657
-0.0107358
-0.0138355
-0.0169357
-0.0200347
-0.0231148
-0.026158
-0.0291469
-0.0320545
-0.0348755
-0.037594
-0.0401931
-0.0426547
-0.0449569
-0.0470861
-0.0490269
-0.050765
-0.0522875
-0.0535874
-0.0546464
-0.0554523
-0.0559936
-0.0562607
-0.0562625
-0.0559761
-0.0553971
-0.054522
-0.0533489
-0.0519067
-0.0501676
-0.048135
-0.0458139
-0.043211
-0.0403748
-0.0372745
-0.0339216
-0.0303297
-0.0265143
-0.0225413
-0.0183811
-0.0140536
-0.00958058
-0.00498458
-0.000340711
0.00437723
0.00914315
0.0139298
0.0187089
0.0234047
0.0280344
0.0325685
0.0369775
0.0412317
0.0452681
0.049091
0.0526714
0.0559806
0.058991
0.0616641
0.0639882
0.0659404
0.0674988
0.0686429
0.0693693
0.0696456
0.0694578
0.0687947
0.0676477
0.0660592
0.0639776
0.061402
0.058335
0.054782
0.050832
0.0464149
0.0415435
0.0362333
0.0305032
0.0244846
0.0180952
0.0113647
0.00432492
-0.00299082
-0.0104214
-0.0180579
-0.0258617
-0.033791
-0.0418007
-0.0497141
-0.0576146
-0.0654558
-0.0731911
-0.0807733
-0.0880388
-0.0950549
-0.101774
-0.108148
-0.114133
-0.119602
-0.124595
-0.129071
-0.132988
-0.136308
-0.138966
-0.140961
-0.142268
-0.142861
-0.14272
-0.141855
-0.14022
-0.137802
-0.134596
-0.130601
-0.125924
-0.12047
-0.11425
-0.10728
-0.0995791
-0.0913405
-0.0824274
-0.0728742
-0.0627186
-0.0520017
-0.0409874
-0.029506
-0.0176116
-0.00536223
0.00718108
0.0197076
0.0324029
0.0452023
0.0580388
0.0708427
0.083294
0.0955694
0.107598
0.11931
0.130636
0.141293
0.151428
0.160974
0.169869
0.178051
0.185313
0.191754
0.197326
0.201981
0.205677
0.208318
0.209931
0.210491
0.209977
0.208375
0.205723
0.201968
0.197112
0.191161
0.18413
0.176197
0.167231
0.157263
0.146328
0.13447
0.121993
0.108693
0.0946282
0.0798624
0.0644615
0.0488239
0.0326953
0.0161531
-0.000721904
-0.0178464
-0.034773
-0.05178
-0.0687822
-0.0856926
-0.102423
-0.118533
-0.134288
-0.149605
-0.164403
-0.178602
-0.191825
-0.204299
-0.215952
-0.226717
-0.236531
-0.24513
-0.25267
-0.259104
-0.264391
-0.268495
-0.2713
-0.27287
-0.273188
-0.272244
-0.270035
-0.266613
-0.261937
-0.256023
-0.248895
-0.240581
-0.2313
-0.220911
-0.209458
-0.196995
-0.183578
-0.169564
-0.154728
-0.139145
-0.122889
-0.10604
-0.0890465
-0.0716222
-0.0538529
-0.0358264
-0.0176317
0.000243164
0.0181097
0.0358815
0.0534726
0.0707976
0.0873907
0.103552
0.119203
0.13427
0.148681
0.162052
0.174637
0.186377
0.197217
0.207109
0.21579
0.223443
0.230035
0.23554
0.239938
0.243115
0.245159
0.246066
0.245841
0.244493
0.242074
0.238568
0.234002
0.228405
0.221814
0.214424
0.206125
0.196964
0.186994
0.17627
0.165105
0.153307
0.140942
0.128077
0.114779
0.101434
0.0877932
0.0739266
0.0599032
0.0457932
0.0320028
0.0182637
0.00464281
-0.00879439
-0.0219842
-0.0345478
-0.0467446
-0.0585191
-0.0698188
-0.0805938
-0.0905351
-0.0998627
-0.108539
-0.116529
-0.123805
-0.130161
-0.135755
-0.140572
-0.144598
-0.147821
-0.150154
-0.151679
-0.152402
-0.15233
-0.151476
-0.14987
-0.147515
-0.144433
-0.14065
-0.136196
-0.131207
-0.125613
-0.11945
-0.112756
-0.10557
-0.0981057
-0.0902326
-0.0819955
-0.0734406
-0.0646152
-0.0557832
-0.046774
-0.0376335
-0.0284071
-0.0191401
-0.0101085
-0.00112335
0.00777376
0.016542
0.0251417
0.0333157
0.0412465
0.0488999
0.0562443
0.0632503
0.0697094
0.0757791
0.0814375
0.0866649
0.0914437
0.0956315
0.0993436
0.102571
0.105306
0.107546
0.109225
0.110409
0.111101
0.111307
0.111033
0.110291
0.10909
0.107443
0.105367
0.102881
0.100064
0.0968763
0.0933405
0.0894782
0.0853127
0.0809757
0.0763849
0.0715669
0.0665494
0.0613606
0.0561665
0.0508568
0.0454581
0.0399971
0.0345003
0.0291442
0.0238051
0.0185088
0.0132802
0.0081435
0.00326512
-0.00147735
-0.00606358
-0.010474
-0.0146898
-0.0185716
-0.022225
-0.0256354
-0.0287896
-0.0316754
-0.034194
-0.0364234
-0.0383556
-0.0399842
-0.0413049
-0.0422689
-0.0429219
-0.0432644
-0.0432975
-0.0430235
-0.0424424
-0.0415626
-0.0403907
-0.0389352
-0.0372058
-0.0352503
-0.0330436
-0.0305981
-0.0279274
-0.0250461
-0.0220393
-0.0188534
-0.0155052
-0.0120121
-0.00839198
-0.00475511
-0.0010286
0.00276862
0.00661763
0.0104997
0.0142952
0.0180876
0.021859
0.0255922
0.0292697
0.0327766
0.0361947
0.0395085
0.0427031
0.0457644
0.0485955
0.0512686
0.0537734
0.056101
0.0582435
0.0601331
0.0618245
0.0633127
0.0645931
0.0656622
0.0664845
0.0670922
0.0674863
0.0676694
0.0676455
0.0674157
0.0669904
0.0663761
0.0655795
0.0646076
0.0634894
0.0622125
0.0607865
0.0592217
0.0575288
0.0557595
0.0538842
0.0519152
0.0498657
0.0477497
0.0456331
0.0434762
0.0412899
0.039084
0.0368685
0.0347091
0.0325631
0.0304432
0.0283613
0.0263274
0.024398
0.0225292
0.0207259
0.018994
0.0173405
0.0158104
0.0143726
0.0130317
0.0117903
0.0106493
0.00963193
0.00871677
0.00790503
0.00719743
0.00659324
0.00609737
0.00569831
0.00539131
0.00517181
0.00503594
0.00497588
0.00499308
0.00508348
0.00524135
0.00545905
0.00571614
0.00601437
0.00634502
0.00670107
0.00707752
0.00745909
0.00785305
0.00825324
0.00865095
0.00903585
0.00939302
0.00972083
0.0100161
0.0102783
0.0105042
0.0106927
0.0108321
0.0109151
0.010936
0.0108936
0.01081
0.0106721
0.0104851
0.0102512
0.00996943
0.00966851
0.00931972
0.00892931
0.00850733
0.00806461
0.00764501
0.00721659
0.00678133
0.00634207
0.00590514
0.00551472
0.00514745
0.00481324
0.00451795
0.00426338
0.00407446
0.00392581
0.00382063
0.00376434
0.00376256
0.00382972
0.00395492
0.00413612
0.00437032
0.00465497
0.00498264
0.00535688
0.00577423
0.00622947
0.00671602
0.00720696
0.00771673
0.00823924
0.00876847
0.00929789
0.00979086
0.0102712
0.0107315
0.0111646
0.0115644
0.0118928
0.0121794
0.0124187
0.0126055
0.0127354
0.0127761
0.0127584
0.0126817
0.0125459
0.0123513
0.0120765
0.0117476
0.0113668
0.0109373
0.010463
0.00993546
0.00937565
0.0087891
0.00818148
0.00755862
0.00692055
0.00628089
0.00564603
0.00502234
0.00441601
0.0038315
0.00327603
0.00275448
0.00227115
0.00182977
0.00143372
0.00108499
0.000785195
0.000535115
0.000334684
0.000183167
7.85729e-05
1.85553e-05
0
0
0
0
0
0
0
0
0
0
0
0
0
0
0
0
0
0
0
0
0
0
-0
-0
-0
-0
-0
-0
-0
-0
-0
-0
-0
-0
-0
-0
-0
-0
-0
-0
-0
-0
-0
-0
-0
-0
-0
-0
-0
-0
-0
0
0
0
0
0
0
0
0
0
0
0
0
0
0
0
0
0
0
0
0
0
0
0
0
0
0
0
0
0
0
0
0
0
0
0
0
0
0
0
0
0
0
0
0
0
0
0
0
0
0
0
0
0
0
0
0
0
0
0
0
0
0
0
0
0
0
0
0
0
0
0
0
0
0
0
0
0
0
0
0
0
0
0
0
0
0
0
0
0
0
0
0
0
0
0
0
0
0
0
0
0
0
0
0
0
0
0
0
0
0
0
0
0
0
0
0
0
0
0
0
0
0
0
0
0
0
0
0
0
0
0
0
0
0
0
0
0
0
0
0
0
0
0
0
0
0
0
0
0
0
0
0
0
0
0
0
0
0
0
0
0
0
0
0
0
0
0
0
0
-0
-0
-0
-0
-0
-0
-0
-0
-0
-0
-0
-0
-0
-0
-0
-0
