0
0
0
0
0
0
0
0
0
0
0
0
0
0
0
0
0
0
0
0
0
0
0
0
0
0
0
0
0
0
0
0
0
0
0
0
0
0
0
0
0
0
0
0
0
0
0
0
0
0
0
0
0
0
0
0
0
0
0
0
0
0
0
0
0
0
0
0
0
0
0
0
0
0
0
0
0
0
0
0
0
0
0
0
0
0
0
0
0
0
0
0
0
0
0
0
0
0
0
0
0
0
0
0
0
0
0
0
0
0
0
0
0
0
0
0
0
0
0
0
0
0
0
0
0
0
0
0
0
0
0
0
0
0
0
0
0
0
0
0
0
0
0
0
0
0
0
0
0
0
0
0
0
0
0
0
0
0
0
0
0
0
0
0
0
0
0
0
0
0
0
0
0
0
0
0
0
0
0
0
0
0
0
0
0
0
0
0
0
0
0
0
0
0
0
0
0
0
0
0
0
0
0
0
0
0
0
0
0
0
0
0
0
0
0
0
0
0
0
0
0
0
0
0
0
0
0
0
0
0
0
0
0
0
0
0
3.288e-05
0.000138755
0.000322829
0.000589474
0.000942153
0.00138331
0.00191428
0.00253514
0.00324464
0.00404007
0.00491714
0.00586993
0.00689081
0.0079704
0.00909756
0.0102595
0.0114415
0.0126277
0.0138002
0.0149399
0.0160263
0.0170377
0.0179515
0.0187444
0.0193925
0.0198723
0.0201602
0.0202333
0.0200694
0.0196476
0.0189484
0.017954
0.0166484
0.015018
0.0130518
0.0107416
0.00808295
0.00507509
0.00172124
-0.00197138
-0.00599159
-0.0103244
-0.0149511
-0.019849
-0.024992
-0.0303496
-0.0358881
-0.0415701
-0.0473548
-0.0531988
-0.0590558
-0.0648776
-0.0706142
-0.0762142
-0.081626
-0.0867981
-0.0916792
-0.096219
-0.100369
-0.10408
-0.107309
-0.110013
-0.112152
-0.113692
-0.114604
-0.114862
-0.114447
-0.113344
-0.111544
-0.109046
-0.105854
-0.101975
-0.0974269
-0.0922296
-0.0864097
-0.0799988
-0.0730331
-0.0655534
-0.0576046
-0.0492357
-0.0404987
-0.0314492
-0.0221453
-0.0126474
-0.0030177
0.00668068
0.016384
0.0260285
0.0355508
0.0448885
0.0539997
0.0628517
0.0714048
0.0796219
0.087469
0.0949142
0.101928
0.108483
0.114552
0.120111
0.12514
0.129619
0.133533
0.13687
0.139623
0.141787
0.143359
0.144343
0.144741
0.144561
0.143811
0.142501
0.140643
0.138251
0.135343
0.131935
0.128049
0.123706
0.118929
0.113741
0.108166
0.102228
0.0959523
0.0893655
0.0824944
0.0753669
0.0680112
0.0604561
0.0527309
0.0448658
0.0368914
0.0288382
0.0207364
0.012615
0.00450156
-0.00357719
-0.0115955
-0.0195279
-0.0273491
-0.0350345
-0.04256
-0.0499029
-0.0570415
-0.0639555
-0.0706252
-0.0770314
-0.0831555
-0.0889793
-0.0944855
-0.0996578
-0.104481
-0.108939
-0.113019
-0.116707
-0.119988
-0.122848
-0.125272
-0.127247
-0.128758
-0.129791
-0.130333
-0.130372
-0.129896
-0.128897
-0.127365
-0.125293
-0.122674
-0.119503
-0.115777
-0.111495
-0.106658
-0.101268
-0.0953308
-0.0888528
-0.081842
-0.074308
-0.0662626
-0.0577198
-0.0486961
-0.0392103
-0.0292838
-0.0189401
-0.00820481
0.00289388
0.0143253
0.026056
0.0380502
0.0502698
0.0626741
0.0752204
0.0878634
0.100555
0.113245
0.12588
0.138404
0.150763
0.162898
0.174753
0.186269
0.197387
0.208047
0.218191
0.227758
0.23669
0.244931
0.252425
0.259122
0.264972
0.269929
0.273952
0.277
0.27904
0.280041
0.279976
0.278825
0.276572
0.273207
0.268723
0.263122
0.256409
0.248597
0.239702
0.229749
0.218766
0.206789
0.193858
0.180017
0.165316
0.149809
0.133557
0.116623
0.0990764
0.0809901
0.0624416
0.0435115
0.0242837
0.00484541
-0.0147136
-0.0343011
-0.0538231
-0.0731847
-0.0922907
-0.111046
-0.129357
-0.147131
-0.164273
-0.180696
-0.19631
-0.211033
-0.224785
-0.237491
-0.249082
-0.259493
-0.268666
-0.27655
-0.2831
-0.28828
-0.292059
-0.294419
-0.295346
-0.294835
-0.292891
-0.289526
-0.284758
-0.278619
-0.271143
-0.262378
-0.252374
-0.241192
-0.228898
-0.215564
-0.201267
-0.186092
-0.170125
-0.153458
-0.136186
-0.118405
-0.100215
-0.0817168
-0.0630131
-0.0442055
-0.0253952
-0.00668224
0.0118354
0.0300623
0.0479057
0.0652766
0.08209
0.0982655
0.113728
0.128406
0.142236
0.155161
0.167127
0.17809
0.188012
0.196862
0.204615
0.211256
0.216772
0.221163
0.224431
0.226589
0.227654
0.227652
0.226614
0.224576
0.221579
0.217671
0.212903
0.207333
0.20102
0.194029
0.186426
0.178279
0.16966
0.160639
0.151291
0.141687
0.131901
0.122004
0.112068
0.102161
0.0923526
0.0827078
0.0732896
0.0641574
0.0553661
0.046966
0.0390032
0.0315193
0.0245514
0.0181318
0.0122881
0.00704246
0.00241157
-0.00159317
-0.00496555
-0.00770435
-0.00981329
-0.0113009
-0.0121805
-0.0124698
-0.0121909
-0.0113697
-0.0100359
-0.00822265
-0.0059666
-0.00330755
-0.000287995
0.00304771
0.00665399
0.0104847
0.014493
0.018632
0.0228539
0.0271109
0.0313553
0.0355406
0.0396221
0.0435574
0.0473065
0.0508318
0.0540978
0.0570714
0.0597223
0.0620229
0.0639489
0.0654794
0.0665968
0.0672871
0.0675401
0.0673496
0.0667134
0.0656333
0.0641144
0.0621649
0.059796
0.0570218
0.0538595
0.0503302
0.0464582
0.0422708
0.0377976
0.0330697
0.0281195
0.0229806
0.0176883
0.0122794
0.00679175
0.00126418
-0.00426437
-0.00975503
-0.0151692
-0.0204688
-0.0256163
-0.0305751
-0.0353105
-0.0397899
-0.0439826
-0.0478598
-0.0513947
-0.0545617
-0.0573374
-0.0597013
-0.0616359
-0.0631274
-0.0641652
-0.0647414
-0.0648505
-0.0644896
-0.0636585
-0.0623607
-0.0606033
-0.058397
-0.0557552
-0.0526939
-0.0492307
-0.0453855
-0.0411802
-0.0366393
-0.0317894
-0.0266592
-0.0212787
-0.0156792
-0.00989283
-0.00395307
0.00210557
0.00824778
0.0144379
0.0206405
0.0268207
0.0329441
0.038977
0.0448863
0.0506396
0.0562061
0.0615564
0.0666628
0.0714993
0.0760416
0.0802666
0.0841533
0.0876828
0.0908393
0.0936097
0.0959838
0.0979535
0.0995132
0.100659
0.101389
0.101704
0.101609
0.101112
0.100221
0.0989484
0.0973091
0.0953184
0.0929938
0.0903546
0.0874221
0.0842189
0.0807695
0.0770994
0.0732357
0.0692063
0.0650394
0.0607638
0.056408
0.0520003
0.0475688
0.0431417
0.0387473
0.0344136
0.0301682
0.0260375
0.0220464
0.018218
0.014574
0.0111346
0.00791891
0.0049446
0.00222789
-0.000216881
-0.0023775
-0.00424398
-0.00580863
-0.00706603
-0.00801308
-0.00864896
-0.00897504
-0.00899477
-0.00871351
-0.00813846
-0.00727873
-0.00614541
-0.00475172
-0.00311298
-0.00124637
0.000829335
0.00309415
0.00552708
0.00810621
0.0108087
0.0136109
0.0164883
0.0194157
0.0223676
0.0253185
0.028243
0.0311164
0.0339141
0.0366121
0.0391868
0.0416151
0.0438746
0.0459438
0.0478026
0.049433
0.0508189
0.0519461
0.0528021
0.0533758
0.0536576
0.0536394
0.0533153
0.0526821
0.0517394
0.0504892
0.0489358
0.0470852
0.044945
0.0425246
0.0398357
0.0368919
0.033709
0.030305
0.026699
0.0229121
0.0189664
0.0148861
0.0106969
0.00642546
0.00209942
-0.00225362
-0.00660606
-0.0109303
-0.0151983
-0.0193817
-0.0234518
-0.0273799
-0.0311385
-0.0347012
-0.0380432
-0.041141
-0.0439726
-0.046517
-0.0487548
-0.050668
-0.0522406
-0.0534582
-0.0543086
-0.0547815
-0.0548695
-0.0545677
-0.0538742
-0.0527897
-0.0513173
-0.0494617
-0.0472295
-0.0446295
-0.0416728
-0.0383737
-0.0347495
-0.0308195
-0.0266048
-0.0221275
-0.0174108
-0.0124794
-0.0073595
-0.00207981
0.00332945
0.00883688
0.0144107
0.0200192
0.0256305
0.0312128
0.0367341
0.0421622
0.0474655
0.0526129
0.0575742
0.0623142
0.066738
0.0707872
0.0744221
0.0776076
0.0803144
0.0825187
0.0842018
0.0853505
0.0859567
0.086018
0.0855385
0.0845287
0.083006
0.0809933
0.0785187
0.0756149
0.0723188
0.0686714
0.0647179
0.0605071
0.0560906
0.0515217
0.0468546
0.0421438
0.0374436
0.032808
0.0282895
0.0239388
0.0198038
0.0159289
0.0123547
0.00911754
0.00624949
0.00377764
0.00172376
0.000103872
-0.00107187
-0.00179923
-0.00207971
-0.0019205
-0.00133435
-0.00033954
0.00104037
0.00277688
0.00483695
0.00718355
0.009776
0.0125704
0.0155202
0.0185769
0.0216906
0.0248109
0.0278931
0.0309198
0.0338481
0.0366298
0.0392177
0.0415659
0.0436305
0.0453705
0.0467478
0.0477275
0.0482783
0.048373
0.0479897
0.0471114
0.0457274
0.043832
0.0414256
0.0385136
0.0351074
0.0312239
0.0268863
0.022123
0.0169674
0.0114571
0.00563364
-0.000458256
-0.00676992
-0.0132492
-0.0198412
-0.0264886
-0.0331341
-0.03972
-0.0461893
-0.0524857
-0.0585533
-0.0643385
-0.0697894
-0.0748646
-0.079571
-0.0838842
-0.087774
-0.0912117
-0.0941705
-0.0966266
-0.0985584
-0.0999488
-0.100783
-0.10105
-0.100741
-0.0998498
-0.0983747
-0.0963182
-0.0936872
-0.0904927
-0.0867492
-0.0824741
-0.0776874
-0.0724117
-0.0666735
-0.0605033
-0.0539351
-0.0470067
-0.0397583
-0.0322316
-0.0244706
-0.0165186
-0.00842138
-0.000226072
0.00801886
0.0162628
0.0244577
0.0325545
0.040505
0.0482618
0.0557766
0.0630071
0.069911
0.0764483
0.0825817
0.088274
0.093496
0.0982188
0.102416
0.106066
0.109145
0.111643
0.113552
0.114865
0.115583
0.115703
0.115239
0.114222
0.112664
0.110575
0.107968
0.104864
0.101285
0.0972552
0.0928009
0.0879466
0.0827207
0.0771511
0.0712677
0.0651025
0.0586902
0.0520657
0.0452652
0.0383249
0.0312809
0.0241725
0.0170311
0.00989161
0.0027884
-0.00424463
-0.0111665
-0.0179518
-0.0245679
-0.0309828
-0.0371657
-0.0430761
-0.0486983
-0.0540073
-0.0589797
-0.0635931
-0.0678119
-0.0716311
-0.0750332
-0.0780038
-0.080531
-0.082589
-0.0841862
-0.0853159
-0.0859731
-0.0861549
-0.0858451
-0.0850623
-0.0838111
-0.0820973
-0.079928
-0.0772988
-0.0742333
-0.0707451
-0.0668504
-0.0625669
-0.0579057
-0.0528915
-0.0475421
-0.0418768
-0.0359176
-0.0296917
-0.0232251
-0.0165467
-0.00968415
-0.00266398
0.00447523
0.0117196
0.0190407
0.0264081
0.0337913
0.0411358
0.0484383
0.0556718
0.0628092
0.0698218
0.0766434
0.0832795
0.0897014
0.0958829
0.101801
0.107389
0.112668
0.117616
0.122208
0.126421
0.130186
0.133534
0.136451
0.138924
0.140941
0.142444
0.143469
0.144007
0.144053
0.143603
0.142621
0.141141
0.139163
0.13669
0.133725
0.130256
0.126315
0.121912
0.117062
0.111779
0.106084
0.0999906
0.0935213
0.0866998
0.0795515
0.0721322
0.0644384
0.0564972
0.0483376
0.0399912
0.0315482
0.0229882
0.0143474
0.00566211
-0.00303169
-0.011619
-0.0201415
-0.0285618
-0.0368422
-0.0449457
-0.0527427
-0.0602916
-0.0675577
-0.0745066
-0.0811044
-0.0872218
-0.0929252
-0.0981865
-0.102979
-0.107279
-0.110973
-0.114127
-0.11672
-0.118736
-0.120159
-0.120913
-0.121057
-0.120584
-0.119491
-0.117774
-0.1154
-0.112407
-0.108801
-0.104595
-0.0998006
-0.0944431
-0.0885355
-0.0821009
-0.0751649
-0.0677563
-0.0599526
-0.0517402
-0.0431539
-0.0342309
-0.0250104
-0.0156153
-0.00600655
0.00377179
0.0136744
0.0236546
0.0335588
0.0434438
0.0532606
0.0629605
0.0724966
0.0817097
0.0906725
0.0993448
0.107687
0.115661
0.123121
0.130141
0.136689
0.142738
0.148266
0.153167
0.15751
0.161279
0.164461
0.167048
0.168985
0.170322
0.171064
0.171219
0.170798
0.169802
0.168263
0.166202
0.163641
0.16061
0.157159
0.1533
0.149071
0.144509
0.139654
0.13459
0.129316
0.123874
0.118309
0.112666
0.107038
0.101424
0.0958677
0.0904127
0.0850988
0.0799999
0.0751143
0.0704755
0.0661156
0.062065
0.0583594
0.0550116
0.0520384
0.0494521
0.0472613
0.0454447
0.0440323
0.0430235
0.0424124
0.0421874
0.0422687
0.0426971
0.043447
0.0444903
0.0457959
0.0472436
0.0488826
0.0506723
0.0525687
0.0545251
0.0564055
0.0582498
0.0600084
0.0616301
0.0630622
0.0641893
0.0650221
0.065511
0.065609
0.0652718
0.0644513
0.0631145
0.0612249
0.0587491
0.055658
0.0520022
0.0476886
0.042704
0.0370401
0.0306939
0.0238367
0.0163085
0.00812467
-0.000693321
-0.0101178
-0.0198555
-0.0301281
-0.0408918
-0.0520962
-0.0636848
-0.0752654
-0.0871023
-0.0991253
-0.11126
-0.123428
-0.135186
-0.14681
-0.158213
-0.169305
-0.179996
-0.189853
-0.199129
-0.207738
-0.215592
-0.222605
-0.22843
-0.233253
-0.237002
-0.239608
-0.241004
-0.240995
-0.239661
-0.236955
-0.232838
-0.227277
-0.220287
-0.211819
-0.201868
-0.190433
-0.177526
-0.163388
-0.147827
-0.130883
-0.112608
-0.0930606
-0.0727127
-0.0512344
-0.028707
-0.00522045
0.019127
0.0436812
0.068879
0.0946035
0.120733
0.14714
0.173064
0.199007
0.224836
0.25042
0.275624
0.299677
0.323089
0.34573
0.367474
0.388195
0.407209
0.424972
0.441379
0.456334
0.469746
0.481117
0.490784
0.498682
0.504752
0.508945
0.511019
0.511152
0.509328
0.50554
0.499792
0.492132
0.48255
0.47108
0.457766
0.442661
0.426103
0.407886
0.388091
0.366804
0.344124
0.320638
0.295968
0.270229
0.24354
0.216025
0.188448
0.160304
0.131727
0.10285
0.0738072
0.0454382
0.0171692
-0.0108694
-0.0385486
-0.0657419
-0.0916344
-0.116802
-0.141134
-0.164522
-0.186863
-0.207462
-0.226833
-0.244896
-0.261581
-0.276828
-0.29014
-0.301913
-0.312108
-0.320694
-0.327652
-0.332732
-0.33617
-0.337972
-0.33815
-0.336724
-0.333698
-0.329128
-0.323054
-0.315525
-0.306598
-0.296513
-0.285154
-0.27259
-0.258897
-0.244155
-0.228801
-0.212569
-0.195547
-0.177822
-0.159483
-0.141087
-0.122257
-0.103084
-0.0836622
-0.064083
-0.0449609
-0.0258552
-0.00684668
0.0119865
0.0305679
0.0483027
0.0656428
0.082523
0.0988823
0.114665
0.129354
0.143368
0.156667
0.169214
0.180978
0.191567
0.201325
0.210235
0.218282
0.225455
0.231504
0.236669
0.240954
0.244368
0.246921
0.248518
0.249284
0.249237
0.248397
0.246785
0.244447
0.241391
0.237646
0.233244
0.228218
0.222735
0.216694
0.210128
0.203072
0.19556
0.187851
0.179758
0.171315
0.162558
0.153524
0.144531
0.135323
0.125927
0.116372
0.10669
0.0972334
0.0877103
0.0781492
0.0685764
0.0590169
0.0498238
0.0406933
0.0316523
0.0227289
0.0139512
0.00565242
-0.00245242
-0.0103432
-0.0180003
-0.0254033
-0.0322685
-0.0388348
-0.0450804
-0.0509847
-0.0565286
-0.0614994
-0.066074
-0.0702339
-0.0739601
-0.0772352
-0.0799315
-0.0821495
-0.0838798
-0.0851137
-0.0858427
-0.0860375
-0.085712
-0.0848617
-0.0834853
-0.0815842
-0.0792341
-0.076366
-0.0729835
-0.0690918
-0.0646987
-0.0599753
-0.0547765
-0.0491201
-0.0430255
-0.0365133
-0.0298367
-0.0227866
-0.0153883
-0.00767081
0.000334046
0.00831147
0.016508
0.0248885
0.0334167
0.0420438
0.0504063
0.0587501
0.0670206
0.0751636
0.0831256
0.0905705
0.0977331
0.104564
0.111014
0.117038
0.122363
0.127185
0.131474
0.135198
0.138333
0.140701
0.142449
0.143568
0.144058
0.14392
0.143092
0.141656
0.139625
0.137019
0.133863
0.130201
0.126054
0.121461
0.116461
0.111096
0.105486
0.0995935
0.093466
0.0871543
0.0807111
0.0743089
0.067871
0.0614442
0.0550727
0.0487986
0.0427952
0.0369591
0.0313263
0.0259297
0.0207985
0.0160799
0.0116629
0.00756425
0.00379683
0.000370081
-0.00261443
-0.00525976
-0.00756816
-0.00954525
-0.0111996
-0.0124783
-0.0134656
-0.0141771
-0.0146302
-0.0148443
-0.0148055
-0.0145764
-0.0141804
-0.0136413
-0.0129824
-0.0122125
-0.0113699
-0.0104754
-0.00954877
-0.00860855
-0.00766931
-0.00674969
-0.00586344
-0.00502237
-0.00423624
-0.00351424
-0.00286006
-0.00227745
-0.00176827
-0.00133259
-0.000970186
-0.000675822
-0.000444961
-0.000271774
-0.000149327
-7.0024e-05
-2.47424e-05
-4.51743e-06
0
0
0
0
0
0
0
0
0
0
0
0
0
0
0
0
0
0
0
0
0
0
0
0
0
0
0
0
0
0
0
0
0
0
0
0
0
0
0
0
0
0
0
0
0
0
0
0
0
0
0
0
0
0
0
0
0
0
0
0
0
0
0
0
0
0
0
0
0
0
0
0
0
0
0
0
0
0
0
0
0
0
0
0
0
0
0
0
0
0
0
0
0
0
0
0
0
0
0
0
0
0
0
0
0
0
0
0
0
0
0
0
0
0
0
0
0
0
0
0
0
0
0
0
0
0
0
0
0
0
0
0
0
0
0
0
0
0
0
0
0
0
0
0
0
0
0
0
0
0
0
0
0
0
0
0
0
0
0
0
0
0
0
0
0
0
0
0
0
0
0
0
0
0
0
0
0
0
0
0
0
0
0
0
0
0
0
0
0
0
0
0
0
0
0
0
0
0
0
0
0
0
0
0
0
0
0
0
0
0
0
0
0
0
0
0
0
0
0
0
0
0
0
0
0
0
0
0
0
0
0
0
0
0
0
0
