0.000492124
0.000969612
0.00164469
0.00253638
0.00365975
0.0050257
0.00664077
0.00850709
0.0106223
0.0129793
0.015567
0.0183694
0.0213669
0.0245353
0.027847
0.0312706
0.0347717
0.0383129
0.0418549
0.0453565
0.048775
0.0520666
0.0551867
0.0580905
0.0607334
0.0630715
0.0650628
0.0666666
0.0678446
0.0685611
0.0687835
0.0684826
0.0676333
0.0662144
0.0642088
0.0616033
0.0583889
0.0545614
0.0501216
0.0450759
0.0394358
0.0332178
0.0264422
0.0191333
0.0113191
0.00303203
-0.00569099
-0.0148087
-0.024276
-0.0340452
-0.0440658
-0.0542852
-0.0646481
-0.0750961
-0.0855684
-0.0960029
-0.106337
-0.116509
-0.126459
-0.136126
-0.145452
-0.154377
-0.162841
-0.170786
-0.178158
-0.184906
-0.190982
-0.196347
-0.200965
-0.204804
-0.207837
-0.210039
-0.21139
-0.211872
-0.211471
-0.210179
-0.207994
-0.204919
-0.200964
-0.196144
-0.19048
-0.183995
-0.176718
-0.168684
-0.159932
-0.150503
-0.140443
-0.129801
-0.118656
-0.10709
-0.0951361
-0.0828324
-0.0702178
-0.057333
-0.0442182
-0.0309123
-0.0174525
-0.00387558
0.00978112
0.0234786
0.0371757
0.05083
0.0643985
0.0778387
0.0911091
0.104169
0.116981
0.129505
0.141704
0.153542
0.164983
0.175994
0.18654
0.196589
0.206111
0.215076
0.223455
0.231223
0.238357
0.244837
0.250644
0.255763
0.260182
0.26389
0.266877
0.269136
0.270665
0.271461
0.271525
0.270861
0.269472
0.267363
0.264539
0.261007
0.256778
0.251864
0.246284
0.240056
0.233204
0.22575
0.217718
0.209135
0.200028
0.19043
0.180372
0.169888
0.159013
0.147782
0.136229
0.124392
0.112306
0.100012
0.0875462
0.0749502
0.0622648
0.0495333
0.0368005
0.0241122
0.0115133
-0.000953349
-0.0132486
-0.0253365
-0.0371829
-0.0487545
-0.0600179
-0.070939
-0.0814846
-0.0916224
-0.101323
-0.110557
-0.119298
-0.127523
-0.135209
-0.142337
-0.148892
-0.154861
-0.160235
-0.165005
-0.169162
-0.172701
-0.175617
-0.177907
-0.179573
-0.180617
-0.181042
-0.180853
-0.180052
-0.178645
-0.17664
-0.174049
-0.170885
-0.167165
-0.162905
-0.158122
-0.152832
-0.147056
-0.140813
-0.134127
-0.127022
-0.119519
-0.111641
-0.103411
-0.0948532
-0.0859922
-0.0768548
-0.0674679
-0.057858
-0.048051
-0.0380731
-0.0279515
-0.0177157
-0.00739671
0.00297397
0.0133655
0.0237483
0.0340938
0.0443736
0.0545579
0.064616
0.0745168
0.0842294
0.0937244
0.102973
0.111945
0.120612
0.128941
0.136899
0.144453
0.151571
0.158223
0.164377
0.170003
0.175072
0.179554
0.183422
0.186653
0.189226
0.19112
0.192318
0.192801
0.192551
0.191553
0.189797
0.187275
0.183982
0.179917
0.175079
0.16947
0.163095
0.155962
0.148082
0.139473
0.130152
0.120144
0.109472
0.0981675
0.0862638
0.0737995
0.0608167
0.0473609
0.0334796
0.0192234
0.00464634
-0.0101932
-0.0252324
-0.0404044
-0.0556395
-0.0708667
-0.0860138
-0.101008
-0.115775
-0.130241
-0.144329
-0.157965
-0.171072
-0.183579
-0.195412
-0.2065
-0.216775
-0.22617
-0.234624
-0.24208
-0.248486
-0.253794
-0.257961
-0.260946
-0.262715
-0.263239
-0.262499
-0.26048
-0.257178
-0.252594
-0.246734
-0.239612
-0.231247
-0.221666
-0.210904
-0.199003
-0.186011
-0.17198
-0.156968
-0.141041
-0.124269
-0.106731
-0.0885122
-0.0697017
-0.0503932
-0.0306831
-0.0106703
0.009544
0.0298566
0.0501627
0.0703573
0.0903352
0.109992
0.129223
0.147924
0.165993
0.183326
0.199826
0.215401
0.229962
0.243428
0.255724
0.266779
0.276525
0.284901
0.291853
0.297332
0.301299
0.303724
0.304584
0.303865
0.301562
0.297675
0.292215
0.2852
0.276657
0.266622
0.255137
0.242255
0.228033
0.212536
0.195837
0.178013
0.159149
0.139334
0.118666
0.097247
0.0751816
0.0525788
0.0295492
0.00620502
-0.0173402
-0.0409718
-0.0645745
-0.0880334
-0.111234
-0.134065
-0.156414
-0.178174
-0.199239
-0.219506
-0.238877
-0.257258
-0.274562
-0.290708
-0.30562
-0.319232
-0.331481
-0.342313
-0.351683
-0.359554
-0.365899
-0.370698
-0.373942
-0.375627
-0.375756
-0.374343
-0.371407
-0.366977
-0.361087
-0.353781
-0.345107
-0.33512
-0.323879
-0.31145
-0.297903
-0.283314
-0.267763
-0.251333
-0.234111
-0.216187
-0.197655
-0.178608
-0.159143
-0.139356
-0.119342
-0.0991974
-0.079015
-0.0588886
-0.0389107
-0.0191723
0.000237917
0.0192341
0.0377342
0.0556597
0.0729363
0.0894936
0.105266
0.120191
0.134214
0.147284
0.159356
0.170392
0.180356
0.189223
0.196968
0.203576
0.209036
0.213342
0.216494
0.2185
0.219371
0.219122
0.217775
0.215356
0.211892
0.207419
0.201974
0.195599
0.18834
0.180244
0.171361
0.161744
0.151446
0.140526
0.129042
0.117055
0.104628
0.0918204
0.0786936
0.0653072
0.0517214
0.0379968
0.0241942
0.0103729
-0.00340986
-0.0170995
-0.030644
-0.0439927
-0.0570956
-0.0699041
-0.0823714
-0.0944539
-0.106112
-0.117311
-0.128017
-0.138201
-0.147833
-0.156888
-0.165341
-0.173173
-0.18037
-0.18692
-0.192812
-0.198039
-0.202595
-0.206475
-0.209681
-0.212216
-0.214087
-0.215303
-0.215875
-0.215815
-0.215134
-0.213849
-0.211979
-0.209543
-0.206564
-0.203067
-0.199074
-0.194611
-0.189705
-0.184385
-0.178681
-0.172621
-0.166237
-0.159559
-0.152618
-0.145446
-0.138075
-0.130538
-0.122867
-0.115092
-0.107242
-0.0993477
-0.0914375
-0.0835425
-0.0756934
-0.06792
-0.0602502
-0.05271
-0.0453242
-0.0381168
-0.0311117
-0.0243322
-0.0178005
-0.0115371
-0.00556043
0.000112148
0.00546437
0.0104808
0.0151471
0.0194513
0.0233836
0.0269366
0.0301045
0.032882
0.0352641
0.0372464
0.0388258
0.0400015
0.0407745
0.0411481
0.0411266
0.0407156
0.0399216
0.0387528
0.0372191
0.0353319
0.0331037
0.0305474
0.0276763
0.0245044
0.021047
0.0173212
0.0133451
0.00913792
0.00471858
0.000105904
-0.00468124
-0.00962325
-0.0146995
-0.0198883
-0.0251679
-0.0305168
-0.0359143
-0.0413399
-0.0467731
-0.0521932
-0.0575792
-0.0629106
-0.0681677
-0.0733322
-0.078386
-0.0833113
-0.0880898
-0.0927034
-0.0971347
-0.101368
-0.10539
-0.109188
-0.112751
-0.116066
-0.119122
-0.121908
-0.124416
-0.126637
-0.128568
-0.130204
-0.131542
-0.132579
-0.133315
-0.133747
-0.133879
-0.133713
-0.133252
-0.132502
-0.131468
-0.130155
-0.128572
-0.126728
-0.124633
-0.122299
-0.119738
-0.116962
-0.113983
-0.110817
-0.107477
-0.10398
-0.100339
-0.0965723
-0.0926933
-0.088718
-0.0846628
-0.0805447
-0.076381
-0.0721884
-0.067983
-0.0637807
-0.0595969
-0.0554478
-0.05135
-0.0473201
-0.0433739
-0.0395265
-0.0357919
-0.0321834
-0.0287141
-0.0253969
-0.0222437
-0.0192656
-0.0164719
-0.013871
-0.0114704
-0.00927735
-0.00729856
-0.00553974
-0.00400515
-0.00269731
-0.0016173
-0.000765284
-0.000140973
0.000256329
0.000428047
0.000376717
0.000106075
-0.000379266
-0.0010743
-0.00197393
-0.00307274
-0.00436448
-0.00584156
-0.00749497
-0.0093147
-0.0112905
-0.0134121
-0.0156695
-0.018052
-0.0205481
-0.0231455
-0.0258314
-0.028592
-0.0314012
-0.0342395
-0.0370902
-0.039936
-0.0427582
-0.0455383
-0.0482585
-0.0509022
-0.0534543
-0.0559001
-0.0582249
-0.060414
-0.0624532
-0.0643297
-0.0660333
-0.0675559
-0.0688911
-0.0700329
-0.0709755
-0.0717133
-0.0722422
-0.07256
-0.072667
-0.0725655
-0.0722589
-0.071751
-0.0710468
-0.0701519
-0.0690735
-0.0678208
-0.066404
-0.0648341
-0.0631226
-0.061281
-0.0593214
-0.0572566
-0.0551001
-0.0528657
-0.0505675
-0.0482191
-0.0458341
-0.0434259
-0.0410077
-0.0385926
-0.0361932
-0.0338215
-0.0314885
-0.0292049
-0.0269808
-0.0248258
-0.0227486
-0.0207569
-0.0188566
-0.0170525
-0.015348
-0.0137457
-0.0122477
-0.0108553
-0.00956888
-0.00838751
-0.00730926
-0.00633126
-0.00545009
-0.00466194
-0.00396263
-0.00334742
-0.00281096
-0.00234728
-0.00195007
-0.00161291
-0.00132953
-0.00109386
-0.000900002
-0.000742174
-0.000614739
-0.000512312
-0.000429912
-0.000363091
-0.000307999
-0.000261392
-0.000220632
-0.000183696
-0.000149208
-0.000116472
-8.54823e-05
-5.69053e-05
-3.20479e-05
-1.28128e-05
-1.65193e-06
-0
-0
-0
-0
-0
-0
-0
-0
-0
-0
-0
-0
-0
-0
-0
-0
-0
-0
-0
-0
-0
-0
-0
-0
-0
-0
-0
-0
-0
-0
-0
-0
-0
-0
-0
-0
-0
-0
-0
-0
-0
-0
-0
-0
-0
-0
-0
-0
-0
-0
-0
-0
-0
-0
-0
-0
-0
-0
0
0
0
0
0
0
0
0
0
0
0
0
0
0
0
0
0
0
0
0
0
0
0
0
0
0
0
0
0
0
0
0
0
-0
-0
-0
-0
-0
-0
-0
-0
-0
-0
-0
-0
-0
-0
-0
-0
-0
-0
-0
-0
-0
-0
-0
-0
-0
-0
-0
-0
-0
-0
-0
-0
-0
-0
-0
-0
-0
-0
-0
-0
-0
-0
-0
-0
-0
-0
-0
-0
0
0
0
0
0
0
0
0
0
0
0
0
0
0
0
0
0
0
0
0
0
0
0
0
0
0
0
0
0
0
0
0
0
0
0
0
0
0
0
0
0
0
0
0
0
0
0
0
0
0
0
0
0
0
0
0
0
0
0
0
0
0
0
0
0
0
0
0
0
0
0
0
0
0
0
0
0
0
0
0
0
0
0
0
0
0
0
0
0
0
0
0
0
0
0
0
0
0
0
0
0
0
0
0
0
0
0
0
0
0
0
0
0
0
0
0
0
0
0
0
0
0
0
0
0
0
0
0
0
0
0
0
0
0
0
0
0
0
0
0
0
0
0
0
0
0
0
0
0
0
0
0
0
0
0
0
0
0
0
0
0
0
0
0
0
0
0
0
0
0
0
0
0
0
0
0
0
0
0
0
0
0
0
0
0
0
0
0
0
0
0
0
0
0
2.00606e-06
1.73344e-05
4.83214e-05
9.55531e-05
0.000159505
0.000240535
0.000338876
0.000454631
0.000587765
0.000738092
0.000905267
0.00108879
0.00128799
0.00150208
0.00173013
0.00197108
0.00222377
0.0024869
0.00275907
0.00303883
0.00332467
0.00361507
0.00390848
0.00420331
0.0044979
0.0047906
0.00507981
0.0053641
0.00564226
0.00591334
0.00617651
0.00643103
0.00667615
0.00691113
0.00713539
0.00734859
0.00755069
0.00774195
0.00792282
0.00809384
0.00825567
0.00840913
0.00855527
0.00869538
0.00883093
0.00896344
0.00909435
0.00922501
0.00935687
0.0094916
0.00963114
0.00977761
0.00993303
0.0100991
0.010277
0.0104679
0.0106728
0.0108927
0.0111292
0.0113838
0.0116573
0.0119503
0.0122627
0.012594
0.0129438
0.0133116
0.0136971
0.0140995
0.0145179
0.014951
0.0153971
0.0158544
0.0163213
0.0167961
0.0172769
0.0177609
0.0182454
0.0187272
0.0192033
0.0196715
0.0201291
0.0205738
0.0210031
0.0214141
0.0218039
0.0221696
0.0225088
0.0228192
0.0230991
0.0233467
0.0235629
0.0237568
0.0239279
0.0240751
0.0241973
0.0242936
0.0243635
0.0244065
0.0244226
0.0244121
0.0243766
0.0243171
0.0242344
0.0241286
0.0239989
0.0238458
0.0236699
0.0234727
0.0232565
0.0230232
0.022776
0.0225165
0.0222456
0.0219643
0.0216727
0.0213735
0.0210689
0.0207614
0.0204529
0.020144
0.0198374
0.0195346
0.0192371
0.0189464
0.0186629
0.0183888
0.018125
0.0178729
0.0176336
0.0174079
0.0171979
0.0170042
0.0168272
0.0166665
0.016522
0.0163942
0.0162842
0.0161932
0.016122
0.0160714
0.0160398
0.0160259
0.0160288
0.0160482
0.0160862
0.0161415
0.0162139
0.0163023
0.0164052
0.0165237
0.0166537
0.0167945
0.0169459
0.0171078
0.0172832
0.0174663
0.0176552
0.0178483
0.0180445
0.0182486
0.0184552
0.0186633
0.0188714
0.0190772
0.0192841
0.0194858
0.0196821
0.0198736
0.0200609
0.0202489
0.020432
0.020609
0.0207793
0.0209426
0.021103
0.0212581
0.021409
0.0215558
0.0216983
0.0218371
0.0219717
0.0221032
0.0222336
0.0223651
0.0224971
0.0226337
0.0227758
0.0229236
0.0230778
0.023232
0.0233941
0.0235654
0.0237468
0.023939
0.0241311
0.0243345
0.0245491
0.0247751
0.0250122
0.0252454
0.025489
0.0257425
0.026005
0.0262752
0.0265346
0.026799
0.0270666
0.0273356
0.0276033
0.0278495
0.028089
0.0283189
0.0285365
0.0287386
0.0289069
0.029054
0.0291769
0.0292722
0.0293366
0.0293561
0.0293375
0.0292775
0.0291727
0.0290201
0.0288147
0.0285562
0.0282421
0.0278701
0.0274379
0.0269513
0.0264003
0.0257833
0.0250994
0.0243478
0.0235482
0.0226812
0.0217473
0.0207474
0.0196828
0.0185857
0.0174273
0.0162099
0.0149367
0.0136114
0.012278
0.0109013
0.00948647
0.00803898
0.00656479
0.00511513
0.0036516
0.00218097
0.000710348
-0.000752883
-0.00215654
-0.00353722
-0.00488673
-0.0061966
-0.00745823
-0.00862553
-0.00972802
-0.0107578
-0.011707
-0.0125678
-0.0133078
-0.0139432
-0.014466
-0.0148687
-0.0151446
-0.0152831
-0.0152843
-0.0151438
-0.0148574
-0.0144211
-0.013849
-0.0131201
-0.0122325
-0.0111859
-0.00998151
-0.00866356
-0.00719323
-0.00557396
-0.00380964
-0.00190484
7.14529e-05
0.002176
0.00440098
0.0067376
0.00917648
0.0116287
0.0141631
0.0167689
0.0194337
0.0221438
0.0247987
0.0274692
0.0301404
0.0327971
0.0354244
0.0379253
0.0403667
0.0427328
0.0450077
0.0471753
0.0491535
0.0509934
0.0526807
0.0542015
0.0555424
0.0566512
0.0575563
0.0582472
0.0587145
0.0589493
0.058938
0.0586793
0.0581673
0.0573978
0.0563678
0.0551087
0.0535883
0.0518079
0.0497701
0.0474787
0.0450085
0.0422975
0.0393551
0.0361924
0.0328218
0.0293558
0.0257091
0.0218968
0.0179353
0.0138426
0.00975631
0.0055784
0.00132957
-0.00296923
-0.00729672
-0.0115092
-0.0157067
-0.0198669
-0.0239671
-0.0279845
-0.0317871
-0.0354641
-0.038995
-0.0423597
-0.0455383
-0.0484285
-0.0510948
-0.0535206
-0.0556905
-0.0575906
-0.0591651
-0.0604464
-0.0614248
-0.0620919
-0.0624414
-0.0624716
-0.0621783
-0.0615618
-0.0606241
-0.0593689
-0.0578509
-0.0560274
-0.0539069
-0.0514996
-0.0488175
-0.0459646
-0.0428656
-0.0395369
-0.0359968
-0.0322648
-0.0284809
-0.0245474
-0.0204862
-0.0163201
-0.0120726
-0.0079004
-0.00369545
0.00051761
0.0047142
0.00887034
0.012835
0.0167141
0.0204858
0.0241284
0.0276201
0.0308336
0.0338554
0.0366678
0.0392552
0.0416038
0.0436307
0.045395
0.0468863
0.0480955
0.049015
0.0496138
0.0499151
0.0499185
0.0496248
0.0490363
0.0481772
0.0470318
0.045607
0.043912
0.0419578
0.03982
0.0374495
0.0348605
0.0320684
0.0290896
0.0260367
0.0228332
0.0194987
0.0160534
0.0125175
0.0090245
0.00548142
0.0019085
-0.00167365
-0.00524411
-0.00866732
-0.012038
-0.0153372
-0.0185467
-0.0216496
-0.0245289
-0.0272708
-0.0298611
-0.0322865
-0.0345345
-0.0365194
-0.0383056
-0.0398846
-0.0412496
-0.0423953
-0.0432789
-0.0439377
-0.044371
-0.0445798
-0.0445665
-0.0443331
-0.0438855
-0.0432293
-0.042371
-0.0413176
-0.0401115
-0.0387272
-0.0371749
-0.0354661
-0.0336139
-0.0316954
-0.0296623
-0.0275295
-0.0253117
-0.0230235
-0.0207601
-0.0184542
-0.0161197
-0.013771
-0.0114227
-0.00917731
-0.00696105
-0.00478726
-0.00266836
-0.000615747
0.00127714
0.00308381
0.00479532
0.00640308
0.007899
0.0092071
0.0103901
0.0114432
0.0123633
0.0131482
0.0137489
0.0142124
0.0145386
0.0147279
0.0147818
0.0146793
0.0144473
0.0140902
0.013613
0.0130209
0.0123197
0.0115143
0.0106106
0.00961489
0.00853431
0.00739818
0.00619127
0.00492029
0.00359176
0.00221216
0.000827131
-0.000595683
-0.00204952
-0.00352764
-0.00502343
-0.00648013
-0.00794169
-0.00940173
-0.0108539
-0.0122922
-0.0136553
-0.0149954
-0.0163092
-0.0175938
-0.0188464
-0.0200063
-0.0211266
-0.022203
-0.0232322
-0.0242122
-0.0250885
-0.025915
-0.026692
-0.0274195
-0.0280969
-0.0286755
-0.0292021
-0.0296765
-0.0300991
-0.030471
-0.0307535
-0.0309867
-0.0311706
-0.031305
-0.0313895
-0.031394
-0.0313482
-0.031252
-0.0311049
-0.0309065
-0.0306371
-0.0303159
-0.0299433
-0.0295201
-0.0290471
-0.0285172
-0.027938
-0.0273091
-0.02663
-0.0259007
-0.0251261
-0.0243025
-0.023431
-0.0225125
-0.0215474
-0.0205535
-0.0195143
-0.0184311
-0.0173061
-0.0161419
-0.0149714
-0.0137673
-0.0125318
-0.0112669
-0.00997455
-0.00869901
-0.00740117
-0.00608422
-0.00475158
-0.00340676
-0.00210546
-0.000799177
0.000508062
0.00181172
0.00310686
0.00432879
0.00553271
0.00671468
0.00787123
0.00899907
0.0100312
0.0110274
0.0119837
0.0128955
0.0137589
0.014507
0.0151998
0.0158345
0.0164086
0.0169196
0.0173077
0.0176279
0.017879
0.0180602
0.018172
0.018168
0.0180956
0.0179548
0.0177452
0.017466
0.0170852
0.0166349
0.0161168
0.0155328
0.0148856
0.0141635
0.013382
0.0125425
0.011647
0.010698
0.00970516
0.00866631
0.00758535
0.00646571
0.0053101
0.00414709
0.00295211
0.00172757
0.000476729
-0.000796391
-0.00204219
-0.00330241
-0.00457405
-0.00585463
-0.00714176
-0.00837119
-0.00960103
-0.0108273
-0.0120459
-0.0132529
-0.0143715
-0.015472
-0.0165519
-0.0176085
-0.0186389
-0.0195603
-0.0204498
-0.0213049
-0.0221237
-0.0229045
-0.0235649
-0.0241837
-0.0247589
-0.0252892
-0.0257736
-0.0261369
-0.026455
-0.0267192
-0.0269225
-0.0270644
-0.0270799
-0.0270324
-0.0269216
-0.0267485
-0.0265152
-0.0261773
-0.0257849
-0.0253401
-0.0248446
-0.0242998
-0.0236811
-0.0230177
-0.0223128
-0.0215708
-0.0207962
-0.0199891
-0.0191577
-0.0183056
-0.0174359
-0.0165521
-0.015674
-0.014789
-0.0139011
-0.0130143
-0.0121317
-0.0112889
-0.0104549
-0.00963231
-0.00882423
-0.00803385
-0.00730782
-0.00660396
-0.00592483
-0.00527222
-0.00464719
-0.00409815
-0.0035755
-0.00308015
-0.00261306
-0.00217509
-0.00181275
-0.00147727
-0.0011683
-0.000884927
-0.000625908
-0.000429263
-0.000251693
-9.25288e-05
4.88581e-05
0.000173178
0.000251613
0.000317515
0.000371787
0.000415387
0.000449242
0.000454869
0.000454525
0.000448828
0.000438436
0.000424044
0.000396114
0.000366969
0.000337122
0.000307032
0.000277115
0.00024406
0.000212601
0.000183021
0.000155545
0.00013033
0.000107327
8.67691e-05
6.86557e-05
5.29424e-05
3.95533e-05
2.92877e-05
2.08233e-05
1.4056e-05
8.84614e-06
5.02544e-06
2.92304e-06
1.49827e-06
6.25138e-07
1.70121e-07
