0
0
0
0
0
0
0
0
0
0
0
0
0
0
0
0
0
0
0
0
0
0
0
0
0
0
0
0
0
0
0
0
0
0
0
0
0
0
0
0
0
0
0
0
0
0
-0
-0
-0
-0
-0
-0
-0
-0
-0
-0
-0
-0
-0
-0
-0
-0
-0
-0
-0
-0
-0
-0
-0
-0
-0
-0
-0
-0
-0
-0
-0
-0
-0
-0
-0
-0
-0
-0
-0
-0
-0
-0
-0
-0
-0
0
0
0
0
0
0
0
0
0
0
0
0
0
0
0
0
0
0
0
0
0
0
0
0
0
0
0
0
0
0
0
0
0
0
0
0
0
0
0
0
0
0
0
0
0
0
0
0
0
-0
-0
-0
-0
-0
-0
-0
-0
-0
-0
-0
-0
-0
-0
-0
-0
-0
-0
-0
-0
-0
-0
-0
-0
-0
-0
-0
-0
-0
-0
-0
-0
-0
-0
-0
-0
-0
-0
-0
-0
-0
-0
-0
-0
-0
-0
-0
-0
0
0
0
0
0
0
0
0
0
0
0
0
0
5.58617e-07
2.45159e-06
5.79291e-06
1.06511e-05
1.705e-05
2.49695e-05
3.43457e-05
4.50733e-05
5.70063e-05
6.99599e-05
8.37128e-05
9.80107e-05
0.000112571
0.000127088
0.000141238
0.000154684
0.000167077
0.000178057
0.000187261
0.000194326
0.000198902
0.000200656
0.000199283
0.000194504
0.000186072
0.000173769
0.000157412
0.000136856
0.000112001
8.2801e-05
4.92659e-05
1.14611e-05
-3.04966e-05
-7.64439e-05
-0.000126172
-0.000179427
-0.000235898
-0.000295217
-0.000356951
-0.000420613
-0.000485669
-0.000551555
-0.000617687
-0.000683466
-0.000748274
-0.000811467
-0.000872375
-0.000930312
-0.000984587
-0.00103451
-0.00107942
-0.00111866
-0.0011516
-0.00117765
-0.00119629
-0.00120705
-0.00120954
-0.00120343
-0.0011884
-0.00116419
-0.00113057
-0.00108739
-0.00103464
-0.00097248
-0.000901189
-0.000821128
-0.000732675
-0.000636188
-0.000532037
-0.000420661
-0.000302645
-0.000178746
-4.98719e-05
8.29878e-05
0.000218832
0.000356685
0.000495583
0.000634531
0.000772468
0.000908264
0.00104075
0.00116878
0.00129126
0.00140716
0.00151549
0.00161529
0.00170565
0.00178569
0.00185463
0.00191178
0.00195718
0.00199092
0.0020126
0.0020219
0.00201854
0.00200235
0.00197324
0.00193119
0.0018762
0.00180831
0.00172761
0.00163429
0.00152865
0.00141111
0.00128218
0.00114238
0.000992267
0.00083241
0.000663434
0.000486067
0.000301159
0.000109653
-8.74708e-05
-0.000289255
-0.000494795
-0.000703215
-0.000913624
-0.00112505
-0.0013364
-0.0015465
-0.00175415
-0.00195814
-0.00215741
-0.00235098
-0.00253796
-0.00271749
-0.00288869
-0.00305063
-0.00320235
-0.00334291
-0.00347146
-0.00358731
-0.00368988
-0.00377869
-0.00385326
-0.0039131
-0.0039577
-0.00398658
-0.00399943
-0.00399613
-0.00397677
-0.00394155
-0.00389073
-0.00382451
-0.00374302
-0.00364642
-0.00353496
-0.00340905
-0.00326932
-0.00311653
-0.00295146
-0.00277489
-0.00258755
-0.00239018
-0.00218359
-0.00196875
-0.00174676
-0.00151878
-0.00128605
-0.00104972
-0.000810947
-0.000570827
-0.000330484
-9.10728e-05
0.000146227
0.00038024
0.000609831
0.000833927
0.00105151
0.00126162
0.00146329
0.00165557
0.00183757
0.00200838
0.00216719
0.00231325
0.00244585
0.00256435
0.00266817
0.00275676
0.00282969
0.00288662
0.00292732
0.00295169
0.00295973
0.0029515
0.00292711
0.00288674
0.00283065
0.00275922
0.00267295
0.00257251
0.00245864
0.00233221
0.00219411
0.00204526
0.00188662
0.00171918
0.00154396
0.00136203
0.00117453
0.000982603
0.000787444
0.000590261
0.000392262
0.000194642
-1.44647e-06
-0.000194903
-0.000384685
-0.000569801
-0.000749287
-0.000922203
-0.00108763
-0.00124467
-0.00139248
-0.00153032
-0.00165747
-0.00177335
-0.00187741
-0.00196921
-0.00204835
-0.00211452
-0.00216748
-0.00220707
-0.00223317
-0.00224575
-0.00224485
-0.00223065
-0.00220341
-0.00216357
-0.00211161
-0.00204814
-0.00197379
-0.00188927
-0.00179533
-0.00169281
-0.00158264
-0.0014658
-0.00134336
-0.00121641
-0.0010861
-0.000953578
-0.00082007
-0.000686804
-0.000555029
-0.000425987
-0.000300908
-0.000181005
-6.74859e-05
3.84372e-05
0.000135558
0.000222695
0.000298718
0.000362575
0.000413312
0.000450071
0.0004721
0.000478756
0.00046951
0.000443956
0.000401804
0.00034287
0.000267053
0.000174333
6.47704e-05
-6.14688e-05
-0.000204086
-0.000362628
-0.000536484
-0.000724892
-0.000926953
-0.00114165
-0.00136787
-0.0016044
-0.00184993
-0.00210309
-0.00236239
-0.00262629
-0.00289314
-0.00316118
-0.00342858
-0.00369343
-0.0039538
-0.00420777
-0.00445342
-0.00468889
-0.00491229
-0.00512178
-0.00531552
-0.00549174
-0.00564871
-0.00578479
-0.00589845
-0.00598824
-0.00605283
-0.00609103
-0.00610179
-0.00608426
-0.00603774
-0.00596168
-0.00585564
-0.00571931
-0.00555251
-0.00535525
-0.00512777
-0.00487054
-0.00458428
-0.0042699
-0.00392848
-0.00356127
-0.00316966
-0.00275523
-0.0023197
-0.00186492
-0.00139291
-0.000905757
-0.000405727
0.000104788
0.000623229
0.0011469
0.001673
0.00219868
0.00272111
0.00323744
0.00374485
0.00424055
0.00472173
0.00518562
0.0056295
0.00605074
0.00644678
0.00681511
0.00715334
0.00745913
0.00773029
0.00796479
0.00816083
0.00831685
0.00843151
0.0085037
0.00853252
0.00851728
0.0084575
0.00835291
0.00820349
0.00800942
0.00777107
0.00748906
0.00716424
0.00679774
0.006391
0.00594575
0.00546399
0.00494794
0.00440002
0.00382276
0.00321886
0.00259111
0.00194245
0.00127592
0.000594636
-9.81675e-05
-0.000799201
-0.00150509
-0.0022124
-0.0029176
-0.00361713
-0.00430734
-0.00498462
-0.00564532
-0.00628591
-0.00690291
-0.00749301
-0.00805307
-0.00858017
-0.0090716
-0.00952488
-0.0099378
-0.0103084
-0.0106349
-0.0109159
-0.0111501
-0.0113366
-0.0114747
-0.0115639
-0.0116041
-0.0115952
-0.0115378
-0.0114323
-0.0112796
-0.0110808
-0.0108371
-0.01055
-0.0102213
-0.00985292
-0.00944708
-0.00900609
-0.00853244
-0.00802875
-0.00749776
-0.00694236
-0.00636553
-0.00577034
-0.00515995
-0.00453754
-0.00390634
-0.00326957
-0.00263046
-0.0019922
-0.00135791
-0.000730662
-0.000113428
0.000490898
0.00107952
0.00164974
0.002199
0.0027249
0.00322524
0.00369798
0.00414126
0.00455339
0.00493289
0.00527842
0.00558889
0.00586342
0.00610137
0.0063023
0.00646595
0.00659225
0.00668134
0.00673356
0.00674944
0.00672976
0.00667543
0.00658751
0.00646722
0.00631587
0.00613498
0.00592618
0.00569126
0.00543211
0.00515066
0.0048489
0.00452888
0.00419267
0.00384243
0.00348032
0.00310856
0.00272933
0.00234475
0.00195692
0.0015679
0.00117971
0.000794312
0.00041361
3.93933e-05
-0.000326661
-0.000682983
-0.0010281
-0.00136062
-0.00167926
-0.00198286
-0.00227042
-0.00254108
-0.0027941
-0.00302887
-0.00324485
-0.00344163
-0.00361892
-0.00377658
-0.00391464
-0.00403324
-0.0041326
-0.00421303
-0.0042749
-0.00431866
-0.00434489
-0.00435427
-0.00434756
-0.00432559
-0.00428922
-0.00423933
-0.00417687
-0.00410281
-0.00401819
-0.00392405
-0.00382141
-0.00371127
-0.00359461
-0.00347241
-0.00334568
-0.00321545
-0.00308269
-0.00294832
-0.00281318
-0.00267803
-0.00254358
-0.00241055
-0.00227965
-0.00215156
-0.00202686
-0.00190607
-0.00178956
-0.00167766
-0.00157064
-0.00146873
-0.00137216
-0.00128106
-0.00119549
-0.00111546
-0.0010409
-0.000971721
-0.000907832
-0.000849094
-0.000795324
-0.000746271
-0.000701635
-0.000661083
-0.000624288
-0.000590935
-0.000560716
-0.000533311
-0.000508373
-0.000485532
-0.000464411
-0.000444644
-0.000425888
-0.000407821
-0.00039013
-0.000372516
-0.000354703
-0.000336455
-0.000317591
-0.000297977
-0.000277506
-0.000256074
-0.000233572
-0.000209896
-0.000184974
-0.000158794
-0.000131407
-0.000102921
-7.34719e-05
-4.32006e-05
-1.22426e-05
1.92643e-05
5.11642e-05
8.32696e-05
0.000115357
0.000147176
0.000178458
0.000208934
0.00023834
0.000266424
0.000292945
0.000317674
0.000340387
0.00036086
0.000378864
0.000394165
0.000406536
0.000415766
0.000421669
0.000424096
0.000422925
0.000418059
0.000409424
0.000396961
0.000380636
0.000360437
0.000336369
0.000308452
0.000276719
0.000241227
0.000202067
0.00015938
0.000113356
6.42117e-05
1.21733e-05
-4.25482e-05
-9.97553e-05
-0.000159245
-0.000220782
-0.000284079
-0.000348799
-0.000414576
-0.00048105
-0.000547883
-0.000614765
-0.000681402
-0.000747494
-0.000812728
-0.000876777
-0.000939311
-0.001
-0.00105855
-0.00111464
-0.001168
-0.00121836
-0.0012655
-0.00130921
-0.00134931
-0.00138563
-0.00141797
-0.00144617
-0.00147006
-0.00148952
-0.00150447
-0.00151492
-0.00152088
-0.00152237
-0.0015194
-0.001512
-0.00150018
-0.00148404
-0.00146369
-0.00143928
-0.00141097
-0.00137894
-0.00134335
-0.00130439
-0.00126228
-0.00121724
-0.00116953
-0.00111937
-0.00106699
-0.00101262
-0.000956516
-0.000898958
-0.000840273
-0.000780783
-0.000720782
-0.00066052
-0.000600213
-0.000540074
-0.000480346
-0.000421312
-0.000363276
-0.000306527
-0.000251312
-0.000197823
-0.000146215
-9.66279e-05
-4.9211e-05
-4.12102e-06
3.8486e-05
7.84334e-05
0.000115549
0.000149694
0.00018075
0.000208613
0.000233205
0.000254483
0.000272456
0.000287183
0.000298755
0.00030727
0.000312818
0.000315476
0.000315331
0.000312499
0.000307141
0.000299528
0.000290436
0.000280179
0.000268894
0.000256676
0.000243586
0.000229664
0.000214947
0.000199479
0.000183309
0.000166486
0.000149051
0.000131027
0.000112422
9.3229e-05
7.34362e-05
5.30392e-05
3.20505e-05
1.05053e-05
-1.15395e-05
-3.40123e-05
-5.68373e-05
-7.99446e-05
-0.000103275
-0.000126776
-0.000150394
-0.000174056
-0.000197656
-0.000221056
-0.00024409
-0.000266585
-0.000288386
-0.000309374
-0.000329461
-0.000348579
-0.000366654
-0.000383582
-0.000399235
-0.000413475
-0.000426181
-0.000437268
-0.000446692
-0.000454434
-0.00046049
-0.000464858
-0.000467549
-0.000468603
-0.000468088
-0.000466121
-0.000462806
-0.000458214
-0.000452377
-0.000445286
-0.000436997
-0.000427592
-0.000417206
-0.000405987
-0.000394025
-0.000381421
-0.000368209
-0.000354424
-0.00034014
-0.000325432
-0.000310466
-0.000295326
-0.000280026
-0.000264516
-0.000248685
-0.000232551
-0.000216146
-0.000199544
-0.00018282
-0.000165969
-0.000149015
-0.000131909
-0.000114625
-9.71549e-05
-7.94715e-05
-6.15713e-05
-4.33926e-05
-2.48484e-05
-5.85313e-06
1.36442e-05
3.36948e-05
5.43373e-05
7.56319e-05
9.76682e-05
0.000120484
0.000144245
0.000169033
0.000194941
0.000222151
0.00025066
0.000280685
0.000312224
0.00034518
0.000379393
0.000414498
0.000450633
0.000487818
0.000526124
0.000565582
0.000605831
0.000646967
0.000688754
0.000730998
0.000773597
0.000816175
0.000859007
0.000901921
0.000944609
0.000986689
0.00102746
0.00106703
0.00110528
0.00114213
0.00117749
0.00121091
0.00124249
0.00127207
0.00129956
0.0013249
0.00134786
0.00136842
0.00138632
0.00140128
0.00141313
0.00142189
0.00142767
0.00143065
0.00143091
0.00142837
0.00142315
0.00141462
0.00140262
0.0013871
0.00136813
0.00134651
0.00132155
0.00129321
0.00126139
0.001226
0.0011881
0.00114666
0.00110183
0.0010538
0.00100281
0.000950519
0.000895811
0.00083894
0.000780107
0.000719462
0.000658726
0.000596453
0.000532885
0.00046837
0.000403337
0.000339833
0.000276723
0.000214447
0.000153458
9.42281e-05
3.85457e-05
-1.43959e-05
-6.40967e-05
-0.00011001
-0.000151495
-0.000187112
-0.000216728
-0.000239558
-0.000254956
-0.000262456
-0.00026195
-0.000252812
-0.000234488
-0.000206211
-0.000167111
-0.000117835
-5.6414e-05
1.74178e-05
0.000103768
0.000202768
0.000311938
0.00043445
0.000570711
0.000720965
0.000885214
0.00105922
0.00124676
0.00144758
0.00166142
0.00188794
0.00212148
0.00236627
0.00262127
0.00288544
0.00315778
0.00343179
0.00371195
0.00399694
0.0042851
0.00457455
0.00485806
0.0051391
0.00541596
0.00568695
0.00595024
0.00619957
0.00643682
0.00665965
0.00686582
0.00705322
0.00721784
0.00735975
0.00747689
0.00756715
0.00762845
0.00765973
0.00765844
0.00762302
0.00755202
0.00744403
0.00730207
0.00712072
0.00689918
0.00663702
0.00633403
0.00599817
0.0056215
0.00520424
0.00474692
0.00425047
0.0037275
0.00316846
0.00257528
0.00195012
0.00129534
0.000627153
-6.51194e-05
-0.000778231
-0.00150865
-0.00225261
-0.0029918
-0.00373653
-0.00448248
-0.0052251
-0.00595961
-0.00666791
-0.00735842
-0.00802632
-0.00866679
-0.00927492
-0.00983574
-0.0103543
-0.0108256
-0.011245
-0.0116079
-0.0119053
-0.0121378
-0.0123016
-0.0123931
-0.0124091
-0.0123488
-0.0122077
-0.0119835
-0.0116746
-0.0112795
-0.0108072
-0.0102476
-0.00960114
-0.00886876
-0.00805182
-0.00716939
-0.00620629
-0.00516513
-0.00404917
-0.00286234
-0.00163269
-0.000341715
0.0010052
0.00240222
0.0038431
0.0052937
0.00677421
0.00827706
0.00979445
0.0113184
0.0128128
0.0142972
0.015763
0.0172014
0.0186032
0.0199349
0.0212128
0.0224288
0.0235747
0.0246427
0.0256067
0.0264769
0.027246
0.0279073
0.0284549
0.0288751
0.0291713
0.029339
0.0293743
0.0292739
0.0290391
0.0286645
0.0281494
0.0274938
0.0266982
0.0257804
0.0247261
0.0235383
0.022221
0.0207789
0.0192452
0.017598
0.0158438
0.0139899
0.0120443
0.0100525
0.00798756
0.00585947
0.00367855
0.00145539
-0.00075823
-0.00299218
-0.00523502
-0.00747498
-0.0097001
-0.011858
-0.0139772
-0.0160464
-0.0180538
-0.0199883
-0.0218042
-0.0235256
-0.0251425
-0.0266453
-0.0280249
-0.0292482
-0.0303318
-0.0312684
-0.0320518
-0.0326766
-0.0331273
-0.033411
-0.0335247
-0.0334662
-0.0332345
-0.0328342
-0.0322613
-0.0315175
-0.0306056
-0.0295291
-0.0283124
-0.0269408
-0.0254207
-0.0237593
-0.0219642
-0.0200769
-0.0180733
-0.015963
-0.0137564
-0.0114648
-0.00914137
-0.00675657
-0.00432253
-0.00185143
0.00064439
0.00310728
0.00556985
0.00801938
0.0104432
0.012829
0.0151215
0.0173525
0.0195111
0.0215866
0.0235692
0.0254134
0.0271464
0.0287604
0.0302478
0.0316019
0.032792
0.0338369
0.0347319
0.0354737
0.0360596
0.036478
0.0367383
0.0368406
0.0367852
0.0365736
0.0362123
0.0357005
0.0350424
0.0342431
0.0333082
0.0322614
0.0310914
0.0298054
0.0284108
0.0269161
0.0253578
0.0237172
0.0220039
0.0202275
0.018398
0.0165593
0.0146876
0.0127926
0.0108843
0.0089721
0.00710111
0.00524529
0.00341387
0.00161581
-0.00014027
-0.00181394
-0.00343004
-0.00498157
-0.00646196
-0.00786514
-0.00915993
-0.0103671
-0.0114826
-0.0125027
-0.0134245
-0.014229
-0.0149308
-0.0155288
-0.0160225
-0.016412
-0.0166916
-0.0168691
-0.0169463
-0.0169255
-0.0168095
-0.0166051
-0.0163133
-0.0159385
-0.0154855
-0.0149592
-0.0143754
-0.0137285
-0.0130239
-0.0122677
-0.011466
-0.0106409
-0.00978279
-0.00889762
-0.00799126
-0.00706953
-0.00615617
-0.00523882
-0.00432297
-0.00341391
-0.00251665
-0.00165317
-0.000810635
6.83619e-06
0.000795421
0.00155163
0.00225821
0.00292664
0.00355464
0.00414034
0.00468226
0.00516973
0.00561165
0.00600765
0.0063576
0.00666163
0.0069156
0.00712484
0.00729058
0.0074145
0.00749856
0.00754493
0.00755559
0.00753254
0.00747787
0.0073939
0.00728683
0.00715616
0.00700516
0.00683706
0.00665499
0.00646717
0.006271
0.00606919
0.00586448
0.00565963
0.00546278
0.00527097
0.00508648
0.0049114
0.00474769
0.0046012
0.00446958
0.00435429
0.00425659
0.00417754
0.00411955
0.00408166
0.00406433
0.00406781
0.00409212
0.00413578
0.00419972
0.00428341
0.00438615
0.00450702
0.00464092
0.0047905
0.0049543
0.00513078
0.00531842
0.00550982
0.00570926
0.00591503
0.00612517
0.00633762
0.00654368
0.00674798
0.00694869
0.00714399
0.00733207
0.00750506
0.00766707
0.00781632
0.00795123
0.00807035
0.00816827
0.00824771
0.00830723
0.00834533
0.00836064
0.00835086
0.00831645
0.00825698
0.00817215
0.00806173
0.00792767
0.00776761
0.00758158
0.00736982
0.00713282
0.00687685
0.00659713
0.00629468
0.00597078
0.00562696
0.00527342
0.00490347
0.00451878
0.00412095
0.00371153
0.00330259
0.00288576
0.00246327
0.00203747
0.00161066
0.0011958
0.0007838
0.000376421
-2.45167e-05
-0.000417077
-0.000789216
-0.00114924
-0.00149557
-0.00182677
-0.00214144
-0.00243009
-0.00269907
-0.00294683
-0.00317208
-0.00337392
-0.00354697
-0.00369563
-0.00381936
-0.00391744
-0.00398902
-0.00403243
-0.00404852
-0.00403763
-0.00400053
-0.00393807
-0.00385382
-0.00374532
-0.00361284
-0.00345674
-0.0032777
-0.00308324
-0.00286848
-0.00263508
-0.00238464
-0.00211856
-0.00184707
-0.0015621
-0.00126472
-0.000956279
-0.000638511
-0.000324091
-4.66956e-06
0.00031762
0.000640977
0.000964016
0.00127484
0.00158313
0.00188747
0.002186
0.00247662
0.00274769
0.00300738
0.00325481
0.00348948
0.00371085
0.00391063
0.00409483
0.00426183
0.00441023
0.00453925
0.00464447
0.00473051
0.00479764
0.0048458
0.00487453
0.00488249
0.00487013
0.00483765
0.00478575
0.00471533
0.00462994
0.00452734
0.00440789
0.004272
0.00412043
0.00396006
0.00378648
0.003601
0.00340478
0.0031979
0.00298843
0.00276982
0.00254371
0.00231193
0.00207632
0.00184755
0.00161817
0.00138966
0.00116355
0.000941394
0.000733332
0.000531978
0.000338505
0.000153939
-2.07445e-05
-0.000177435
-0.00032247
-0.000455011
-0.000574443
-0.000680434
-0.000768071
-0.000842361
-0.000903355
-0.000951057
-0.000985495
-0.00100467
-0.00101127
-0.00100601
-0.000989782
-0.000963505
-0.000928343
-0.000884657
-0.000833083
-0.000774311
-0.000709182
-0.000641009
-0.000568523
-0.000492883
-0.000415156
-0.000336258
-0.000260431
-0.000184676
-0.000109679
-3.61697e-05
3.50873e-05
9.95321e-05
0.000160622
0.00021783
0.00027075
0.000319061
0.000359027
0.000394217
0.000424464
0.000449673
0.000469827
0.000482307
0.000490174
0.000493539
0.000492527
0.000487309
0.000476421
0.000462147
0.000444897
0.000425098
0.000403154
0.000378574
0.000352684
0.000325811
0.000298315
0.000270583
0.000242755
0.000215507
0.000189159
0.000163977
0.000140191
0.000118041
9.76667e-05
7.92176e-05
6.27963e-05
4.8451e-05
3.62571e-05
2.60568e-05
1.77793e-05
1.13202e-05
6.53798e-06
3.26981e-06
1.25533e-06
2.54571e-07
0
0
0
0
0
-0
-0
-0
-0
-0
-0
-0
-0
-0
-0
-0
-0
-0
-0
-0
-0
-0
-0
-0
-0
-0
-0
-0
-0
-0
-0
-0
-0
-0
-0
-0
-0
-0
-0
-0
-0
-0
-0
-0
-0
-0
-0
-0
-0
-0
-0
-0
-0
-0
-0
-0
0
0
0
0
0
0
0
0
0
0
0
0
0
0
0
0
0
0
0
0
0
0
0
0
0
0
0
0
0
0
0
0
0
0
0
0
0
0
0
0
0
0
-0
-0
-0
-0
-0
-0
-0
-0
-0
-0
-0
-0
-0
-0
-0
-0
-0
-0
-0
-0
-0
-0
-0
-0
-0
-0
-0
-0
-0
-0
-0
-0
-0
-0
-0
-0
-0
-0
-0
-0
-0
-0
-0
-0
-0
-0
-0
-0
-0
-0
-0
-0
-0
-0
-0
-0
-0
-0
0
0
0
0
0
0
0
0
0
0
0
0
0
0
0
0
0
0
0
0
0
0
0
0
0
0
0
0
0
0
0
0
0
0
0
0
0
0
0
0
0
0
0
0
0
