0
0
0
0
0
0
0
0
0
0
0
0
0
0
0
0
0
0
0
0
0
0
0
0
0
0
0
0
0
0
0
0
0
0
0
0
0
-0
-0
-0
-0
-0
-0
-0
-0
-0
-0
-0
-0
-0
-0
-0
-0
-0
-0
-0
-0
-0
-0
-0
-0
-0
-0
-3.70222e-07
-1.51498e-05
-3.90647e-05
-5.35744e-05
-3.87862e-05
2.60481e-05
0.000162037
0.000390182
0.000730932
0.00120371
0.00182638
0.00261476
0.00358212
0.00473881
0.0060921
0.00764588
0.0094005
0.0113524
0.013494
0.0158133
0.0182943
0.0209175
0.0236599
0.0264957
0.0293965
0.0323314
0.0352674
0.0381698
0.041003
0.0437305
0.0463159
0.0487231
0.0509168
0.0528631
0.0545306
0.0558911
0.0569198
0.0575963
0.0579043
0.0578326
0.0573754
0.0565325
0.0553098
0.0537183
0.0517737
0.0494957
0.0469079
0.0440381
0.040919
0.0375879
0.0340864
0.0304595
0.0267546
0.023021
0.0193095
0.0156714
0.0121581
0.0088191
0.00570098
0.00284676
0.000296093
-0.00191427
-0.00375023
-0.00518114
-0.00618124
-0.00673109
-0.00681809
-0.00643601
-0.00558398
-0.00426597
-0.0024914
-0.000276525
0.0023544
0.00536926
0.00872969
0.0123935
0.0163165
0.0204526
0.0247532
0.0291661
0.0336362
0.0381072
0.0425246
0.0468377
0.0509997
0.054966
0.0586926
0.0621354
0.0652517
0.0680028
0.0703575
0.072321
0.0738881
0.0750457
0.0757832
0.0760938
0.0759757
0.0754336
0.0744779
0.073123
0.0713854
0.0692829
0.0668353
0.0640669
0.0610076
0.0576935
0.0541646
0.0504618
0.0466256
0.0426947
0.038707
0.0347009
0.0307154
0.0267894
0.0229603
0.0192636
0.0157328
0.0124005
0.0092988
0.00645856
0.00390796
0.00167025
-0.000237467
-0.00180404
-0.00302298
-0.00389088
-0.00440656
-0.00457125
-0.00438941
-0.00386947
-0.00302403
-0.00186967
-0.000426611
0.00128114
0.00322551
0.00537426
0.00769166
0.0101398
0.0126803
0.0152751
0.0178869
0.0204782
0.0230105
0.0254438
0.0277375
0.0298511
0.031745
0.0333809
0.0347221
0.0357334
0.036381
0.036634
0.0364641
0.0358461
0.0347579
0.0331798
0.0310955
0.0284931
0.0253665
0.021717
0.0175526
0.0128869
0.00773718
0.0021229
-0.00393451
-0.010411
-0.017279
-0.0245072
-0.0320609
-0.0399032
-0.0479953
-0.0562963
-0.0647618
-0.073343
-0.0819866
-0.0906364
-0.099235
-0.107726
-0.116054
-0.124166
-0.132006
-0.139518
-0.146646
-0.153331
-0.159516
-0.165147
-0.17017
-0.174534
-0.178194
-0.181103
-0.183223
-0.184519
-0.184963
-0.184532
-0.183207
-0.180972
-0.177815
-0.173726
-0.168701
-0.162741
-0.155849
-0.148038
-0.139323
-0.129727
-0.119276
-0.108003
-0.0959433
-0.0831369
-0.0696262
-0.0554567
-0.0406781
-0.0253442
-0.00951395
0.00674911
0.0233769
0.0402976
0.0574366
0.0747168
0.0920598
0.109387
0.126619
0.14368
0.160492
0.176978
0.193061
0.208663
0.223705
0.238109
0.251796
0.264693
0.276724
0.28782
0.297908
0.306922
0.314795
0.321463
0.326866
0.330946
0.333649
0.334925
0.334727
0.333017
0.329763
0.324942
0.318537
0.310538
0.300943
0.289755
0.276987
0.262658
0.246799
0.229449
0.210653
0.190464
0.168942
0.146154
0.122182
0.0971144
0.071051
0.0440987
0.0163684
-0.0120263
-0.0409696
-0.0703418
-0.100018
-0.129869
-0.159758
-0.189548
-0.219101
-0.248283
-0.276959
-0.304998
-0.332271
-0.358648
-0.383999
-0.4082
-0.43113
-0.452672
-0.472719
-0.49117
-0.507926
-0.5229
-0.536007
-0.547174
-0.556334
-0.563434
-0.568429
-0.571285
-0.571979
-0.570493
-0.566824
-0.560973
-0.552954
-0.542792
-0.530522
-0.516189
-0.49985
-0.481568
-0.461418
-0.439484
-0.415859
-0.390642
-0.363944
-0.33588
-0.306575
-0.276157
-0.24476
-0.212522
-0.179588
-0.146104
-0.112222
-0.078099
-0.0438921
-0.00976148
0.0241331
0.0576332
0.0905836
0.122833
0.154234
0.184643
0.213921
0.241931
0.268539
0.293619
0.317047
0.338709
0.358501
0.376327
0.392102
0.405748
0.4172
0.4264
0.433304
0.437877
0.440098
0.439957
0.437457
0.432606
0.425427
0.41595
0.404217
0.39028
0.374204
0.356064
0.335946
0.313939
0.290145
0.264671
0.237635
0.209165
0.179399
0.148479
0.116553
0.0837705
0.0502795
0.0162309
-0.0182217
-0.0529209
-0.0877058
-0.122413
-0.15688
-0.190944
-0.224444
-0.257219
-0.289109
-0.319956
-0.349609
-0.377918
-0.404747
-0.429965
-0.453451
-0.475091
-0.494783
-0.512431
-0.527956
-0.541291
-0.552383
-0.561194
-0.567698
-0.571882
-0.573743
-0.573292
-0.570553
-0.565564
-0.558372
-0.549038
-0.53763
-0.524229
-0.508924
-0.491815
-0.473011
-0.452629
-0.43079
-0.407621
-0.383256
-0.357833
-0.331495
-0.304389
-0.276666
-0.248475
-0.219966
-0.191288
-0.162586
-0.134008
-0.105699
-0.0777993
-0.0504469
-0.0237726
0.00209874
0.0270485
0.0509639
0.073739
0.0952745
0.11548
0.134274
0.151585
0.167348
0.18151
0.194025
0.204856
0.213978
0.221375
0.227042
0.230984
0.233215
0.233757
0.232643
0.229912
0.225613
0.219802
0.21254
0.203896
0.193945
0.182766
0.170447
0.157079
0.142756
0.127579
0.111647
0.0950622
0.0779279
0.060348
0.0424271
0.0242694
0.00597814
-0.0123453
-0.0306017
-0.0486944
-0.0665296
-0.0840173
-0.101071
-0.117611
-0.133559
-0.148844
-0.163399
-0.177165
-0.190087
-0.202118
-0.21322
-0.223361
-0.232514
-0.240659
-0.247777
-0.253858
-0.258897
-0.262895
-0.26586
-0.267808
-0.268762
-0.268747
-0.267796
-0.265944
-0.263232
-0.259702
-0.255398
-0.250367
-0.244657
-0.238319
-0.231408
-0.223982
-0.216102
-0.207831
-0.19923
-0.19036
-0.181279
-0.172046
-0.162717
-0.153347
-0.143991
-0.1347
-0.125525
-0.116514
-0.107715
-0.0991722
-0.0909264
-0.0830135
-0.0754646
-0.0683067
-0.0615643
-0.0552607
-0.0494174
-0.0440532
-0.0391827
-0.0348154
-0.0309559
-0.0276047
-0.0247596
-0.0224158
-0.0205656
-0.0191982
-0.0182996
-0.0178535
-0.0178428
-0.0182498
-0.0190566
-0.020243
-0.0217858
-0.0236584
-0.0258323
-0.0282787
-0.0309706
-0.0338819
-0.0369869
-0.0402581
-0.0436662
-0.0471812
-0.0507742
-0.0544198
-0.0580952
-0.0617796
-0.0654512
-0.0690864
-0.0726606
-0.0761503
-0.0795355
-0.0828009
-0.0859341
-0.0889244
-0.0917598
-0.0944281
-0.0969174
-0.0992187
-0.101327
-0.10324
-0.104959
-0.106482
-0.107808
-0.108936
-0.109868
-0.110604
-0.111152
-0.111515
-0.1117
-0.111714
-0.111563
-0.111254
-0.110796
-0.110198
-0.109469
-0.108617
-0.107648
-0.10657
-0.105395
-0.104133
-0.102797
-0.101397
-0.0999429
-0.0984398
-0.0968936
-0.0953114
-0.0937014
-0.0920725
-0.090432
-0.0887851
-0.0871351
-0.0854848
-0.0838385
-0.0822023
-0.080583
-0.078986
-0.077415
-0.0758714
-0.0743568
-0.0728741
-0.0714284
-0.0700251
-0.0686683
-0.0673586
-0.0660938
-0.0648699
-0.0636843
-0.0625368
-0.0614295
-0.0603654
-0.0593467
-0.0583738
-0.0574456
-0.0565612
-0.0557203
-0.0549239
-0.0541731
-0.0534689
-0.052812
-0.0522027
-0.0516421
-0.0511314
-0.0506714
-0.050262
-0.0499016
-0.0495884
-0.0493216
-0.0491021
-0.0489331
-0.0488179
-0.0487589
-0.0487567
-0.0488105
-0.0489196
-0.0490853
-0.0493103
-0.0495982
-0.0499513
-0.0503695
-0.0508506
-0.0513915
-0.0519905
-0.0526473
-0.0533626
-0.0541365
-0.0549672
-0.0558505
-0.0567817
-0.0577564
-0.0587719
-0.0598258
-0.0609153
-0.0620355
-0.0631794
-0.0643387
-0.0655055
-0.0666733
-0.0678367
-0.0689901
-0.0701264
-0.071237
-0.0723121
-0.0733309
-0.0742526
-0.0750662
-0.0757636
-0.0763362
-0.0767749
-0.0770703
-0.0772138
-0.0771979
-0.077017
-0.0766664
-0.0761428
-0.0754442
-0.0745712
-0.0735268
-0.0723165
-0.0709465
-0.0694225
-0.0677488
-0.0659286
-0.0639667
-0.0618704
-0.0596516
-0.0573256
-0.0549089
-0.0524172
-0.0498637
-0.0472594
-0.0446145
-0.0419408
-0.0392523
-0.0365656
-0.033898
-0.0312662
-0.0286848
-0.0261659
-0.0237197
-0.0213552
-0.0190815
-0.0169074
-0.0148418
-0.0128931
-0.0110686
-0.00937443
-0.00781459
-0.0063913
-0.00510476
-0.0039534
-0.00293432
-0.00204382
-0.00127777
-0.000631801
-0.000101102
0.000319862
0.000637679
0.000860081
0.000995757
0.00105398
0.00104422
0.000975875
0.000858195
0.000700342
0.000511408
0.000300355
7.58385e-05
-0.000154
-0.0003817
-0.00060054
-0.000804535
-0.000988425
-0.00114771
-0.00127872
-0.00137876
-0.00144612
-0.00148009
-0.00148093
-0.00144978
-0.00138866
-0.00130044
-0.0011888
-0.00105817
-0.000913651
-0.000760886
-0.000605962
-0.000455314
-0.00031562
-0.000193672
-9.62284e-05
-2.98579e-05
-8.10866e-07
-0
-0
-0
-0
-0
-0
-0
-0
-0
-0
-0
-0
-0
-0
-0
-0
-0
-0
-0
-0
-0
-0
-0
-0
-0
-0
-0
-0
-0
-0
-0
-0
-0
-0
-0
-0
-0
0
0
0
0
0
0
0
0
0
0
0
0
0
0
0
0
0
0
0
0
0
0
0
0
0
0
0
0
0
0
0
0
0
0
0
0
0
0
0
0
0
0
0
0
0
0
0
0
0
0
0
0
0
0
0
-0
-0
-0
-0
-0
-0
-0
-0
-0
-0
-0
-0
-0
-0
-0
-0
-0
-0
-0
-0
-0
-0
-0
-0
-0
-0
-0
-0
-0
-0
-0
-0
-0
-0
-0
-0
-0
-0
-0
-0
-0
-0
-0
-0
0
0
0
0
0
0
0
0
0
0
0
0
0
0
0
0
0
0
0
0
0
0
0
0
0
0
0
0
0
0
0
0
0
0
0
0
0
0
0
0
0
0
0
0
0
0
0
0
0
0
0
0
0
0
0
0
0
0
0
0
0
0
0
0
0
-2.1016e-09
-7.37685e-07
-4.61464e-06
-1.40502e-05
-3.11556e-05
-5.76933e-05
-9.50363e-05
-0.000144147
-0.000205577
-0.000279471
-0.000365566
-0.000463151
-0.000571036
-0.000687541
-0.000810533
-0.000937509
-0.00106565
-0.00119183
-0.00131264
-0.00142424
-0.00152248
-0.0016029
-0.00166097
-0.00169214
-0.00169198
-0.00165608
-0.00158004
-0.00145949
-0.00129021
-0.00106837
-0.000790596
-0.000454011
-5.60901e-05
0.00040543
0.000932528
0.0015267
0.00218869
0.00291836
0.0037147
0.00457609
0.00550053
0.00648574
0.00752892
0.00862639
0.00977331
0.0109637
0.0121909
0.0134478
0.0147275
0.016023
0.0173275
0.0186335
0.0199326
0.0212161
0.0224744
0.0236983
0.0248785
0.0260064
0.0270736
0.0280721
0.0289943
0.029833
0.0305812
0.0312324
0.0317806
0.0322203
0.0325462
0.032754
0.0328406
0.032804
0.0326438
0.0323605
0.0319552
0.0314298
0.0307865
0.0300281
0.0291579
0.0281805
0.0271021
0.0259298
0.024672
0.0233375
0.021935
0.0204731
0.0189608
0.0174072
0.0158225
0.0142178
0.0126047
0.010995
0.00939997
0.00783363
0.00630459
0.00481944
0.00338472
0.00200638
0.000691546
-0.0005536
-0.00172339
-0.00281268
-0.00381779
-0.00473335
-0.00555553
-0.0062813
-0.00690859
-0.00743776
-0.00786693
-0.00819593
-0.00842446
-0.00855214
-0.00858061
-0.00850877
-0.00833834
-0.008072
-0.00771302
-0.00726664
-0.00673436
-0.00611959
-0.00542624
-0.00465908
-0.00382541
-0.00292997
-0.00197921
-0.000979303
6.40015e-05
0.00114419
0.00225651
0.00339488
0.00455282
0.00572356
0.00690041
0.00807649
0.00924506
0.0103995
0.0115331
0.0126412
0.0137161
0.0147522
0.015744
0.0166864
0.0175775
0.0184092
0.0191769
0.0198769
0.0205058
0.0210662
0.0215503
0.0219557
0.0222803
0.0225224
0.0226876
0.0227692
0.0227678
0.022685
0.0225225
0.0222902
0.0219825
0.0216015
0.0211495
0.0206289
0.02005
0.0194085
0.0187081
0.0179541
0.0171522
0.0163154
0.0154435
0.0145423
0.0136173
0.0126735
0.0117205
0.0107603
0.00979968
0.00884577
0.00790564
0.00698586
0.00609343
0.00523487
0.00441654
0.00364453
0.00291847
0.00224878
0.00163937
0.0010939
0.00061618
0.000198455
-0.000143071
-0.00040471
-0.000583954
-0.000679668
-0.000709752
-0.00065632
-0.000519226
-0.000297934
8.02246e-06
0.000375307
0.000825326
0.00135508
0.00196062
0.00263758
0.00335578
0.00413653
0.00497478
0.00586448
0.00679852
0.00774381
0.00871778
0.00971272
0.010721
0.0117348
0.0127249
0.0137031
0.0146599
0.0155861
0.0164725
0.0172984
0.0180673
0.0187705
0.019399
0.0199436
0.0203961
0.0207479
0.020992
0.0211224
0.0211335
0.0210369
0.0208112
0.0204518
0.019955
0.0193174
0.0185704
0.0176798
0.0166457
0.0154695
0.0141531
0.0127485
0.0112098
0.00954145
0.00774863
0.00583826
0.00387956
0.00182149
-0.000325414
-0.00255025
-0.00484206
-0.00712345
-0.00944894
-0.0118056
-0.0141791
-0.0165541
-0.0188516
-0.0211195
-0.0233431
-0.0255074
-0.0275968
-0.0295443
-0.0313839
-0.0330988
-0.0346731
-0.0360919
-0.0373124
-0.0383503
-0.0391926
-0.0398262
-0.0402382
-0.0404176
-0.0403539
-0.0400383
-0.0394634
-0.0386221
-0.037543
-0.0361865
-0.0345498
-0.0326321
-0.0304346
-0.0280295
-0.0253505
-0.0224015
-0.019188
-0.0157174
-0.0121003
-0.00824951
-0.00418003
9.21459e-05
0.00455047
0.00905673
0.013714
0.0185025
0.0234004
0.0283842
0.0333009
0.0382553
0.0432232
0.0481798
0.0530993
0.0578341
0.0624774
0.0670017
0.07138
0.0755859
0.0794983
0.0831871
0.0866271
0.0897934
0.0926621
0.095156
0.0973095
0.0991036
0.100521
0.101545
0.102159
0.102353
0.102115
0.101438
0.100315
0.0987968
0.0968282
0.0944104
0.0915477
0.0882469
0.0846271
0.0805884
0.0761423
0.071302
0.0660832
0.060661
0.0549009
0.0488273
0.0424667
0.0358462
0.0291801
0.0223107
0.0152686
0.00808695
0.000801392
-0.0063561
-0.0135436
-0.0207244
-0.027862
-0.0349196
-0.0416803
-0.0482867
-0.0547021
-0.0608906
-0.0668175
-0.0723077
-0.0774698
-0.0822715
-0.0866812
-0.0906693
-0.0941255
-0.0971096
-0.0996014
-0.101583
-0.103036
-0.103934
-0.104276
-0.10405
-0.103249
-0.101872
-0.0999824
-0.0975178
-0.0944822
-0.0908817
-0.0867256
-0.0821624
-0.077074
-0.0714814
-0.0654081
-0.0588798
-0.0521164
-0.0449555
-0.03743
-0.0295758
-0.0214319
-0.013266
-0.0048907
0.00365335
0.0123245
0.02108
0.0296391
0.0381952
0.0467055
0.0551282
0.0634228
0.0713312
0.0790318
0.0864852
0.0936527
0.100498
0.106813
0.11274
0.11825
0.123313
0.127902
0.131881
0.135334
0.138239
0.14058
0.142346
0.143499
0.144062
0.144029
0.143397
0.142166
0.140393
0.138031
0.135092
0.131589
0.127537
0.123082
0.118115
0.11266
0.106743
0.100392
0.0938256
0.0868873
0.0796104
0.0720295
0.064181
0.056327
0.0482821
0.0400851
0.0317752
0.0233916
0.0152089
0.00703121
-0.00110202
-0.00915191
-0.0170804
-0.0246318
-0.0319901
-0.0391214
-0.0459926
-0.0525717
-0.0586489
-0.0643755
-0.0697261
-0.0746773
-0.0792079
-0.0831773
-0.0866889
-0.0897277
-0.0922816
-0.0943414
-0.095849
-0.0968519
-0.0973477
-0.0973354
-0.0968165
-0.0958154
-0.0943197
-0.0923404
-0.0898909
-0.0869867
-0.0837306
-0.0800541
-0.0759762
-0.0715181
-0.0667031
-0.0616956
-0.0563825
-0.0507908
-0.0449485
-0.0388842
-0.0328019
-0.0265568
-0.0201788
-0.0136981
-0.00714481
-0.000738156
0.00568147
0.0120846
0.0184418
0.0247245
0.0307226
0.0365933
0.0423128
0.0478584
0.0532083
0.0581841
0.0629246
0.0674122
0.0716313
0.0755677
0.079091
0.0823081
0.0852095
0.0877873
0.0900362
0.0918844
0.0934006
0.0945868
0.0954463
0.0959834
0.0961862
0.0960774
0.0956636
0.0949529
0.0939547
0.0927124
0.0912043
0.0894427
0.0874411
0.0852137
0.0828502
0.0802909
0.0775509
0.074645
0.071588
0.0684996
0.0652889
0.0619703
0.058558
0.0550662
0.0516306
0.0481435
0.0446183
0.0410687
0.0375081
0.034073
0.0306517
0.0272557
0.0238963
0.0205846
0.0174443
0.0143734
0.0113824
0.00848144
0.00568033
0.00307919
0.00059621
-0.00176057
-0.00398434
-0.0060698
-0.0079518
-0.00968873
-0.0112778
-0.0127156
-0.0139981
-0.0150927
-0.0160244
-0.0167913
-0.0173935
-0.0178325
-0.0181139
-0.0182373
-0.0182056
-0.0180223
-0.0176921
-0.0172509
-0.0166739
-0.0159668
-0.0151355
-0.0141859
-0.0131756
-0.0120619
-0.0108545
-0.00956447
-0.00820288
-0.00684198
-0.00542817
-0.00396904
-0.00247229
-0.000946631
0.000534008
0.00202309
0.00351028
0.00498613
0.00644219
0.00781324
0.00914888
0.0104411
0.0116821
0.0128649
0.0139397
0.0149465
0.015882
0.0167428
0.0175244
0.0181948
0.0187762
0.0192645
0.0196574
0.0199538
0.0201446
0.0202395
0.0202396
0.0201465
0.0199631
0.0196996
0.0193541
0.0189312
0.0184353
0.0178705
0.0172596
0.0165898
0.0158679
0.0151015
0.0142983
0.0134894
0.0126559
0.011803
0.0109366
0.0100636
0.00921767
0.00838252
0.00756613
0.00677472
0.00601285
0.00530501
0.00463486
0.00400767
0.00342928
0.00290512
0.00245218
0.00205975
0.00172871
0.0014595
0.00125299
0.00111501
0.00104339
0.00103931
0.00110224
0.00122994
0.00141519
0.00165862
0.00195721
0.00230806
0.00270788
0.00314315
0.0036189
0.00413022
0.00467213
0.00523984
0.0058169
0.00641058
0.0070157
0.00762639
0.00823665
0.00883008
0.00941314
0.00998217
0.0105336
0.0110635
0.0115596
0.0120223
0.0124417
0.012814
0.0131373
0.0134083
0.0136297
0.0138009
0.0139215
0.0139909
0.0140108
0.0139798
0.0138995
0.013772
0.0135998
0.0133893
0.0131388
0.0128511
0.01253
0.0121804
0.0118108
0.0114221
0.011018
0.0106023
0.0101787
0.00975145
0.00932305
0.00889639
0.00847431
0.00805942
0.00765061
0.00725292
0.00686787
0.00649701
0.0061418
0.00579628
0.0054681
0.00515728
0.00486393
0.00458832
0.00432186
0.00407415
0.0038448
0.00363278
0.00343662
0.00324605
0.00306895
0.00290422
0.00275092
0.00260805
0.0024683
0.00233736
0.00221401
0.00209696
0.00198498
0.00187438
0.00176757
0.00166401
0.00156308
0.00146418
0.00136771
0.00127297
0.00118021
0.00108955
0.00100094
0.000917348
0.000835511
0.000755741
0.000678404
0.000603917
0.000536373
0.000471982
0.000411148
0.000354102
0.000300989
0.000254869
0.000212403
0.000173898
0.000139567
0.000109491
8.51636e-05
6.43818e-05
4.70376e-05
3.29547e-05
2.18961e-05
1.39661e-05
8.15106e-06
4.16303e-06
1.69183e-06
4.15451e-07
7.08222e-09
0
0
0
0
0
0
0
0
0
0
0
0
0
0
0
0
0
0
0
0
0
0
0
0
0
0
0
0
0
0
0
0
0
0
0
0
0
0
0
0
0
0
0
0
0
0
0
0
0
0
0
0
0
0
0
0
0
0
0
0
0
0
0
