-0.000101468
-0.000209362
-0.000369727
-0.000590919
-0.000880438
-0.00124473
-0.00168901
-0.00221705
-0.00283107
-0.00353155
-0.00431719
-0.00518482
-0.00612937
-0.00714387
-0.00821943
-0.00934527
-0.0105088
-0.0116956
-0.0128901
-0.0140752
-0.0152329
-0.0163444
-0.0173901
-0.0183503
-0.0192047
-0.0199334
-0.0205171
-0.0209374
-0.0211775
-0.0212219
-0.0210571
-0.0206714
-0.0200553
-0.0192017
-0.018106
-0.0167668
-0.0151857
-0.0133676
-0.0113204
-0.00905543
-0.00658682
-0.00393196
-0.00111111
0.00185276
0.00493428
0.0081059
0.0113381
0.0145997
0.0178579
0.0210787
0.0242274
0.0272692
0.0301696
0.0328949
0.0354123
0.0376901
0.039698
0.0414074
0.0427921
0.043829
0.0444988
0.0447862
0.0446802
0.0441729
0.0432601
0.04194
0.0402141
0.0380872
0.0355688
0.0326736
0.0294212
0.025836
0.0219458
0.0177807
0.0133725
0.00875465
0.00396311
-0.000963282
-0.00598282
-0.0110519
-0.0161266
-0.0211643
-0.0261246
-0.0309695
-0.0356624
-0.0401679
-0.0444513
-0.0484793
-0.0522349
-0.055713
-0.0588967
-0.0617724
-0.0643294
-0.0665588
-0.0684535
-0.0700076
-0.0712173
-0.0720812
-0.0726008
-0.0727811
-0.0726304
-0.0721594
-0.0713807
-0.0703079
-0.0689551
-0.0673376
-0.0654723
-0.0633783
-0.0610776
-0.0585947
-0.0559551
-0.0531842
-0.0503062
-0.0473439
-0.0443197
-0.0412568
-0.0381797
-0.0351143
-0.0320865
-0.0291215
-0.026242
-0.0234685
-0.0208195
-0.0183129
-0.015966
-0.0137959
-0.0118187
-0.0100485
-0.00849717
-0.00717377
-0.00608502
-0.00523542
-0.00462738
-0.00426108
-0.00413446
-0.00424327
-0.00458118
-0.00514006
-0.00590986
-0.00687859
-0.00803206
-0.00935403
-0.0108265
-0.0124302
-0.0141447
-0.0159485
-0.017819
-0.0197315
-0.0216599
-0.0235772
-0.0254563
-0.0272709
-0.0289959
-0.0306068
-0.0320797
-0.0333912
-0.0345179
-0.0354383
-0.0361324
-0.036583
-0.036775
-0.0366956
-0.036333
-0.0356777
-0.0347217
-0.0334603
-0.0318914
-0.0300164
-0.0278392
-0.0253666
-0.0226078
-0.0195749
-0.0162833
-0.0127514
-0.00900018
-0.00505251
-0.000932531
0.00333447
0.00772169
0.0122003
0.0167389
0.0213045
0.025862
0.0303764
0.0348125
0.0391359
0.0433125
0.047309
0.0510921
0.0546295
0.0578892
0.06084
0.0634519
0.0656961
0.0675459
0.0689769
0.0699683
0.0705029
0.0705669
0.0701498
0.0692436
0.0678428
0.0659445
0.063549
0.0606605
0.0572871
0.0534411
0.0491387
0.0443986
0.0392429
0.0336956
0.0277838
0.0215373
0.014989
0.00817481
0.00113389
-0.00609205
-0.0134591
-0.0209218
-0.0284341
-0.0359495
-0.0434217
-0.0508045
-0.0580514
-0.0651153
-0.0719489
-0.0785048
-0.084736
-0.0905973
-0.0960454
-0.10104
-0.105544
-0.109523
-0.112948
-0.11579
-0.118024
-0.119629
-0.120586
-0.120877
-0.12049
-0.119416
-0.117654
-0.115205
-0.112079
-0.10829
-0.103854
-0.0987937
-0.0931322
-0.086896
-0.0801151
-0.0728229
-0.0650567
-0.0568582
-0.0482733
-0.0393514
-0.0301453
-0.0207094
-0.0110998
-0.00137298
0.00841441
0.0182055
0.0279431
0.0375695
0.0470271
0.056258
0.0652054
0.0738136
0.0820293
0.0898011
0.0970807
0.103823
0.109986
0.115532
0.120426
0.124636
0.128135
0.130899
0.132909
0.134149
0.134612
0.134293
0.133192
0.131317
0.128677
0.125288
0.121167
0.116338
0.110828
0.104669
0.0978967
0.0905502
0.0826737
0.0743151
0.0655262
0.056362
0.0468796
0.0371374
0.0271945
0.0171103
0.00694455
-0.00324283
-0.0133916
-0.0234415
-0.0333331
-0.0430073
-0.0524061
-0.0614727
-0.0701513
-0.0783882
-0.0861325
-0.0933367
-0.0999571
-0.105954
-0.111292
-0.115939
-0.119867
-0.123051
-0.125471
-0.127113
-0.127966
-0.128026
-0.127291
-0.125766
-0.123457
-0.120377
-0.116543
-0.111978
-0.106705
-0.100755
-0.0941588
-0.0869531
-0.0791773
-0.0708749
-0.0620933
-0.0528826
-0.0432955
-0.0333856
-0.0232075
-0.0128163
-0.00226822
0.00838003
0.0190707
0.0297456
0.0403467
0.0508165
0.0610987
0.0711386
0.0808833
0.0902819
0.0992859
0.107849
0.115928
0.123483
0.130476
0.136876
0.142652
0.14778
0.152238
0.156006
0.15907
0.161418
0.163042
0.163939
0.16411
0.163559
0.162295
0.160331
0.157683
0.154372
0.150423
0.145863
0.140723
0.135038
0.128842
0.122175
0.115077
0.10759
0.0997596
0.0916319
0.083254
0.0746728
0.0659347
0.0570862
0.0481742
0.0392457
0.030348
0.0215277
0.0128296
0.00429651
-0.00403083
-0.0121136
-0.0199146
-0.027398
-0.0345303
-0.0412803
-0.0476195
-0.0535224
-0.058966
-0.0639299
-0.0683961
-0.0723498
-0.0757795
-0.0786772
-0.0810382
-0.0828606
-0.0841445
-0.0848923
-0.0851085
-0.0848002
-0.0839777
-0.0826547
-0.0808471
-0.0785731
-0.0758526
-0.0727065
-0.0691576
-0.0652302
-0.0609504
-0.0563457
-0.0514442
-0.0462748
-0.0408661
-0.0352474
-0.0294486
-0.0235
-0.0174328
-0.0112778
-0.00506559
0.00117419
0.00741271
0.0136218
0.0197739
0.025842
0.0318003
0.0376243
0.0432915
0.0487807
0.0540724
0.0591479
0.0639893
0.0685796
0.0729036
0.0769478
0.0807012
0.0841548
0.0873017
0.090136
0.0926529
0.0948487
0.0967213
0.0982704
0.0994975
0.100406
0.101
0.101286
0.10127
0.100959
0.100362
0.0994895
0.0983525
0.0969631
0.0953336
0.0934762
0.0914035
0.0891291
0.0866673
0.0840338
0.0812445
0.0783155
0.0752622
0.0720993
0.0688414
0.0655035
0.062101
0.0586498
0.0551659
0.0516646
0.0481605
0.0446677
0.0411999
0.0377708
0.034394
0.0310828
0.0278494
0.0247053
0.021661
0.0187266
0.0159122
0.0132274
0.0106812
0.00828169
0.00603565
0.00394882
0.00202643
0.000273586
-0.00130465
-0.00270364
-0.00391967
-0.00495033
-0.00579445
-0.00645163
-0.00692182
-0.00720502
-0.00730152
-0.0072123
-0.00693944
-0.00648621
-0.00585667
-0.0050553
-0.00408662
-0.00295528
-0.00166632
-0.00022547
0.00136074
0.00308521
0.00494058
0.00691939
0.00901392
0.0112159
0.0135161
0.0159046
0.0183709
0.0209047
0.0234958
0.0261347
0.0288115
0.0315162
0.0342376
0.0369641
0.0396843
0.0423869
0.0450614
0.0476978
0.0502862
0.0528167
0.0552789
0.0576626
0.0599582
0.0621565
0.0642488
0.0662269
0.0680826
0.069808
0.0713959
0.0728398
0.0741342
0.0752749
0.0762581
0.0770805
0.0777392
0.0782316
0.0785558
0.0787106
0.0786957
0.0785116
0.0781593
0.0776405
0.0769574
0.0761133
0.075112
0.0739584
0.0726581
0.071217
0.0696415
0.0679382
0.0661141
0.0641765
0.0621332
0.0599925
0.0577631
0.055454
0.0530744
0.0506339
0.0481419
0.0456083
0.0430428
0.0404558
0.0378573
0.0352578
0.0326678
0.0300974
0.027557
0.0250563
0.0226052
0.0202132
0.0178897
0.0156436
0.0134833
0.0114167
0.00945108
0.00759348
0.00585073
0.0042295
0.00273611
0.00137623
0.000154632
-0.00092486
-0.00185918
-0.00264573
-0.00328209
-0.0037661
-0.00409605
-0.00427098
-0.00429087
-0.00415652
-0.00386918
-0.00343031
-0.00284146
-0.0021046
-0.00122253
-0.000199202
0.000960317
0.00225028
0.00366486
0.00519861
0.00684644
0.00860321
0.0104631
0.0124192
0.0144635
0.0165872
0.0187814
0.0210376
0.0233476
0.0257035
0.0280971
0.0305196
0.032962
0.0354147
0.0378685
0.0403142
0.0427427
0.0451452
0.0475127
0.0498361
0.0521062
0.0543143
0.0564518
0.0585104
0.060482
0.0623589
0.0641334
0.0657984
0.0673446
0.0687347
0.069953
0.0709921
0.0718456
0.0725074
0.0729729
0.0732389
0.0733038
0.0731674
0.0728314
0.0722981
0.0715712
0.070655
0.0695554
0.0682794
0.0668354
0.0652329
0.0634824
0.0615951
0.0595824
0.0574562
0.0552289
0.0529136
0.0505239
0.0480738
0.0455774
0.0430489
0.0405024
0.0379517
0.0354101
0.0328907
0.0304061
0.027968
0.0255877
0.0232757
0.021042
0.0188955
0.0168445
0.014896
0.013056
0.011329
0.00971859
0.00822705
0.00685581
0.00560526
0.00447477
0.00346269
0.00256637
0.00178229
0.0011063
0.000533695
5.92462e-05
-0.000322845
-0.000619031
-0.000836413
-0.000982597
-0.00106545
-0.00109286
-0.00107252
-0.00101188
-0.000918142
-0.000798323
-0.000659213
-0.000507296
-0.000348625
-0.000188704
-3.24321e-05
0.000115902
0.000252603
0.000374564
0.000479293
0.000564948
0.000630363
0.000675034
0.000699081
0.000703191
0.000688568
0.000656898
0.000610328
0.000551414
0.000483068
0.000408476
0.000331017
0.000254189
0.000181553
0.000116675
6.30617e-05
2.4095e-05
2.96038e-06
0
0
0
0
0
0
0
0
0
0
0
0
0
0
0
0
0
0
0
0
0
0
0
0
0
0
0
0
0
0
0
0
0
0
0
0
0
0
0
0
0
0
0
0
0
0
0
0
0
0
0
0
0
0
0
0
0
0
0
0
0
0
0
0
0
0
0
0
0
0
0
0
0
0
0
0
0
0
0
0
0
0
0
0
0
0
0
0
0
0
0
0
0
0
0
0
0
0
0
0
0
0
0
0
0
0
0
0
0
0
0
0
0
0
0
0
0
0
0
0
0
0
0
0
0
0
0
0
0
0
0
0
0
0
0
0
0
0
0
0
0
0
0
0
0
0
0
0
0
0
0
0
0
0
0
0
0
0
0
0
0
0
0
0
0
0
0
0
0
0
0
0
0
0
0
0
0
0
0
0
0
0
0
0
0
0
0
0
0
0
0
0
0
0
0
0
0
0
0
0
0
0
0
0
0
0
0
0
0
0
0
0
0
0
0
0
0
0
0
0
0
0
0
0
0
0
0
0
0
0
0
0
0
0
0
0
0
0
0
0
0
0
0
0
0
0
0
0
0
0
0
0
0
0
0
0
0
0
0
0
0
0
0
0
0
0
0
0
0
0
0
0
0
0
0
0
0
0
0
0
0
0
0
0
0
0
0
0
0
0
0
0
0
0
0
0
0
0
0
0
0
0
0
0
0
0
0
0
0
0
0
0
0
0
0
0
0
0
0
0
0
0
0
0
0
0
0
0
0
0
0
0
0
1.2463e-05
0.000104675
0.000284339
0.000549416
0.000898831
0.00133262
0.00185203
0.00245957
0.0031589
0.00395473
0.00485276
0.00585979
0.00698386
0.00823434
0.00962173
0.0111574
0.012853
0.0147203
0.0167707
0.0190158
0.0214678
0.024139
0.0270414
0.0301867
0.0335852
0.0372462
0.0411776
0.0453862
0.0498774
0.0546541
0.059717
0.0650634
0.0706877
0.0765825
0.0827389
0.0891475
0.0957978
0.102677
0.109767
0.117049
0.124496
0.132084
0.139782
0.147563
0.155397
0.163254
0.171102
0.178909
0.186641
0.194262
0.201739
0.209038
0.216122
0.22296
0.229514
0.235754
0.241647
0.247164
0.25228
0.256973
0.261224
0.265017
0.268338
0.271173
0.273511
0.275341
0.276658
0.277462
0.277759
0.277562
0.276886
0.27575
0.27417
0.272166
0.269754
0.266957
0.263801
0.260317
0.256537
0.252499
0.248236
0.243783
0.239177
0.234454
0.229652
0.224808
0.219959
0.215139
0.21038
0.205714
0.201195
0.196941
0.192983
0.189339
0.186028
0.183061
0.180449
0.178199
0.176319
0.174813
0.173685
0.172934
0.172557
0.17255
0.172905
0.173623
0.174699
0.176129
0.177901
0.180001
0.182415
0.185127
0.188121
0.19138
0.194877
0.1986
0.202522
0.206621
0.210875
0.215256
0.219759
0.224367
0.22906
0.233812
0.238585
0.243356
0.248098
0.252792
0.257425
0.261977
0.266445
0.270813
0.275058
0.279156
0.283076
0.286808
0.290339
0.293664
0.296778
0.299673
0.302348
0.304796
0.307009
0.30898
0.310706
0.312181
0.3134
0.314363
0.315076
0.315555
0.315799
0.315817
0.315614
0.315192
0.314571
0.313731
0.312678
0.311422
0.309979
0.308396
0.306657
0.304768
0.302731
0.300544
0.298246
0.295806
0.293238
0.290557
0.28778
0.284962
0.282068
0.279103
0.276071
0.272981
0.269883
0.266753
0.263606
0.260452
0.2573
0.254187
0.251088
0.248008
0.244957
0.241945
0.238999
0.23611
0.23329
0.230548
0.227902
0.225365
0.222961
0.220705
0.218605
0.216665
0.214845
0.21318
0.211671
0.210326
0.209153
0.208094
0.207224
0.206543
0.206051
0.205744
0.20552
0.205477
0.205613
0.205927
0.206417
0.206953
0.20765
0.208498
0.209483
0.21059
0.211662
0.212818
0.214042
0.215314
0.216621
0.217811
0.218999
0.220161
0.22127
0.222298
0.223107
0.223777
0.224283
0.224595
0.224685
0.224461
0.223954
0.223136
0.221982
0.22047
0.218585
0.216297
0.213581
0.210413
0.206771
0.202728
0.198186
0.193139
0.187583
0.181513
0.175102
0.168169
0.16072
0.152766
0.144324
0.135674
0.126581
0.117065
0.107146
0.0968499
0.0865262
0.0758926
0.0649942
0.0538814
0.0426077
0.0315767
0.0204951
0.00941936
-0.00159222
-0.0124802
-0.0228515
-0.0329797
-0.0428034
-0.0522576
-0.0612728
-0.0695072
-0.0771562
-0.0841486
-0.0904175
-0.0959009
-0.100386
-0.103976
-0.106619
-0.108267
-0.108873
-0.108395
-0.106799
-0.104056
-0.100141
-0.0950325
-0.0888958
-0.0815486
-0.0729954
-0.0632502
-0.0523346
-0.0406346
-0.0278218
-0.0139316
0.000994669
0.0169073
0.0332296
0.0504135
0.0683858
0.087067
0.106372
0.12558
0.145225
0.165204
0.18541
0.205736
0.225403
0.244975
0.264346
0.283406
0.302038
0.3195
0.336296
0.352307
0.367421
0.381528
0.394034
0.405327
0.415306
0.423875
0.430943
0.436151
0.439697
0.441516
0.441547
0.439736
0.436039
0.430413
0.422829
0.413268
0.401724
0.38851
0.373338
0.356239
0.337254
0.316435
0.294437
0.270733
0.245398
0.218515
0.190179
0.161326
0.131246
0.100068
0.067931
0.0349814
0.00233726
-0.0308166
-0.0643227
-0.0980172
-0.131732
-0.164307
-0.196563
-0.228331
-0.259442
-0.289725
-0.318132
-0.34537
-0.371274
-0.395689
-0.418473
-0.438863
-0.457372
-0.473886
-0.488295
-0.500492
-0.510091
-0.517304
-0.522067
-0.524334
-0.524074
-0.521374
-0.516116
-0.5083
-0.497947
-0.485091
-0.470304
-0.453131
-0.433648
-0.411937
-0.388094
-0.363101
-0.336209
-0.30756
-0.277307
-0.245613
-0.213761
-0.180791
-0.146864
-0.112154
-0.0768473
-0.0423693
-0.00770061
0.0269506
0.0613784
0.0953829
0.127613
0.159043
0.189492
0.218781
0.24673
0.272236
0.296061
0.318044
0.338036
0.355899
0.370954
0.383654
0.393911
0.401651
0.40681
0.409239
0.408989
0.40603
0.40035
0.39196
0.381282
0.367978
0.35211
0.333751
0.312982
0.290724
0.266246
0.239666
0.211121
0.180764
0.149923
0.117602
0.0839743
0.0492192
0.0135237
-0.0215843
-0.057238
-0.0932325
-0.129359
-0.165406
-0.199852
-0.233806
-0.267066
-0.299433
-0.330711
-0.359608
-0.387054
-0.412888
-0.436958
-0.459121
-0.478502
-0.495711
-0.510626
-0.523136
-0.533143
-0.54031
-0.544836
-0.546682
-0.545832
-0.542281
-0.5363
-0.527655
-0.516385
-0.502542
-0.4862
-0.468186
-0.447868
-0.425365
-0.400805
-0.374327
-0.347186
-0.318424
-0.288207
-0.256714
-0.224134
-0.191984
-0.159143
-0.125805
-0.092164
-0.0584168
-0.0260979
0.00593226
0.0374752
0.0683341
0.0983186
0.126087
0.152639
0.177822
0.201492
0.223511
0.24292
0.260423
0.275908
0.289274
0.300439
0.308957
0.315159
0.319012
0.320504
0.319636
0.31653
0.311104
0.30339
0.293436
0.281297
0.26761
0.251895
0.234255
0.214809
0.193685
0.171942
0.1488
0.124401
0.0988913
0.0724194
0.0462648
0.0194601
-0.00783219
-0.0354449
-0.063209
-0.0898015
-0.116219
-0.142309
-0.167925
-0.192927
-0.216162
-0.238519
-0.259874
-0.280108
-0.299113
-0.316054
-0.331585
-0.345636
-0.358146
-0.369064
-0.377979
-0.385224
-0.390773
-0.394611
-0.39674
-0.397198
-0.395979
-0.393116
-0.388652
-0.382638
-0.375524
-0.36699
-0.357114
-0.345977
-0.333668
-0.320933
-0.307215
-0.292614
-0.277238
-0.2612
-0.245405
-0.229177
-0.212627
-0.195863
-0.178991
-0.162902
-0.146916
-0.131139
-0.115672
-0.10061
-0.0866876
-0.0733421
-0.0606501
-0.0486821
-0.0375025
-0.0275765
-0.0185483
-0.0104611
-0.00334899
0.0027615
0.00773039
0.0116624
0.0145505
0.0163985
0.0172227
0.0172123
0.0162387
0.0143408
0.0115602
0.00794113
0.0039183
-0.000845105
-0.00629299
-0.0123638
-0.0189917
-0.0255929
-0.0326152
-0.0399906
-0.0476515
-0.0555304
-0.0630318
-0.0706155
-0.0782161
-0.0857721
-0.093225
-0.100094
-0.106743
-0.113117
-0.119167
-0.124858
-0.129935
-0.134598
-0.138825
-0.142593
-0.14588
-0.148687
-0.150966
-0.152702
-0.153894
-0.154554
-0.154979
-0.154897
-0.154311
-0.153223
-0.151643
-0.150073
-0.148046
-0.145589
-0.142738
-0.139529
-0.136607
-0.133381
-0.129877
-0.12612
-0.122146
-0.118616
-0.114944
-0.111162
-0.107292
-0.103356
-0.0998846
-0.0963964
-0.0929292
-0.0895246
-0.0862229
-0.0833589
-0.0806699
-0.0781836
-0.0759193
-0.073892
-0.0721319
-0.0706589
-0.0695035
-0.0686858
-0.0682131
-0.0677852
-0.0677112
-0.0679755
-0.0685631
-0.0694723
-0.0701177
-0.0710921
-0.0723954
-0.0740119
-0.0759112
-0.0772798
-0.0788762
-0.0806759
-0.0826512
-0.08477
-0.0861547
-0.0876293
-0.089156
-0.0906902
-0.0921843
-0.0928256
-0.0933709
-0.0937989
-0.094093
-0.0942365
-0.0936265
-0.0928358
-0.0918388
-0.0906178
-0.0891679
-0.0871708
-0.0849734
-0.0825894
-0.0800327
-0.077313
-0.0743756
-0.0712707
-0.0679956
-0.064563
-0.061001
-0.0575124
-0.0539441
-0.0503179
-0.0466559
-0.0429804
-0.0396267
-0.0362723
-0.0329344
-0.0296378
-0.0264106
-0.0236456
-0.0209574
-0.0183552
-0.0158505
-0.0134581
-0.0115342
-0.00971489
-0.00800922
-0.00642598
-0.00497246
-0.00391428
-0.00295876
-0.00210411
-0.00134828
-0.000688927
-0.000286881
4.97695e-05
0.00032531
0.000544226
0.000711012
0.000751485
0.000762559
0.000748469
0.000714379
0.000665726
0.000584579
0.000501992
0.000420223
0.00034169
0.00026887
0.000205321
0.00015
0.000103691
6.68097e-05
3.91551e-05
2.36634e-05
1.26764e-05
5.512e-06
1.54458e-06
