0
0
0
0
0
0
0
0
0
0
0
0
0
0
0
0
0
0
0
0
0
0
0
0
0
0
0
0
0
0
0
0
0
0
0
0
0
0
0
0
0
0
0
0
0
0
0
0
0
0
0
0
0
0
0
0
0
0
0
0
0
0
0
0
0
0
0
0
0
0
0
0
0
0
0
0
0
0
0
0
0
0
0
0
0
0
0
0
0
0
0
0
0
0
0
0
0
0
0
0
0
0
0
0
0
0
0
0
0
0
0
0
0
0
0
0
0
0
0
0
0
0
0
0
0
0
0
0
0
0
0
0
0
0
0
0
0
0
0
0
0
0
0
0
0
0
0
0
0
0
0
0
0
0
0
0
0
0
0
0
0
0
0
0
0
0
0
0
0
0
0
0
0
0
0
0
0
0
0
0
0
0
0
0
0
0
0
0
0
0
0
0
0
0
0
0
0
0
0
0
0
0
0
0
0
0
0
0
0
0
0
0
0
0
0
0
0
0
0
0
0
0
0
0
0
0
0
0
0
0
0
0
0
0
0
0
0
0
0
0
0
0
0
0
0
0
0
0
0
0
0
0
0
0
0
0
0
0
0
0
0
0
0
0
0
0
0
0
0
0
0
0
0
0
0
0
0
0
0
0
0
0
0
0
0
0
0
0
0
0
0
0
0
0
0
0
0
0
0
0
0
0
0
0
0
0
0
0
0
0
0
0
0
0
0
0
0
0
0
0
0
0
-3.72061e-08
-1.60743e-06
-5.96279e-06
-1.37151e-05
-2.54194e-05
-4.1564e-05
-6.25619e-05
-8.87423e-05
-0.000120346
-0.000157523
-0.00020033
-0.000248726
-0.000302563
-0.000361574
-0.000425373
-0.000493456
-0.000565212
-0.000639934
-0.000716826
-0.000795009
-0.000873512
-0.00095128
-0.00102718
-0.0011
-0.0011685
-0.00123137
-0.00128726
-0.00133479
-0.00137259
-0.00139934
-0.00141377
-0.00141469
-0.001401
-0.00137159
-0.00132545
-0.00126159
-0.00117918
-0.00107754
-0.000956176
-0.00081477
-0.000653154
-0.000471289
-0.000269287
-4.74491e-05
0.000193689
0.000453352
0.000730551
0.00102412
0.00133274
0.00165492
0.001989
0.00233312
0.00268528
0.00304335
0.00340519
0.0037686
0.00413133
0.00449096
0.00484489
0.00519041
0.00552474
0.00584526
0.00614948
0.00643512
0.00669995
0.00694176
0.00715828
0.00734724
0.00750646
0.00763404
0.00772836
0.0077882
0.00781266
0.00780115
0.00775338
0.00766933
0.00754921
0.00739341
0.00720248
0.00697708
0.00671804
0.00642642
0.00610367
0.00575158
0.00537228
0.00496816
0.00454166
0.00409528
0.0036315
0.00315291
0.00266239
0.00216387
0.00166022
0.00115385
0.000647147
0.000142306
-0.000358646
-0.000853785
-0.00134117
-0.00181878
-0.00228449
-0.00273621
-0.00317197
-0.00359
-0.00398871
-0.00436668
-0.00472256
-0.00505506
-0.00536303
-0.00564548
-0.00590158
-0.00613063
-0.00633192
-0.00650465
-0.006648
-0.00676127
-0.00684408
-0.00689646
-0.00691885
-0.00691186
-0.00687603
-0.00681176
-0.00671934
-0.00659921
-0.00645217
-0.00627948
-0.00608272
-0.00586355
-0.00562348
-0.00536379
-0.00508564
-0.00479033
-0.00447941
-0.00415472
-0.00381826
-0.00347198
-0.00311768
-0.00275705
-0.00239178
-0.00202362
-0.0016544
-0.0012859
-0.000919767
-0.000557466
-0.000200371
0.000150111
0.000492472
0.000825172
0.00114681
0.00145629
0.00175287
0.00203603
0.00230528
0.00255995
0.00279919
0.0030221
0.00322799
0.00341652
0.00358779
0.00374217
0.00388019
0.00400233
0.00410898
0.00420052
0.00427735
0.00433997
0.00438905
0.00442538
0.00444994
0.00446383
0.00446821
0.00446421
0.00445276
0.00443455
0.00441005
0.00437965
0.00434391
0.00430367
0.00425998
0.00421399
0.00416669
0.00411872
0.00407037
0.00402177
0.00397301
0.00392437
0.00387625
0.00382908
0.00378314
0.00373845
0.00369479
0.00365178
0.00360897
0.00356592
0.00352217
0.00347719
0.00343033
0.00338087
0.00332803
0.00327112
0.00320949
0.0031426
0.00306983
0.00299044
0.00290355
0.00280818
0.00270337
0.00258836
0.00246261
0.00232579
0.00217762
0.00201772
0.0018455
0.00166028
0.00146144
0.00124867
0.00102207
0.000782182
0.000529732
0.000265424
-1.02164e-05
-0.000296811
-0.000593944
-0.00090093
-0.00121669
-0.00153975
-0.00186846
-0.00220111
-0.00253604
-0.0028716
-0.00320602
-0.00353734
-0.00386347
-0.0041822
-0.00449139
-0.00478889
-0.0050725
-0.00533981
-0.00558821
-0.00581503
-0.00601776
-0.00619423
-0.00634263
-0.00646131
-0.00654854
-0.0066023
-0.00662033
-0.00660047
-0.0065409
-0.00644046
-0.0062985
-0.00611475
-0.00588891
-0.0056206
-0.00530934
-0.00495484
-0.00455722
-0.00411716
-0.00363588
-0.003115
-0.00255634
-0.0019619
-0.0013338
-0.000674402
1.36837e-05
0.000727572
0.00146409
0.00221979
0.00299088
0.00377326
0.00456253
0.00535413
0.00614347
0.00692596
0.00769707
0.00845225
0.00918681
0.00989592
0.0105747
0.011218
0.011821
0.0123789
0.0128869
0.0133409
0.0137368
0.0140708
0.0143398
0.0145406
0.0146702
0.0147255
0.0147037
0.0146024
0.01442
0.0141558
0.0138098
0.0133826
0.0128747
0.0122867
0.0116193
0.0108737
0.0100518
0.00915676
0.0081927
0.00716422
0.00607613
0.00493312
0.00373983
0.00250116
0.00122256
-8.9714e-05
-0.00142867
-0.00278677
-0.00415628
-0.00552948
-0.0068988
-0.00825684
-0.00959626
-0.0109096
-0.0121892
-0.0134273
-0.0146156
-0.0157462
-0.0168113
-0.0178037
-0.0187168
-0.0195449
-0.0202824
-0.0209241
-0.0214649
-0.0218995
-0.0222234
-0.0224324
-0.0225236
-0.0224948
-0.0223449
-0.0220735
-0.0216805
-0.0211664
-0.0205321
-0.0197791
-0.0189096
-0.0179265
-0.0168339
-0.0156363
-0.0143393
-0.0129491
-0.0114724
-0.00991623
-0.00828805
-0.00659545
-0.00484638
-0.00304928
-0.00121316
0.000652417
0.00253748
0.00443181
0.0063252
0.00820748
0.0100687
0.0118989
0.0136884
0.0154278
0.0171078
0.0187193
0.0202534
0.0217014
0.0230547
0.024305
0.0254446
0.0264665
0.0273644
0.0281329
0.0287675
0.0292648
0.0296219
0.0298372
0.0299097
0.0298396
0.0296276
0.0292755
0.0287853
0.02816
0.0274033
0.0265195
0.0255139
0.0243922
0.0231608
0.0218266
0.0203968
0.0188793
0.0172825
0.0156149
0.0138859
0.0121046
0.0102808
0.00842392
0.00654398
0.00465091
0.0027547
0.000865249
-0.00100774
-0.00285484
-0.00466689
-0.00643498
-0.00815041
-0.00980477
-0.01139
-0.0128987
-0.0143237
-0.0156589
-0.0168984
-0.018037
-0.0190702
-0.019994
-0.020805
-0.0215006
-0.0220787
-0.022538
-0.0228776
-0.0230975
-0.0231984
-0.0231813
-0.0230483
-0.0228019
-0.0224451
-0.0219815
-0.0214151
-0.0207504
-0.0199925
-0.0191469
-0.0182194
-0.0172163
-0.0161441
-0.0150096
-0.0138197
-0.0125817
-0.0113027
-0.00999025
-0.00865155
-0.00729397
-0.00592485
-0.00455149
-0.00318114
-0.00182087
-0.000477555
0.000842208
0.00213212
0.00338618
0.00459871
0.00576438
0.00687822
0.00793572
0.00893276
0.00986562
0.010731
0.0115261
0.0122484
0.0128961
0.0134678
0.0139625
0.0143797
0.0147194
0.0149817
0.0151674
0.0152777
0.015314
0.0152785
0.0151734
0.0150015
0.0147655
0.0144688
0.0141147
0.013707
0.0132496
0.0127463
0.0122014
0.0116191
0.0110036
0.0103594
0.00969109
0.00900309
0.00829984
0.00758563
0.00686464
0.006141
0.00541879
0.004702
0.00399445
0.00329971
0.00262073
0.00196045
0.00132248
0.000710194
0.000126716
-0.000425175
-0.000943115
-0.00142516
-0.00186972
-0.00227551
-0.00264145
-0.00296678
-0.0032511
-0.00349445
-0.0036973
-0.00386047
-0.00398499
-0.00407202
-0.00412285
-0.00413893
-0.00412197
-0.00407395
-0.00399705
-0.00389357
-0.00376589
-0.00361642
-0.0034476
-0.00326196
-0.00306201
-0.00285024
-0.00262905
-0.00240072
-0.00216742
-0.00193129
-0.00169441
-0.00145882
-0.00122637
-0.000998721
-0.000777325
-0.000563461
-0.00035831
-0.000162985
2.14979e-05
0.000194278
0.000354708
0.000502356
0.000636963
0.000758384
0.00086656
0.000961531
0.00104348
0.00111275
0.00116981
0.00121521
0.00124949
0.00127316
0.00128675
0.00129086
0.00128619
0.00127354
0.00125373
0.00122755
0.00119573
0.00115892
0.00111779
0.00107305
0.00102545
0.00097573
0.000924563
0.000872547
0.000820216
0.000768077
0.000716643
0.000666431
0.000617916
0.000571497
0.000527481
0.000486118
0.000447646
0.00041233
0.000380462
0.00035232
0.000328118
0.000307993
0.000292015
0.000280237
0.000272731
0.000269599
0.000270745
0.000276021
0.000285258
0.000298171
0.00031451
0.000333977
0.000355692
0.000379825
0.000405927
0.000433472
0.000461875
0.000490126
0.000518018
0.000544937
0.000570266
0.00059338
0.000613495
0.000630194
0.000642945
0.000651295
0.000654875
0.000653484
0.000646805
0.000634702
0.000617128
0.000594141
0.000566192
0.000533237
0.000495656
0.000453935
0.000408667
0.000360876
0.000310964
0.000259824
0.000208416
0.000157751
0.000109042
6.30865e-05
2.09896e-05
-1.61399e-05
-4.72092e-05
-7.13558e-05
-8.75486e-05
-9.48619e-05
-9.24553e-05
-7.95927e-05
-5.62918e-05
-2.1627e-05
2.47074e-05
8.28456e-05
0.000152742
0.000233188
0.000324582
0.000426296
0.000537498
0.000657162
0.000783057
0.000914712
0.00105057
0.00118891
0.00132781
0.00146466
0.00159781
0.001725
0.00184393
0.00195226
0.00204815
0.00212879
0.00219191
0.00223531
0.00225689
0.0022568
0.00223128
0.00217874
0.00209786
0.0019876
0.00185118
0.00168432
0.0014869
0.00125911
0.00100148
0.000720628
0.000412127
7.76045e-05
-0.000280909
-0.000661019
-0.00105302
-0.0014609
-0.00188147
-0.0023113
-0.00274838
-0.00318373
-0.00362202
-0.00406057
-0.00449658
-0.00492716
-0.00534279
-0.00574703
-0.00613688
-0.00650936
-0.00686157
-0.00718591
-0.00748426
-0.00775374
-0.00799153
-0.00819485
-0.00835922
-0.00848421
-0.00856769
-0.00860775
-0.00860264
-0.0085524
-0.00845399
-0.00830624
-0.00810831
-0.00785966
-0.00756559
-0.00722059
-0.00682495
-0.00637928
-0.00588456
-0.00535132
-0.00477198
-0.00414846
-0.00348294
-0.00277788
-0.0020482
-0.00128477
-0.000491022
0.000329342
0.00117236
0.00202012
0.00288218
0.00375412
0.00463135
0.00550901
0.00636839
0.00721818
0.00805334
0.00886882
0.00965959
0.0104088
0.0111232
0.0117979
0.0124282
0.0130093
0.013529
0.0139911
0.0143916
0.0147269
0.0149935
0.0151854
0.015303
0.0153439
0.0153065
0.0151892
0.0149941
0.0147173
0.0143587
0.0139185
0.0133976
0.0128065
0.0121376
0.011393
0.0105751
0.00968721
0.00874746
0.00774524
0.00668495
0.00557134
0.00440944
0.00322306
0.00199935
0.000744329
-0.000535624
-0.00183391
-0.00312376
-0.00441858
-0.0057117
-0.00699632
-0.00826556
-0.00949333
-0.0106918
-0.0118542
-0.0129739
-0.0140445
-0.0150445
-0.0159835
-0.0168561
-0.0176569
-0.0183809
-0.0190138
-0.0195613
-0.02002
-0.0203865
-0.0206582
-0.0208299
-0.0209029
-0.020876
-0.0207486
-0.0205207
-0.0201976
-0.0197754
-0.0192557
-0.0186404
-0.0179322
-0.0171463
-0.0162743
-0.0153205
-0.0142894
-0.0131863
-0.012034
-0.0108208
-0.00955275
-0.00823625
-0.00687814
-0.00550659
-0.00410783
-0.00268937
-0.0012588
0.000176237
0.00158644
0.00298615
0.00436814
0.00572537
0.00705095
0.00831858
0.00954148
0.0107134
0.0118285
0.0128808
0.0138501
0.0147466
0.0155658
0.0163041
0.0169581
0.0175164
0.0179853
0.0183632
0.0186486
0.0188406
0.0189373
0.0189403
0.0188503
0.0186683
0.0183963
0.0180421
0.017603
0.0170823
0.0164836
0.0158107
0.0150794
0.0142823
0.0134242
0.0125103
0.0115462
0.0105539
0.00952339
0.00846055
0.00737124
0.00626133
0.00515468
0.0040393
0.00292128
0.00180675
0.000701789
-0.000370144
-0.00142106
-0.00244573
-0.00343927
-0.0043971
-0.00529996
-0.00615879
-0.00696972
-0.00772902
-0.00843323
-0.00906856
-0.00964332
-0.0101557
-0.0106046
-0.010989
-0.011303
-0.0115513
-0.0117336
-0.0118497
-0.0119001
-0.0118855
-0.011808
-0.0116695
-0.0114726
-0.0112195
-0.0109174
-0.0105639
-0.010162
-0.0097145
-0.00922506
-0.00870579
-0.00815223
-0.00756833
-0.00695797
-0.00632501
-0.00568381
-0.00502746
-0.00435971
-0.00368433
-0.00300517
-0.00233728
-0.00167313
-0.00101622
-0.000369781
0.000263212
0.000869579
0.00145718
0.00202355
0.00256635
0.0030834
0.00356428
0.00401585
0.00443676
0.00482588
0.00518228
0.00549939
0.00578268
0.006032
0.00624743
0.00642918
0.00657446
0.00668664
0.00676619
0.00681384
0.00683069
0.00681772
0.00677696
0.00670997
0.0066182
0.00650299
0.00636735
0.00621108
0.00603593
0.00584386
0.00563691
0.00542014
0.00519208
0.00495424
0.00470801
0.00445485
0.00420017
0.00394168
0.00368092
0.00341936
0.00315829
0.00290295
0.00265035
0.00240143
0.00215701
0.00191776
0.00168803
0.0014645
0.00124764
0.00103787
0.000835591
0.000644382
0.000461048
0.000285515
0.000117574
-4.30437e-05
-0.000193762
-0.000337624
-0.000474821
-0.000605574
-0.000730184
-0.000846561
-0.000957669
-0.00106403
-0.00116618
-0.0012646
-0.00135738
-0.00144715
-0.00153415
-0.0016186
-0.00170075
-0.00177861
-0.00185475
-0.00192945
-0.00200289
-0.0020751
-0.00214373
-0.00221097
-0.00227671
-0.00234088
-0.00240332
-0.00246162
-0.00251765
-0.00257103
-0.00262131
-0.0026681
-0.00270914
-0.00274595
-0.00277803
-0.00280471
-0.00282522
-0.00283754
-0.00284238
-0.00283934
-0.00282817
-0.00280849
-0.00277951
-0.00274073
-0.00269134
-0.00263061
-0.00255808
-0.00247467
-0.00237931
-0.00227201
-0.00215264
-0.00202092
-0.00187915
-0.00172453
-0.00155709
-0.00137704
-0.00118473
-0.000984718
-0.000773305
-0.000550974
-0.000318279
-7.5855e-05
0.000170159
0.000424501
0.000686434
0.000955139
0.00122965
0.00150248
0.0017787
0.00205702
0.0023362
0.00261514
0.00288619
0.00315491
0.0034201
0.0036804
0.00393438
0.00417444
0.00440549
0.00462638
0.00483609
0.00503358
0.0052128
0.00537761
0.00552695
0.00565982
0.00577535
0.00586963
0.00594508
0.00600104
0.00603693
0.00605235
0.00604621
0.00601921
0.0059713
0.00590241
0.00581248
0.00570321
0.00557299
0.0054222
0.00525143
0.00506143
0.00485718
0.00463517
0.00439604
0.00414051
0.00386943
0.00359024
0.00329793
0.00299391
0.00267956
0.00235617
0.0020327
0.00170248
0.00136675
0.00102689
0.000684441
0.000349453
1.49065e-05
-0.0003178
-0.000647324
-0.000972318
-0.00128306
-0.00158643
-0.00188074
-0.00216357
-0.00243319
-0.00268084
-0.00291238
-0.00312646
-0.00332178
-0.00349713
-0.00364618
-0.00377357
-0.00387884
-0.00396174
-0.00402214
-0.00405703
-0.00406939
-0.00405936
-0.00402728
-0.00397379
-0.00389934
-0.00380538
-0.00369299
-0.00356328
-0.00341738
-0.00325829
-0.0030854
-0.00290012
-0.00270398
-0.00249862
-0.00228923
-0.00207386
-0.00185419
-0.00163193
-0.00140874
-0.00119066
-0.000974505
-0.000761638
-0.000553364
-0.000350939
-0.000160233
2.25254e-05
0.000196286
0.000360131
0.000513291
0.000650932
0.000777066
0.000891318
0.000993412
0.00108317
0.00115718
0.0012191
0.00126908
0.00130732
0.00133413
0.00134756
0.00135066
0.00134401
0.00132828
0.00130419
0.00127109
0.00123126
0.00118546
0.00113447
0.0010791
0.00101955
0.00095734
0.000893252
0.000828029
0.000762372
0.000696814
0.000632125
0.000568891
0.000507654
0.000448897
0.000393134
0.000340609
0.000291617
0.000246388
0.000205092
0.000167952
0.00013486
0.00010581
8.07369e-05
5.95262e-05
4.20658e-05
2.80601e-05
1.72636e-05
9.39237e-06
4.12937e-06
1.13223e-06
2.67905e-08
0
0
0
0
0
0
0
0
0
0
0
0
0
0
0
0
0
0
0
0
0
0
0
0
0
0
0
0
0
0
0
0
0
0
0
0
0
0
0
0
0
0
0
0
0
0
0
0
0
0
0
0
0
0
0
0
0
0
0
0
0
0
0
0
0
0
0
0
0
0
0
0
0
0
0
0
0
0
0
0
0
0
0
0
0
0
0
0
0
0
0
0
0
0
0
0
0
0
0
0
0
0
0
0
0
0
0
0
0
0
0
0
0
0
0
0
0
0
0
0
0
0
0
0
0
0
0
0
0
0
0
0
0
0
0
0
0
0
0
0
0
0
0
0
0
0
0
0
0
0
0
0
0
0
0
0
0
0
0
0
0
0
0
0
0
0
0
0
0
0
0
0
0
0
0
0
0
0
0
0
0
0
0
0
0
0
0
0
0
0
0
0
0
0
0
0
0
0
0
0
0
0
0
0
0
0
0
0
0
0
0
0
0
0
0
0
0
0
0
0
0
0
0
0
0
0
0
0
0
0
0
0
0
0
0
0
0
0
0
0
0
0
0
0
0
0
0
0
0
0
0
0
0
0
0
0
0
0
0
0
0
0
0
0
0
0
0
0
0
0
0
0
0
0
0
0
0
0
0
0
0
0
0
0
0
0
0
0
0
0
0
0
0
0
0
0
0
0
0
0
0
0
0
0
0
0
0
0
0
0
0
0
0
0
0
0
0
0
0
0
0
0
