0
0
0
0
0
0
0
0
0
0
0
0
0
0
0
0
0
0
0
0
0
-0
-0
-0
-0
-0
-0
-0
-0
-0
-0
-0
-0
-0
-0
-0
-0
-0
-0
-0
-0
-0
-0
-0
-0
-0
-0
-0
-0
-0
-0
-0
-0
-0
-0
-0
-0
0
0
0
0
0
0
0
0
0
0
0
0
0
0
0
0
0
0
0
0
0
0
0
0
0
0
0
0
0
0
0
0
0
0
0
0
0
0
0
0
0
0
0
0
-0
-0
-0
-0
-0
-0
-0
-0
-0
-0
-0
-0
-0
-0
-0
-0
-0
-0
-0
-0
-0
-0
-0
-0
-0
-0
-0
-0
-0
-0
-0
-0
-0
-0
-0
-0
-0
-0
-0
-0
-0
-0
-0
-0
-0
-0
-0
0
0
0
0
0
0
0
0
0
0
0
0
0
0
0
0
0
0
-0
-0
-0
-0
-0
-0
-0
-0
-0
-0
-0
-0
-0
-0
-0
-0
-0
-0
-0
-0
-0
-0
-0
-0
-0
0
0
0
0
0
0
0
0
0
0
0
0
0
0
0
0
0
0
0
0
0
0
0
0
0
0
0
0
0
0
0
0
0
0
0
0
0
0
0
0
0
-0
-0
-0
-0
-5.33375e-06
-2.66889e-05
-7.13427e-05
-0.000146321
-0.000258248
-0.000413183
-0.000616451
-0.000872449
-0.00118448
-0.00155459
-0.00198353
-0.00247062
-0.00301379
-0.00360945
-0.00425243
-0.00493594
-0.00565154
-0.00638922
-0.00713747
-0.0078835
-0.00861334
-0.00931199
-0.00996362
-0.0105517
-0.0110592
-0.0114685
-0.0117619
-0.0119214
-0.0119289
-0.0117672
-0.0114201
-0.0108735
-0.0101153
-0.0091356
-0.00792646
-0.00648181
-0.00479752
-0.00287203
-0.00070696
0.00169243
0.00431726
0.0071555
0.0101926
0.0134116
0.0167932
0.0203152
0.0239521
0.027675
0.0314528
0.0352519
0.0390377
0.042774
0.0464232
0.049946
0.0533019
0.0564501
0.0593509
0.0619659
0.0642592
0.0661964
0.0677452
0.0688753
0.0695593
0.0697732
0.0694968
0.0687138
0.0674112
0.0655798
0.0632146
0.0603159
0.0568905
0.0529518
0.0485188
0.0436147
0.0382656
0.0324995
0.0263475
0.0198448
0.0130326
0.00595781
-0.00132753
-0.00876852
-0.0163095
-0.0238956
-0.0314726
-0.0389866
-0.046383
-0.053606
-0.0605997
-0.0673092
-0.0737088
-0.0797782
-0.085485
-0.090799
-0.0956917
-0.100135
-0.104103
-0.107571
-0.11052
-0.112935
-0.114807
-0.116127
-0.116889
-0.11709
-0.116725
-0.115794
-0.114301
-0.112258
-0.109679
-0.106582
-0.102987
-0.0989124
-0.0943773
-0.0894032
-0.0840154
-0.0782438
-0.0721222
-0.0656866
-0.0589739
-0.0520203
-0.0448625
-0.0375374
-0.0300839
-0.022542
-0.0149528
-0.007357
0.000205686
0.00769679
0.0150787
0.0223141
0.0293657
0.0361968
0.0427712
0.0490548
0.0550157
0.0606247
0.0658557
0.0706848
0.0750908
0.0790549
0.0825614
0.0855977
0.0881553
0.0902294
0.0918186
0.0929242
0.093549
0.0936966
0.0933717
0.0925807
0.0913322
0.089638
0.0875129
0.0849743
0.0820416
0.0787363
0.0750815
0.0711024
0.0668262
0.0622809
0.0574945
0.0524944
0.0473067
0.0419572
0.036472
0.0308784
0.0252046
0.0194794
0.0137307
0.00798538
0.00226916
-0.0033927
-0.00897517
-0.0144536
-0.0198045
-0.0250064
-0.0300404
-0.0348902
-0.0395406
-0.0439776
-0.0481879
-0.0521594
-0.0558815
-0.0593454
-0.0625437
-0.0654695
-0.0681161
-0.0704769
-0.0725462
-0.0743198
-0.075796
-0.0769749
-0.077858
-0.0784475
-0.0787462
-0.0787578
-0.0784873
-0.0779411
-0.0771264
-0.0760508
-0.074721
-0.0731438
-0.0713259
-0.0692749
-0.0669998
-0.0645102
-0.0618159
-0.0589266
-0.0558513
-0.052599
-0.0491789
-0.0456008
-0.0418751
-0.0380121
-0.0340222
-0.0299158
-0.0257044
-0.0214
-0.0170155
-0.0125633
-0.00805551
-0.00350314
0.00108271
0.00568992
0.0103045
0.0149105
0.0194907
0.0240279
0.0285054
0.0329073
0.0372177
0.04142
0.0454966
0.0494295
0.0532003
0.056791
0.0601842
0.0633619
0.0663057
0.0689964
0.0714144
0.0735407
0.0753575
0.0768477
0.0779954
0.0787854
0.0792027
0.0792337
0.0788657
0.0780876
0.0768899
0.0752647
0.0732049
0.0707056
0.0677636
0.0643789
0.0605542
0.0562951
0.0516093
0.0465069
0.0409995
0.0351011
0.0288276
0.0221976
0.0152319
0.00795355
0.00038843
-0.00743474
-0.0154839
-0.0237237
-0.0321161
-0.0406211
-0.049198
-0.0578053
-0.0664012
-0.0749427
-0.0833857
-0.0916847
-0.0997931
-0.107664
-0.115249
-0.122501
-0.129373
-0.135817
-0.141786
-0.147236
-0.152125
-0.156414
-0.160066
-0.163049
-0.165332
-0.166885
-0.167684
-0.167704
-0.166928
-0.165339
-0.162926
-0.159682
-0.155605
-0.150698
-0.144968
-0.138429
-0.131099
-0.122999
-0.114153
-0.10459
-0.0943437
-0.0834528
-0.0719606
-0.059915
-0.0473677
-0.0343741
-0.020993
-0.00728639
0.00668031
0.0208392
0.0351207
0.0494542
0.0637686
0.0779926
0.0920547
0.105883
0.119404
0.132545
0.145235
0.157401
0.168974
0.179884
0.190065
0.199457
0.208
0.21564
0.22233
0.228025
0.232687
0.236282
0.238782
0.240161
0.240402
0.239489
0.237414
0.234173
0.229769
0.224211
0.217516
0.209708
0.200816
0.190877
0.179932
0.168031
0.155228
0.141582
0.127159
0.112024
0.0962489
0.079905
0.0630672
0.0458135
0.0282255
0.0103883
-0.00761129
-0.0256848
-0.0437434
-0.0616976
-0.0794572
-0.0969312
-0.114029
-0.13066
-0.146739
-0.162181
-0.176908
-0.190844
-0.20392
-0.21607
-0.227234
-0.237361
-0.246404
-0.254325
-0.261092
-0.26668
-0.271066
-0.274238
-0.276187
-0.276914
-0.276426
-0.274737
-0.271863
-0.267831
-0.262669
-0.256413
-0.249104
-0.240789
-0.231518
-0.221348
-0.210338
-0.198549
-0.186047
-0.172902
-0.159185
-0.144971
-0.130336
-0.115356
-0.100106
-0.0846638
-0.0691054
-0.0535075
-0.0379463
-0.0224968
-0.0072318
0.00777805
0.022465
0.0367639
0.0506127
0.0639522
0.0767269
0.0888852
0.10038
0.111168
0.121213
0.130479
0.138939
0.146569
0.153348
0.159262
0.164302
0.168464
0.171747
0.174155
0.175696
0.176384
0.176233
0.175266
0.173507
0.170985
0.167732
0.163784
0.159176
0.153947
0.148139
0.141794
0.13496
0.127683
0.120012
0.111996
0.103684
0.0951248
0.0863659
0.0774551
0.0684395
0.0593654
0.0502778
0.0412198
0.0322334
0.0233588
0.0146343
0.00609664
-0.00222026
-0.010285
-0.018069
-0.0255462
-0.032693
-0.0394878
-0.0459117
-0.0519484
-0.0575845
-0.0628097
-0.0676165
-0.0719999
-0.0759573
-0.0794883
-0.0825949
-0.0852815
-0.0875549
-0.0894234
-0.0908969
-0.0919865
-0.0927047
-0.0930653
-0.0930839
-0.0927773
-0.0921636
-0.0912615
-0.0900897
-0.0886676
-0.0870144
-0.0851495
-0.0830921
-0.0808614
-0.0784762
-0.0759553
-0.0733175
-0.070581
-0.0677639
-0.064883
-0.0619534
-0.0589892
-0.0560033
-0.0530084
-0.0500171
-0.0470417
-0.0440938
-0.0411831
-0.0383176
-0.0355033
-0.0327458
-0.0300503
-0.0274222
-0.0248665
-0.022387
-0.019986
-0.0176644
-0.015422
-0.0132584
-0.0111733
-0.00916635
-0.00723662
-0.00538215
-0.00360004
-0.00188701
-0.000239923
0.00134383
0.00286652
0.00433052
0.0057386
0.00709385
0.00839923
0.00965701
0.0108688
0.0120356
0.013159
0.0142409
0.0152839
0.0162904
0.0172618
0.0181981
0.0190982
0.0199604
0.0207837
0.0215672
0.0223106
0.023013
0.0236729
0.0242876
0.024854
0.0253693
0.0258312
0.026238
0.0265877
0.0268777
0.027105
0.0272658
0.0273568
0.027375
0.0273186
0.0271861
0.0269761
0.0266872
0.0263173
0.0258649
0.0253284
0.0247074
0.024002
0.0232133
0.022343
0.0213928
0.0203648
0.0192611
0.0180837
0.0168351
0.0155181
0.0141361
0.0126933
0.0111945
0.00964478
0.00804934
0.00641325
0.00474144
0.0030389
0.00131094
-0.000436603
-0.00219735
-0.00396451
-0.00573111
-0.00749023
-0.00923513
-0.0109593
-0.0126564
-0.0143204
-0.0159454
-0.0175257
-0.0190554
-0.0205288
-0.0219409
-0.0232981
-0.0245999
-0.0258441
-0.0270283
-0.0281507
-0.0292094
-0.030202
-0.0311256
-0.0319766
-0.0327512
-0.0334461
-0.0340585
-0.0345863
-0.0350278
-0.0353814
-0.035645
-0.0358159
-0.0358911
-0.0358675
-0.035743
-0.0355158
-0.0351854
-0.0347517
-0.0342148
-0.0335753
-0.0328337
-0.0319914
-0.0310505
-0.0300137
-0.0288848
-0.0276677
-0.0263663
-0.0249849
-0.0235279
-0.0220008
-0.0204096
-0.0187616
-0.0170644
-0.0153253
-0.0135516
-0.0117499
-0.0099269
-0.00808983
-0.00624662
-0.00440601
-0.00257719
-0.000769243
0.00100934
0.002751
0.00444907
0.00609753
0.0076906
0.00922194
0.0106824
0.0120638
0.0133591
0.014562
0.0156677
0.016673
0.0175761
0.0183757
0.0190708
0.0196602
0.0201432
0.0205201
0.0207927
0.0209649
0.0210421
0.0210308
0.0209371
0.0207669
0.0205258
0.0202195
0.0198543
0.0194373
0.0189764
0.0184802
0.0179557
0.0174101
0.01685
0.0162818
0.0157118
0.0151461
0.0145911
0.0140528
0.0135368
0.0130472
0.0125875
0.0121594
0.0117638
0.0114039
0.0110784
0.0107881
0.010533
0.0103131
0.0101279
0.00997365
0.00985003
0.00975362
0.00968071
0.00962767
0.00958823
0.00956218
0.00954632
0.00953735
0.00953182
0.00952258
0.00950947
0.00948849
0.00945539
0.00940571
0.00933134
0.00923223
0.00910525
0.00894801
0.00875874
0.0085325
0.00827122
0.00797317
0.00763645
0.00725906
0.00683659
0.00636974
0.00585689
0.00529688
0.00468909
0.00403281
0.00332936
0.00257934
0.00178296
0.0009398
5.05967e-05
-0.000886965
-0.00187294
-0.00290637
-0.00398545
-0.00510356
-0.00626328
-0.00746333
-0.008703
-0.00998176
-0.011291
-0.0126355
-0.0140067
-0.0153987
-0.0168054
-0.0182097
-0.019616
-0.0210184
-0.0224112
-0.0237889
-0.0251326
-0.0264495
-0.0277326
-0.0289735
-0.0301636
-0.0312799
-0.0323295
-0.0333061
-0.0342044
-0.035019
-0.0357304
-0.0363452
-0.0368563
-0.0372569
-0.037541
-0.0376942
-0.0377216
-0.0376193
-0.0373833
-0.0370102
-0.0364941
-0.0358368
-0.0350374
-0.0340949
-0.033008
-0.031781
-0.0304073
-0.0288879
-0.0272258
-0.0254257
-0.02351
-0.0214664
-0.0192989
-0.0170112
-0.0146083
-0.0121257
-0.00954362
-0.00687212
-0.00412177
-0.00130285
0.00153536
0.00442145
0.00734374
0.0102894
0.0132449
0.0161503
0.0190388
0.0218974
0.0247119
0.0274675
0.0300996
0.0326407
0.035076
0.0373913
0.0395734
0.0415652
0.0433959
0.0450503
0.0465134
0.0477711
0.0487806
0.0495624
0.0501072
0.0504061
0.0504501
0.0502209
0.0497208
0.0489441
0.0478876
0.0465491
0.0449458
0.04306
0.0408925
0.0384455
0.0357224
0.0327775
0.0295687
0.0261042
0.0223941
0.0184504
0.0143665
0.0100779
0.0056011
0.000953259
-0.00384772
-0.00867737
-0.013621
-0.0186565
-0.0237601
-0.0289069
-0.0339502
-0.0389862
-0.0439896
-0.048934
-0.0537925
-0.0584145
-0.0628957
-0.0672096
-0.0713305
-0.0752333
-0.078786
-0.0820701
-0.0850607
-0.0877336
-0.0900664
-0.0919662
-0.0934876
-0.0946136
-0.0953281
-0.0956156
-0.0954397
-0.0948115
-0.0937225
-0.0921666
-0.0901403
-0.0876811
-0.0847502
-0.0813504
-0.0774874
-0.0731697
-0.0685133
-0.0634259
-0.057922
-0.0520182
-0.0457341
-0.0392585
-0.032451
-0.0253397
-0.0179542
-0.0103254
-0.00269789
0.00510804
0.0130569
0.0211107
0.0292292
0.0371342
0.0450217
0.0528506
0.0605794
0.0681662
0.0753368
0.0822815
0.0889594
0.0953302
0.101355
0.106799
0.111819
0.11638
0.120446
0.123984
0.126837
0.129106
0.130769
0.131802
0.132188
0.13187
0.130875
0.129196
0.126827
0.123768
0.120087
0.115722
0.110683
0.104982
0.0986357
0.0918338
0.0844326
0.0764598
0.0679457
0.0589239
0.0496885
0.0400216
0.0299662
0.0195681
0.0088753
-0.00174345
-0.0125571
-0.0235138
-0.0345597
-0.0456393
-0.0563534
-0.06699
-0.0774945
-0.0878118
-0.0978872
-0.107341
-0.116444
-0.125145
-0.133392
-0.141137
-0.14807
-0.154414
-0.160129
-0.165179
-0.169531
-0.172986
-0.175684
-0.177601
-0.178717
-0.179016
-0.178442
-0.177034
-0.17479
-0.171715
-0.167814
-0.163182
-0.157751
-0.151539
-0.14457
-0.136872
-0.128681
-0.119827
-0.110349
-0.10029
-0.0896937
-0.0789104
-0.0676912
-0.056089
-0.0441583
-0.0319557
-0.0198968
-0.00768285
0.00462552
0.0169667
0.0292791
0.0411314
0.0528357
0.0643353
0.075574
0.086497
0.0967142
0.106512
0.115842
0.12466
0.132921
0.140324
0.147093
0.153195
0.158601
0.163283
0.167066
0.170087
0.172333
0.173793
0.174463
0.174308
0.173365
0.171644
0.169156
0.165916
0.162031
0.157434
0.152152
0.146214
0.139653
0.132696
0.12519
0.117173
0.108688
0.0997805
0.0907611
0.0814133
0.0717859
0.0619283
0.0518904
0.0420241
0.0320777
0.0221009
0.0121432
0.00225272
-0.00722606
-0.0165474
-0.0256683
-0.0345457
-0.0431374
-0.0511445
-0.0587877
-0.0660331
-0.0728501
-0.0792105
-0.0848999
-0.0900836
-0.0947406
-0.0988532
-0.102407
-0.105291
-0.107597
-0.109323
-0.110466
-0.111028
-0.111004
-0.110413
-0.109266
-0.107575
-0.105356
-0.102698
-0.0995457
-0.0959209
-0.0918486
-0.0873566
-0.0826147
-0.0775108
-0.0720735
-0.0663329
-0.0603203
-0.0542516
-0.0479779
-0.0415329
-0.0349496
-0.0282602
-0.0216937
-0.0150851
-0.00846719
-0.00187224
0.00466859
0.0109414
0.0171048
0.0231339
0.0290036
0.034689
0.0400139
0.0451084
0.0499537
0.054534
0.0588359
0.0627428
0.0663465
0.0696357
0.0726011
0.0752358
0.0774866
0.0794016
0.0809802
0.0822221
0.0831274
0.0837013
0.0839434
0.0838593
0.0834572
0.0827458
0.0817847
0.0805327
0.0789998
0.0771978
0.0751403
0.0729274
0.0704885
0.0678378
0.0649887
0.0619551
0.0588577
0.0556061
0.0522168
0.0487071
0.0450936
0.0415054
0.0378447
0.0341265
0.0303658
0.0265776
0.0228837
0.0191915
0.0155154
0.0118698
0.00826922
0.00481886
0.00144049
-0.0018544
-0.00505539
-0.00815244
-0.0110673
-0.0138568
-0.0165095
-0.0190145
-0.0213621
-0.0235039
-0.0254734
-0.0272637
-0.0288682
-0.0302799
-0.0314814
-0.0324786
-0.0332679
-0.0338466
-0.0342128
-0.0343818
-0.034334
-0.0340675
-0.0335814
-0.0328762
-0.0319969
-0.0309025
-0.0295958
-0.0280795
-0.0263573
-0.0244986
-0.0224443
-0.0202016
-0.0177786
-0.0151839
-0.0125076
-0.00967789
-0.00670505
-0.00360043
-0.000376473
0.00286323
0.00619587
0.00960826
0.0130874
0.0166202
0.0201021
0.0236114
0.0271345
0.0306567
0.0341623
0.0375508
0.0408896
0.0441619
0.0473514
0.0504425
0.0533522
0.0561341
0.0587739
0.0612575
0.063571
0.0656576
0.0675483
0.0692314
0.0706962
0.0719325
0.0729187
0.0736595
0.0741485
0.0743802
0.0743501
0.074076
0.0735338
0.0727219
0.0716402
0.0702904
0.068731
0.0669114
0.0648373
0.0625156
0.0599544
0.0572484
0.0543238
0.0511931
0.0478697
0.0443676
0.040808
0.0371015
0.0332666
0.029324
0.0252956
0.0213184
0.0172978
0.0132532
0.00920411
0.00517069
0.00128568
-0.00253933
-0.00628164
-0.00991958
-0.0134331
-0.0167105
-0.0198267
-0.0227635
-0.0255025
-0.0280264
-0.0302574
-0.0322456
-0.0339804
-0.0354524
-0.0366517
-0.0375451
-0.0381476
-0.0384539
-0.0384625
-0.0381754
-0.0376157
-0.036768
-0.0356348
-0.0342177
-0.0325195
-0.0306061
-0.0284281
-0.0259996
-0.0233365
-0.0204543
-0.0174599
-0.0142737
-0.010909
-0.00738161
-0.00370898
-2.85778e-05
0.0037448
0.00758264
0.011457
0.0153405
0.0190876
0.0227893
0.0264177
0.0299452
0.0333459
0.0364914
0.0394679
0.0422571
0.0448419
0.0472053
0.0492526
0.0510499
0.052586
0.0538538
0.0548503
0.0555319
0.0559471
0.0561003
0.0559965
0.0556416
0.0550341
0.0541934
0.0531323
0.0518665
0.0504137
0.0488129
0.0470606
0.0451749
0.0431742
0.0410771
0.0389432
0.0367486
0.034512
0.0322519
0.0299861
0.0277805
0.0256003
0.0234612
0.0213774
0.0193611
0.0174682
0.0156582
0.0139386
0.0123159
0.0107956
0.00941797
0.0081463
0.00698143
0.00592272
0.00496851
0.00413966
0.00340744
0.00276814
0.00221719
0.00174905
0.00136901
0.00105733
0.000807294
0.000612265
0.00046564
0.000363993
0.000296868
0.000257638
0.000239965
0.000238033
0.000245694
0.000259715
0.000276278
0.00029216
0.000304718
0.000310005
0.000309082
0.000301098
0.00028578
0.000263393
0.000233596
0.000199232
0.000161852
0.000123379
8.60464e-05
5.21538e-05
2.47371e-05
6.45114e-06
0
0
0
0
0
0
0
0
0
0
0
0
0
0
0
0
0
0
0
0
0
0
0
0
0
0
0
0
0
0
0
0
0
0
0
0
0
0
0
0
0
0
0
0
0
0
0
0
0
0
0
0
0
0
0
0
0
0
0
0
0
0
0
0
0
0
0
0
0
0
0
0
0
0
0
0
0
0
0
0
0
0
0
0
0
0
0
0
0
0
0
0
0
0
0
0
0
0
0
0
0
0
0
0
0
0
0
0
0
0
0
0
0
0
0
0
0
0
0
0
0
0
0
0
0
0
0
0
0
0
0
0
0
0
0
0
0
0
0
0
0
0
0
0
0
0
0
0
0
0
0
0
0
0
0
0
0
0
0
0
0
0
0
0
0
0
0
0
0
0
0
0
0
0
0
0
0
0
0
0
0
0
0
0
0
0
0
0
0
0
0
0
0
0
0
0
0
0
0
0
0
0
0
0
0
-0
-0
-0
-0
-0
-0
-0
-0
-0
-0
-0
-0
-0
-0
-0
-0
-0
-0
-0
-0
-0
-0
-0
-0
-0
-0
-0
-0
-0
-0
-0
