-0
-0
-0
-0
-0
-0
-0
-0
-0
-0
-0
-0
-0
-0
-0
-0
-0
-0
-0
-0
-0
-0
-0
-0
-0
-0
-0
-0
-0
-0
-0
-0
0
0
0
0
0
0
0
0
0
0
0
0
0
0
0
0
0
0
0
0
0
0
0
0
0
0
0
0
0
0
0
0
0
0
0
0
0
0
0
0
0
0
0
0
0
-0
-0
-0
-0
-0
-0
-0
-0
-0
-0
-0
-0
-0
-0
-0
-0
-0
-0
-0
-0
-0
-0
-0
-0
-0
-0
-0
-0
-0
-0
-0
-0
-0
-0
-0
-0
-0
-0
-0
-0
0
0
0
0
0
0
0
0
0
0
0
0
0
0
0
0
0
0
0
0
0
0
0
0
0
0
0
0
0
0
0
0
0
0
0
0
0
0
0
0
0
0
0
0
0
0
0
-0
-0
-0
-0
-0
-0
-0
-0
-0
-0
-0
-0
-0
-0
-0
-0
-0
-0
-0
-0
-0
-0
-0
-0
-0
-0
-0
-0
-0
-0
-0
-0
-0
-0
-0
-0
-0
-3.79981e-05
-0.000143574
-0.000288441
-0.00044253
-0.000574632
-0.000652908
-0.000645412
-0.000520599
-0.000247837
0.000202065
0.000856326
0.00173968
0.00287388
0.0042773
0.00596458
0.00794637
0.0102291
0.0128146
0.0157004
0.0188791
0.0223386
0.0260618
0.0300271
0.0342078
0.0385727
0.0430861
0.0477085
0.0523965
0.0571043
0.0617832
0.0663825
0.0708495
0.0751299
0.0791679
0.0829079
0.0862943
0.0892732
0.0917927
0.0938034
0.0952589
0.0961162
0.0963365
0.0958856
0.0947351
0.0928625
0.0902515
0.0868919
0.0827796
0.0779161
0.0723098
0.0659749
0.0589327
0.0512106
0.042842
0.0338658
0.0243258
0.0142709
0.00375419
-0.00716667
-0.0184302
-0.0299718
-0.0417241
-0.0536175
-0.0655808
-0.0775414
-0.0894258
-0.101161
-0.112674
-0.123896
-0.134758
-0.145197
-0.155149
-0.164556
-0.173361
-0.181513
-0.188963
-0.195672
-0.201604
-0.206728
-0.21102
-0.21446
-0.217035
-0.218736
-0.21956
-0.219512
-0.218604
-0.216849
-0.214269
-0.210889
-0.206741
-0.20193
-0.196548
-0.190631
-0.184217
-0.177345
-0.170052
-0.162376
-0.154355
-0.146028
-0.137435
-0.128615
-0.119606
-0.110445
-0.101166
-0.0918044
-0.0823923
-0.0729628
-0.063547
-0.0541735
-0.0448678
-0.0356531
-0.0265513
-0.0175841
-0.00877326
-0.000139436
0.00829931
0.0165288
0.0245389
0.0323221
0.0398719
0.0471818
0.0542448
0.061055
0.067609
0.0739063
0.0799487
0.0857385
0.0912768
0.0965629
0.101595
0.106372
0.110893
0.115163
0.119182
0.122954
0.126476
0.129743
0.132751
0.135493
0.137964
0.140163
0.142087
0.143732
0.145089
0.14615
0.146903
0.147336
0.147437
0.147196
0.146602
0.145642
0.144302
0.142568
0.140422
0.137851
0.13484
0.13138
0.12746
0.12307
0.118202
0.112846
0.106991
0.10063
0.0937585
0.0863751
0.0784831
0.0700886
0.0612003
0.0518286
0.041986
0.0316875
0.0209516
0.00980005
-0.00174247
-0.0136496
-0.0258936
-0.0384454
-0.0512725
-0.0643379
-0.0775984
-0.0910046
-0.104503
-0.118037
-0.131551
-0.144987
-0.15829
-0.1714
-0.184258
-0.196802
-0.208969
-0.220698
-0.231927
-0.242598
-0.252649
-0.262021
-0.270651
-0.278478
-0.285441
-0.291484
-0.296554
-0.300603
-0.303586
-0.305464
-0.306203
-0.305774
-0.304155
-0.301332
-0.297295
-0.292042
-0.285576
-0.277902
-0.269035
-0.258994
-0.247805
-0.2355
-0.222119
-0.207708
-0.192319
-0.17601
-0.158845
-0.140896
-0.122239
-0.102956
-0.0831323
-0.0628577
-0.0422242
-0.0213268
-0.000263052
0.0208669
0.0419608
0.062915
0.0836258
0.10399
0.123906
0.143274
0.161994
0.179967
0.197094
0.213281
0.228434
0.242467
0.255296
0.266849
0.277055
0.285852
0.293182
0.298994
0.303247
0.305905
0.306946
0.306355
0.304126
0.30026
0.294767
0.287664
0.27898
0.26875
0.257023
0.243853
0.229302
0.213439
0.196338
0.178078
0.158749
0.138444
0.117265
0.0953179
0.0727122
0.0495598
0.0259748
0.00207375
-0.0220245
-0.0461995
-0.0703299
-0.0942951
-0.117976
-0.141256
-0.164021
-0.186158
-0.207559
-0.228116
-0.24773
-0.266304
-0.283749
-0.29998
-0.31492
-0.328498
-0.340649
-0.351315
-0.360446
-0.368
-0.373944
-0.378254
-0.380915
-0.381919
-0.381267
-0.378971
-0.375047
-0.369521
-0.362428
-0.353808
-0.343712
-0.332195
-0.319321
-0.30516
-0.289789
-0.273289
-0.25575
-0.237265
-0.217932
-0.197855
-0.177139
-0.155891
-0.134223
-0.112244
-0.0900682
-0.0678071
-0.0455753
-0.023487
-0.00165619
0.0198053
0.0407886
0.0611892
0.0809071
0.099847
0.117917
0.135031
0.151105
0.166061
0.179828
0.192339
0.203539
0.213376
0.221809
0.2288
0.234322
0.238355
0.240885
0.241909
0.241431
0.239462
0.23602
0.231129
0.224822
0.217138
0.208122
0.197829
0.186319
0.173659
0.159921
0.145183
0.129527
0.113043
0.0958215
0.0779585
0.0595509
0.0406972
0.0214966
0.0020492
-0.0175441
-0.0371817
-0.0567625
-0.0761867
-0.0953562
-0.114175
-0.13255
-0.15039
-0.167604
-0.184107
-0.199816
-0.214659
-0.228565
-0.241476
-0.253336
-0.264098
-0.273718
-0.28216
-0.289394
-0.295398
-0.300156
-0.303664
-0.305921
-0.306931
-0.306707
-0.305264
-0.302622
-0.298811
-0.293864
-0.287821
-0.280729
-0.272635
-0.263591
-0.253654
-0.242883
-0.231343
-0.219101
-0.206226
-0.192791
-0.178867
-0.164528
-0.149847
-0.1349
-0.119765
-0.104519
-0.0892362
-0.0739915
-0.0588552
-0.0438957
-0.0291798
-0.0147728
-0.00073811
0.0128639
0.0259768
0.0385487
0.0505322
0.061883
0.0725598
0.0825246
0.0917429
0.100185
0.107827
0.11465
0.120641
0.125789
0.130089
0.133537
0.136137
0.137893
0.138818
0.138927
0.138238
0.136772
0.134554
0.131612
0.127976
0.123679
0.118759
0.113254
0.107205
0.100653
0.0936412
0.0862148
0.0784183
0.0702966
0.0618947
0.0532572
0.0444288
0.0354548
0.0263804
0.0172503
0.00810785
-0.00100601
-0.0100525
-0.0189947
-0.0277972
-0.0364257
-0.0448469
-0.0530299
-0.0609458
-0.0685689
-0.0758756
-0.0828446
-0.0894565
-0.0956937
-0.101542
-0.106988
-0.112025
-0.116647
-0.120847
-0.124625
-0.127978
-0.130907
-0.133413
-0.135499
-0.137173
-0.138441
-0.139311
-0.139794
-0.1399
-0.139643
-0.139036
-0.138095
-0.136834
-0.13527
-0.133417
-0.131292
-0.128911
-0.126291
-0.12345
-0.120405
-0.117174
-0.113773
-0.110221
-0.106533
-0.102727
-0.0988194
-0.0948249
-0.0907588
-0.0866358
-0.0824699
-0.0782744
-0.0740616
-0.0698429
-0.0656287
-0.0614292
-0.057254
-0.0531132
-0.0490161
-0.0449714
-0.0409863
-0.037067
-0.0332191
-0.0294483
-0.0257609
-0.0221634
-0.0186618
-0.0152608
-0.0119636
-0.00877205
-0.00568836
-0.00271533
0.000143294
0.00288341
0.00550147
0.00799516
0.0103633
0.0126052
0.0147201
0.0167065
0.0185621
0.0202846
0.0218718
0.0233219
0.0246335
0.0258054
0.0268368
0.0277279
0.0284796
0.0290932
0.0295698
0.0299097
0.0301118
0.0301746
0.0300965
0.0298769
0.0295162
0.0290156
0.0283759
0.0275976
0.0266808
0.0256263
0.0244361
0.0231134
0.0216623
0.0200867
0.0183903
0.0165766
0.01465
0.0126164
0.0104833
0.00825927
0.00595244
0.00357018
0.00111926
-0.00139329
-0.00395917
-0.00656854
-0.0092106
-0.0118745
-0.0145502
-0.0172278
-0.0198975
-0.0225482
-0.0251677
-0.027744
-0.0302657
-0.0327237
-0.0351101
-0.0374175
-0.0396374
-0.0417598
-0.0437738
-0.0456693
-0.0474382
-0.0490751
-0.0505764
-0.0519391
-0.0531592
-0.0542325
-0.0551545
-0.055922
-0.0565338
-0.0569904
-0.0572936
-0.057446
-0.0574501
-0.0573087
-0.0570252
-0.0566035
-0.0560475
-0.0553614
-0.0545491
-0.0536151
-0.0525648
-0.051405
-0.050143
-0.0487864
-0.0473419
-0.0458154
-0.0442124
-0.0425388
-0.0408017
-0.0390086
-0.037167
-0.0352835
-0.0333632
-0.0314104
-0.0294298
-0.0274268
-0.025408
-0.0233801
-0.0213492
-0.0193199
-0.0172956
-0.0152788
-0.0132721
-0.0112787
-0.00930149
-0.00734323
-0.00540569
-0.00348978
-0.00159609
0.000274557
0.00212074
0.0039405
0.00573165
0.00749221
0.00922047
0.010915
0.0125744
0.0141975
0.0157827
0.0173288
0.0188337
0.0202953
0.0217094
0.0230624
0.0243478
0.0255618
0.0267013
0.0277632
0.0287438
0.0296387
0.0304425
0.0311501
0.0317578
0.032263
0.0326648
0.0329622
0.0331537
0.033237
0.0332096
0.0330711
0.0328323
0.0324973
0.0320683
0.0315477
0.0309373
0.0302383
0.0294524
0.0285819
0.0276299
0.0266
0.0254962
0.0243222
0.0230818
0.0217794
0.0204198
0.0190082
0.0175502
0.0160508
0.0145146
0.012946
0.0113496
0.00973062
0.00809518
0.00644968
0.0048005
0.00315361
0.00151452
-0.000111471
-0.00171911
-0.00330311
-0.00485837
-0.00638019
-0.00786442
-0.00930733
-0.0107053
-0.0120545
-0.0133511
-0.0145911
-0.0157708
-0.016887
-0.0179369
-0.0189181
-0.0198282
-0.0206648
-0.0214255
-0.0221082
-0.022711
-0.0232324
-0.0236709
-0.0240249
-0.0242928
-0.0244731
-0.0245644
-0.0245658
-0.0244766
-0.0242963
-0.0240244
-0.0236604
-0.0232042
-0.0226555
-0.0220148
-0.0212825
-0.0204598
-0.0195476
-0.0185471
-0.0174593
-0.0162858
-0.0150288
-0.013691
-0.0122756
-0.0107863
-0.00922672
-0.00760005
-0.00590759
-0.00415931
-0.00236685
-0.000542415
0.00130081
0.00314963
0.00499099
0.00681223
0.00860143
0.010347
0.0120378
0.0136634
0.0152134
0.0166779
0.0180474
0.0193131
0.020469
0.0215184
0.022459
0.0232883
0.0240039
0.0246044
0.0250887
0.0254556
0.025706
0.0258408
0.0258621
0.025773
0.0255761
0.0252772
0.024881
0.0243922
0.0238158
0.0231549
0.0224162
0.0216053
0.0207285
0.0197923
0.0188019
0.0177663
0.0166921
0.015586
0.0144542
0.013301
0.0121347
0.0109616
0.00978803
0.00862018
0.00746219
0.00632204
0.00520531
0.00411709
0.00306178
0.00204168
0.00106164
0.000124728
-0.000766096
-0.00160802
-0.00239906
-0.00313677
-0.0038199
-0.00444783
-0.00502037
-0.00553655
-0.00599745
-0.0064034
-0.00675514
-0.00705395
-0.00729875
-0.00749457
-0.00764353
-0.0077476
-0.00780857
-0.00782326
-0.00779888
-0.00773794
-0.00764328
-0.00751786
-0.00735743
-0.00717184
-0.00696361
-0.00673511
-0.00648851
-0.00621715
-0.00593165
-0.00563399
-0.00532643
-0.00501159
-0.00468301
-0.00435284
-0.00402324
-0.00369535
-0.00336921
-0.00303544
-0.00270176
-0.0023674
-0.00203193
-0.00169506
-0.00135003
-0.00100229
-0.000650435
-0.000292587
7.33758e-05
0.000451795
0.000842518
0.00124746
0.00166844
0.00210714
0.0025616
0.00303707
0.00353533
0.00405838
0.00460829
0.00517641
0.00577499
0.00640525
0.00706811
0.00776439
0.00847701
0.00922507
0.0100093
0.01083
0.0116862
0.0125518
0.0134496
0.0143779
0.0153347
0.0163181
0.0172962
0.0182952
0.0193117
0.020342
0.0213823
0.0223982
0.0234169
0.0244336
0.025442
0.026435
0.0273768
0.0282884
0.0291634
0.0299956
0.0307785
0.0314844
0.0321247
0.0326904
0.033173
0.033565
0.0338526
0.0340363
0.034109
0.0340625
0.0338883
0.0335883
0.0331457
0.032555
0.0318118
0.0309116
0.02988
0.0286835
0.0273197
0.025788
0.0240896
0.0222758
0.0202993
0.0181623
0.0158676
0.0134197
0.0108914
0.00822529
0.00543139
0.00251996
-0.000498933
-0.00353824
-0.00666322
-0.00986014
-0.0131128
-0.0164036
-0.0196361
-0.0228717
-0.0260935
-0.0292841
-0.0324245
-0.035424
-0.0383296
-0.0411191
-0.043771
-0.0462655
-0.0485344
-0.0506071
-0.0524632
-0.054082
-0.0554431
-0.0565098
-0.0572829
-0.0577471
-0.057888
-0.0576918
-0.0571667
-0.0562809
-0.0550264
-0.0533979
-0.0513923
-0.0490708
-0.0463691
-0.0432871
-0.0398265
-0.0359925
-0.031896
-0.0274465
-0.0226582
-0.0175468
-0.0121297
-0.0065596
-0.000723915
0.00535357
0.0116467
0.0181277
0.0246167
0.0312345
0.0379498
0.0447286
0.0515346
0.0581802
0.064777
0.0712866
0.077671
0.0838922
0.0897833
0.0954339
0.100805
0.10586
0.11056
0.114785
0.118589
0.121939
0.124805
0.127157
0.128941
0.130161
0.130798
0.130834
0.130252
0.129078
0.127263
0.124802
0.121691
0.117932
0.113639
0.108713
0.103166
0.0970115
0.0902692
0.0831283
0.0754489
0.067262
0.0586015
0.0495044
0.0402206
0.0305815
0.0206324
0.0104217
3.04909e-07
-0.0103497
-0.0208049
-0.031311
-0.0418118
-0.0522495
-0.0623452
-0.0722593
-0.0819336
-0.0913113
-0.100337
-0.108775
-0.116754
-0.12422
-0.131124
-0.137418
-0.142945
-0.147778
-0.151881
-0.155221
-0.157765
-0.159457
-0.160302
-0.160283
-0.159387
-0.157607
-0.155003
-0.151512
-0.147137
-0.141888
-0.135782
-0.128991
-0.121392
-0.113014
-0.103892
-0.0940649
-0.0838
-0.07292
-0.0614773
-0.049529
-0.0371357
-0.024631
-0.0118093
0.00126236
0.0145148
0.0278767
0.0409947
0.0540785
0.0670576
0.079862
0.092422
0.104413
0.11602
0.127175
0.137812
0.147867
0.157087
0.16561
0.173384
0.180361
0.186494
0.191634
0.195853
0.199121
0.201415
0.202716
0.20301
0.20229
0.200555
0.197806
0.194052
0.189409
0.183793
0.177228
0.169744
0.161377
0.152362
0.142551
0.131996
0.120753
0.10888
0.0967006
0.0840165
0.0708953
0.0574082
0.0436297
0.0299288
0.016089
0.00218611
-0.0117036
-0.0255033
-0.0388513
-0.0519562
-0.0647432
-0.0771399
-0.089077
-0.10025
-0.110834
-0.12077
-0.129999
-0.138468
-0.145964
-0.152606
-0.158354
-0.163178
-0.167048
-0.16988
-0.171716
-0.172545
-0.172359
-0.171159
-0.168997
-0.16584
-0.161706
-0.156616
-0.150598
-0.143824
-0.13619
-0.12774
-0.118521
-0.108585
-0.0982039
-0.0872187
-0.0756901
-0.0636819
-0.0512612
-0.0387578
-0.0259802
-0.0129985
0.000116546
0.013293
0.0261899
0.0390037
0.051663
0.0640983
0.0762422
0.0877913
0.0989244
0.109583
0.119712
0.129258
0.137991
0.146045
0.15338
0.159962
0.165759
0.170649
0.174708
0.17792
0.180274
0.181765
0.182382
0.182138
0.181042
0.179108
0.176356
0.172884
0.168646
0.163675
0.158006
0.151681
0.144889
0.137527
0.129643
0.121289
0.112518
0.103578
0.0943335
0.0848419
0.0751593
0.0653416
0.055652
0.0459386
0.0362564
0.0266594
0.0172
0.00812208
-0.000721618
-0.00928638
-0.0175293
-0.0254095
-0.0327322
-0.0396198
-0.0460424
-0.0519743
-0.0573936
-0.0621782
-0.066416
-0.0700948
-0.0732064
-0.0757475
-0.077676
-0.0790397
-0.0798466
-0.0801068
-0.0798331
-0.0790548
-0.0777758
-0.0760175
-0.0738038
-0.0711604
-0.0681749
-0.0648147
-0.0611093
-0.0570902
-0.0527913
-0.0483383
-0.0436759
-0.0388392
-0.033862
-0.0287777
-0.0237219
-0.0186246
-0.0135177
-0.00843166
-0.00339449
0.00147045
0.00623861
0.0108888
0.0154009
0.0197554
0.023853
0.0277604
0.0314655
0.0349588
0.0382327
0.0412217
0.0439799
0.0465042
0.0487947
0.050855
0.0526553
0.054241
0.0556213
0.0568054
0.0578024
0.0586034
0.0592394
0.0597244
0.0600739
0.0603036
0.0604186
0.0604422
0.0603874
0.0602674
0.0600966
0.0598803
0.0596427
0.0593972
0.059155
0.0589254
0.0587
0.0585018
0.0583375
0.0582136
0.0581358
0.0580829
0.0580826
0.0581352
0.0582392
0.058392
0.0585566
0.0587626
0.0590056
0.0592795
0.0595767
0.0598525
0.0601316
0.0604023
0.0606532
0.0608735
0.0610253
0.0611265
0.0611664
0.061133
0.0610128
0.0607825
0.0604388
0.0599707
0.0593691
0.0586261
0.0577522
0.05672
0.0555203
0.0541442
0.0525851
0.050892
0.0490116
0.0469454
0.0446958
0.0422651
0.0397437
0.0370485
0.0341862
0.031166
0.0279996
0.0248165
0.0215125
0.0181
0.0145916
0.0110016
0.00748073
0.00391178
0.000313941
-0.00329254
-0.00688692
-0.0103108
-0.0136811
-0.0169772
-0.0201785
-0.0232585
-0.0260649
-0.0286962
-0.0311301
-0.033345
-0.0353205
-0.0369509
-0.0383096
-0.0393852
-0.0401699
-0.0406588
-0.0408094
-0.0406613
-0.0402155
-0.0394758
-0.0384482
-0.0371556
-0.035595
-0.0337797
-0.0317248
-0.0294468
-0.0270278
-0.0244226
-0.021653
-0.0187417
-0.0157116
-0.0126865
-0.00958601
-0.00643426
-0.00325599
-7.63548e-05
0.0029605
0.0059555
0.0088863
0.0117317
0.0144713
0.0169666
0.0193256
0.0215323
0.0235731
0.0254363
0.0270095
0.028395
0.029587
0.0305808
0.0313735
0.0318876
0.0322071
0.0323356
0.0322789
0.0320443
0.0315938
0.030988
0.0302378
0.0293554
0.0283536
0.0272267
0.0260103
0.0247188
0.0233668
0.0219689
0.0205397
0.0190935
0.0176441
0.0162041
0.0147858
0.0134099
0.0120752
0.010791
0.00956545
0.00840571
0.00732925
0.00632643
0.00540078
0.00455468
0.00378942
0.00311357
0.00251534
0.00199302
0.00154392
0.00116447
0.00085401
0.000602206
0.000403866
0.000253339
0.000144595
7.18501e-05
2.7571e-05
5.63824e-06
0
0
0
0
0
0
0
-0
-0
-0
-0
-0
-0
-0
-0
-0
-0
-0
-0
-0
-0
-0
-0
-0
-0
-0
-0
-0
-0
0
0
0
0
0
0
0
0
0
0
0
0
0
0
0
0
0
0
0
0
0
0
0
0
0
0
0
0
0
0
0
0
0
0
0
0
0
0
0
0
0
0
0
0
0
0
0
0
0
0
0
0
0
0
0
0
0
0
0
0
0
0
0
0
0
0
0
0
0
0
0
0
0
0
0
0
0
0
0
0
0
0
0
0
0
0
0
0
0
0
0
0
0
0
0
0
0
0
0
0
0
0
0
0
0
0
0
0
0
0
0
0
0
0
0
0
0
0
0
0
0
0
0
0
0
0
0
0
0
0
0
0
0
0
0
0
0
0
0
0
0
0
0
0
0
0
0
0
0
0
0
0
0
0
0
0
-0
-0
-0
-0
-0
-0
-0
-0
-0
-0
-0
-0
-0
-0
-0
-0
