0
0
0
0
0
0
0
0
0
0
0
0
0
0
0
0
0
0
0
0
0
0
0
0
0
0
0
0
0
0
0
0
0
0
0
0
0
0
0
0
0
0
0
0
0
0
0
0
0
0
0
0
0
0
0
0
0
0
0
0
0
0
0
0
0
0
0
0
0
0
0
0
0
0
0
0
0
0
0
0
0
0
0
0
0
0
0
0
0
0
0
0
0
0
0
0
0
0
0
0
0
0
0
0
0
0
0
0
0
0
0
0
0
0
0
0
0
0
0
0
0
0
0
0
0
0
0
0
0
0
0
0
0
0
0
0
0
0
0
0
0
0
0
0
0
0
0
0
0
0
0
0
0
0
0
0
0
0
0
0
0
0
0
0
0
0
0
0
0
0
0
0
0
0
0
0
0
0
0
0
0
0
0
0
0
0
0
0
0
0
0
0
0
0
0
0
0
0
0
0
0
0
0
0
0
0
0
0
0
0
0
0
0
0
0
0
0
0
0
0
0
0
0
0
0
0
0
0
0
0
0
0
0
0
0
0
0
0
0
0
0
0
0
0
0
0
0
0
0
0
0
0
0
0
0
0
0
0
0
0
0
0
0
0
0
0
0
0
0
0
0
0
0
0
0
0
0
0
0
0
0
0
0
0
0
0
0
0
0
0
0
0
0
0
0
0
0
0
0
0
0
0
0
0
0
0
0
0
0
0
0
0
0
0
0
0
0
0
0
0
0
0
0
0
0
0
0
0
0
0
0
0
0
0
0
0
0
0
0
0
0
0
0
0
0
0
0
0
0
0
0
0
0
0
0
0
0
0
0
0
0
0
0
0
0
0
0
0
0
0
0
0
0
0
0
0
0
0
0
0
0
0
0
0
-2.49939e-07
-1.22285e-06
-2.91531e-06
-5.28761e-06
-8.27507e-06
-1.17887e-05
-1.57165e-05
-1.99247e-05
-2.42597e-05
-2.85506e-05
-3.26111e-05
-3.6243e-05
-3.92385e-05
-4.13839e-05
-4.24624e-05
-4.22582e-05
-4.05594e-05
-3.71618e-05
-3.18724e-05
-2.4513e-05
-1.49233e-05
-2.96437e-06
1.14784e-05
2.84922e-05
4.8135e-05
7.04327e-05
9.53778e-05
0.000122928
0.000153006
0.000185499
0.000220258
0.0002571
0.00029581
0.00033614
0.000377814
0.000420525
0.000463947
0.000507726
0.000551492
0.000594856
0.000637415
0.000678755
0.000718455
0.000756085
0.000791216
0.00082342
0.000852275
0.000877368
0.000898301
0.000914694
0.000926191
0.000932464
0.000933218
0.000928194
0.000917173
0.00089998
0.000876484
0.000846603
0.000810299
0.000767586
0.000718522
0.000663214
0.00060181
0.000534506
0.000461537
0.000383177
0.000299742
0.000211581
0.00011908
2.26566e-05
-7.72382e-05
-0.000180125
-0.000285495
-0.000392818
-0.000501538
-0.000611081
-0.00072086
-0.000830273
-0.000938713
-0.00104557
-0.00115023
-0.00125209
-0.00135055
-0.00144503
-0.00153496
-0.00161979
-0.001699
-0.00177207
-0.00183856
-0.001898
-0.0019505
-0.00199644
-0.00203554
-0.00206756
-0.00209228
-0.00210949
-0.00211899
-0.00212064
-0.00211428
-0.00209982
-0.00207717
-0.00204627
-0.00200709
-0.00195964
-0.00190394
-0.00184005
-0.00176805
-0.00168807
-0.00160023
-0.00150471
-0.00140171
-0.00129145
-0.0011742
-0.00105024
-0.000919898
-0.000783525
-0.000641509
-0.000494272
-0.000342267
-0.000185977
-2.59175e-05
0.000137367
0.000303306
0.000471304
0.000640743
0.000810984
0.000981371
0.00115123
0.00131988
0.00148661
0.00165073
0.0018115
0.00196821
0.00212013
0.00226653
0.00240667
0.00253984
0.0026653
0.00278234
0.00289028
0.00298844
0.00307617
0.00315284
0.00321787
0.00327072
0.00331087
0.00333788
0.00335135
0.00335092
0.00333632
0.00330731
0.00326374
0.00320551
0.00313259
0.00304502
0.00294292
0.00282646
0.0026959
0.00255156
0.00239385
0.00222324
0.00204027
0.00184557
0.0016398
0.00142375
0.00119822
0.000964096
0.000722333
0.000473929
0.000219932
-3.85585e-05
-0.000300407
-0.000564442
-0.000829463
-0.00109425
-0.00135755
-0.00161813
-0.00187472
-0.00212607
-0.00237091
-0.00260802
-0.00283615
-0.00305411
-0.00326071
-0.0034548
-0.00363528
-0.00380108
-0.00395118
-0.00408463
-0.00420052
-0.00429804
-0.00437644
-0.00443506
-0.00447332
-0.00449075
-0.00448695
-0.00446166
-0.0044147
-0.004346
-0.00425562
-0.00414369
-0.00401049
-0.00385637
-0.00368181
-0.00348737
-0.00327373
-0.00304165
-0.00279199
-0.00252571
-0.00224383
-0.00194749
-0.00163788
-0.00131631
-0.000984138
-0.000642807
-0.000293833
6.12005e-05
0.000420651
0.00078282
0.00114596
0.0015083
0.00186801
0.00222327
0.00257226
0.00291314
0.00324411
0.00356338
0.00386923
0.00415996
0.00443396
0.00468967
0.00492561
0.00514039
0.0053327
0.00550135
0.0056452
0.00576328
0.00585466
0.00591858
0.00595436
0.00596147
0.00593949
0.00588814
0.00580727
0.00569689
0.00555716
0.00538836
0.00519095
0.00496555
0.00471292
0.00443397
0.00412977
0.00380154
0.00345062
0.0030785
0.00268679
0.00227721
0.0018516
0.00141189
0.000960096
0.000498324
2.87417e-05
-0.000446421
-0.000924884
-0.00140433
-0.0018824
-0.00235673
-0.00282494
-0.00328466
-0.00373354
-0.00416923
-0.00458947
-0.00499203
-0.00537474
-0.00573554
-0.00607245
-0.00638361
-0.00666727
-0.00692182
-0.00714579
-0.00733786
-0.00749685
-0.00762177
-0.00771178
-0.0077662
-0.00778452
-0.00776643
-0.00771177
-0.00762055
-0.00749298
-0.00732941
-0.00713039
-0.00689665
-0.00662907
-0.00632871
-0.0059968
-0.00563475
-0.00524412
-0.00482663
-0.00438415
-0.00391871
-0.00343246
-0.00292768
-0.00240677
-0.00187223
-0.00132664
-0.000772683
-0.000213064
0.000349453
0.000912079
0.00147202
0.00202649
0.00257274
0.00310805
0.00362976
0.0041353
0.00462219
0.00508803
0.00553059
0.00594772
0.00633744
0.00669793
0.00702752
0.0073247
0.00758817
0.00781678
0.00800959
0.00816584
0.00828496
0.00836659
0.00841054
0.00841683
0.00838567
0.00831745
0.00821274
0.0080723
0.00789706
0.00768811
0.0074467
0.00717425
0.00687229
0.00654251
0.0061867
0.00580679
0.00540479
0.0049828
0.004543
0.00408765
0.00361903
0.0031395
0.00265141
0.00215715
0.00165911
0.00115965
0.000661131
0.000165868
-0.000323867
-0.000805859
-0.00127796
-0.0017381
-0.00218431
-0.00261468
-0.00302746
-0.00342095
-0.00379363
-0.00414407
-0.00447098
-0.0047732
-0.00504972
-0.00529967
-0.00552233
-0.00571711
-0.00588358
-0.00602145
-0.00613059
-0.00621099
-0.00626279
-0.00628628
-0.00628186
-0.00625008
-0.00619159
-0.00610717
-0.00599771
-0.00586421
-0.00570773
-0.00552947
-0.00533068
-0.00511267
-0.00487684
-0.00462464
-0.00435756
-0.00407713
-0.0037849
-0.00348246
-0.00317141
-0.00285334
-0.00252985
-0.00220253
-0.00187294
-0.00154262
-0.00121308
-0.000885784
-0.000562145
-0.00024353
6.87586e-05
0.000373481
0.000669467
0.000955624
0.00123093
0.00149445
0.00174533
0.0019828
0.00220618
0.00241485
0.00260832
0.00278615
0.00294801
0.00309362
0.00322282
0.0033355
0.00343165
0.00351133
0.00357468
0.00362189
0.00365324
0.00366908
0.0036698
0.00365468
0.00362253
0.00357403
0.00350998
0.00343128
0.00333893
0.00323399
0.00311759
0.00299093
0.00285523
0.00271173
0.0025617
0.0024064
0.00224709
0.00208501
0.00192135
0.00175729
0.00159395
0.00143238
0.0012736
0.00111854
0.000968062
0.000822968
0.000683964
0.000551682
0.000426666
0.000309378
0.000200194
9.94022e-05
7.20983e-06
-7.62599e-05
-0.000150963
-0.000216931
-0.000274269
-0.000323148
-0.000363801
-0.000396519
-0.000421641
-0.000439555
-0.000450682
-0.000455481
-0.000454433
-0.000448041
-0.000436824
-0.000421308
-0.000402025
-0.000379507
-0.000354279
-0.000326859
-0.000297752
-0.000267443
-0.000236402
-0.000205072
-0.000173873
-0.000143195
-0.000113398
-8.48111e-05
-5.77274e-05
-3.24066e-05
-9.07243e-06
1.2088e-05
3.09237e-05
4.73198e-05
6.1197e-05
7.25104e-05
8.12485e-05
8.74314e-05
9.1109e-05
9.23591e-05
9.12853e-05
8.80145e-05
8.26943e-05
7.54911e-05
6.65869e-05
5.61775e-05
4.44693e-05
3.16772e-05
1.8022e-05
3.72801e-06
-1.09795e-05
-2.58768e-05
-4.07439e-05
-5.5367e-05
-6.95408e-05
-8.30705e-05
-9.57744e-05
-0.000107485
-0.000118053
-0.000127465
-0.000135758
-0.000143052
-0.0001495
-0.000155086
-0.000159785
-0.00016356
-0.000166366
-0.000168148
-0.000168842
-0.000168375
-0.000166745
-0.000163789
-0.000159416
-0.000153532
-0.000146039
-0.000137034
-0.000126242
-0.000113574
-9.89504e-05
-8.23013e-05
-6.39056e-05
-4.34003e-05
-2.07594e-05
4.02414e-06
3.09359e-05
5.94404e-05
8.99484e-05
0.000122372
0.000156597
0.000192478
0.000229195
0.000267158
0.00030613
0.000345844
0.000385999
0.000425534
0.000464778
0.000503336
0.00054078
0.000576653
0.000609791
0.000640338
0.000667767
0.000691534
0.000711077
0.000725376
0.000734294
0.000737263
0.000733722
0.000723123
0.000704939
0.000678668
0.000643841
0.00060003
0.000546848
0.000484641
0.000412474
0.000330131
0.000237466
0.000134404
2.24668e-05
-9.97389e-05
-0.000232044
-0.000374188
-0.00052582
-0.000684094
-0.000850818
-0.00102536
-0.00120698
-0.00139486
-0.00158494
-0.00177929
-0.00197683
-0.0021764
-0.00237675
-0.002573
-0.00276731
-0.00295827
-0.00314445
-0.00332435
-0.00349297
-0.00365231
-0.00380089
-0.00393726
-0.00405998
-0.00416484
-0.00425338
-0.00432438
-0.00437674
-0.00441062
-0.00442433
-0.00441868
-0.00439296
-0.00434654
-0.00427885
-0.0041895
-0.0040781
-0.0039444
-0.00378827
-0.00360971
-0.00341084
-0.00318988
-0.00294718
-0.00268324
-0.00239866
-0.0020982
-0.00177872
-0.00144122
-0.00108682
-0.000716788
-0.000338222
5.31393e-05
0.000455711
0.000867798
0.00128761
0.00170632
0.00212891
0.00255337
0.00297759
0.00339943
0.00380936
0.00421251
0.00460664
0.00498952
0.00535891
0.00570579
0.00603478
0.00634375
0.00663062
0.00689339
0.00712487
0.00732852
0.00750263
0.00764563
0.00775607
0.00782979
0.0078685
0.00787124
0.00783719
0.00776572
0.00765658
0.00750933
0.00732392
0.00710048
0.00683938
0.00654463
0.00621351
0.00584697
0.00544614
0.00501241
0.00455393
0.00406582
0.00354998
0.0030085
0.00244365
0.00186698
0.0012719
0.000661065
3.72746e-05
-0.000596564
-0.00122679
-0.00186103
-0.00249618
-0.00312911
-0.00375662
-0.00436464
-0.00496093
-0.00554237
-0.00610588
-0.00664843
-0.00715735
-0.00763955
-0.00809232
-0.00851307
-0.00889935
-0.00924159
-0.00954495
-0.00980751
-0.0100275
-0.0102035
-0.0103303
-0.0104107
-0.0104437
-0.0104288
-0.0103656
-0.0102544
-0.0100949
-0.00988741
-0.00963264
-0.00933145
-0.00898957
-0.00860374
-0.00817556
-0.00770684
-0.00719963
-0.00666456
-0.0060957
-0.00549567
-0.00486726
-0.00421344
-0.00354846
-0.00286438
-0.00216452
-0.00145229
-0.000731172
-1.72426e-05
0.000698488
0.00141247
0.00212114
0.00282096
0.00349608
0.00415546
0.00479581
0.00541389
0.00600662
0.00656036
0.007083
0.00757192
0.00802468
0.00843903
0.00880531
0.00912935
0.00940956
0.00964461
0.00983338
0.00997134
0.0100616
0.0101037
0.0100976
0.0100435
0.00994238
0.00979424
0.00959994
0.00936059
0.00907752
0.00875716
0.00839638
0.00799714
0.00756156
0.00709198
0.0065992
0.00607748
0.00552956
0.0049583
0.00436664
0.00376834
0.00315577
0.00253209
0.00190045
0.00126407
0.00063777
1.3069e-05
-0.000606921
-0.00121913
-0.00182055
-0.00239714
-0.00295721
-0.00349807
-0.00401717
-0.00451205
-0.00497121
-0.00540178
-0.00580184
-0.00616963
-0.00650359
-0.00679601
-0.00705207
-0.00727079
-0.00745142
-0.00759341
-0.00769362
-0.0077547
-0.0077767
-0.00775988
-0.00770472
-0.00761277
-0.00748395
-0.00731928
-0.00711993
-0.00688727
-0.00662708
-0.00633672
-0.00601796
-0.0056727
-0.00530295
-0.00491776
-0.00451237
-0.00408905
-0.00365009
-0.00319789
-0.00274337
-0.00228039
-0.00181137
-0.00133871
-0.00086481
-0.000401055
5.92611e-05
0.000513884
0.000960616
0.00139732
0.00181361
0.00221588
0.00260232
0.0029712
0.00332091
0.00364323
0.00394356
0.00422069
0.00447357
0.00470129
0.00489864
0.00506944
0.0052132
0.00532959
0.00541845
0.00547797
0.00551001
0.00551478
0.00549267
0.00544415
0.00537077
0.00527233
0.00514968
0.00500376
0.00483564
0.00464973
0.004444
0.00421978
0.00397845
0.00372148
0.00345539
0.00317674
0.00288711
0.00258813
0.00228145
0.00197469
0.00166351
0.00134952
0.00103432
0.000719495
0.000412754
0.000109409
-0.000189107
-0.000481412
-0.000766179
-0.00103654
-0.00129693
-0.00154623
-0.00178341
-0.00200751
-0.00221323
-0.00240424
-0.00257983
-0.00273941
-0.00288248
-0.0030058
-0.0031119
-0.00320058
-0.00327172
-0.00332532
-0.00336037
-0.00337812
-0.00337884
-0.00336287
-0.00333065
-0.00328328
-0.00322072
-0.00314359
-0.0030526
-0.0029485
-0.00283413
-0.00270828
-0.0025718
-0.0024256
-0.00227061
-0.00211089
-0.00194429
-0.00177177
-0.00159429
-0.00141284
-0.00123206
-0.0010492
-0.000865201
-0.000680953
-0.000497343
-0.000319006
-0.000142969
2.99942e-05
0.00019915
0.000363804
0.000519872
0.000670194
0.000814223
0.00095146
0.00108146
0.00120107
0.00131271
0.00141608
0.00151094
0.00159712
0.00167262
0.00173921
0.00179685
0.00184555
0.00188536
0.00191552
0.00193702
0.00195003
0.00195476
0.00195144
0.00194045
0.00192197
0.00189633
0.00186385
0.0018249
0.00178077
0.00173093
0.00167578
0.00161573
0.00155118
0.00148412
0.00141341
0.00133948
0.00126275
0.00118365
0.0011045
0.00102343
0.00094067
0.00085675
0.000772192
0.000689546
0.000607232
0.000525704
0.000445394
0.000366706
0.000291946
0.000219505
0.000149697
8.28054e-05
1.90844e-05
-3.96205e-05
-9.47685e-05
-0.0001462
-0.000193784
-0.000237419
-0.000275837
-0.000310224
-0.000340566
-0.000366879
-0.000389204
-0.000406876
-0.000420738
-0.000430899
-0.000437489
-0.000440653
-0.000440262
-0.000436791
-0.00043042
-0.000421344
-0.000409762
-0.000395955
-0.000380053
-0.000362271
-0.000342827
-0.00032194
-0.000300165
-0.000277371
-0.000253779
-0.000229607
-0.000205073
-0.000180861
-0.000156669
-0.000132696
-0.00010913
-8.61478e-05
-6.44197e-05
-4.35518e-05
-2.36822e-05
-4.93467e-06
1.25823e-05
2.83278e-05
4.2719e-05
5.56953e-05
6.72115e-05
7.72381e-05
8.542e-05
9.21415e-05
9.74182e-05
0.00010128
0.00010377
0.000104727
0.000104472
0.000103082
0.00010065
9.72719e-05
9.29468e-05
8.79177e-05
8.23011e-05
7.62171e-05
6.97866e-05
6.30947e-05
5.63055e-05
4.95338e-05
4.28886e-05
3.64725e-05
3.03772e-05
2.4691e-05
1.94878e-05
1.48301e-05
1.07678e-05
7.3406e-06
4.567e-06
2.45725e-06
1.00788e-06
2.01809e-07
0
0
0
0
0
0
0
0
0
0
0
0
0
0
0
0
0
0
0
0
0
0
0
0
0
0
0
0
0
0
0
0
0
0
0
0
0
0
0
0
0
0
0
0
0
0
0
0
0
0
0
0
0
0
0
0
0
0
0
0
0
0
0
0
0
0
0
0
0
0
0
0
0
0
0
0
0
0
0
0
0
0
0
0
0
0
0
0
0
0
0
0
0
0
0
0
0
0
0
0
0
0
0
0
0
0
0
0
0
0
0
0
0
0
0
0
0
0
0
0
0
0
0
0
0
0
0
0
0
0
0
0
0
0
0
0
0
0
0
0
0
0
0
0
0
0
0
0
0
0
0
0
0
0
0
0
0
0
0
0
0
0
0
0
0
0
0
0
0
0
0
0
0
0
0
0
0
0
0
0
0
0
0
0
0
0
0
0
0
0
0
0
0
0
0
0
0
0
0
0
0
0
0
0
0
0
0
0
0
0
0
0
0
0
0
0
0
0
0
0
0
0
0
0
0
0
0
0
0
0
0
0
0
0
0
0
0
0
0
0
0
0
0
0
0
0
0
0
0
0
0
0
0
0
0
0
0
0
0
0
0
0
0
0
0
0
0
0
0
0
0
0
0
0
0
0
0
0
0
0
0
0
0
0
0
0
0
0
0
0
0
0
0
0
0
0
0
0
0
0
0
0
0
0
0
0
0
0
0
0
0
0
0
0
0
0
0
0
0
0
0
0
0
0
0
0
0
0
0
0
0
0
0
0
0
0
0
0
0
0
0
0
0
0
0
0
0
0
0
0
0
0
0
0
0
0
0
0
0
0
0
0
0
0
0
0
0
0
0
0
0
0
0
0
0
0
0
0
0
0
0
0
0
0
