-0
-0
-0
-0
-0
-0
-0
-0
-0
-0
-0
-0
-0
-0
-0
-0
-0
-0
-0
-0
-0
-0
-0
-0
-0
-0
-0
-0
-0
-0
-0
-0
-0
-0
-0
-0
-0
-0
-0
-0
-0
0
0
0
0
0
0
0
0
0
0
0
0
0
0
0
0
0
0
0
0
0
0
0
0
0
0
0
0
0
0
0
0
0
0
0
0
0
0
0
0
0
0
0
0
0
0
0
0
0
-0
-0
-0
-0
-0
-0
-0
-0
-0
-0
-0
-0
-0
-0
-0
-0
-0
-0
-0
-0
-0
-0
-0
-0
-0
-0
-0
-0
-0
-0
-0
-0
-0
-0
-0
-0
-0
-0
-0
-0
-0
-0
-0
-0
-0
-0
-0
-0
-0
0
0
0
0
0
0
0
0
0
0
0
0
0
0
0
0
0
0
0
0
0
0
0
0
0
0
0
0
0
0
0
0
0
0
0
0
0
0
0
0
0
0
0
-0
-0
-0
-0
-0
-0
-0
-0
-0
-0
-0
-0
-0
-0
-0
-0
-0
-0
-0
-0
-0
-0
-0
0
0
0
0
0
0
0
0
0
0
0
0
0
0
0
0
0
0
0
0
0
0
0
0
0
0
0
0
0
0
-0
-0
-0
-0
-0
-0
-0
-0
-0
-0
-0
-0
-0
-0
-0
-0
-0
-0
-0
-0
-0
-0
-0
-0
-0
-0
-0
-0
-0
-0
-0
-0
-0
-0
-0
-0
-0
-0
-0
-0
-0
-0
-0
-0
-0
-0
-0
-0
-0
-0
-0
-0
-0
-0
0
0
0
0
0
0
0
0
0
0
0
0
0
0
0
0
0
0
0
0
0
0
0
0
0
0
0
0
0
0
0
0
0
0
0
0
0
0
0
0
0
0
0
0
0
0
0
0
0
0
0
-0
-0
-0
-0
-0
-0
-0
-0
-0
-0
-0
-0
-0
-0
-0
-0
-0
-0
-0
-0
-0
-0
-0
-0
-0
-0
-0
-0
-0
-0
-0
-0
-0
-0
-0
-0
-0
-0
-0
-0
-0
-0
-0
-0
-4.36878e-06
-1.9033e-05
-3.98608e-05
-6.22902e-05
-8.16037e-05
-9.29931e-05
-9.16333e-05
-7.27603e-05
-3.17457e-05
3.58415e-05
0.000134184
0.000267163
0.000438301
0.000650683
0.000906885
0.00120892
0.0015582
0.0019555
0.00240098
0.00289407
0.00343351
0.00401732
0.00464283
0.00530671
0.00600506
0.00673333
0.00748631
0.00825805
0.00904193
0.00983078
0.0106171
0.0113933
0.0121514
0.0128836
0.0135816
0.0142368
0.0148406
0.0153842
0.0158592
0.0162575
0.0165713
0.0167935
0.016917
0.0169354
0.0168432
0.0166354
0.0163081
0.0158579
0.0152818
0.0145779
0.013745
0.0127835
0.0116948
0.0104821
0.00914897
0.00769995
0.00613982
0.00447406
0.00270921
0.000853164
-0.00108492
-0.00309487
-0.005166
-0.00728733
-0.00944762
-0.0116352
-0.0138376
-0.0160421
-0.0182355
-0.0204044
-0.0225359
-0.0246168
-0.0266342
-0.0285748
-0.0304259
-0.032175
-0.0338111
-0.035324
-0.0367043
-0.0379432
-0.0390318
-0.039962
-0.0407265
-0.0413195
-0.0417374
-0.0419779
-0.0420398
-0.0419229
-0.041627
-0.0411532
-0.0405144
-0.0397275
-0.0387962
-0.0377245
-0.0365168
-0.0351778
-0.0337126
-0.0321266
-0.0304262
-0.0286183
-0.0267102
-0.0247092
-0.0226225
-0.020458
-0.0182238
-0.015929
-0.0135827
-0.0111943
-0.00877242
-0.00632571
-0.00386275
-0.00139265
0.00107484
0.00352954
0.00596151
0.00836148
0.010721
0.013032
0.0152864
0.0174756
0.0195908
0.0216231
0.0235645
0.0254081
0.0271477
0.028778
0.0302934
0.0316882
0.0329569
0.0340943
0.0350963
0.0359595
0.0366812
0.0372592
0.037692
0.0379784
0.0381181
0.0381113
0.0379588
0.0376614
0.03722
0.0366357
0.0359106
0.0350484
0.0340541
0.0329338
0.0316939
0.0303399
0.0288769
0.0273097
0.0256437
0.0238855
0.0220431
0.0201255
0.0181417
0.0161004
0.0140095
0.0118769
0.00971048
0.00751858
0.00530993
0.0030934
0.000877807
-0.00132814
-0.00351578
-0.00567645
-0.00780173
-0.00988378
-0.0119155
-0.0138906
-0.0158029
-0.0176461
-0.0194131
-0.0210967
-0.0226896
-0.024186
-0.0255812
-0.026872
-0.0280556
-0.0291289
-0.0300885
-0.0309307
-0.0316523
-0.032251
-0.0327258
-0.0330764
-0.0333028
-0.0334048
-0.0333819
-0.0332342
-0.0329624
-0.0325683
-0.0320546
-0.031424
-0.0306794
-0.0298231
-0.0288578
-0.0277863
-0.0266126
-0.025341
-0.0239765
-0.0225242
-0.020989
-0.0193761
-0.0176908
-0.0159388
-0.0141261
-0.0122586
-0.010342
-0.00838195
-0.0063845
-0.00435642
-0.00230527
-0.000239047
0.00183455
0.00390865
0.00597729
0.00803495
0.0100757
0.0120926
0.0140774
0.0160212
0.0179156
0.0197529
0.0215272
0.0232331
0.0248651
0.026417
0.0278815
0.0292506
0.0305167
0.0316733
0.032715
0.0336374
0.0344362
0.0351065
0.0356431
0.0360403
0.0362935
0.0363988
0.0363538
0.0361567
0.0358057
0.0352988
0.0346335
0.0338078
0.0328207
0.0316729
0.0303665
0.0289048
0.0272909
0.0255277
0.023618
0.0215647
0.0193718
0.0170449
0.0145911
0.0120185
0.00933576
0.00655176
0.00367548
0.000716429
-0.00231512
-0.00540798
-0.00855017
-0.0117292
-0.0149321
-0.0181456
-0.0213558
-0.0245479
-0.0277065
-0.0308158
-0.0338599
-0.0368233
-0.0396913
-0.0424492
-0.0450823
-0.0475758
-0.0499142
-0.0520823
-0.0540648
-0.0558472
-0.0574158
-0.0587578
-0.0598616
-0.0607163
-0.0613123
-0.0616408
-0.0616942
-0.0614659
-0.0609503
-0.0601428
-0.0590399
-0.0576397
-0.0559417
-0.0539473
-0.0516595
-0.0490832
-0.0462248
-0.0430919
-0.0396937
-0.0360408
-0.032145
-0.0280198
-0.0236802
-0.0191425
-0.0144249
-0.00954686
-0.00452913
0.000606114
0.00583564
0.0111353
0.0164804
0.0218457
0.0272055
0.032534
0.0378051
0.0429923
0.0480688
0.0530074
0.0577809
0.0623626
0.0667262
0.0708465
0.0746994
0.078262
0.0815126
0.0844306
0.0869969
0.0891935
0.0910041
0.0924138
0.0934095
0.0939797
0.0941152
0.0938088
0.0930561
0.0918551
0.090207
0.088115
0.0855851
0.082625
0.0792445
0.0754554
0.0712716
0.066709
0.0617857
0.0565221
0.0509404
0.0450652
0.0389229
0.0325422
0.0259534
0.0191886
0.0122805
0.00526283
-0.00183055
-0.00896552
-0.0161078
-0.023223
-0.0302766
-0.0372342
-0.0440618
-0.0507252
-0.0571911
-0.063426
-0.0693972
-0.0750727
-0.0804215
-0.0854145
-0.0900241
-0.0942254
-0.0979954
-0.101314
-0.104164
-0.106529
-0.108399
-0.109763
-0.110617
-0.110957
-0.110783
-0.110097
-0.108905
-0.107213
-0.105033
-0.102377
-0.0992608
-0.0957033
-0.0917243
-0.0873463
-0.0825935
-0.0774919
-0.0720692
-0.0663548
-0.0603795
-0.0541753
-0.0477752
-0.0412129
-0.0345229
-0.0277399
-0.0208991
-0.0140355
-0.00718417
-0.000379591
0.00634432
0.0129544
0.0194182
0.0257045
0.031783
0.0376249
0.043203
0.048492
0.0534684
0.0581105
0.0623988
0.0663157
0.0698459
0.0729761
0.0756958
0.0779964
0.0798717
0.081318
0.0823335
0.0829188
0.083077
0.0828133
0.0821354
0.0810851
0.0797182
0.0780424
0.0760649
0.0737923
0.0712313
0.0683885
0.0652707
0.0618847
0.0582376
0.054337
0.0501909
0.0458087
0.0412005
0.0363781
0.031354
0.0261425
0.0207587
0.0152196
0.00954361
0.00375087
-0.00213672
-0.00809565
-0.014101
-0.0201264
-0.0261443
-0.0321258
-0.038041
-0.0438588
-0.0495477
-0.0550754
-0.0604097
-0.0655184
-0.0703695
-0.0749316
-0.0791741
-0.0830672
-0.0865828
-0.0896944
-0.0923774
-0.0946095
-0.0963709
-0.0976441
-0.0984147
-0.0986712
-0.098405
-0.097611
-0.0962878
-0.0944373
-0.0920653
-0.089181
-0.0857972
-0.0819298
-0.0775983
-0.0728252
-0.0676365
-0.0620612
-0.0561315
-0.0498821
-0.0433497
-0.036573
-0.0295921
-0.0224491
-0.0151875
-0.0078521
-0.000488413
0.00685777
0.014141
0.0213163
0.0283394
0.0351667
0.0417555
0.0480642
0.0540532
0.0596847
0.0649234
0.0697366
0.0740943
0.0779693
0.0813376
0.0841785
0.0864748
0.0882125
0.0893809
0.0899725
0.0899832
0.0894127
0.0882644
0.0865356
0.0842282
0.0813736
0.0780047
0.07414
0.069801
0.0650385
0.0598527
0.0542728
0.04833
0.0420568
0.0355368
0.0287553
0.0217488
0.0145552
0.00721354
-0.000167344
-0.00761794
-0.0150989
-0.0225706
-0.0299936
-0.0372458
-0.0443717
-0.0513333
-0.058094
-0.0646185
-0.0707875
-0.0766554
-0.0821916
-0.087367
-0.0921543
-0.0964515
-0.100315
-0.103724
-0.106663
-0.109115
-0.111011
-0.112397
-0.113269
-0.11362
-0.113449
-0.112728
-0.111488
-0.109737
-0.107483
-0.104736
-0.101516
-0.0978328
-0.0937023
-0.089144
-0.084179
-0.0788733
-0.0732083
-0.0672107
-0.0609082
-0.0543294
-0.0475794
-0.0406109
-0.0334546
-0.0261422
-0.0187058
-0.0112794
-0.00379168
0.00372554
0.0112407
0.0187221
0.0260231
0.0332301
0.0403132
0.0472434
0.0539923
0.0604163
0.0666064
0.0725365
0.0781816
0.0835178
0.0884195
0.0929698
0.0971489
0.100938
0.104319
0.107197
0.109634
0.111614
0.113126
0.114155
0.114652
0.114647
0.114131
0.113096
0.111511
0.109364
0.106648
0.103368
0.0995288
0.095141
0.0902702
0.0848775
0.0789809
0.0726014
0.0657625
0.0585889
0.0510105
0.0430582
0.0347651
0.0261668
0.0174345
0.00847258
-0.000678936
-0.00997858
-0.0193833
-0.0286946
-0.038022
-0.0473206
-0.0565448
-0.0656494
-0.0744327
-0.0830068
-0.0913275
-0.0993517
-0.107037
-0.114204
-0.120952
-0.127246
-0.13305
-0.138333
-0.14296
-0.147009
-0.150455
-0.153276
-0.155453
-0.156917
-0.15771
-0.157823
-0.15725
-0.155991
-0.15405
-0.15143
-0.148139
-0.144188
-0.139592
-0.134431
-0.128665
-0.122319
-0.11542
-0.107999
-0.100204
-0.0919558
-0.0832934
-0.0742572
-0.0648898
-0.0553859
-0.0456409
-0.0357011
-0.0256143
-0.0154286
-0.00536203
0.00470618
0.0147277
0.0246548
0.0344403
0.0438709
0.0530696
0.0619932
0.0705999
0.0788492
0.0865575
0.0938335
0.100643
0.106956
0.112742
0.117871
0.122426
0.126388
0.12974
0.132471
0.134515
0.135921
0.136687
0.136811
0.136299
0.135157
0.133394
0.131023
0.128061
0.124526
0.120492
0.11593
0.110867
0.105331
0.0993547
0.0930671
0.0864054
0.0794052
0.0721036
0.0645385
0.0568768
0.0490299
0.0410373
0.0329391
0.0247751
0.0167264
0.00869081
0.000707133
-0.00718658
-0.0149531
-0.0224197
-0.0296893
-0.0367298
-0.0435107
-0.0500032
-0.056063
-0.0617821
-0.0671377
-0.0721087
-0.076677
-0.0807413
-0.0843733
-0.0875618
-0.090298
-0.0925754
-0.0943446
-0.09565
-0.0964931
-0.0968772
-0.0968079
-0.0962877
-0.0953304
-0.093947
-0.0921508
-0.0899571
-0.0874163
-0.0845135
-0.0812681
-0.0777009
-0.0738341
-0.0697546
-0.0654221
-0.0608609
-0.056096
-0.0511527
-0.0461415
-0.0410035
-0.0357647
-0.0304514
-0.0250895
-0.019798
-0.0145072
-0.00924046
-0.00402026
0.00113127
0.00610087
0.0109596
0.0156879
0.0202672
0.0246805
0.0288319
0.0327872
0.0365331
0.0400577
0.0433505
0.0463415
0.049084
0.0515719
0.0538
0.0557642
0.0574236
0.0588136
0.0599332
0.0607831
0.061366
0.0616729
0.0617221
0.0615196
0.0610712
0.0603828
0.0594713
0.0583334
0.0569781
0.0554162
0.0536598
0.0517514
0.0496723
0.0474329
0.0450433
0.0425142
0.0399026
0.0371765
0.0343496
0.0314357
0.0284472
0.0254499
0.0223991
0.0193057
0.016182
0.0130417
0.00995711
0.00688206
0.00382659
0.000798808
-0.00219391
-0.00508633
-0.00792555
-0.0107002
-0.013399
-0.016012
-0.0184813
-0.0208528
-0.0231221
-0.0252848
-0.0273347
-0.029224
-0.0309862
-0.0326154
-0.0341078
-0.0354609
-0.0366454
-0.0376869
-0.0385829
-0.0393306
-0.0399279
-0.0403603
-0.0406405
-0.0407688
-0.0407455
-0.0405706
-0.0402469
-0.0397734
-0.0391525
-0.0383872
-0.0374812
-0.0364546
-0.0352936
-0.0340014
-0.0325819
-0.0310398
-0.029411
-0.0276717
-0.0258276
-0.023884
-0.0218456
-0.0197582
-0.0175878
-0.0153424
-0.0130307
-0.0106608
-0.00828763
-0.00586967
-0.00341269
-0.00092338
0.00158999
0.00406687
0.00654825
0.00902495
0.0114892
0.0139344
0.0163042
0.0186419
0.0209395
0.0231881
0.0253789
0.0274591
0.0294661
0.0313935
0.0332349
0.0349839
0.0365988
0.0381088
0.0395085
0.040793
0.0419574
0.0429739
0.0438596
0.0446094
0.0452197
0.0456885
0.0460073
0.0461835
0.0462163
0.0461038
0.0458438
0.0454432
0.0448941
0.0441989
0.0433614
0.0423855
0.0412982
0.0400782
0.038728
0.0372511
0.0356523
0.0339749
0.0321885
0.0302996
0.0283144
0.0262389
0.0241272
0.02194
0.0196857
0.0173729
0.0150095
0.0126564
0.0102678
0.00785222
0.00541926
0.00297915
0.00059633
-0.00177482
-0.00412654
-0.00645145
-0.00874165
-0.0109374
-0.0130801
-0.0151605
-0.0171704
-0.0191031
-0.02091
-0.0226276
-0.0242493
-0.0257676
-0.0271753
-0.0284359
-0.0295751
-0.0305893
-0.0314755
-0.0322299
-0.0328334
-0.0332863
-0.0335766
-0.0337026
-0.0336642
-0.0334629
-0.0330988
-0.0325739
-0.031891
-0.0310549
-0.0300885
-0.0289828
-0.0277458
-0.0263851
-0.0249085
-0.0233541
-0.0217015
-0.019962
-0.0181481
-0.0162725
-0.0143857
-0.0124595
-0.0105047
-0.0085327
-0.0065554
-0.00462781
-0.00271824
-0.000838125
0.00100202
0.00279236
0.00448199
0.00610497
0.00765277
0.00911772
0.0104933
0.0117379
0.0128848
0.0139298
0.0148689
0.0156989
0.0163894
0.0169699
0.017441
0.0178044
0.0180621
0.0181971
0.0182321
0.01817
0.0180152
0.0177726
0.0174383
0.0170293
0.0165521
0.0160128
0.0154182
0.0147725
0.0140857
0.0133655
0.012619
0.0118533
0.0110774
0.0102956
0.00951446
0.00874034
0.00797923
0.00724092
0.00652531
0.00583676
0.00517921
0.00455619
0.00397527
0.00343372
0.0029335
0.00247587
0.00206145
0.00169351
0.00136755
0.00108272
0.000837708
0.000630718
0.000461122
0.000324012
0.000216471
0.0001353
7.7059e-05
3.8528e-05
1.52396e-05
3.46127e-06
-5.54256e-07
-5.15252e-07
-0
-0
-0
-0
-0
-0
-0
-0
-0
-0
-0
-0
-0
-0
-0
-0
-0
-0
-0
-0
-0
-0
-0
-0
-0
-0
-0
-0
-0
-0
-0
-0
-0
-0
-0
-0
-0
-0
0
0
0
0
0
0
0
0
0
0
0
0
0
0
0
0
0
0
0
0
0
0
0
0
0
0
0
0
0
0
0
0
0
0
0
0
0
0
0
0
0
0
0
0
0
0
0
0
0
0
0
0
0
0
0
0
0
0
0
0
0
0
0
0
0
-0
-0
-0
-0
-0
-0
-0
-0
-0
-0
-0
-0
-0
-0
-0
-0
-0
-0
-0
-0
-0
-0
-0
-0
-0
-0
-0
-0
-0
-0
-0
-0
-0
-0
-0
-0
-0
0
0
0
0
0
0
0
0
0
0
0
0
0
0
0
0
0
0
0
0
0
0
0
0
0
0
0
0
0
0
0
0
0
0
0
0
0
0
0
0
0
0
0
0
0
0
0
0
0
0
0
0
0
0
0
0
0
0
0
0
0
0
0
0
0
0
0
0
0
0
0
0
0
0
0
0
0
0
0
0
0
0
0
0
0
0
0
0
0
0
0
0
0
0
0
0
0
0
0
0
0
0
0
0
0
0
0
0
0
0
0
0
0
0
0
-0
-0
-0
-0
-0
-0
-0
-0
-0
-0
-0
-0
-0
-0
-0
-0
-0
-0
-0
-0
-0
-0
-0
-0
-0
-0
-0
-0
-0
-0
-0
-0
-0
-0
-0
-0
-0
-0
-0
0
0
0
0
0
0
0
0
0
0
0
0
0
0
0
0
0
0
0
0
0
0
0
0
0
0
0
0
0
0
0
0
0
0
0
0
0
0
0
-0
-0
-0
-0
-0
-0
-0
-0
-0
-0
-0
-0
-0
-0
-0
-0
-0
-0
-0
-0
-0
-0
-0
-0
-0
-0
-0
-0
-0
-0
-0
-0
-0
-0
-0
-0
-0
-0
-0
-0
-0
-0
-0
-0
-0
-0
-0
-0
-0
-0
-0
