-0
-0
0
0
0
0
0
0
0
0
0
0
0
0
0
0
0
0
0
0
0
0
0
0
0
0
0
0
0
0
0
0
0
0
0
0
0
0
0
0
0
0
0
0
0
0
0
0
-0
-0
-0
-0
-0
-0
-0
-0
-0
-0
-0
-0
-0
-0
-0
-0
-0
-0
-0
-0
-0
-0
-0
-0
-0
-0
-0
-0
-0
-0
-0
-0
-0
-0
-0
-0
-0
-0
-0
-0
-0
-0
-0
-0
-0
0
0
0
0
0
0
0
0
0
0
0
0
0
0
0
0
0
0
0
0
0
0
0
0
0
0
0
0
0
0
0
0
0
0
0
0
0
0
0
0
0
0
0
0
0
0
0
-0
-0
-0
-0
-0
-0
-0
-0
-0
-0
-0
-0
-0
-0
-0
-0
-0
-0
-0
-0
-0
-0
-0
-0
-0
-0
-0
-0
-0
-0
-0
-0
-0
-0
-0
-0
-0
-0
-0
-0
-0
-0
-0
-0
-0
-0
-0
-0
0
0
0
0
0
0
0
0
0
0
0
0
0
0
0
0
0
0
0
0
0
0
0
0
0
0
0
0
0
0
0
0
0
0
0
0
0
0
0
0
0
0
-0
-0
-0
-0
-0
-0
-0
-0
-0
-0
-0
-0
-0
-0
-0
-0
-0
-0
-0
-0
-0
-0
-0
-0
-0
-0
-0
-0
-0
-0
-0
-0
-0
-0
-0
-0
-0
-0
-0
-0
0
0
0
0
0
0
0
0
0
0
0
0
0
0
0
0
0
0
0
0
0
0
0
0
0
0
0
0
0
0
0
-0
-0
-0
-0
-0
-0
-0
-0
-0
-0
-0
-0
-0
-0
-0
-0
-0
-0
-0
-0
-0
-1.5072e-07
-6.01329e-06
-2.07702e-05
-4.47638e-05
-7.81094e-05
-0.00012068
-0.00017209
-0.000231695
-0.000298585
-0.000371602
-0.000449338
-0.000530133
-0.000612072
-0.000692987
-0.000770485
-0.000842
-0.000904841
-0.000956233
-0.000993324
-0.00101319
-0.00101283
-0.000989254
-0.000939514
-0.000860814
-0.000750551
-0.000606345
-0.00042604
-0.00020774
5.01286e-05
0.000348732
0.000688776
0.00107051
0.00149377
0.00195803
0.0024624
0.00300548
0.00358523
0.00419891
0.00484298
0.00551332
0.00620533
0.0069141
0.00763438
0.00836057
0.0090866
0.00980595
0.0105117
0.0111968
0.011854
0.012476
0.0130554
0.0135848
0.0140568
0.0144639
0.014799
0.0150554
0.0152269
0.0153074
0.0152918
0.0151751
0.0149532
0.0146227
0.0141813
0.0136276
0.0129608
0.012181
0.011289
0.0102864
0.00917568
0.00796051
0.00664561
0.00523664
0.00373996
0.00216256
0.000511952
-0.00120363
-0.00297515
-0.00479271
-0.00664566
-0.00852282
-0.0104127
-0.0123036
-0.0141838
-0.0160414
-0.0178643
-0.0196407
-0.0213587
-0.023007
-0.024575
-0.0260526
-0.0274311
-0.0287136
-0.0298979
-0.0309776
-0.0319473
-0.032802
-0.0335374
-0.03415
-0.0346365
-0.0349941
-0.0352201
-0.0353127
-0.0352707
-0.0350937
-0.0347821
-0.0343367
-0.0337589
-0.0330499
-0.0322117
-0.0312466
-0.0301579
-0.0289497
-0.0276266
-0.0261938
-0.0246567
-0.0230215
-0.0212946
-0.0194829
-0.017594
-0.0156354
-0.0136148
-0.01154
-0.00941914
-0.00726075
-0.00507396
-0.00286824
-0.00065318
0.00156189
0.00376792
0.00595608
0.00811746
0.0102429
0.0123233
0.0143496
0.0163131
0.018206
0.0200209
0.0217505
0.0233879
0.0249262
0.0263587
0.0276795
0.0288833
0.0299655
0.030922
0.0317488
0.0324425
0.0329999
0.0334189
0.033698
0.0338365
0.0338339
0.0336901
0.0334048
0.0329786
0.0324124
0.0317084
0.0308699
0.0299003
0.0288036
0.0275838
0.026245
0.024792
0.0232304
0.0215666
0.0198075
0.0179605
0.0160328
0.0140315
0.0119643
0.00983925
0.0076651
0.00545105
0.00320646
0.000940554
-0.00133756
-0.00361881
-0.00589391
-0.00815334
-0.0103874
-0.0125866
-0.0147418
-0.0168442
-0.0188856
-0.0208576
-0.0227518
-0.0245598
-0.0262733
-0.0278846
-0.029387
-0.0307745
-0.0320419
-0.0331841
-0.0341966
-0.0350747
-0.0358143
-0.0364118
-0.0368647
-0.037171
-0.0373299
-0.0373409
-0.0372039
-0.0369196
-0.0364889
-0.0359136
-0.035196
-0.0343394
-0.0333473
-0.0322237
-0.0309731
-0.0296005
-0.0281119
-0.0265138
-0.0248139
-0.0230197
-0.021139
-0.0191795
-0.0171488
-0.0150552
-0.0129077
-0.0107159
-0.00849034
-0.00624131
-0.00397885
-0.00171253
0.000548312
0.00279416
0.00501503
0.00720049
0.00934005
0.0114235
0.0134414
0.0153849
0.0172454
0.0190149
0.0206848
0.0222471
0.0236939
0.0250179
0.0262124
0.0272713
0.0281891
0.0289604
0.0295809
0.0300469
0.0303557
0.0305053
0.0304945
0.0303222
0.0299877
0.0294909
0.0288326
0.0280148
0.0270409
0.0259151
0.024642
0.0232267
0.0216743
0.0199905
0.0181818
0.0162558
0.014221
0.0120866
0.00986245
0.00755822
0.00518404
0.00275035
0.000268185
-0.00225078
-0.00479428
-0.0073497
-0.00990421
-0.012445
-0.0149594
-0.0174347
-0.0198586
-0.0222186
-0.0245027
-0.0266988
-0.0287952
-0.0307805
-0.0326435
-0.0343733
-0.0359594
-0.0373919
-0.0386614
-0.0397594
-0.0406785
-0.0414125
-0.0419562
-0.042305
-0.042455
-0.0424025
-0.0421443
-0.0416786
-0.0410045
-0.0401233
-0.0390378
-0.037752
-0.0362704
-0.0345977
-0.0327392
-0.0307003
-0.0284883
-0.026112
-0.023582
-0.0209106
-0.0181106
-0.015195
-0.0121765
-0.00906786
-0.00588219
-0.00263374
0.000661812
0.0039875
0.00732556
0.0106582
0.0139684
0.0172397
0.0204568
0.0236042
0.0266663
0.0296266
0.0324682
0.0351742
0.0377285
0.0401164
0.0423248
0.0443419
0.0461569
0.0477593
0.0491386
0.0502848
0.0511885
0.051842
0.0522391
0.0523761
0.0522506
0.051862
0.0512106
0.0502974
0.0491245
0.0476945
0.0460117
0.0440818
0.0419122
0.0395123
0.0368932
0.0340673
0.0310477
0.0278483
0.0244834
0.0209677
0.0173169
0.0135477
0.00967801
0.00572683
0.00171396
-0.00234044
-0.00641607
-0.0104928
-0.0145506
-0.0185699
-0.0225313
-0.0264157
-0.0302043
-0.0338786
-0.0374199
-0.04081
-0.0440307
-0.0470646
-0.0498949
-0.0525064
-0.0548853
-0.0570194
-0.0588983
-0.0605134
-0.0618579
-0.0629267
-0.0637161
-0.0642241
-0.0644499
-0.0643939
-0.0640574
-0.0634436
-0.0625566
-0.0614026
-0.059989
-0.0583249
-0.0564201
-0.0542858
-0.0519339
-0.0493774
-0.0466299
-0.0437063
-0.0406221
-0.0373937
-0.0340381
-0.0305727
-0.0270154
-0.0233846
-0.0196984
-0.0159753
-0.0122332
-0.00849004
-0.0047634
-0.00107069
0.00257087
0.00614437
0.00963337
0.0130221
0.0162957
0.0194403
0.0224426
0.0252908
0.0279736
0.0304807
0.0328029
0.034932
0.0368611
0.0385843
0.040097
0.0413958
0.0424783
0.0433432
0.0439904
0.0444209
0.0446366
0.0446406
0.0444371
0.0440311
0.0434288
0.0426368
0.0416628
0.0405152
0.0392031
0.0377362
0.0361249
0.0343801
0.032513
0.0305353
0.0284591
0.0262968
0.0240608
0.0217639
0.0194187
0.0170374
0.0146321
0.0122148
0.00979714
0.00739089
0.0050074
0.00265767
0.000352127
-0.0018995
-0.00408814
-0.00620533
-0.00824312
-0.0101941
-0.0120515
-0.0138092
-0.0154618
-0.0170046
-0.0184338
-0.0197459
-0.0209385
-0.0220095
-0.0229577
-0.0237825
-0.0244843
-0.0250637
-0.025522
-0.0258611
-0.0260834
-0.026192
-0.0261903
-0.0260827
-0.0258735
-0.0255675
-0.0251697
-0.0246852
-0.0241195
-0.0234782
-0.0227671
-0.0219924
-0.0211602
-0.0202769
-0.0193486
-0.0183815
-0.017395
-0.0164111
-0.0154299
-0.0144508
-0.0134731
-0.012496
-0.0115187
-0.0105402
-0.00955955
-0.00857576
-0.00758821
-0.00659664
-0.00560127
-0.00460275
-0.00360204
-0.00260038
-0.00159919
-0.000600176
0.000394598
0.00138265
0.00236109
0.00332676
0.00427628
0.00520614
0.00611262
0.00699182
0.0078396
0.00865181
0.00942443
0.0101538
0.0108365
0.0114695
0.0120497
0.0125741
0.0130397
0.0134435
0.0137834
0.0140576
0.0142651
0.0144052
0.0144774
0.0144814
0.0144172
0.0142852
0.0140864
0.0138222
0.0134944
0.013105
0.0126564
0.0121513
0.0115929
0.0109848
0.0103305
0.00963382
0.0088982
0.00812713
0.00732413
0.00649291
0.00563727
0.00476093
0.00386741
0.00296005
0.00204218
0.00111727
0.000188952
-0.000739153
-0.00166376
-0.00258212
-0.003492
-0.00439146
-0.0052786
-0.00615147
-0.00700826
-0.00784761
-0.00866864
-0.00947087
-0.0102538
-0.0110163
-0.011757
-0.0124741
-0.0131658
-0.0138313
-0.0144701
-0.0150822
-0.0156672
-0.0162241
-0.0167511
-0.0172461
-0.0177056
-0.0181262
-0.0185105
-0.0188614
-0.0191778
-0.0194583
-0.0196916
-0.0198854
-0.0200374
-0.0201453
-0.0202064
-0.0202122
-0.0201666
-0.020068
-0.0199147
-0.0197048
-0.0194355
-0.019105
-0.0187109
-0.018251
-0.0177236
-0.0171341
-0.0164751
-0.015746
-0.0149462
-0.0140753
-0.013148
-0.0121501
-0.0110827
-0.00994691
-0.00874413
-0.00749844
-0.00618961
-0.00482085
-0.00339628
-0.00192051
-0.000427014
0.00110866
0.00268193
0.00428773
0.00592003
0.00753952
0.00917078
0.0108055
0.0124355
0.0140524
0.0156164
0.0171507
0.0186461
0.0200932
0.0214822
0.0227773
0.0239955
0.0251274
0.026163
0.0270926
0.0278901
0.0285629
0.0291027
0.0295019
0.029753
0.0298469
0.0297781
0.0295397
0.0291255
0.0285303
0.0277655
0.026812
0.0256671
0.0243286
0.0227951
0.0211
0.0192102
0.0171274
0.0148544
0.0123949
0.00980438
0.00703749
0.00410162
0.00100558
-0.00224069
-0.0055626
-0.00901329
-0.012581
-0.0162525
-0.020013
-0.0237755
-0.0275932
-0.0314478
-0.0353205
-0.0391876
-0.0429557
-0.0466708
-0.0503089
-0.0538456
-0.0572559
-0.0604584
-0.0634854
-0.0663127
-0.0689159
-0.0712704
-0.073318
-0.0750707
-0.0765076
-0.077609
-0.0783562
-0.0787279
-0.0787112
-0.0782914
-0.0774553
-0.0761924
-0.074527
-0.0724206
-0.0698691
-0.0668709
-0.0634267
-0.0596096
-0.055356
-0.0506751
-0.0455782
-0.0400794
-0.0342981
-0.0281508
-0.02166
-0.014851
-0.00775208
-0.000519634
0.00694119
0.0145971
0.0224126
0.0303499
0.0382331
0.0461569
0.0540792
0.0619574
0.0697482
0.07728
0.0846365
0.0917729
0.0986441
0.105205
0.111311
0.117021
0.122294
0.127092
0.131376
0.135051
0.138143
0.140623
0.142465
0.143642
0.144127
0.143908
0.142969
0.141299
0.138892
0.135798
0.131964
0.127398
0.122106
0.116103
0.109515
0.102253
0.0943447
0.0858186
0.0767084
0.0672077
0.0571994
0.0467268
0.0358368
0.0245793
0.0131938
0.00154787
-0.010302
-0.0222972
-0.0343772
-0.0462862
-0.0581564
-0.0699254
-0.0815313
-0.0929121
-0.103829
-0.1144
-0.124564
-0.134264
-0.143446
-0.151918
-0.15977
-0.166953
-0.173423
-0.179139
-0.183987
-0.188011
-0.191184
-0.193483
-0.194889
-0.195379
-0.194951
-0.193599
-0.191323
-0.18813
-0.184093
-0.179163
-0.173359
-0.166706
-0.159231
-0.151099
-0.142217
-0.132628
-0.122378
-0.111517
-0.100278
-0.0885366
-0.0763531
-0.0637892
-0.0509095
-0.0379876
-0.0248833
-0.0116641
0.00160189
0.0148468
0.0277951
0.0405903
0.0531691
0.0654699
0.077432
0.0888121
0.099736
0.110148
0.119994
0.129226
0.137662
0.145398
0.152401
0.158639
0.164084
0.168641
0.172363
0.175234
0.177244
0.178386
0.178654
0.178056
0.176602
0.174308
0.171193
0.167345
0.162726
0.157364
0.151289
0.144538
0.137271
0.129411
0.121005
0.112104
0.10276
0.0931884
0.0832788
0.0730833
0.0626548
0.0520481
0.0414999
0.0308885
0.0202727
0.00971008
-0.000744066
-0.0108634
-0.0207745
-0.0304316
-0.0397892
-0.0488017
-0.0572753
-0.065315
-0.0728811
-0.0799391
-0.0864605
-0.0923157
-0.09759
-0.102265
-0.106322
-0.109746
-0.11247
-0.11454
-0.11595
-0.116705
-0.116811
-0.116282
-0.115128
-0.113361
-0.110998
-0.108057
-0.104613
-0.100635
-0.096153
-0.0911974
-0.0858027
-0.0801017
-0.0740311
-0.0676256
-0.0609208
-0.0539542
-0.0468904
-0.0396449
-0.032259
-0.0247735
-0.0172279
-0.0097955
-0.00237851
0.00498612
0.0122616
0.0194116
0.0262737
0.0329436
0.0393908
0.0455863
0.0515017
0.0570035
0.0621726
0.0669867
0.0714271
0.0754784
0.0790547
0.0822171
0.0849549
0.087258
0.0891186
0.0904989
0.0914313
0.0919182
0.0919648
0.0915771
0.0907701
0.0895428
0.0879041
0.0858653
0.0834402
0.0806919
0.0775925
0.074162
0.0704207
0.0663898
0.0621675
0.0576988
0.0530066
0.0481151
0.0430495
0.037933
0.0326946
0.0273605
0.0219565
0.0165082
0.0111459
0.00578927
0.000462814
-0.00480899
-0.0100021
-0.0149918
-0.019857
-0.0245757
-0.0291267
-0.03349
-0.0375601
-0.0414068
-0.0450146
-0.0483692
-0.0514568
-0.0542009
-0.0566518
-0.0587985
-0.0606326
-0.0621485
-0.0633092
-0.0641451
-0.0646536
-0.0648324
-0.0646801
-0.0641964
-0.0633857
-0.0622539
-0.0608086
-0.0590577
-0.0570393
-0.0547312
-0.052143
-0.0492863
-0.0461748
-0.042881
-0.0393621
-0.0356327
-0.0317079
-0.0276038
-0.0234168
-0.0190883
-0.0146385
-0.0100871
-0.00545243
-0.00084215
0.00381654
0.00850458
0.0132011
0.0178845
0.0224408
0.0269445
0.0313792
0.0357293
0.0399792
0.0440256
0.0479372
0.051697
0.0552894
0.0587015
0.0618507
0.0647978
0.0675323
0.0700432
0.0723201
0.0743047
0.0760399
0.077521
0.078745
0.0797088
0.0803868
0.0807995
0.0809455
0.0808258
0.0804428
0.0798058
0.0789145
0.0777737
0.0763885
0.0747646
0.0729411
0.0708947
0.0686354
0.0661744
0.0635228
0.0607467
0.0578017
0.054699
0.0514506
0.0480697
0.0446429
0.0411122
0.0374921
0.0337968
0.0300403
0.0263192
0.0225654
0.0187938
0.0150192
0.0112567
0.00760457
0.0039922
0.000432837
-0.00306013
-0.00647298
-0.00971427
-0.0128487
-0.0158645
-0.018751
-0.0214986
-0.024034
-0.0264121
-0.0286235
-0.0306594
-0.0325122
-0.0341317
-0.0355582
-0.0367889
-0.037821
-0.0386516
-0.0392568
-0.0396559
-0.0398483
-0.039835
-0.039618
-0.0392033
-0.0385913
-0.0377858
-0.0367913
-0.0356133
-0.034284
-0.0327843
-0.0311207
-0.0293002
-0.0273301
-0.0252642
-0.0230663
-0.0207437
-0.0183006
-0.0157516
-0.0131712
-0.0105146
-0.00779761
-0.00503695
-0.00225047
0.000478049
0.00319791
0.00589313
0.00854865
0.0111497
0.0136174
0.0160024
0.0182908
0.0204703
0.0225299
0.0244048
0.0261435
0.0277383
0.0291823
0.0304697
0.0315547
0.0324789
0.0332424
0.033846
0.0342907
0.0345514
0.0346578
0.0346141
0.0344257
0.0341001
0.0336334
0.0330456
0.0323441
0.031537
0.0306329
0.0296424
0.0285749
0.0274411
0.0262516
0.0250164
0.0237548
0.0224667
0.0211622
0.019851
0.0185422
0.0172577
0.0159901
0.0147461
0.0135323
0.0123548
0.0112335
0.0101582
0.00913278
0.00816022
0.00724279
0.00639416
0.00560287
0.00487021
0.00419681
0.00358235
0.00303402
0.00254038
0.0020993
0.00170853
0.00136574
0.00107343
0.000822986
0.000611372
0.00043534
0.000291553
0.000179015
9.15956e-05
2.61267e-05
-2.05084e-05
-5.13368e-05
-6.84775e-05
-7.55825e-05
-7.50209e-05
-6.89244e-05
-5.9206e-05
-4.7452e-05
-3.52932e-05
-2.3904e-05
-1.41799e-05
-6.74735e-06
-1.98658e-06
-5.0213e-08
-0
-0
-0
-0
-0
-0
-0
-0
-0
-0
-0
-0
0
0
0
0
0
0
0
0
0
0
0
0
0
0
0
0
0
0
0
0
0
0
0
0
0
0
0
0
0
0
0
0
0
0
0
0
0
0
0
0
0
0
0
0
0
0
0
0
0
0
0
0
0
0
0
0
0
0
0
0
0
0
0
0
0
0
0
0
0
0
0
0
0
0
0
0
0
0
0
0
0
0
0
0
0
0
0
0
0
0
0
0
0
0
0
0
0
0
0
0
0
0
0
0
0
0
0
0
0
0
0
0
0
0
0
0
0
0
0
0
0
0
0
0
0
0
0
0
0
0
0
0
0
0
0
0
0
0
0
-0
-0
-0
-0
-0
-0
-0
-0
-0
-0
-0
-0
-0
-0
-0
-0
0
0
0
0
0
0
0
0
0
0
0
0
0
0
0
0
0
0
0
0
0
0
0
0
0
0
0
0
0
0
0
0
0
0
0
0
0
0
0
0
0
0
0
0
0
0
0
0
0
0
0
0
0
0
0
0
0
0
0
0
0
0
0
0
0
0
0
-0
-0
-0
-0
-0
-0
-0
-0
-0
-0
-0
-0
-0
-0
-0
-0
-0
-0
-0
-0
-0
-0
-0
-0
-0
-0
-0
-0
-0
-0
-0
-0
0
0
0
0
0
0
0
0
0
0
0
0
0
0
0
0
0
0
0
0
0
0
0
0
0
0
0
0
0
0
0
0
0
0
0
0
0
0
0
0
0
0
0
0
0
0
0
0
0
0
0
0
0
0
0
0
