-0
-0
-0
-0
-0
-0
-0
-0
-0
-0
-0
-0
-0
-0
-0
-0
-0
-0
-0
-0
-0
-0
-0
-0
-0
-0
-0
-0
-0
-0
-0
-0
-0
-0
-0
-0
-0
-0
-0
-0
-0
0
0
0
0
0
0
0
0
0
0
0
0
0
0
0
0
0
0
0
0
0
0
0
0
0
0
0
0
0
0
0
0
0
0
0
0
0
0
0
0
0
0
0
0
0
0
0
0
0
-0
-0
-0
-0
-0
-0
-0
-0
-0
-0
-0
-0
-0
-0
-0
-0
-0
-0
-0
-0
-0
-0
-0
-0
-0
-0
-0
-0
-0
-0
-0
-0
-0
-0
-0
-0
-0
-0
-0
-0
-0
-0
-0
-0
-0
-0
-0
-0
0
0
0
0
0
0
0
0
0
0
0
0
0
0
0
0
0
0
0
0
0
0
0
0
0
0
0
0
0
0
0
0
0
0
0
0
0
0
0
0
0
0
0
0
-0
-0
-0
-0
-0
-0
-0
-0
-0
-0
-0
-0
-0
-0
-0
-0
-0
-0
-0
-0
-0
-0
-0
-0
-0
-0
-0
-0
-0
-0
-0
-0
-0
-0
-0
-0
-0
-0
-0
-0
-0
-0
-0
-0
-0
-0
-0
0
0
0
0
0
0
0
0
0
0
0
0
0
0
0
0
0
0
0
0
0
0
0
0
0
0
0
0
0
0
0
0
0
0
0
0
0
0
0
0
0
0
-0
-0
-0
-0
-0
-0
-0
-0
-0
-0
-0
-0
-0
-0
-0
-0
-0
-0
-0
-0
-0
-0
-0
-0
-0
-0
-0
-0
-0
-0
-0
-0
-0
-0
-0
-0
-0
-0
-0
-0
-0
-0
-0
-0
-0
-0
-0
-0
-0
-0
0
0
0
0
0
0
0
0
0
0
0
0
0
0
0
0
0
0
0
0
0
0
0
0
0
0
0
0
0
0
0
0
0
0
0
0
0
0
0
0
0
0
0
0
0
0
-0
-0
-0
-0
-0
-0
-0
-0
-0
-0
-0
-0
-0
-0
-0
-0
-0
-7.96566e-06
-4.03643e-05
-9.9737e-05
-0.000187687
-0.000305181
-0.000452519
-0.000629321
-0.000834521
-0.00106637
-0.00132244
-0.00159962
-0.00189414
-0.00220161
-0.00251708
-0.00283511
-0.00314984
-0.00345505
-0.00374417
-0.00401037
-0.00424662
-0.00444584
-0.00460103
-0.00470534
-0.00475214
-0.00473508
-0.00464816
-0.00448583
-0.00424316
-0.00391591
-0.00350065
-0.00299463
-0.00239588
-0.00170317
-0.000916188
-3.56908e-05
0.000936401
0.00199703
0.00314217
0.00436694
0.00566576
0.00703216
0.00845873
0.00993696
0.0114573
0.0130095
0.0145828
0.0161659
0.0177475
0.0193157
0.0208581
0.0223619
0.0238143
0.0252023
0.0265138
0.0277368
0.0288597
0.0298711
0.0307602
0.0315166
0.032131
0.0325951
0.0329022
0.0330461
0.0330218
0.032825
0.0324527
0.0319035
0.0311777
0.030277
0.0292047
0.0279648
0.0265621
0.0250025
0.0232931
0.0214428
0.0194617
0.0173615
0.0151544
0.0128534
0.0104716
0.0080227
0.00552116
0.00298188
0.000420215
-0.00214839
-0.0047085
-0.00724473
-0.0097417
-0.0121842
-0.0145572
-0.0168512
-0.0190614
-0.02118
-0.0231994
-0.0251127
-0.0269128
-0.0285924
-0.0301449
-0.0315645
-0.0328464
-0.0339872
-0.034984
-0.0358348
-0.0365378
-0.0370913
-0.0374942
-0.0377461
-0.0378472
-0.0377987
-0.0376024
-0.0372608
-0.036777
-0.0361552
-0.0353998
-0.034516
-0.0335089
-0.032384
-0.0311468
-0.0298032
-0.02836
-0.0268245
-0.0252049
-0.0235095
-0.0217464
-0.0199236
-0.0180488
-0.0161299
-0.0141755
-0.0121945
-0.010196
-0.00818898
-0.006182
-0.00418309
-0.00220003
-0.000240499
0.00168776
0.00357705
0.00541991
0.00720932
0.00893864
0.0106016
0.012192
0.0137039
0.0151316
0.0164698
0.0177143
0.0188613
0.0199078
0.020851
0.0216883
0.0224173
0.023036
0.0235431
0.0239378
0.0242201
0.0243903
0.0244494
0.0243984
0.024239
0.023973
0.0236028
0.0231311
0.0225608
0.0218953
0.0211381
0.0202933
0.0193656
0.0183601
0.0172822
0.0161374
0.014931
0.0136686
0.0123556
0.0109981
0.00960235
0.00817477
0.00672199
0.00525055
0.00376687
0.00227723
0.000787841
-0.000695175
-0.00216577
-0.00361797
-0.00504582
-0.00644336
-0.00780452
-0.00912328
-0.0103938
-0.0116108
-0.0127692
-0.0138649
-0.0148937
-0.0158516
-0.0167346
-0.0175385
-0.0182596
-0.0188947
-0.0194414
-0.0198981
-0.0202637
-0.0205371
-0.0207174
-0.0208034
-0.0207943
-0.0206894
-0.020489
-0.0201935
-0.0198043
-0.0193233
-0.0187527
-0.0180952
-0.017354
-0.0165327
-0.0156348
-0.0146642
-0.013625
-0.0125213
-0.0113578
-0.0101395
-0.0088721
-0.00756169
-0.00621451
-0.00483682
-0.00343475
-0.00201445
-0.000582257
0.00085512
0.00229051
0.00371639
0.00512516
0.00650935
0.00786182
0.00917574
0.0104445
0.0116614
0.0128199
0.0139133
0.014935
0.0158789
0.0167395
0.0175116
0.0181906
0.0187721
0.0192521
0.0196267
0.0198927
0.0200468
0.0200865
0.0200097
0.0198146
0.0195002
0.019066
0.0185127
0.0178416
0.0170552
0.0161564
0.0151488
0.014036
0.0128221
0.0115115
0.0101089
0.00862007
0.00705115
0.00540915
0.00370167
0.00193687
0.000123418
-0.00172963
-0.0036129
-0.00551677
-0.00743147
-0.00934715
-0.0112538
-0.0131412
-0.0149992
-0.0168171
-0.0185847
-0.0202914
-0.0219272
-0.0234818
-0.0249456
-0.026309
-0.027563
-0.0286989
-0.0297091
-0.0305862
-0.0313237
-0.0319155
-0.0323559
-0.0326397
-0.0327621
-0.0327192
-0.0325082
-0.0321273
-0.0315758
-0.0308544
-0.0299647
-0.0289092
-0.0276913
-0.0263151
-0.0247853
-0.0231075
-0.0212879
-0.0193337
-0.017253
-0.0150547
-0.0127488
-0.0103459
-0.00785719
-0.00529452
-0.00267012
3.35177e-06
0.00271285
0.005445
0.00818612
0.0109222
0.013639
0.0163218
0.0189558
0.0215261
0.024018
0.0264171
0.0287099
0.0308834
0.0329252
0.0348234
0.0365668
0.0381446
0.0395467
0.0407639
0.0417878
0.0426108
0.0432264
0.0436289
0.0438139
0.0437781
0.0435196
0.0430379
0.0423336
0.0414086
0.0402658
0.0389092
0.0373439
0.0355759
0.0336123
0.0314611
0.0291312
0.0266325
0.0239762
0.0211745
0.0182409
0.0151897
0.0120361
0.00879556
0.00548378
0.00211671
-0.00128952
-0.00471862
-0.00815418
-0.0115797
-0.0149787
-0.0183346
-0.021631
-0.0248512
-0.0279788
-0.0309974
-0.0338915
-0.0366458
-0.039246
-0.0416787
-0.0439312
-0.0459918
-0.0478496
-0.0494953
-0.0509206
-0.0521189
-0.053085
-0.0538149
-0.054306
-0.0545569
-0.0545674
-0.0543385
-0.0538724
-0.0531723
-0.0522427
-0.0510892
-0.0497187
-0.0481393
-0.04636
-0.044391
-0.0422431
-0.0399278
-0.0374573
-0.0348444
-0.0321026
-0.0292462
-0.0262899
-0.0232489
-0.0201385
-0.0169743
-0.0137718
-0.0105467
-0.00731465
-0.00409103
-0.000891138
0.00227002
0.00537777
0.00841778
0.0113761
0.0142395
0.0169951
0.0196311
0.0221365
0.0245009
0.026715
0.0287698
0.0306572
0.0323702
0.0339024
0.0352489
0.0364057
0.03737
0.0381399
0.0387144
0.0390933
0.0392775
0.0392866
0.0391488
0.0388663
0.0384408
0.0378735
0.0371654
0.0363172
0.0353296
0.0342028
0.0329373
0.0315331
0.0299908
0.028311
0.0264947
0.0245435
0.0224595
0.0202454
0.0179044
0.0154406
0.0128589
0.0101652
0.00736594
0.00446886
0.0014824
-0.00158388
-0.00471924
-0.00791179
-0.0111486
-0.014416
-0.0176996
-0.0209845
-0.0242555
-0.0274962
-0.0306896
-0.0338181
-0.0368633
-0.0398072
-0.0426321
-0.0453208
-0.0478566
-0.0502229
-0.0524037
-0.0543832
-0.0561465
-0.0576797
-0.0589699
-0.0600056
-0.0607761
-0.0612724
-0.0614866
-0.0614131
-0.0610481
-0.0603897
-0.0594379
-0.058194
-0.0566609
-0.0548431
-0.052747
-0.0503812
-0.0477567
-0.0448861
-0.0417838
-0.0384655
-0.0349482
-0.0312503
-0.0273917
-0.0233935
-0.0192781
-0.0150689
-0.01079
-0.00646601
-0.0021224
0.00221506
0.00652038
0.0107677
0.0149314
0.0189865
0.0229081
0.0266722
0.030255
0.0336338
0.0367871
0.0396952
0.0423398
0.0447044
0.0467741
0.0485355
0.049977
0.0510831
0.0518403
0.052253
0.0523282
0.0520649
0.0514636
0.0505395
0.0492848
0.047706
0.0458117
0.0436117
0.0411431
0.0383932
0.0353767
0.03211
0.0286113
0.0249376
0.0210718
0.0170353
0.0128507
0.00854095
0.00417615
-0.000265828
-0.00476019
-0.00928181
-0.0138053
-0.0182556
-0.0226569
-0.0269837
-0.0312109
-0.0353139
-0.0392233
-0.0429636
-0.0465134
-0.0498521
-0.0529601
-0.0557821
-0.0583382
-0.0606131
-0.0625933
-0.064267
-0.0656035
-0.0666156
-0.0672966
-0.0676416
-0.0676472
-0.0673109
-0.0666345
-0.0656204
-0.0642726
-0.0625972
-0.0606217
-0.0583351
-0.0557481
-0.0528725
-0.0497215
-0.0463495
-0.0427313
-0.0388837
-0.0348247
-0.0305732
-0.0262051
-0.0216831
-0.0170279
-0.0122604
-0.00740185
-0.00254067
0.00236881
0.00730471
0.0122451
0.0171678
0.0219818
0.0267353
0.031407
0.0359761
0.0404224
0.0446629
0.0487424
0.0526422
0.0563436
0.0598282
0.0630285
0.0659784
0.0686625
0.0710666
0.073177
0.0749514
0.0764071
0.0775325
0.0783172
0.0787364
0.0787677
0.0784079
0.0776524
0.0764985
0.0749456
0.0730204
0.0707014
0.0679942
0.0649065
0.0614478
0.0576823
0.0535711
0.0491302
0.0443775
0.0393329
0.034093
0.0286051
0.0228932
0.0169826
0.0109003
0.00476432
-0.0014859
-0.00782039
-0.0142084
-0.0206187
-0.0269258
-0.0331916
-0.0393845
-0.0454727
-0.051425
-0.0571243
-0.0626266
-0.0679024
-0.072923
-0.0776608
-0.0820226
-0.0860514
-0.0897249
-0.0930222
-0.0959241
-0.0983736
-0.100395
-0.101976
-0.103104
-0.103773
-0.10397
-0.103696
-0.102951
-0.101736
-0.100053
-0.0979381
-0.09537
-0.0923594
-0.0889187
-0.0850624
-0.0808678
-0.0762936
-0.0713613
-0.0660943
-0.0605178
-0.0547428
-0.0487125
-0.0424558
-0.0360033
-0.0293869
-0.0227378
-0.0159906
-0.00917836
-0.00233405
0.00450953
0.0112196
0.0178641
0.0244111
0.0308295
0.0370891
0.0430711
0.0488368
0.0543591
0.0596121
0.0645713
0.0691458
0.0733831
0.0772648
0.0807741
0.0838962
0.086579
0.0888509
0.0907036
0.0921315
0.0931311
0.093695
0.0938307
0.0935409
0.0928305
0.0917064
0.0902035
0.0883073
0.0860307
0.0833889
0.0803986
0.0771311
0.0735533
0.0696863
0.0655526
0.0611757
0.0566523
0.0519343
0.047047
0.0420162
0.036869
0.0317147
0.0264985
0.0212476
0.0159887
0.0107487
0.0056345
0.000590185
-0.0043601
-0.00919321
-0.013887
-0.0183504
-0.0226336
-0.026718
-0.0305856
-0.0342201
-0.0375549
-0.0406287
-0.0434304
-0.0459507
-0.0481817
-0.0500891
-0.0516962
-0.0529997
-0.0539977
-0.0546902
-0.0550751
-0.0551589
-0.0549461
-0.0544432
-0.0536577
-0.0526186
-0.0513161
-0.0497617
-0.0479677
-0.0459476
-0.0437544
-0.0413648
-0.0387947
-0.0360602
-0.033178
-0.0302155
-0.0271394
-0.0239676
-0.0207179
-0.0174087
-0.0141131
-0.0107936
-0.00746723
-0.00415088
-0.000861074
0.00233343
0.00547008
0.00853438
0.0115127
0.0143919
0.0171159
0.0197168
0.0221838
0.0245068
0.0266768
0.0286555
0.0304675
0.0321075
0.0335714
0.0348558
0.0359426
0.0368448
0.0375611
0.0380911
0.0384358
0.0385981
0.0385804
0.0383871
0.0380234
0.0374948
0.0368227
0.0359979
0.0350276
0.0339193
0.0326818
0.0313509
0.0299092
0.0283662
0.026731
0.0250129
0.0232554
0.0214356
0.0195647
0.0176539
0.0157141
0.0137913
0.0118589
0.00992609
0.00800262
0.00609871
0.00425871
0.00245838
0.000706425
-0.000989587
-0.00262281
-0.0041584
-0.00561768
-0.00699355
-0.00827916
-0.00946841
-0.010537
-0.0115004
-0.0123558
-0.0131004
-0.0137317
-0.0142386
-0.0146277
-0.0148976
-0.0150472
-0.0150762
-0.0149877
-0.01478
-0.0144551
-0.0140155
-0.0134645
-0.012819
-0.0120692
-0.0112186
-0.0102705
-0.00922896
-0.00812105
-0.00692953
-0.00566033
-0.00431968
-0.00291387
-0.00147849
9.69176e-06
0.00154428
0.00311848
0.0047251
0.00632357
0.00793953
0.0095655
0.011194
0.0128176
0.0143954
0.0159535
0.0174849
0.0189826
0.0204399
0.0218197
0.0231456
0.024411
0.0256095
0.0267347
0.0277572
0.0286949
0.0295429
0.0302961
0.0309501
0.0314869
0.0319165
0.0322355
0.0324408
0.0325298
0.0324982
0.0323465
0.0320736
0.0316789
0.0311625
0.0305353
0.0297875
0.0289206
0.0279364
0.0268371
0.0256489
0.024352
0.0229502
0.0214481
0.0198507
0.0181977
0.0164607
0.0146457
0.0127594
0.0108087
0.0088437
0.00682947
0.00477418
0.00268625
0.000574308
-0.00150593
-0.00359246
-0.00567611
-0.00774745
-0.00979697
-0.0117688
-0.0137004
-0.0155829
-0.0174073
-0.0191644
-0.0208036
-0.0223564
-0.0238141
-0.0251684
-0.0264121
-0.027508
-0.0284801
-0.0293216
-0.030026
-0.0305868
-0.030983
-0.0312266
-0.0313145
-0.0312448
-0.0310152
-0.0306256
-0.0300724
-0.0293546
-0.0284723
-0.027427
-0.0262414
-0.0248978
-0.0233999
-0.0217515
-0.0199578
-0.0180626
-0.0160344
-0.01388
-0.0116065
-0.00922131
-0.00678542
-0.00425365
-0.00163874
0.00104302
0.00377494
0.00647835
0.00920007
0.0119244
0.0146351
0.017315
0.0198824
0.0223853
0.0248074
0.0271336
0.0293499
0.0313845
0.0332843
0.0350373
0.036633
0.0380623
0.0392718
0.0403026
0.0411499
0.0418093
0.0422777
0.0425247
0.042581
0.0424496
0.0421347
0.0416418
0.0409664
0.0401262
0.0391293
0.0379851
0.0367048
0.0353071
0.0337975
0.0321888
0.0304938
0.0287259
0.0269187
0.0250663
0.0231834
0.0212843
0.0193826
0.0175176
0.0156732
0.0138616
0.0120946
0.0103837
0.00876696
0.00722284
0.00575881
0.00438139
0.00309636
0.00193361
0.000869695
-9.26579e-05
-0.000952054
-0.00170834
-0.00234361
-0.00288058
-0.00332162
-0.0036699
-0.00392951
-0.00409364
-0.00418174
-0.00420009
-0.00415525
-0.00405402
-0.00389751
-0.00369995
-0.00346869
-0.00321111
-0.00293445
-0.00264371
-0.00234784
-0.00205288
-0.00176446
-0.00148767
-0.00122692
-0.000986271
-0.000768872
-0.00057713
-0.00041271
-0.000276677
-0.000168963
-8.90489e-05
-3.56927e-05
-6.96475e-06
-0
-0
-0
-0
-0
-0
-0
-0
-0
-0
-0
-0
-0
-0
0
0
0
0
0
0
0
0
0
0
0
0
0
0
0
0
0
0
0
0
0
0
0
0
0
0
0
0
0
0
0
0
0
0
0
0
0
0
0
0
0
0
0
0
0
0
0
0
0
0
0
-0
-0
-0
-0
-0
-0
-0
-0
-0
-0
-0
-0
-0
-0
-0
-0
-0
-0
-0
-0
-0
-0
-0
-0
-0
-0
-0
-0
-0
-0
-0
-0
-0
-0
-0
-0
-0
-0
-0
-0
-0
-0
0
0
0
0
0
0
0
0
0
0
0
0
0
0
0
0
0
0
0
0
0
0
0
0
0
0
0
0
0
0
0
0
0
0
0
0
0
0
0
0
0
0
0
0
0
0
0
0
0
0
0
0
0
0
0
0
-0
-0
-0
-0
-0
-0
-0
-0
-0
-0
-0
-0
-0
-0
-0
-0
-0
-0
-0
-0
-0
-0
-0
-0
-0
-0
-0
-0
-0
-0
-0
-0
-0
-0
-0
-0
-0
-0
-0
0
0
0
0
0
0
0
0
0
0
0
0
0
0
0
0
0
0
0
0
0
0
0
0
0
0
0
0
0
0
0
0
0
0
0
0
0
0
0
0
0
0
-0
-0
-0
-0
-0
-0
-0
-0
-0
-0
-0
-0
-0
-0
-0
-0
-0
-0
-0
-0
-0
-0
-0
-0
-0
-0
-0
-0
-0
-0
-0
-0
-0
-0
-0
-0
-0
-0
-0
-0
-0
0
0
0
0
0
0
0
0
0
0
0
0
0
0
0
0
0
0
0
0
0
0
0
0
0
0
0
0
0
0
0
0
0
0
0
0
0
0
0
0
0
0
0
0
0
0
0
0
0
0
0
0
0
0
0
-0
-0
-0
-0
-0
-0
-0
-0
-0
-0
-0
-0
-0
-0
-0
-0
-0
-0
-0
-0
-0
-0
-0
-0
-0
-0
-0
-0
-0
-0
-0
-0
-0
-0
-0
-0
-0
-0
-0
-0
-0
-0
-0
-0
