0
0
0
0
0
0
0
0
0
0
0
0
0
0
0
0
0
0
0
0
0
0
0
0
0
0
0
0
0
0
0
0
0
0
0
0
0
0
0
0
0
0
0
0
0
0
0
0
0
0
0
0
0
0
0
0
0
0
0
0
0
0
0
0
0
0
0
0
0
0
0
0
0
0
0
0
0
0
0
0
0
0
0
0
0
0
0
0
0
0
0
0
0
0
0
0
0
0
0
0
0
0
0
0
0
0
0
0
0
0
0
0
0
0
0
0
0
0
0
0
0
0
0
0
0
0
0
0
0
0
0
0
0
0
0
0
0
0
0
0
0
0
0
0
0
0
0
0
0
0
0
0
0
0
0
0
0
0
0
0
0
0
0
0
0
0
0
0
0
0
0
0
0
0
0
0
0
0
0
0
0
0
0
0
0
0
0
0
0
0
0
0
0
0
0
0
0
0
0
0
0
6.48509e-06
2.68355e-05
5.99655e-05
0.000104494
0.000158773
0.000220904
0.000288763
0.000360026
0.000432179
0.000502528
0.000568207
0.000626212
0.000673438
0.000706721
0.000722865
0.000718652
0.000690861
0.00063631
0.000551917
0.00043477
0.000282167
9.1623e-05
-0.000139153
-0.000412246
-0.000729471
-0.00109226
-0.00150153
-0.00195767
-0.00246051
-0.00300949
-0.00360373
-0.004242
-0.00492259
-0.00564313
-0.00640048
-0.00719067
-0.00800914
-0.00885091
-0.00971071
-0.010583
-0.0114618
-0.0123405
-0.0132115
-0.0140669
-0.0148981
-0.0156968
-0.0164547
-0.0171638
-0.0178162
-0.0184037
-0.0189178
-0.0193502
-0.0196927
-0.019938
-0.0200796
-0.0201119
-0.0200299
-0.019829
-0.0195047
-0.0190534
-0.0184723
-0.0177601
-0.0169168
-0.0159436
-0.0148428
-0.0136172
-0.0122706
-0.0108076
-0.00923453
-0.00755904
-0.0057902
-0.003938
-0.00201291
-2.57661e-05
0.00201207
0.00408849
0.00619045
0.00830422
0.0104159
0.0125117
0.0145785
0.0166033
0.0185731
0.0204741
0.0222922
0.0240137
0.0256259
0.0271177
0.0284799
0.0297046
0.0307941
0.0317507
0.0325677
0.0332388
0.0337589
0.0341246
0.0343345
0.0343885
0.0342875
0.0340319
0.0336221
0.0330585
0.0323417
0.0314737
0.0304575
0.0292975
0.027999
0.0265681
0.0250113
0.0233357
0.021549
0.0196596
0.0176763
0.0156089
0.0134672
0.0112621
0.00900429
0.0067049
0.004375
0.00202561
-0.000332282
-0.00268761
-0.00502916
-0.00734553
-0.00962537
-0.0118576
-0.0140316
-0.0161374
-0.0181655
-0.0201069
-0.0219524
-0.0236934
-0.0253217
-0.02683
-0.0282123
-0.0294636
-0.03058
-0.0315581
-0.0323946
-0.0330862
-0.0336302
-0.0340244
-0.034268
-0.0343616
-0.034307
-0.0341071
-0.0337652
-0.0332852
-0.032671
-0.0319271
-0.0310587
-0.0300719
-0.0289736
-0.0277716
-0.0264741
-0.0250895
-0.0236266
-0.0220941
-0.0205011
-0.018857
-0.0171716
-0.015455
-0.0137173
-0.0119689
-0.0102197
-0.00847918
-0.00675668
-0.00506127
-0.00340192
-0.0017875
-0.000226679
0.00127227
0.00270163
0.0040543
0.00532371
0.00650371
0.00758851
0.0085728
0.00945191
0.0102221
0.0108808
0.0114264
0.0118582
0.0121758
0.0123797
0.0124702
0.0124487
0.0123169
0.0120779
0.0117356
0.0112945
0.0107599
0.0101373
0.00943242
0.00865135
0.00780055
0.00688695
0.00591798
0.00490156
0.00384608
0.00276036
0.00165352
0.000534928
-0.00058599
-0.00169985
-0.00279741
-0.00386958
-0.00490742
-0.00590209
-0.00684487
-0.00772722
-0.00854089
-0.00927807
-0.00993152
-0.0104947
-0.0109618
-0.0113278
-0.0115887
-0.0117412
-0.0117827
-0.0117113
-0.0115257
-0.0112251
-0.0108096
-0.0102803
-0.00963906
-0.00888914
-0.00803482
-0.00708152
-0.00603568
-0.00490466
-0.00369657
-0.00242003
-0.00108404
0.000302092
0.00172863
0.00318521
0.00466054
0.00614228
0.00761723
0.00907165
0.0104918
0.0118642
0.0131762
0.0144155
0.0155702
0.0166284
0.0175784
0.0184086
0.0191075
0.019664
0.0200677
0.020309
0.0203792
0.0202708
0.0199777
0.0194953
0.0188207
0.0179517
0.0168874
0.0156274
0.0141721
0.0125229
0.0106825
0.00865508
0.00644657
0.0040645
0.00151804
-0.00118221
-0.00402428
-0.00699499
-0.01008
-0.013264
-0.0165305
-0.0198623
-0.0232408
-0.0266466
-0.0300597
-0.0334592
-0.0368245
-0.0401347
-0.0433692
-0.0465075
-0.0495291
-0.0524137
-0.0551408
-0.0576906
-0.0600433
-0.0621797
-0.064081
-0.0657293
-0.0671074
-0.0681994
-0.0689912
-0.0694706
-0.0696276
-0.0694537
-0.0689424
-0.0680883
-0.0668876
-0.0653384
-0.0634406
-0.0611962
-0.0586095
-0.0556868
-0.052437
-0.0488711
-0.0450027
-0.0408473
-0.0364228
-0.0317486
-0.0268453
-0.021735
-0.0164407
-0.0109873
-0.00540073
0.000291203
0.0060596
0.0118745
0.0177051
0.0235198
0.0292868
0.0349739
0.040549
0.0459808
0.0512387
0.0562929
0.0611142
0.065674
0.069944
0.0738966
0.0775057
0.0807468
0.0835975
0.0860378
0.0880498
0.0896179
0.0907287
0.0913712
0.091537
0.0912206
0.090419
0.0891316
0.0873602
0.0851086
0.0823833
0.0791933
0.0755506
0.0714698
0.0669686
0.0620669
0.0567874
0.0511551
0.0451972
0.0389429
0.0324232
0.0256699
0.018716
0.0115954
0.00434271
-0.00300639
-0.0104152
-0.017846
-0.0252604
-0.0326198
-0.0398849
-0.0470167
-0.053976
-0.0607245
-0.067225
-0.0734417
-0.0793407
-0.0848904
-0.0900614
-0.0948266
-0.0991614
-0.103044
-0.106455
-0.109378
-0.1118
-0.113711
-0.115102
-0.115968
-0.116307
-0.11612
-0.115409
-0.114182
-0.112445
-0.110211
-0.107494
-0.104309
-0.100676
-0.0966152
-0.092151
-0.0873081
-0.0821133
-0.0765951
-0.0707837
-0.0647106
-0.0584085
-0.0519114
-0.0452534
-0.0384695
-0.0315948
-0.0246649
-0.0177157
-0.0107827
-0.00390104
0.00289481
0.00957139
0.0160962
0.0224377
0.0285656
0.0344511
0.0400672
0.045389
0.0503932
0.0550586
0.0593658
0.0632971
0.0668371
0.0699728
0.0726938
0.074992
0.0768616
0.078299
0.0793024
0.0798723
0.0800118
0.0797265
0.0790243
0.0779153
0.0764114
0.074526
0.0722743
0.0696736
0.0667427
0.0635023
0.0599744
0.0561815
0.0521471
0.0478952
0.0434506
0.0388392
0.0340876
0.0292227
0.0242717
0.0192614
0.0142183
0.00916862
0.00413832
-0.000847047
-0.00576266
-0.0105847
-0.0152905
-0.0198586
-0.0242686
-0.028501
-0.0325379
-0.0363623
-0.0399591
-0.0433146
-0.046417
-0.0492555
-0.0518209
-0.0541055
-0.0561034
-0.0578103
-0.0592239
-0.0603437
-0.0611705
-0.0617062
-0.0619544
-0.0619199
-0.061609
-0.0610294
-0.0601903
-0.0591018
-0.0577747
-0.0562209
-0.0544532
-0.0524852
-0.0503317
-0.048008
-0.0455298
-0.0429132
-0.0401743
-0.0373298
-0.0343962
-0.0313908
-0.0283303
-0.0252314
-0.0221103
-0.0189828
-0.0158642
-0.0127697
-0.00971396
-0.0067114
-0.00377561
-0.000919393
0.00184527
0.00450717
0.00705583
0.00948157
0.0117756
0.0139302
0.0159386
0.017795
0.0194943
0.0210323
0.0224054
0.0236111
0.0246481
0.0255159
0.0262153
0.0267476
0.0271147
0.0273192
0.0273644
0.0272543
0.0269936
0.0265879
0.0260434
0.0253665
0.0245644
0.0236443
0.022614
0.0214817
0.0202557
0.0189447
0.0175573
0.0161022
0.0145885
0.0130251
0.011421
0.00978528
0.00812659
0.00645346
0.00477419
0.00309696
0.00142981
-0.000219431
-0.00184329
-0.00343474
-0.00498724
-0.00649459
-0.00795089
-0.0093505
-0.0106881
-0.0119587
-0.013158
-0.0142822
-0.0153281
-0.0162928
-0.017174
-0.0179696
-0.0186781
-0.0192987
-0.019831
-0.0202751
-0.0206314
-0.0209003
-0.0210828
-0.0211799
-0.0211934
-0.0211252
-0.0209778
-0.020754
-0.0204566
-0.0200886
-0.0196532
-0.0191539
-0.0185946
-0.0179792
-0.0173119
-0.0165969
-0.0158386
-0.015041
-0.0142086
-0.0133457
-0.0124567
-0.0115461
-0.0106183
-0.00967786
-0.00872909
-0.00777624
-0.00682351
-0.00587497
-0.00493462
-0.00400642
-0.00309427
-0.00220197
-0.00133315
-0.000491216
0.000320709
0.00109976
0.00184327
0.0025488
0.00321403
0.00383687
0.00441551
0.00494838
0.00543419
0.00587182
0.00626033
0.00659888
0.00688691
0.00712411
0.00731052
0.00744644
0.00753243
0.00756914
0.00755736
0.00749808
0.00739249
0.00724211
0.00704864
0.00681398
0.00654006
0.00622887
0.0058825
0.00550321
0.00509347
0.00465589
0.00419316
0.00370794
0.00320285
0.00268058
0.00214394
0.00159595
0.00103968
0.00047817
-8.57249e-05
-0.000649375
-0.00121029
-0.00176597
-0.00231383
-0.00285116
-0.00337532
-0.00388382
-0.00437448
-0.00484532
-0.00529451
-0.00572023
-0.00612062
-0.0064934
-0.00683371
-0.0071391
-0.00740795
-0.00763895
-0.00783095
-0.00798296
-0.00809418
-0.00816416
-0.00819283
-0.00818059
-0.00812816
-0.00803654
-0.00790689
-0.00774052
-0.00753898
-0.00730407
-0.00703763
-0.00673986
-0.00641297
-0.00605988
-0.00568363
-0.00528744
-0.00487472
-0.00444908
-0.00401426
-0.00357404
-0.00313208
-0.00269193
-0.002257
-0.00183063
-0.00141614
-0.0010168
-0.000635764
-0.00027595
6.00248e-05
0.00036989
0.000651705
0.000903821
0.00112486
0.00131372
0.00146962
0.00159218
0.00168138
0.00173757
0.00176148
0.0017541
0.00171671
0.00165089
0.00155846
0.00144152
0.00130244
0.00114379
0.000968366
0.000779116
0.000579143
0.00037165
0.000159891
-5.2869e-05
-0.000263396
-0.000468498
-0.000665038
-0.00084996
-0.00102034
-0.00117343
-0.00130672
-0.00141794
-0.00150505
-0.00156624
-0.00159998
-0.00160496
-0.00158026
-0.00152534
-0.00144001
-0.00132451
-0.00117924
-0.00100496
-0.000802722
-0.000573975
-0.000320634
-4.48902e-05
0.000250702
0.000563379
0.00089023
0.00122813
0.00157396
0.00192431
0.00227566
0.00262439
0.00296678
0.00329997
0.00362337
0.00393469
0.00423131
0.00451061
0.00477022
0.00500785
0.00522146
0.00540911
0.00556899
0.00569939
0.00579872
0.0058656
0.00589898
0.00589821
0.00586279
0.00579253
0.00568787
0.00555147
0.00538403
0.00518567
0.00495697
0.00469871
0.00441185
0.00409772
0.00375714
0.00339128
0.00300145
0.00258914
0.00215646
0.00170488
0.00123646
0.000753373
0.000257869
-0.000247199
-0.000760035
-0.00127828
-0.00179954
-0.00232142
-0.00284085
-0.00335594
-0.00386419
-0.00436306
-0.00485004
-0.00532207
-0.00577722
-0.00621306
-0.0066272
-0.00701734
-0.00738089
-0.0077162
-0.00802131
-0.00829436
-0.00853354
-0.00873708
-0.00890364
-0.00903204
-0.00912143
-0.00917119
-0.0091812
-0.00915079
-0.00907967
-0.00896774
-0.00881512
-0.00862311
-0.00839147
-0.00812108
-0.00781296
-0.00746825
-0.00708978
-0.00667746
-0.00623302
-0.00575837
-0.0052556
-0.00472905
-0.00417889
-0.00360761
-0.00301795
-0.00241294
-0.00179837
-0.00117489
-0.000545694
8.61414e-05
0.00071757
0.00134273
0.00196117
0.00256952
0.00316433
0.00374216
0.00429713
0.00482849
0.00533307
0.00580784
0.00624993
0.00665497
0.00702226
0.00734952
0.00763454
0.00787504
0.00806844
0.00821308
0.00830727
0.00834973
0.00833956
0.00827757
0.00816175
0.00799165
0.00776698
0.00748777
0.00715815
0.00677548
0.00634106
0.00585634
0.00532291
0.00474832
0.00412872
0.00346651
0.00276446
0.0020256
0.00126087
0.000465641
-0.00035675
-0.00120263
-0.00206787
-0.00293885
-0.00381995
-0.00470647
-0.00559389
-0.00647782
-0.00734454
-0.00819874
-0.00903549
-0.00984965
-0.010636
-0.0113814
-0.0120891
-0.0127544
-0.0133728
-0.01394
-0.0144462
-0.0148929
-0.0152761
-0.0155924
-0.0158384
-0.0160098
-0.0161047
-0.0161207
-0.0160557
-0.0159083
-0.0156818
-0.015371
-0.0149753
-0.0144945
-0.0139288
-0.0132895
-0.0125675
-0.0117649
-0.0108841
-0.00992807
-0.0089164
-0.00783633
-0.00669205
-0.0054883
-0.00423029
-0.00294473
-0.00161623
-0.000250891
0.00114474
0.0025636
0.00397445
0.00539339
0.00681274
0.00822483
0.00962196
0.0109729
0.0122929
0.0135737
0.0148069
0.0159843
0.0170784
0.0181014
0.019046
0.0199052
0.0206718
0.0213268
0.0218764
0.022315
0.0226375
0.0228395
0.0229149
0.0228618
0.0226774
0.0223592
0.021906
0.0213278
0.0206145
0.0197669
0.0187864
0.0176747
0.0164576
0.0151157
0.0136538
0.0120775
0.0103932
0.00864231
0.0067976
0.00486694
0.00285893
0.000782908
-0.00130836
-0.00344738
-0.00562351
-0.00782578
-0.0100428
-0.0122167
-0.0143818
-0.0165261
-0.0186375
-0.0207041
-0.0226699
-0.0245673
-0.0263844
-0.0281097
-0.0297319
-0.031205
-0.032554
-0.0337697
-0.0348431
-0.035766
-0.0365096
-0.037088
-0.037495
-0.0377254
-0.0377747
-0.0376369
-0.0373122
-0.0367988
-0.0360963
-0.035205
-0.0341442
-0.0328984
-0.0314709
-0.0298663
-0.0280899
-0.0261861
-0.0241247
-0.0219138
-0.0195629
-0.0170816
-0.0145347
-0.0118794
-0.0091279
-0.00629301
-0.00338833
-0.000492116
0.00244557
0.0054102
0.00838689
0.0113605
0.0142489
0.0171038
0.0199101
0.022653
0.0253177
0.0278294
0.0302348
0.0325202
0.0346728
0.0366802
0.0384842
0.0401207
0.0415801
0.042853
0.0439314
0.0447822
0.0454253
0.045856
0.0460706
0.0460664
0.0458402
0.045393
0.0447254
0.0438395
0.0427386
0.0414506
0.0399576
0.038266
0.036383
0.0343172
0.0321238
0.0297674
0.0272591
0.0246112
0.0218363
0.0190101
0.0160844
0.0130738
0.00999358
0.00685936
0.00375756
0.000632736
-0.00249979
-0.00562449
-0.00872561
-0.0117172
-0.014654
-0.0175214
-0.0203054
-0.022993
-0.0255109
-0.0279078
-0.0301721
-0.0322929
-0.0342598
-0.0360198
-0.0376088
-0.0390198
-0.0402467
-0.0412845
-0.042107
-0.0427333
-0.0431618
-0.0433921
-0.0434249
-0.0432635
-0.0429085
-0.0423631
-0.0416319
-0.0407204
-0.0396593
-0.0384325
-0.0370487
-0.0355166
-0.0338459
-0.0320878
-0.0302117
-0.0282287
-0.0261506
-0.0239896
-0.0218104
-0.0195731
-0.0172905
-0.0149752
-0.0126401
-0.0103537
-0.00807232
-0.00580791
-0.00357191
-0.00137555
0.000718798
0.00275197
0.00471396
0.00659547
0.00838799
0.0100432
0.011595
0.0130373
0.0143646
0.0155721
0.0166299
0.0175605
0.0183615
0.0190315
0.0195699
0.0199679
0.0202358
0.0203756
0.02039
0.0202824
0.0200633
0.0197306
0.0192892
0.0187448
0.0181039
0.0173925
0.0165986
0.0157294
0.0147925
0.0137958
0.0127746
0.0117097
0.0106096
0.00948241
0.00833656
0.00720993
0.00608061
0.0049563
0.00384449
0.00275231
0.00171361
0.000707387
-0.000260567
-0.00118472
-0.00205976
-0.00286036
-0.0036026
-0.00428295
-0.0048987
-0.00544786
-0.00591778
-0.00631857
-0.00664949
-0.00691029
-0.00710132
-0.00722222
-0.00727613
-0.00726531
-0.00719241
-0.00706049
-0.00688004
-0.00664794
-0.00636857
-0.00604665
-0.00568709
-0.00530755
-0.00490024
-0.00447031
-0.00402321
-0.00356474
-0.00311558
-0.00266674
-0.00222365
-0.00179144
-0.00137501
-0.000992162
-0.000634618
-0.000306988
-1.36492e-05
0.000241388
0.000446567
0.00060666
0.000718792
0.000780437
0.000789561
0.000744036
0.000643948
0.000489193
0.000279985
1.66722e-05
-0.000293101
-0.000655731
-0.00106985
-0.00153334
-0.00204337
-0.00258243
-0.00316144
-0.00377702
-0.00442561
-0.00510332
-0.00578657
-0.0064897
-0.00720758
-0.00793506
-0.00866704
-0.00937769
-0.0100828
-0.0107769
-0.0114544
-0.0121098
-0.0127186
-0.013295
-0.0138345
-0.0143329
-0.0147861
-0.0151766
-0.015514
-0.0157947
-0.0160159
-0.016175
-0.0162649
-0.0162888
-0.0162451
-0.0161324
-0.0159501
-0.0157026
-0.0153857
-0.0150003
-0.0145477
-0.0140294
-0.0134619
-0.0128324
-0.0121433
-0.0113974
-0.0105978
-0.00977145
-0.00889886
-0.00798413
-0.00703165
-0.00604605
-0.00506131
-0.00405281
-0.00302536
-0.00198407
-0.000934482
8.59486e-05
0.0011028
0.00211025
0.00310282
0.00407545
0.00499367
0.00588241
0.00673674
0.0075516
0.00832198
0.00901952
0.00966403
0.010252
0.0107803
0.0112456
0.0116302
0.0119459
0.0121901
0.0123612
0.0124579
0.0124764
0.0124191
0.0122855
0.0120752
0.0117882
0.0114342
0.0110057
0.0105048
0.00993366
0.00929483
0.00861091
0.00786423
0.00705759
0.0061943
0.0052782
0.00434281
0.00336379
0.0023462
0.00129516
0.000215682
-0.000852926
-0.00194067
-0.00304298
-0.00415491
-0.00527092
-0.00634928
-0.00741965
-0.00847629
-0.00951414
-0.0105288
-0.0114837
-0.0124074
-0.0132955
-0.014143
-0.014945
-0.0156713
-0.0163437
-0.0169593
-0.0175156
-0.0180103
-0.0184255
-0.0187742
-0.0190539
-0.0192631
-0.0194009
-0.0194632
-0.0194538
-0.0193729
-0.0192208
-0.0189982
-0.0187148
-0.0183638
-0.0179477
-0.0174689
-0.0169302
-0.0163537
-0.015723
-0.0150413
-0.0143118
-0.0135345
-0.0127367
-0.0118966
-0.0110198
-0.0101124
-0.00918122
-0.00826439
-0.00733682
-0.00640474
-0.005474
-0.00455019
-0.00367013
-0.00280765
-0.00196837
-0.00115772
-0.0003807
0.000331419
0.00100272
0.00163024
0.00221134
0.0027436
0.00320506
0.00361453
0.00397105
0.00427422
0.00452412
0.0047098
0.00484381
0.00492726
0.00496168
0.00494909
0.00488876
0.00478683
0.00464637
0.00447067
0.00426324
0.00403117
0.00377475
0.00349788
0.00320441
0.00289803
0.00258984
0.00227511
0.00195713
0.00163919
0.00132452
0.00102552
0.000735004
0.000455475
0.000189146
-6.20435e-05
-0.000287494
-0.000495453
-0.000684695
-0.000854259
-0.00100348
-0.00112489
-0.00122638
-0.00130821
-0.00137088
-0.00141507
-0.00143677
-0.00144236
-0.00143286
-0.0014094
-0.00137327
-0.00132317
-0.0012637
-0.00119635
-0.00112259
-0.00104385
-0.000960356
-0.000874869
-0.000788696
-0.000703088
-0.000619211
-0.00053782
-0.000460211
-0.000387174
-0.000319391
-0.000257439
-0.000201791
-0.000152783
-0.000110636
-7.54487e-05
-4.72081e-05
-2.58133e-05
-1.10221e-05
-2.54421e-06
0
0
0
0
0
0
0
0
0
0
0
0
0
0
0
0
0
0
0
0
0
0
0
0
0
0
0
0
0
0
0
0
0
0
0
0
0
0
0
0
0
0
0
0
0
0
0
0
0
0
0
0
0
0
0
0
0
0
0
0
0
0
0
0
0
0
0
0
0
0
0
0
0
0
0
0
0
0
0
0
0
0
0
0
0
0
0
0
0
0
0
0
0
0
0
0
0
0
0
0
0
0
0
0
0
0
0
0
0
0
0
0
0
0
0
0
0
0
0
0
0
0
0
0
0
0
0
0
0
0
0
0
0
0
0
0
0
0
0
0
0
0
0
0
0
0
0
0
0
0
0
0
0
0
0
0
0
0
0
0
0
0
0
0
0
0
0
0
0
0
0
0
0
0
0
0
0
0
0
0
0
0
0
0
0
0
0
0
0
0
0
0
0
0
0
0
0
0
0
0
0
