-0
-0
-0
-0
-0
-0
-0
-0
-0
-0
-0
-0
-0
-0
-0
-0
-0
-0
-0
-0
-0
-0
-0
-0
-0
-0
-0
-0
-0
-0
-0
-0
-0
-0
-0
-0
-0
-0
-0
-0
-0
-0
-0
-0
-0
-0
-0
-0
-0
-0
-0
0
0
0
0
0
0
0
0
0
0
0
0
0
0
0
0
0
0
0
0
0
0
0
0
0
0
0
0
0
0
0
0
0
0
0
0
0
0
0
0
0
0
0
0
0
0
0
0
0
0
0
0
0
0
0
0
0
0
0
0
0
0
0
0
0
0
0
0
0
0
0
0
-0
-0
-0
-0
-0
-0
-0
-0
-0
-0
-0
-0
-0
-0
-0
-0
-0
-0
-0
-0
-0
-0
-0
-0
-0
-0
-0
-0
-0
-0
-0
-0
-0
-0
-0
-0
-0
-0
-0
-0
-0
-0
-0
-0
-0
-0
-0
-0
-0
-0
-0
-0
-0
-0
-0
-0
-0
-0
-0
-0
-0
-0
-0
-0
-0
-0
-0
-0
-0
-0
-0
-0
-0
-0
-0
-0
-0
-0
0
0
0
0
0
0
0
0
0
0
0
0
0
0
0
0
0
0
0
0
0
0
0
0
0
0
0
0
0
0
0
0
0
0
0
0
0
0
0
0
0
0
0
0
0
0
0
0
0
0
0
-0
-0
-0
-0
-0
-0
-0
-0
-0
-0
-0
-0
-0
-0
-0
-0
-0
-0
-0
-0
-0
-0
-0
-0
-0
-0
-0
-0
-0
-0
-0
-0
-0
-0
-0
-0
-0
-0
-0
-0
-0
-0
-0
-0
-0
0
0
0
0
0
0
0
0
0
0
0
0
0
0
0
0
0
0
0
0
0
0
0
0
0
2.27214e-07
8.4036e-06
2.67527e-05
5.27566e-05
8.34626e-05
0.000115544
0.000145366
0.000169064
0.000182621
0.000181956
0.000163012
0.000121847
5.47312e-05
-4.17647e-05
-0.000170675
-0.000334552
-0.000535383
-0.000774516
-0.00105259
-0.00136947
-0.00172421
-0.00211501
-0.00253921
-0.00299324
-0.00347266
-0.00397218
-0.00448569
-0.00500627
-0.0055263
-0.00603752
-0.00653109
-0.00699772
-0.00742774
-0.00781125
-0.0081382
-0.00839857
-0.00858243
-0.00868016
-0.00868252
-0.00858085
-0.00836717
-0.00803434
-0.00757622
-0.00698776
-0.00626515
-0.00540595
-0.00440916
-0.00327531
-0.00200655
-0.000606657
0.000918903
0.00256301
0.00431687
0.00617013
0.00811085
0.0101257
0.0121999
0.0143174
0.0164613
0.0186135
0.020755
0.0228664
0.0249276
0.0269182
0.0288177
0.0306057
0.032262
0.0337668
0.035101
0.0362466
0.0371865
0.0379051
0.0383882
0.0386235
0.0386006
0.0383114
0.0377498
0.0369122
0.0357975
0.034407
0.0327448
0.0308173
0.0286332
0.026204
0.0235433
0.0206669
0.0175926
0.0143403
0.0109315
0.00738916
0.003738
3.3095e-06
-0.00379412
-0.00763406
-0.0114958
-0.0153584
-0.0192004
-0.0230006
-0.0267375
-0.0303899
-0.033937
-0.0373582
-0.0406336
-0.0437441
-0.0466713
-0.0493978
-0.0519071
-0.0541842
-0.056215
-0.057987
-0.0594889
-0.0607111
-0.0616453
-0.0622849
-0.0626249
-0.0626621
-0.0623949
-0.0618234
-0.0609494
-0.0597766
-0.0583103
-0.0565576
-0.0545272
-0.0522293
-0.049676
-0.0468804
-0.0438574
-0.0406228
-0.037194
-0.0335891
-0.0298274
-0.025929
-0.0219147
-0.017806
-0.0136248
-0.00939336
-0.00513424
-0.000870066
0.00337657
0.00758327
0.011728
0.0157891
0.0197456
0.0235774
0.0272651
0.0307905
0.0341364
0.0372869
0.0402274
0.0429449
0.0454275
0.0476651
0.049649
0.051372
0.0528285
0.0540146
0.0549278
0.0555673
0.0559337
0.0560295
0.0558583
0.0554256
0.0547382
0.0538045
0.0526342
0.0512384
0.0496295
0.0478209
0.0458274
0.0436643
0.041348
0.0388953
0.0363239
0.0336514
0.0308958
0.0280753
0.0252077
0.0223111
0.0194029
0.0165002
0.0136197
0.0107774
0.00798872
0.00526816
0.00262946
8.54244e-05
-0.00235221
-0.00467279
-0.00686686
-0.00892619
-0.0108439
-0.0126144
-0.0142335
-0.0156985
-0.017008
-0.0181619
-0.0191616
-0.0200098
-0.0207101
-0.0212677
-0.0216885
-0.0219795
-0.0221488
-0.0222049
-0.0221573
-0.0220163
-0.0217924
-0.0214968
-0.0211411
-0.0207373
-0.0202973
-0.0198335
-0.019358
-0.018883
-0.0184203
-0.0179814
-0.0175772
-0.0172182
-0.0169139
-0.0166729
-0.0165029
-0.0164107
-0.0164017
-0.0164801
-0.0166493
-0.0169109
-0.0172656
-0.0177128
-0.0182507
-0.0188763
-0.0195854
-0.0203725
-0.0212312
-0.0221539
-0.023132
-0.0241559
-0.0252147
-0.026297
-0.0273903
-0.0284815
-0.0295566
-0.0306012
-0.0316003
-0.032539
-0.0334017
-0.0341731
-0.0348382
-0.0353819
-0.0357899
-0.0360484
-0.0361441
-0.036065
-0.0357996
-0.0353378
-0.0346703
-0.0337895
-0.0326887
-0.0313628
-0.0298081
-0.0280226
-0.0260056
-0.0237584
-0.0212837
-0.0185861
-0.015672
-0.0125495
-0.00922853
-0.00572076
-0.00203957
0.00180004
0.0057815
0.00988677
0.0140965
0.01839
0.0227456
0.0271406
0.0315515
0.0359541
0.0403236
0.0446348
0.0488622
0.0529801
0.0569629
0.0607851
0.0644213
0.0678469
0.0710375
0.0739699
0.0766216
0.0789714
0.0809994
0.0826872
0.0840183
0.0849777
0.0855528
0.0857328
0.0855093
0.0848761
0.0838293
0.0823676
0.0804918
0.0782051
0.0755131
0.0724237
0.068947
0.0650953
0.060883
0.0563265
0.0514445
0.0462573
0.0407874
0.0350589
0.0290978
0.0229317
0.0165897
0.0101024
0.00350144
-0.00318012
-0.00990849
-0.0166491
-0.023367
-0.0300267
-0.0365931
-0.0430311
-0.049306
-0.0553841
-0.0612327
-0.06682
-0.0721162
-0.0770928
-0.0817232
-0.0859831
-0.0898502
-0.0933046
-0.0963288
-0.098908
-0.10103
-0.102685
-0.103865
-0.104568
-0.104791
-0.104535
-0.103804
-0.102604
-0.100944
-0.0988352
-0.0962914
-0.0933282
-0.0899635
-0.0862175
-0.0821119
-0.0776705
-0.0729185
-0.0678827
-0.062591
-0.0570727
-0.0513579
-0.0454775
-0.039463
-0.0333463
-0.0271596
-0.020935
-0.0147044
-0.00849962
-0.00235165
0.00370906
0.00965296
0.0154515
0.0210775
0.0265047
0.0317087
0.0366666
0.0413569
0.0457603
0.0498589
0.0536373
0.0570817
0.0601804
0.0629239
0.0653049
0.0673181
0.0689603
0.0702305
0.0711298
0.0716611
0.0718296
0.0716422
0.0711076
0.0702364
0.0690407
0.0675342
0.0657318
0.06365
0.0613063
0.0587192
0.0559082
0.0528936
0.0496962
0.0463375
0.0428393
0.0392236
0.0355128
0.0317289
0.0278941
0.0240302
0.0201586
0.0163003
0.0124757
0.00870433
0.0050051
0.00139592
-0.0021063
-0.0054857
-0.00872756
-0.0118184
-0.0147458
-0.017499
-0.0200682
-0.0224452
-0.0246229
-0.0265958
-0.0283597
-0.0299116
-0.03125
-0.0323746
-0.0332865
-0.0339879
-0.0344823
-0.034774
-0.0348689
-0.0347734
-0.0344952
-0.0340427
-0.033425
-0.0326521
-0.0317345
-0.0306832
-0.0295098
-0.028226
-0.0268442
-0.0253766
-0.0238357
-0.022234
-0.020584
-0.0188981
-0.0171883
-0.0154667
-0.0137448
-0.0120337
-0.0103443
-0.00868665
-0.00707049
-0.00550483
-0.00399806
-0.00255787
-0.00119119
9.57993e-05
0.0012977
0.00240993
0.00342871
0.0043511
0.00517498
0.00589903
0.00652274
0.00704635
0.00747087
0.00779804
0.00803023
0.00817049
0.00822243
0.00819021
0.00807847
0.00789228
0.00763709
0.00731868
0.00694308
0.00651654
0.00604547
0.00553638
0.00499583
0.0044304
0.0038466
0.00325088
0.00264952
0.00204865
0.00145416
0.000871695
0.000306582
-0.00023617
-0.000751932
-0.00123651
-0.00168612
-0.00209743
-0.00246751
-0.00279392
-0.00307468
-0.00330824
-0.00349354
-0.00362997
-0.00371738
-0.00375602
-0.00374659
-0.00369019
-0.0035883
-0.00344276
-0.00325578
-0.00302988
-0.00276787
-0.00247285
-0.00214817
-0.00179742
-0.00142436
-0.00103296
-0.000627284
-0.000211536
0.000210021
0.000633087
0.00105336
0.00146657
0.00186853
0.00225516
0.0026225
0.00296681
0.00328454
0.00357235
0.00382722
0.00404639
0.0042274
0.00436815
0.00446687
0.00452215
0.00453295
0.0044986
0.00441883
0.00429374
0.0041238
0.00390989
0.00365323
0.0033554
0.00301834
0.00264432
0.00223588
0.00179589
0.00132745
0.0008339
0.000318773
-0.000214216
-0.000761214
-0.00131826
-0.0018813
-0.00244625
-0.00300898
-0.00356538
-0.00411138
-0.00464295
-0.00515618
-0.00564724
-0.00611248
-0.0065484
-0.0069517
-0.00731933
-0.00764846
-0.00793659
-0.00818148
-0.00838126
-0.0085344
-0.00863974
-0.00869652
-0.00870438
-0.00866336
-0.0085739
-0.00843687
-0.00825352
-0.00802551
-0.00775486
-0.00744395
-0.00709549
-0.00671059
-0.00629112
-0.00584154
-0.00536661
-0.0048712
-0.00436036
-0.00383999
-0.00331467
-0.0027897
-0.00227035
-0.00176178
-0.00126928
-0.000797407
-0.000350715
6.65355e-05
0.000450435
0.000797822
0.00110524
0.00137005
0.0015901
0.00176375
0.00189094
0.00196994
0.00200067
0.00198357
0.00191958
0.00181197
0.0016608
0.00146845
0.00123771
0.000971808
0.000676657
0.000353652
6.92274e-06
-0.000359186
-0.00074016
-0.00112873
-0.001523
-0.00191829
-0.00230999
-0.00269359
-0.00306222
-0.00341447
-0.00374649
-0.00405477
-0.00433613
-0.00458577
-0.0048035
-0.00498742
-0.00513607
-0.00524845
-0.00532277
-0.00536034
-0.00536154
-0.00532719
-0.00525853
-0.00515677
-0.00502431
-0.00486341
-0.00467662
-0.00446673
-0.0042371
-0.00399038
-0.00372975
-0.00345843
-0.00317966
-0.00289759
-0.00261417
-0.00233231
-0.00205474
-0.00178395
-0.00152344
-0.0012737
-0.00103635
-0.000812633
-0.000603451
-0.000410597
-0.000232762
-6.97204e-05
7.9127e-05
0.00021473
0.00033725
0.000449511
0.000553341
0.000650789
0.000744081
0.000834614
0.000925807
0.00102007
0.00111972
0.00122033
0.00131663
0.00140882
0.00149629
0.00157841
0.00165458
0.00172362
0.00178556
0.00183986
0.00188601
0.00192352
0.00195171
0.00197038
0.00197914
0.00197765
0.00196563
0.00194311
0.00190961
0.001865
0.00180918
0.00174215
0.00166484
0.00157646
0.00147721
0.00136732
0.0012471
0.00111843
0.000980244
0.000833065
0.000677456
0.000514049
0.000345511
0.000170594
-9.91432e-06
-0.000195181
-0.000384326
-0.000574131
-0.000765948
-0.000958796
-0.00115167
-0.00134353
-0.00153098
-0.00171531
-0.00189547
-0.00207038
-0.00223898
-0.00239815
-0.00254894
-0.00269034
-0.00282136
-0.00294107
-0.00304714
-0.00314016
-0.00321932
-0.0032839
-0.00333322
-0.00336619
-0.00338277
-0.00338252
-0.00336505
-0.00333008
-0.00327809
-0.00320827
-0.0031206
-0.00301515
-0.00289207
-0.00275357
-0.00259805
-0.00242595
-0.00223782
-0.00203428
-0.0018192
-0.00159025
-0.00134835
-0.00109449
-0.000829735
-0.000559284
-0.000280312
5.90055e-06
0.00029801
0.000594614
0.000889741
0.00118644
0.0014832
0.00177849
0.00207075
0.00235396
0.00263101
0.00290037
0.00316051
0.0034099
0.00364327
0.003863
0.0040677
0.00425605
0.00442679
0.00457619
0.00470571
0.00481434
0.00490118
0.00496542
0.00500554
0.00502179
0.00501374
0.00498104
0.00492351
0.00484219
0.00473601
0.00460517
0.00444999
0.00427093
0.00407169
0.00384987
0.00360631
0.00334197
0.00305793
0.00276024
0.00244535
0.00211467
0.0017697
0.00141204
0.00104941
0.000677511
0.000298136
-8.68522e-05
-0.000475546
-0.000859464
-0.0012432
-0.0016248
-0.00200231
-0.00237377
-0.00273102
-0.00307841
-0.0034141
-0.00373632
-0.00404333
-0.00432837
-0.00459501
-0.00484177
-0.0050673
-0.00527032
-0.00544639
-0.00559778
-0.00572363
-0.00582315
-0.00589574
-0.00593986
-0.00595621
-0.00594464
-0.00590508
-0.00583767
-0.00574403
-0.0056232
-0.00547575
-0.00530236
-0.00510389
-0.00488493
-0.00464296
-0.00437917
-0.00409492
-0.00379164
-0.00347628
-0.00314504
-0.0027996
-0.00244174
-0.00207328
-0.00170262
-0.00132513
-0.000942752
-0.000557424
-0.00017111
0.00020745
0.000583123
0.000954021
0.00131829
0.00167412
0.00201356
0.00234116
0.00265535
0.00295465
0.00323765
0.00349822
0.00374006
0.00396214
0.00416356
0.00434352
0.00449834
0.00463053
0.00473968
0.00482554
0.00488799
0.00492612
0.00494096
0.00493277
0.00490192
0.00484891
0.00477554
0.00468135
0.00456717
0.00443392
0.00428263
0.00411735
0.00393633
0.00374081
0.00353212
0.00331163
0.0030849
0.00284922
0.00260604
0.00235682
0.00210305
0.0018509
0.0015971
0.00134305
0.00109015
0.000839717
0.000597651
0.000360577
0.000129651
-9.40312e-05
-0.00030945
-0.000511751
-0.000703996
-0.000885426
-0.00105537
-0.00121325
-0.00135575
-0.00148534
-0.00160171
-0.0017047
-0.00179422
-0.00186872
-0.00192986
-0.00197782
-0.0020129
-0.00203544
-0.00204554
-0.00204405
-0.0020315
-0.00200854
-0.00197583
-0.00193476
-0.00188541
-0.00182858
-0.00176507
-0.00169573
-0.00162271
-0.00154555
-0.00146511
-0.00138224
-0.00129777
-0.00121404
-0.0011303
-0.00104732
-0.000965801
-0.000886414
-0.000811136
-0.000739173
-0.000671029
-0.00060715
-0.000547918
-0.000494591
-0.000446485
-0.000403785
-0.000366613
-0.000335025
-0.000309414
-0.000289308
-0.000274574
-0.000265018
-0.000260389
-0.000260299
-0.000264473
-0.000272507
-0.000283951
-0.000298313
-0.000314693
-0.000332909
-0.000352385
-0.000372522
-0.000392707
-0.000411946
-0.000430002
-0.000446271
-0.000460155
-0.000471076
-0.000478401
-0.000481683
-0.000480435
-0.000474202
-0.000462573
-0.000445659
-0.000422664
-0.000393323
-0.000357427
-0.000314819
-0.000266588
-0.000211516
-0.000149632
-8.10274e-05
-5.85969e-06
7.37758e-05
0.000159475
0.000250895
0.000347634
0.00044923
0.000552768
0.000660087
0.000770583
0.000883605
0.000998466
0.00111184
0.00122559
0.00133896
0.00145117
0.00156144
0.00166655
0.00176812
0.00186538
0.00195755
0.00204387
0.00212179
0.00219241
0.00225506
0.00230909
0.00235392
0.00238818
0.00241219
0.00242552
0.00242781
0.00241874
0.0023985
0.00236652
0.00232269
0.00226701
0.00219954
0.00212214
0.00203328
0.00193326
0.00182241
0.00170118
0.00157292
0.00143531
0.00128895
0.00113449
0.00097267
0.000808001
0.000637543
0.000462146
0.000282696
0.000100116
-8.05042e-05
-0.000262347
-0.00044444
-0.000625796
-0.000805423
-0.000978342
-0.00114758
-0.00131217
-0.00147119
-0.00162374
-0.00176563
-0.00189934
-0.0020241
-0.00213918
-0.0022439
-0.0023355
-0.00241558
-0.00248366
-0.00253935
-0.00258231
-0.00261157
-0.00262766
-0.00263046
-0.00261995
-0.00259617
-0.00256009
-0.00251106
-0.00244933
-0.00237524
-0.00228918
-0.00219392
-0.00208768
-0.00197105
-0.00184466
-0.00170921
-0.00156883
-0.00142089
-0.00126622
-0.00110566
-0.000940098
-0.000774488
-0.000605695
-0.000434646
-0.000262276
-8.9524e-05
7.85283e-05
0.000245122
0.000409306
0.00056989
0.00072574
0.000872099
0.00101166
0.0011435
0.00126677
0.00138068
0.00148187
0.00157247
0.00165202
0.00172012
0.0017765
0.00181957
0.00185069
0.0018699
0.00187733
0.00187323
0.00185784
0.00183167
0.00179523
0.00174911
0.00169396
0.00163158
0.00156164
0.00148497
0.00140243
0.0013149
0.00122509
0.00113202
0.00103656
0.000939605
0.000841999
0.000746716
0.000652296
0.000559475
0.000468947
0.000381351
0.000299318
0.000221203
0.000147461
7.84799e-05
1.45866e-05
-4.23184e-05
-9.38016e-05
-0.000139743
-0.000180088
-0.000214841
-0.000242977
-0.000265802
-0.000283495
-0.00029628
-0.000304427
-0.00030769
-0.00030701
-0.000302749
-0.000295286
-0.000285015
-0.000272209
-0.00025741
-0.000241015
-0.000223409
-0.000204966
-0.000186158
-0.00016718
-0.000148338
-0.000129911
-0.000112146
-9.54604e-05
-7.97998e-05
-6.53141e-05
-5.21193e-05
-4.02982e-05
-3.00703e-05
-2.1242e-05
-1.38032e-05
-7.71566e-06
-2.91532e-06
5.91718e-07
3.03882e-06
4.54699e-06
5.25096e-06
5.2959e-06
4.80602e-06
3.98204e-06
2.97597e-06
1.93694e-06
1.00821e-06
3.23552e-07
8.92909e-09
0
0
0
0
0
0
0
0
0
0
0
0
0
0
0
0
0
0
0
0
0
0
0
0
0
0
0
0
0
0
0
0
0
0
0
0
-0
-0
-0
-0
-0
-0
-0
-0
-0
-0
-0
-0
-0
-0
-0
-0
-0
-0
-0
-0
-0
-0
-0
-0
-0
-0
-0
-0
-0
-0
-0
-0
-0
-0
-0
0
0
0
0
0
0
0
0
0
0
0
0
0
0
0
0
0
0
0
0
0
0
0
0
0
0
0
0
0
0
0
0
0
0
0
0
0
0
0
0
0
0
0
0
0
0
0
0
0
0
0
0
0
0
0
0
0
0
0
0
0
0
0
0
0
0
0
0
0
0
0
0
0
0
0
0
0
0
0
0
0
0
0
0
0
0
0
0
0
0
0
0
0
0
0
0
0
0
0
0
0
0
0
0
0
0
0
0
0
0
0
0
0
0
0
0
0
0
0
0
0
0
0
0
0
0
0
0
0
0
0
0
0
0
0
0
0
0
0
0
0
0
0
0
0
0
0
0
0
0
0
0
0
0
0
0
0
0
0
0
0
0
0
0
0
0
0
0
0
0
0
0
0
0
0
0
0
0
0
0
0
0
0
0
0
0
0
0
0
0
0
0
0
0
0
0
0
0
0
0
0
0
0
0
0
0
0
0
0
0
0
0
0
0
0
0
-0
-0
-0
-0
-0
-0
-0
-0
-0
-0
-0
-0
-0
-0
-0
-0
-0
-0
-0
-0
-0
-0
-0
-0
-0
-0
-0
-0
-0
-0
-0
-0
-0
-0
-0
