-0
-0
-0
-0
-0
-0
-0
-0
-0
-0
-0
-0
0
0
0
0
0
0
0
0
0
0
0
0
0
0
0
0
0
0
0
0
0
0
0
0
0
0
0
0
0
0
0
0
0
0
0
0
0
0
0
0
0
0
0
0
0
0
0
0
0
0
0
0
0
0
0
0
0
0
0
0
0
0
0
-0
-0
-0
-0
-0
-0
-0
-0
-0
-0
-0
-0
-0
-0
-0
-0
-0
-0
-0
-0
-0
-0
-0
-0
-0
-0
-0
-0
-0
-0
-0
-0
-0
-0
-0
-0
-0
-0
-0
-0
-0
-0
-0
-0
-0
-0
-0
-0
-0
-0
-0
-0
-0
-0
0
0
0
0
0
0
0
0
0
0
0
0
0
0
0
0
0
0
0
0
0
0
0
0
0
0
0
0
0
0
0
0
0
0
0
0
0
0
0
0
0
0
0
0
0
0
-0
-0
-0
-0
-0
-0
-0
-0
-0
-0
-0
-0
-0
-0
-0
-0
-0
-0
-0
-0
-0
-0
-0
-0
-0
-0
-0
-0
-0
-0
-0
-0
-0
-0
-0
-0
-0
-0
-0
-0
-0
-0
-0
-0
-0
0
0
0
0
0
0
0
0
0
0
0
0
0
0
0
0
0
0
0
0
0
0
0
0
0
0
0
0
0
0
0
0
0
0
0
0
0
0
0
0
0
0
0
-0
-0
-0
-0
-0
-0
-0
-0
-0
-0
-0
-0
-0
-0
-0
-0
-0
-0
-0
-0
-0
-0
-0
-0
-0
-0
-0
-0
-0
-0
-0
-0
-0
-0
-0
-0
-0
-0
-0
-0
-0
-0
-0
-0
0
0
0
0
0
0
0
0
0
0
0
0
0
0
0
1.72031e-07
6.83368e-06
2.34437e-05
5.00684e-05
8.63884e-05
0.000131709
0.000184981
0.000244823
0.000309549
0.000377193
0.000445545
0.000512193
0.000574577
0.000630051
0.000675929
0.000709532
0.000728223
0.000729455
0.00071083
0.000670158
0.000605522
0.000515306
0.000398218
0.000253302
7.99752e-05
-0.000121916
-0.000352038
-0.000609536
-0.000893056
-0.00120081
-0.00153065
-0.0018801
-0.00224634
-0.00262616
-0.00301591
-0.00341148
-0.00380844
-0.00420212
-0.0045878
-0.00496076
-0.00531633
-0.00564992
-0.005957
-0.00623312
-0.00647395
-0.00667534
-0.00683341
-0.00694457
-0.00700569
-0.0070141
-0.00696778
-0.00686536
-0.00670613
-0.00648998
-0.0062173
-0.00588891
-0.00550612
-0.00507073
-0.00458522
-0.0040528
-0.00347739
-0.00286354
-0.00221631
-0.00154107
-0.000843396
-0.000129026
0.000596162
0.00132613
0.00205463
0.00277526
0.00348139
0.00416627
0.00482309
0.00544522
0.00602637
0.0065609
0.00704391
0.00747125
0.0078394
0.00814512
0.00838539
0.00855729
0.00865831
0.00868666
0.00864166
0.00852384
0.00833478
0.00807679
0.0077525
0.00736469
0.00691657
0.00641439
0.00586257
0.00526507
0.00462636
0.00395109
0.00324383
0.00250896
0.00175079
0.000973819
0.000182911
-0.000616679
-0.00141947
-0.00221999
-0.00301299
-0.00379347
-0.00455668
-0.00529805
-0.00601309
-0.00669748
-0.00734709
-0.00795795
-0.00852628
-0.00904844
-0.00952109
-0.00994129
-0.0103067
-0.0106155
-0.0108666
-0.011059
-0.0111917
-0.0112637
-0.011274
-0.0112219
-0.0111074
-0.0109309
-0.0106936
-0.0103971
-0.0100432
-0.00963381
-0.00917132
-0.00865839
-0.00809817
-0.00749415
-0.00685001
-0.00616947
-0.00545625
-0.00471415
-0.00394715
-0.00315945
-0.00235542
-0.00153955
-0.00071636
0.000109588
0.000933699
0.00175137
0.00255807
0.00334949
0.0041216
0.00487057
0.00559258
0.00628366
0.00693958
0.00755604
0.00812896
0.00865477
0.00913063
0.0095543
0.00992392
0.0102378
0.0104942
0.0106914
0.010828
0.0109026
0.0109146
0.0108632
0.0107486
0.010571
0.0103316
0.010032
0.00967427
0.00926057
0.0087928
0.00827256
0.00770141
0.00708127
0.00641487
0.00570579
0.0049583
0.0041768
0.00336545
0.00252794
0.00166771
0.000788363
-0.000106043
-0.00101087
-0.00192115
-0.0028319
-0.00373844
-0.00463648
-0.0055219
-0.00639059
-0.00723829
-0.00806066
-0.00885344
-0.00961258
-0.0103343
-0.0110149
-0.0116509
-0.0122384
-0.012774
-0.0132544
-0.0136767
-0.014039
-0.0143394
-0.0145766
-0.0147492
-0.0148556
-0.0148942
-0.0148637
-0.0147632
-0.0145927
-0.0143529
-0.0140451
-0.0136708
-0.0132315
-0.0127289
-0.0121646
-0.0115405
-0.0108589
-0.0101228
-0.00933561
-0.008501
-0.00762291
-0.00670537
-0.00575261
-0.0047691
-0.0037596
-0.00272917
-0.00168303
-0.000626476
0.000435191
0.00149658
0.00255214
0.00359613
0.00462264
0.00562579
0.00659985
0.00753935
0.00843902
0.00929375
0.0100984
0.0108481
0.0115378
0.0121629
0.0127192
0.0132027
0.0136096
0.0139363
0.0141793
0.0143358
0.0144035
0.0143808
0.0142672
0.0140626
0.0137668
0.0133798
0.0129016
0.0123323
0.0116726
0.0109244
0.0100903
0.00917413
0.00818014
0.00711295
0.00597723
0.00477763
0.0035189
0.00220613
0.00084498
-0.000558161
-0.00199615
-0.00346121
-0.00494522
-0.0064399
-0.00793703
-0.00942853
-0.0109064
-0.0123625
-0.0137888
-0.015177
-0.0165186
-0.0178051
-0.0190281
-0.0201792
-0.0212503
-0.0222339
-0.023123
-0.0239112
-0.024593
-0.025163
-0.0256162
-0.0259474
-0.0261519
-0.0262249
-0.026163
-0.0259637
-0.0256258
-0.025149
-0.0245335
-0.0237801
-0.0228896
-0.0218636
-0.020705
-0.0194178
-0.0180073
-0.0164802
-0.0148433
-0.0131036
-0.0112679
-0.00934312
-0.00733673
-0.0052571
-0.00311382
-0.000917726
0.00131952
0.00358585
0.00586927
0.00815814
0.0104411
0.0127069
0.014944
0.0171401
0.0192826
0.0213585
0.0233549
0.0252598
0.0270618
0.0287507
0.0303168
0.0317506
0.0330429
0.0341843
0.035166
0.0359801
0.0366196
0.0370792
0.0373547
0.037443
0.037342
0.0370501
0.0365664
0.0358908
0.0350239
0.0339678
0.0327254
0.0313015
0.0297019
0.0279338
0.0260053
0.0239249
0.0217019
0.0193458
0.0168668
0.0142761
0.0115858
0.00880896
0.00595972
0.00305277
0.0001031
-0.0028742
-0.00586415
-0.00885194
-0.0118229
-0.0147624
-0.0176559
-0.0204887
-0.0232459
-0.0259127
-0.0284745
-0.0309169
-0.0332266
-0.035391
-0.0373985
-0.0392386
-0.040902
-0.0423804
-0.0436666
-0.0447545
-0.0456394
-0.0463176
-0.0467864
-0.0470443
-0.0470909
-0.0469266
-0.0465532
-0.0459735
-0.0451915
-0.0442123
-0.0430416
-0.0416863
-0.0401542
-0.0384538
-0.0365948
-0.0345877
-0.0324437
-0.0301744
-0.0277921
-0.0253093
-0.0227392
-0.0200952
-0.017391
-0.0146407
-0.0118583
-0.00905804
-0.0062538
-0.00345947
-0.000688678
0.00204522
0.00472922
0.00735077
0.00989777
0.0123586
0.0147224
0.0169786
0.0191177
0.0211306
0.0230095
0.0247469
0.0263366
0.0277729
0.0290511
0.0301674
0.031119
0.0319038
0.0325207
0.0329696
0.033251
0.0333665
0.0333185
0.0331101
0.0327456
0.0322296
0.0315674
0.0307651
0.029829
0.0287665
0.0275854
0.0262941
0.0249017
0.0234173
0.0218504
0.0202104
0.0185071
0.0167502
0.0149498
0.013116
0.0112589
0.00938824
0.00751376
0.00564485
0.00379069
0.00196022
0.000162082
-0.00159549
-0.00330474
-0.00495842
-0.00654976
-0.00807249
-0.0095208
-0.0108894
-0.0121735
-0.0133691
-0.0144726
-0.0154813
-0.0163927
-0.0172053
-0.0179177
-0.0185294
-0.0190404
-0.019451
-0.0197624
-0.0199761
-0.0200942
-0.020119
-0.0200536
-0.0199013
-0.0196658
-0.0193511
-0.0189615
-0.0185015
-0.0179759
-0.0173896
-0.0167478
-0.0160559
-0.0153193
-0.0145435
-0.0137337
-0.0128953
-0.0120549
-0.0112416
-0.0104491
-0.00967043
-0.00889862
-0.00812684
-0.00734845
-0.00655718
-0.00574728
-0.00491366
-0.00405212
-0.00315952
-0.00223387
-0.00127436
-0.000281298
0.000743967
0.00179914
0.00288102
0.00398546
0.00510738
0.00624076
0.00737878
0.00851394
0.00963825
0.0107434
0.011821
0.0128626
0.0138599
0.0148048
0.0156896
0.0165067
0.0172492
0.0179104
0.0184844
0.0189659
0.0193507
0.0196358
0.0198188
0.0198984
0.0198739
0.0197454
0.0195141
0.0191819
0.0187522
0.0182291
0.0176173
0.0169218
0.0161479
0.0153016
0.0143892
0.0134176
0.012394
0.0113251
0.0102174
0.00907668
0.00790869
0.00671928
0.00551452
0.00430032
0.00308193
0.00186358
0.000648529
-0.00056055
-0.00176109
-0.00295049
-0.0041264
-0.00528714
-0.00643203
-0.00756112
-0.00867466
-0.00977259
-0.0108545
-0.01192
-0.0129697
-0.0140051
-0.0150284
-0.0160413
-0.0170446
-0.0180371
-0.0190168
-0.0199816
-0.0209304
-0.0218626
-0.0227779
-0.0236747
-0.0245497
-0.0253981
-0.0262145
-0.0269929
-0.0277276
-0.0284219
-0.0290791
-0.0296942
-0.0302611
-0.0307621
-0.0312017
-0.0315739
-0.0318725
-0.0320911
-0.0322152
-0.0322444
-0.0321711
-0.0319888
-0.0316916
-0.0312736
-0.0307307
-0.0300575
-0.0292485
-0.0282984
-0.0272105
-0.025974
-0.0245874
-0.0230501
-0.0213625
-0.0195428
-0.0175757
-0.0154641
-0.0132119
-0.0108238
-0.00833249
-0.00571826
-0.00298972
-0.00015695
0.00276865
0.00574039
0.0087802
0.0118751
0.0150115
0.0181748
0.0213102
0.0244399
0.0275457
0.0306092
0.0336113
0.0364944
0.0392781
0.041943
0.0444696
0.0468385
0.0489987
0.0509649
0.0527194
0.0542449
0.0555241
0.0565203
0.0572386
0.0576652
0.0577883
0.0575972
0.05708
0.0562293
0.0550366
0.0534955
0.0516013
0.0493727
0.0467891
0.0438524
0.0405658
0.0369342
0.033009
0.0287553
0.0241856
0.019314
0.0141563
0.00879592
0.00318404
-0.00265965
-0.00871309
-0.0149519
-0.021266
-0.027712
-0.0342617
-0.0408858
-0.0475533
-0.0541389
-0.0607007
-0.0672033
-0.0736105
-0.0798822
-0.0858891
-0.0916836
-0.0972281
-0.102485
-0.107415
-0.111909
-0.116005
-0.119669
-0.122868
-0.125573
-0.12771
-0.129296
-0.130305
-0.130717
-0.13051
-0.129665
-0.128172
-0.126018
-0.123198
-0.119706
-0.115587
-0.110802
-0.105357
-0.0992642
-0.0925378
-0.0852877
-0.0774424
-0.069027
-0.0600701
-0.0506044
-0.0408006
-0.0305631
-0.019934
-0.00895859
0.00231484
0.013671
0.0252218
0.0369124
0.0486861
0.0604844
0.0720719
0.0835639
0.0948998
0.106019
0.11686
0.1272
0.137143
0.14663
0.155604
0.16401
0.171664
0.178645
0.184904
0.190398
0.195083
0.198848
0.201734
0.203712
0.204757
0.204848
0.203964
0.202099
0.199247
0.195406
0.190582
0.184859
0.178179
0.170562
0.162032
0.152618
0.142501
0.131574
0.119885
0.107483
0.0944231
0.080966
0.0669696
0.0524978
0.0376184
0.0224021
0.00716066
-0.00827065
-0.0238164
-0.0394001
-0.0549436
-0.0701228
-0.0851048
-0.0998115
-0.114166
-0.128093
-0.141299
-0.153935
-0.165934
-0.177232
-0.187766
-0.197312
-0.205981
-0.213723
-0.220496
-0.226259
-0.230891
-0.234455
-0.236926
-0.238289
-0.23853
-0.237642
-0.235624
-0.232483
-0.228231
-0.222886
-0.216564
-0.209203
-0.200838
-0.191509
-0.18126
-0.170312
-0.158547
-0.146025
-0.132805
-0.118956
-0.104775
-0.0901053
-0.075022
-0.0596021
-0.0439249
-0.0283294
-0.0126384
0.0030664
0.0187039
0.0341944
0.0492064
0.0639205
0.0782659
0.0921736
0.105576
0.118191
0.130173
0.141463
0.152008
0.161757
0.170509
0.178381
0.185338
0.191354
0.196405
0.200401
0.203406
0.205411
0.206413
0.206412
0.205427
0.203459
0.200529
0.196666
0.191902
0.186362
0.179992
0.17283
0.164918
0.156305
0.1472
0.137502
0.127272
0.116572
0.105466
0.0942157
0.0826845
0.0709344
0.0590277
0.0470279
0.035213
0.0234344
0.0117573
0.000245493
-0.0110402
-0.0218437
-0.0323131
-0.0424001
-0.0520583
-0.0612418
-0.0697453
-0.0776883
-0.0850343
-0.0917528
-0.0978194
-0.10311
-0.107715
-0.11162
-0.114814
-0.11729
-0.119003
-0.119992
-0.120263
-0.119825
-0.118695
-0.116917
-0.114488
-0.111433
-0.107779
-0.103556
-0.0988798
-0.0937012
-0.0880578
-0.0819901
-0.0755409
-0.0688793
-0.0619221
-0.0547113
-0.0472893
-0.0397002
-0.0321374
-0.0244995
-0.0168325
-0.00918097
-0.00158694
0.00576057
0.0129718
0.0200087
0.0268338
0.033411
0.039577
0.045433
0.0509524
0.0561104
0.0608831
0.0651514
0.0689924
0.0723911
0.0753372
0.0778241
0.0797948
0.0812986
0.0823324
0.0828945
0.0829865
0.0826096
0.0817799
0.0805118
0.0788216
0.0767261
0.074282
0.071467
0.0683003
0.0648032
0.0609994
0.0569911
0.0527278
0.0482368
0.0435462
0.038685
0.0337843
0.0287713
0.0236744
0.0185224
0.013344
0.00828053
0.0032476
-0.00172728
-0.00661759
-0.0113979
-0.0159349
-0.0203135
-0.0245106
-0.0285041
-0.0322739
-0.035711
-0.038891
-0.0417997
-0.0444235
-0.0467493
-0.0487023
-0.050336
-0.0516443
-0.0526233
-0.0532712
-0.0535585
-0.0535124
-0.0531328
-0.0524224
-0.0513865
-0.0500429
-0.0483917
-0.0464424
-0.0442041
-0.0416859
-0.0389437
-0.0359477
-0.032716
-0.0292683
-0.0256238
-0.0218732
-0.0179597
-0.0138994
-0.00971085
-0.00541541
-0.00112833
0.0032201
0.00760892
0.0120189
0.0164315
0.0207275
0.0249867
0.0291879
0.0333112
0.0373382
0.0411581
0.044851
0.0484017
0.0517934
0.0550084
0.0579516
0.0606877
0.0632061
0.0654991
0.0675596
0.0693274
0.0708462
0.072107
0.0731017
0.0738253
0.0742559
0.0744156
0.0743082
0.073938
0.0733085
0.0724363
0.0713096
0.0699311
0.0683056
0.0664413
0.0643954
0.0621357
0.0596774
0.0570351
0.0542224
0.051323
0.048277
0.0450973
0.0417986
0.0383979
0.035001
0.0315387
0.0280293
0.0244908
0.0209415
0.0174913
0.0140657
0.0106813
0.00735361
0.00409744
0.00101171
-0.00197187
-0.00483669
-0.00756599
-0.0101441
-0.012493
-0.0146667
-0.0166561
-0.0184521
-0.0200451
-0.0213878
-0.022508
-0.023398
-0.024053
-0.0244704
-0.0246447
-0.0245805
-0.0242781
-0.0237382
-0.0229627
-0.0219831
-0.0207777
-0.0193545
-0.0177232
-0.0158947
-0.0139358
-0.0118027
-0.00950675
-0.00705902
-0.004471
-0.00182976
0.000924591
0.00377491
0.00670185
0.00968515
0.0126232
0.0155804
0.0185409
0.0214896
0.0244108
0.0272103
0.0299471
0.0326022
0.0351571
0.0375947
0.039839
0.0419368
0.0438693
0.0456055
0.0471318
0.0484032
0.0494439
0.050245
0.0507993
0.0511023
0.0511502
0.0509472
0.0504977
0.0498078
0.0488838
0.0477614
0.0464211
0.0448758
0.043142
0.0412396
0.0392408
0.0371125
0.0348723
0.032537
0.0301238
0.027716
0.02527
0.0228088
0.0203549
0.0179286
0.0156113
0.013354
0.0111724
0.00908195
0.00709712
0.00528184
0.00359202
0.00203532
0.000618351
-0.000652708
-0.00173944
-0.00267298
-0.00345261
-0.004081
-0.00456355
-0.00489466
-0.00509452
-0.00516975
-0.00512718
-0.00497484
-0.00472797
-0.0043927
-0.00398186
-0.00350835
-0.00298452
-0.00243896
-0.00186498
-0.00127432
-0.000678636
-8.90119e-05
0.000463599
0.000993765
0.00149361
0.00195584
0.00237368
0.0027222
0.00301831
0.00325886
0.00344238
0.00356878
0.00362565
0.00363025
0.00358471
0.00349195
0.00335587
0.00317431
0.00296159
0.00272368
0.00246679
0.00219722
0.00191891
0.0016414
0.00137079
0.00111283
0.000872836
0.000655205
0.00046446
0.000303897
0.000176036
8.25387e-05
2.41484e-05
6.11454e-07
0
0
0
0
0
0
0
0
0
0
0
0
0
0
0
0
0
0
0
0
-0
-0
-0
-0
-0
-0
-0
-0
-0
-0
-0
-0
-0
-0
-0
-0
-0
-0
-0
-0
-0
-0
-0
-0
-0
-0
-0
-0
-0
-0
-0
-0
-0
-0
0
0
0
0
0
0
0
0
0
0
0
0
0
0
0
0
0
0
0
0
0
0
0
0
0
0
0
0
0
0
0
0
0
0
0
0
0
0
0
0
0
0
0
0
0
0
0
0
0
0
0
-0
-0
-0
-0
-0
-0
-0
-0
-0
-0
-0
-0
-0
-0
-0
-0
-0
-0
-0
-0
-0
-0
-0
-0
-0
-0
-0
-0
-0
-0
-0
-0
-0
-0
-0
-0
-0
-0
-0
0
0
0
0
0
0
0
0
0
0
0
0
0
0
0
0
0
0
0
0
0
0
0
0
0
0
0
0
0
0
0
0
0
0
0
0
0
0
0
0
0
0
0
0
0
0
0
0
0
-0
-0
-0
-0
-0
-0
-0
-0
-0
-0
-0
-0
-0
-0
-0
-0
-0
-0
-0
-0
-0
-0
-0
-0
-0
-0
-0
-0
-0
-0
-0
-0
-0
-0
-0
-0
0
0
0
0
0
0
0
0
0
0
0
0
0
0
0
0
0
0
0
0
0
0
0
0
0
0
0
0
0
0
0
0
0
0
0
0
0
0
0
0
0
0
0
0
0
0
0
0
0
0
0
0
0
0
0
0
0
0
0
0
0
0
0
0
0
0
0
0
0
0
0
0
0
0
0
0
0
0
0
0
0
0
0
0
0
0
0
-0
-0
-0
-0
-0
-0
