0
0
0
0
0
0
0
-0
-0
-0
-0
-0
-0
-0
-0
-0
-0
-0
-0
-0
-0
-0
-0
-0
-0
-0
-0
-0
-0
-0
-0
-0
-0
-0
-0
-0
-0
-0
-0
-0
-0
-0
-0
-0
-0
-0
-0
0
0
0
0
0
0
0
0
0
0
0
0
0
0
0
0
0
0
0
0
0
0
0
0
0
0
0
0
0
0
0
0
0
0
0
0
0
0
0
0
4.99635e-07
3.44596e-05
9.59125e-05
0.000149014
0.000159248
9.41559e-05
-7.59522e-05
-0.000377307
-0.000832037
-0.0014576
-0.00226637
-0.00326526
-0.00445558
-0.00583279
-0.0073865
-0.00910042
-0.0109525
-0.0129154
-0.0149566
-0.0170394
-0.0191229
-0.0211627
-0.0231119
-0.024921
-0.0265396
-0.027917
-0.0290027
-0.0297479
-0.0301053
-0.0300306
-0.0294829
-0.0284263
-0.0268301
-0.0246699
-0.0219273
-0.0185904
-0.0146534
-0.0101177
-0.00499277
0.000703465
0.0069442
0.0136945
0.0209124
0.0285498
0.0365532
0.044863
0.0534134
0.0621327
0.0709438
0.0797661
0.0885167
0.097111
0.105463
0.113486
0.121093
0.128199
0.134724
0.140594
0.145744
0.150114
0.153651
0.156308
0.15804
0.158812
0.158602
0.157394
0.155189
0.151993
0.147824
0.142705
0.136669
0.129757
0.122023
0.113527
0.104338
0.0945302
0.0841795
0.0733662
0.0621741
0.0506907
0.0390066
0.0272138
0.0154034
0.00366469
-0.0079161
-0.019256
-0.030276
-0.040902
-0.0510664
-0.0607089
-0.0697782
-0.0782616
-0.086146
-0.0934111
-0.100041
-0.106025
-0.111359
-0.116046
-0.120093
-0.123515
-0.126331
-0.128561
-0.130231
-0.13137
-0.132005
-0.132167
-0.131885
-0.131191
-0.130114
-0.128689
-0.126954
-0.124951
-0.122722
-0.120309
-0.117751
-0.115082
-0.112334
-0.109535
-0.106711
-0.103887
-0.101085
-0.0983212
-0.0956101
-0.0929598
-0.0903743
-0.087854
-0.0853955
-0.082993
-0.0806378
-0.078319
-0.0760238
-0.0737371
-0.0714416
-0.0691169
-0.0667398
-0.0642845
-0.0617234
-0.0590286
-0.0561735
-0.0531333
-0.0498858
-0.0464105
-0.0426883
-0.0387004
-0.0344289
-0.0298564
-0.0249668
-0.0197458
-0.0141816
-0.00826457
-0.00198801
0.004652
0.0116558
0.0190194
0.0267332
0.0347815
0.0431417
0.0517848
0.0606752
0.0697715
0.0790267
0.0883883
0.0977988
0.107197
0.116518
0.125696
0.134666
0.143359
0.151707
0.15964
0.167082
0.173958
0.180193
0.185715
0.190455
0.194351
0.197343
0.199376
0.200396
0.200354
0.199202
0.196902
0.193417
0.188722
0.182796
0.175624
0.167202
0.157536
0.146638
0.134535
0.121261
0.106859
0.0913791
0.0748796
0.0574279
0.0391012
0.0199869
0.000181234
-0.0202118
-0.0410826
-0.0623163
-0.0837938
-0.105392
-0.126983
-0.148438
-0.169627
-0.190423
-0.210698
-0.230328
-0.249191
-0.267167
-0.284142
-0.300007
-0.31466
-0.328006
-0.339959
-0.350437
-0.359367
-0.366685
-0.372334
-0.376269
-0.378457
-0.378873
-0.377504
-0.374347
-0.369408
-0.362705
-0.354267
-0.344136
-0.332367
-0.319023
-0.304177
-0.287913
-0.270325
-0.251517
-0.231604
-0.210707
-0.18896
-0.166497
-0.143463
-0.120004
-0.0962716
-0.0724234
-0.0486183
-0.0250162
-0.00177636
0.0209447
0.0429937
0.0642216
0.0844835
0.10364
0.121558
0.138111
0.153185
0.166674
0.178483
0.188533
0.196754
0.20309
0.207502
0.20996
0.210452
0.208978
0.205553
0.200206
0.19298
0.183932
0.17313
0.160657
0.146609
0.131091
0.114221
0.0961262
0.0769411
0.0568074
0.0358726
0.0142894
-0.00778446
-0.0301876
-0.052756
-0.075325
-0.0977306
-0.11981
-0.141404
-0.162356
-0.182511
-0.201724
-0.219855
-0.236774
-0.252362
-0.266511
-0.279121
-0.290103
-0.299377
-0.306874
-0.312535
-0.316317
-0.31819
-0.318138
-0.31616
-0.312269
-0.306492
-0.298869
-0.289454
-0.278314
-0.265526
-0.25118
-0.235373
-0.218213
-0.199815
-0.180306
-0.159817
-0.138489
-0.116468
-0.0939027
-0.0709496
-0.0477659
-0.0245121
-0.00134925
0.0215616
0.0440615
0.0659941
0.0872074
0.107555
0.126896
0.1451
0.162041
0.177607
0.191691
0.204199
0.215041
0.224141
0.23143
0.236854
0.240368
0.241942
0.241556
0.239204
0.234891
0.228634
0.220464
0.210428
0.198584
0.185004
0.169768
0.152968
0.134703
0.11508
0.0942147
0.0722317
0.0492603
0.0254353
0.000894236
-0.0242226
-0.0497722
-0.0756087
-0.101583
-0.127544
-0.15334
-0.178821
-0.20384
-0.228257
-0.251935
-0.274741
-0.296548
-0.317233
-0.336681
-0.354784
-0.371447
-0.386585
-0.400127
-0.412009
-0.422179
-0.430595
-0.437224
-0.442041
-0.445035
-0.446206
-0.445564
-0.443129
-0.438932
-0.433011
-0.425414
-0.416195
-0.405419
-0.393157
-0.379487
-0.364494
-0.348269
-0.330908
-0.312513
-0.29319
-0.27305
-0.252204
-0.230766
-0.20885
-0.186568
-0.164034
-0.141362
-0.118668
-0.0960638
-0.0736619
-0.0515686
-0.0298853
-0.00870847
0.0118698
0.0317614
0.0508816
0.0691507
0.086494
0.102843
0.118137
0.13232
0.145345
0.157173
0.167769
0.177111
0.185181
0.191969
0.197467
0.201675
0.204596
0.206238
0.206618
0.205759
0.203691
0.200451
0.19608
0.190623
0.184127
0.17664
0.168214
0.158905
0.148769
0.13787
0.126272
0.114043
0.101252
0.0879665
0.0742534
0.0601785
0.0458067
0.0312043
0.0164385
0.00157757
-0.0133112
-0.0281635
-0.0429189
-0.0575213
-0.0719173
-0.0860548
-0.0998821
-0.113348
-0.126405
-0.139009
-0.151119
-0.162701
-0.173722
-0.184152
-0.193961
-0.203124
-0.211616
-0.21942
-0.226521
-0.232908
-0.238571
-0.243506
-0.247708
-0.251178
-0.253922
-0.255948
-0.257268
-0.257894
-0.257839
-0.257116
-0.255742
-0.253736
-0.25112
-0.247919
-0.24416
-0.23987
-0.235076
-0.229808
-0.224097
-0.217976
-0.211477
-0.204636
-0.197483
-0.190051
-0.182371
-0.174475
-0.166398
-0.158176
-0.149844
-0.141437
-0.132987
-0.124527
-0.116087
-0.107698
-0.0993903
-0.0911955
-0.0831432
-0.0752614
-0.0675751
-0.0601075
-0.0528797
-0.0459118
-0.0392238
-0.0328352
-0.026765
-0.0210307
-0.0156477
-0.0106282
-0.00598178
-0.0017159
0.00216316
0.0056493
0.00873647
0.0114193
0.0136945
0.0155619
0.017025
0.0180903
0.0187665
0.0190626
0.0189875
0.01855
0.0177596
0.0166268
0.0151641
0.0133854
0.0113054
0.00893942
0.00630328
0.00341395
0.000289806
-0.00304941
-0.00658322
-0.0102913
-0.0141542
-0.0181533
-0.0222704
-0.0264871
-0.0307843
-0.0351421
-0.0395408
-0.0439607
-0.048383
-0.0527895
-0.0571626
-0.0614852
-0.0657411
-0.0699155
-0.0739953
-0.077968
-0.0818218
-0.0855442
-0.0891223
-0.0925438
-0.0957977
-0.0988759
-0.101773
-0.104486
-0.107012
-0.109348
-0.111491
-0.113435
-0.115178
-0.116718
-0.118059
-0.119203
-0.120158
-0.120929
-0.121523
-0.121945
-0.122203
-0.122301
-0.122246
-0.122047
-0.121712
-0.121251
-0.120676
-0.119998
-0.11923
-0.118381
-0.117456
-0.116464
-0.115408
-0.114298
-0.113144
-0.111956
-0.110745
-0.10952
-0.108286
-0.107046
-0.105805
-0.104567
-0.103338
-0.102124
-0.100932
-0.0997628
-0.0986177
-0.0974961
-0.0963978
-0.0953234
-0.0942737
-0.0932488
-0.0922468
-0.0912641
-0.0902963
-0.0893397
-0.0883915
-0.0874492
-0.0865097
-0.0855686
-0.0846202
-0.0836591
-0.0826817
-0.0816865
-0.0806737
-0.0796429
-0.0785917
-0.0775155
-0.0764091
-0.0752685
-0.0740924
-0.0728822
-0.0716402
-0.0703679
-0.0690646
-0.0677284
-0.0663578
-0.0649536
-0.0635193
-0.06206
-0.0605806
-0.0590848
-0.057575
-0.0560541
-0.0545266
-0.0529992
-0.0514799
-0.0499763
-0.0484943
-0.047038
-0.0456112
-0.0442127
-0.0428311
-0.0414753
-0.0401557
-0.0388811
-0.0376584
-0.0364937
-0.0353933
-0.0343643
-0.0334143
-0.03255
-0.0317764
-0.0310968
-0.0305135
-0.0300292
-0.0296472
-0.0293707
-0.0292014
-0.0291387
-0.0291792
-0.0293174
-0.0295474
-0.0298636
-0.0302604
-0.0307319
-0.0312714
-0.0318711
-0.0325225
-0.0332168
-0.0339447
-0.034696
-0.0354593
-0.0362221
-0.0369717
-0.0376968
-0.0383881
-0.0390383
-0.0396406
-0.0401875
-0.0406698
-0.0410768
-0.0413981
-0.0416249
-0.0417509
-0.0417723
-0.0416869
-0.0414929
-0.0411886
-0.0407727
-0.0402446
-0.0396054
-0.0388577
-0.0380053
-0.0370529
-0.0360057
-0.0348696
-0.0336512
-0.0323579
-0.030998
-0.0295802
-0.0281133
-0.0266068
-0.0250706
-0.0235147
-0.0219496
-0.0203853
-0.0188318
-0.0172981
-0.015793
-0.014325
-0.0129024
-0.011533
-0.0102242
-0.00898239
-0.00781322
-0.0067213
-0.00571042
-0.00478358
-0.00394288
-0.00318942
-0.00252327
-0.00194347
-0.00144808
-0.00103429
-0.000698418
-0.000435936
-0.00024147
-0.000108847
-3.11931e-05
-1.04282e-06
-0
-0
-0
-0
-0
-0
-0
-0
-0
-0
-0
-0
-0
0
0
0
0
0
0
0
0
0
0
0
0
0
0
0
0
0
0
0
0
0
0
0
0
0
0
0
0
0
0
0
0
0
0
0
0
0
-0
-0
-0
-0
-0
-0
-0
-0
-0
-0
-0
-0
-0
-0
-0
-0
-0
-0
-0
-0
-0
-0
-0
-0
-0
-0
-0
-0
-0
-0
-0
-0
-0
-0
-0
-0
-0
-0
-0
-0
-0
-0
-0
-0
-0
-0
-0
-0
-0
-0
0
0
0
0
0
0
0
0
0
0
0
0
0
0
0
0
0
0
0
0
0
0
0
0
0
0
0
0
0
0
0
0
0
0
0
0
0
0
0
0
0
0
0
0
0
0
0
0
0
0
0
0
0
1.64387e-06
4.68112e-05
0.000156781
0.00033627
0.000590808
0.000926647
0.00135065
0.00187012
0.00249258
0.00322564
0.00407688
0.00505388
0.00616416
0.00741505
0.00881338
0.0103651
0.0120753
0.0139479
0.0159863
0.0181935
0.0205716
0.0231217
0.0258429
0.028732
0.0317843
0.0349942
0.0383561
0.0418648
0.0455145
0.049298
0.0532061
0.0572277
0.0613505
0.065562
0.0698498
0.0742016
0.0786035
0.0830398
0.0874937
0.0919477
0.096386
0.100794
0.105157
0.10946
0.113686
0.11782
0.121844
0.125746
0.129516
0.133144
0.136616
0.139917
0.143028
0.145931
0.148615
0.151073
0.153303
0.155307
0.157081
0.15862
0.159913
0.160951
0.161725
0.162232
0.162472
0.162445
0.162155
0.161607
0.16081
0.159779
0.158524
0.157061
0.155401
0.153556
0.151542
0.149375
0.147075
0.144668
0.14218
0.139637
0.137062
0.13448
0.131918
0.129407
0.12698
0.12466
0.122472
0.120438
0.118578
0.116919
0.115493
0.114379
0.113617
0.113226
0.113216
0.113596
0.114371
0.11555
0.117143
0.11916
0.121615
0.124514
0.12786
0.131651
0.135875
0.140531
0.145608
0.151093
0.156973
0.163223
0.169835
0.176794
0.184079
0.191666
0.199515
0.207608
0.215915
0.224406
0.233051
0.241805
0.25065
0.25955
0.268467
0.277363
0.286185
0.29491
0.303502
0.311918
0.320115
0.328036
0.335653
0.342927
0.349825
0.356314
0.362351
0.367909
0.372952
0.377445
0.38136
0.384674
0.387376
0.389456
0.390903
0.391708
0.39187
0.391372
0.390207
0.388377
0.385884
0.382761
0.378991
0.374584
0.369554
0.363919
0.35774
0.350997
0.343715
0.335919
0.327642
0.318972
0.309891
0.300438
0.290652
0.280573
0.270309
0.259841
0.24922
0.238503
0.227752
0.217097
0.206521
0.196075
0.185806
0.175765
0.166063
0.156696
0.147721
0.139192
0.131159
0.123708
0.116836
0.110581
0.104978
0.100067
0.0958926
0.092485
0.089878
0.0880997
0.0871726
0.0870728
0.0878531
0.0895217
0.0920838
0.0955418
0.0997992
0.104948
0.110978
0.117877
0.125624
0.134045
0.143264
0.153249
0.163967
0.17538
0.187245
0.199713
0.21273
0.22623
0.240144
0.254167
0.268452
0.282922
0.297504
0.31212
0.326464
0.340692
0.354722
0.368476
0.381872
0.394631
0.406879
0.418539
0.429532
0.439776
0.449057
0.457422
0.464796
0.471117
0.476331
0.480369
0.483202
0.484775
0.485036
0.483937
0.481561
0.477772
0.472568
0.465953
0.457931
0.448773
0.438205
0.42623
0.412864
0.398137
0.382513
0.365634
0.347565
0.328375
0.308136
0.28746
0.265902
0.243556
0.220521
0.196901
0.173392
0.149518
0.125404
0.101185
0.0770071
0.0535929
0.0305069
0.00788293
-0.0141491
-0.0354586
-0.0554334
-0.0744114
-0.0922518
-0.108817
-0.123974
-0.137311
-0.149004
-0.158941
-0.167014
-0.173119
-0.17713
-0.178998
-0.178657
-0.17605
-0.171124
-0.164101
-0.154672
-0.142807
-0.128494
-0.111743
-0.0931628
-0.0722185
-0.0489663
-0.0234707
0.00419618
0.0330988
0.063996
0.0967769
0.131313
0.167458
0.204011
0.241849
0.280796
0.320665
0.361259
0.401259
0.441565
0.481956
0.522208
0.562093
0.600345
0.637769
0.674134
0.709205
0.742746
0.77372
0.802709
0.8295
0.85389
0.875685
0.894257
0.90987
0.922362
0.931581
0.937399
0.939728
0.938465
0.933542
0.924905
0.912509
0.896834
0.877358
0.854095
0.827089
0.796412
0.763126
0.726375
0.686288
0.643014
0.596722
0.548924
0.498505
0.445689
0.390716
0.333842
0.276853
0.218516
0.15913
0.0990094
0.0384761
-0.0206379
-0.0795206
-0.137853
-0.195313
-0.251569
-0.304998
-0.356561
-0.405939
-0.452834
-0.496963
-0.537184
-0.574131
-0.607565
-0.637261
-0.663007
-0.684283
-0.701274
-0.713862
-0.721957
-0.725493
-0.724687
-0.719254
-0.709198
-0.694557
-0.675406
-0.652681
-0.625684
-0.594565
-0.55949
-0.520644
-0.479517
-0.43506
-0.387537
-0.337241
-0.284491
-0.231159
-0.176036
-0.119462
-0.0617814
-0.00335081
0.053895
0.111163
0.168089
0.224314
0.279486
0.331903
0.382602
0.43127
0.477602
0.521307
0.561167
0.59789
0.631263
0.661095
0.687214
0.709068
0.726928
0.740695
0.750304
0.755724
0.757155
0.754436
0.747621
0.736787
0.722037
0.70424
0.682819
0.657966
0.6299
0.598859
0.566226
0.531107
0.493758
0.454459
0.413516
0.372594
0.330693
0.288151
0.245295
0.202449
0.161215
0.120616
0.0809695
0.0425969
0.00581318
-0.0280719
-0.0598078
-0.0891601
-0.115919
-0.139892
-0.160341
-0.177664
-0.191716
-0.202382
-0.209579
-0.213247
-0.213383
-0.209996
-0.203119
-0.192801
-0.179649
-0.163217
-0.143628
-0.12104
-0.0956484
-0.0686565
-0.0393244
-0.00790199
0.0253547
0.0601842
0.0950741
0.130983
0.16761
0.204633
0.241723
0.277283
0.312276
0.346408
0.37939
0.410934
0.439691
0.466441
0.490916
0.51287
0.53209
0.547739
0.560307
0.569645
0.575614
0.578091
0.576871
0.571996
0.563447
0.551241
0.535424
0.516543
0.494199
0.468493
0.439547
0.407516
0.373582
0.336953
0.297852
0.256516
0.213194
0.169509
0.124374
0.0780791
0.0309304
-0.0167577
-0.0631615
-0.109485
-0.155428
-0.20069
-0.244973
-0.286572
-0.326616
-0.364839
-0.400984
-0.434812
-0.465009
-0.492449
-0.516934
-0.538286
-0.556345
-0.570398
-0.580921
-0.587836
-0.591086
-0.590633
-0.586474
-0.578606
-0.567063
-0.551908
-0.533226
-0.511732
-0.486951
-0.459034
-0.428146
-0.394474
-0.359314
-0.32178
-0.282096
-0.240498
-0.197234
-0.153982
-0.109581
-0.0642954
-0.0183982
0.0278346
0.0725969
0.117145
0.16121
0.204528
0.246846
0.286505
0.324687
0.361171
0.395745
0.428209
0.457275
0.483882
0.507888
0.529174
0.54764
0.562556
0.574513
0.583472
0.589413
0.592338
0.592127
0.58896
0.582889
0.573981
0.56232
0.548359
0.531872
0.513003
0.491911
0.468763
0.444478
0.418469
0.390902
0.361952
0.331804
0.301663
0.270717
0.239156
0.207166
0.174922
0.143697
0.112562
0.0816894
0.0512561
0.021434
-0.00658905
-0.0337012
-0.0597779
-0.0847051
-0.108375
-0.129859
-0.149889
-0.168384
-0.18528
-0.200536
-0.213591
-0.224969
-0.234672
-0.242708
-0.249097
-0.253653
-0.256632
-0.258082
-0.258059
-0.256617
-0.253897
-0.249879
-0.244632
-0.238234
-0.230774
-0.222656
-0.213664
-0.203891
-0.193433
-0.182384
-0.171296
-0.159814
-0.148038
-0.136068
-0.124004
-0.112439
-0.100965
-0.0896717
-0.0786452
-0.0679679
-0.0581752
-0.0488688
-0.0400983
-0.0319022
-0.0243104
-0.0177101
-0.0117626
-0.00649009
-0.00191281
0.00195471
0.00487429
0.00708527
0.00860532
0.00946079
0.00968304
0.00920172
0.00815251
0.00656715
0.00447802
0.00191996
-0.00106495
-0.00443755
-0.00815186
-0.0121595
-0.0164103
-0.0207798
-0.0252891
-0.0298813
-0.0344914
-0.0390667
-0.0434585
-0.047728
-0.0518366
-0.0557463
-0.0594187
-0.0627207
-0.0657184
-0.0683905
-0.0707283
-0.0727343
-0.0743487
-0.0756512
-0.076649
-0.0773474
-0.0777527
-0.0778402
-0.0776647
-0.0772505
-0.0766246
-0.0758125
-0.0748253
-0.073693
-0.0724347
-0.0710718
-0.0696284
-0.0681297
-0.0665946
-0.0650355
-0.063457
-0.0618593
-0.0602444
-0.058619
-0.0569962
-0.0553919
-0.0538198
-0.0522813
-0.0507849
-0.0493262
-0.0478975
-0.0464916
-0.0450917
-0.043711
-0.0423496
-0.0410057
-0.0396744
-0.0383352
-0.0369974
-0.035657
-0.0343119
-0.0329624
-0.0316013
-0.0302416
-0.0288854
-0.0275328
-0.0261824
-0.0248315
-0.0234808
-0.022131
-0.0207845
-0.0194446
-0.0181215
-0.0168128
-0.0155233
-0.0142577
-0.0130213
-0.0118287
-0.0106746
-0.00956458
-0.00850396
-0.00749725
-0.00655645
-0.00567429
-0.00485369
-0.00409742
-0.00340794
-0.00279159
-0.00224269
-0.00176094
-0.0013451
-0.000993073
-0.000703304
-0.000470144
-0.000289699
-0.000157537
-6.87493e-05
-1.81251e-05
-2.02042e-07
-0
-0
-0
-0
-0
-0
-0
-0
-0
-0
-0
-0
-0
-0
-0
-0
-0
-0
-0
-0
-0
-0
-0
-0
-0
-0
-0
-0
-0
-0
-0
-0
-0
-0
-0
-0
-0
-0
-0
-0
-0
-0
-0
-0
-0
-0
-0
-0
-0
-0
-0
-0
-0
-0
-0
-0
-0
-0
-0
-0
-0
-0
-0
-0
-0
-0
-0
-0
-0
-0
-0
-0
-0
-0
-0
-0
-0
0
0
0
0
0
0
0
0
0
0
