0
0
0
0
0
0
0
0
0
0
0
0
0
0
0
0
0
0
0
0
0
0
-0
-0
-0
-0
-0
-0
-0
-0
-0
-0
-0
-0
-0
-0
-0
-0
-0
-0
-0
-0
-0
-0
-0
-0
-0
-0
-0
-0
-0
-0
-0
-0
-0
-0
0
0
0
0
0
0
0
0
0
0
0
0
0
0
0
0
0
0
0
0
0
0
0
0
0
0
0
0
0
0
0
7.86386e-08
5.84153e-06
1.79681e-05
3.23897e-05
4.49095e-05
5.13065e-05
4.74386e-05
2.93434e-05
-6.66694e-06
-6.39176e-05
-0.000145292
-0.000253164
-0.000389338
-0.000555009
-0.000750724
-0.000976369
-0.00123115
-0.00151363
-0.00182169
-0.00215262
-0.00250311
-0.00286933
-0.00324696
-0.00363127
-0.0040172
-0.00439944
-0.00477247
-0.00513071
-0.00546858
-0.0057806
-0.00606145
-0.00630614
-0.00650999
-0.00666882
-0.00677895
-0.00683729
-0.00684142
-0.00678959
-0.0066808
-0.00651481
-0.00629211
-0.00601397
-0.00568238
-0.00530001
-0.00487021
-0.00439688
-0.00388447
-0.00333782
-0.00276216
-0.00216293
-0.00154576
-0.000916298
-0.000280193
0.000357059
0.000990172
0.00161416
0.0022244
0.00281671
0.00338738
0.00393326
0.00445175
0.00494086
0.00539924
0.00582616
0.00622156
0.00658603
0.00692079
0.00722771
0.00750926
0.00776847
0.00800889
0.00823455
0.00844985
0.00865952
0.00886848
0.0090818
0.00930451
0.00954156
0.00979768
0.0100772
0.0103842
0.0107219
0.0110931
0.0114998
0.0119432
0.0124238
0.012941
0.0134934
0.0140787
0.0146938
0.0153347
0.016003
0.0166971
0.0174118
0.0181412
0.0188789
0.019618
0.020351
0.0210702
0.0217672
0.0224336
0.0230607
0.0236396
0.0241615
0.0246175
0.0249989
0.0252972
0.0255041
0.0256117
0.0256124
0.025499
0.025265
0.0249043
0.0244112
0.0237809
0.023009
0.0220921
0.0210272
0.0198123
0.0184462
0.0169285
0.0152598
0.0134415
0.0114764
0.00936788
0.00712068
0.00474052
0.00223418
-0.000390454
-0.00312446
-0.00595791
-0.0088799
-0.0118786
-0.0149413
-0.0180545
-0.0212039
-0.0243747
-0.0275513
-0.0307177
-0.0338574
-0.0369536
-0.0399891
-0.0429465
-0.0458086
-0.0485578
-0.0511769
-0.0536488
-0.0559567
-0.0580846
-0.0600168
-0.0617383
-0.0632352
-0.0644943
-0.0655037
-0.0662525
-0.0667311
-0.0669311
-0.0668455
-0.0664689
-0.065797
-0.0648272
-0.0635582
-0.0619903
-0.0601251
-0.0579658
-0.0555172
-0.0527855
-0.0497782
-0.0465046
-0.0429752
-0.0392022
-0.0351991
-0.0309807
-0.0265634
-0.0219648
-0.0172035
-0.0122996
-0.00727405
-0.00214871
0.00305367
0.00830965
0.0135952
0.018886
0.0241571
0.0293836
0.0345406
0.039603
0.0445462
0.0493457
0.0539776
0.0584186
0.0626459
0.0666378
0.0703735
0.0738333
0.0769989
0.079853
0.0823803
0.0845667
0.0864001
0.08787
0.0889678
0.089687
0.0900227
0.0899724
0.0895352
0.0887123
0.0875067
0.0859236
0.0839696
0.0816533
0.078985
0.0759765
0.0726412
0.0689941
0.0650515
0.0608311
0.0563519
0.0516341
0.0466989
0.0415686
0.0362664
0.0308161
0.0252424
0.0195703
0.0138252
0.00803265
0.00221839
-0.00359211
-0.00937359
-0.0151012
-0.0207508
-0.0262986
-0.0317218
-0.0369986
-0.0421078
-0.0470296
-0.0517448
-0.0562358
-0.0604858
-0.0644791
-0.0682015
-0.0716397
-0.0747818
-0.0776172
-0.0801364
-0.0823316
-0.0841961
-0.0857247
-0.0869139
-0.0877613
-0.0882665
-0.0884304
-0.0882555
-0.0877457
-0.0869067
-0.0857453
-0.0842699
-0.0824902
-0.0804169
-0.0780621
-0.0754387
-0.0725605
-0.0694421
-0.0660989
-0.0625468
-0.0588023
-0.0548823
-0.0508041
-0.0465854
-0.0422442
-0.0377986
-0.033267
-0.0286681
-0.0240206
-0.0193433
-0.0146549
-0.00997438
-0.00532031
-0.000711266
0.00383447
0.00829893
0.0126646
0.0169143
0.0210318
0.0250012
0.0288074
0.0324362
0.0358743
0.0391094
0.04213
0.0449259
0.0474877
0.0498073
0.0518776
0.0536926
0.0552476
0.0565389
0.0575638
0.0583209
0.0588097
0.0590308
0.058986
0.0586778
0.05811
0.0572873
0.0562151
0.0549001
0.0533498
0.0515724
0.0495772
0.0473744
0.0449749
0.0423903
0.0396333
0.036717
0.0336555
0.0304634
0.0271558
0.0237484
0.0202576
0.0166997
0.0130917
0.00945053
0.0057934
0.00213744
-0.00150026
-0.0051028
-0.00865354
-0.0121362
-0.0155349
-0.0188343
-0.0220198
-0.0250771
-0.027993
-0.0307549
-0.0333512
-0.035771
-0.0380044
-0.0400427
-0.0418781
-0.0435037
-0.0449141
-0.0461047
-0.0470722
-0.0478144
-0.0483303
-0.04862
-0.048685
-0.0485275
-0.0481513
-0.0475609
-0.0467621
-0.0457616
-0.044567
-0.043187
-0.041631
-0.0399092
-0.0380326
-0.036013
-0.0338624
-0.0315938
-0.0292204
-0.0267558
-0.024214
-0.0216092
-0.0189559
-0.0162684
-0.0135613
-0.010849
-0.00814594
-0.00546619
-0.00282363
-0.000231764
0.00229629
0.00474792
0.00711106
0.00937426
0.0115267
0.0135585
0.0154603
0.0172237
0.0188413
0.0203065
0.0216136
0.0227581
0.0237363
0.0245457
0.0251845
0.0256522
0.0259492
0.0260767
0.0260371
0.0258335
0.0254701
0.0249516
0.0242838
0.0234731
0.0225267
0.0214523
0.0202583
0.0189537
0.0175479
0.0160507
0.0144723
0.0128234
0.0111146
0.00935691
0.00756137
0.00573903
0.00390091
0.00205791
0.000220742
-0.00160014
-0.0033946
-0.00515287
-0.00686562
-0.008524
-0.0101197
-0.011645
-0.0130926
-0.0144562
-0.0157297
-0.0169079
-0.0179864
-0.0189613
-0.0198293
-0.0205881
-0.0212358
-0.0217715
-0.0221946
-0.0225054
-0.0227049
-0.0227946
-0.0227766
-0.0226538
-0.0224294
-0.0221072
-0.0216917
-0.0211875
-0.0206
-0.0199346
-0.0191975
-0.0183947
-0.0175329
-0.0166187
-0.0156591
-0.0146611
-0.0136317
-0.0125782
-0.0115077
-0.0104272
-0.00934365
-0.00826386
-0.00719441
-0.00614163
-0.00511157
-0.00410994
-0.0031421
-0.00221304
-0.0013273
-0.000489035
0.000298068
0.00103075
0.00170622
0.00232211
0.00287652
0.00336797
0.00379541
0.00415821
0.00445614
0.00468935
0.00485838
0.00496413
0.00500785
0.0049911
0.00491579
0.00478411
0.00459854
0.00436182
0.00407694
0.00374709
0.00337566
0.0029662
0.00252241
0.00204808
0.00154707
0.00102329
0.000480661
-7.69215e-05
-0.000645599
-0.00122159
-0.00180119
-0.00238084
-0.00295709
-0.00352663
-0.00408633
-0.0046332
-0.00516446
-0.00567749
-0.00616988
-0.0066394
-0.00708404
-0.00750199
-0.00789166
-0.00825169
-0.00858092
-0.00887845
-0.00914358
-0.00937586
-0.00957506
-0.00974118
-0.00987442
-0.00997522
-0.0100442
-0.0100821
-0.01009
-0.010069
-0.0100204
-0.00994553
-0.00984595
-0.00972324
-0.00957911
-0.00941529
-0.00923358
-0.00903582
-0.00882385
-0.00859955
-0.00836479
-0.00812142
-0.00787128
-0.00761617
-0.00735784
-0.007098
-0.0068383
-0.0065803
-0.00632551
-0.00607532
-0.00583104
-0.00559387
-0.00536493
-0.00514519
-0.00493552
-0.00473666
-0.00454924
-0.00437375
-0.00421057
-0.00405994
-0.003922
-0.00379675
-0.00368411
-0.00358386
-0.00349573
-0.00341934
-0.00335424
-0.00329992
-0.00325583
-0.00322137
-0.00319592
-0.00317884
-0.00316947
-0.00316714
-0.0031712
-0.00318099
-0.00319585
-0.00321513
-0.00323817
-0.00326432
-0.00329294
-0.00332336
-0.00335493
-0.00338699
-0.00341888
-0.00344995
-0.00347955
-0.00350705
-0.00353185
-0.00355336
-0.00357105
-0.00358442
-0.00359305
-0.00359656
-0.00359463
-0.00358703
-0.00357358
-0.00355417
-0.00352877
-0.00349739
-0.00346009
-0.003417
-0.00336826
-0.00331406
-0.0032546
-0.00319011
-0.00312083
-0.003047
-0.00296889
-0.00288676
-0.00280088
-0.00271155
-0.00261906
-0.00252373
-0.00242591
-0.00232596
-0.00222428
-0.00212127
-0.00201741
-0.00191317
-0.00180907
-0.00170564
-0.00160346
-0.0015031
-0.00140515
-0.00131021
-0.00121888
-0.00113172
-0.00104929
-0.000972123
-0.00090069
-0.000835432
-0.000776739
-0.000724944
-0.000680327
-0.000643116
-0.000613489
-0.000591579
-0.000577481
-0.000571262
-0.000572965
-0.00058262
-0.000600247
-0.000625865
-0.000659494
-0.000701153
-0.000750863
-0.000808642
-0.000874498
-0.000948425
-0.0010304
-0.00112035
-0.00121819
-0.00132379
-0.00143696
-0.00155749
-0.00168509
-0.00181946
-0.00195999
-0.00210531
-0.00225469
-0.00240743
-0.0025628
-0.00272008
-0.00287852
-0.0030374
-0.003196
-0.0033536
-0.0035095
-0.00366302
-0.00381346
-0.00396014
-0.00410241
-0.00423958
-0.004371
-0.00449602
-0.00461401
-0.00472436
-0.00482648
-0.00491981
-0.00500383
-0.00507807
-0.0051421
-0.00519554
-0.00523806
-0.00526936
-0.00528923
-0.00529747
-0.00529395
-0.00527858
-0.00525133
-0.00521221
-0.00516129
-0.00509868
-0.00502457
-0.00493921
-0.00484291
-0.00473607
-0.00461915
-0.00449268
-0.00435728
-0.00421362
-0.00406245
-0.00390457
-0.00374084
-0.00357214
-0.00339941
-0.0032236
-0.00304566
-0.00286655
-0.00268725
-0.00250869
-0.00233179
-0.00215745
-0.00198652
-0.00181981
-0.00165808
-0.00150205
-0.00135235
-0.00120955
-0.00107417
-0.000946623
-0.000827256
-0.000716328
-0.000614011
-0.000520389
-0.000435462
-0.000359142
-0.000291261
-0.000231572
-0.000179755
-0.000135425
-9.81381e-05
-6.73991e-05
-4.26702e-05
-2.33795e-05
-8.93041e-06
1.28975e-06
7.90066e-06
1.15203e-05
1.27564e-05
1.21983e-05
1.04093e-05
7.91949e-06
5.21902e-06
2.75209e-06
9.11703e-07
3.49447e-08
0
0
0
0
0
0
0
0
0
0
0
0
0
0
0
0
0
0
0
0
0
0
0
0
0
0
-0
-0
-0
-0
-0
-0
-0
-0
-0
-0
-0
-0
-0
-0
-0
-0
-0
-0
-0
-0
-0
-0
-0
-0
-0
-0
-0
-0
-0
-0
-0
-0
-0
-0
-0
-0
-0
-0
-0
-0
-0
-0
-0
-0
-0
-0
-0
-0
-0
-0
-0
-0
-0
-0
-0
-0
-0
0
0
0
0
0
0
0
0
0
0
0
0
0
0
0
0
0
0
0
0
0
0
0
0
0
0
0
0
0
0
0
0
0
0
0
0
0
0
0
0
0
0
0
0
0
0
0
0
0
0
0
0
0
0
0
0
0
0
0
0
0
0
0
0
0
0
0
0
0
0
-2.00872e-08
-1.17649e-06
-5.83339e-06
-1.62568e-05
-3.45451e-05
-6.25842e-05
-0.000102004
-0.000154135
-0.000219973
-0.000300139
-0.000394855
-0.000503914
-0.000626666
-0.000762002
-0.000908346
-0.00106366
-0.00122545
-0.00139077
-0.00155623
-0.00171802
-0.00187197
-0.00201353
-0.00213784
-0.00223974
-0.00231382
-0.00235453
-0.00235619
-0.00231303
-0.00221932
-0.00206932
-0.00185755
-0.0015787
-0.00122776
-0.000800088
-0.000291457
0.00030179
0.000982752
0.00175389
0.00261694
0.0035729
0.00462194
0.00576338
0.00699567
0.00831632
0.00972187
0.011208
0.0127695
0.0144003
0.0160932
0.0178403
0.0196332
0.0214626
0.0233186
0.025191
0.0270688
0.028941
0.0307964
0.0326236
0.034411
0.036147
0.0378206
0.0394209
0.0409369
0.0423586
0.0436758
0.0448797
0.0459616
0.0469138
0.0477294
0.0484022
0.0489274
0.0493009
0.0495198
0.0495823
0.0494874
0.0492357
0.0488286
0.0482684
0.0475588
0.0467041
0.0457098
0.0445821
0.0433283
0.0419564
0.040475
0.0388936
0.0372223
0.0354716
0.0336527
0.0317771
0.0298576
0.027918
0.0259711
0.024025
0.022088
0.0201675
0.0182712
0.0164059
0.0145784
0.0127949
0.0110612
0.00938262
0.00776405
0.00621007
0.00472495
0.00331248
0.00197624
0.000719539
-0.000454587
-0.0015433
-0.00254414
-0.00345483
-0.00427345
-0.00499837
-0.00562833
-0.00616242
-0.00660013
-0.00694137
-0.00718645
-0.0073362
-0.00739159
-0.00735406
-0.00722537
-0.0070076
-0.0067034
-0.00631495
-0.00584499
-0.0052964
-0.00467219
-0.00397619
-0.00321099
-0.00237999
-0.00148669
-0.000534706
0.000471121
0.00152802
0.00263203
0.00377905
0.00496491
0.0061838
0.00743296
0.00870804
0.0100047
0.0113184
0.0126429
0.0139758
0.0153127
0.0166492
0.0179811
0.0193017
0.0206089
0.0218985
0.0231661
0.0244074
0.0256159
0.0267897
0.0279244
0.029016
0.0300607
0.0310529
0.0319908
0.032871
0.0336904
0.0344462
0.0351355
0.0357566
0.0363076
0.0367871
0.0371939
0.0375285
0.037789
0.0379752
0.0380872
0.0381254
0.0380941
0.0379906
0.0378163
0.0375726
0.0372615
0.0368911
0.036458
0.0359648
0.0354148
0.0348113
0.0341665
0.0334762
0.0327446
0.0319765
0.0311769
0.0303611
0.0295244
0.0286727
0.0278118
0.0269477
0.026097
0.0252555
0.0244294
0.0236247
0.0228475
0.022113
0.0214176
0.020767
0.0201662
0.0196203
0.0191396
0.0187226
0.0183731
0.0180946
0.01789
0.0177626
0.0177139
0.0177458
0.0178595
0.0180558
0.0183287
0.0186845
0.0191226
0.019642
0.0202411
0.0209033
0.0216407
0.0224503
0.0233285
0.0242715
0.0252521
0.0262882
0.0273745
0.0285054
0.0296746
0.0308462
0.0320429
0.0332574
0.0344822
0.0357094
0.0368976
0.0380719
0.0392237
0.0403445
0.0414255
0.042425
0.0433674
0.0442441
0.0450466
0.0457668
0.0463697
0.0468749
0.0472753
0.0475643
0.0477356
0.0477679
0.0476716
0.0474423
0.0470758
0.0465687
0.0459194
0.0451245
0.0441825
0.0430926
0.0418547
0.0404917
0.0389829
0.0373308
0.0355388
0.0336112
0.0315978
0.0294602
0.0272056
0.0248423
0.0223793
0.0198921
0.017326
0.0146927
0.0120045
0.00927439
0.00659678
0.00390473
0.00121255
-0.00146504
-0.00411298
-0.0066284
-0.00908363
-0.0114633
-0.013752
-0.0159339
-0.017911
-0.0197505
-0.0214374
-0.0229569
-0.024294
-0.02537
-0.0262358
-0.0268787
-0.0272863
-0.0274472
-0.0273173
-0.0269212
-0.0262507
-0.0252992
-0.0240613
-0.0225408
-0.0207273
-0.01862
-0.0162195
-0.0135278
-0.0106044
-0.00739886
-0.00391824
-0.000171135
0.00383213
0.00797615
0.0123508
0.0169408
0.0217291
0.026697
0.0316796
0.0367997
0.042034
0.0473578
0.0527451
0.0579972
0.0632577
0.068498
0.0736885
0.0787993
0.0836215
0.0883036
0.0928155
0.0971272
0.101209
0.10487
0.108243
0.111302
0.114019
0.11637
0.118209
0.119636
0.120628
0.121167
0.121235
0.12076
0.119787
0.118304
0.116305
0.113782
0.110754
0.1072
0.103123
0.0985273
0.0934215
0.0879207
0.0819338
0.0754769
0.0685688
0.0612311
0.0536724
0.0457343
0.0374455
0.0288371
0.0199426
0.0110467
0.0019372
-0.00734709
-0.0167655
-0.0262759
-0.0355469
-0.0448225
-0.0540582
-0.0632087
-0.0722282
-0.0807774
-0.0891047
-0.0971657
-0.104916
-0.112313
-0.119052
-0.125354
-0.131181
-0.136495
-0.141261
-0.14525
-0.148626
-0.151361
-0.153429
-0.154807
-0.155376
-0.155217
-0.154319
-0.152669
-0.150262
-0.147114
-0.143206
-0.138543
-0.133134
-0.126991
-0.120271
-0.112851
-0.104753
-0.0960029
-0.0866299
-0.0769236
-0.0666608
-0.0558787
-0.0446175
-0.0329201
-0.0211822
-0.00910004
0.0032777
0.0159001
0.0287142
0.0412574
0.0538835
0.0665369
0.0791612
0.0916992
0.103672
0.115444
0.126962
0.13817
0.149014
0.159054
0.168626
0.177682
0.186174
0.194059
0.200987
0.207223
0.212732
0.217477
0.221426
0.224367
0.226456
0.227673
0.227996
0.227411
0.22587
0.223401
0.219997
0.215659
0.210389
0.204325
0.197349
0.189477
0.180728
0.171128
0.160988
0.150054
0.138363
0.125952
0.112865
0.0995653
0.0856832
0.0712702
0.056381
0.0410731
0.0259177
0.0104649
-0.00522225
-0.0210785
-0.0370369
-0.0524788
-0.0678875
-0.0831952
-0.0983335
-0.113234
-0.127298
-0.14099
-0.154245
-0.167
-0.179192
-0.190309
-0.200745
-0.210443
-0.21935
-0.227416
-0.234277
-0.240204
-0.245156
-0.249097
-0.251993
-0.253675
-0.254259
-0.253723
-0.252055
-0.249242
-0.245339
-0.240288
-0.234094
-0.226769
-0.218328
-0.209049
-0.198703
-0.187321
-0.174939
-0.161599
-0.147776
-0.133089
-0.117593
-0.101344
-0.0844045
-0.0673982
-0.0498337
-0.0317816
-0.0133153
0.00548863
0.0239252
0.0425414
0.0612566
0.0799884
0.0986531
0.116544
0.134201
0.151542
0.168487
0.184954
0.200316
0.215046
0.229071
0.242322
0.254731
0.265824
0.275954
0.285068
0.293115
0.300053
0.305617
0.309999
0.313173
0.315116
0.315814
0.315242
0.313413
0.310329
0.305999
0.300439
0.293865
0.28611
0.277208
0.267197
0.256124
0.244413
0.231746
0.218183
0.203788
0.188632
0.173295
0.157346
0.140865
0.123931
0.10663
0.0896184
0.0724081
0.0550833
0.0377284
0.0204275
0.00383097
-0.0125495
-0.0286368
-0.0443558
-0.0596343
-0.0739083
-0.0876085
-0.100675
-0.113051
-0.124686
-0.135167
-0.144818
-0.153604
-0.161496
-0.168468
-0.174301
-0.179182
-0.183104
-0.186066
-0.18807
-0.189104
-0.189203
-0.188386
-0.186676
-0.184102
-0.180834
-0.176766
-0.171936
-0.166385
-0.160156
-0.153568
-0.146398
-0.138694
-0.130511
-0.121901
-0.113274
-0.104331
-0.0951299
-0.0857265
-0.0761784
-0.0669205
-0.0576298
-0.0483604
-0.039165
-0.0300947
-0.0215472
-0.0132195
-0.00515418
0.00260864
0.010032
0.0168071
0.0231794
0.0291227
0.0346144
0.0396353
0.0439969
0.0478604
0.0512175
0.0540635
0.0563971
0.0581586
0.0594149
0.0601743
0.0604484
0.0602516
0.0596404
0.0585946
0.0571361
0.0552886
0.053078
0.0506463
0.0479072
0.0448903
0.0416257
0.0381449
0.0346328
0.030967
0.0271782
0.0232972
0.0193547
0.0155348
0.0117117
0.00791284
0.00416493
0.000493589
-0.00295582
-0.0062818
-0.00946339
-0.0124811
-0.0153169
-0.0178904
-0.0202515
-0.022384
-0.0242663
-0.0258869
-0.0272392
-0.0283162
-0.0291158
-0.0296388
-0.0298896
-0.029935
-0.0297242
-0.0292693
-0.0285854
-0.02769
-0.026698
-0.0255329
-0.0242167
-0.0227727
-0.0212252
-0.0197
-0.0181175
-0.0165014
-0.014875
-0.0132608
-0.0117577
-0.0103049
-0.00892002
-0.00761903
-0.00641602
-0.00535739
-0.00441723
-0.00360312
-0.0029206
-0.00237319
-0.00194689
-0.00165734
-0.00150208
-0.00147684
-0.00157564
-0.00173308
-0.0020014
-0.00237045
-0.00282885
-0.00336424
-0.00388046
-0.00445265
-0.00506697
-0.00570934
-0.00636564
-0.00693468
-0.00749779
-0.00804256
-0.0085573
-0.00903128
-0.00938093
-0.00967924
-0.00991942
-0.010096
-0.0102048
-0.010193
-0.0101156
-0.00997289
-0.00976628
-0.00949846
-0.00914792
-0.00874841
-0.0083055
-0.00782545
-0.00731503
-0.00677519
-0.00622067
-0.00565889
-0.00509719
-0.00454268
-0.00400574
-0.00348817
-0.00299572
-0.00253349
-0.00210578
-0.00172124
-0.00137551
-0.00107047
-0.000807047
-0.000585191
-0.000406319
-0.000264613
-0.000157615
-8.20346e-05
-3.38257e-05
-8.36838e-06
-8.5837e-08
-0
-0
-0
-0
-0
-0
0
0
0
0
0
0
0
0
0
0
0
0
0
0
0
0
0
0
0
0
0
0
0
0
0
0
0
0
0
0
0
0
0
0
0
0
0
0
0
0
0
0
0
0
0
-0
-0
-0
-0
-0
-0
-0
-0
-0
-0
-0
-0
-0
-0
-0
-0
-0
-0
-0
-0
-0
-0
-0
-0
-0
-0
-0
-0
-0
-0
-0
-0
-0
-0
-0
-0
