-0
-0
-0
-0
-0
-0
-0
-0
-0
-0
-0
-0
-0
-0
-0
-0
-0
-0
-0
-0
-0
-0
-0
-0
-0
-0
-0
0
0
0
0
0
0
0
0
0
0
0
0
0
0
0
0
0
0
0
0
0
0
0
0
0
0
0
0
0
0
0
0
0
0
0
0
4.21428e-07
1.80138e-05
5.04546e-05
8.22987e-05
9.81307e-05
8.29728e-05
2.26884e-05
-9.56295e-05
-0.00028329
-0.000549666
-0.000901886
-0.00134458
-0.00187964
-0.00250608
-0.00321991
-0.00401407
-0.00487844
-0.00579989
-0.00676241
-0.00774728
-0.00873325
-0.0096969
-0.0106129
-0.0114544
-0.0121935
-0.0128015
-0.0132497
-0.0135096
-0.0135537
-0.0133556
-0.0128912
-0.0121386
-0.0110791
-0.00969726
-0.00798193
-0.00592625
-0.00352823
-0.000791075
0.00227656
0.00566039
0.00934035
0.0132906
0.0174796
0.0218702
0.0264201
0.031082
0.035804
0.0405304
0.0452022
0.0497575
0.0541327
0.0582629
0.0620829
0.065528
0.0685351
0.0710432
0.0729943
0.0743346
0.075015
0.0749918
0.0742278
0.0726925
0.0703631
0.0672247
0.0632707
0.0585034
0.052934
0.0465828
0.0394789
0.0316607
0.0231751
0.0140774
0.00443095
-0.00569347
-0.0162183
-0.02706
-0.0381296
-0.0493338
-0.0605757
-0.0717561
-0.0827742
-0.0935286
-0.103919
-0.113846
-0.123213
-0.131929
-0.139905
-0.14706
-0.153318
-0.158613
-0.162888
-0.166164
-0.168433
-0.169664
-0.169835
-0.168932
-0.166945
-0.163875
-0.159727
-0.154517
-0.148267
-0.141006
-0.132772
-0.123609
-0.11357
-0.102712
-0.0910994
-0.078804
-0.0659016
-0.0524731
-0.0386038
-0.0243827
-0.00990176
0.0047447
0.0194607
0.0341493
0.0487134
0.0630563
0.0770827
0.090699
0.103814
0.116341
0.128196
0.139299
0.149577
0.158963
0.167393
0.174813
0.181175
0.186438
0.190571
0.193548
0.195354
0.19598
0.195427
0.193704
0.190828
0.186824
0.181725
0.175572
0.168412
0.1603
0.151297
0.141469
0.130889
0.119634
0.107786
0.0954277
0.0826488
0.0695389
0.0561901
0.0426951
0.0291471
0.015639
0.00226256
-0.0108922
-0.0237377
-0.036189
-0.0481652
-0.0595891
-0.0703882
-0.0804954
-0.0898487
-0.0983922
-0.106076
-0.112857
-0.118699
-0.123572
-0.127454
-0.130328
-0.132187
-0.13303
-0.132862
-0.131697
-0.129554
-0.126461
-0.122451
-0.117563
-0.111842
-0.10534
-0.0981137
-0.0902235
-0.0817351
-0.0727177
-0.063244
-0.0533891
-0.0432305
-0.0328472
-0.022319
-0.0117263
-0.00114894
0.00933394
0.0196447
0.0297077
0.0394501
0.0488018
0.0576969
0.0660732
0.0738734
0.0810449
0.0875407
0.0933195
0.098346
0.102591
0.106031
0.108651
0.110441
0.111397
0.111524
0.11083
0.109332
0.107052
0.104017
0.100261
0.0958232
0.0907452
0.0850748
0.0788632
0.0721647
0.0650366
0.0575386
0.049732
0.0416796
0.033445
0.0250918
0.0166836
0.00828315
-4.79045e-05
-0.00824972
-0.0162645
-0.0240372
-0.0315153
-0.0386501
-0.0453963
-0.0517125
-0.0575617
-0.0629113
-0.0677334
-0.0720048
-0.0757075
-0.0788282
-0.0813589
-0.0832965
-0.0846429
-0.0854049
-0.0855939
-0.0852261
-0.0843218
-0.0829055
-0.0810056
-0.078654
-0.0758855
-0.0727382
-0.0692524
-0.0654705
-0.0614367
-0.0571966
-0.0527964
-0.0482832
-0.0437039
-0.0391054
-0.0345337
-0.0300338
-0.0256495
-0.0214226
-0.0173929
-0.0135978
-0.0100721
-0.00684757
-0.00395282
-0.0014131
0.000749906
0.00251822
0.00387767
0.00481794
0.00533267
0.00541941
0.00507961
0.00431858
0.00314537
0.00157266
-0.000383391
-0.00270332
-0.00536455
-0.00834165
-0.0116065
-0.0151287
-0.0188757
-0.0228131
-0.0269048
-0.0311139
-0.0354022
-0.0397311
-0.0440614
-0.0483541
-0.0525706
-0.0566726
-0.0606228
-0.0643851
-0.0679246
-0.0712083
-0.0742049
-0.0768853
-0.0792228
-0.081193
-0.0827745
-0.0839483
-0.0846988
-0.085013
-0.0848815
-0.0842976
-0.0832583
-0.0817634
-0.0798163
-0.0774234
-0.0745943
-0.0713419
-0.0676818
-0.0636326
-0.0592157
-0.0544551
-0.0493773
-0.0440109
-0.0383865
-0.0325367
-0.0264955
-0.0202982
-0.0139812
-0.00758168
-0.00113715
0.00531451
0.0117356
0.0180885
0.0243366
0.0304437
0.0363749
0.0420966
0.0475764
0.052784
0.0576906
0.0622695
0.0664963
0.0703487
0.0738068
0.0768533
0.0794734
0.081655
0.0833885
0.0846674
0.0854875
0.0858478
0.0857496
0.0851971
0.0841971
0.0827589
0.0808941
0.0786168
0.0759432
0.0728914
0.0694814
0.065735
0.0616754
0.057327
0.0527157
0.047868
0.0428113
0.0375736
0.0321834
0.0266693
0.0210599
0.0153838
0.00966935
0.00394436
-0.00176394
-0.00742909
-0.0130255
-0.0185287
-0.0239151
-0.0291628
-0.0342509
-0.03916
-0.0438723
-0.0483716
-0.0526431
-0.0566738
-0.0604524
-0.063969
-0.0672158
-0.0701864
-0.072876
-0.0752816
-0.0774017
-0.0792365
-0.0807876
-0.082058
-0.0830522
-0.0837759
-0.0842361
-0.0844408
-0.0843993
-0.0841216
-0.0836185
-0.0829016
-0.0819831
-0.0808758
-0.0795927
-0.0781474
-0.0765535
-0.0748249
-0.0729754
-0.0710189
-0.0689693
-0.0668402
-0.0646451
-0.0623972
-0.0601093
-0.0577938
-0.0554628
-0.0531276
-0.0507993
-0.0484882
-0.0462038
-0.0439552
-0.0417507
-0.0395979
-0.0375036
-0.035474
-0.0335144
-0.0316295
-0.0298233
-0.0280991
-0.0264594
-0.0249062
-0.0234409
-0.0220642
-0.0207764
-0.0195769
-0.0184652
-0.0174399
-0.0164994
-0.0156417
-0.0148644
-0.014165
-0.0135407
-0.0129884
-0.0125049
-0.012087
-0.0117311
-0.0114338
-0.0111915
-0.0110004
-0.0108569
-0.0107572
-0.0106974
-0.0106737
-0.0106824
-0.0107197
-0.0107817
-0.0108648
-0.0109654
-0.0110802
-0.0112057
-0.011339
-0.0114771
-0.0116173
-0.0117572
-0.0118947
-0.0120278
-0.0121549
-0.0122744
-0.0123853
-0.0124865
-0.0125773
-0.012657
-0.0127252
-0.0127817
-0.0128264
-0.0128593
-0.0128806
-0.0128905
-0.0128894
-0.0128779
-0.0128566
-0.0128261
-0.0127871
-0.0127405
-0.0126872
-0.0126281
-0.0125641
-0.0124962
-0.0124255
-0.0123532
-0.0122804
-0.0122084
-0.0121386
-0.0120724
-0.0120116
-0.0119579
-0.0119132
-0.0118796
-0.0118593
-0.0118547
-0.0118681
-0.0119021
-0.0119594
-0.0120424
-0.0121536
-0.0122957
-0.0124708
-0.0126814
-0.0129294
-0.0132166
-0.0135448
-0.0139154
-0.0143295
-0.0147879
-0.0152914
-0.0158403
-0.0164346
-0.0170741
-0.0177583
-0.0184861
-0.0192566
-0.0200681
-0.0209189
-0.0218066
-0.0227289
-0.0236828
-0.0246651
-0.0256722
-0.0267005
-0.0277456
-0.0288032
-0.0298685
-0.0309367
-0.0320025
-0.0330605
-0.0341052
-0.0351309
-0.0361318
-0.037102
-0.0380355
-0.0389265
-0.0397691
-0.0405576
-0.0412865
-0.0419504
-0.0425442
-0.0430632
-0.0435032
-0.0438602
-0.0441307
-0.0443119
-0.0444011
-0.0443966
-0.0442968
-0.044101
-0.0438085
-0.0434197
-0.0429349
-0.0423553
-0.0416823
-0.0409177
-0.0400641
-0.0391241
-0.038101
-0.0369984
-0.0358204
-0.0345716
-0.0332568
-0.0318815
-0.0304513
-0.0289725
-0.0274515
-0.0258951
-0.0243102
-0.022704
-0.0210839
-0.0194573
-0.0178317
-0.0162144
-0.0146129
-0.0130342
-0.0114856
-0.00997375
-0.00850543
-0.00708695
-0.00572441
-0.00442356
-0.00318984
-0.0020283
-0.000943623
5.99485e-05
0.000978599
0.00180898
0.00254822
0.00319396
0.00374434
0.00419803
0.00455419
0.00481253
0.00497322
0.00503694
0.00500481
0.00487842
0.00465976
0.00435121
0.00395555
0.00347592
0.00291579
0.00227899
0.00156964
0.000792198
-4.85743e-05
-0.000947638
-0.00189968
-0.00289913
-0.00394022
-0.00501698
-0.00612329
-0.00725294
-0.00839967
-0.00955723
-0.0107194
-0.0118801
-0.0130334
-0.0141736
-0.015295
-0.0163926
-0.0174614
-0.0184968
-0.0194945
-0.0204507
-0.0213618
-0.0222246
-0.0230364
-0.0237949
-0.0244981
-0.0251445
-0.0257329
-0.0262626
-0.0267335
-0.0271456
-0.0274996
-0.0277963
-0.0280372
-0.0282196
-0.0283332
-0.0283794
-0.028361
-0.0282809
-0.0281423
-0.0279489
-0.0277044
-0.0274128
-0.0270781
-0.0267043
-0.0262957
-0.0258563
-0.0253903
-0.0249015
-0.024394
-0.0238716
-0.0233379
-0.0227964
-0.0222503
-0.0217027
-0.0211563
-0.0206134
-0.0200763
-0.0195467
-0.0190259
-0.018515
-0.0180147
-0.0175252
-0.0170465
-0.0165784
-0.0161202
-0.0156711
-0.0152302
-0.0147963
-0.0143684
-0.013945
-0.0135251
-0.0131074
-0.0126908
-0.0122742
-0.0118569
-0.0114381
-0.0110172
-0.0105938
-0.0101678
-0.00973914
-0.00930798
-0.00887472
-0.00843992
-0.00800433
-0.00756884
-0.00713453
-0.00670258
-0.0062743
-0.00585111
-0.00543445
-0.00502585
-0.00462684
-0.0042389
-0.00386352
-0.00350209
-0.00315591
-0.00282616
-0.00251389
-0.00221998
-0.00194516
-0.00168996
-0.00145474
-0.00123963
-0.00104461
-0.000869439
-0.000713686
-0.000576749
-0.00045785
-0.000356054
-0.000270282
-0.000199334
-0.000141902
-9.6602e-05
-6.19897e-05
-3.65925e-05
-1.89344e-05
-7.56378e-06
-1.08132e-06
1.83299e-06
2.39374e-06
1.6856e-06
6.4094e-07
1.97522e-08
0
0
0
0
0
0
0
0
0
0
0
0
-0
-0
-0
-0
-0
-0
-0
-0
-0
-0
-0
-0
-0
-0
-0
-0
-0
-0
-0
-0
-0
-0
-0
-0
-0
-0
-0
-0
-0
-0
-0
-0
-0
-0
-0
-0
-0
-0
-0
-0
-0
-0
-0
-0
-0
-0
-0
-0
-0
-0
-0
-0
-0
-0
-0
-0
-0
-0
-0
-0
-0
-0
-0
0
0
0
0
0
0
0
0
0
0
0
0
0
0
0
0
0
0
0
0
0
0
0
0
0
0
0
0
0
0
0
0
0
0
0
0
0
0
0
0
0
0
0
0
0
0
0
0
0
0
0
0
-0
-0
-0
-0
-0
-0
-0
-0
-0
-0
-0
-0
-0
-0
-0
-0
-0
-0
-0
-0
-0
-0
-0
-0
-0
-0
-0
-0
-0
-0
-0
-0
-0
-0
-0
-0
-0
-0
-0
-0
-0
-0
-0
0
0
0
0
0
0
0
0
0
0
0
0
0
0
0
0
0
0
0
0
0
0
0
0
0
0
0
0
0
0
0
5.26296e-07
1.98878e-05
6.58004e-05
0.000136022
0.000227831
0.000338077
0.000463238
0.000599491
0.000742787
0.000888925
0.00103366
0.00117274
0.00130207
0.00141772
0.00151608
0.00159391
0.0016484
0.00167723
0.00167869
0.00165162
0.00159559
0.00151074
0.00139796
0.0012588
0.00109552
0.000911133
0.000709213
0.000494033
0.000270486
4.40406e-05
-0.000179239
-0.000392937
-0.000590176
-0.000763747
-0.000906191
-0.00100981
-0.00106701
-0.00107013
-0.00101169
-0.000884419
-0.000681331
-0.000396028
-2.25707e-05
0.000444361
0.0010094
0.00167649
0.00244864
0.0033281
0.00431625
0.0054136
0.00661984
0.00793378
0.00935346
0.0108762
0.0124986
0.0142166
0.0160256
0.0179206
0.019896
0.0219457
0.0240633
0.026242
0.0284746
0.0307535
0.0330707
0.0354177
0.0377856
0.0401653
0.0425472
0.0449213
0.0472773
0.0496052
0.0518948
0.0541359
0.056319
0.0584345
0.0604741
0.06243
0.0642955
0.0660645
0.067732
0.0692943
0.0707485
0.0720927
0.0733256
0.0744463
0.075455
0.0763519
0.0771376
0.0778124
0.0783789
0.0788718
0.0793042
0.0796771
0.079991
0.0802459
0.0804422
0.0805801
0.0806595
0.0806805
0.0806431
0.080548
0.0803959
0.0801876
0.0799243
0.0796069
0.0792373
0.0788172
0.0783485
0.0778332
0.077273
0.0766705
0.076028
0.0753478
0.0746326
0.0738846
0.0731069
0.0723027
0.0714749
0.070627
0.0697622
0.0688846
0.0679979
0.067106
0.0662131
0.065323
0.0644401
0.0635684
0.0627118
0.0618743
0.0610596
0.0602713
0.059513
0.0587879
0.0580991
0.0574499
0.0568428
0.0562808
0.0557664
0.0553022
0.0548905
0.0545336
0.0542337
0.0539927
0.0538125
0.0536947
0.0536407
0.0536519
0.053729
0.0538728
0.0540832
0.0543606
0.0547046
0.0551146
0.0555896
0.0561276
0.0567277
0.0573881
0.0581065
0.0588806
0.0597064
0.0605823
0.0615052
0.0624718
0.0634785
0.06452
0.0655942
0.0666972
0.0678248
0.0689731
0.0701354
0.0713099
0.0724921
0.0736778
0.0748626
0.0760396
0.0772068
0.0783598
0.079494
0.0806049
0.0816854
0.0827331
0.0837433
0.0847113
0.0856322
0.0864995
0.0873104
0.0880603
0.088745
0.0893602
0.0899017
0.0903665
0.0907515
0.091054
0.0912716
0.0914033
0.0914465
0.0913998
0.0912624
0.0910335
0.090716
0.0903065
0.0898053
0.0892125
0.0885289
0.0877608
0.0869037
0.0859589
0.0849281
0.0838131
0.082624
0.0813553
0.0800098
0.0785905
0.0771007
0.0755539
0.0739438
0.0722744
0.0705497
0.0687741
0.0669629
0.0651095
0.0632187
0.061295
0.0593435
0.0573799
0.0553987
0.0534054
0.0514059
0.0494061
0.0474208
0.0454481
0.0434947
0.0415679
0.0396747
0.037827
0.0360278
0.0342845
0.0326043
0.0309943
0.0294599
0.0280091
0.026648
0.0253824
0.0242174
0.0231485
0.0221892
0.0213431
0.0206136
0.0200034
0.019497
0.0191141
0.0188559
0.0187234
0.018717
0.0188113
0.0190311
0.0193754
0.0198426
0.0204302
0.0211036
0.0218907
0.0227869
0.0237869
0.0248845
0.0260386
0.0272757
0.0285874
0.0299645
0.0313972
0.0328427
0.0343222
0.0358244
0.037337
0.0388479
0.0403194
0.0417633
0.0431665
0.0445156
0.0457971
0.0469861
0.0480809
0.0490685
0.0499359
0.0506711
0.0512687
0.0517112
0.0519884
0.0520911
0.0520111
0.0517693
0.0513321
0.050695
0.049855
0.0488104
0.0476106
0.0462071
0.0446025
0.0428008
0.0408074
0.0386973
0.0364103
0.0339559
0.0313449
0.0285897
0.0257842
0.022863
0.0198422
0.0167393
0.0135732
0.0104465
0.00729726
0.00414721
0.00101877
-0.00206501
-0.00500793
-0.0078595
-0.0105965
-0.0131959
-0.0156351
-0.0178418
-0.0198453
-0.0216254
-0.0231631
-0.0244401
-0.0254236
-0.026114
-0.0264973
-0.0265607
-0.0262926
-0.0257092
-0.0247763
-0.0234873
-0.0218376
-0.0198245
-0.0175177
-0.0148482
-0.0118197
-0.00843819
-0.00471239
-0.000764261
0.00350371
0.00807564
0.0129331
0.0180552
0.0232787
0.0287187
0.0343481
0.0401378
0.046057
0.0519219
0.0578504
0.0638079
0.0697588
0.0756661
0.0813519
0.0869193
0.0923306
0.0975479
0.102533
0.107143
0.111447
0.115409
0.118996
0.122175
0.124863
0.127082
0.128806
0.130011
0.130676
0.130801
0.130352
0.129318
0.12769
0.125465
0.122733
0.119405
0.115487
0.110988
0.105923
0.100468
0.0944853
0.0879977
0.0810331
0.0736229
0.06601
0.058023
0.0497018
0.0410895
0.0322322
0.0234053
0.0144318
0.00536384
-0.00374461
-0.0128379
-0.0216505
-0.0303343
-0.0388321
-0.0470866
-0.0550404
-0.0624846
-0.0695172
-0.0760857
-0.0821391
-0.0876289
-0.0924447
-0.0966091
-0.100084
-0.102834
-0.10483
-0.10609
-0.106547
-0.106186
-0.104996
-0.102971
-0.100267
-0.0967327
-0.0923778
-0.0872186
-0.0812773
-0.0748362
-0.0676733
-0.0598271
-0.0513414
-0.0422658
-0.0329734
-0.023204
-0.0130206
-0.00249041
0.00831544
0.0189893
0.0297886
0.0406354
0.0514499
0.0621511
0.072366
0.0823063
0.0918928
0.101048
0.109695
0.117567
0.124788
0.131294
0.137022
0.141915
0.145868
0.148888
0.150934
0.151973
0.151975
0.151033
0.149019
0.145926
0.141752
0.136505
0.130475
0.123407
0.115328
0.106274
0.0962871
0.0858264
0.0745375
0.0624818
0.0497273
0.0363478
0.0229082
0.00900568
-0.00527283
-0.019836
-0.034589
-0.0489469
-0.0632992
-0.077547
-0.0915903
-0.105329
-0.118256
-0.130682
-0.142514
-0.15366
-0.164032
-0.173293
-0.181617
-0.188932
-0.19517
-0.20027
-0.204135
-0.206761
-0.20811
-0.20815
-0.206858
-0.20441
-0.20061
-0.195461
-0.188976
-0.181177
-0.1725
-0.162577
-0.151455
-0.139189
-0.125845
-0.112066
-0.0973589
-0.0818065
-0.065501
-0.04854
-0.0316835
-0.0143799
0.00326141
0.0211276
0.0391024
0.0564306
0.0736335
0.0905949
0.107198
0.123329
0.138359
0.152695
0.166234
0.178874
0.190521
0.200786
0.209888
0.217753
0.224315
0.229515
0.233276
0.235585
0.236411
0.235733
0.23354
0.23009
0.225131
0.21868
0.210768
0.201432
0.191239
0.179728
0.166965
0.153027
0.137997
0.122669
0.10644
0.089413
0.0716995
0.0534154
0.0354562
0.0171673
-0.00132854
-0.0199062
-0.0384394
-0.0560759
-0.0734205
-0.0903538
-0.106759
-0.122522
-0.136974
-0.150574
-0.163225
-0.174839
-0.185333
-0.194335
-0.202078
-0.208506
-0.21357
-0.217234
-0.219488
-0.220293
-0.219642
-0.217535
-0.213984
-0.209346
-0.203312
-0.195921
-0.18722
-0.177264
-0.166726
-0.155068
-0.142366
-0.128706
-0.114178
-0.0996616
-0.0844736
-0.068717
-0.0524995
-0.0359323
-0.0199625
-0.00386815
0.0122386
0.0282448
0.0440378
0.0587542
0.0730408
0.0867951
0.0999179
0.112314
0.123342
0.133472
0.142626
0.150736
0.15774
0.16332
0.167694
0.170824
0.172681
0.173247
0.172578
0.170606
0.167337
0.162788
0.156985
0.15035
0.142535
0.13359
0.123571
0.112544
0.101221
0.0890328
0.0760591
0.0623841
0.0480967
0.0340855
0.0196466
0.00487436
-0.0101345
-0.025282
-0.0396461
-0.0539556
-0.0681165
-0.0820365
-0.0956246
-0.10807
-0.120014
-0.131381
-0.142099
-0.152099
-0.160806
-0.168683
-0.175681
-0.181762
-0.186893
-0.190815
-0.193744
-0.195668
-0.196584
-0.196495
-0.195488
-0.19347
-0.190383
-0.186259
-0.181142
-0.175446
-0.168867
-0.16147
-0.153326
-0.144511
-0.135679
-0.126333
-0.116557
-0.106439
-0.0960647
-0.0861884
-0.0762144
-0.0662234
-0.056294
-0.0465021
-0.0375638
-0.028884
-0.0205225
-0.0125339
-0.00496827
0.00160885
0.00770005
0.013276
0.0183133
0.0227944
0.0263686
0.0293848
0.031845
0.033757
0.0351335
0.0358496
0.0360783
0.0358467
0.0351859
0.0341302
0.0327421
0.0310335
0.0290445
0.0268168
0.0243925
0.021953
0.0193903
0.0167445
0.0140544
0.0113573
0.00887726
0.00644151
0.00407936
0.00181743
-0.00032054
-0.00213023
-0.00379723
-0.00530806
-0.00665232
-0.00782269
-0.00867154
-0.00935864
-0.00988545
-0.0102557
-0.0104754
-0.0104618
-0.0103285
-0.0100862
-0.00974628
-0.00932114
-0.00877976
-0.00818734
-0.00755655
-0.0068999
-0.00622948
-0.00554333
-0.00486911
-0.00421649
-0.00359412
-0.00300959
-0.00246883
-0.00197761
-0.00153976
-0.00115785
-0.000833114
-0.000566765
-0.000355407
-0.000196857
-8.78433e-05
-2.4093e-05
-4.49971e-07
-0
-0
-0
-0
-0
-0
-0
-0
-0
-0
-0
-0
-0
-0
-0
-0
-0
-0
0
0
0
0
0
0
0
0
0
0
0
0
0
0
0
0
0
0
0
0
0
0
0
0
0
0
0
0
0
0
0
0
0
0
0
0
0
0
0
0
0
0
0
0
0
