0
0
0
0
0
0
0
0
0
0
0
0
0
0
0
0
0
0
0
0
0
0
0
0
0
0
0
0
0
0
0
0
0
0
0
0
0
0
0
0
0
0
0
0
0
0
0
0
0
0
0
0
0
0
0
0
0
0
0
0
0
0
0
0
0
0
0
0
0
0
0
0
0
0
0
0
0
0
0
0
0
0
0
0
0
0
0
0
0
0
0
0
0
0
0
0
0
0
0
0
0
0
0
0
0
0
0
0
0
0
0
0
0
0
0
0
0
0
0
0
0
0
0
0
0
0
0
0
0
0
0
0
0
0
0
0
0
0
0
0
0
0
0
0
0
0
0
0
0
0
0
0
0
0
0
0
0
0
0
0
0
0
0
0
0
0
0
0
0
0
0
0
0
0
0
0
0
0
0
0
0
0
0
0
0
0
0
0
0
0
0
0
0
0
0
0
0
0
0
0
0
-9.76113e-07
-4.20784e-06
-9.78353e-06
-1.77245e-05
-2.79859e-05
-4.0456e-05
-5.49559e-05
-7.12415e-05
-8.90054e-05
-0.00010788
-0.000127441
-0.000147209
-0.000166662
-0.000185234
-0.00020233
-0.000217335
-0.000229616
-0.000238534
-0.000243446
-0.000243715
-0.000238719
-0.000227866
-0.000210603
-0.00018643
-0.000154901
-0.000115635
-6.83189e-05
-1.27153e-05
5.13256e-05
0.000123859
0.000204843
0.000294138
0.000391511
0.000496642
0.000609116
0.000728418
0.000853923
0.000984894
0.00112049
0.00125977
0.00140175
0.00154534
0.00168946
0.00183294
0.00197458
0.00211312
0.00224726
0.00237566
0.00249699
0.00260995
0.00271326
0.0028057
0.00288612
0.00295345
0.00300669
0.00304498
0.00306752
0.00307361
0.00306265
0.00303412
0.00298766
0.00292302
0.00284017
0.00273924
0.00262052
0.00248443
0.00233149
0.00216229
0.00197757
0.00177821
0.00156527
0.00134002
0.00110383
0.000858172
0.000604526
0.000344396
7.93183e-05
-0.000189107
-0.000459202
-0.000729226
-0.000997419
-0.00126205
-0.00152145
-0.00177402
-0.00201818
-0.00225244
-0.00247532
-0.00268542
-0.00288145
-0.00306226
-0.0032279
-0.00337854
-0.00351361
-0.00363257
-0.00373495
-0.00382036
-0.00388851
-0.0039392
-0.00397234
-0.0039879
-0.00398592
-0.00396649
-0.00392978
-0.00387603
-0.00380554
-0.00371869
-0.0036159
-0.00349764
-0.00336444
-0.00321692
-0.00305581
-0.00288191
-0.00269609
-0.00249923
-0.00229218
-0.00207579
-0.00185092
-0.00161846
-0.0013794
-0.00113481
-0.000885772
-0.000633405
-0.000378768
-0.000122877
0.000133276
0.000388689
0.000642316
0.000893072
0.00113986
0.00138162
0.00161737
0.0018462
0.00206728
0.00227976
0.00248282
0.00267561
0.00285729
0.00302712
0.00318446
0.00332875
0.00345956
0.00357645
0.00367902
0.00376686
0.00383961
0.003897
0.00393889
0.00396523
0.00397607
0.00397149
0.00395159
0.00391648
0.00386636
0.00380149
0.00372227
0.00362918
0.00352281
0.00340374
0.00327259
0.00312997
0.00297651
0.00281292
0.00263998
0.00245855
0.00226953
0.00207388
0.00187257
0.00166656
0.00145678
0.0012442
0.00102978
0.000814487
0.000599328
0.000385291
0.00017336
-3.55089e-05
-0.000240385
-0.00044037
-0.000634591
-0.000822211
-0.00100243
-0.00117452
-0.00133781
-0.00149169
-0.00163561
-0.0017691
-0.00189169
-0.00200298
-0.00210259
-0.00219024
-0.00226571
-0.00232887
-0.00237967
-0.00241809
-0.00244418
-0.00245803
-0.00245975
-0.00244951
-0.00242757
-0.00239419
-0.00234971
-0.00229453
-0.00222906
-0.00215379
-0.00206927
-0.00197606
-0.00187479
-0.00176609
-0.00165061
-0.001529
-0.00140197
-0.00127023
-0.00113456
-0.000995714
-0.000854494
-0.000711677
-0.00056803
-0.000424304
-0.000281238
-0.000139553
5.26154e-08
0.000136901
0.000270342
0.000399744
0.000524504
0.000644046
0.000757846
0.00086544
0.000966448
0.00106057
0.00114758
0.00122729
0.0012996
0.00136439
0.00142161
0.00147128
0.00151344
0.00154823
0.00157587
0.00159663
0.00161086
0.00161897
0.0016214
0.00161863
0.00161115
0.00159945
0.00158407
0.00156555
0.00154449
0.00152153
0.00149733
0.00147258
0.00144794
0.00142407
0.0014016
0.00138115
0.00136329
0.00134852
0.0013373
0.00133006
0.00132717
0.00132901
0.00133595
0.00134833
0.00136646
0.00139053
0.00142067
0.00145688
0.0014991
0.00154718
0.00160093
0.00166009
0.00172436
0.00179334
0.00186657
0.00194354
0.00202368
0.0021064
0.00219102
0.00227682
0.00236301
0.00244875
0.00253315
0.00261534
0.00269442
0.00276951
0.00283973
0.00290415
0.00296186
0.00301192
0.00305341
0.00308542
0.00310711
0.00311765
0.00311631
0.00310242
0.0030754
0.00303474
0.00298001
0.00291086
0.00282695
0.00272805
0.00261395
0.00248457
0.00233995
0.00218025
0.00200575
0.00181686
0.0016141
0.0013981
0.00116958
0.000929406
0.000678484
0.000417804
0.000148406
-0.000128612
-0.000412069
-0.000700686
-0.000993075
-0.00128775
-0.00158315
-0.00187769
-0.00216976
-0.00245775
-0.00274003
-0.00301499
-0.00328101
-0.00353649
-0.00377986
-0.00400956
-0.00422407
-0.00442189
-0.00460158
-0.00476175
-0.00490107
-0.00501835
-0.0051125
-0.00518254
-0.00522763
-0.00524705
-0.0052402
-0.00520664
-0.00514606
-0.00505827
-0.00494321
-0.00480094
-0.0046316
-0.00443552
-0.00421315
-0.00396516
-0.00369236
-0.00339579
-0.00307662
-0.00273619
-0.00237595
-0.00199751
-0.00160256
-0.00119288
-0.000770285
-0.000336667
0.00010604
0.000555833
0.00101063
0.00146826
0.00192651
0.00238311
0.0028358
0.00328227
0.00372023
0.0041474
0.00456149
0.00496029
0.00534165
0.00570352
0.006044
0.00636128
0.00665373
0.00691984
0.00715826
0.00736784
0.00754758
0.00769663
0.00781433
0.00790014
0.00795371
0.00797485
0.00796355
0.00792001
0.00784457
0.00773775
0.0076002
0.00743271
0.00723623
0.00701187
0.00676089
0.00648467
0.00618471
0.00586261
0.00552004
0.00515879
0.00478073
0.0043878
0.00398202
0.00356543
0.00314008
0.00270805
0.00227145
0.00183241
0.00139307
0.000955532
0.000521866
9.40623e-05
-0.000325955
-0.000736317
-0.0011352
-0.00152086
-0.00189162
-0.00224592
-0.00258235
-0.00289959
-0.00319646
-0.00347187
-0.00372484
-0.0039545
-0.00416016
-0.00434126
-0.00449741
-0.00462831
-0.00473379
-0.00481382
-0.00486846
-0.00489795
-0.00490264
-0.00488306
-0.00483979
-0.00477352
-0.00468503
-0.00457517
-0.00444492
-0.00429536
-0.00412766
-0.00394302
-0.00374272
-0.00352804
-0.00330031
-0.00306091
-0.00281125
-0.00255278
-0.00228695
-0.00201519
-0.00173891
-0.00145949
-0.00117833
-0.000896789
-0.000616227
-0.00033794
-6.31666e-05
0.000206923
0.000471215
0.000728645
0.000978199
0.00121893
0.00144996
0.00167053
0.00187994
0.00207757
0.00226287
0.00243535
0.00259459
0.00274026
0.00287212
0.00299003
0.0030939
0.0031837
0.00325949
0.00332135
0.00336948
0.00340412
0.0034256
0.00343427
0.00343055
0.00341485
0.00338765
0.00334947
0.00330088
0.00324249
0.00317494
0.00309885
0.0030149
0.00292374
0.00282607
0.00272258
0.00261398
0.00250096
0.00238417
0.00226429
0.00214194
0.00201777
0.00189241
0.00176649
0.00164058
0.00151524
0.00139098
0.00126831
0.00114769
0.00102956
0.000914361
0.000802447
0.000694158
0.00058979
0.000489615
0.000393879
0.000302793
0.000216533
0.000135224
5.89527e-05
-1.22209e-05
-7.82537e-05
-0.000139114
-0.000194789
-0.000245298
-0.000290695
-0.000331069
-0.000366532
-0.000397203
-0.000423206
-0.000444676
-0.000461765
-0.000474649
-0.000483523
-0.000488588
-0.000490049
-0.000488109
-0.000482977
-0.000474874
-0.00046403
-0.000450679
-0.000435038
-0.00041731
-0.000397683
-0.000376344
-0.000353488
-0.000329316
-0.000304025
-0.000277793
-0.000250773
-0.000223107
-0.000194935
-0.000166408
-0.000137681
-0.000108899
-8.0177e-05
-5.15979e-05
-2.32224e-05
4.88956e-06
3.2665e-05
6.00211e-05
8.68832e-05
0.000113205
0.000138972
0.00016419
0.000188858
0.000212952
0.000236431
0.000259252
0.000281404
0.000302914
0.000323833
0.000344212
0.000364076
0.000383421
0.000402234
0.000420518
0.000438304
0.000455644
0.000472586
0.000489154
0.000505343
0.000521136
0.000536531
0.000551548
0.000566222
0.000580577
0.000594606
0.000608263
0.000621489
0.000634235
0.000646485
0.000658243
0.000669515
0.000680279
0.000690475
0.000700012
0.000708797
0.000716752
0.00072382
0.000729953
0.000735096
0.000739184
0.000742144
0.000743909
0.000744425
0.000743645
0.000741519
0.000737983
0.000732961
0.000726385
0.000718205
0.000708404
0.000696982
0.000683936
0.000669249
0.000652886
0.00063481
0.000615011
0.000593511
0.000570371
0.000545667
0.000519478
0.000491877
0.000462936
0.000432738
0.000401386
0.000368998
0.000335698
0.000301613
0.00026687
0.000231611
0.000196
0.000160226
0.00012449
8.89915e-05
5.39152e-05
1.94346e-05
-1.42769e-05
-4.7033e-05
-7.86307e-05
-0.00010886
-0.000137522
-0.000164438
-0.000189457
-0.000212441
-0.000233252
-0.000251749
-0.00026779
-0.000281223
-0.000291807
-0.000299432
-0.000304038
-0.000305596
-0.000304095
-0.000299544
-0.000291983
-0.000281482
-0.000268145
-0.0002521
-0.000233494
-0.000212491
-0.000189278
-0.000164066
-0.000137096
-0.00010863
-7.84903e-05
-4.49617e-05
-1.35392e-05
8.49649e-06
1.35305e-05
-6.22967e-06
-5.85821e-05
-0.00015115
-0.000291203
-0.000485477
-0.000740011
-0.00105998
-0.00144956
-0.00191181
-0.00244857
-0.00306036
-0.00374632
-0.00450407
-0.00532959
-0.00621724
-0.00715977
-0.00814849
-0.00917334
-0.010223
-0.0112852
-0.0123461
-0.0133911
-0.0144045
-0.0153699
-0.0162704
-0.0170887
-0.0178077
-0.0184106
-0.0188811
-0.0192034
-0.0193626
-0.0193448
-0.0191368
-0.018727
-0.0181052
-0.0172637
-0.016197
-0.0149023
-0.0133793
-0.0116303
-0.00965944
-0.00747347
-0.00508133
-0.00249496
0.000271439
0.00320148
0.00627668
0.00947683
0.0127786
0.0161566
0.0195836
0.0230314
0.026472
0.0298773
0.0332195
0.0364708
0.0396023
0.0425847
0.0453874
0.0479821
0.0503437
0.05245
0.0542822
0.0558213
0.0570494
0.05795
0.0585087
0.0587159
0.0585651
0.0580546
0.0571859
0.0559628
0.054392
0.052482
0.0502455
0.0476989
0.0448619
0.0417562
0.0384058
0.0348357
0.0310732
0.0271474
0.0230879
0.0189274
0.0146979
0.0104318
0.00616221
0.0019119
-0.00229271
-0.00642777
-0.0104705
-0.0143994
-0.018198
-0.0218427
-0.0253135
-0.0285904
-0.0316545
-0.0344941
-0.0370898
-0.0394294
-0.0415017
-0.0432959
-0.0448078
-0.0460223
-0.0469338
-0.0475403
-0.0478427
-0.0478491
-0.0475541
-0.0469578
-0.046061
-0.0448669
-0.0433888
-0.041632
-0.0396102
-0.0373369
-0.0348252
-0.0320913
-0.0291455
-0.0260041
-0.0226855
-0.01921
-0.0155972
-0.0118671
-0.00803936
-0.00413499
-0.00017678
0.00381707
0.00781656
0.0117995
0.0157457
0.0196366
0.0234657
0.0271993
0.0308151
0.0342906
0.0376053
0.0407619
0.0437271
0.0464895
0.0490386
0.0513639
0.0534808
0.055354
0.0569754
0.0583389
0.0594402
0.0603067
0.0609081
0.0612467
0.0613277
0.0611589
0.0607797
0.0601701
0.0593399
0.0582992
0.0570593
0.0556587
0.0540884
0.0523669
0.050515
0.0485549
0.046524
0.0444322
0.0423037
0.0401621
0.0380309
0.0359297
0.0338837
0.0319156
0.0300493
0.0283086
0.0266922
0.0252456
0.0239878
0.0229362
0.0221076
0.0214695
0.0210863
0.0209715
0.0211359
0.0215872
0.0222583
0.0232267
0.0244961
0.0260684
0.0279419
0.0300186
0.0323805
0.0350147
0.0379077
0.0410456
0.0443114
0.0477898
0.0514585
0.0552898
0.0592531
0.0632177
0.0672528
0.0713287
0.0754147
0.0794764
0.0833956
0.0872116
0.0908837
0.0943732
0.0976431
0.100614
0.103294
0.105643
0.107624
0.109201
0.110349
0.11103
0.111216
0.110882
0.110001
0.10862
0.106646
0.104065
0.100868
0.0970484
0.0927429
0.0878108
0.082253
0.0760755
0.0692912
0.0621199
0.0543861
0.0461183
0.0373481
0.0281104
0.0186897
0.0088851
-0.00125443
-0.0116761
-0.0223252
-0.0328817
-0.0435509
-0.0542705
-0.0649732
-0.0755874
-0.0857927
-0.095764
-0.10543
-0.11472
-0.123564
-0.131695
-0.139234
-0.14611
-0.152253
-0.157597
-0.161976
-0.165431
-0.167906
-0.169347
-0.169707
-0.168965
-0.167067
-0.163983
-0.159688
-0.154162
-0.147546
-0.139678
-0.130559
-0.120204
-0.10863
-0.0961556
-0.0825172
-0.0677499
-0.0518981
-0.0350164
-0.0175778
0.000755699
0.019908
0.0397985
0.060341
0.0809591
0.102039
0.123475
0.145158
0.166976
0.188311
0.209553
0.230584
0.251281
0.271521
0.290721
0.30922
0.326903
0.343658
0.359376
0.373601
0.386575
0.398194
0.408364
0.416999
0.423843
0.429004
0.432418
0.434031
0.433793
0.431697
0.427687
0.421749
0.413878
0.404079
0.392614
0.37926
0.364052
0.347038
0.328278
0.308293
0.286705
0.263599
0.239066
0.213213
0.186768
0.15924
0.130758
0.101458
0.0714789
0.0416666
0.0114654
-0.0189734
-0.0494948
-0.0799411
-0.109447
-0.138565
-0.167139
-0.195015
-0.222042
-0.247447
-0.271712
-0.294701
-0.316282
-0.336331
-0.354273
-0.370454
-0.384776
-0.39715
-0.4075
-0.415529
-0.421408
-0.425091
-0.42654
-0.425731
-0.422681
-0.417364
-0.409794
-0.399996
-0.38801
-0.374171
-0.358252
-0.340328
-0.320481
-0.298804
-0.275907
-0.251389
-0.225367
-0.197969
-0.169334
-0.140272
-0.110268
-0.0794764
-0.048051
-0.0161495
0.0153326
0.046969
0.0785976
0.110058
0.141192
0.171135
0.200454
0.229004
0.256646
0.283242
0.308056
0.331577
0.353698
0.37432
0.393351
0.410276
0.425448
0.438802
0.450283
0.459853
0.467269
0.472725
0.47621
0.477724
0.47728
0.474925
0.470675
0.46458
0.456696
0.447085
0.436045
0.423422
0.409299
0.393771
0.376941
0.359312
0.340599
0.320913
0.30037
0.279089
0.257687
0.23579
0.21352
0.190997
0.16834
0.146189
0.12414
0.102311
0.0808128
0.0597534
0.0397104
0.0202946
0.00158992
-0.016324
-0.0333718
-0.0491016
-0.0638345
-0.0775183
-0.0901092
-0.101571
-0.111624
-0.120495
-0.12817
-0.134642
-0.139914
-0.14389
-0.146695
-0.14835
-0.148885
-0.148335
-0.14677
-0.144213
-0.140716
-0.136336
-0.131132
-0.125292
-0.11875
-0.111574
-0.103839
-0.0956194
-0.0871855
-0.0784213
-0.0694
-0.0601931
-0.0508712
-0.0417131
-0.0325778
-0.0235308
-0.0146348
-0.00594951
0.00228185
0.0101944
0.0177409
0.024879
0.0315727
0.0376548
0.0432353
0.0482905
0.0527992
0.0567443
0.060044
0.0627657
0.064914
0.0664998
0.0675378
0.0680383
0.0680265
0.067524
0.0665578
0.0651604
0.0634118
0.0613082
0.0588895
0.0561962
0.0532695
0.0502201
0.0470244
0.0437286
0.0403804
0.0370282
0.0337852
0.0306346
0.0276233
0.0247959
0.0221933
0.0198859
0.0178716
0.0161796
0.0148387
0.0138776
0.0133082
0.0131719
0.0134895
0.0142762
0.0155421
0.0172172
0.0193804
0.0220305
0.0251623
0.0287658
0.0326947
0.0370657
0.0418611
0.0470606
0.05264
0.0583942
0.0644622
0.0708042
0.077379
0.084147
0.0908779
0.0977277
0.104656
0.111619
0.118565
0.125261
0.13184
0.138258
0.144472
0.150441
0.155981
0.161189
0.166021
0.170437
0.174402
0.17781
0.180708
0.183064
0.184847
0.186029
0.186595
0.186519
0.185796
0.18442
0.182389
0.179801
0.17655
0.172636
0.168063
0.162844
0.157184
0.150916
0.144064
0.136655
0.128717
0.12054
0.111903
0.102846
0.0934077
0.0836287
0.0738503
0.063821
0.0535917
0.0432159
0.0327468
0.0225423
0.0123415
0.00219124
-0.00785869
-0.017754
-0.027156
-0.0362927
-0.0451158
-0.0535835
-0.0616584
-0.0690797
-0.0760317
-0.0824724
-0.0883608
-0.0936612
-0.0982091
-0.102124
-0.105391
-0.107995
-0.109921
-0.111114
-0.111595
-0.111356
-0.1104
-0.108736
-0.106456
-0.103494
-0.099863
-0.0955704
-0.0906287
-0.0852398
-0.0792459
-0.07268
-0.0655792
-0.0579801
-0.0501893
-0.0419634
-0.0333311
-0.0243252
-0.0149851
-0.00569347
0.00383251
0.0135398
0.0233794
0.0333082
0.0429254
0.0525564
0.0621592
0.0716846
0.0810778
0.0899327
0.0985547
0.106906
0.114957
0.122677
0.129731
0.136382
0.142588
0.148308
0.153509
0.157944
0.161822
0.16513
0.167854
0.169974
0.171354
0.172089
0.17217
0.17159
0.170352
0.168463
0.165923
0.162736
0.15891
0.154458
0.149524
0.144
0.137903
0.131253
0.124032
0.116471
0.108373
0.0997893
0.0907761
0.0813927
0.0720192
0.0623859
0.052547
0.0425585
0.0324799
0.0227372
0.0130231
0.00339753
-0.006082
-0.0153607
-0.0240262
-0.0323954
-0.04042
-0.0480546
-0.055258
-0.0616811
-0.067616
-0.0730368
-0.07792
-0.0822439
-0.0857556
-0.0886848
-0.0910254
-0.0927786
-0.0939524
-0.0944199
-0.0943425
-0.0937368
-0.0926214
-0.0910177
-0.0889074
-0.0863716
-0.0834496
-0.0801831
-0.076614
-0.0728149
-0.0687878
-0.0645694
-0.0601974
-0.0557126
-0.0512428
-0.0467392
-0.0422427
-0.0377909
-0.0334183
-0.0292648
-0.0252417
-0.0213763
-0.0176931
-0.0142132
-0.0110592
-0.00812727
-0.00542842
-0.00297176
-0.0007644
0.00110438
0.00273052
0.0041173
0.00527126
0.00620113
0.00686016
0.00732547
0.00760903
0.00772461
0.0076879
0.00748611
0.00717392
0.00676917
0.00628933
0.00575158
0.00516157
0.00455082
0.00393523
0.00332971
0.00274772
0.00219903
0.00169705
0.00125039
0.000866053
0.00054938
0.00030388
0.000131027
3.04863e-05
0
0
0
0
0
0
0
0
0
0
0
0
0
0
0
0
0
0
0
0
0
0
0
0
0
0
0
0
0
0
0
0
0
0
0
0
0
0
0
0
0
0
0
0
0
0
0
0
0
0
0
0
0
0
0
0
0
0
0
0
0
0
0
0
0
0
0
0
0
0
0
0
0
0
0
0
0
0
0
0
0
0
0
0
0
0
0
0
0
0
0
0
0
0
0
0
0
0
0
0
0
0
0
0
0
0
0
0
0
0
0
0
0
0
0
0
0
0
0
0
0
0
0
0
0
0
0
0
0
0
0
0
0
0
0
0
0
0
0
0
0
0
0
0
0
0
0
0
0
0
0
0
0
0
0
0
0
0
0
0
0
0
0
0
0
0
0
0
0
0
0
0
0
0
0
0
0
0
0
0
0
0
0
0
0
0
0
0
0
0
0
0
0
0
0
0
0
0
0
0
0
