0
0
0
0
0
0
0
0
0
0
0
0
0
0
0
0
0
0
0
0
0
0
0
0
0
0
0
0
0
0
0
0
0
0
0
0
0
0
0
0
0
0
0
0
0
0
0
0
0
0
0
0
0
0
0
0
0
0
0
0
0
0
0
-4.12081e-07
-2.36829e-05
-9.12327e-05
-0.000214324
-0.000403214
-0.000666986
-0.00101339
-0.00144869
-0.00197761
-0.00260323
-0.00332697
-0.00414855
-0.00506596
-0.00607547
-0.00717159
-0.00834718
-0.00959356
-0.0109006
-0.012257
-0.0136501
-0.0150663
-0.0164908
-0.017908
-0.0193015
-0.0206548
-0.0219509
-0.0231734
-0.0243058
-0.025332
-0.0262364
-0.027004
-0.0276207
-0.0280736
-0.0283512
-0.0284438
-0.0283433
-0.0280436
-0.0275408
-0.0268329
-0.0259203
-0.0248051
-0.0234911
-0.0219839
-0.0202909
-0.0184214
-0.0163866
-0.0142003
-0.011878
-0.00943726
-0.00689719
-0.00427837
-0.00160261
0.00110737
0.00382845
0.00653777
0.00921324
0.0118337
0.0143785
0.0168276
0.0191605
0.021357
0.0233975
0.025264
0.0269402
0.0284121
0.0296679
0.0306976
0.0314935
0.03205
0.0323644
0.0324364
0.0322682
0.0318638
0.0312288
0.0303704
0.029298
0.0280233
0.0265604
0.0249252
0.023135
0.0212081
0.0191636
0.0170216
0.0148039
0.0125338
0.0102355
0.00793352
0.00565223
0.00341535
0.00124628
-0.000831868
-0.00279763
-0.00463219
-0.00631768
-0.00783716
-0.00917454
-0.0103145
-0.0112424
-0.0119452
-0.0124116
-0.0126336
-0.0126061
-0.0123268
-0.0117956
-0.011014
-0.00998512
-0.00871376
-0.00720724
-0.0054754
-0.00353038
-0.00138609
0.000942242
0.00343811
0.00608344
0.00885831
0.011741
0.0147083
0.0177362
0.0208001
0.0238746
0.0269329
0.0299465
0.0328854
0.0357191
0.0384173
0.0409512
0.0432936
0.0454184
0.0472999
0.0489129
0.0502329
0.0512375
0.0519067
0.0522237
0.0521743
0.0517471
0.0509324
0.0497231
0.0481147
0.046106
0.0436987
0.0408973
0.0377088
0.0341427
0.0302109
0.0259287
0.0213146
0.0163904
0.0111804
0.00571069
9.32634e-06
-0.00589389
-0.0119667
-0.0181743
-0.0244796
-0.0308437
-0.0372268
-0.0435889
-0.0498891
-0.0560856
-0.0621357
-0.0679961
-0.0736233
-0.0789755
-0.0840123
-0.0886957
-0.0929896
-0.0968591
-0.100271
-0.103195
-0.105601
-0.107465
-0.108764
-0.10948
-0.109599
-0.109111
-0.10801
-0.106293
-0.103964
-0.101027
-0.0974939
-0.0933761
-0.0886895
-0.0834533
-0.0776899
-0.071426
-0.0646921
-0.0575228
-0.0499563
-0.0420343
-0.0338008
-0.0253019
-0.0165852
-0.00769946
0.0013055
0.0103787
0.0194679
0.0285203
0.0374826
0.0463019
0.0549262
0.0633042
0.0713853
0.0791196
0.0864579
0.0933528
0.0997594
0.105636
0.110945
0.115651
0.119722
0.123128
0.125842
0.127842
0.129108
0.129626
0.129388
0.128391
0.126634
0.124126
0.120878
0.116908
0.112239
0.106902
0.100929
0.0943548
0.0872194
0.0795637
0.0714329
0.0628759
0.0539459
0.0446997
0.0351968
0.0254994
0.0156711
0.0057772
-0.00411616
-0.0139422
-0.0236342
-0.0331255
-0.0423503
-0.0512438
-0.0597424
-0.0677844
-0.0753107
-0.0822649
-0.0885931
-0.0942442
-0.0991691
-0.103322
-0.106659
-0.109144
-0.110745
-0.111436
-0.1112
-0.110023
-0.1079
-0.104829
-0.100817
-0.0958771
-0.0900282
-0.0832971
-0.0757168
-0.0673262
-0.0581703
-0.0483
-0.0377722
-0.0266489
-0.0149963
-0.00288423
0.00961495
0.022426
0.0354706
0.0486674
0.0619321
0.0751787
0.0883207
0.101272
0.113946
0.126259
0.138127
0.149469
0.160206
0.170265
0.179576
0.188074
0.195697
0.202388
0.208093
0.212762
0.216356
0.218839
0.220184
0.220372
0.21939
0.217232
0.213899
0.209399
0.203749
0.196973
0.189099
0.180165
0.170213
0.159291
0.147456
0.134768
0.121296
0.107113
0.0922966
0.0769274
0.0610905
0.0448747
0.0283726
0.0116794
-0.00510872
-0.0218954
-0.0385851
-0.0550827
-0.0712935
-0.0871228
-0.102477
-0.117264
-0.131395
-0.144786
-0.157356
-0.169028
-0.179731
-0.189397
-0.197967
-0.205384
-0.211603
-0.216582
-0.220288
-0.222694
-0.22378
-0.223531
-0.221942
-0.219017
-0.214765
-0.209202
-0.202353
-0.194247
-0.184924
-0.174431
-0.162824
-0.150164
-0.136519
-0.121961
-0.106566
-0.0904136
-0.0735897
-0.0561839
-0.0382894
-0.0200013
-0.00141563
0.0173712
0.0362625
0.0551611
0.0739691
0.0925888
0.110923
0.128878
0.146361
0.163284
0.179561
0.195109
0.209849
0.223706
0.236611
0.2485
0.259317
0.269012
0.277542
0.284873
0.290973
0.295822
0.299403
0.30171
0.302742
0.302507
0.301021
0.298304
0.294384
0.289292
0.283065
0.275748
0.267391
0.258049
0.247783
0.236656
0.224735
0.212089
0.198788
0.184909
0.170528
0.155725
0.140583
0.125181
0.1096
0.0939194
0.0782169
0.062571
0.0470595
0.0317583
0.0167405
0.00207552
-0.0121712
-0.0259372
-0.0391631
-0.0517919
-0.0637704
-0.0750503
-0.085589
-0.0953497
-0.104301
-0.112414
-0.119666
-0.126036
-0.13151
-0.13608
-0.139742
-0.1425
-0.14436
-0.145334
-0.145435
-0.144681
-0.143095
-0.140705
-0.137541
-0.133638
-0.129032
-0.123764
-0.117872
-0.111402
-0.104398
-0.0969105
-0.0889886
-0.080683
-0.0720438
-0.0631206
-0.053963
-0.0446205
-0.0351429
-0.0255799
-0.0159805
-0.0063923
0.00313872
0.0125688
0.0218561
0.0309611
0.0398466
0.0484777
0.0568217
0.0648484
0.0725301
0.0798414
0.0867598
0.0932653
0.0993411
0.104973
0.11015
0.114865
0.119111
0.122886
0.126189
0.129023
0.131391
0.133298
0.134752
0.135764
0.136346
0.136514
0.136285
0.135675
0.134703
0.133386
0.131743
0.129794
0.127562
0.125069
0.122338
0.119394
0.116259
0.112955
0.109506
0.105933
0.102257
0.0985004
0.0946839
0.0908282
0.0869535
0.0830793
0.0792245
0.0754066
0.0716411
0.0679416
0.0643204
0.0607884
0.0573566
0.0540356
0.0508357
0.0477661
0.044834
0.0420447
0.0394013
0.0369055
0.0345583
0.0323603
0.0303117
0.0284125
0.0266618
0.0250578
0.0235971
0.0222749
0.0210852
0.0200214
0.0190763
0.0182436
0.0175173
0.0168922
0.0163632
0.0159242
0.0155683
0.0152875
0.0150738
0.0149195
0.0148181
0.0147639
0.0147518
0.0147765
0.0148325
0.0149137
0.0150146
0.01513
0.0152559
0.0153889
0.0155263
0.0156661
0.0158065
0.0159465
0.0160856
0.0162233
0.0163594
0.0164932
0.0166243
0.0167524
0.0168782
0.0170035
0.017131
0.0172634
0.0174034
0.0175532
0.0177145
0.0178891
0.0180794
0.018288
0.0185178
0.0187721
0.0190541
0.0193671
0.0197145
0.0200996
0.0205255
0.0209942
0.0215076
0.0220669
0.0226735
0.0233294
0.0240369
0.0247984
0.0256156
0.0264889
0.0274179
0.0284018
0.0294394
0.03053
0.0316732
0.0328681
0.0341132
0.0354063
0.0367446
0.0381247
0.0395434
0.0409965
0.0424799
0.0439884
0.045517
0.0470606
0.0486144
0.0501735
0.0517324
0.0532848
0.0548232
0.0563401
0.0578279
0.0592805
0.0606924
0.0620581
0.0633716
0.0646254
0.0658115
0.0669214
0.0679478
0.0688846
0.0697267
0.0704691
0.0711065
0.071633
0.0720431
0.0723316
0.0724946
0.0725289
0.0724317
0.0722003
0.071832
0.0713249
0.0706783
0.0698927
0.0689694
0.0679099
0.0667151
0.0653861
0.0639244
0.0623332
0.0606173
0.058783
0.0568372
0.0547864
0.0526367
0.0503942
0.0480662
0.045661
0.0431886
0.0406593
0.0380838
0.0354722
0.0328346
0.0301818
0.0275252
0.0248769
0.0222491
0.0196532
0.0170997
0.0145991
0.0121616
0.00979854
0.00752073
0.00533879
0.00326725
0.0013191
-0.000494562
-0.00216396
-0.00368012
-0.00503469
-0.00622018
-0.00723054
-0.00806151
-0.00871069
-0.0091773
-0.00946182
-0.00956592
-0.0094926
-0.00924652
-0.00883408
-0.00826322
-0.00754303
-0.00668337
-0.00569469
-0.0045882
-0.00337612
-0.00207178
-0.000689479
0.000755921
0.0022495
0.00377659
0.00532283
0.00687415
0.0084166
0.00993642
0.0114202
0.0128551
0.014229
0.015531
0.0167511
0.0178803
0.018911
0.0198367
0.0206521
0.0213529
0.0219356
0.022398
0.0227387
0.0229573
0.0230551
0.0230346
0.0228996
0.0226552
0.0223071
0.0218617
0.0213256
0.0207062
0.020011
0.0192481
0.0184261
0.0175538
0.0166403
0.015695
0.0147271
0.0137456
0.0127594
0.0117766
0.0108051
0.00985219
0.00892456
0.00802834
0.00716898
0.00635129
0.00557929
0.0048563
0.00418487
0.0035668
0.0030032
0.00249447
0.00204033
0.00163985
0.00129147
0.000993063
0.000741986
0.000535134
0.000369014
0.000239816
0.000143472
7.573e-05
3.22149e-05
8.50323e-06
1.94776e-07
0
0
0
0
0
0
0
0
0
0
0
0
0
0
0
0
0
0
0
0
0
0
0
0
0
0
0
0
0
0
0
0
0
0
0
0
0
0
0
0
0
0
0
0
0
0
0
0
0
0
0
0
0
0
0
0
0
0
0
0
0
0
0
0
0
0
0
0
0
0
0
0
0
0
0
0
0
0
0
0
0
0
0
0
0
0
0
0
0
0
0
0
0
0
0
0
0
0
0
0
0
0
0
0
0
0
0
0
0
0
0
0
0
0
0
0
0
0
0
0
0
0
0
0
0
0
0
0
0
0
0
0
0
0
0
0
0
0
0
0
0
0
0
0
0
0
0
0
0
0
0
0
0
0
0
0
0
0
0
0
0
0
0
0
0
0
0
0
0
0
0
0
0
0
0
0
0
0
0
0
0
0
0
0
0
0
0
0
0
0
0
0
0
0
0
0
0
0
0
0
0
1.51155e-06
6.00556e-05
0.000209051
0.000455068
0.00080355
0.00125879
0.00182393
0.00250104
0.00329113
0.00419412
0.00520884
0.00633306
0.00756347
0.00889592
0.0103256
0.0118471
0.0134546
0.015142
0.0169026
0.0187294
0.0206154
0.0225534
0.0245366
0.0265584
0.0286125
0.0306929
0.0327943
0.0349113
0.0370393
0.039174
0.0413118
0.0434497
0.0455856
0.0477175
0.049844
0.0519638
0.0540762
0.0561807
0.0582774
0.0603671
0.0624507
0.0645302
0.0666073
0.0686834
0.07076
0.0728389
0.0749236
0.077019
0.0791312
0.0812668
0.0834316
0.0856305
0.0878672
0.0901451
0.092468
0.0948411
0.0972693
0.0997575
0.102309
0.104927
0.107611
0.110364
0.113187
0.11608
0.119044
0.122075
0.125171
0.128326
0.131541
0.134815
0.13815
0.141544
0.144988
0.148469
0.151971
0.15548
0.158984
0.162473
0.165941
0.169376
0.17276
0.176072
0.179289
0.182394
0.185377
0.188231
0.19095
0.193524
0.195936
0.198169
0.200213
0.202146
0.204
0.205775
0.207469
0.209073
0.210576
0.21197
0.213248
0.214415
0.215475
0.21644
0.217317
0.218106
0.218805
0.21941
0.21993
0.22037
0.22074
0.221043
0.221277
0.221455
0.221584
0.221674
0.221737
0.221773
0.2218
0.221822
0.221842
0.221865
0.22189
0.221941
0.222027
0.222154
0.222324
0.222523
0.222764
0.223051
0.223395
0.223809
0.224295
0.224866
0.225517
0.226243
0.227037
0.22789
0.228799
0.22976
0.23077
0.231829
0.232946
0.234114
0.235335
0.236604
0.237908
0.239248
0.240583
0.241896
0.243176
0.24442
0.245663
0.246875
0.248054
0.249191
0.250272
0.25133
0.252311
0.253208
0.254018
0.254742
0.255427
0.256023
0.256528
0.256943
0.257265
0.257548
0.257736
0.257828
0.257825
0.257733
0.257611
0.257419
0.257167
0.25686
0.256505
0.256138
0.255741
0.255328
0.254917
0.254521
0.254156
0.253821
0.25352
0.25326
0.253053
0.252888
0.252818
0.252863
0.253038
0.253353
0.253739
0.254273
0.254958
0.255803
0.256815
0.257889
0.259148
0.260602
0.262253
0.264102
0.265992
0.26807
0.270327
0.272751
0.275332
0.277878
0.280552
0.283332
0.286194
0.289113
0.291881
0.294651
0.297394
0.300079
0.302668
0.304963
0.307076
0.308962
0.310582
0.311898
0.312774
0.31327
0.313342
0.312943
0.312025
0.310528
0.308435
0.305715
0.302342
0.29829
0.293622
0.288225
0.282078
0.275168
0.267489
0.259247
0.250235
0.24046
0.229929
0.218657
0.206985
0.194624
0.181608
0.167976
0.153769
0.139445
0.124648
0.109438
0.0938866
0.0780695
0.0625237
0.0468685
0.0311838
0.0155529
6.48258e-05
-0.0147351
-0.0292012
-0.0432354
-0.0567389
-0.0696127
-0.0813797
-0.0923174
-0.102326
-0.111308
-0.119169
-0.125585
-0.130708
-0.13446
-0.136761
-0.137538
-0.136682
-0.134171
-0.129959
-0.124007
-0.116284
-0.106969
-0.0958446
-0.0829049
-0.0681542
-0.05161
-0.033747
-0.01416
0.00710334
0.0299869
0.0544248
0.0796737
0.106308
0.134223
0.163304
0.193428
0.223642
0.254634
0.286261
0.31837
0.350795
0.382477
0.414135
0.445597
0.47669
0.507239
0.536223
0.564302
0.591296
0.617024
0.64131
0.66331
0.683533
0.701821
0.718021
0.731986
0.74319
0.751905
0.758025
0.761455
0.762109
0.759877
0.754727
0.746613
0.735503
0.721387
0.704639
0.684914
0.662246
0.636688
0.608306
0.577938
0.544934
0.509414
0.471508
0.431363
0.390201
0.34713
0.30234
0.256037
0.208443
0.161038
0.1128
0.0639629
0.0147655
-0.0345475
-0.08244
-0.129946
-0.176815
-0.222795
-0.267639
-0.309961
-0.350672
-0.389543
-0.426351
-0.460878
-0.492073
-0.520587
-0.546242
-0.568875
-0.588339
-0.60409
-0.616431
-0.625274
-0.630543
-0.632182
-0.630236
-0.624595
-0.615258
-0.602247
-0.585613
-0.566024
-0.542978
-0.516581
-0.486952
-0.454228
-0.41959
-0.382183
-0.342206
-0.299877
-0.255428
-0.21043
-0.163797
-0.115777
-0.0666283
-0.0166198
0.0325209
0.0819646
0.13143
0.180637
0.229304
0.275784
0.321177
0.365218
0.40765
0.44823
0.485631
0.520733
0.553333
0.583234
0.610255
0.633563
0.653684
0.670505
0.683934
0.693901
0.700204
0.702951
0.702122
0.697717
0.689762
0.678693
0.6642
0.646375
0.625325
0.601175
0.574919
0.54586
0.514179
0.48007
0.443743
0.4066
0.367674
0.327188
0.285378
0.242494
0.200128
0.157212
0.114009
0.0707821
0.027787
-0.0134482
-0.0539607
-0.0935127
-0.131869
-0.1688
-0.203055
-0.23546
-0.265824
-0.29397
-0.319734
-0.342338
-0.362283
-0.379459
-0.393776
-0.405164
-0.413429
-0.418685
-0.420917
-0.420131
-0.416351
-0.409969
-0.400691
-0.388594
-0.373772
-0.356337
-0.3372
-0.315724
-0.292073
-0.26642
-0.238955
-0.210946
-0.181522
-0.15089
-0.119266
-0.0868725
-0.0551199
-0.0230483
0.00911558
0.041144
0.0728095
0.102781
0.13195
0.16011
0.18706
0.212611
0.235735
0.257115
0.276597
0.294039
0.30931
0.321838
0.331992
0.339697
0.344893
0.347536
0.347592
0.345045
0.339896
0.332163
0.321884
0.309568
0.294835
0.277775
0.258491
0.237104
0.214579
0.190232
0.164219
0.136709
0.107877
0.0789821
0.0491344
0.0185257
-0.0126462
-0.0441805
-0.0747251
-0.105238
-0.135526
-0.1654
-0.194666
-0.222086
-0.248527
-0.27382
-0.297804
-0.320334
-0.340484
-0.358922
-0.375528
-0.390195
-0.402827
-0.412932
-0.420869
-0.426599
-0.430102
-0.431364
-0.430398
-0.427183
-0.42173
-0.414064
-0.404231
-0.39274
-0.379223
-0.36377
-0.34648
-0.327463
-0.307637
-0.28634
-0.263713
-0.239901
-0.215051
-0.190329
-0.164853
-0.138766
-0.11222
-0.0853756
-0.0594956
-0.0336357
-0.00794461
0.0174362
0.0423695
0.0656998
0.0883154
0.110086
0.130889
0.150609
0.168347
0.184815
0.199933
0.21362
0.225793
0.235893
0.244333
0.25106
0.256043
0.259264
0.260613
0.260205
0.258054
0.254176
0.248597
0.241607
0.232991
0.222803
0.211102
0.197959
0.184017
0.168795
0.152388
0.134898
0.116429
0.0978663
0.0785419
0.0585653
0.0380503
0.0171148
-0.0032574
-0.0238116
-0.0444316
-0.0650026
-0.0854121
-0.104724
-0.123662
-0.142125
-0.160019
-0.177253
-0.193071
-0.208075
-0.2222
-0.235385
-0.247575
-0.258273
-0.267889
-0.276393
-0.283764
-0.289988
-0.294884
-0.298625
-0.301217
-0.302673
-0.303014
-0.30236
-0.300645
-0.297902
-0.294169
-0.289493
-0.28425
-0.278179
-0.271347
-0.263822
-0.255674
-0.247439
-0.238704
-0.229533
-0.219997
-0.210174
-0.200678
-0.191047
-0.18135
-0.171647
-0.161994
-0.152951
-0.144067
-0.135396
-0.126989
-0.118892
-0.111532
-0.10455
-0.0979733
-0.0918288
-0.0861471
-0.0811738
-0.0767123
-0.0727737
-0.0693606
-0.06647
-0.0641204
-0.0622858
-0.0609643
-0.0601528
-0.0598423
-0.0598537
-0.0603131
-0.0611625
-0.0623644
-0.0638821
-0.0653805
-0.0671324
-0.0691061
-0.0712646
-0.0735653
-0.0755958
-0.0776903
-0.0798124
-0.0819261
-0.0839961
-0.0856369
-0.0871847
-0.0886177
-0.0899118
-0.0910401
-0.0917109
-0.092178
-0.0924257
-0.0924392
-0.092206
-0.0915876
-0.090721
-0.0896089
-0.0882512
-0.0866444
-0.084803
-0.0827173
-0.080399
-0.0778629
-0.0751249
-0.0723437
-0.0693913
-0.0662886
-0.0630566
-0.059718
-0.0565183
-0.0532484
-0.0499324
-0.0465919
-0.043246
-0.0401581
-0.0370821
-0.0340375
-0.0310472
-0.0281353
-0.0255446
-0.0230522
-0.0206707
-0.0184106
-0.0162806
-0.0144495
-0.0127408
-0.0111561
-0.00969773
-0.00836826
-0.00726151
-0.00627026
-0.00539078
-0.0046196
-0.00395282
-0.00341725
-0.00296516
-0.00258646
-0.0022724
-0.00201557
-0.00180368
-0.00163417
-0.00149867
-0.00138949
-0.00129958
-0.00120337
-0.00111784
-0.00103738
-0.000958033
-0.000877216
-0.000778236
-0.000680509
-0.000582935
-0.000485407
-0.000388848
-0.000290093
-0.000200718
-0.00012336
-6.14064e-05
-1.88871e-05
-3.89989e-07
0
0
0
0
0
0
0
0
0
0
0
0
0
0
0
0
0
0
0
0
0
0
0
0
0
0
0
0
0
0
0
0
0
0
0
0
0
0
0
0
0
0
0
0
0
0
0
0
0
0
0
0
0
0
0
0
0
0
0
0
0
0
0
