-0
-0
-0
-0
-0
-0
-0
-0
-0
-0
-0
-0
-0
-0
-0
-0
-0
-0
-0
0
0
0
0
0
0
0
0
0
0
0
0
0
0
0
0
0
0
0
0
0
0
0
0
0
0
0
0
0
0
0
0
0
0
0
0
0
0
0
0
0
0
0
0
0
0
0
0
0
-0
-0
-0
-0
-0
-0
-0
-0
-0
-0
-0
-0
-0
-0
-0
-0
-0
-0
-0
-0
-0
-0
-0
-0
-0
-0
-0
-0
-0
-0
-0
-0
-0
-0
-0
-0
-0
-0
-0
-0
-0
-0
0
0
0
0
0
0
0
0
0
0
0
0
0
0
0
0
0
0
0
0
0
0
0
0
0
0
0
0
0
0
0
0
0
0
0
0
0
0
0
0
0
0
0
0
0
0
-0
-0
-0
-0
-0
-0
-0
-0
-0
-0
-0
-0
-0
-0
-0
-0
-0
-0
-0
-0
-0
-0
-0
-0
-0
-0
-0
-0
-0
-0
-0
-0
-0
-0
-0
-0
-0
-0
-0
-0
-0
-0
-0
-0
-0
-1.25092e-06
-3.1486e-06
-2.40342e-06
4.11531e-06
1.93255e-05
4.58914e-05
8.61904e-05
0.000142289
0.000215925
0.000308495
0.000421047
0.000554284
0.000708569
0.000883945
0.00108015
0.00129666
0.00153268
0.00178721
0.00205906
0.0023469
0.00264927
0.00296465
0.00329148
0.0036282
0.00397327
0.00432521
0.00468268
0.00504443
0.00540939
0.00577663
0.00614539
0.0065151
0.00688535
0.00725589
0.00762662
0.00799755
0.00836877
0.00874041
0.0091126
0.00948544
0.00985899
0.0102331
0.0106076
0.0109818
0.0113549
0.0117257
0.0120927
0.0124541
0.0128076
0.0131507
0.0134801
0.0137919
0.0140821
0.0143458
0.014578
0.0147731
0.0149253
0.0150283
0.0150753
0.0150595
0.0149739
0.0148116
0.0145657
0.0142296
0.0137965
0.01326
0.0126139
0.0118526
0.0109712
0.00996586
0.00883345
0.0075717
0.00617908
0.00465494
0.00299966
0.0012148
-0.000696707
-0.00273061
-0.00488136
-0.00714223
-0.00950534
-0.0119617
-0.0145009
-0.0171115
-0.0197807
-0.0224948
-0.0252388
-0.0279971
-0.0307535
-0.0334907
-0.0362032
-0.0388865
-0.041527
-0.0441109
-0.0466242
-0.0490528
-0.0513823
-0.0535984
-0.0556869
-0.0576337
-0.0594252
-0.0610481
-0.0624898
-0.0637381
-0.0647815
-0.0656089
-0.0662103
-0.0665765
-0.0666995
-0.0665722
-0.0661889
-0.0655448
-0.0646364
-0.0634614
-0.0620192
-0.06031
-0.058336
-0.0561005
-0.053608
-0.0508643
-0.0478765
-0.0446529
-0.0412032
-0.0375383
-0.0336704
-0.0296129
-0.0253802
-0.0209874
-0.0164509
-0.0117877
-0.00701569
-0.00215363
0.00277909
0.0077625
0.0127762
0.0177993
0.0228109
0.0277895
0.0327136
0.0375617
0.0423122
0.0469441
0.0514365
0.0557691
0.059922
0.0638758
0.0676116
0.0711112
0.0743573
0.0773333
0.0800242
0.0824157
0.0844948
0.0862494
0.0876686
0.0887428
0.0894635
0.0898238
0.0898184
0.0894437
0.0886976
0.0875796
0.0860909
0.0842343
0.0820142
0.079437
0.0765105
0.0732441
0.0696491
0.0657379
0.0615248
0.0570254
0.0522568
0.0472375
0.0419872
0.0365269
0.0308784
0.0250647
0.0191097
0.0130378
0.00687422
0.000644683
-0.00562477
-0.0119078
-0.0181779
-0.0244085
-0.0305729
-0.0366445
-0.0425972
-0.0484048
-0.054042
-0.0594839
-0.0647065
-0.0696866
-0.0744021
-0.078832
-0.0829566
-0.0867572
-0.0902167
-0.0933192
-0.0960506
-0.0983984
-0.100352
-0.101904
-0.103045
-0.103772
-0.104082
-0.103972
-0.103443
-0.1025
-0.101145
-0.0993867
-0.097233
-0.0946943
-0.0917828
-0.0885122
-0.0848983
-0.0809585
-0.0767119
-0.0721788
-0.0673809
-0.0623411
-0.0570832
-0.0516322
-0.0460139
-0.0402552
-0.0343835
-0.0284267
-0.0224131
-0.0163714
-0.0103302
-0.00431825
0.00163576
0.00750349
0.0132571
0.0188694
0.0243139
0.029565
0.0345981
0.0393894
0.0439167
0.0481589
0.0520966
0.0557121
0.0589893
0.061914
0.0644738
0.0666584
0.0684594
0.0698703
0.070887
0.0715071
0.0717307
0.0715597
0.0709982
0.0700525
0.0687307
0.0670431
0.0650016
0.0626203
0.0599149
0.0569027
0.0536028
0.0500353
0.0462218
0.0421849
0.0379481
0.0335358
0.0289734
0.0242868
0.0195024
0.014647
0.00974725
0.00482981
-7.88745e-05
-0.00495262
-0.00976563
-0.0144926
-0.0191091
-0.0235915
-0.0279173
-0.0320652
-0.0360149
-0.0397474
-0.0432451
-0.046492
-0.0494735
-0.052177
-0.0545916
-0.0567081
-0.0585189
-0.0600181
-0.0612013
-0.0620661
-0.0626117
-0.0628396
-0.0627528
-0.0623565
-0.0616571
-0.0606631
-0.0593842
-0.0578318
-0.056019
-0.05396
-0.0516704
-0.0491668
-0.0464669
-0.0435891
-0.0405527
-0.0373777
-0.034085
-0.0306955
-0.0272309
-0.0237127
-0.0201628
-0.0166028
-0.0130543
-0.00953853
-0.00607642
-0.00268816
0.000606766
0.00378969
0.00684282
0.00974925
0.0124931
0.0150595
0.017435
0.0196073
0.0215657
0.0233007
0.0248045
0.0260707
0.0270942
0.0278714
0.0284002
0.02868
0.0287117
0.0284973
0.0280407
0.0273469
0.0264223
0.0252748
0.0239134
0.0223482
0.0205907
0.018653
0.0165487
0.0142919
0.0118977
0.00938213
0.00676151
0.00405272
0.00127284
-0.00156088
-0.00443109
-0.00732039
-0.0102114
-0.0130868
-0.0159294
-0.0187226
-0.0214498
-0.0240953
-0.0266438
-0.0290807
-0.0313923
-0.0335655
-0.0355885
-0.0374504
-0.0391414
-0.0406531
-0.041978
-0.04311
-0.0440442
-0.044777
-0.0453058
-0.0456294
-0.045748
-0.0456628
-0.0453762
-0.0448918
-0.0442145
-0.0433499
-0.042305
-0.0410876
-0.0397064
-0.0381708
-0.036491
-0.0346778
-0.0327427
-0.0306978
-0.0285556
-0.0263295
-0.0240327
-0.021679
-0.0192821
-0.0168558
-0.0144136
-0.0119691
-0.00953554
-0.0071262
-0.00475398
-0.00243151
-0.000170968
0.00201595
0.00411813
0.00612507
0.00802693
0.0098146
0.0114797
0.0130148
0.014413
0.0156686
0.0167765
0.0177327
0.018534
0.0191782
0.0196641
0.0199913
0.0201602
0.0201721
0.020029
0.0197339
0.0192907
0.0187039
0.0179793
0.0171229
0.0161415
0.0150422
0.0138324
0.0125204
0.0111148
0.00962473
0.00805971
0.00642955
0.00474419
0.00301355
0.0012476
-0.000543642
-0.00235017
-0.00416197
-0.00596911
-0.0077618
-0.00953044
-0.0112657
-0.0129586
-0.0146006
-0.0161836
-0.0177001
-0.0191433
-0.0205067
-0.0217843
-0.0229706
-0.0240607
-0.0250504
-0.0259362
-0.0267154
-0.0273859
-0.0279462
-0.0283952
-0.0287322
-0.0289573
-0.0290713
-0.0290757
-0.0289727
-0.0287651
-0.0284559
-0.0280486
-0.027547
-0.0269553
-0.0262786
-0.0255222
-0.0246921
-0.0237941
-0.0228343
-0.0218187
-0.0207537
-0.0196457
-0.0185016
-0.0173284
-0.0161331
-0.0149223
-0.0137025
-0.0124799
-0.0112607
-0.010051
-0.00885694
-0.00768442
-0.00653905
-0.00542604
-0.00435022
-0.00331605
-0.00232767
-0.00138889
-0.000503175
0.000326384
0.00109707
0.00180649
0.0024526
0.00303368
0.00354842
0.00399591
0.00437572
0.00468781
0.00493244
0.00511015
0.0052218
0.00526858
0.00525215
0.00517461
0.00503842
0.0048463
0.00460103
0.00430546
0.00396255
0.00357542
0.00314748
0.0026824
0.00218399
0.00165607
0.00110242
0.000526762
-6.72112e-05
-0.000675749
-0.00129506
-0.00192136
-0.00255096
-0.00318035
-0.00380613
-0.00442504
-0.00503386
-0.00562947
-0.00620888
-0.00676933
-0.00730835
-0.0078237
-0.00831332
-0.00877527
-0.00920771
-0.00960893
-0.00997749
-0.0103123
-0.0106124
-0.0108774
-0.0111068
-0.0113002
-0.0114573
-0.0115782
-0.0116628
-0.0117116
-0.0117253
-0.0117046
-0.0116505
-0.0115638
-0.0114456
-0.011297
-0.0111193
-0.0109139
-0.010682
-0.0104251
-0.0101446
-0.00984201
-0.0095189
-0.00917694
-0.00881792
-0.00844368
-0.00805603
-0.00765677
-0.0072477
-0.00683069
-0.00640773
-0.00598089
-0.00555229
-0.00512397
-0.00469784
-0.00427567
-0.00385907
-0.00344961
-0.00304892
-0.00265866
-0.00228052
-0.00191619
-0.00156724
-0.00123516
-0.000921321
-0.000626997
-0.000353401
-0.000101661
0.000127215
0.00033237
0.00051311
0.000668887
0.000799269
0.000903914
0.000982569
0.00103509
0.00106146
0.0010618
0.00103634
0.000985363
0.000909217
0.000808297
0.000683105
0.000534303
0.000362743
0.000169442
-4.44687e-05
-0.000277818
-0.000529422
-0.000798072
-0.00108248
-0.00138125
-0.00169282
-0.00201552
-0.0023476
-0.00268728
-0.00303274
-0.00338213
-0.00373355
-0.00408505
-0.00443468
-0.00478051
-0.00512069
-0.00545346
-0.00577703
-0.00608962
-0.00638941
-0.00667457
-0.00694329
-0.00719391
-0.0074249
-0.00763492
-0.00782278
-0.00798745
-0.00812801
-0.00824371
-0.00833391
-0.00839811
-0.00843591
-0.00844702
-0.00843126
-0.00838857
-0.00831909
-0.00822311
-0.00810113
-0.00795375
-0.00778116
-0.00758081
-0.00735349
-0.00710083
-0.00682466
-0.006527
-0.00620992
-0.0058756
-0.00552625
-0.0051642
-0.00479185
-0.00441175
-0.00402646
-0.00363853
-0.00325044
-0.00286448
-0.00248286
-0.00210862
-0.00175039
-0.00140686
-0.00107445
-0.000749686
-0.000429231
-0.000109974
0.000210909
0.000535885
0.000867006
0.00120588
0.00155363
0.00191092
0.00227791
0.00265423
0.00303903
0.003431
0.00382837
0.00422902
0.00463047
0.00502985
0.00542391
0.00580899
0.00618117
0.00653635
0.00687041
0.00717936
0.00745933
0.00770663
0.0079177
0.0080892
0.00821808
0.00830168
0.00833786
0.00832494
0.00826163
0.00814698
0.00798031
0.00776137
0.00749041
0.00716839
0.00679698
0.00637845
0.00591563
0.00541174
0.00487035
0.00429545
0.00369158
0.00306389
0.0024181
0.00176042
0.00109737
0.000435627
-0.000218102
-0.000857233
-0.00147541
-0.00206658
-0.00262511
-0.0031458
-0.00362393
-0.00405522
-0.0044359
-0.00476266
-0.00503292
-0.00524469
-0.00539666
-0.00548824
-0.00551943
-0.00549129
-0.00540556
-0.0052648
-0.00507226
-0.00483143
-0.00454643
-0.004221
-0.0038591
-0.0034648
-0.00304209
-0.00259595
-0.00213142
-0.00165373
-0.00116801
-0.000678617
-0.000190033
0.00029406
0.000770241
0.00123517
0.00168582
0.00211897
0.00253224
0.00292441
0.00329658
0.00364997
0.00398592
0.00430601
0.00461198
0.00490586
0.0051899
0.00546758
0.00574251
0.00601849
0.00629914
0.0065871
0.00688666
0.00720163
0.00753641
0.00789578
0.0082831
0.00870403
0.00916194
0.00965949
0.0101992
0.0107818
0.0114131
0.0120973
0.0128385
0.0136403
0.0145023
0.0154284
0.016419
0.0174741
0.0185939
0.0197752
0.0210211
0.0223311
0.0237042
0.0251387
0.0266293
0.0281752
0.0297716
0.0314128
0.0330925
0.0348023
0.036538
0.0382937
0.0400629
0.0418384
0.043611
0.0453726
0.0471137
0.0488253
0.0504985
0.0521257
0.0536964
0.0552005
0.0566274
0.0579663
0.0592112
0.0603496
0.061374
0.062277
0.063051
0.0636948
0.064194
0.0645415
0.0647318
0.0647603
0.0646326
0.0643357
0.0638664
0.0632223
0.0624028
0.0614209
0.0602684
0.0589499
0.0574698
0.0558325
0.054055
0.0521303
0.0500658
0.0478712
0.045558
0.0431502
0.0406477
0.0380624
0.0354068
0.0326949
0.0299515
0.0271843
0.0244108
0.0216484
0.0189144
0.01623
0.0136091
0.0110706
0.00863322
0.00631544
0.00413063
0.00209892
0.000235739
-0.00144368
-0.00292416
-0.00420435
-0.00525735
-0.00607138
-0.0066364
-0.00694367
-0.00700861
-0.00680019
-0.00631187
-0.005539
-0.00447947
-0.0031667
-0.00157059
0.00030474
0.00245412
0.00487117
0.00750797
0.0103932
0.0135131
0.0168514
0.0203901
0.0240682
0.0279077
0.0318869
0.035982
0.0401667
0.0443744
0.0486149
0.0528589
0.0570776
0.0612413
0.0652917
0.0692256
0.0730115
0.0766179
0.0800152
0.0831646
0.0860509
0.0886487
0.0909332
0.0928796
0.0944768
0.0956917
0.0965064
0.0969062
0.0968792
0.0964536
0.0955818
0.0942561
0.0924713
0.0902251
0.0875846
0.0844904
0.0809516
0.0769805
0.072592
0.0678909
0.0628088
0.0573677
0.0515928
0.045512
0.0392578
0.0327607
0.0260553
0.0191786
0.0121697
0.00517407
-0.00186999
-0.00891858
-0.0159269
-0.0228492
-0.0295482
-0.036069
-0.0423651
-0.0483899
-0.054097
-0.0593781
-0.0642525
-0.0686785
-0.0726157
-0.0760255
-0.0788501
-0.0810745
-0.0826655
-0.0835926
-0.0838288
-0.0833833
-0.0822064
-0.0802844
-0.0776077
-0.0741702
-0.0700568
-0.0651811
-0.0595489
-0.053171
-0.0460634
-0.0383865
-0.0300267
-0.0210134
-0.0113795
-0.00116181
0.00942096
0.0205015
0.0320299
0.0439518
0.0562092
0.0685446
0.0810914
0.093784
0.106554
0.11933
0.13185
0.144228
0.156391
0.168267
0.179784
0.190718
0.201154
0.211023
0.220256
0.22879
0.236469
0.243331
0.249322
0.254394
0.2585
0.261585
0.26362
0.264572
0.264413
0.263126
0.260778
0.257286
0.252649
0.246873
0.239971
0.232127
0.223203
0.213234
0.202262
0.190334
0.177738
0.164295
0.150066
0.13512
0.119532
0.103663
0.0873157
0.0705773
0.0535365
0.0362856
0.0192036
0.00210272
-0.0149187
-0.0317614
-0.0483264
-0.064268
-0.0797374
-0.0946402
-0.108883
-0.122377
-0.134863
-0.146432
-0.157009
-0.166523
-0.174907
-0.182036
-0.187921
-0.192516
-0.195784
-0.197694
-0.198281
-0.197473
-0.195262
-0.191647
-0.186639
-0.180435
-0.172884
-0.164023
-0.153896
-0.142555
-0.130341
-0.117041
-0.102729
-0.0874891
-0.0714092
-0.0549259
-0.0377916
-0.0201064
-0.00197496
0.016493
0.0348263
0.0532689
0.0717064
0.0900252
0.108113
0.125539
0.142513
0.158925
0.174668
0.189637
0.203509
0.216418
0.228281
0.239018
0.248559
0.256744
0.263609
0.269106
0.273197
0.275851
0.277107
0.276894
0.275208
0.272054
0.267447
0.261624
0.254408
0.24584
0.235971
0.224862
0.21292
0.19988
0.185825
0.170844
0.155035
0.138924
0.122193
0.104951
0.0873129
0.0693953
0.051764
0.0340942
0.0165068
-0.000877518
-0.017939
-0.0341603
-0.0498263
-0.0648249
-0.079047
-0.0923875
-0.104457
-0.115452
-0.125288
-0.133887
-0.141176
-0.146962
-0.151321
-0.154208
-0.155586
-0.15543
-0.153782
-0.150575
-0.145814
-0.13951
-0.131687
-0.122626
-0.112122
-0.100226
-0.0870009
-0.0725158
-0.057261
-0.0409089
-0.0235521
-0.00529095
0.0137671
0.0329837
0.0527701
0.0730088
0.0935792
0.114358
0.134649
0.154897
0.174976
0.19476
0.214126
0.232412
0.25004
0.266896
0.282868
0.297849
0.311308
0.323581
0.33458
0.344226
0.352443
0.358904
0.363813
0.367119
0.368784
0.36878
0.367037
0.363595
0.358452
0.351617
0.343107
0.333128
0.321542
0.308398
0.29375
0.277662
0.260586
0.242215
0.222634
0.201934
0.180217
0.158135
0.135246
0.111662
0.0874937
0.0628589
0.0385265
0.0139687
-0.0106919
-0.0353328
-0.0598323
-0.083399
-0.106588
-0.129283
-0.151371
-0.172741
-0.192671
-0.211677
-0.229664
-0.246544
-0.262231
-0.276162
-0.288749
-0.299926
-0.309635
-0.31783
-0.32417
-0.328921
-0.332055
-0.333553
-0.333401
-0.33152
-0.327992
-0.32283
-0.316055
-0.307694
-0.297933
-0.286658
-0.273917
-0.259764
-0.24426
-0.227837
-0.210202
-0.191431
-0.171604
-0.150805
-0.12965
-0.107702
-0.0850537
-0.0618016
-0.0380444
-0.0145189
0.00931212
0.0333476
0.0574857
0.0816247
0.104991
0.128162
0.151046
0.17355
0.195583
0.216417
0.236604
0.256062
0.274712
0.29248
0.308757
0.324019
0.338205
0.351259
0.363128
0.37338
0.382361
0.390038
0.396382
0.401372
0.404793
0.40683
0.407479
0.406738
0.404616
0.40113
0.396295
0.390134
0.382678
0.373959
0.364213
0.353288
0.341232
0.328101
0.313952
0.299208
0.283566
0.26709
0.249847
0.231904
0.213821
0.195185
0.176072
0.156558
0.136717
0.117177
0.0974627
0.0776505
0.057817
0.0380377
0.018945
5.03276e-05
-0.0185774
-0.0368694
-0.0547574
-0.0716633
-0.0880356
-0.103817
-0.118953
-0.133398
-0.146691
-0.159204
-0.170898
-0.181735
-0.191681
-0.200422
-0.208222
-0.215065
-0.220937
-0.225828
-0.229594
-0.232369
-0.234154
-0.234957
-0.23479
-0.233683
-0.231643
-0.228693
-0.224858
-0.220167
-0.214801
-0.208651
-0.201757
-0.194164
-0.185917
-0.177314
-0.168149
-0.158473
-0.148336
-0.137794
-0.127222
-0.116352
-0.105239
-0.0939347
-0.082468
-0.0712279
-0.0599331
-0.0486535
-0.0374575
-0.0264112
-0.0159159
-0.00568816
0.00421839
0.0137545
0.0228753
0.0312504
0.0391401
0.0465155
0.0533528
0.0596331
0.0651216
0.0700342
0.074366
0.0781166
0.0812896
0.0837495
0.0856568
0.0870284
0.0878843
0.0882472
0.0880677
0.087449
0.0864193
0.085009
0.0832504
0.081158
0.0787868
0.0761718
0.0733474
0.0703472
0.0672196
0.0639792
0.0606565
0.0572805
0.053879
0.0505116
0.0471666
0.043866
0.0406295
0.0374744
0.0344537
0.0315397
0.0287434
0.0260736
0.0235377
0.0211753
0.0189529
0.0168727
0.0149349
0.0131386
0.011509
0.010012
0.00864333
0.00739828
0.00627149
0.00527844
0.00438887
0.00359657
0.00289527
0.00227885
0.00175699
0.0013055
0.000918716
0.00059115
0.000317582
0.000104032
-6.71877e-05
-0.000200114
-0.000298588
-0.00036635
-0.000400568
-0.000413262
-0.000407695
-0.00038698
-0.000354104
-0.000309223
-0.000259313
-0.000207055
-0.000155173
-0.00010643
-6.32322e-05
-2.93185e-05
-7.34557e-06
-0
-0
-0
-0
-0
-0
-0
-0
-0
-0
-0
-0
-0
-0
-0
-0
-0
-0
-0
-0
-0
-0
-0
-0
-0
-0
-0
-0
-0
-0
-0
-0
-0
-0
-0
-0
-0
-0
-0
-0
0
0
0
0
0
0
0
0
0
0
0
0
0
0
0
0
0
0
0
0
0
0
0
0
0
0
0
0
0
0
0
0
0
0
0
0
0
0
0
0
0
0
0
0
0
0
0
0
0
0
0
0
0
-0
-0
-0
-0
-0
-0
-0
-0
-0
-0
-0
-0
-0
-0
-0
-0
-0
-0
-0
-0
-0
-0
-0
-0
-0
-0
-0
-0
-0
-0
-0
-0
-0
-0
-0
-0
-0
-0
0
0
0
0
0
0
0
0
0
0
0
0
0
0
0
0
0
0
0
0
0
0
0
0
0
0
0
0
0
0
0
0
0
0
0
0
0
0
0
0
0
0
0
0
0
0
0
0
0
0
0
0
0
0
0
0
0
0
0
0
0
0
0
0
-0
-0
-0
-0
-0
-0
