0
0
0
0
0
0
0
0
0
0
0
0
0
0
0
0
0
0
0
0
0
0
0
0
0
0
0
0
0
0
0
0
0
0
0
0
-0
-0
-0
-0
-0
-0
-0
-0
-0
-0
-0
-0
-0
-0
-0
-0
-0
-0
-0
-0
-0
-0
-0
-0
-0
-0
-0
-0
-0
-0
-0
-0
-0
-0
-0
-0
-0
-0
-0
-0
-0
-0
-0
-0
-0
-0
0
0
0
0
0
0
0
0
0
0
0
0
0
0
0
0
0
0
0
0
0
0
0
0
0
0
0
0
0
0
0
0
0
0
0
0
0
0
0
0
0
0
0
0
0
-0
-0
-0
-0
-0
-0
-0
-0
-0
-0
-0
-0
-0
-0
-0
-0
-0
-0
-0
-0
-0
-0
-0
-0
-0
-0
-0
-0
-0
-0
-0
-0
-0
-0
-0
-0
-0
-0
-0
-0
-0
-0
-0
-0
-0
-0
0
0
0
0
0
0
0
0
0
0
0
0
0
0
0
0
0
0
0
0
0
0
0
0
0
0
0
0
0
0
0
0
0
0
0
0
0
0
0
0
0
0
0
0
0
-0
-0
-0
-0
-0
-0
-0
-0
-0
-0
-0
-0
-0
-0
-0
-0
-0
-0
-2.73843e-05
-0.000112584
-0.000254302
-0.0004493
-0.000692551
-0.000977393
-0.00129569
-0.00163802
-0.0019939
-0.00235207
-0.00270074
-0.00302794
-0.00332167
-0.00357018
-0.00376211
-0.0038868
-0.00393449
-0.00389661
-0.00376597
-0.00353692
-0.0032055
-0.00276961
-0.00222914
-0.0015862
-0.000845052
-1.19406e-05
0.000905166
0.00189682
0.00295213
0.00405859
0.00520187
0.00636578
0.00753257
0.00868341
0.00979908
0.0108602
0.0118475
0.0127412
0.0135218
0.0141695
0.0146657
0.0149929
0.0151357
0.0150806
0.0148158
0.0143309
0.0136176
0.0126697
0.0114843
0.0100612
0.00840361
0.00651678
0.00440808
0.0020867
-0.000436086
-0.00314647
-0.00602806
-0.00906203
-0.0122276
-0.0155022
-0.0188617
-0.0222798
-0.0257282
-0.0291772
-0.0325965
-0.035956
-0.0392271
-0.042382
-0.0453934
-0.0482334
-0.050874
-0.0532872
-0.055447
-0.0573304
-0.058918
-0.0601937
-0.0611439
-0.0617568
-0.0620216
-0.0619296
-0.0614748
-0.0606548
-0.059471
-0.0579281
-0.0560336
-0.0537964
-0.0512269
-0.0483371
-0.0451416
-0.041659
-0.0379249
-0.0339703
-0.0298162
-0.0254838
-0.0209931
-0.0163629
-0.0116112
-0.00675659
-0.0018192
0.00317903
0.00821518
0.0132666
0.0183118
0.0233303
0.0283016
0.0332041
0.0380144
0.0427082
0.0472623
0.0516564
0.0558732
0.0598983
0.0637174
0.0673148
0.0706724
0.0737705
0.0765898
0.079113
0.081326
0.0832175
0.0847782
0.0859998
0.0868747
0.0873971
0.0875628
0.0873695
0.0868164
0.0859026
0.0846267
0.0829871
0.0809821
0.0786119
0.0758783
0.0727857
0.0693404
0.0655504
0.0614247
0.0569735
0.0522082
0.0471409
0.0417845
0.0361526
0.0302596
0.0241214
0.0177562
0.0111845
0.00442916
-0.00248566
-0.00953506
-0.0166939
-0.0239369
-0.031238
-0.0385706
-0.0459073
-0.0532203
-0.060482
-0.0676645
-0.0747402
-0.0816809
-0.0884581
-0.0950435
-0.101409
-0.107529
-0.113376
-0.118924
-0.124147
-0.129017
-0.133507
-0.13759
-0.141242
-0.144438
-0.147158
-0.149382
-0.15109
-0.152265
-0.152891
-0.152952
-0.152438
-0.15134
-0.149652
-0.147369
-0.14449
-0.141019
-0.13696
-0.132323
-0.127119
-0.121361
-0.115065
-0.108246
-0.100923
-0.0931165
-0.0848508
-0.0761536
-0.0670552
-0.0575887
-0.0477894
-0.0376946
-0.0273439
-0.0167784
-0.00604107
0.00482442
0.0157734
0.0267604
0.0377392
0.0486629
0.0594843
0.0701565
0.0806332
0.0908694
0.100821
0.110444
0.119695
0.128532
0.136912
0.144794
0.152138
0.158906
0.165061
0.170568
0.175395
0.179512
0.182892
0.185513
0.187356
0.188405
0.188648
0.188077
0.186688
0.18448
0.181457
0.177627
0.173001
0.167597
0.161433
0.154534
0.14693
0.138652
0.129735
0.120217
0.110136
0.0995359
0.0884599
0.0769559
0.0650739
0.0528657
0.0403847
0.0276852
0.0148222
0.00185136
-0.0111716
-0.0241912
-0.0371526
-0.0500018
-0.0626861
-0.0751537
-0.0873537
-0.099236
-0.110752
-0.121855
-0.132501
-0.142648
-0.152259
-0.161297
-0.169729
-0.177524
-0.184655
-0.191097
-0.196829
-0.201832
-0.206089
-0.209588
-0.212317
-0.214269
-0.215441
-0.215834
-0.215452
-0.214301
-0.21239
-0.209732
-0.206338
-0.202225
-0.197409
-0.191913
-0.18576
-0.178974
-0.171584
-0.163619
-0.155111
-0.146094
-0.136603
-0.126674
-0.116344
-0.105651
-0.0946302
-0.0833204
-0.0717597
-0.0599878
-0.0480449
-0.0359721
-0.0238105
-0.0116009
0.000615286
0.012797
0.0249032
0.0368934
0.0487285
0.0603708
0.0717838
0.0829322
0.0937809
0.104295
0.11444
0.124181
0.133487
0.142324
0.150664
0.158478
0.165739
0.172423
0.178506
0.183969
0.188792
0.192959
0.196455
0.199266
0.20138
0.202786
0.203475
0.20344
0.202674
0.201177
0.198947
0.195989
0.192309
0.187916
0.182825
0.17705
0.170608
0.16352
0.155804
0.147483
0.138579
0.129118
0.119127
0.108639
0.0976869
0.0863071
0.0745394
0.0624255
0.0500094
0.0373366
0.0244541
0.01141
-0.00174638
-0.0149651
-0.0281957
-0.0413878
-0.0544918
-0.0674587
-0.0802405
-0.092789
-0.105056
-0.116991
-0.128546
-0.139671
-0.150318
-0.16044
-0.169993
-0.178932
-0.187218
-0.194811
-0.201676
-0.207779
-0.213093
-0.217593
-0.22126
-0.224077
-0.226034
-0.227122
-0.227341
-0.226692
-0.225181
-0.222819
-0.219619
-0.215599
-0.21078
-0.205186
-0.198846
-0.191794
-0.184065
-0.175699
-0.166735
-0.157217
-0.147188
-0.136697
-0.125791
-0.114524
-0.102947
-0.0911173
-0.0790887
-0.0669173
-0.0546585
-0.0423677
-0.0300998
-0.0179095
-0.00585075
0.00602287
0.0176589
0.0290062
0.040016
0.0506418
0.0608405
0.0705715
0.0797973
0.088483
0.0965966
0.104109
0.110995
0.117234
0.122806
0.127698
0.1319
0.135405
0.138207
0.140308
0.141709
0.142417
0.142442
0.141796
0.140497
0.138562
0.136016
0.132884
0.129194
0.124976
0.120263
0.115088
0.109488
0.103501
0.0971658
0.0905231
0.0836142
0.0764805
0.0691637
0.0617053
0.054147
0.0465302
0.0388953
0.0312817
0.0237272
0.0162685
0.00894112
0.00177931
-0.00518412
-0.0119182
-0.018394
-0.0245851
-0.0304673
-0.0360184
-0.0412186
-0.0460506
-0.0504995
-0.0545534
-0.0582033
-0.0614424
-0.0642662
-0.066672
-0.0686598
-0.0702316
-0.0713925
-0.07215
-0.0725138
-0.0724956
-0.0721089
-0.0713691
-0.0702933
-0.0689004
-0.0672111
-0.0652466
-0.0630293
-0.0605817
-0.0579273
-0.0550906
-0.0520968
-0.0489718
-0.0457414
-0.042431
-0.0390653
-0.0356685
-0.0322648
-0.0288781
-0.0255318
-0.0222482
-0.0190482
-0.0159511
-0.0129752
-0.0101377
-0.00745504
-0.0049421
-0.002612
-0.000475657
0.0014581
0.00318206
0.00469023
0.0059778
0.00704147
0.00787995
0.00849414
0.00888687
0.00906227
0.00902528
0.00878164
0.00833834
0.00770424
0.00689026
0.00590894
0.00477356
0.0034974
0.00209351
0.000575316
-0.00104262
-0.00274418
-0.00451199
-0.0063284
-0.00817649
-0.0100404
-0.011905
-0.0137547
-0.0155733
-0.0173438
-0.0190494
-0.0206746
-0.0222061
-0.0236321
-0.0249419
-0.0261246
-0.0271693
-0.0280653
-0.0288035
-0.0293769
-0.0297809
-0.0300126
-0.0300699
-0.0299508
-0.0296541
-0.0291795
-0.0285282
-0.0277035
-0.02671
-0.0255535
-0.0242403
-0.0227774
-0.0211727
-0.0194352
-0.017575
-0.0156028
-0.01353
-0.0113687
-0.00913133
-0.00683132
-0.00448275
-0.00210004
0.000302605
0.00271144
0.00511312
0.00749428
0.00984115
0.0121395
0.0143749
0.0165336
0.0186024
0.0205695
0.0224236
0.0241542
0.0257511
0.0272051
0.0285076
0.0296514
0.0306301
0.0314377
0.0320688
0.0325183
0.0327824
0.0328591
0.0327481
0.0324506
0.0319685
0.0313039
0.0304587
0.0294355
0.0282382
0.0268723
0.0253468
0.0236824
0.0218885
0.0199702
0.0179321
0.0157786
0.0135144
0.0111447
0.00867529
0.00611242
0.00346236
0.000731733
-0.00207242
-0.00494238
-0.00786979
-0.0108458
-0.013861
-0.016906
-0.0199706
-0.0230439
-0.0261144
-0.0291699
-0.0321975
-0.0351847
-0.0381185
-0.0409859
-0.0437734
-0.0464669
-0.0490518
-0.0515131
-0.053836
-0.056006
-0.0580085
-0.0598293
-0.0614541
-0.0628692
-0.0640611
-0.0650172
-0.0657258
-0.0661764
-0.0663596
-0.0662673
-0.0658936
-0.0652341
-0.0642864
-0.0630494
-0.0615232
-0.0597089
-0.0576087
-0.0552264
-0.0525679
-0.0496407
-0.0464544
-0.0430177
-0.0393333
-0.0354174
-0.0312899
-0.0269729
-0.0224899
-0.0178659
-0.0131267
-0.00829857
-0.00340844
0.00151652
0.00644877
0.0113607
0.016225
0.0210147
0.0257034
0.0302651
0.0346746
0.0389079
0.0429424
0.0467575
0.0503346
0.0536561
0.0567059
0.0594687
0.0619303
0.0640791
0.0659065
0.0674073
0.0685787
0.0694197
0.0699308
0.070114
0.0699738
0.0695166
0.0687526
0.0676936
0.066355
0.0647686
0.0629481
0.0609072
0.0586597
0.0562214
0.0536092
0.050838
0.0479255
0.0448866
0.0417356
0.0384875
0.035156
0.0317611
0.0283204
0.0248504
0.0213659
0.0178772
0.0144003
0.0109475
0.00753109
0.00416283
0.000849985
-0.00239451
-0.00556217
-0.00864498
-0.0116351
-0.0145279
-0.0173134
-0.0199859
-0.0225411
-0.024976
-0.0272903
-0.0294798
-0.0315421
-0.0334755
-0.0352787
-0.0369519
-0.038495
-0.0399083
-0.0411923
-0.0423471
-0.0433711
-0.0442665
-0.0450347
-0.0456779
-0.046199
-0.0465963
-0.0468766
-0.0470417
-0.0470933
-0.047033
-0.0468558
-0.0465667
-0.0461504
-0.0456089
-0.0449459
-0.0441548
-0.0432492
-0.0422328
-0.04111
-0.0398861
-0.0385551
-0.0371357
-0.0356349
-0.0340595
-0.032416
-0.0306982
-0.0289255
-0.0271048
-0.0252432
-0.0233477
-0.0214134
-0.0194587
-0.0174899
-0.0155134
-0.0135354
-0.0115542
-0.00958393
-0.00763023
-0.00569826
-0.00379279
-0.00191635
-7.56944e-05
0.00172474
0.00348103
0.00518998
0.00684288
0.00844381
0.00999057
0.0114806
0.0129111
0.0142632
0.0155513
0.0167743
0.0179322
0.0190251
0.0200266
0.0209631
0.021834
0.0226387
0.0233771
0.0240134
0.0245837
0.0250882
0.0255271
0.0259007
0.0261678
0.0263707
0.0265097
0.0265847
0.0265946
0.0264948
0.0263263
0.0260874
0.025777
0.0253941
0.0248997
0.0243302
0.0236832
0.0229557
0.0221449
0.0212225
0.0202118
0.019111
0.0179183
0.0166312
0.0152408
0.0137498
0.0121544
0.0104506
0.00863477
0.00672292
0.00469426
0.00254783
0.000283261
-0.00209957
-0.00455419
-0.00712769
-0.00982014
-0.0126305
-0.0155563
-0.0185192
-0.0215876
-0.0247551
-0.0280152
-0.0313606
-0.0346875
-0.0380832
-0.0415371
-0.045037
-0.0485694
-0.0520106
-0.0554555
-0.0588888
-0.0622943
-0.0656542
-0.0688405
-0.0719423
-0.0749393
-0.0778101
-0.0805328
-0.0829918
-0.0852577
-0.0873082
-0.0891216
-0.0906772
-0.091894
-0.0928135
-0.0934155
-0.0936795
-0.0935849
-0.0930975
-0.0922158
-0.0909262
-0.0892175
-0.0870802
-0.0845466
-0.0815683
-0.0781398
-0.0742575
-0.0699216
-0.0652347
-0.0601028
-0.054534
-0.048539
-0.0421311
-0.0354805
-0.0284523
-0.0210684
-0.0133532
-0.00533342
0.00276705
0.0111117
0.019666
0.0283919
0.0372484
0.045978
0.0547523
0.0635275
0.0722586
0.0808992
0.0891924
0.0972985
0.105169
0.112753
0.120004
0.126699
0.132964
0.138755
0.144024
0.148727
0.152709
0.156043
0.158694
0.160627
0.16181
0.162184
0.161754
0.1605
0.158404
0.155454
0.151706
0.147092
0.141612
0.135272
0.128082
0.120215
0.111534
0.102063
0.0918326
0.0808752
0.0694679
0.057415
0.0447641
0.0315671
0.0178798
0.00405651
-0.0101375
-0.0246386
-0.0393797
-0.0542911
-0.0689805
-0.0836946
-0.0983591
-0.112899
-0.127239
-0.140998
-0.154406
-0.167389
-0.179875
-0.19179
-0.202815
-0.213135
-0.222688
-0.231415
-0.239259
-0.246001
-0.251762
-0.256498
-0.260175
-0.262758
-0.264163
-0.264425
-0.263528
-0.261461
-0.258218
-0.253865
-0.248347
-0.241677
-0.233875
-0.224966
-0.215159
-0.204313
-0.192469
-0.179678
-0.165991
-0.151741
-0.136714
-0.120975
-0.104596
-0.0876475
-0.0705474
-0.0530339
-0.035187
-0.0170889
0.00117653
0.0191577
0.0371365
0.0550284
0.0727496
0.0902177
0.107
0.123371
0.139253
0.154574
0.169261
0.182952
0.195878
0.207982
0.219209
0.229505
0.238615
0.246706
0.253741
0.25969
0.26453
0.268142
0.270611
0.271929
0.27209
0.271095
0.268973
0.265717
0.261349
0.255893
0.249378
0.241971
0.233573
0.224223
0.213968
0.202855
0.191171
0.178737
0.165614
0.15186
0.13754
0.123021
0.10807
0.0927542
0.0771421
0.0613013
0.0456345
0.0298738
0.0140877
-0.00165462
-0.0172847
-0.0324019
-0.0472777
-0.0618521
-0.076067
-0.089865
-0.102892
-0.115395
-0.127324
-0.138634
-0.149285
-0.159007
-0.167998
-0.176227
-0.183664
-0.190283
-0.195914
-0.200688
-0.204591
-0.207614
-0.209751
-0.210953
-0.211269
-0.210706
-0.209273
-0.206983
-0.203899
-0.199992
-0.195282
-0.189792
-0.18355
-0.176722
-0.169202
-0.161025
-0.152227
-0.142848
-0.133137
-0.122927
-0.112261
-0.101183
-0.0897376
-0.0782242
-0.0664338
-0.0544137
-0.0422119
-0.0298772
-0.0177315
-0.0055484
0.00662538
0.0187434
0.0307597
0.0423649
0.05378
0.0649635
0.0758753
0.0864765
0.0965003
0.106138
0.115354
0.124114
0.132389
0.13998
0.147034
0.153528
0.159441
0.164754
0.169349
0.173314
0.176639
0.179318
0.181345
0.182695
0.183389
0.183428
0.182817
0.181564
0.179733
0.177286
0.174238
0.170608
0.166414
0.161792
0.156653
0.151021
0.144928
0.138402
0.131639
0.124508
0.117043
0.109282
0.101261
0.093212
0.0849796
0.0766009
0.068113
0.0595536
0.0511586
0.0427703
0.0344276
0.0261683
0.0180283
0.0102229
0.00260343
-0.00479882
-0.0119539
-0.0188338
-0.0252652
-0.0313732
-0.0371374
-0.0425388
-0.0475597
-0.0520823
-0.0561945
-0.0598852
-0.0631464
-0.0659724
-0.0683099
-0.0702065
-0.0716618
-0.0726769
-0.0732552
-0.0734039
-0.0731294
-0.0724414
-0.0713516
-0.069873
-0.0680671
-0.0659048
-0.0634047
-0.0605871
-0.0574734
-0.0541653
-0.050604
-0.0468116
-0.0428103
-0.0386233
-0.034375
-0.0299883
-0.0254873
-0.0208967
-0.0162413
-0.0116531
-0.00704777
-0.0024472
0.00212813
0.00665858
0.0110235
0.0153057
0.0194872
0.0235514
0.0274836
0.031186
0.0347346
0.0381211
0.0413378
0.0443776
0.04717
0.049775
0.0521895
0.0544121
0.0564421
0.0582381
0.0598404
0.0612494
0.0624671
0.0634976
0.0643282
0.0649833
0.065469
0.0657909
0.0659548
0.0659676
0.0658371
0.0655726
0.0651841
0.0646818
0.0640886
0.0634
0.0626249
0.0617725
0.0608521
0.0598942
0.0588849
0.057831
0.0567391
0.0556163
0.0544958
0.0533605
0.0522182
0.0510753
0.049936
0.048829
0.0477292
0.0466373
0.0455539
0.0444796
0.0434402
0.0424106
0.0413918
0.0403853
0.0393937
0.0384444
0.0375151
0.0366063
0.0357163
0.0348415
0.0340013
0.0331683
0.0323402
0.0315163
0.0306968
0.0299056
0.0291187
0.028335
0.0275526
0.0267695
0.026008
0.0252439
0.0244776
0.0237108
0.0229391
0.0221798
0.0214124
0.0206388
0.0198614
0.0190835
0.0183297
0.0175857
0.016857
0.0161481
0.0154616
0.0148132
0.01419
0.0135948
0.0130315
0.0125049
0.0120253
0.011588
0.0111929
0.0108394
0.0105275
0.0102568
0.0100323
0.00985642
0.0097298
0.0096502
0.00960355
0.00959514
0.00962113
0.00967921
0.00976799
0.00987063
0.00999961
0.01015
0.0103159
0.0104914
0.0106548
0.0108195
0.0109817
0.0111371
0.0112815
0.0113959
0.0114925
0.0115686
0.0116222
0.0116511
0.0116426
0.0116043
0.0115335
0.0114283
0.0112881
0.0111095
0.010898
0.010655
0.0103812
0.0100776
0.00974683
0.00938977
0.00900952
0.00860951
0.00819307
0.0077676
0.00733094
0.00688597
0.00643592
0.00598437
0.00554018
0.00510076
0.00466909
0.00424766
0.00383865
0.00344824
0.00307349
0.00271646
0.002379
0.00206257
0.00177048
0.00150052
0.00125314
0.00102862
0.000827051
0.000649059
0.000493426
0.000359864
0.000248004
0.000157432
8.77722e-05
3.85239e-05
9.35309e-06
0
0
0
0
0
0
0
0
0
0
0
0
0
0
0
0
0
0
0
0
0
0
0
0
0
0
0
0
0
0
0
0
0
0
0
0
0
0
0
0
0
0
0
0
0
0
0
0
0
0
0
0
0
0
0
0
0
0
0
0
0
0
0
0
0
0
0
0
0
0
0
0
-0
-0
-0
-0
-0
-0
-0
-0
-0
-0
-0
-0
-0
-0
-0
-0
-0
-0
-0
-0
-0
-0
-0
-0
-0
-0
-0
-0
-0
-0
-0
0
0
0
0
0
0
0
0
0
0
0
0
0
0
0
0
0
0
0
0
0
0
0
0
0
0
0
0
0
0
0
0
0
0
0
0
0
0
0
0
0
0
0
0
0
0
0
0
0
0
0
0
0
0
0
0
0
0
0
0
0
0
0
0
0
-0
-0
-0
-0
0
0
0
0
0
0
0
0
0
0
0
0
0
0
0
0
0
0
0
0
0
0
0
0
0
0
0
0
0
0
0
0
0
0
0
0
0
0
0
0
0
0
0
0
0
0
0
0
0
0
0
0
0
0
0
0
0
0
0
0
0
0
0
0
