0
0
0
0
0
0
0
0
0
0
0
0
0
0
0
0
0
0
0
0
0
0
0
0
0
0
0
0
0
0
0
0
0
0
0
0
0
0
0
0
0
0
0
0
0
0
0
0
0
0
0
0
0
0
0
0
0
0
0
0
0
0
0
0
0
0
0
0
0
0
0
0
0
0
0
0
0
0
0
0
0
0
0
0
0
0
0
0
0
0
0
0
0
0
0
0
0
0
0
0
0
0
0
0
0
0
0
0
0
0
0
0
0
0
0
0
0
0
0
0
0
0
0
0
0
0
0
0
0
0
0
0
0
0
0
0
0
0
0
0
0
0
0
0
0
0
0
0
0
0
0
0
0
0
0
0
0
0
0
0
0
0
0
0
0
0
0
0
0
0
0
0
0
0
0
0
0
0
0
0
0
0
0
0
0
0
0
0
0
0
0
0
0
0
0
0
0
0
0
0
0
0
0
0
0
0
0
0
0
0
0
0
0
0
0
0
0
0
0
0
0
0
0
0
0
0
0
0
0
0
0
0
0
0
0
0
0
0
0
0
0
0
0
0
0
0
0
0
0
0
0
0
0
0
0
0
0
0
0
0
0
0
0
0
0
0
0
0
0
0
0
0
0
0
0
0
0
0
0
0
0
0
0
0
0
0
0
0
0
0
0
0
0
0
0
0
0
0
0
0
0
0
0
0
0
0
0
0
0
0
0
0
0
0
0
0
0
0
0
0
0
0
2.49201e-08
8.98983e-07
2.77149e-06
5.24189e-06
7.84533e-06
1.00643e-05
1.13429e-05
1.11025e-05
8.75899e-06
3.74047e-06
-4.49469e-06
-1.6439e-05
-3.25175e-05
-5.30717e-05
-7.83466e-05
-0.00010848
-0.000143494
-0.00018328
-0.000227587
-0.00027601
-0.000327983
-0.000382783
-0.000439535
-0.000497219
-0.000554675
-0.000610597
-0.000663536
-0.000711906
-0.000754007
-0.000788056
-0.000812221
-0.000824653
-0.000823509
-0.000806971
-0.00077326
-0.000720661
-0.000647538
-0.000552358
-0.000433723
-0.000290393
-0.000121331
7.42533e-05
0.000296869
0.000546718
0.000823704
0.00112745
0.00145731
0.00181242
0.00219163
0.0025935
0.00301626
0.00345777
0.00391558
0.00438691
0.00486874
0.00535784
0.00585081
0.00634406
0.00683383
0.00731622
0.00778724
0.00824289
0.0086792
0.00909231
0.0094785
0.00983421
0.010156
0.0104408
0.0106855
0.0108873
0.0110436
0.0111521
0.0112107
0.0112176
0.0111714
0.0110712
0.0109167
0.0107082
0.0104462
0.010132
0.00976696
0.00935282
0.00889164
0.00838588
0.00783845
0.00725271
0.00663241
0.00598158
0.0053044
0.00460511
0.00388807
0.00315885
0.00242112
0.00167782
0.000931924
0.000186453
-0.000555495
-0.00129075
-0.00201611
-0.00272837
-0.00342446
-0.00410144
-0.00475657
-0.00538724
-0.00599098
-0.0065654
-0.00710823
-0.00761744
-0.00809126
-0.00852822
-0.00892711
-0.00928688
-0.00960651
-0.00988505
-0.0101216
-0.0103154
-0.0104659
-0.0105728
-0.010636
-0.0106554
-0.0106313
-0.010564
-0.0104541
-0.0103023
-0.0101094
-0.00987624
-0.00960347
-0.00929195
-0.00894261
-0.00855662
-0.00813546
-0.00768079
-0.0071943
-0.00667753
-0.00613187
-0.00555854
-0.00495878
-0.00433396
-0.00368565
-0.00301554
-0.00232541
-0.00161699
-0.000891973
-0.000152003
0.000601255
0.00136613
0.00214097
0.00292415
0.00371411
0.00450923
0.00530787
0.00610826
0.00690857
0.007707
0.00850179
0.00929127
0.0100737
0.0108473
0.01161
0.0123594
0.0130932
0.0138091
0.0145049
0.0151787
0.0158285
0.0164525
0.0170485
0.0176143
0.0181476
0.0186457
0.0191062
0.0195267
0.0199046
0.0202376
0.0205236
0.0207603
0.0209456
0.0210774
0.0211535
0.021172
0.0211309
0.0210286
0.0208638
0.0206355
0.0203429
0.0199852
0.0195615
0.0190713
0.0185139
0.017889
0.0171967
0.0164374
0.015612
0.0147217
0.0137681
0.0127528
0.0116778
0.0105453
0.00935783
0.00811812
0.00682948
0.00549565
0.00412084
0.00270963
0.00126682
-0.000202697
-0.00169397
-0.00320194
-0.00472135
-0.00624661
-0.0077718
-0.00929067
-0.0107968
-0.0122839
-0.0137454
-0.0151751
-0.0165668
-0.0179141
-0.0192109
-0.0204506
-0.021627
-0.0227338
-0.0237645
-0.0247133
-0.0255744
-0.0263425
-0.0270126
-0.0275801
-0.0280408
-0.0283907
-0.0286261
-0.0287434
-0.0287399
-0.0286135
-0.0283628
-0.0279869
-0.0274857
-0.0268595
-0.0261089
-0.0252352
-0.0242401
-0.0231261
-0.0218962
-0.0205541
-0.0191042
-0.0175513
-0.0159012
-0.0141601
-0.0123344
-0.0104311
-0.00845687
-0.00641907
-0.00432528
-0.00218381
-3.63946e-06
0.0022057
0.0044345
0.00667323
0.00891273
0.0111441
0.0133586
0.0155469
0.0176995
0.0198065
0.0218581
0.0238447
0.0257574
0.0275879
0.0293284
0.030971
0.0325082
0.0339324
0.0352364
0.0364134
0.0374573
0.0383629
0.0391254
0.0397406
0.040205
0.0405155
0.0406698
0.0406661
0.0405033
0.040181
0.0396993
0.0390591
0.0382619
0.0373101
0.0362069
0.0349564
0.0335631
0.0320327
0.0303707
0.0285836
0.0266778
0.0246606
0.0225396
0.0203236
0.0180218
0.0156442
0.0132009
0.0107023
0.00815837
0.0055795
0.00297614
0.000359365
-0.00225917
-0.00486734
-0.00745301
-0.0100044
-0.0125102
-0.01496
-0.0173432
-0.0196497
-0.0218688
-0.02399
-0.0260028
-0.0278973
-0.0296646
-0.0312965
-0.0327858
-0.0341257
-0.0353102
-0.0363333
-0.0371897
-0.0378746
-0.0383839
-0.0387145
-0.0388644
-0.0388324
-0.0386184
-0.038223
-0.0376478
-0.0368949
-0.0359671
-0.0348679
-0.0336017
-0.0321737
-0.0305901
-0.0288581
-0.0269854
-0.0249806
-0.0228526
-0.0206108
-0.018265
-0.0158256
-0.0133032
-0.0107093
-0.00805553
-0.0053541
-0.00261756
0.000141325
0.00290971
0.00567481
0.00842403
0.011145
0.0138255
0.0164536
0.0190173
0.0215047
0.0239043
0.0262048
0.0283953
0.0304658
0.0324069
0.0342099
0.035867
0.0373712
0.0387161
0.0398959
0.0409055
0.0417402
0.0423962
0.0428704
0.0431605
0.0432656
0.0431857
0.0429219
0.0424765
0.0418525
0.041054
0.0400858
0.0389536
0.0376638
0.0362237
0.0346414
0.0329252
0.0310845
0.0291288
0.0270686
0.0249143
0.0226773
0.0203689
0.0180007
0.0155846
0.0131326
0.0106568
0.00816934
0.00568236
0.0032078
0.000757408
-0.00165735
-0.00402527
-0.0063355
-0.00857751
-0.0107413
-0.0128172
-0.0147964
-0.0166705
-0.0184317
-0.0200729
-0.0215876
-0.02297
-0.0242154
-0.0253197
-0.0262795
-0.0270923
-0.0277563
-0.0282704
-0.0286341
-0.0288481
-0.0289135
-0.0288326
-0.0286081
-0.0282435
-0.0277431
-0.0271113
-0.0263533
-0.0254749
-0.0244825
-0.0233829
-0.0221834
-0.0208918
-0.0195161
-0.0180646
-0.016546
-0.0149689
-0.0133424
-0.0116753
-0.00997658
-0.00825525
-0.00652024
-0.00478046
-0.00304468
-0.00132153
0.00038069
0.00205403
0.00369093
0.00528421
0.00682703
0.00831297
0.00973598
0.0110905
0.0123715
0.0135745
0.0146954
0.0157308
0.0166778
0.0175338
0.0182969
0.0189658
0.0195396
0.020018
0.0204012
0.0206899
0.020885
0.0209881
0.0210014
0.0209274
0.020769
0.0205294
0.0202123
0.0198215
0.019361
0.018835
0.0182484
0.0176058
0.0169123
0.0161732
0.0153934
0.014578
0.0137323
0.0128614
0.0119704
0.0110643
0.0101484
0.00922737
0.00830597
0.00738872
0.00647226
0.00555435
0.00464665
0.00376034
0.00290585
0.00209269
0.00132941
0.000623496
-1.86648e-05
-0.000591859
-0.00109208
-0.00151655
-0.00186365
-0.00213294
-0.00232502
-0.00244153
-0.00248513
-0.00245944
-0.00236899
-0.0022191
-0.00201577
-0.00176551
-0.00147528
-0.00115236
-0.00080422
-0.000438486
-6.27562e-05
0.000315489
0.000688978
0.00105072
0.00139403
0.00171264
0.00200071
0.00225295
0.0024647
0.00263195
0.00275139
0.00282042
0.00283711
0.00280025
0.00270931
0.0025644
0.00236619
0.00211592
0.00181534
0.00146672
0.0010728
0.000636805
0.000162259
-0.00034711
-0.000887498
-0.00145507
-0.00204595
-0.00265614
-0.00328157
-0.00391811
-0.00456173
-0.00520864
-0.00585535
-0.00649866
-0.00713556
-0.00776322
-0.00837896
-0.00898031
-0.00956515
-0.0101318
-0.0106788
-0.0112053
-0.0117104
-0.0121937
-0.0126547
-0.0130933
-0.0135094
-0.0139036
-0.0142763
-0.0146282
-0.0149602
-0.0152731
-0.0155674
-0.0158436
-0.0161022
-0.0163432
-0.0165667
-0.0167726
-0.0169607
-0.017131
-0.017283
-0.0174163
-0.0175317
-0.0176297
-0.0177163
-0.0177968
-0.0178698
-0.0179336
-0.0179815
-0.0180163
-0.0180358
-0.018038
-0.0180204
-0.0179768
-0.0179081
-0.0178113
-0.0176835
-0.0175222
-0.0173236
-0.0170861
-0.0168069
-0.0164828
-0.0161104
-0.0156883
-0.0152116
-0.014678
-0.0140854
-0.0134318
-0.0127216
-0.011947
-0.0111065
-0.0101989
-0.00922397
-0.00819245
-0.00709472
-0.00593199
-0.00470583
-0.00341821
-0.00208647
-0.000699231
0.000739569
0.0022254
0.0037533
0.0052999
0.00687728
0.00847903
0.010098
0.0117263
0.013336
0.0149372
0.0165203
0.0180751
0.0195907
0.0210381
0.0224236
0.0237358
0.0249631
0.0260939
0.0271034
0.027993
0.0287509
0.0293653
0.0298251
0.0301147
0.0302297
0.0301612
0.0299005
0.0294396
0.028777
0.0278997
0.0268024
0.025481
0.0239328
0.0221756
0.0201899
0.0179767
0.0155384
0.0128789
0.0100369
0.00698675
0.00373709
0.000298148
-0.00331836
-0.00705417
-0.0109395
-0.0149582
-0.0190923
-0.023323
-0.0275769
-0.0318857
-0.0362272
-0.0405783
-0.0449186
-0.0491721
-0.0533702
-0.0574888
-0.0615031
-0.0653877
-0.0690679
-0.072568
-0.0758633
-0.0789295
-0.0817428
-0.0842432
-0.0864436
-0.0883213
-0.0898551
-0.0910251
-0.0917979
-0.0921725
-0.092134
-0.0916687
-0.0907643
-0.0894216
-0.0876224
-0.0853617
-0.0826372
-0.0794487
-0.0758373
-0.0717672
-0.0672447
-0.0622787
-0.0568811
-0.0511341
-0.0449874
-0.0384606
-0.0315755
-0.0243566
-0.016921
-0.0092081
-0.00124949
0.00692153
0.0152704
0.0236568
0.0321481
0.0407053
0.0492873
0.0578517
0.0662488
0.0745424
0.0826899
0.090649
0.0983771
0.105736
0.112778
0.119463
0.125749
0.131598
0.136901
0.141695
0.145947
0.149626
0.152701
0.155113
0.156873
0.15796
0.158357
0.158051
0.157039
0.155304
0.152844
0.149658
0.145749
0.141183
0.135913
0.129954
0.123324
0.116045
0.108242
0.0998456
0.0908873
0.0814035
0.0714331
0.0611542
0.0504753
0.0394431
0.0281066
0.0165168
0.00488298
-0.00689793
-0.0187707
-0.0306786
-0.042564
-0.0542084
-0.0657148
-0.0770259
-0.088085
-0.0988361
-0.10908
-0.118908
-0.12827
-0.137117
-0.145402
-0.152971
-0.159891
-0.166124
-0.171632
-0.176385
-0.180289
-0.183385
-0.185651
-0.187071
-0.187632
-0.187318
-0.186131
-0.184068
-0.181136
-0.177343
-0.172758
-0.167343
-0.161119
-0.15411
-0.146346
-0.137971
-0.128912
-0.119208
-0.108903
-0.098044
-0.0868364
-0.0751744
-0.0631109
-0.0507002
-0.0379981
-0.0252464
-0.0123168
0.000732645
0.0138427
0.0269532
0.0398108
0.0525496
0.0651118
0.0774409
0.0894824
0.101004
0.112134
0.122825
0.133029
0.142701
0.151653
0.159991
0.167677
0.174679
0.180967
0.186422
0.191117
0.195036
0.198164
0.200489
0.201967
0.202627
0.20247
0.201499
0.199722
0.197179
0.193857
0.189773
0.184949
0.179407
0.173265
0.16646
0.159024
0.150992
0.142403
0.133439
0.124002
0.114134
0.10388
0.0932851
0.0825707
0.0716061
0.0604394
0.0491207
0.0377017
0.0264273
0.015153
0.00392638
-0.0072068
-0.0182014
-0.0288229
-0.039216
-0.049336
-0.0591391
-0.0685836
-0.0774649
-0.0859133
-0.0938964
-0.101384
-0.108349
-0.114639
-0.120355
-0.125475
-0.129978
-0.133848
-0.137002
-0.139501
-0.141339
-0.142514
-0.143024
-0.142858
-0.142029
-0.140545
-0.138414
-0.13565
-0.132313
-0.128376
-0.123859
-0.118783
-0.113173
-0.107154
-0.100654
-0.0937027
-0.0863321
-0.078574
-0.0706013
-0.062309
-0.0537332
-0.0449118
-0.0358833
-0.0268505
-0.0176867
-0.00842873
0.000886847
0.0102228
0.0193702
0.0284612
0.0374574
0.0463217
0.055019
0.0633569
0.0714643
0.0793111
0.0868675
0.0941039
0.100859
0.107239
0.11322
0.11878
0.123901
0.128475
0.132579
0.136201
0.139331
0.141959
0.144032
0.145592
0.146636
0.147166
0.147187
0.146706
0.14573
0.144268
0.142329
0.139927
0.137125
0.133891
0.130244
0.126206
0.121799
0.117132
0.112142
0.106856
0.101297
0.0954933
0.0895836
0.0834847
0.0772253
0.0708346
0.064342
0.0579006
0.0514153
0.0449136
0.0384223
0.031967
0.0256953
0.0195094
0.0134341
0.00749353
0.001711
-0.00378311
-0.00907851
-0.0141578
-0.0190048
-0.0236041
-0.0278553
-0.0318307
-0.0355183
-0.0389082
-0.0419925
-0.0447085
-0.0471083
-0.0491889
-0.050949
-0.0523891
-0.0534863
-0.0542691
-0.0547419
-0.0549096
-0.054778
-0.0543596
-0.0536586
-0.0526863
-0.0514556
-0.0499799
-0.0483032
-0.0464066
-0.0443019
-0.0420017
-0.0395199
-0.0369223
-0.0341746
-0.0312934
-0.0282948
-0.0251944
-0.0220696
-0.018873
-0.0156195
-0.0123239
-0.00900058
-0.00573018
-0.00245891
0.000800625
0.00403616
0.00723596
0.0103244
0.0133569
0.0163252
0.0192217
0.0220387
0.0247109
0.0272882
0.0297635
0.032131
0.0343861
0.036479
0.0384544
0.0403103
0.0420446
0.0436556
0.0451079
0.0464358
0.0476398
0.0487212
0.0496811
0.0504995
0.0511994
0.0517829
0.0522524
0.0526109
0.0528521
0.0529876
0.05302
0.052952
0.0527874
0.0525325
0.05219
0.0517645
0.0512596
0.0506781
0.0500337
0.0493183
0.0485354
0.0476893
0.0467844
0.0458431
0.0448502
0.0438081
0.0427198
0.0415879
0.04044
0.0392548
0.0380351
0.0367839
0.0355038
0.0342267
0.0329277
0.0316104
0.030278
0.0289327
0.0276067
0.0262713
0.0249285
0.0235815
0.0222337
0.0209195
0.0196116
0.0183127
0.0170256
0.0157531
0.0145275
0.0133239
0.0121441
0.0109871
0.00985726
0.00878371
0.00774528
0.00674586
0.00578927
0.00487909
0.00403747
0.00324791
0.00251301
0.00183551
0.00121818
0.000675204
0.000196158
-0.000218489
-0.000569168
-0.000856745
-0.00107794
-0.00123773
-0.00133701
-0.00137725
-0.00136086
-0.00129386
-0.00117715
-0.00101463
-0.000810219
-0.000567989
-0.000300436
-4.01963e-06
0.000316193
0.00065532
0.00100902
0.00136241
0.00172371
0.0020893
0.0024551
0.00281654
0.00315715
0.00348516
0.00379696
0.00408956
0.00436048
0.00459693
0.00480816
0.00499244
0.00514841
0.0052752
0.00536435
0.00542441
0.00545553
0.00545809
0.00543272
0.00537532
0.00529267
0.00518622
0.0050576
0.0049086
0.00473872
0.00455284
0.00435323
0.00414221
0.003922
0.00369407
0.00346113
0.00322514
0.00298816
0.00275228
0.00251983
0.00229237
0.00207151
0.00185858
0.00165469
0.00146127
0.00127859
0.00110741
0.000948354
0.000801842
0.000668418
0.00054777
0.000439872
0.000344609
0.000261782
0.000191205
0.000132396
8.49664e-05
4.84853e-05
2.24985e-05
6.54573e-06
1.65669e-07
0
0
0
0
0
0
0
0
0
0
0
0
0
0
0
0
0
0
0
0
0
0
0
0
0
0
0
0
0
0
0
0
0
0
0
0
0
0
0
0
0
0
0
0
0
0
0
0
0
0
0
0
0
0
0
0
0
0
0
0
0
0
0
0
0
0
0
0
0
0
0
0
0
0
0
0
0
0
0
0
0
0
0
0
0
0
0
0
0
0
0
0
0
0
0
0
0
0
0
0
0
0
0
0
0
0
0
0
0
0
0
0
0
0
0
0
0
0
0
0
0
0
0
0
0
0
0
0
0
0
0
0
0
0
0
0
0
0
0
0
0
0
0
0
0
0
0
0
0
0
0
0
0
0
0
0
0
0
0
0
0
0
0
0
0
0
0
0
0
0
0
0
0
0
0
0
0
0
0
0
0
0
0
0
0
0
0
0
0
0
0
0
0
0
0
0
0
0
0
0
0
0
0
0
0
0
0
0
0
0
0
0
0
0
0
0
0
0
0
0
0
0
0
0
0
0
0
0
0
0
0
0
0
0
0
0
0
0
0
0
0
0
0
0
0
0
0
0
0
0
0
0
0
0
0
0
0
0
0
0
0
0
0
0
0
0
0
0
0
0
0
0
0
0
0
0
0
0
0
0
0
0
0
0
0
0
0
0
0
0
0
0
0
0
0
0
0
0
0
0
0
0
0
0
0
0
0
0
0
0
0
0
0
0
0
0
0
0
0
0
0
0
