0
0
0
0
0
0
0
0
0
0
0
0
0
0
0
0
0
0
0
0
0
0
0
0
0
0
0
0
0
0
0
0
0
-0
-0
-0
-0
-0
-0
-0
-0
-0
-0
-0
-0
-0
-0
-0
-0
-0
-0
-0
-0
-0
-0
-0
-0
-0
-0
-0
-0
-0
-0
-0
-0
-0
-0
-0
-0
-0
-0
-0
-0
-0
-0
-0
-0
-0
-0
-0
-0
-0
0
0
0
0
0
0
0
0
0
0
0
0
0
0
0
0
0
0
0
0
0
0
0
0
0
0
0
0
0
0
0
0
0
0
0
0
0
0
0
0
0
0
0
0
0
0
0
0
0
0
0
0
0
0
-0
-0
-0
-0
-0
-0
-0
-0
-0
-0
-0
-0
-0
-0
-0
-0
-0
-0
-0
-0
-0
-0
-0
-0
-0
-0
-0
-0
-0
-0
-0
-0
-0
-0
-0
-0
-0
-0
-0
-0
-0
-0
-0
-0
-0
-0
-0
-0
-0
-0
-0
-0
-0
-0
-0
-0
-0
-0
-0
-0
-0
-0
-0
-0
-0
0
0
0
0
0
0
0
0
0
0
0
0
0
0
0
0
0
0
0
0
0
0
0
0
0
0
0
0
0
0
0
0
0
0
0
0
0
0
0
0
0
0
0
0
0
0
0
0
0
0
0
0
0
0
0
0
0
-0
-0
-0
-0
-0
-0
-0
-0
-0
-0
-0
-0
-0
-0
-0
-0
-0
-0
-0
-0
-0
-0
-0
-0
-0
-0
-0
-0
-0
-0
-0
-0
-0
-0
-0
-0
-0
-0
-0
-0
-0
-0
-0
-0
-0
-0
-0
-0
-0
-0
0
0
0
0
0
0
0
0
0
0
0
0
0
0
0
0
0
0
0
0
0
0
0
0
0
0
0
0
0
0
0
0
0
0
0
0
0
0
0
0
0
0
0
0
0
0
0
0
0
0
0
0
0
0
-0
-0
-0
-0
-0
-0
-0
-0
-0
-0
-0
-0
-0
-0
-0
-0
-0
-0
-0
-0
-0
-0
-4.15636e-07
-2.04802e-06
-4.93043e-06
-9.0562e-06
-1.43981e-05
-2.09093e-05
-2.85247e-05
-3.71633e-05
-4.67303e-05
-5.71199e-05
-6.82157e-05
-7.98917e-05
-9.20115e-05
-0.000104431
-0.000117001
-0.000129568
-0.000141981
-0.000154084
-0.000165714
-0.000176704
-0.000186881
-0.000196072
-0.00020411
-0.000210832
-0.00021608
-0.00021969
-0.000221493
-0.000221316
-0.000218986
-0.000214338
-0.000207212
-0.000197445
-0.000184871
-0.000169315
-0.000150602
-0.00012857
-0.000103074
-7.39831e-05
-4.11752e-05
-4.52458e-06
3.60973e-05
8.08114e-05
0.000129715
0.000182869
0.000240303
0.000302016
0.000368
0.00043823
0.00051266
0.0005912
0.000673712
0.000760004
0.000849844
0.000942972
0.0010391
0.00113791
0.001239
0.00134196
0.00144629
0.00155147
0.00165696
0.00176222
0.00186666
0.00196965
0.0020705
0.00216848
0.00226286
0.0023529
0.00243789
0.00251713
0.00258991
0.00265548
0.00271314
0.00276221
0.00280207
0.00283217
0.00285202
0.00286114
0.00285907
0.00284539
0.00281974
0.00278188
0.00273172
0.00266923
0.00259449
0.00250761
0.00240875
0.00229815
0.00217616
0.00204322
0.00190042
0.00174889
0.00158905
0.00142135
0.00124629
0.00106443
0.000876406
0.000682903
0.000484621
0.000282259
7.65126e-05
-0.000131895
-0.000342193
-0.000553548
-0.000765083
-0.000975912
-0.00118517
-0.00139202
-0.00159563
-0.00179516
-0.00198973
-0.00217843
-0.00236037
-0.00253471
-0.00270066
-0.00285748
-0.00300448
-0.00314098
-0.0032663
-0.00337981
-0.00348096
-0.00356923
-0.00364419
-0.00370543
-0.00375257
-0.00378527
-0.00380327
-0.00380637
-0.00379453
-0.00376777
-0.00372618
-0.0036699
-0.0035991
-0.003514
-0.00341489
-0.00330214
-0.0031762
-0.00303757
-0.00288677
-0.00272436
-0.00255097
-0.00236728
-0.00217405
-0.00197208
-0.00176221
-0.00154525
-0.00132203
-0.00109335
-0.000860099
-0.000623211
-0.000383681
-0.00014252
9.92906e-05
0.000340823
0.000581198
0.000819563
0.00105506
0.00128681
0.00151394
0.0017356
0.00195097
0.00215927
0.00235977
0.00255175
0.00273453
0.00290747
0.00307002
0.00322168
0.003362
0.00349058
0.00360701
0.00371089
0.00380187
0.00387968
0.00394413
0.00399512
0.0040326
0.00405654
0.00406692
0.00406371
0.00404695
0.00401674
0.00397326
0.00391677
0.00384755
0.00376592
0.00367218
0.00356666
0.0034497
0.00332169
0.00318306
0.00303426
0.00287579
0.00270815
0.0025319
0.0023476
0.00215583
0.00195718
0.00175224
0.00154161
0.00132586
0.0011056
0.000881427
0.00065398
0.000423897
0.000191827
-4.15674e-05
-0.000275602
-0.000509571
-0.000742746
-0.000974401
-0.00120383
-0.00143036
-0.00165337
-0.00187225
-0.00208637
-0.00229507
-0.00249763
-0.00269329
-0.00288132
-0.00306102
-0.00323176
-0.00339296
-0.00354408
-0.00368456
-0.00381382
-0.00393125
-0.00403622
-0.00412814
-0.00420647
-0.00427073
-0.00432051
-0.00435543
-0.00437508
-0.00437909
-0.00436709
-0.00433875
-0.00429381
-0.00423209
-0.00415349
-0.00405794
-0.00394543
-0.00381596
-0.00366963
-0.00350663
-0.00332724
-0.00313185
-0.0029209
-0.00269485
-0.0024542
-0.00219946
-0.00193122
-0.00165017
-0.00135712
-0.00105298
-0.000738746
-0.000415463
-8.42108e-05
0.000253892
0.000597665
0.000945853
0.00129712
0.00165004
0.00200314
0.00235493
0.00270385
0.00304836
0.00338686
0.00371778
0.00403952
0.00435051
0.0046492
0.00493408
0.00520363
0.00545637
0.00569084
0.00590561
0.0060993
0.00627057
0.0064182
0.00654105
0.00663812
0.00670848
0.00675136
0.00676607
0.00675201
0.00670872
0.00663582
0.00653306
0.00640035
0.00623775
0.00604548
0.00582391
0.00557358
0.00529518
0.00498954
0.00465766
0.00430065
0.00391979
0.00351646
0.00309217
0.00264856
0.0021874
0.00171057
0.00122009
0.000718099
0.000206795
-0.000311542
-0.000834581
-0.00135994
-0.00188521
-0.0024079
-0.00292552
-0.00343555
-0.00393545
-0.00442268
-0.00489472
-0.00534909
-0.00578334
-0.00619514
-0.00658225
-0.00694258
-0.00727414
-0.00757509
-0.0078437
-0.00807837
-0.00827762
-0.00844014
-0.00856476
-0.00865051
-0.00869657
-0.00870235
-0.00866745
-0.0085917
-0.00847515
-0.00831807
-0.00812095
-0.00788449
-0.00760955
-0.00729719
-0.00694862
-0.00656524
-0.00614865
-0.0057006
-0.00522303
-0.00471805
-0.00418795
-0.00363518
-0.00306235
-0.00247219
-0.00186754
-0.00125132
-0.000626474
4.03519e-06
0.000637218
0.00127008
0.0018996
0.00252277
0.00313659
0.00373807
0.00432428
0.00489229
0.00543926
0.00596244
0.00645917
0.00692692
0.00736331
0.00776615
0.00813337
0.00846316
0.00875388
0.00900416
0.00921288
0.00937918
0.00950243
0.00958225
0.00961846
0.00961113
0.00956055
0.00946722
0.0093319
0.00915554
0.0089393
0.00868453
0.00839276
0.00806572
0.00770532
0.00731363
0.00689284
0.00644532
0.00597349
0.00547992
0.00496727
0.00443828
0.00389577
0.0033426
0.00278164
0.00221574
0.00164775
0.00108054
0.000516908
-4.03411e-05
-0.000588489
-0.0011249
-0.00164706
-0.00215255
-0.00263909
-0.0031045
-0.00354673
-0.00396391
-0.0043543
-0.00471636
-0.0050487
-0.00535012
-0.00561959
-0.00585625
-0.00605944
-0.00622869
-0.00636372
-0.00646444
-0.00653096
-0.00656355
-0.00656265
-0.00652889
-0.00646304
-0.00636608
-0.00623909
-0.00608518
-0.00590816
-0.00570902
-0.00548877
-0.00524839
-0.00498888
-0.00471127
-0.00441656
-0.00410582
-0.00378011
-0.00344055
-0.00308831
-0.0027246
-0.00235066
-0.00196779
-0.00157733
-0.00118068
-0.000779316
-0.000374776
3.13569e-05
0.000437457
0.000841868
0.0012429
0.00163881
0.00202785
0.00240821
0.0027781
0.00313575
0.00347942
0.00380741
0.00411804
0.0044097
0.00468081
0.00492988
0.00515558
0.00535669
0.00553214
0.00568097
0.00580237
0.00589562
0.00596018
0.00599569
0.00600199
0.00597912
0.00592728
0.00584684
0.00573832
0.0056024
0.00543996
0.00525209
0.00504002
0.00480519
0.00454911
0.00427342
0.00397988
0.00367035
0.00334682
0.00301137
0.00266612
0.00231321
0.00195479
0.001593
0.00123
0.00086795
0.000508994
0.000155244
-0.000191269
-0.0005286
-0.000854896
-0.00116839
-0.00146739
-0.00175034
-0.00201578
-0.00226243
-0.00248915
-0.00269492
-0.00287888
-0.00304027
-0.00317851
-0.00329317
-0.00338398
-0.00345087
-0.0034939
-0.00351327
-0.00350927
-0.00348232
-0.00343296
-0.00336183
-0.00326927
-0.00315576
-0.00302288
-0.00287222
-0.0027049
-0.00252211
-0.00232577
-0.00211649
-0.00189555
-0.00166426
-0.00142391
-0.00117785
-0.0009254
-0.000667957
-0.000406897
-0.000143571
0.000117438
0.000378165
0.000637361
0.00089378
0.00114618
0.00138906
0.00162559
0.00185466
0.00207524
0.00228634
0.0024822
0.00266683
0.00283942
0.00299925
0.00314564
0.00327325
0.00338637
0.00348453
0.00356728
0.00363426
0.00368116
0.00371191
0.00372644
0.00372471
0.00370675
0.00366991
0.00361709
0.00354848
0.00346437
0.00336514
0.00325026
0.00312121
0.00297851
0.00282276
0.00265458
0.00247569
0.0022858
0.00208569
0.00187618
0.00165815
0.00143541
0.00120587
0.00097046
0.000730141
0.000485872
0.000243196
-1.60595e-06
-0.000247579
-0.000493763
-0.000739194
-0.000977203
-0.00121266
-0.00144465
-0.00167226
-0.00189461
-0.00210463
-0.00230777
-0.00250323
-0.00269019
-0.00286789
-0.00302963
-0.00318074
-0.00332056
-0.00344846
-0.0035638
-0.00366097
-0.00374447
-0.00381377
-0.00386833
-0.00390766
-0.00392787
-0.00393199
-0.00391963
-0.0038904
-0.00384282
-0.00377452
-0.00368666
-0.00357919
-0.00345217
-0.00330577
-0.00314147
-0.00295849
-0.00275732
-0.00253856
-0.00230288
-0.0020548
-0.00179148
-0.00151391
-0.00122318
-0.000920435
-0.000612915
-0.000295902
2.9255e-05
0.000361135
0.000698247
0.00103138
0.00136663
0.0017024
0.00203707
0.00236901
0.0026881
0.00300118
0.00330664
0.00360287
0.00388829
0.00415312
0.00440413
0.00463991
0.00485908
0.00506036
0.00523554
0.00539052
0.00552431
0.00563602
0.00572487
0.00578536
0.00582174
0.00583356
0.00582051
0.00578241
0.00571729
0.00562718
0.00551232
0.00537302
0.00520975
0.00502428
0.00481611
0.00458606
0.00433508
0.00406423
0.003779
0.00347626
0.00315732
0.00282355
0.00247639
0.00212428
0.00176187
0.00139075
0.0010126
0.00062913
0.000250796
-0.000129382
-0.00050967
-0.000888349
-0.00126372
-0.00162465
-0.00197897
-0.00232506
-0.00266132
-0.00298621
-0.00328918
-0.00357795
-0.00385126
-0.00410796
-0.00434698
-0.00455972
-0.00475284
-0.00492554
-0.00507707
-0.00520685
-0.00530917
-0.0053889
-0.00544582
-0.00547979
-0.00549079
-0.00547656
-0.00543965
-0.00538035
-0.00529909
-0.00519637
-0.00507357
-0.0049306
-0.00476826
-0.00458743
-0.00438907
-0.00417783
-0.00395113
-0.0037101
-0.00345593
-0.00318987
-0.00291921
-0.00263927
-0.00235134
-0.00205674
-0.00175679
-0.00146033
-0.00116118
-0.000860677
-0.000560164
-0.000260947
2.7603e-05
0.000312402
0.000592293
0.000866145
0.00113286
0.00138364
0.00162526
0.00185686
0.00207762
0.0022868
0.00247719
0.0026547
0.0028188
0.00296903
0.003105
0.00322173
0.00332367
0.00341067
0.00348263
0.00353949
0.00357881
0.00360315
0.00361268
0.0036076
0.00358819
0.00355458
0.00350732
0.00344685
0.00337367
0.00328829
0.0031932
0.00308702
0.0029703
0.00284365
0.00270771
0.00256679
0.00241791
0.00226175
0.00209896
0.00193022
0.00176101
0.00158719
0.00140943
0.0012284
0.00104476
0.000864522
0.000682902
0.000500474
0.00031781
0.000135483
-4.06036e-05
-0.000215277
-0.000388046
-0.000558437
-0.000725994
-0.000885466
-0.00104124
-0.00119292
-0.00134013
-0.00148252
-0.00161589
-0.00174383
-0.00186603
-0.00198225
-0.00209226
-0.00219314
-0.00228739
-0.00237483
-0.00245527
-0.0025285
-0.00259297
-0.00264996
-0.0026994
-0.00274124
-0.00277543
-0.00280175
-0.00282026
-0.00283088
-0.00283358
-0.00282834
-0.00281617
-0.00279615
-0.00276829
-0.0027326
-0.00268911
-0.00263979
-0.00258279
-0.00251824
-0.00244628
-0.00236705
-0.00228334
-0.00219265
-0.00209516
-0.0019911
-0.00188073
-0.00176746
-0.00164842
-0.00152386
-0.00139406
-0.00125931
-0.00112334
-0.000983211
-0.000839381
-0.00069228
-0.000542321
-0.000393236
-0.000242114
-8.94242e-05
6.43047e-05
0.000218505
0.000369512
0.000519859
0.00066901
0.000816428
0.000961564
0.00110121
0.00123742
0.00136963
0.00149729
0.00161985
0.00173477
0.00184353
0.00194561
0.0020405
0.0021277
0.00220554
0.00227483
0.00233518
0.00238622
0.00242759
0.00245864
0.00247946
0.00248983
0.00248957
0.00247851
0.00245711
0.0024247
0.00238126
0.00232686
0.00226166
0.00218733
0.00210262
0.00200774
0.00190294
0.00178849
0.00166701
0.00153671
0.0013981
0.00125175
0.0010982
0.000940851
0.000777397
0.000608434
0.000434626
0.000256702
7.8619e-05
-0.000102047
-0.000284544
-0.000468129
-0.000652048
-0.000832284
-0.00101129
-0.00118829
-0.00136253
-0.00153329
-0.00169688
-0.00185561
-0.00200876
-0.00215563
-0.00229554
-0.00242541
-0.00254717
-0.00266032
-0.00276444
-0.00285909
-0.00294218
-0.00301498
-0.00307719
-0.00312855
-0.00316892
-0.00319745
-0.00321485
-0.00322106
-0.00321606
-0.00319989
-0.00317287
-0.00313498
-0.00308648
-0.00302765
-0.00295877
-0.00288129
-0.00279443
-0.00269864
-0.00259445
-0.00248244
-0.00236505
-0.002241
-0.00211084
-0.00197514
-0.0018345
-0.00169196
-0.00154584
-0.0013968
-0.00124554
-0.00109267
-0.000941474
-0.000789935
-0.000638715
-0.000488485
-0.000339892
-0.000196144
-5.51531e-05
8.25956e-05
0.00021662
0.000346425
0.000469165
0.000586724
0.000698708
0.000804799
0.000904738
0.000996397
0.00108106
0.0011581
0.00122719
0.00128809
0.00133934
0.00138222
0.00141676
0.00144298
0.00146099
0.0014702
0.00147155
0.00146537
0.00145202
0.0014319
0.00140524
0.0013726
0.00133438
0.00129107
0.00124318
0.00119154
0.00113646
0.00107846
0.00101802
0.000955578
0.000892096
0.000827543
0.000762418
0.000697199
0.000632316
0.00056875
0.00050619
0.000444949
0.00038534
0.000327668
0.000272831
0.00022037
0.000170426
0.000123092
7.84505e-05
3.71725e-05
-1.2777e-06
-3.68372e-05
-6.94862e-05
-9.92526e-05
-0.000125677
-0.000149394
-0.000170473
-0.000188985
-0.000205005
-0.000218173
-0.000229097
-0.000237901
-0.000244703
-0.000249613
-0.000252338
-0.000253422
-0.000252981
-0.000251145
-0.000248038
-0.000243443
-0.000237824
-0.000231261
-0.000223834
-0.000215633
-0.000206496
-0.000196813
-0.000186672
-0.000176149
-0.000165317
-0.00015407
-0.000142692
-0.00013126
-0.000119851
-0.000108541
-9.73035e-05
-8.63349e-05
-7.57078e-05
-6.54982e-05
-5.57837e-05
-4.66019e-05
-3.80775e-05
-3.02755e-05
-2.32568e-05
-1.70784e-05
-1.17858e-05
-7.43631e-06
-4.06506e-06
-1.69712e-06
-3.4651e-07
-0
-0
-0
-0
-0
-0
-0
-0
-0
-0
-0
-0
-0
-0
-0
-0
-0
-0
-0
-0
-0
-0
-0
-0
-0
-0
-0
-0
0
0
0
0
0
0
0
0
0
0
0
0
0
0
0
0
0
0
0
0
0
0
0
0
0
0
0
0
0
0
0
0
0
0
0
0
0
0
0
0
0
0
0
-0
-0
-0
-0
-0
-0
-0
-0
-0
-0
-0
-0
-0
-0
-0
-0
-0
-0
-0
-0
-0
-0
-0
-0
-0
-0
-0
-0
-0
-0
-0
-0
-0
-0
-0
-0
-0
-0
-0
-0
-0
-0
-0
-0
-0
-0
-0
-0
-0
-0
-0
-0
-0
-0
-0
-0
-0
-0
-0
0
0
0
0
0
0
0
0
0
0
0
0
0
0
0
0
0
0
0
0
0
0
0
0
0
0
0
0
0
0
0
0
0
0
0
0
0
0
-0
-0
-0
-0
-0
-0
-0
-0
-0
-0
-0
-0
-0
-0
-0
-0
-0
-0
-0
-0
-0
-0
-0
-0
-0
-0
-0
-0
-0
-0
-0
-0
-0
-0
-0
-0
-0
-0
-0
-0
-0
-0
-0
-0
-0
-0
-0
-0
-0
-0
-0
-0
-0
-0
-0
-0
-0
-0
-0
-0
-0
-0
-0
-0
-0
-0
-0
-0
-0
-0
-0
-0
-0
-0
-0
-0
-0
-0
-0
-0
-0
-0
-0
-0
-0
-0
-0
-0
-0
-0
-0
-0
-0
-0
-0
-0
-0
-0
-0
-0
-0
-0
-0
-0
-0
-0
-0
-0
-0
-0
-0
-0
-0
-0
-0
-0
-0
-0
-0
-0
-0
-0
-0
-0
-0
-0
-0
-0
-0
-0
-0
-0
-0
-0
-0
-0
-0
-0
-0
-0
-0
-0
-0
-0
-0
-0
-0
-0
-0
-0
-0
-0
-0
-0
-0
-0
-0
-0
-0
-0
-0
-0
-0
-0
-0
-0
-0
-0
-0
-0
-0
-0
-0
-0
-0
-0
-0
-0
-0
-0
-0
-0
-0
-0
-0
-0
-0
-0
-0
-0
0
0
0
0
0
0
0
0
0
0
0
0
0
0
0
0
0
0
0
0
0
0
0
0
0
0
