-0
0
0
0
0
0
0
0
0
0
0
0
0
0
0
0
0
0
0
0
0
0
0
0
0
0
0
0
0
0
0
0
0
0
0
0
0
0
0
0
0
0
0
0
0
0
0
0
0
0
-0
-0
-0
-0
-0
-0
-0
-0
-0
-0
-0
-0
-0
-0
-0
-0
-0
-0
-0
-0
-0
-0
-0
-0
-0
-0
-0
-0
-0
-0
-0
-0
-0
-0
-0
-0
-0
-0
-0
-0
0
0
0
0
0
0
0
0
0
0
0
0
0
0
0
0
0
0
0
0
0
0
0
0
0
0
0
0
0
0
0
0
-0
-0
-0
-0
-0
-0
-0
-0
-0
-0
-0
-0
-0
-0
-0
-0
-0
-0
-0
-0
-0
-0
-0
-0
-0
-0
-0
-0
-0
-0
-0
-0
-0
-0
-0
-0
0
0
0
0
0
0
0
0
0
0
0
0
0
0
0
0
0
0
0
0
0
0
0
0
0
0
0
0
0
0
0
0
0
0
0
0
0
0
0
0
0
0
0
-0
-0
-0
-0
-0
-0
-0
-0
-0
-0
-0
-0
-0
-0
-0
-0
-0
-0
-0
-0
-0
-0
-0
-0
-0
-0
-0
-0
-0
-0
-0
-0
-0
-0
-0
-0
-0
-0
-0
-0
-0
-0
-0
-0
-0
-0
-0
0
0
0
0
0
0
0
0
0
0
0
0
0
0
0
0
0
0
0
0
0
0
0
0
0
0
0
0
0
0
0
0
0
0
0
0
0
0
0
0
0
0
0
-0
-0
-0
-0
-0
-0
-0
-0
-0
-0
-0
-0
-0
-0
-0
-0
-0
-0
-0
-0
-0
-0
-0
-0
-0
-0
-0
-0
-0
-0
-0
-4.5511e-07
-1.71441e-05
-5.58487e-05
-0.000113336
-0.000185811
-0.000268964
-0.000358032
-0.000447858
-0.000532987
-0.000607761
-0.000666425
-0.000703222
-0.00071246
-0.000688575
-0.0006262
-0.000520259
-0.000366081
-0.000159501
0.000103057
0.000424536
0.00080722
0.00125267
0.00176166
0.00233404
0.00296873
0.00366368
0.00441599
0.00522194
0.00607706
0.00697604
0.00791265
0.00887971
0.00986917
0.0108724
0.0118801
0.0128831
0.0138715
0.0148353
0.0157638
0.0166461
0.0174709
0.0182271
0.0189041
0.0194918
0.0199803
0.0203605
0.0206233
0.0207604
0.0207641
0.0206278
0.0203459
0.0199143
0.0193297
0.0185903
0.0176953
0.016645
0.0154409
0.0140856
0.0125829
0.0109374
0.00915498
0.00724271
0.00520911
0.00306416
0.00081912
-0.00151369
-0.00392124
-0.00638998
-0.00890593
-0.0114546
-0.014021
-0.0165893
-0.0191433
-0.0216664
-0.024142
-0.0265536
-0.0288854
-0.0311221
-0.0332492
-0.0352528
-0.0371196
-0.0388369
-0.0403925
-0.0417755
-0.0429761
-0.043986
-0.0447988
-0.0454096
-0.0458153
-0.0460139
-0.046006
-0.0458121
-0.0454405
-0.0448934
-0.0441739
-0.0432859
-0.0422342
-0.0410244
-0.0396629
-0.0381567
-0.0365134
-0.034741
-0.0328479
-0.0308429
-0.0287356
-0.0265359
-0.0242544
-0.0219022
-0.0194902
-0.0170292
-0.0145301
-0.0120037
-0.0094613
-0.0069149
-0.00437682
-0.00185937
0.000625663
0.00306736
0.00545562
0.00778077
0.0100331
0.0122028
0.0142794
0.0162533
0.0181151
0.0198572
0.0214728
0.0229562
0.024302
0.0255051
0.0265604
0.0274635
0.0282104
0.0287986
0.0292266
0.0294939
0.0296007
0.0295476
0.0293359
0.0289673
0.0284443
0.02777
0.0269478
0.0259817
0.0248759
0.0236355
0.0222666
0.0207769
0.019175
0.0174704
0.0156727
0.013791
0.0118338
0.00980936
0.00772641
0.00559425
0.00342281
0.0012223
-0.000997375
-0.00322686
-0.00545721
-0.00767932
-0.0098835
-0.0120593
-0.0141958
-0.0162824
-0.0183094
-0.0202682
-0.0221513
-0.0239514
-0.0256613
-0.0272736
-0.0287813
-0.0301777
-0.0314575
-0.0326158
-0.0336482
-0.0345501
-0.0353168
-0.035944
-0.0364284
-0.0367681
-0.0369629
-0.0370138
-0.0369224
-0.0366898
-0.036317
-0.0358042
-0.0351522
-0.0343622
-0.0334365
-0.0323786
-0.0311928
-0.0298839
-0.0284571
-0.0269177
-0.0252711
-0.0235229
-0.0216794
-0.0197475
-0.0177352
-0.0156511
-0.0135042
-0.0113036
-0.00905756
-0.00677362
-0.00445876
-0.00211987
0.000235577
0.00259917
0.00496163
0.00731318
0.00964411
0.0119452
0.0142076
0.016423
0.0185828
0.0206785
0.0227015
0.0246434
0.0264964
0.0282533
0.0299074
0.0314524
0.0328816
0.0341882
0.0353655
0.0364066
0.0373051
0.0380554
0.0386522
0.0390912
0.0393683
0.0394802
0.0394242
0.0391984
0.0388014
0.0382327
0.0374921
0.0365796
0.0354954
0.0342403
0.032815
0.0312213
0.0294615
0.0275389
0.025457
0.0232202
0.0208327
0.0182997
0.0156271
0.0128222
0.00989371
0.00685176
0.00370709
0.000470588
-0.0028472
-0.00623611
-0.00968594
-0.0131859
-0.0167241
-0.0202871
-0.0238605
-0.0274293
-0.0309781
-0.034492
-0.0379561
-0.0413557
-0.0446759
-0.0479017
-0.0510178
-0.0540086
-0.0568589
-0.0595534
-0.0620773
-0.0644162
-0.0665561
-0.0684838
-0.0701871
-0.0716544
-0.0728753
-0.0738396
-0.0745379
-0.0749612
-0.0751013
-0.0749512
-0.0745049
-0.0737579
-0.0727068
-0.0713489
-0.0696822
-0.0677057
-0.0654195
-0.062826
-0.0599302
-0.0567402
-0.0532665
-0.0495215
-0.0455181
-0.0412689
-0.0367866
-0.0320842
-0.0271759
-0.0220783
-0.0168106
-0.0113944
-0.00585247
-0.000208025
0.00551622
0.0112978
0.017114
0.0229405
0.028751
0.0345171
0.040209
0.0457968
0.051252
0.0565476
0.0616585
0.0665604
0.0712286
0.0756374
0.0797602
0.0835699
0.087041
0.09015
0.0928765
0.0952034
0.0971155
0.098599
0.0996406
0.100228
0.100348
0.0999921
0.0991534
0.0978286
0.0960186
0.0937271
0.0909604
0.0877261
0.0840333
0.0798923
0.0753153
0.070317
0.0649154
0.059132
0.0529913
0.0465208
0.0397493
0.0327073
0.0254255
0.0179355
0.0102699
0.00246264
-0.00545031
-0.0134311
-0.0214404
-0.0294378
-0.0373828
-0.0452352
-0.0529559
-0.0605071
-0.0678518
-0.0749539
-0.0817782
-0.0882899
-0.094455
-0.10024
-0.105613
-0.110545
-0.115005
-0.118969
-0.122413
-0.125317
-0.127664
-0.129441
-0.130639
-0.13125
-0.131273
-0.130709
-0.129563
-0.12784
-0.125551
-0.122708
-0.119328
-0.115429
-0.111032
-0.10616
-0.100841
-0.0951023
-0.0889754
-0.0824925
-0.0756873
-0.0685951
-0.0612526
-0.0536977
-0.0459693
-0.0381074
-0.0301524
-0.0221451
-0.014126
-0.00613528
0.00178772
0.00960421
0.0172762
0.0247667
0.0320397
0.0390603
0.0457955
0.0522138
0.0582862
0.0639856
0.0692874
0.0741697
0.0786129
0.0826003
0.0861173
0.0891517
0.0916938
0.0937366
0.0952758
0.0963104
0.0968424
0.0968767
0.0964207
0.0954843
0.0940792
0.0922196
0.0899218
0.0872044
0.0840886
0.0805973
0.0767552
0.0725885
0.0681243
0.063391
0.0584176
0.0532342
0.0478712
0.0423597
0.0367314
0.031018
0.0252514
0.0194633
0.013685
0.00794659
0.00227739
-0.00329449
-0.0087419
-0.0140386
-0.0191594
-0.0240803
-0.0287792
-0.0332358
-0.0374321
-0.0413518
-0.0449806
-0.048306
-0.051317
-0.0540047
-0.0563621
-0.0583845
-0.0600694
-0.0614163
-0.0624266
-0.0631037
-0.0634528
-0.0634809
-0.0631967
-0.0626102
-0.061733
-0.0605777
-0.0591583
-0.0574905
-0.0555909
-0.0534775
-0.0511687
-0.0486835
-0.0460411
-0.0432612
-0.0403637
-0.037369
-0.034298
-0.0311716
-0.0280105
-0.0248349
-0.0216643
-0.0185172
-0.0154117
-0.0123696
-0.00940909
-0.00653723
-0.00376092
-0.00108692
0.00147811
0.00392769
0.00625567
0.00845627
0.010524
0.0124533
0.0142387
0.0158743
0.017354
0.018672
0.0198233
0.0208033
0.0216084
0.0222357
0.0226824
0.0229463
0.0230259
0.0229203
0.0226297
0.0221555
0.0215001
0.0206669
0.0196606
0.0184875
0.017155
0.0156722
0.0140494
0.0122978
0.0104294
0.00845714
0.00639514
0.00425896
0.00206553
-0.000167268
-0.00242115
-0.00467785
-0.00691924
-0.00912724
-0.0112836
-0.0133697
-0.0153674
-0.0172588
-0.0190271
-0.0206565
-0.0221325
-0.0234415
-0.0245713
-0.0255111
-0.0262522
-0.0267876
-0.0271128
-0.0272245
-0.0271212
-0.0268029
-0.0262717
-0.0255317
-0.0245898
-0.0234549
-0.0221382
-0.0206524
-0.0190119
-0.0172321
-0.01533
-0.013324
-0.0112332
-0.00907759
-0.00687761
-0.00465433
-0.00242934
-0.00022451
0.00193849
0.00403873
0.00605636
0.00797258
0.00976929
0.0114289
0.0129342
0.0142693
0.0154199
0.0163743
0.0171235
0.0176605
0.0179807
0.0180787
0.0179516
0.0176042
0.017044
0.016277
0.0153112
0.014169
0.0128474
0.0113585
0.00971659
0.00793801
0.00604928
0.00406006
0.00198874
-0.000146284
-0.00232604
-0.00452909
-0.00673502
-0.00892133
-0.0110657
-0.0131468
-0.0151539
-0.0170604
-0.0188492
-0.0205037
-0.022008
-0.0233664
-0.0245462
-0.0255362
-0.0263272
-0.0269112
-0.0273114
-0.0274931
-0.0274539
-0.0271935
-0.0267138
-0.0260558
-0.0251862
-0.0241109
-0.0228375
-0.021376
-0.0197798
-0.0180216
-0.0161172
-0.014083
-0.0119358
-0.00973288
-0.00745185
-0.00511211
-0.00273403
-0.000338382
0.00202171
0.00435964
0.0066558
0.00889037
0.0110432
0.0130742
0.0149842
0.0167553
0.018371
0.019816
0.0210733
0.0221315
0.0229772
0.0235981
0.0239838
0.0241433
0.0240514
0.0237025
0.0230919
0.0222162
0.0211119
0.0197397
0.0181013
0.0161997
0.0140393
0.011683
0.00907885
0.00623481
0.00316038
-0.000133134
-0.00356115
-0.00718193
-0.0109805
-0.0149406
-0.0190448
-0.0231953
-0.0274509
-0.0317904
-0.0361913
-0.0406211
-0.0449687
-0.0492809
-0.0535267
-0.0576743
-0.0616916
-0.0654827
-0.0690796
-0.0724505
-0.0755639
-0.0783886
-0.0808551
-0.0829737
-0.0847174
-0.0860604
-0.0869784
-0.0874438
-0.0874408
-0.0869511
-0.0859597
-0.0844544
-0.0824616
-0.0799397
-0.0768849
-0.0732966
-0.0691771
-0.0646098
-0.0595274
-0.0539434
-0.0478741
-0.0413384
-0.0344723
-0.0271869
-0.0195107
-0.0114763
-0.00311942
0.00538133
0.0141265
0.0230744
0.0321809
0.0413995
0.0505302
0.0596744
0.0687811
0.0777993
0.0866773
0.0952203
0.103519
0.111522
0.119177
0.126432
0.133122
0.139317
0.14497
0.150039
0.154482
0.15819
0.161199
0.163475
0.164991
0.165722
0.165637
0.16473
0.162987
0.160401
0.156969
0.152747
0.147687
0.1418
0.135099
0.127606
0.119464
0.110585
0.101002
0.0907541
0.0798833
0.0686075
0.0568037
0.0445249
0.0318277
0.0187719
0.00562495
-0.00775549
-0.0213047
-0.0349564
-0.0486423
-0.0620781
-0.0754098
-0.0885682
-0.101485
-0.114092
-0.126126
-0.137718
-0.148807
-0.159331
-0.169231
-0.178298
-0.186635
-0.194194
-0.20093
-0.206803
-0.211682
-0.215627
-0.218613
-0.220617
-0.221623
-0.221603
-0.220565
-0.21851
-0.215442
-0.21137
-0.206373
-0.200407
-0.193498
-0.185673
-0.176968
-0.167556
-0.157346
-0.146388
-0.134731
-0.122433
-0.10974
-0.0965254
-0.0828537
-0.0687928
-0.0544131
-0.0400083
-0.0254276
-0.0107431
0.00397269
0.0186473
0.0329818
0.0471358
0.0610437
0.0746417
0.0878677
0.100454
0.112547
0.12409
0.135027
0.145308
0.154729
0.163409
0.171314
0.178414
0.184681
0.189994
0.194432
0.19798
0.200627
0.202368
0.203174
0.203076
0.202086
0.200218
0.197495
0.193982
0.18966
0.184557
0.178702
0.172131
0.164987
0.157209
0.148845
0.139943
0.130552
0.120875
0.110809
0.100402
0.0897064
0.0787737
0.0678364
0.0567716
0.0456348
0.0344806
0.0233613
0.012508
0.00178459
-0.00876578
-0.0191009
-0.0291781
-0.0387894
-0.048058
-0.0569449
-0.065416
-0.0734428
-0.0808697
-0.0878086
-0.0942405
-0.100146
-0.105507
-0.110218
-0.114355
-0.117911
-0.120884
-0.123278
-0.125056
-0.126264
-0.126907
-0.12699
-0.12652
-0.12552
-0.123992
-0.121956
-0.119433
-0.116447
-0.113074
-0.109286
-0.105107
-0.100561
-0.0956723
-0.0905524
-0.0851468
-0.0794854
-0.0735979
-0.0675132
-0.061362
-0.0550677
-0.0486571
-0.0421581
-0.0355991
-0.0291189
-0.022633
-0.0161669
-0.00974502
-0.00339154
0.00276266
0.00880138
0.0147034
0.0204497
0.0260235
0.0313161
0.0364054
0.0412757
0.0459113
0.0502978
0.0543512
0.0581361
0.0616473
0.0648807
0.067832
0.070448
0.0727717
0.0747992
0.0765282
0.0779593
0.0790731
0.079896
0.0804327
0.0806887
0.0806693
0.0803835
0.0798351
0.0790319
0.0779827
0.0766972
0.075211
0.0735096
0.0716036
0.0695031
0.0672182
0.0648028
0.0622246
0.0594958
0.0566298
0.0536402
0.050597
0.0474566
0.0442317
0.0409352
0.0375804
0.0342452
0.0308784
0.0274925
0.0240987
0.0207084
0.017399
0.014117
0.0108752
0.00768548
0.00455856
0.0015655
-0.00134729
-0.00417081
-0.00689472
-0.00950769
-0.0119457
-0.0142528
-0.0164223
-0.0184498
-0.0203311
-0.0220219
-0.0235565
-0.0249291
-0.0261343
-0.0271681
-0.0280044
-0.0286645
-0.0291465
-0.0294488
-0.0295707
-0.0295078
-0.0292677
-0.0288535
-0.0282682
-0.0275134
-0.0266039
-0.0255288
-0.0242925
-0.0229025
-0.0213676
-0.0197269
-0.0179562
-0.0160602
-0.0140427
-0.0119087
-0.00971076
-0.00741501
-0.00503339
-0.00257748
-5.74979e-05
0.00246333
0.0050303
0.00763338
0.0102611
0.0129016
0.0154852
0.0180605
0.0206191
0.0231525
0.0256508
0.0280461
0.0303828
0.0326491
0.0348345
0.0369304
0.0388809
0.0407284
0.0424659
0.0440859
0.0455809
0.0469078
0.0480962
0.0491413
0.050039
0.0507857
0.051359
0.0517747
0.0520299
0.052122
0.0520494
0.0518117
0.0514105
0.0508481
0.0501281
0.0492541
0.0482487
0.0470963
0.0458006
0.044366
0.0427986
0.0411413
0.0393656
0.0374792
0.0354901
0.0334064
0.0312863
0.0290893
0.0268247
0.024502
0.0221305
0.0197771
0.0173934
0.0149893
0.0125762
0.0101658
0.00782937
0.00551689
0.00323725
0.000998921
-0.0011892
-0.00326112
-0.00526266
-0.00718349
-0.00901422
-0.0107469
-0.0123286
-0.0137998
-0.0151547
-0.0163873
-0.0174917
-0.0184309
-0.0192316
-0.0198899
-0.0204025
-0.0207667
-0.020967
-0.0210165
-0.020912
-0.0206456
-0.0202184
-0.0196384
-0.0189028
-0.0180162
-0.0169849
-0.0158173
-0.0145466
-0.013159
-0.0116643
-0.0100719
-0.00839179
-0.00667291
-0.0048892
-0.00305416
-0.00118146
0.000715846
0.00257901
0.00444417
0.00629969
0.00813346
0.00993314
0.0116379
0.0132875
0.0148728
0.016385
0.017816
0.0191122
0.0203135
0.0214134
0.0224072
0.0232913
0.0240256
0.0246475
0.0251553
0.0255479
0.025825
0.0259613
0.0259875
0.0259073
0.0257246
0.0254433
0.0250524
0.0245732
0.0240113
0.023373
0.0226648
0.0218881
0.0210559
0.0201755
0.0192546
0.0183011
0.0173245
0.0163307
0.0153267
0.0143195
0.0133155
0.0123273
0.0113547
0.0104041
0.0094807
0.0085892
0.00774048
0.00693001
0.006161
0.00543639
0.00475866
0.00413563
0.00356111
0.00303538
0.00255824
0.00212912
0.00175125
0.00141832
0.00112868
0.000880165
0.000670211
0.00049796
0.00035767
0.000246258
0.000160524
9.71506e-05
5.33149e-05
2.4689e-05
8.00818e-06
1.19021e-07
-1.99013e-06
-1.14632e-06
-4.29822e-08
-0
-0
-0
-0
-0
-0
-0
-0
-0
-0
-0
-0
-0
-0
-0
-0
-0
-0
-0
-0
-0
-0
-0
-0
-0
-0
-0
-0
-0
0
0
0
0
0
0
0
0
0
0
0
0
0
0
0
0
0
0
0
0
0
0
0
0
0
0
0
0
0
0
0
0
0
0
0
0
0
0
0
0
0
0
0
0
0
0
0
0
0
0
0
0
0
0
0
0
0
0
0
0
0
0
0
0
0
0
0
0
0
0
-0
-0
-0
-0
-0
-0
-0
-0
-0
-0
-0
-0
-0
-0
-0
-0
-0
-0
-0
-0
-0
0
0
0
0
0
0
0
0
0
0
0
0
0
0
0
0
0
0
0
0
0
0
0
0
0
0
0
0
0
0
0
0
0
0
0
0
0
0
0
0
0
0
0
0
0
0
0
0
0
0
0
0
0
0
0
0
0
0
0
0
0
0
0
0
0
0
0
0
0
0
0
0
0
0
0
0
0
0
0
0
0
0
0
0
0
0
0
0
0
0
0
0
0
0
0
0
0
0
0
0
0
0
0
0
0
0
0
0
0
-0
-0
-0
-0
-0
-0
-0
-0
-0
-0
-0
-0
-0
-0
-0
-0
-0
-0
-0
-0
-0
-0
-0
-0
-0
-0
-0
-0
-0
-0
-0
-0
-0
-0
-0
0
0
0
0
0
0
0
0
0
0
0
0
0
0
0
0
0
0
0
0
0
0
0
0
0
0
0
0
0
0
0
0
0
0
0
0
0
0
0
0
0
0
0
0
0
0
0
0
0
0
0
0
0
0
0
0
0
0
