-5.49675e-05
-7.39855e-05
-7.44713e-05
-4.4785e-05
2.65991e-05
0.000150872
0.000338672
0.000599865
0.000943339
0.0013768
0.00190658
0.00253749
0.00327261
0.00411322
0.00505867
0.00610626
0.00725125
0.00848678
0.00980391
0.0111916
0.0126369
0.0141249
0.0156389
0.0171606
0.0186702
0.0201468
0.0215683
0.0229119
0.0241543
0.0252719
0.0262412
0.0270388
0.0276423
0.0280299
0.028181
0.0280767
0.0276998
0.0270351
0.0260697
0.0247935
0.0231987
0.0212809
0.0190387
0.0164736
0.013591
0.0103992
0.00691015
0.00313899
-0.000895759
-0.00517245
-0.0096664
-0.0143501
-0.0191936
-0.0241643
-0.0292279
-0.0343481
-0.0394873
-0.0446068
-0.0496673
-0.0546292
-0.0594527
-0.0640986
-0.0685286
-0.0727055
-0.0765935
-0.080159
-0.0833705
-0.086199
-0.0886184
-0.090606
-0.0921421
-0.0932109
-0.0938004
-0.0939022
-0.0935123
-0.0926307
-0.0912613
-0.0894122
-0.0870956
-0.0843272
-0.0811267
-0.0775171
-0.0735248
-0.0691789
-0.0645114
-0.0595565
-0.0543505
-0.048931
-0.0433489
-0.0376525
-0.0318716
-0.026036
-0.0201753
-0.0143188
-0.00849532
-0.00273287
0.00294115
0.00850032
0.0139192
0.0191736
0.0242404
0.0290981
0.0337265
0.0381069
0.0422223
0.0460574
0.0495986
0.0528342
0.0557542
0.0583507
0.0606174
0.0625502
0.0641468
0.0654068
0.0663316
0.0669245
0.0671906
0.0671367
0.0667712
0.0661041
0.0651467
0.0639118
0.0624133
0.0606663
0.0586868
0.0564916
0.0540981
0.0515244
0.0487889
0.0459105
0.042908
0.0398004
0.0366066
0.0333455
0.0300355
0.0266949
0.0233414
0.0199925
0.0166649
0.0133747
0.0101374
0.0069677
0.00387939
0.000885395
-0.00200233
-0.00477293
-0.00741663
-0.00992489
-0.0122904
-0.0145071
-0.0165704
-0.0184769
-0.0202246
-0.0218129
-0.0232426
-0.0245155
-0.0256349
-0.0266051
-0.0274314
-0.0281201
-0.0286781
-0.0291132
-0.0294338
-0.0296484
-0.0297661
-0.029796
-0.0297475
-0.0296296
-0.0294516
-0.0292223
-0.0289505
-0.0286446
-0.0283126
-0.0279621
-0.0276003
-0.027234
-0.0268694
-0.026512
-0.0261671
-0.0258389
-0.0255313
-0.0252472
-0.024989
-0.0247581
-0.0245551
-0.02438
-0.0242318
-0.0241086
-0.0240079
-0.0239263
-0.0238597
-0.0238033
-0.0237519
-0.0236994
-0.0236394
-0.0235653
-0.0234698
-0.0233456
-0.0231854
-0.0229814
-0.0227263
-0.0224126
-0.022033
-0.0215806
-0.0210488
-0.0204314
-0.0197227
-0.0189178
-0.0180122
-0.0170024
-0.0158856
-0.0146601
-0.0133249
-0.0118802
-0.0103271
-0.00866795
-0.00690588
-0.00504528
-0.00309151
-0.00105094
0.00106909
0.00326033
0.00551367
0.00781916
0.0101661
0.0125433
0.0149385
0.0173395
0.0197332
0.0221064
0.0244454
0.0267363
0.0289654
0.0311187
0.0331825
0.0351431
0.0369874
0.0387025
0.0402762
0.0416968
0.0429536
0.0440363
0.0449358
0.045644
0.0461535
0.0464583
0.0465531
0.046434
0.0460982
0.0455438
0.0447701
0.0437778
0.0425684
0.0411448
0.039511
0.037672
0.0356343
0.0334054
0.0309938
0.0284094
0.0256631
0.0227669
0.0197338
0.0165778
0.0133135
0.00995665
0.00652337
0.00303045
-0.000504911
-0.00406521
-0.00763274
-0.0111897
-0.0147182
-0.0182008
-0.0216197
-0.0249579
-0.0281985
-0.031325
-0.0343216
-0.0371729
-0.0398643
-0.0423816
-0.0447118
-0.0468424
-0.0487621
-0.0504606
-0.0519286
-0.053158
-0.054142
-0.054875
-0.055353
-0.055573
-0.0555339
-0.0552355
-0.0546792
-0.053868
-0.0528058
-0.0514981
-0.0499514
-0.0481735
-0.0461732
-0.0439604
-0.0415459
-0.0389412
-0.0361588
-0.0332121
-0.0301149
-0.0268818
-0.023528
-0.0200692
-0.0165216
-0.0129019
-0.00922694
-0.00551413
-0.00178092
0.00195508
0.00567623
0.00936495
0.0130038
0.0165758
0.020064
0.0234524
0.0267252
0.0298676
0.0328654
0.0357055
0.0383755
0.0408643
0.0431619
0.0452592
0.0471485
0.0488234
0.0502785
0.0515097
0.0525143
0.0532906
0.0538383
0.0541581
0.054252
0.054123
0.0537752
0.0532136
0.0524443
0.0514744
0.0503115
0.0489645
0.0474426
0.0457559
0.0439152
0.0419316
0.0398169
0.0375832
0.0352432
0.0328096
0.0302954
0.0277137
0.0250779
0.022401
0.0196963
0.0169768
0.0142551
0.0115438
0.00885503
0.00620052
0.00359156
0.00103897
-0.001447
-0.00385662
-0.00618081
-0.00841106
-0.0105395
-0.0125591
-0.0144632
-0.016246
-0.0179025
-0.0194282
-0.0208195
-0.0220734
-0.0231877
-0.0241608
-0.0249919
-0.025681
-0.0262285
-0.0266358
-0.0269048
-0.027038
-0.0270385
-0.0269101
-0.0266569
-0.0262836
-0.0257955
-0.0251981
-0.0244974
-0.0236996
-0.0228114
-0.0218394
-0.0207908
-0.0196727
-0.0184924
-0.0172573
-0.0159748
-0.0146524
-0.0132975
-0.0119173
-0.0105192
-0.00911007
-0.00769688
-0.00628625
-0.00488459
-0.00349803
-0.00213237
-0.000793119
0.00051459
0.00178597
0.00301659
0.00420243
0.00533983
0.00642551
0.0074566
0.0084306
0.00934539
0.0101992
0.0109908
0.0117191
0.0123836
0.0129839
0.0135202
0.013993
0.0144032
0.0147518
0.0150404
0.0152708
0.0154451
0.0155656
0.015635
0.0156561
0.0156318
0.0155654
0.0154602
0.0153196
0.0151471
0.014946
0.0147201
0.0144726
0.0142072
0.013927
0.0136355
0.0133357
0.0130308
0.0127235
0.0124167
0.0121129
0.0118145
0.0115237
0.0112424
0.0109725
0.0107154
0.0104726
0.010245
0.0100336
0.00983881
0.00966111
0.00950054
0.00935697
0.00923
0.00911905
0.00902332
0.0089418
0.00887334
0.00881663
0.00877024
0.00873264
0.00870219
0.00867724
0.00865606
0.00863692
0.00861806
0.00859775
0.00857428
0.00854597
0.00851118
0.00846834
0.00841595
0.00835259
0.00827694
0.00818781
0.00808414
0.00796502
0.00782972
0.0076777
0.00750861
0.00732236
0.00711904
0.00689903
0.00666291
0.00641151
0.00614592
0.00586743
0.00557752
0.00527791
0.00497047
0.0046572
0.00434026
0.00402193
0.00370454
0.00339051
0.00308232
0.00278245
0.00249342
0.00221771
0.00195779
0.00171607
0.0014949
0.00129652
0.00112306
0.000976498
0.000858655
0.000771145
0.000715372
0.000692501
0.000703446
0.000748856
0.000829108
0.000944302
0.00109427
0.00127858
0.00149655
0.00174725
0.00202953
0.00234204
0.00268323
0.00305138
0.00344458
0.00386078
0.00429779
0.00475325
0.00522467
0.00570942
0.00620474
0.00670773
0.0072154
0.00772465
0.00823228
0.00873505
0.00922971
0.00971299
0.0101816
0.0106325
0.0110626
0.0114689
0.0118487
0.0121994
0.0125189
0.0128048
0.0130556
0.0132695
0.0134453
0.013582
0.0136789
0.0137355
0.0137516
0.0137273
0.0136631
0.0135595
0.0134173
0.0132378
0.0130223
0.0127724
0.01249
0.0121771
0.0118359
0.0114691
0.0110792
0.010669
0.0102415
0.00979975
0.00934699
0.00888649
0.00842157
0.00795561
0.00749201
0.00703416
0.00658541
0.00614905
0.00572829
0.00532625
0.0049459
0.00459006
0.00426136
0.00396225
0.00369493
0.00346141
0.00326339
0.00310234
0.00297943
0.00289557
0.00285134
0.00284703
0.00288263
0.00295783
0.00307198
0.00322415
0.00341309
0.00363723
0.0038947
0.00418334
0.00450068
0.004844
0.00521029
0.00559632
0.00599861
0.00641352
0.00683723
0.00726581
0.00769521
0.00812138
0.00854021
0.00894765
0.0093397
0.00971246
0.0100622
0.0103852
0.0106781
0.0109378
0.0111611
0.0113454
0.0114882
0.0115873
0.0116408
0.0116471
0.011605
0.0115135
0.0113721
0.0111806
0.0109392
0.0106487
0.0103099
0.00992436
0.00949391
0.00902078
0.00850763
0.00795746
0.00737363
0.00675952
0.00611643
0.00544893
0.00476271
0.0040637
0.00335798
0.00265167
0.00195091
0.00126177
0.000590169
-5.81572e-05
-0.000677749
-0.00126346
-0.00181052
-0.00231456
-0.0027717
-0.00317853
-0.00353218
-0.00383033
-0.00407122
-0.00425368
-0.00437712
-0.00444155
-0.00444754
-0.00439623
-0.00428928
-0.00412891
-0.0039178
-0.00365907
-0.00335629
-0.00301338
-0.00263462
-0.00222455
-0.00178796
-0.00132984
-0.000855314
-0.00036958
0.000122129
0.00061461
0.00110275
0.00158159
0.00204636
0.00249256
0.00291601
0.00331288
0.00367974
0.00401362
0.004312
0.00457284
0.00479463
0.00497632
0.00511741
0.00521784
0.00527804
0.0052989
0.00528171
0.00522815
0.00514026
0.00502039
0.00487117
0.00469546
0.00449632
0.00427698
0.00404075
0.00379105
0.00353127
0.00326483
0.00299504
0.00272513
0.00245817
0.00219703
0.00194435
0.00170252
0.00147363
0.00125946
0.00106146
0.000880716
0.000717987
0.000573665
0.000447799
0.000340098
0.00024995
0.000176442
0.00011838
7.43197e-05
4.25995e-05
2.1371e-05
8.63837e-06
2.29608e-06
1.70076e-07
0
-0
-0
-0
-0
-0
-0
-0
-0
-0
-0
-0
-0
-0
-0
-0
-0
-0
-0
-0
-0
-0
-0
-0
-0
-0
-0
-0
-0
-0
-0
-0
-0
-0
-0
-0
-0
-0
-0
-0
-0
0
0
0
0
0
0
0
0
0
0
0
0
0
0
0
0
0
0
0
0
0
0
0
0
0
0
0
0
0
0
0
0
0
0
0
0
0
0
0
0
0
0
0
0
0
0
0
0
0
0
0
0
-0
-0
-0
-0
-0
-0
-0
-0
-0
-0
-0
-0
-0
-0
-0
-0
-0
-0
-0
-0
-0
-0
-0
-0
-0
-0
-0
-0
-0
-0
-0
-0
0
0
0
0
0
0
0
0
0
0
0
0
0
0
0
0
0
0
0
0
0
0
0
0
0
0
0
0
0
0
0
0
0
0
0
0
0
0
0
0
0
0
0
0
0
0
0
-0
-0
-0
-0
-0
-0
-0
-0
-0
-0
-0
-0
-0
-0
-0
-0
-0
-0
-0
-0
-0
-0
-0
-0
-0
-0
-0
-0
-0
-0
-0
-0
-0
-0
-0
-0
-0
-0
-0
-0
-0
-0
-0
-0
-0
-0
-0
-0
-0
-0
-0
-0
-0
-0
-0
-0
-0
-0
-0
-0
-0
-0
-0
-0
-0
0
0
0
0
-0
-0
-0
-0
-0
-0
-0
-0
-0
-0
-0
-0
-0
-0
-0
-0
-0
-0
-0
-0
-0
-0
-0
-0
-0
-0
-0
-0
-0
-0
-0
-0
-0
-0
-0
-0
-0
-0
-0
-0
-0
-0
-0
-0
-0
-0
-0
-0
-0
-0
-0
-0
-0
-0
-0
-0
-0
-0
-0
-0
-0
-0
-0
-0
-0
-0
-0
-0
-0
-0
-0
-0
-0
-0
-0
-0
-0
-0
-0
-0
-0
-0
-0
-0
-0
-0
-0
-0
-0
-0
-0
-0
-2.34683e-07
-2.18902e-06
-6.57236e-06
-1.39645e-05
-2.49845e-05
-4.02789e-05
-6.05105e-05
-8.63447e-05
-0.000118437
-0.000157417
-0.000203881
-0.000258369
-0.000321363
-0.000393268
-0.000474402
-0.000564993
-0.000665164
-0.000774932
-0.0008942
-0.00102276
-0.00116028
-0.00130633
-0.00146035
-0.00162168
-0.00178957
-0.00196314
-0.00214147
-0.00232353
-0.00250824
-0.00269447
-0.00288105
-0.00306677
-0.00325044
-0.00343083
-0.00360675
-0.00377702
-0.0039405
-0.00409611
-0.0042428
-0.00437958
-0.00450558
-0.00461997
-0.00472203
-0.00481115
-0.00488681
-0.00494863
-0.00499637
-0.00502991
-0.00504929
-0.00505465
-0.00504637
-0.0050249
-0.00499086
-0.004945
-0.00488817
-0.00482135
-0.00474562
-0.00466209
-0.00457195
-0.00447639
-0.00437667
-0.00427403
-0.0041697
-0.00406491
-0.00396084
-0.00385868
-0.0037596
-0.00366472
-0.00357515
-0.00349193
-0.00341613
-0.00334874
-0.00329072
-0.00324295
-0.00320621
-0.00318126
-0.0031687
-0.00316904
-0.00318264
-0.00320971
-0.00325034
-0.00330447
-0.00337187
-0.00345218
-0.00354488
-0.00364936
-0.00376489
-0.00389066
-0.00402574
-0.00416917
-0.00432043
-0.00448052
-0.00464883
-0.00482457
-0.00500695
-0.00519515
-0.00538837
-0.00558579
-0.00578659
-0.00598998
-0.00619509
-0.00640107
-0.00660709
-0.00681232
-0.00701602
-0.00721732
-0.00741547
-0.00760975
-0.00779947
-0.00798411
-0.00816299
-0.0083356
-0.00850145
-0.00866014
-0.00881141
-0.00895483
-0.00909011
-0.00921701
-0.00933533
-0.00944499
-0.00954577
-0.00963756
-0.00972029
-0.00979397
-0.00985868
-0.00991444
-0.00996141
-0.00999978
-0.0100298
-0.0100518
-0.0100661
-0.0100731
-0.0100734
-0.0100673
-0.0100551
-0.0100376
-0.0100152
-0.00998826
-0.00995734
-0.00992246
-0.00988432
-0.00984328
-0.00979963
-0.00975368
-0.00970517
-0.00965488
-0.00960306
-0.00954995
-0.00949579
-0.00944015
-0.00938391
-0.00932728
-0.00927045
-0.00921355
-0.00915593
-0.0090984
-0.00904096
-0.00898353
-0.00892597
-0.00886734
-0.0088081
-0.00874793
-0.00868646
-0.00862329
-0.00855741
-0.00848895
-0.00841748
-0.00834257
-0.00826381
-0.00818057
-0.00809274
-0.00799999
-0.007902
-0.0077985
-0.00768951
-0.00757449
-0.00745319
-0.0073254
-0.0071909
-0.00705046
-0.00690292
-0.00674812
-0.00658594
-0.00641629
-0.00624091
-0.00605804
-0.00586779
-0.0056703
-0.00546582
-0.00525722
-0.00504235
-0.00482166
-0.0045957
-0.0043651
-0.00413373
-0.00389912
-0.00366208
-0.00342347
-0.00318417
-0.00294866
-0.00271442
-0.00248248
-0.00225393
-0.0020299
-0.00181495
-0.0016069
-0.00140701
-0.00121656
-0.00103687
-0.000871876
-0.000720304
-0.000583479
-0.000462724
-0.000359345
-0.000275796
-0.000212101
-0.000169411
-0.000148809
-0.000151303
-0.000176902
-0.000227316
-0.000303236
-0.000405242
-0.000533789
-0.000685697
-0.000864651
-0.00107069
-0.00130371
-0.00156345
-0.00184317
-0.00214865
-0.00247915
-0.00283382
-0.00321162
-0.00360235
-0.00401369
-0.00444416
-0.00489213
-0.00535581
-0.00582227
-0.0063005
-0.00678835
-0.00728353
-0.00778365
-0.00827434
-0.00876492
-0.00925275
-0.00973513
-0.0102093
-0.0106613
-0.0110994
-0.0115208
-0.0119226
-0.0123021
-0.0126478
-0.0129654
-0.0132522
-0.0135054
-0.0137225
-0.013897
-0.0140302
-0.0141199
-0.0141638
-0.01416
-0.0141089
-0.0140066
-0.0138515
-0.0136425
-0.0133786
-0.0130692
-0.012704
-0.0122829
-0.0118062
-0.0112744
-0.0107061
-0.0100849
-0.00941219
-0.00868989
-0.00792012
-0.00712968
-0.00629691
-0.00542483
-0.00451677
-0.00357635
-0.00263651
-0.0016724
-0.000688423
0.000310714
0.00132004
0.00230395
0.00328755
0.00426538
0.00523178
0.00618102
0.00707952
0.00794928
0.00878456
0.00957965
0.0103289
0.0110062
0.0116268
0.0121857
0.012678
0.013099
0.0134348
0.0136909
0.0138634
0.013949
0.0139445
0.0138525
0.0136656
0.013382
0.0130005
0.0125204
0.0119624
0.0113057
0.010551
0.00969972
0.00875379
0.00775252
0.00666205
0.00548594
0.00422828
0.00289376
0.0015373
0.000114765
-0.00136774
-0.00290361
-0.00448572
-0.00604892
-0.00764302
-0.00925985
-0.0108908
-0.0125271
-0.0141007
-0.0156613
-0.0171995
-0.018706
-0.0201711
-0.0215334
-0.0228358
-0.0240693
-0.025225
-0.0262944
-0.0272313
-0.0280657
-0.0287903
-0.029398
-0.0298823
-0.0302202
-0.0304232
-0.0304864
-0.0304055
-0.0301768
-0.0298057
-0.0292816
-0.028603
-0.0277691
-0.0267801
-0.0256716
-0.0244104
-0.0229993
-0.0214416
-0.0197416
-0.0179634
-0.016054
-0.0140201
-0.011869
-0.0096092
-0.00732693
-0.00495432
-0.0025015
2.07624e-05
0.00260105
0.00514038
0.00771367
0.0103084
0.0129114
0.0155096
0.0180031
0.0204646
0.0228807
0.0252377
0.0275223
0.0296471
0.0316734
0.033589
0.035382
0.0370411
0.0385039
0.0398122
0.0409572
0.0419304
0.0427245
0.0433114
0.0437071
0.0439072
0.0439081
0.0437072
0.0433152
0.0427194
0.0419203
0.0409197
0.0397202
0.0383715
0.0368327
0.0351098
0.0332098
0.0311409
0.0289862
0.0266816
0.0242378
0.0216665
0.0189802
0.0162856
0.0135028
0.0106458
0.00772928
0.00476827
0.00187935
-0.00102351
-0.00392502
-0.00680979
-0.00966247
-0.0123718
-0.0150192
-0.0175907
-0.0200725
-0.0224513
-0.0246356
-0.0266927
-0.0286118
-0.0303827
-0.0319962
-0.0333924
-0.0346157
-0.0356598
-0.0365194
-0.03719
-0.0376498
-0.0379148
-0.0379835
-0.0378556
-0.0375315
-0.037029
-0.0363344
-0.0354511
-0.0343838
-0.0331379
-0.031768
-0.0302336
-0.028543
-0.0267056
-0.0247314
-0.0227036
-0.0205614
-0.0183167
-0.0159819
-0.0135699
-0.0111802
-0.00873962
-0.00626134
-0.0037586
-0.00124467
0.00117882
0.00358778
0.00596984
0.00831292
0.0106052
0.0127558
0.0148336
0.0168283
0.0187303
0.0205306
0.0221594
0.0236705
0.0250569
0.0263126
0.0274324
0.0283751
0.029174
0.0298266
0.0303311
0.0306869
0.0308838
0.030933
0.0308361
0.0305959
0.0302156
0.029714
0.0290811
0.0283223
0.0274433
0.0264509
0.0253864
0.0242228
0.0229679
0.0216298
0.0202172
0.0187857
0.0172974
0.0157614
0.0141868
0.012583
0.0110107
0.00942764
0.00784286
0.00626524
0.00470344
0.003214
0.00175669
0.00033903
-0.00103191
-0.00234953
-0.00356837
-0.00472243
-0.00580695
-0.00681779
-0.0077515
-0.00857764
-0.00932178
-0.00998253
-0.0105592
-0.0110517
-0.0114448
-0.0117555
-0.0119855
-0.0121369
-0.0122125
-0.0122093
-0.012137
-0.0119994
-0.0118007
-0.0115455
-0.0112381
-0.0108837
-0.0104876
-0.0100548
-0.00959084
-0.00910176
-0.00859213
-0.00806716
-0.00753201
-0.00699166
-0.00644919
-0.00591069
-0.00538027
-0.00486165
-0.00435814
-0.0038665
-0.0033953
-0.00294651
-0.00252166
-0.00212181
-0.0017373
-0.00137874
-0.00104609
-0.000738914
-0.000456482
-0.000185999
6.19068e-05
0.000288608
0.000495715
0.000685063
0.000867397
0.001036
0.00119306
0.00134091
0.00148209
0.00161951
0.00175546
0.0018926
0.00203366
0.00218144
0.00232557
0.00248183
0.0026528
0.00284096
0.00304864
0.00324815
0.00347131
0.00371982
0.00399508
0.00429823
0.00458289
0.00489674
0.00523989
0.00561207
0.00601259
0.00637887
0.00677109
0.00718754
0.00762611
0.00808431
0.00848978
0.00890925
0.00933966
0.00977772
0.0102199
0.0105942
0.0109657
0.0113312
0.0116872
0.0120305
0.0123006
0.0125518
0.0127811
0.0129859
0.0131633
0.0132753
0.013355
0.0133999
0.013408
0.0133769
0.0132992
0.0131784
0.0130128
0.0128009
0.0125413
0.0122621
0.0119332
0.0115543
0.0111251
0.0106459
0.0101807
0.00966691
0.00910563
0.00849845
0.00784727
0.00724672
0.00660658
0.00592933
0.00521768
0.00447461
0.00381445
0.00312889
0.00242097
0.00169392
0.000951164
0.000312556
-0.000335015
-0.000988237
-0.00164361
-0.00229746
-0.00283999
-0.00337386
-0.00389432
-0.00439613
-0.00487482
-0.0052455
-0.00558536
-0.00589099
-0.00615914
-0.00638683
-0.00652864
-0.00662582
-0.00667682
-0.00668047
-0.00663597
-0.00654349
-0.00640267
-0.00621414
-0.00597895
-0.00569855
-0.00541619
-0.00509169
-0.00472761
-0.00432688
-0.0038928
-0.00350157
-0.00308196
-0.0026378
-0.00217317
-0.00169234
-0.00128917
-0.000874796
-0.000453267
-2.86754e-05
0.00039491
0.00072286
0.00104673
0.00136332
0.00166955
0.00196253
0.00216126
0.00234649
0.00251644
0.00266951
0.00280434
0.00286255
0.00290468
0.00293037
0.00293944
0.0029319
0.00287466
0.00280432
0.00272162
0.00262744
0.00252277
0.00239678
0.00226387
0.0021254
0.00198276
0.00183733
0.00169361
0.00154955
0.00140649
0.00126572
0.00112847
0.00100644
0.000888519
0.000775658
0.000668692
0.000568339
0.000486728
0.000410675
0.000340625
0.000276911
0.000219758
0.000177738
0.00014034
0.000107624
7.95669e-05
5.60625e-05
4.11802e-05
2.88986e-05
1.9087e-05
1.15659e-05
6.10998e-06
3.60589e-06
1.87466e-06
7.91665e-07
2.17201e-07
