0
0
0
0
0
0
0
0
0
0
0
0
0
0
0
0
0
0
0
0
0
0
0
0
0
0
0
0
0
0
0
0
0
0
0
0
0
0
0
0
0
0
0
0
0
0
0
0
0
0
0
0
0
0
0
0
0
0
0
0
0
0
0
0
0
0
0
0
0
0
0
0
0
0
0
0
0
0
0
0
0
0
0
0
0
0
0
0
0
0
0
0
0
0
0
0
0
0
0
0
0
0
0
0
0
0
0
0
0
0
0
0
0
0
0
0
0
0
0
0
0
0
0
0
0
0
0
0
0
0
0
0
0
0
0
0
0
0
0
0
0
0
0
0
0
0
0
0
0
0
0
0
0
0
0
0
0
0
0
0
0
0
0
0
0
0
0
0
0
0
0
0
0
0
0
0
0
0
0
0
0
0
0
0
0
0
0
0
0
0
0
0
0
0
0
0
0
0
0
0
0
0
0
0
0
0
0
0
0
0
0
0
0
0
0
0
0
0
0
0
0
0
0
0
0
0
0
0
0
0
0
0
0
0
0
0
0
0
0
0
0
0
0
0
0
0
0
0
0
0
0
0
0
0
0
0
0
0
0
0
0
0
0
0
0
0
0
0
0
0
0
0
0
0
0
0
0
0
0
0
0
0
0
0
0
0
0
0
0
0
0
0
0
0
0
0
0
0
0
0
0
0
0
0
0
0
0
0
0
0
0
0
0
0
0
0
0
0
0
0
0
0
1.42089e-07
5.54271e-06
1.87173e-05
3.94332e-05
6.72485e-05
0.000101519
0.000141409
0.0001859
0.000233809
0.000283803
0.000334421
0.000384088
0.000431145
0.000473867
0.000510491
0.00053924
0.000558345
0.000566077
0.000560765
0.000540824
0.00050478
0.000451286
0.000379151
0.000287352
0.000175058
4.16399e-05
-0.000113309
-0.000289966
-0.000488265
-0.000707892
-0.000948279
-0.0012086
-0.00148778
-0.00178449
-0.00209715
-0.00242395
-0.00276285
-0.00311162
-0.00346782
-0.00382886
-0.00419198
-0.00455431
-0.00491288
-0.00526462
-0.00560644
-0.0059352
-0.00624776
-0.00654104
-0.00681196
-0.00705756
-0.00727498
-0.00746147
-0.00761447
-0.00773158
-0.00781064
-0.0078497
-0.00784707
-0.00780137
-0.00771148
-0.00757661
-0.00739629
-0.0071704
-0.00689913
-0.00658304
-0.006223
-0.00582026
-0.00537634
-0.00489315
-0.00437285
-0.00381795
-0.0032312
-0.00261567
-0.00197465
-0.00131167
-0.00063049
6.49593e-05
0.000770575
0.00148212
0.00219527
0.0029056
0.00360871
0.00430016
0.00497558
0.0056307
0.00626134
0.00686352
0.00743344
0.00796751
0.00846242
0.00891512
0.0093231
0.00968814
0.0100101
0.0102876
0.0105196
0.010705
0.010843
0.0109329
0.0109744
0.010967
0.0109108
0.0108058
0.0106524
0.0104509
0.0102023
0.00990728
0.00956706
0.00918295
0.00875645
0.00828928
0.00778333
0.00724067
0.00666354
0.00605433
0.00541558
0.00474998
0.00406033
0.00334956
0.00262071
0.00187692
0.0011214
0.00035748
-0.000411487
-0.00118208
-0.00195083
-0.00271428
-0.00346896
-0.00421139
-0.00493818
-0.00564596
-0.00633146
-0.0069915
-0.00762302
-0.00822309
-0.00878893
-0.00931791
-0.00980759
-0.0102557
-0.0106602
-0.0110191
-0.0113309
-0.011594
-0.0118072
-0.0119695
-0.0120802
-0.0121387
-0.0121448
-0.0120983
-0.0119996
-0.0118491
-0.0116475
-0.0113959
-0.0110954
-0.0107475
-0.0103538
-0.00991628
-0.00943691
-0.00891794
-0.00836171
-0.00777074
-0.00714764
-0.00649512
-0.005816
-0.00511315
-0.00438955
-0.00364821
-0.00289221
-0.00212466
-0.00134874
-0.000567633
0.000215444
0.000997267
0.00177462
0.00254431
0.00330318
0.00404813
0.00477614
0.00548428
0.00616971
0.00682974
0.00746179
0.00806341
0.00863232
0.00916635
0.00966349
0.0101219
0.0105397
0.0109155
0.0112476
0.0115348
0.0117758
0.0119695
0.0121149
0.0122113
0.0122578
0.012254
0.0121995
0.0120941
0.0119378
0.0117308
0.0114733
0.0111661
0.0108097
0.0104052
0.00995352
0.00945599
0.008914
0.0083291
0.00770299
0.00703749
0.00633456
0.00559629
0.00482489
0.0040227
0.00319219
0.00233595
0.00145671
0.000557322
-0.000359225
-0.00128982
-0.00223124
-0.00318013
-0.00413305
-0.00508646
-0.00603674
-0.00698022
-0.00791316
-0.00883179
-0.00973231
-0.0106109
-0.0114638
-0.0122872
-0.0130773
-0.0138304
-0.0145429
-0.015211
-0.0158313
-0.0164003
-0.0169147
-0.0173713
-0.017767
-0.018099
-0.0183645
-0.0185611
-0.0186865
-0.0187388
-0.0187162
-0.0186172
-0.0184407
-0.0181859
-0.0178522
-0.0174394
-0.0169477
-0.0163775
-0.0157297
-0.0150055
-0.0142063
-0.0133342
-0.0123914
-0.0113805
-0.0103047
-0.00916742
-0.00797239
-0.00672384
-0.00542631
-0.0040847
-0.00270422
-0.00129038
0.00015101
0.00161392
0.0030921
0.00457909
0.00606832
0.00755305
0.0090265
0.0104818
0.011912
0.0133104
0.0146699
0.0159838
0.0172454
0.0184481
0.0195853
0.0206509
0.0216388
0.0225431
0.0233584
0.0240794
0.0247015
0.0252202
0.0256316
0.0259323
0.0261194
0.0261907
0.0261443
0.0259793
0.0256949
0.0252913
0.0247693
0.02413
0.0233755
0.0225082
0.0215311
0.020448
0.0192629
0.0179805
0.016606
0.0151452
0.013604
0.0119892
0.0103078
0.00856714
0.00677512
0.0049399
0.00307001
0.00117425
-0.000738337
-0.0026585
-0.00457683
-0.00648384
-0.00837003
-0.0102259
-0.012042
-0.0138092
-0.0155185
-0.017161
-0.0187286
-0.0202132
-0.0216073
-0.0229041
-0.0240969
-0.0251801
-0.0261484
-0.0269973
-0.0277228
-0.0283218
-0.0287918
-0.0291309
-0.029338
-0.0294127
-0.0293554
-0.029167
-0.0288492
-0.0284042
-0.0278351
-0.0271454
-0.0263394
-0.0254218
-0.0243979
-0.0232736
-0.0220551
-0.0207492
-0.019363
-0.0179041
-0.0163801
-0.0147993
-0.0131698
-0.0115002
-0.00979891
-0.00807465
-0.00633605
-0.00459176
-0.00285033
-0.00112023
0.000590245
0.002273
0.00392016
0.00552415
0.00707769
0.00857386
0.0100061
0.0113683
0.0126547
0.0138602
0.0149801
0.01601
0.0169464
0.0177862
0.0185267
0.019166
0.0197026
0.0201357
0.020465
0.0206906
0.0208135
0.0208349
0.0207565
0.0205808
0.0203104
0.0199486
0.019499
0.0189655
0.0183525
0.0176647
0.0169071
0.0160849
0.0152036
0.0142689
0.0132866
0.0122627
0.0112032
0.0101142
0.0090018
0.00787218
0.00673135
0.00558525
0.00443971
0.00330041
0.00217284
0.00106229
-2.61881e-05
-0.0010878
-0.00211802
-0.0031126
-0.00406761
-0.00497945
-0.00584481
-0.00666075
-0.00742467
-0.0081343
-0.00878775
-0.00938347
-0.00992027
-0.0103973
-0.0108141
-0.0111705
-0.0114666
-0.0117031
-0.0118806
-0.0120002
-0.0120634
-0.0120718
-0.0120271
-0.0119314
-0.011787
-0.0115964
-0.0113621
-0.0110867
-0.0107732
-0.0104244
-0.0100434
-0.00963302
-0.00919652
-0.00873691
-0.0082573
-0.00776074
-0.00725028
-0.00672888
-0.00619947
-0.00566488
-0.00512784
-0.00459099
-0.00405683
-0.00352776
-0.00300602
-0.00249373
-0.00199285
-0.0015052
-0.00103244
-0.000576077
-0.000137472
0.000282176
0.000681818
0.00106056
0.00141766
0.00175251
0.00206468
0.00235385
0.00261984
0.00286261
0.00308224
0.00327892
0.00345297
0.00360477
0.00373482
0.00384368
0.00393199
0.00400044
0.00404976
0.00408075
0.00409421
0.00409098
0.00407192
0.0040379
0.0039898
0.0039285
0.00385489
0.00376985
0.00367425
0.00356757
0.00344887
0.00331931
0.00318011
0.0030325
0.00287769
0.0027169
0.00255129
0.00238203
0.00221023
0.00203693
0.00186317
0.00168989
0.001518
0.00134835
0.00118172
0.00101885
0.000860413
0.000707036
0.000559286
0.00041768
0.000282686
0.00015472
3.41535e-05
-7.86912e-05
-0.000183535
-0.000280144
-0.000368325
-0.000447925
-0.000518832
-0.00058097
-0.0006343
-0.00067882
-0.000714561
-0.00074159
-0.000760006
-0.000769943
-0.000771571
-0.000765092
-0.000750743
-0.000728797
-0.00069956
-0.000663375
-0.000620618
-0.000571703
-0.000517074
-0.000457212
-0.000392631
-0.000323874
-0.000251519
-0.00017617
-9.84602e-05
-1.90468e-05
6.13908e-05
0.000142155
0.000222533
0.000301802
0.000379236
0.000454108
0.000525699
0.000593303
0.000656231
0.000713824
0.00076545
0.000810521
0.000848489
0.000878859
0.000901189
0.0009151
0.000920281
0.000916488
0.000903555
0.000881397
0.000850008
0.000809473
0.000759962
0.000701734
0.000635141
0.000560619
0.000478694
0.00038997
0.00029513
0.000194928
9.01806e-05
-1.82411e-05
-0.000129419
-0.000242398
-0.000356196
-0.000470068
-0.000583507
-0.000696454
-0.000809216
-0.000921681
-0.00103371
-0.00114503
-0.00125554
-0.001365
-0.00147311
-0.00157955
-0.00168391
-0.0017858
-0.00188477
-0.00198029
-0.00207183
-0.00215884
-0.00224063
-0.00231654
-0.00238589
-0.00244795
-0.00250217
-0.0025476
-0.00258348
-0.00260903
-0.00262348
-0.00262643
-0.00261677
-0.00259375
-0.00255668
-0.00250489
-0.00243837
-0.00235598
-0.00225722
-0.0021417
-0.00200909
-0.00186002
-0.00169356
-0.00150974
-0.00130868
-0.00109065
-0.000857068
-0.000607505
-0.00034264
-6.33035e-05
0.000229527
0.000533664
0.000848882
0.00117378
0.00150683
0.00184636
0.00218969
0.00253577
0.00288261
0.00322808
0.00356999
0.00390564
0.00423312
0.00455005
0.00485405
0.00514271
0.00541398
0.00566517
0.00589396
0.00609812
0.00627551
0.00642553
0.00654488
0.00663179
0.00668471
0.00670223
0.0066859
0.00663207
0.00654
0.00640923
0.00623952
0.00603491
0.00579179
0.00551076
0.00519272
0.00483885
0.0044556
0.00403979
0.00359344
0.00311886
0.00261861
0.0021009
0.00156336
0.00100925
0.000441982
-0.000134865
-0.000713044
-0.00129441
-0.00187571
-0.00245361
-0.00302468
-0.00358171
-0.00412499
-0.00465107
-0.00515648
-0.0056378
-0.00609007
-0.00651163
-0.00689934
-0.00725017
-0.00756124
-0.00783118
-0.00805615
-0.00823387
-0.00836227
-0.00843951
-0.00846879
-0.00844405
-0.00836427
-0.00822872
-0.00803699
-0.00779724
-0.0075014
-0.00715
-0.00674392
-0.00628437
-0.00578421
-0.00523401
-0.00463597
-0.00399266
-0.00330696
-0.00259544
-0.00184823
-0.00106913
-0.000262185
0.000568249
0.00140375
0.00225342
0.00311233
0.00397537
0.00483729
0.00568027
0.00651137
0.00732516
0.00811617
0.00887894
0.00959903
0.0102802
0.0109171
0.0115049
0.0120385
0.0125097
0.0129176
0.0132582
0.0135274
0.0137219
0.0138415
0.0138804
0.0138361
0.0137069
0.0134911
0.0131985
0.0128179
0.0123494
0.0117937
0.0111517
0.0104428
0.00965155
0.00878055
0.00783306
0.00681279
0.00574724
0.00461778
0.00342949
0.00218792
0.000899008
-0.000404378
-0.0017422
-0.00310758
-0.00449332
-0.00589199
-0.00726931
-0.00864422
-0.0100089
-0.0113554
-0.0126757
-0.0139387
-0.0151597
-0.0163311
-0.017445
-0.0184943
-0.0194553
-0.0203376
-0.0211345
-0.02184
-0.0224482
-0.0229476
-0.0233398
-0.0236206
-0.0237862
-0.0238338
-0.0237659
-0.0235756
-0.0232617
-0.0228238
-0.022262
-0.0215943
-0.0208052
-0.0198969
-0.0188722
-0.0177348
-0.0165166
-0.0151947
-0.0137745
-0.012262
-0.0106639
-0.00902275
-0.00731064
-0.00553552
-0.00370581
-0.00183035
4.2388e-05
0.0019424
0.00386015
0.00578586
0.00770962
0.00958318
0.0114349
0.013255
0.0150335
0.0167609
0.0183954
0.0199602
0.0214465
0.0228459
0.0241503
0.0253302
0.0264006
0.027355
0.0281877
0.0288934
0.029459
0.0298892
0.030181
0.0303319
0.0303403
0.0302116
0.0299392
0.0295238
0.0289667
0.02827
0.0274571
0.0265108
0.0254354
0.0242356
0.022917
0.0215183
0.0200135
0.0184098
0.0167149
0.0149371
0.0131256
0.0112486
0.00931559
0.00733596
0.00531959
0.00332014
0.00130395
-0.000718927
-0.00273839
-0.00474435
-0.00668548
-0.00859346
-0.0104588
-0.0122724
-0.0140253
-0.0156748
-0.0172472
-0.0187348
-0.0201306
-0.0214282
-0.0225988
-0.02366
-0.0246071
-0.0254362
-0.026144
-0.0267185
-0.027167
-0.0274881
-0.0276813
-0.0277464
-0.0276893
-0.0275062
-0.0271988
-0.0267698
-0.0262223
-0.0255781
-0.0248232
-0.0239622
-0.0230003
-0.0219432
-0.0208254
-0.0196248
-0.0183479
-0.0170018
-0.0155937
-0.0141661
-0.0126915
-0.0111774
-0.00963158
-0.00806187
-0.00651314
-0.00495589
-0.00339767
-0.00184594
-0.000308022
0.00117422
0.00262867
0.00404876
0.00542815
0.00676082
0.00801259
0.00920665
0.0103381
0.0114025
0.0123956
0.0132944
0.0141151
0.0148549
0.0155115
0.016083
0.0165592
0.0169478
0.0172484
0.0174608
0.0175853
0.0176245
0.0175776
0.017446
0.0172315
0.0169364
0.0165748
0.0161378
0.0156285
0.0150504
0.0144071
0.0137216
0.0129788
0.0121828
0.0113381
0.0104492
0.00954451
0.00860484
0.00763481
0.00663915
0.00562262
0.00461569
0.00359733
0.00257218
0.00154482
0.000519831
-0.000473815
-0.00145633
-0.00242354
-0.00337138
-0.00429594
-0.00517268
-0.00601891
-0.00683136
-0.00760695
-0.00834284
-0.00902122
-0.00965498
-0.0102421
-0.0107806
-0.011269
-0.0116975
-0.0120734
-0.0123959
-0.0126642
-0.0128781
-0.0130357
-0.0131385
-0.0131867
-0.0131808
-0.0131213
-0.0130141
-0.0128553
-0.0126459
-0.0123875
-0.0120816
-0.0117408
-0.0113563
-0.0109303
-0.0104652
-0.00996332
-0.00944179
-0.00888868
-0.00830668
-0.00769858
-0.00706719
-0.00643211
-0.0057795
-0.00511223
-0.00443323
-0.00374544
-0.00306882
-0.00238927
-0.00170968
-0.00103296
-0.000362004
0.000284766
0.000920147
0.00154142
0.00214594
0.00273113
0.0032819
0.00380856
0.00430892
0.00478094
0.0052227
0.00562387
0.00599147
0.00632411
0.00662054
0.00687971
0.00709677
0.00727492
0.00741359
0.00751238
0.00757106
0.00759041
0.00756966
0.00750906
0.00740903
0.00727016
0.00709853
0.00688975
0.00664488
0.00636518
0.00605205
0.00571602
0.00534978
0.00495513
0.004534
0.00408844
0.00363209
0.00315562
0.0026613
0.00215146
0.00162847
0.00110754
0.000578313
4.32156e-05
-0.0004953
-0.00103478
-0.00156007
-0.00208149
-0.00259667
-0.00310329
-0.00359906
-0.00407042
-0.00452661
-0.0049656
-0.00538548
-0.00578443
-0.00615177
-0.00649494
-0.00681253
-0.00710328
-0.00736609
-0.00759414
-0.0077925
-0.00796053
-0.00809775
-0.00820383
-0.00827626
-0.00831732
-0.00832713
-0.00830593
-0.00825406
-0.00817326
-0.0080629
-0.00792371
-0.00775654
-0.00756232
-0.0073466
-0.00710603
-0.00684184
-0.00655534
-0.00624793
-0.0059283
-0.00559071
-0.00523592
-0.00486359
-0.00447589
-0.00408441
-0.0036823
-0.00327198
-0.00285583
-0.00243626
-0.00202579
-0.00161642
-0.00121035
-0.000809739
-0.000416631
-4.30977e-05
0.000319294
0.000668825
0.00100389
0.00132302
0.00161574
0.0018902
0.00214536
0.00238035
0.00259442
0.00277961
0.00294314
0.00308475
0.00320435
0.00330201
0.00337266
0.00342209
0.00345078
0.0034593
0.00344837
0.00341586
0.00336574
0.00329901
0.00321675
0.00312009
0.00300948
0.00288698
0.00275389
0.00261152
0.00246124
0.00230543
0.00214436
0.00197936
0.00181178
0.00164291
0.00147628
0.00131067
0.00114723
0.000987089
0.000831281
0.000683647
0.00054195
0.000407015
0.000279591
0.000160338
5.27012e-05
-4.60412e-05
-0.000135498
-0.000215371
-0.000285463
-0.000343258
-0.000391521
-0.000430346
-0.000459925
-0.000480545
-0.000490874
-0.000493394
-0.000488636
-0.000477203
-0.000459763
-0.000436063
-0.000408077
-0.000376591
-0.000342414
-0.00030637
-0.000268885
-0.000231314
-0.000194441
-0.000159016
-0.000125751
-9.52167e-05
-6.81539e-05
-4.50792e-05
-2.64307e-05
-1.25607e-05
-3.72725e-06
-9.58652e-08
0
0
0
0
0
0
0
0
0
0
0
0
0
0
0
0
0
0
0
0
0
0
0
0
0
0
0
0
0
0
0
0
0
0
0
0
0
0
0
0
0
0
0
0
0
0
0
0
0
0
0
0
0
0
0
0
0
0
0
0
0
0
0
0
0
0
0
0
0
0
0
0
0
0
0
0
0
0
0
0
0
0
0
0
0
0
0
0
0
0
0
0
0
0
0
0
0
0
0
0
0
0
0
0
0
0
0
0
0
0
0
0
0
0
0
0
0
0
0
0
0
0
0
0
0
0
0
0
0
0
0
0
0
0
0
0
0
0
0
0
0
0
0
0
0
0
0
0
0
0
0
0
0
0
0
0
0
0
0
0
0
0
0
0
0
0
0
0
0
0
0
0
0
0
0
0
0
0
0
0
0
0
0
0
0
0
0
0
0
0
0
0
0
0
0
0
0
0
0
0
0
0
0
0
0
0
0
0
0
0
0
0
0
0
0
0
0
0
0
0
0
0
0
0
0
0
0
0
0
0
0
0
0
0
0
0
0
0
0
0
0
0
0
0
0
0
0
0
0
0
0
0
0
0
0
0
0
0
0
0
0
0
0
0
0
0
0
0
0
0
0
0
0
0
0
0
0
0
0
0
0
0
0
0
0
0
0
0
0
0
0
0
0
0
0
0
0
0
0
0
0
0
0
0
0
0
0
0
0
0
0
0
0
0
0
0
0
0
0
0
0
0
