0
0
0
0
0
0
0
0
0
0
0
0
0
0
0
0
0
0
0
0
0
0
0
0
0
0
0
0
0
0
0
0
0
0
0
0
0
0
0
0
0
0
0
0
0
0
0
0
0
0
0
0
0
0
0
0
0
0
0
0
0
0
0
0
0
0
0
0
0
0
0
0
0
0
0
0
0
0
0
0
0
0
0
0
0
0
0
0
0
0
0
0
0
0
0
0
0
0
0
0
0
0
0
0
0
0
0
0
0
0
0
0
0
0
0
0
0
0
0
0
0
0
0
0
0
0
0
0
0
0
0
0
0
0
0
0
0
0
0
0
0
0
0
0
0
0
0
0
0
0
0
0
0
0
0
0
0
0
0
0
0
0
0
0
0
0
0
0
0
0
0
0
0
0
0
0
0
0
0
0
0
0
0
0
0
0
0
0
0
0
0
0
0
0
0
0
0
0
0
0
0
0
0
0
0
0
0
0
0
0
0
0
0
0
0
0
0
0
0
0
0
0
0
0
0
0
0
0
0
0
0
0
0
0
0
0
0
0
0
0
0
0
0
0
0
0
0
0
0
0
0
0
0
0
0
0
0
0
0
0
0
0
0
0
0
0
0
0
0
0
0
0
0
0
0
0
0
0
0
0
0
0
0
0
0
0
0
0
0
0
0
0
0
0
0
0
0
0
0
0
0
0
0
0
0
0
0
0
0
0
0
0
0
0
0
0
0
0
0
0
0
0
0
0
0
0
0
0
0
0
0
0
0
0
0
0
0
0
0
0
0
0
0
0
0
0
0
0
0
0
0
0
0
0
0
0
0
0
0
0
0
0
0
0
0
0
0
0
0
0
0
0
0
0
0
0
0
0
0
0
0
0
0
0
2.21409e-07
1.04211e-06
2.3842e-06
4.13672e-06
6.16757e-06
8.32539e-06
1.0442e-05
1.23356e-05
1.3815e-05
1.46837e-05
1.47436e-05
1.37981e-05
1.16551e-05
8.13073e-06
3.05346e-06
-3.73074e-06
-1.23543e-05
-2.29248e-05
-3.55217e-05
-5.01936e-05
-6.69537e-05
-8.57766e-05
-0.000106596
-0.000129306
-0.000153762
-0.000179785
-0.000207159
-0.000235628
-0.000264896
-0.000294623
-0.000324435
-0.000353929
-0.00038268
-0.000410249
-0.000436178
-0.000459994
-0.000481208
-0.000499326
-0.000513857
-0.000524323
-0.000530262
-0.000531232
-0.000526817
-0.000516629
-0.000500328
-0.000477628
-0.0004483
-0.000412175
-0.00036913
-0.000319088
-0.000262026
-0.000197986
-0.000127093
-4.95535e-05
3.43475e-05
0.000124266
0.000219811
0.000320541
0.000425953
0.000535462
0.0006484
0.000764023
0.000881534
0.00100011
0.00111892
0.0012371
0.00135381
0.00146814
0.00157918
0.00168602
0.00178775
0.0018835
0.00197244
0.00205375
0.00212666
0.00219047
0.00224454
0.00228832
0.00232133
0.00234319
0.00235356
0.00235216
0.00233877
0.00231325
0.00227559
0.00222591
0.00216445
0.00209155
0.00200762
0.00191314
0.00180911
0.00169665
0.00157619
0.00144823
0.00131333
0.00117209
0.00102514
0.000873164
0.000716849
0.000556919
0.000394108
0.000229151
6.27831e-05
-0.000104263
-0.000271246
-0.000437407
-0.000601969
-0.000764148
-0.000923166
-0.00107827
-0.00122875
-0.00137393
-0.00151316
-0.00164583
-0.00177132
-0.00188905
-0.00199848
-0.00209909
-0.00219041
-0.00227201
-0.00234349
-0.0024045
-0.00245473
-0.00249395
-0.00252197
-0.0025387
-0.00254409
-0.00253814
-0.00252091
-0.00249248
-0.00245297
-0.00240256
-0.00234149
-0.00227006
-0.0021886
-0.00209751
-0.0019972
-0.00188815
-0.00177082
-0.00164576
-0.00151351
-0.00137465
-0.0012298
-0.00107961
-0.00092473
-0.000765866
-0.000603716
-0.000438979
-0.000272336
-0.000104451
6.4024e-05
0.000232435
0.000400113
0.000566373
0.000730528
0.000891899
0.00104983
0.00120371
0.00135293
0.00149691
0.0016351
0.00176696
0.00189198
0.0020097
0.00211971
0.00222167
0.00231525
0.00240019
0.00247625
0.0025432
0.00260086
0.00264905
0.00268761
0.00271641
0.00273536
0.0027444
0.00274357
0.00273296
0.00271271
0.002683
0.00264403
0.00259602
0.00253919
0.00247382
0.00240023
0.00231874
0.00222973
0.00213355
0.0020306
0.00192127
0.00180602
0.00168533
0.00155973
0.00142974
0.00129587
0.00115859
0.00101838
0.00087569
0.000731023
0.000584884
0.000437802
0.000290305
0.000142915
-3.85135e-06
-0.000149486
-0.00029349
-0.00043539
-0.000574749
-0.000711172
-0.000844288
-0.000973725
-0.00109909
-0.00121997
-0.00133595
-0.00144667
-0.00155182
-0.00165119
-0.00174455
-0.00183167
-0.00191227
-0.00198602
-0.00205258
-0.0021117
-0.00216322
-0.00220708
-0.00224328
-0.00227184
-0.0022927
-0.00230578
-0.00231099
-0.00230827
-0.00229764
-0.00227914
-0.00225286
-0.00221885
-0.00217713
-0.0021277
-0.00207059
-0.00200589
-0.00193374
-0.00185435
-0.00176794
-0.0016747
-0.00157482
-0.00146846
-0.00135581
-0.00123712
-0.0011127
-0.000982908
-0.000848117
-0.000708689
-0.000564949
-0.000417193
-0.000265718
-0.000110852
4.70232e-05
0.000207467
0.000370003
0.000534148
0.000699429
0.00086539
0.00103158
0.00119752
0.00136272
0.00152662
0.00168868
0.00184832
0.002005
0.00215816
0.00230726
0.00245172
0.00259095
0.00272434
0.00285132
0.00297132
0.00308384
0.00318835
0.00328434
0.00337126
0.00344855
0.00351566
0.00357207
0.00361729
0.00365091
0.00367255
0.00368188
0.00367859
0.00366243
0.00363319
0.00359069
0.00353482
0.00346549
0.00338261
0.00328616
0.00317615
0.00305265
0.00291584
0.00276597
0.00260336
0.00242842
0.00224161
0.00204344
0.00183448
0.00161533
0.00138669
0.00114929
0.000903925
0.000651465
0.000392824
0.000128978
-0.000139047
-0.000410192
-0.000683376
-0.000957504
-0.00123146
-0.00150412
-0.00177432
-0.00204084
-0.00230246
-0.00255791
-0.00280592
-0.00304526
-0.00327468
-0.00349301
-0.00369911
-0.00389189
-0.0040703
-0.00423338
-0.0043802
-0.00450988
-0.0046216
-0.00471462
-0.00478823
-0.00484181
-0.00487483
-0.00488687
-0.00487758
-0.00484674
-0.00479424
-0.00472011
-0.00462446
-0.00450753
-0.00436964
-0.00421121
-0.00403272
-0.00383475
-0.00361796
-0.00338313
-0.00313115
-0.002863
-0.00257978
-0.00228269
-0.001973
-0.00165209
-0.00132139
-0.000982397
-0.000636652
-0.000285701
6.89045e-05
0.000425608
0.000782842
0.00113902
0.00149252
0.0018417
0.00218492
0.00252053
0.00284692
0.00316247
0.00346562
0.00375484
0.00402868
0.00428574
0.00452476
0.00474458
0.00494417
0.00512262
0.00527914
0.00541304
0.00552376
0.00561088
0.00567411
0.00571332
0.00572849
0.00571973
0.00568725
0.00563137
0.00555254
0.00545128
0.00532827
0.00518427
0.00502017
0.00483692
0.00463559
0.00441731
0.0041833
0.00393482
0.00367321
0.00339985
0.00311616
0.0028236
0.00252368
0.00221793
0.00190791
0.00159517
0.00128124
0.000967626
0.000655822
0.000347284
4.3444e-05
-0.000254301
-0.000544599
-0.000826157
-0.00109775
-0.00135824
-0.00160654
-0.00184166
-0.00206269
-0.0022688
-0.00245926
-0.00263342
-0.00279072
-0.00293071
-0.00305301
-0.00315734
-0.00324355
-0.00331156
-0.00336144
-0.00339105
-0.00339728
-0.00338044
-0.00334113
-0.00328019
-0.00319869
-0.00309795
-0.00297947
-0.00284496
-0.00269625
-0.00253529
-0.00236415
-0.00218493
-0.00199983
-0.00181102
-0.0016207
-0.001431
-0.001244
-0.00106171
-0.000886031
-0.000718758
-0.000561539
-0.000415859
-0.000283015
-0.000164116
-6.00795e-05
2.8373e-05
0.000100717
0.000156633
0.000196016
0.000218971
0.000225813
0.000217048
0.000193368
0.000155634
0.000104864
4.22251e-05
-3.09892e-05
-0.000113373
-0.00020343
-0.00029959
-0.000400225
-0.00050367
-0.000608242
-0.000712262
-0.000814081
-0.000912094
-0.00100475
-0.00109059
-0.0011682
-0.0012363
-0.00129374
-0.00133949
-0.00137268
-0.00139261
-0.00139872
-0.00139061
-0.00136804
-0.00133092
-0.00127934
-0.00121355
-0.00113398
-0.00104119
-0.000935901
-0.000818982
-0.000691431
-0.000554375
-0.000409047
-0.00025677
-9.89356e-05
6.30059e-05
0.00022755
0.000393145
0.0005582
0.000721109
0.00088027
0.00103411
0.00118111
0.00131981
0.00144882
0.00156684
0.00167265
0.00176513
0.00184328
0.00190623
0.00195321
0.00198361
0.00199697
0.00199335
0.00197295
0.00193672
0.00188558
0.00181954
0.00173862
0.00164392
0.00153449
0.00141045
0.00127204
0.0011195
0.000955188
0.000777452
0.000586692
0.000383352
0.000167937
-5.60729e-05
-0.000290895
-0.000535791
-0.000789945
-0.00105247
-0.00131878
-0.00159143
-0.00186931
-0.00215126
-0.00243601
-0.00271828
-0.00300059
-0.00328147
-0.00355939
-0.00383273
-0.004096
-0.00435126
-0.00459678
-0.00483077
-0.00505146
-0.00525399
-0.00543959
-0.00560647
-0.00575285
-0.00587696
-0.00597545
-0.00604819
-0.00609359
-0.00611015
-0.0060965
-0.00605188
-0.00597471
-0.005864
-0.00571889
-0.00553867
-0.00532584
-0.0050771
-0.00479237
-0.0044718
-0.00411576
-0.00373053
-0.00331133
-0.00285918
-0.0023754
-0.00186152
-0.00132741
-0.000767094
-0.00018277
0.000423111
0.00104787
0.00167883
0.00232255
0.00297577
0.00363504
0.0042968
0.00494705
0.00559235
0.00622893
0.00685293
0.00746041
0.0080379
0.00859103
0.009116
0.00960916
0.0100669
0.0104786
0.0108483
0.0111728
0.0114493
0.0116753
0.0118446
0.0119589
0.0120166
0.0120162
0.0119584
0.011844
0.011672
0.0114421
0.0111546
0.0108097
0.0104134
0.00996139
0.00945499
0.00889572
0.00828541
0.00763579
0.00693968
0.00619975
0.00541892
0.00460038
0.00376054
0.00288998
0.00199251
0.0010721
0.0001329
-0.000805826
-0.00175473
-0.00270936
-0.00366519
-0.00461762
-0.00554677
-0.00646328
-0.00736255
-0.00824004
-0.00909128
-0.00989831
-0.0106705
-0.0114038
-0.0120944
-0.0127386
-0.0133225
-0.0138532
-0.0143278
-0.0147434
-0.0150976
-0.0153826
-0.0156022
-0.015755
-0.0158397
-0.0158555
-0.015802
-0.0156789
-0.0154866
-0.0152255
-0.0148966
-0.0145063
-0.0140509
-0.0135322
-0.0129524
-0.0123139
-0.0116298
-0.010893
-0.0101067
-0.00927451
-0.00840022
-0.00750187
-0.00656962
-0.00560785
-0.00462112
-0.00361412
-0.00260767
-0.00159053
-0.000567484
0.000456727
0.0014774
0.00247379
0.00345749
0.00442409
0.00536926
0.00628876
0.00716413
0.00800588
0.00881035
0.00957404
0.0102937
0.0109553
0.011567
0.0121264
0.0126313
0.0130797
0.0134635
0.0137878
0.014052
0.0142552
0.0143973
0.0144765
0.0144947
0.0144524
0.0143503
0.0141894
0.0139744
0.0137035
0.0133785
0.0130016
0.012575
0.012109
0.0115986
0.0110467
0.0104563
0.00983045
0.00918306
0.00850665
0.00780457
0.00708021
0.00633706
0.00559111
0.00483339
0.00406743
0.00329672
0.0025247
0.00176753
0.00101563
0.000272124
-0.00046002
-0.00117793
-0.00186711
-0.00253674
-0.00318439
-0.00380777
-0.00440472
-0.00496361
-0.00549224
-0.00598892
-0.00645219
-0.00688081
-0.00726699
-0.00761668
-0.0079292
-0.00820407
-0.00844088
-0.00863592
-0.00879259
-0.00891103
-0.00899156
-0.00903466
-0.00904072
-0.00901078
-0.00894572
-0.00884653
-0.00871429
-0.00855279
-0.00836062
-0.00813903
-0.00788936
-0.00761302
-0.00731647
-0.00699639
-0.00665447
-0.00629245
-0.00591208
-0.00552163
-0.00511614
-0.00469724
-0.00426652
-0.00382562
-0.00338366
-0.00293478
-0.00248057
-0.0020226
-0.00156243
-0.00110927
-0.000656873
-0.000206632
0.000240112
0.000682078
0.00111073
0.00153222
0.00194542
0.00234927
0.00274275
0.00311843
0.0034818
0.00383195
0.00416802
0.00448924
0.00478977
0.00507427
0.00534227
0.00559329
0.00582682
0.00603854
0.00623162
0.00640561
0.00656025
0.00669542
0.00680901
0.00690305
0.00697736
0.00703172
0.00706594
0.00707955
0.00707311
0.00704691
0.00700131
0.00693659
0.00685417
0.00675287
0.00663283
0.00649435
0.00633792
0.00616699
0.00597932
0.00577543
0.00555574
0.00532066
0.00507493
0.00481503
0.00454186
0.00425646
0.00395986
0.00365835
0.00334748
0.00302807
0.00270099
0.0023672
0.00203383
0.00169597
0.00135481
0.00101152
0.000667223
0.00032934
-7.336e-06
-0.000341671
-0.000672479
-0.000998524
-0.00131249
-0.0016192
-0.00191743
-0.00220604
-0.00248392
-0.00274475
-0.00299277
-0.003227
-0.00344646
-0.00365022
-0.00383341
-0.00399916
-0.00414669
-0.00427528
-0.00438424
-0.00447073
-0.00453652
-0.00458122
-0.00460452
-0.00460621
-0.00458586
-0.00454366
-0.00447958
-0.00439372
-0.00428625
-0.00415926
-0.00401125
-0.00384264
-0.00365392
-0.00344571
-0.00322256
-0.00298152
-0.00272356
-0.00244966
-0.00216086
-0.00186363
-0.00155357
-0.00123182
-0.000899576
-0.000558147
-0.000215448
0.00013373
0.000487996
0.000845917
0.001206
0.00155967
0.00191243
0.00226275
0.00260914
0.00295017
0.00327769
0.00359702
0.00390678
0.00420563
0.00449232
0.00475994
0.00501313
0.0052508
0.00547187
0.00567525
0.00585584
0.00601683
0.00615752
0.00627737
0.00637593
0.00645085
0.00650376
0.00653438
0.0065425
0.00652803
0.00649135
0.00643233
0.00635121
0.00624835
0.00612418
0.00598185
0.00581947
0.00563781
0.00543773
0.00522009
0.00499032
0.0047449
0.00448495
0.0042117
0.0039265
0.00363666
0.00333762
0.00303071
0.00271726
0.00239867
0.00208298
0.00176503
0.00144625
0.00112808
0.00081193
0.000505774
0.000204457
-9.06019e-05
-0.000378021
-0.000656507
-0.000919124
-0.00117057
-0.00140983
-0.0016359
-0.00184778
-0.00204019
-0.00221584
-0.00237321
-0.00251149
-0.00262999
-0.00272578
-0.00280087
-0.00285502
-0.0028882
-0.00290062
-0.00289232
-0.00286407
-0.00281644
-0.00275008
-0.00266581
-0.00256627
-0.00245103
-0.00232141
-0.00217883
-0.00202466
-0.00186334
-0.00169312
-0.0015155
-0.00133206
-0.00114447
-0.000958232
-0.000770881
-0.000583848
-0.000398505
-0.000216211
-4.22986e-05
0.000126075
0.000287718
0.000441588
0.000586799
0.000719099
0.00084149
0.000953386
0.00105428
0.00114381
0.00121914
0.00128297
0.00133534
0.00137639
0.0014063
0.00142375
0.00143084
0.00142808
0.00141606
0.00139545
0.00136626
0.00132988
0.00128701
0.00123839
0.0011848
0.00112711
0.00106609
0.00100256
0.000937273
0.000870948
0.000804708
0.000738744
0.000673686
0.000610108
0.00054852
0.000489886
0.000433981
0.000381132
0.000331615
0.000285651
0.000243827
0.000205711
0.000171328
0.000140648
0.000113597
9.03222e-05
7.03449e-05
5.34812e-05
3.95133e-05
2.81946e-05
1.93629e-05
1.2593e-05
7.60386e-06
4.11279e-06
1.84055e-06
5.36608e-07
-8.7194e-08
-2.60468e-07
-1.89308e-07
-5.34038e-08
0
0
0
0
0
0
0
0
0
0
0
0
0
0
0
0
0
0
0
0
0
0
0
0
0
0
0
0
0
0
0
0
0
0
0
0
0
0
0
0
0
0
0
0
0
0
0
0
0
0
0
0
0
0
0
0
0
0
0
0
0
0
0
0
0
0
0
0
0
0
0
0
0
0
0
0
0
0
0
0
0
0
0
0
0
0
0
0
0
0
0
0
0
0
0
0
0
0
0
0
0
0
0
0
0
0
0
0
0
0
0
0
0
0
0
0
0
0
0
0
0
0
0
0
0
0
0
0
0
0
0
0
0
0
0
0
0
0
0
0
0
0
0
0
0
0
0
0
0
0
0
0
0
0
0
0
0
0
0
0
0
0
0
0
0
0
0
0
0
0
0
0
0
0
0
0
0
0
0
0
0
0
0
0
0
0
0
0
0
0
0
0
0
0
0
0
0
0
0
0
0
0
0
0
0
0
0
0
0
0
0
0
0
0
0
0
0
0
0
0
0
0
0
0
0
0
0
0
0
0
0
0
0
0
0
0
0
0
0
0
0
0
0
0
0
0
0
0
0
0
0
0
0
0
0
0
0
0
0
0
0
0
0
0
0
0
0
0
0
0
0
0
0
0
0
0
0
0
0
0
0
0
0
0
0
0
0
0
0
0
0
0
0
0
0
0
0
0
0
0
0
0
0
0
0
0
0
0
0
0
0
0
0
0
0
0
0
0
0
0
0
0
0
0
0
0
0
0
0
0
0
0
0
0
0
0
0
0
0
0
0
0
0
0
0
0
0
0
0
0
0
0
0
0
0
0
0
0
0
0
0
0
0
0
0
0
0
0
0
0
0
0
0
0
0
0
0
0
0
0
0
0
0
0
