0
0
0
0
0
0
0
0
0
0
0
0
0
0
0
0
0
0
0
-0
-0
-0
-0
-0
-0
-0
-0
-0
-0
-0
-0
-0
-0
-0
-0
-0
-0
-0
-0
-0
-0
-0
-0
-0
-0
-0
-0
-0
-0
-0
-0
-0
-0
-0
-0
-0
-0
0
0
0
0
0
0
0
0
0
0
0
0
0
0
0
0
0
0
0
0
0
0
0
0
0
0
0
0
0
0
0
0
0
0
0
0
0
0
0
0
-0
-0
-0
-0
-0
-0
-0
-0
-0
-0
-0
-0
-0
-0
-0
-0
-0
-0
-0
-0
-0
-0
-0
-0
-0
-0
-0
-0
-0
-0
-0
-0
-0
-0
-0
-0
-0
0
0
0
0
0
0
0
0
0
0
0
0
0
0
0
0
0
0
0
0
0
0
0
0
0
0
0
0
0
0
0
0
0
0
0
0
0
0
0
0
0
0
0
0
0
-0
-0
-0
-0
-0
-0
-0
-0
-0
-0
-0
-0
-0
-0
-0
-0
-0
-0
-0
-0
-0
-0
-0.000105217
-0.000445987
-0.00102016
-0.00181909
-0.00282814
-0.00402695
-0.00538982
-0.00688615
-0.0084809
-0.0101351
-0.0118064
-0.0134496
-0.0150174
-0.0164607
-0.0177292
-0.0187725
-0.0195401
-0.0199828
-0.0200532
-0.0197064
-0.0189008
-0.0175983
-0.0157648
-0.0133706
-0.0103907
-0.0068059
-0.00260277
0.00222573
0.0076802
0.0137547
0.0204368
0.0277072
0.0355397
0.0439012
0.0527517
0.0620451
0.0717298
0.0817486
0.0920397
0.102536
0.113167
0.123855
0.13452
0.145079
0.155446
0.165532
0.175249
0.184508
0.193219
0.201294
0.208648
0.215199
0.22087
0.225588
0.229288
0.231906
0.233387
0.233679
0.23274
0.230535
0.227038
0.222228
0.216097
0.208642
0.199872
0.189804
0.178467
0.1659
0.152153
0.137285
0.121362
0.104461
0.0866656
0.068069
0.0487723
0.0288831
0.00851327
-0.012222
-0.033205
-0.0543153
-0.0754291
-0.0964198
-0.11716
-0.137522
-0.157383
-0.176626
-0.195138
-0.212812
-0.229547
-0.245247
-0.259908
-0.27354
-0.28609
-0.297512
-0.307762
-0.316799
-0.324587
-0.331093
-0.336292
-0.340166
-0.342704
-0.343904
-0.343766
-0.342297
-0.339511
-0.335426
-0.330065
-0.323461
-0.31565
-0.306671
-0.296569
-0.285391
-0.273189
-0.260017
-0.245936
-0.231008
-0.2153
-0.19888
-0.181819
-0.164191
-0.146073
-0.127545
-0.108688
-0.0895859
-0.0703206
-0.0509739
-0.0316265
-0.0123589
0.00674949
0.0256203
0.044178
0.0623499
0.0800674
0.0972652
0.11388
0.129852
0.145121
0.159631
0.173325
0.186153
0.198067
0.209026
0.218994
0.22794
0.235841
0.242679
0.248441
0.25312
0.256711
0.259214
0.260629
0.260964
0.260229
0.258437
0.255609
0.251766
0.246935
0.241148
0.234436
0.226839
0.218394
0.209146
0.199138
0.188416
0.177025
0.165012
0.152424
0.139309
0.125717
0.111696
0.0972966
0.0825677
0.0675595
0.0523231
0.036911
0.0213768
0.00577388
-0.0098457
-0.0254329
-0.0409416
-0.0563284
-0.0715513
-0.0865683
-0.101338
-0.115817
-0.129966
-0.143745
-0.157117
-0.170045
-0.182494
-0.194428
-0.205812
-0.216614
-0.2268
-0.236339
-0.245203
-0.25336
-0.260783
-0.267447
-0.273327
-0.278403
-0.282657
-0.286072
-0.288635
-0.290331
-0.291151
-0.291085
-0.290129
-0.288281
-0.285542
-0.281913
-0.277395
-0.271994
-0.265717
-0.258578
-0.250594
-0.241788
-0.232183
-0.221806
-0.210688
-0.198865
-0.186379
-0.173281
-0.159623
-0.145463
-0.130858
-0.115867
-0.100549
-0.0849696
-0.0691947
-0.0532952
-0.0373422
-0.021406
-0.00555637
0.010137
0.0256033
0.0407698
0.0555636
0.0699123
0.0837465
0.0969991
0.109605
0.1215
0.13262
0.142902
0.152286
0.160716
0.168144
0.174522
0.17981
0.183969
0.186966
0.188777
0.189385
0.188782
0.186968
0.183948
0.179732
0.174335
0.167784
0.160111
0.151362
0.141591
0.13086
0.119235
0.106786
0.0935886
0.0797254
0.0652854
0.0503639
0.0350604
0.0194765
0.00371515
-0.0121188
-0.0279183
-0.0435749
-0.0589795
-0.0740258
-0.0886113
-0.102639
-0.116016
-0.128653
-0.140464
-0.151368
-0.161289
-0.17016
-0.177923
-0.184529
-0.189936
-0.194108
-0.197018
-0.198647
-0.198988
-0.198043
-0.195825
-0.192356
-0.187666
-0.181793
-0.174783
-0.166692
-0.157586
-0.147538
-0.136629
-0.124944
-0.112576
-0.0996194
-0.086177
-0.0723555
-0.0582659
-0.0440219
-0.0297386
-0.015532
-0.00151871
0.012185
0.0254638
0.0382051
0.0503006
0.0616469
0.0721458
0.081704
0.0902331
0.0976508
0.103882
0.108862
0.112534
0.114853
0.11578
0.115288
0.113355
0.109971
0.105138
0.0988691
0.0911887
0.0821329
0.0717469
0.0600846
0.0472081
0.0331887
0.0181063
0.00204924
-0.0148858
-0.0325953
-0.0509686
-0.0698888
-0.0892331
-0.108874
-0.12868
-0.148519
-0.168259
-0.187768
-0.206917
-0.225577
-0.243621
-0.260926
-0.277375
-0.292855
-0.307262
-0.320494
-0.332457
-0.343064
-0.352232
-0.359889
-0.365971
-0.370425
-0.373209
-0.374292
-0.373653
-0.371283
-0.367186
-0.361378
-0.353884
-0.344742
-0.334
-0.321718
-0.307963
-0.292815
-0.276361
-0.258696
-0.239922
-0.220148
-0.199485
-0.178055
-0.15598
-0.133391
-0.110417
-0.0871903
-0.0638414
-0.0405008
-0.0172994
0.00563203
0.0281639
0.0501694
0.0715274
0.0921235
0.11185
0.130606
0.148295
0.164827
0.180116
0.194087
0.206673
0.217818
0.227475
0.235609
0.242192
0.247205
0.25064
0.252499
0.252791
0.251538
0.248767
0.244514
0.238825
0.231751
0.223352
0.213696
0.202858
0.190917
0.177958
0.16407
0.149347
0.133883
0.11778
0.101138
0.0840612
0.0666521
0.0490141
0.0312502
0.0134622
-0.00425016
-0.0217899
-0.0390634
-0.0559806
-0.0724553
-0.088405
-0.103752
-0.118425
-0.132359
-0.145496
-0.157783
-0.169176
-0.179631
-0.189114
-0.197596
-0.205055
-0.21148
-0.216866
-0.221212
-0.224524
-0.226811
-0.228088
-0.228377
-0.227704
-0.226104
-0.223616
-0.220281
-0.216145
-0.211254
-0.205658
-0.199412
-0.192573
-0.185201
-0.177355
-0.169095
-0.160481
-0.151574
-0.142434
-0.133124
-0.123707
-0.114241
-0.104784
-0.0953877
-0.0861037
-0.0769807
-0.0680656
-0.0594031
-0.0510342
-0.0429964
-0.0353233
-0.0280455
-0.0211902
-0.0147813
-0.00883856
-0.00337697
0.00159293
0.00606413
0.0100319
0.0134932
0.0164468
0.0188945
0.0208421
0.0223004
0.023284
0.0238108
0.0239002
0.0235731
0.0228514
0.0217585
0.0203197
0.0185616
0.0165117
0.0141979
0.0116482
0.00889112
0.00595614
0.00287363
-0.000325765
-0.00361206
-0.00695675
-0.0103332
-0.0137165
-0.0170827
-0.0204091
-0.0236734
-0.0268544
-0.0299318
-0.0328868
-0.0357022
-0.0383621
-0.0408526
-0.0431615
-0.0452785
-0.0471944
-0.0489011
-0.0503909
-0.0516573
-0.0526952
-0.0535018
-0.054077
-0.0544233
-0.0545446
-0.0544457
-0.0541316
-0.0536083
-0.0528825
-0.0519624
-0.0508572
-0.0495764
-0.0481295
-0.0465262
-0.0447769
-0.0428938
-0.0408908
-0.0387833
-0.0365868
-0.0343154
-0.0319817
-0.0295973
-0.0271738
-0.0247244
-0.0222638
-0.0198074
-0.0173704
-0.0149666
-0.012608
-0.0103057
-0.00807051
-0.00591364
-0.00384637
-0.00187977
-2.41871e-05
0.00171095
0.0033171
0.00478648
0.00611211
0.00728799
0.00830908
0.009171
0.00986954
0.0104002
0.0107585
0.0109405
0.0109437
0.0107681
0.0104155
0.00988892
0.00919103
0.00832393
0.00728936
0.00608979
0.00472946
0.00321465
0.00155311
-0.000247164
-0.00217881
-0.0042352
-0.00640976
-0.00869503
-0.0110822
-0.0135612
-0.0161213
-0.0187516
-0.0214409
-0.0241772
-0.026947
-0.0297357
-0.0325286
-0.0353119
-0.0380735
-0.040803
-0.0434898
-0.0461224
-0.0486871
-0.0511689
-0.0535523
-0.0558231
-0.0579689
-0.0599783
-0.0618406
-0.0635443
-0.0650772
-0.0664273
-0.0675833
-0.0685356
-0.0692757
-0.069796
-0.070089
-0.0701472
-0.0699644
-0.0695359
-0.0688593
-0.0679339
-0.0667604
-0.0653392
-0.0636712
-0.0617573
-0.0596002
-0.0572047
-0.0545775
-0.051727
-0.0486618
-0.0453902
-0.0419209
-0.0382638
-0.034431
-0.0304374
-0.0263005
-0.0220393
-0.0176726
-0.0132191
-0.00869638
-0.00412219
0.000485062
0.00510576
0.00971913
0.0143026
0.018825
0.0232559
0.0275664
0.0317282
0.0357139
0.0394975
0.0430543
0.0463614
0.0493979
0.0521448
0.0545849
0.0567029
0.0584861
0.0599247
0.061012
0.0617447
0.0621265
0.0621971
0.0619697
0.0614493
0.060642
0.0595559
0.058201
0.056589
0.054732
0.0526421
0.0503305
0.0478084
0.0450875
0.0421808
0.0391026
0.0358681
0.0324927
0.028991
0.0253766
0.021662
0.0178593
0.0139806
0.0100382
0.00604522
0.00201483
-0.00203923
-0.00610316
-0.0101633
-0.0142066
-0.0182207
-0.0221937
-0.0261139
-0.0299687
-0.0337447
-0.0374273
-0.0410014
-0.0444524
-0.0477663
-0.0509301
-0.0539307
-0.0567541
-0.0593852
-0.0618087
-0.064009
-0.0659722
-0.0676859
-0.0691386
-0.0703189
-0.0712145
-0.0718134
-0.0721042
-0.0720782
-0.0717292
-0.0710521
-0.0700428
-0.0686963
-0.0670081
-0.0649749
-0.0625967
-0.0598778
-0.0568253
-0.0534481
-0.0497544
-0.0457523
-0.0414509
-0.0368623
-0.0320037
-0.0268968
-0.0215665
-0.016038
-0.0103355
-0.00448259
0.00149595
0.0075703
0.0137009
0.0198433
0.0259528
0.0319876
0.0379062
0.0436689
0.0492359
0.0545668
0.0596229
0.0643665
0.0687642
0.0727865
0.0764064
0.0796
0.0823438
0.084619
0.0864187
0.0877757
0.0886953
0.0891773
0.0892219
0.0888289
0.0880003
0.0867411
0.085062
0.0829775
0.080504
0.0776578
0.0744532
0.0709065
0.067035
0.0628598
0.0584061
0.0536993
0.0487697
0.0436447
0.0383512
0.0329158
0.0273629
0.0217242
0.0160281
0.0103022
0.00457347
-0.00113568
-0.00679282
-0.0123684
-0.017832
-0.0231543
-0.028313
-0.0332784
-0.0380276
-0.0425381
-0.0467875
-0.0507591
-0.0544272
-0.0577753
-0.0607906
-0.0634626
-0.0657867
-0.0677475
-0.0693343
-0.0705375
-0.0713505
-0.0717746
-0.0718087
-0.0714581
-0.0707294
-0.0696303
-0.0681696
-0.0663583
-0.0642098
-0.0617402
-0.058967
-0.0559039
-0.0525735
-0.0489947
-0.0451878
-0.0411747
-0.036969
-0.0326043
-0.0281045
-0.0234932
-0.0187946
-0.0140182
-0.00920563
-0.00438379
0.000420369
0.00518103
0.00989477
0.0145187
0.019032
0.0234154
0.0276499
0.0317419
0.0356495
0.0393565
0.0428482
0.046112
0.0491635
0.0519701
0.0545265
0.0568288
0.0588734
0.0606797
0.0622235
0.0635057
0.0645304
0.0653048
0.0658528
0.0661692
0.0662633
0.0661453
0.0658271
0.0653264
0.064659
0.0638451
0.0629042
0.0618541
0.0606961
0.0594599
0.0581622
0.0568223
0.055461
0.0540652
0.0526883
0.051347
0.0500568
0.0488325
0.047636
0.0465374
0.0455517
0.0446913
0.0439655
0.0433104
0.0428037
0.0424522
0.0422624
0.0422385
0.0422992
0.0425226
0.0429016
0.0434275
0.0440909
0.0447998
0.0456271
0.04656
0.0475826
0.0486763
0.0497497
0.0508538
0.051968
0.05307
0.0541349
0.0550891
0.0559502
0.0566909
0.0572856
0.057711
0.0579365
0.0579457
0.0577123
0.057208
0.0564054
0.0553205
0.0538928
0.0521062
0.049947
0.0474031
0.0445567
0.0413047
0.03764
0.0335588
0.0290598
0.0242885
0.019104
0.0135127
0.00752525
0.00115803
-0.00538313
-0.0122568
-0.0194348
-0.0268875
-0.0345831
-0.0422825
-0.0501533
-0.0581534
-0.0662367
-0.074354
-0.0822539
-0.0900854
-0.0977955
-0.105328
-0.112626
-0.119463
-0.125947
-0.132019
-0.137624
-0.142705
-0.147104
-0.15087
-0.15395
-0.156292
-0.157848
-0.158558
-0.158396
-0.157325
-0.155314
-0.152337
-0.148461
-0.143583
-0.137692
-0.130783
-0.122854
-0.114107
-0.104358
-0.0936263
-0.0819413
-0.0693385
-0.0561491
-0.0421296
-0.0273308
-0.0118086
0.00437373
0.0207918
0.0377236
0.0550867
0.0727937
0.0907532
0.108492
0.126292
0.144052
0.161669
0.17904
0.19571
0.211927
0.22759
0.242598
0.256847
0.269964
0.282123
0.293229
0.30319
0.31192
0.31919
0.325077
0.329516
0.332451
0.333835
0.333635
0.331814
0.328347
0.323221
0.316428
0.308144
0.298213
0.28666
0.273518
0.258833
0.242984
0.225707
0.207075
0.187171
0.166089
0.144374
0.121692
0.0981539
0.0738806
0.0489975
0.0241426
-0.00105575
-0.0264588
-0.0519253
-0.077312
-0.101975
-0.12627
-0.150054
-0.173183
-0.195513
-0.216483
-0.236386
-0.255096
-0.272495
-0.288469
-0.30263
-0.315159
-0.325964
-0.334963
-0.342085
-0.347177
-0.350285
-0.351375
-0.350421
-0.347409
-0.342447
-0.335435
-0.326399
-0.315373
-0.302409
-0.28787
-0.271528
-0.253468
-0.233788
-0.212598
-0.19047
-0.167077
-0.142557
-0.117051
-0.0907118
-0.0642335
-0.0372408
-0.0099004
0.0176181
0.0451438
0.0719652
0.0984585
0.12446
0.149807
0.17434
0.197438
0.219413
0.240123
0.259431
0.277212
0.293035
0.307108
0.319336
0.329633
0.337928
0.344047
0.348062
0.349944
0.34968
0.347267
0.342817
0.336251
0.327604
0.31693
0.304294
0.29008
0.274078
0.256389
0.237127
0.216415
0.194845
0.1721
0.148331
0.123697
0.0983601
0.0730285
0.0473307
0.0214363
-0.00448321
-0.0302551
-0.0551721
-0.0795987
-0.103368
-0.126315
-0.148281
-0.168668
-0.18778
-0.205482
-0.221651
-0.236175
-0.248667
-0.259318
-0.268044
-0.274775
-0.27945
-0.281951
-0.282324
-0.280557
-0.276653
-0.270628
-0.262656
-0.25263
-0.240602
-0.226638
-0.210817
-0.193578
-0.174677
-0.154227
-0.13235
-0.109174
-0.0853337
-0.0604772
-0.0347562
-0.00832865
0.0186431
0.0454253
0.072424
0.0994761
0.126417
0.153083
0.178751
0.20382
0.228136
0.251548
0.273915
0.294634
0.314049
0.332044
0.34851
0.363351
0.376172
0.387205
0.396386
0.403663
0.408995
0.412253
0.413524
0.412808
0.410112
0.405457
0.398985
0.390623
0.380421
0.36844
0.354756
0.339764
0.323244
0.305293
0.286014
0.265515
0.244376
0.222246
0.199252
0.175522
0.151189
0.126945
0.102362
0.0775661
0.052686
0.0278494
0.00376009
-0.0200327
-0.0434066
-0.0662435
-0.0884299
-0.109338
-0.129387
-0.14848
-0.166527
-0.183443
-0.198748
-0.212775
-0.225465
-0.236767
-0.246637
-0.254801
-0.261471
-0.266626
-0.270254
-0.272352
-0.272869
-0.27187
-0.269376
-0.265416
-0.260025
-0.253373
-0.245375
-0.236079
-0.225538
-0.213812
-0.201256
-0.187649
-0.173064
-0.157577
-0.141265
-0.124622
-0.107311
-0.089415
-0.0710193
-0.0522122
-0.0335679
-0.0146845
0.00435646
0.0234756
0.0425937
0.0611276
0.0795008
0.0976344
0.115452
0.132884
0.149396
0.165396
0.180828
0.195635
0.209764
0.22278
0.235022
0.246449
0.257027
0.266722
0.275238
0.282815
0.28943
0.295063
0.2997
0.303207
0.305705
0.307193
0.307672
0.307147
0.305646
0.303164
0.29972
0.295337
0.290041
0.284019
0.277141
0.269439
0.260947
0.251703
0.242023
0.231668
0.220679
0.209099
0.196973
0.184721
0.172025
0.158941
0.145523
0.131826
0.118321
0.104642
0.090841
0.0769716
0.0630892
0.0496801
0.0363685
0.0232077
0.0102504
-0.00245234
-0.0144512
-0.0260989
-0.0373505
-0.0481627
-0.0584935
-0.0679716
-0.0768886
-0.0852074
-0.0928935
-0.0999165
-0.106019
-0.111412
-0.116074
-0.11999
-0.123144
-0.125413
-0.126896
-0.127589
-0.12749
-0.126605
-0.124961
-0.122546
-0.119372
-0.115454
-0.110808
-0.105603
-0.0997164
-0.0931758
-0.0860095
-0.0782467
-0.0701729
-0.061565
-0.0524579
-0.0428899
-0.0329025
-0.0228763
-0.0125176
-0.00187089
0.00901843
0.0200982
0.0309172
0.041793
0.0526586
0.0634476
0.0740943
0.0841479
0.0939379
0.103407
0.1125
0.121166
0.12901
0.136342
0.143122
0.149313
0.154883
0.15953
0.163511
0.166811
0.169424
0.171347
0.172404
0.172786
0.172504
0.171571
0.170006
0.167755
0.164925
0.16155
0.157665
0.153311
0.148541
0.143389
0.1379
0.132122
0.126099
0.119955
0.113652
0.107233
0.100743
0.0942246
0.0878378
0.0814939
0.0752284
0.0690745
0.0630626
0.057355
0.0518342
0.0465241
0.0414456
0.0366167
0.0321767
0.0280013
0.0240992
0.0204762
0.0171354
0.014178
0.0114893
0.00906437
0.00689641
0.00497718
0.00336832
0.00197868
0.000796739
-0.000189991
-0.000994854
-0.00158964
-0.00203815
-0.00235504
-0.00255514
-0.00265328
-0.00264429
-0.00256649
-0.00243329
-0.00225732
-0.00205036
-0.00181718
-0.00157569
-0.0013346
-0.0011015
-0.000882766
-0.000683034
-0.000506927
-0.000357043
-0.000234738
-0.000140136
-7.23486e-05
-2.87242e-05
-6.04263e-06
-0
-0
-0
-0
-0
-0
0
0
0
0
0
0
0
0
0
0
0
0
0
0
0
0
0
0
0
0
0
0
0
0
0
0
0
0
0
0
0
0
0
0
0
0
0
0
0
0
0
0
0
0
0
0
0
0
0
0
0
0
0
0
0
0
0
0
0
0
0
0
0
0
0
0
0
0
0
0
0
0
0
0
0
0
0
0
0
0
0
0
0
0
0
0
0
0
0
0
0
0
0
0
0
0
0
0
0
0
0
0
0
0
0
0
0
0
0
0
0
0
0
0
0
0
0
0
0
0
0
0
0
0
0
0
0
0
0
0
0
0
0
0
0
0
0
0
0
0
0
0
0
0
0
0
0
0
0
0
0
0
0
0
-0
-0
-0
-0
-0
-0
-0
-0
-0
-0
-0
-0
-0
-0
-0
-0
-0
-0
-0
-0
-0
-0
-0
-0
-0
-0
-0
-0
-0
-0
-0
-0
-0
-0
-0
-0
-0
-0
-0
-0
-0
