-4.25373e-06
7.28874e-06
3.55017e-05
8.62888e-05
0.000165262
0.000277643
0.000428181
0.000621078
0.000859926
0.00114766
0.00148649
0.00187793
0.00232268
0.00282071
0.00337121
0.00397262
0.00462265
0.00531829
0.00605585
0.00683099
0.00763878
0.0084738
0.00933013
0.0102015
0.0110813
0.0119626
0.0128384
0.0137016
0.0145451
0.0153619
0.016145
0.0168877
0.0175833
0.0182254
0.0188079
0.0193249
0.0197713
0.0201422
0.0204335
0.0206416
0.0207636
0.0207972
0.0207409
0.0205938
0.0203556
0.0200268
0.0196082
0.0191013
0.018508
0.0178308
0.0170727
0.0162369
0.015327
0.0143468
0.0133004
0.0121925
0.0110279
0.00981193
0.00854972
0.00724637
0.00590668
0.00453536
0.00313718
0.0017172
0.000280757
-0.0011667
-0.00261987
-0.00407374
-0.00552346
-0.00696412
-0.00839043
-0.00979671
-0.011177
-0.0125256
-0.0138369
-0.0151062
-0.0163289
-0.0175003
-0.0186156
-0.0196696
-0.020657
-0.0215724
-0.0224109
-0.023168
-0.0238389
-0.0244193
-0.0249047
-0.0252908
-0.0255807
-0.0257799
-0.0258859
-0.0258959
-0.0258073
-0.0256174
-0.0253237
-0.0249239
-0.0244165
-0.0237996
-0.023072
-0.0222319
-0.021278
-0.0202088
-0.0190231
-0.0177203
-0.0162998
-0.0147616
-0.0131058
-0.0113331
-0.00944491
-0.0074437
-0.00533296
-0.00311704
-0.000800925
0.00160996
0.00410972
0.0066918
0.0093488
0.0120724
0.0148533
0.0176818
0.0205475
0.0234399
0.0263479
0.0292597
0.0321631
0.0350452
0.0378927
0.0406921
0.0434298
0.0460918
0.0486641
0.0511324
0.0534823
0.0557
0.0577717
0.0596847
0.0614265
0.062985
0.0643488
0.0655068
0.0664491
0.067167
0.0676528
0.0679005
0.0679047
0.067661
0.0671661
0.0664174
0.0654137
0.0641548
0.0626419
0.0608771
0.0588637
0.0566063
0.0541104
0.0513831
0.0484324
0.0452677
0.0418995
0.0383391
0.0345992
0.0306932
0.0266359
0.0224432
0.0181319
0.0137193
0.00922382
0.00466398
5.90985e-05
-0.00457109
-0.00920649
-0.0138269
-0.0184121
-0.0229421
-0.0273969
-0.0317565
-0.0360009
-0.0401105
-0.0440658
-0.0478484
-0.0514402
-0.0548241
-0.0579837
-0.0609031
-0.0635671
-0.0659613
-0.0680722
-0.0698878
-0.0713969
-0.07259
-0.0734588
-0.0739962
-0.0741969
-0.0740569
-0.0735739
-0.0727466
-0.0715754
-0.0700616
-0.0682082
-0.0660196
-0.0635018
-0.0606628
-0.0575119
-0.0540596
-0.0503179
-0.0463
-0.0420203
-0.0374947
-0.0327403
-0.0277751
-0.0226178
-0.0172881
-0.0118061
-0.00619312
-0.000471496
0.00533559
0.0112043
0.0171106
0.0230304
0.0289396
0.0348139
0.0406285
0.0463585
0.0519786
0.0574639
0.0627896
0.0679316
0.0728664
0.0775707
0.0820219
0.0861979
0.0900776
0.0936413
0.0968701
0.0997466
0.102255
0.104379
0.106106
0.107423
0.108321
0.10879
0.108826
0.108424
0.10758
0.106294
0.104567
0.102401
0.0998016
0.0967751
0.0933306
0.0894791
0.0852338
0.0806096
0.0756237
0.070295
0.0646437
0.0586917
0.0524619
0.045979
0.0392687
0.0323584
0.0252766
0.0180525
0.0107159
0.00329702
-0.00417354
-0.0116644
-0.0191436
-0.0265786
-0.0339368
-0.0411859
-0.0482941
-0.0552303
-0.0619644
-0.0684665
-0.0747075
-0.0806595
-0.0862954
-0.0915899
-0.0965193
-0.101062
-0.105196
-0.108905
-0.112171
-0.114978
-0.117313
-0.119164
-0.120523
-0.121381
-0.121735
-0.121582
-0.120922
-0.119759
-0.118097
-0.115945
-0.113311
-0.110207
-0.106647
-0.102647
-0.0982248
-0.0934009
-0.0881975
-0.0826388
-0.0767504
-0.0705596
-0.0640948
-0.0573862
-0.0504649
-0.0433635
-0.0361154
-0.0287549
-0.0213166
-0.0138358
-0.00634743
0.00111336
0.0085117
0.015813
0.0229832
0.0299887
0.0367969
0.0433761
0.0496958
0.0557269
0.0614417
0.0668139
0.0718188
0.0764333
0.0806366
0.0844096
0.0877358
0.0906012
0.0929938
0.0949043
0.0963256
0.0972533
0.0976853
0.0976222
0.0970666
0.0960234
0.0944996
0.0925043
0.0900489
0.0871477
0.0838175
0.0800775
0.0759488
0.0714541
0.0666174
0.0614643
0.0560219
0.0503189
0.0443855
0.0382527
0.0319521
0.0255153
0.0189738
0.0123598
0.00570561
-0.000955952
-0.00759185
-0.0141693
-0.020656
-0.0270206
-0.0332324
-0.0392615
-0.0450792
-0.0506581
-0.0559728
-0.0609999
-0.0657184
-0.0701091
-0.0741548
-0.0778397
-0.0811501
-0.0840745
-0.0866041
-0.0887329
-0.0904572
-0.0917752
-0.0926869
-0.0931937
-0.0932987
-0.0930073
-0.092327
-0.0912679
-0.0898419
-0.0880626
-0.0859449
-0.0835049
-0.0807602
-0.0777299
-0.0744344
-0.0708953
-0.067135
-0.0631764
-0.0590427
-0.0547576
-0.0503454
-0.0458307
-0.0412383
-0.0365931
-0.0319193
-0.0272409
-0.0225815
-0.0179643
-0.0134121
-0.0089469
-0.00458999
-0.000361245
0.00372072
0.00763844
0.0113755
0.0149162
0.0182463
0.0213524
0.0242231
0.0268485
0.0292205
0.0313324
0.0331785
0.0347545
0.0360573
0.0370853
0.0378386
0.0383191
0.03853
0.0384756
0.0381613
0.0375935
0.0367798
0.0357288
0.0344508
0.0329568
0.0312588
0.0293694
0.0273014
0.0250684
0.0226845
0.0201645
0.0175238
0.0147783
0.0119436
0.00903539
0.00606908
0.00305991
2.30929e-05
-0.0030262
-0.00607295
-0.00910256
-0.012101
-0.015055
-0.0179521
-0.0207803
-0.0235282
-0.0261852
-0.0287409
-0.031186
-0.033512
-0.0357113
-0.0377774
-0.0397043
-0.0414872
-0.0431218
-0.0446049
-0.0459343
-0.0471082
-0.048126
-0.0489877
-0.049694
-0.0502462
-0.0506466
-0.0508981
-0.0510045
-0.0509701
-0.0507999
-0.050499
-0.0500731
-0.0495284
-0.0488715
-0.0481093
-0.0472494
-0.0462998
-0.0452683
-0.044163
-0.0429917
-0.0417623
-0.0404826
-0.0391605
-0.037804
-0.0364212
-0.0350202
-0.0336089
-0.0321947
-0.0307848
-0.0293857
-0.0280033
-0.0266437
-0.0253125
-0.0240153
-0.0227573
-0.0215436
-0.0203785
-0.0192661
-0.0182097
-0.0172121
-0.016276
-0.0154035
-0.0145964
-0.0138563
-0.0131838
-0.0125794
-0.012043
-0.0115742
-0.0111724
-0.0108367
-0.010566
-0.0103585
-0.0102123
-0.010125
-0.010094
-0.0101163
-0.0101891
-0.0103094
-0.010474
-0.0106795
-0.0109221
-0.0111978
-0.0115029
-0.0118334
-0.0121859
-0.012557
-0.0129433
-0.0133415
-0.0137478
-0.0141587
-0.0145707
-0.0149807
-0.0153859
-0.0157842
-0.0161733
-0.0165511
-0.0169155
-0.0172643
-0.0175955
-0.0179074
-0.0181987
-0.0184686
-0.0187165
-0.0189424
-0.0191461
-0.0193277
-0.0194873
-0.019625
-0.0197412
-0.0198367
-0.0199122
-0.019969
-0.0200082
-0.0200315
-0.0200402
-0.0200357
-0.0200197
-0.0199936
-0.0199592
-0.0199184
-0.0198733
-0.019826
-0.0197784
-0.0197323
-0.0196892
-0.0196506
-0.0196181
-0.0195932
-0.0195777
-0.0195733
-0.0195815
-0.0196036
-0.0196405
-0.0196928
-0.019761
-0.0198455
-0.0199466
-0.0200646
-0.0201996
-0.0203514
-0.0205196
-0.0207037
-0.020903
-0.0211165
-0.0213431
-0.0215815
-0.0218301
-0.0220872
-0.0223512
-0.0226202
-0.0228922
-0.0231653
-0.0234375
-0.0237067
-0.0239709
-0.0242279
-0.0244757
-0.0247122
-0.0249354
-0.0251434
-0.0253347
-0.0255075
-0.0256607
-0.0257927
-0.0259024
-0.0259883
-0.0260493
-0.0260844
-0.026093
-0.0260748
-0.0260296
-0.0259574
-0.0258578
-0.0257306
-0.0255757
-0.0253935
-0.0251848
-0.024951
-0.0246936
-0.024414
-0.0241134
-0.0237929
-0.0234537
-0.0230978
-0.022727
-0.0223438
-0.0219506
-0.0215494
-0.0211421
-0.0207304
-0.0203161
-0.0199012
-0.019488
-0.0190787
-0.0186754
-0.0182799
-0.0178938
-0.0175191
-0.0171568
-0.0168014
-0.0164531
-0.0161139
-0.0157853
-0.0154685
-0.0151647
-0.0148752
-0.0146008
-0.0143426
-0.0141009
-0.0138754
-0.0136658
-0.0134713
-0.0132917
-0.0131267
-0.0129759
-0.0128388
-0.0127143
-0.0126011
-0.0124972
-0.0124011
-0.0123111
-0.0122255
-0.012143
-0.0120618
-0.0119805
-0.0118976
-0.0118117
-0.0117215
-0.0116258
-0.0115232
-0.0114121
-0.0112915
-0.0111602
-0.0110178
-0.010864
-0.0106987
-0.0105217
-0.0103327
-0.0101316
-0.00991827
-0.00969295
-0.00945626
-0.00920902
-0.00895203
-0.00868602
-0.00841163
-0.00812953
-0.00784059
-0.00754585
-0.0072465
-0.00694376
-0.00663872
-0.00633238
-0.00602563
-0.00571943
-0.00541476
-0.00511263
-0.00481404
-0.0045199
-0.00423104
-0.0039482
-0.0036721
-0.00340345
-0.0031429
-0.00289104
-0.00264833
-0.00241517
-0.00219189
-0.00197879
-0.00177618
-0.00158431
-0.0014034
-0.00123358
-0.00107492
-0.000927462
-0.0007912
-0.000666127
-0.000552216
-0.000449408
-0.000357611
-0.000276701
-0.000206534
-0.000146951
-9.77816e-05
-5.88384e-05
-2.99186e-05
-1.08029e-05
-1.25959e-06
-0
-0
-0
-0
-0
-0
-0
-0
-0
-0
-0
-0
-0
-0
-0
-0
-0
-0
-0
-0
-0
-0
-0
-0
-0
-0
-0
-0
-0
-0
-0
-0
-0
-0
-0
-0
-0
-0
-0
-0
-0
-0
-0
-0
-0
-0
-0
-0
-0
-0
-0
-0
-0
-0
-0
-0
-0
-0
-0
-0
-0
-0
-0
-0
-0
-0
-0
-0
-0
-0
-0
-0
-0
-0
-0
-0
-0
-0
-0
-0
-0
-0
-0
-0
-0
-0
-0
-0
-0
-0
-0
-0
-0
-0
-0
-0
-0
-0
-0
-0
-0
-0
-0
-0
-0
-0
-0
-0
-0
-0
-0
-0
-0
-0
-0
-0
-0
-0
-0
-0
-0
-0
-0
-0
-0
-0
-0
-0
-0
-0
-0
-0
-0
-0
-0
-0
-0
-0
-0
-0
-0
-0
-0
-0
-0
0
0
0
0
0
0
0
0
0
0
0
0
0
0
0
0
0
0
0
0
0
0
0
0
0
0
0
0
0
0
0
0
0
0
0
0
0
0
0
0
0
0
0
0
0
0
0
0
0
0
0
0
0
0
0
0
0
0
0
0
0
0
0
0
0
0
0
0
0
0
0
0
0
0
0
0
0
0
0
0
0
0
0
0
0
0
0
0
0
0
0
0
0
0
0
0
0
0
0
0
0
0
0
0
0
0
0
0
0
0
0
0
0
0
0
0
0
0
0
0
0
0
0
0
0
0
0
0
0
0
0
0
0
0
0
0
0
0
0
0
0
0
0
0
0
0
0
0
0
0
0
0
0
0
0
0
0
0
0
0
0
0
0
0
0
0
0
0
0
0
0
0
0
0
0
0
0
0
0
0
0
0
0
0
0
0
0
0
6.22588e-06
5.35654e-05
0.000148812
0.000293545
0.000489259
0.000737333
0.001039
0.00139532
0.00180715
0.00227512
0.00279964
0.00338089
0.00401876
0.00471281
0.00546232
0.00626627
0.00712343
0.00803245
0.00899181
0.00999982
0.0110545
0.0121536
0.0132944
0.0144741
0.01569
0.0169394
0.0182197
0.0195285
0.0208634
0.0222218
0.0236012
0.0249995
0.0264148
0.0278457
0.029291
0.0307494
0.0322196
0.0336998
0.0351887
0.0366852
0.0381887
0.0396993
0.0412171
0.0427419
0.0442729
0.0458094
0.0473503
0.0488952
0.050444
0.0519975
0.0535564
0.0551212
0.0566921
0.0582687
0.0598507
0.0614378
0.0630297
0.0646264
0.0662277
0.0678329
0.0694408
0.0710499
0.0726583
0.0742638
0.0758642
0.0774566
0.0790383
0.0806061
0.0821569
0.0836877
0.0851945
0.0866734
0.0881201
0.0895301
0.0908998
0.0922257
0.0935054
0.0947368
0.0959173
0.097044
0.0981128
0.0991196
0.10006
0.100932
0.101731
0.102454
0.103099
0.10366
0.104135
0.104518
0.104822
0.105093
0.105338
0.105556
0.105747
0.105909
0.10604
0.106139
0.106206
0.106241
0.106249
0.106231
0.106185
0.106113
0.106008
0.105873
0.105707
0.10551
0.105283
0.105026
0.10474
0.104428
0.104092
0.103732
0.103348
0.102944
0.10252
0.102074
0.101606
0.10111
0.10059
0.100049
0.0994891
0.0989128
0.0983197
0.097713
0.0970928
0.0964584
0.0958091
0.0951435
0.0944625
0.0937668
0.0930583
0.0923391
0.0916134
0.090882
0.0901461
0.0894046
0.088656
0.0879023
0.0871393
0.0863681
0.0855914
0.0848117
0.0840379
0.0832628
0.0824854
0.0817053
0.0809237
0.0801538
0.0793886
0.0786311
0.0778823
0.0771421
0.0764232
0.0757133
0.0750161
0.0743372
0.0736829
0.0730728
0.0724951
0.0719503
0.0714381
0.0709592
0.0705299
0.0701413
0.0697981
0.0695044
0.0692622
0.0690822
0.0689548
0.0688822
0.068869
0.0689218
0.0690517
0.0692601
0.0695503
0.0699235
0.0703795
0.0709135
0.0715319
0.0722377
0.0730343
0.0739243
0.0748931
0.0759561
0.0771115
0.0783571
0.0796909
0.0810837
0.0825615
0.0841217
0.0857604
0.0874725
0.0892134
0.0910152
0.0928719
0.0947769
0.0967234
0.0986571
0.100615
0.102585
0.104558
0.106521
0.108417
0.110282
0.112106
0.113877
0.11558
0.117158
0.11864
0.120013
0.121263
0.122377
0.123311
0.124082
0.124672
0.125067
0.125253
0.125205
0.124924
0.124398
0.123619
0.122577
0.121283
0.119711
0.117854
0.11571
0.113275
0.110601
0.107637
0.104384
0.100847
0.0970306
0.0930268
0.0887621
0.0842486
0.0794998
0.0745304
0.0694669
0.0642159
0.0587967
0.0532302
0.0475394
0.041875
0.036136
0.030349
0.0245416
0.0187427
0.0131083
0.0075413
0.00207209
-0.00326758
-0.00844457
-0.0133163
-0.0179574
-0.022335
-0.026418
-0.0301772
-0.0335146
-0.0364736
-0.0390268
-0.0411464
-0.0428051
-0.0439638
-0.0446157
-0.0447437
-0.0443347
-0.0433777
-0.0419173
-0.0398911
-0.0372926
-0.0341187
-0.0303704
-0.02618
-0.0214303
-0.0161336
-0.0103049
-0.00396171
0.00268163
0.00979388
0.0173454
0.025302
0.0336256
0.0420329
0.0507262
0.059663
0.0687988
0.0780857
0.0872061
0.0963725
0.105529
0.114616
0.123578
0.132102
0.140386
0.148377
0.156018
0.163254
0.169824
0.175879
0.181366
0.186236
0.190438
0.193808
0.196424
0.198248
0.199243
0.199375
0.198603
0.196909
0.194275
0.190683
0.186127
0.180721
0.174348
0.167014
0.15873
0.149514
0.139632
0.128868
0.117253
0.104827
0.0916319
0.0780675
0.0638332
0.0489858
0.0335872
0.0177044
0.00183149
-0.0143808
-0.0308562
-0.0475157
-0.0642777
-0.0806153
-0.0968885
-0.113013
-0.128902
-0.144471
-0.159225
-0.173488
-0.187178
-0.200213
-0.212514
-0.223692
-0.233988
-0.243333
-0.251661
-0.258912
-0.26486
-0.269627
-0.273172
-0.275458
-0.276455
-0.276147
-0.274507
-0.271521
-0.267184
-0.261497
-0.254666
-0.24651
-0.237055
-0.226331
-0.214378
-0.201614
-0.18772
-0.172756
-0.156789
-0.139894
-0.122663
-0.104668
-0.0859948
-0.0667373
-0.0469924
-0.0274567
-0.00763843
0.0123573
0.0324238
0.0524539
0.0717349
0.090769
0.109454
0.127687
0.145369
0.161863
0.177618
0.192546
0.206563
0.219589
0.231142
0.24156
0.250778
0.258736
0.265382
0.270453
0.274126
0.276369
0.277159
0.276481
0.274335
0.270714
0.265624
0.259082
0.251112
0.241979
0.231485
0.219672
0.206592
0.1923
0.177302
0.161221
0.14413
0.126109
0.107243
0.0882189
0.0685288
0.0482657
0.0275254
0.00640635
-0.0143045
-0.0351932
-0.0561593
-0.0771021
-0.097922
-0.117828
-0.137419
-0.156601
-0.175282
-0.19337
-0.210162
-0.226191
-0.241381
-0.25566
-0.268963
-0.280759
-0.291463
-0.301026
-0.309403
-0.316556
-0.322189
-0.326542
-0.329595
-0.331337
-0.33176
-0.330832
-0.328594
-0.32506
-0.32025
-0.314188
-0.307106
-0.298835
-0.289414
-0.278888
-0.267307
-0.255136
-0.242026
-0.228041
-0.213249
-0.19772
-0.182094
-0.165877
-0.149142
-0.131965
-0.114423
-0.0972514
-0.0798696
-0.0623571
-0.0447941
-0.0272614
-0.0105101
0.00605572
0.0223631
0.0383414
0.0539221
0.0684293
0.0824104
0.0958058
0.108559
0.120616
0.131447
0.141488
0.150698
0.159041
0.166485
0.1727
0.177968
0.182271
0.1856
0.187945
0.189206
0.189481
0.188773
0.187093
0.184457
0.181001
0.176635
0.171389
0.165295
0.15839
0.151013
0.142903
0.134103
0.124659
0.11462
0.104486
0.0938592
0.0827923
0.0713411
0.0595624
0.0480543
0.0363304
0.0244442
0.0124483
0.000394573
-0.0110995
-0.0225512
-0.0339124
-0.0451359
-0.0561759
-0.0664625
-0.0764807
-0.0861917
-0.095558
-0.104544
-0.112688
-0.120389
-0.12762
-0.134356
-0.140576
-0.145978
-0.150828
-0.155113
-0.158821
-0.161942
-0.164355
-0.166169
-0.167384
-0.167999
-0.168019
-0.167508
-0.166417
-0.164758
-0.162546
-0.159796
-0.156741
-0.153187
-0.149152
-0.144662
-0.13974
-0.134752
-0.129387
-0.123674
-0.117644
-0.111327
-0.105167
-0.0987828
-0.0922084
-0.0854759
-0.0786186
-0.0720975
-0.0655172
-0.05891
-0.0523089
-0.0457464
-0.0396452
-0.033644
-0.0277713
-0.0220541
-0.0165192
-0.0114975
-0.00670796
-0.00217358
0.00208357
0.00604273
0.00949857
0.0126196
0.0153901
0.0177962
0.0198264
0.0214219
0.0226266
0.0234374
0.0238527
0.0238731
0.0235836
0.0229043
0.0218407
0.0204012
0.018597
0.0166372
0.0143411
0.0117248
0.00880499
0.00559948
0.00239817
-0.00105169
-0.00473022
-0.00861599
-0.012686
-0.0166138
-0.0206768
-0.024849
-0.029103
-0.0334108
-0.0374588
-0.0415067
-0.0455294
-0.0495029
-0.0534037
-0.0569826
-0.0604437
-0.0637655
-0.0669277
-0.0699114
-0.0725649
-0.075009
-0.0772315
-0.079222
-0.0809719
-0.0824473
-0.0836709
-0.0846402
-0.0853543
-0.0858137
-0.0860989
-0.0861337
-0.0859222
-0.0854701
-0.0847853
-0.0840433
-0.0830882
-0.0819314
-0.0805847
-0.0790605
-0.0775937
-0.075976
-0.0742218
-0.0723467
-0.0703662
-0.0685322
-0.0666222
-0.0646494
-0.0626264
-0.0605653
-0.0586867
-0.0567914
-0.0548698
-0.0529185
-0.0509493
-0.0491187
-0.0472928
-0.0454835
-0.0437024
-0.0419607
-0.0403227
-0.0387424
-0.037227
-0.0357831
-0.0344161
-0.0330883
-0.0318462
-0.0306913
-0.0296232
-0.0286402
-0.0276151
-0.0266719
-0.0258079
-0.0250203
-0.0243063
-0.0234865
-0.0227388
-0.0220588
-0.0214413
-0.0208807
-0.0201809
-0.019535
-0.0189379
-0.0183846
-0.0178695
-0.0172172
-0.0165993
-0.0160098
-0.0154433
-0.0148948
-0.0142373
-0.0135978
-0.0129744
-0.0123657
-0.0117706
-0.0111228
-0.0104913
-0.0098753
-0.00927394
-0.00868665
-0.00810128
-0.00753064
-0.00697494
-0.00643447
-0.00590955
-0.00542758
-0.00495942
-0.00450579
-0.00406756
-0.00364566
-0.00328716
-0.00294108
-0.00260803
-0.00228872
-0.00198398
-0.00174225
-0.00151075
-0.00129114
-0.00108503
-0.000893731
-0.000754606
-0.000625404
-0.000506937
-0.000399851
-0.000304613
-0.0002427
-0.000187788
-0.000140054
-9.94699e-05
-6.58475e-05
-4.74689e-05
-3.23555e-05
-2.04251e-05
-1.14863e-05
-5.23403e-06
-3.00102e-06
-1.52237e-06
-6.31562e-07
-1.71481e-07
