0
0
0
0
0
0
0
0
0
0
0
0
0
0
0
0
0
0
0
0
0
0
0
0
0
0
0
0
0
0
0
0
0
0
0
0
0
0
0
0
0
0
0
0
0
-0
-0
-0
-0
-0
-0
-0
-0
-0
-0
-0
-0
-0
-0
-0
-0
-0
-0
-8.63934e-07
-4.40549e-05
-0.000152271
-0.000323537
-0.000553712
-0.000836621
-0.00116421
-0.00152672
-0.00191285
-0.00231001
-0.00270459
-0.00308221
-0.00342807
-0.00372713
-0.00396438
-0.00412505
-0.00419494
-0.0041607
-0.00401018
-0.00373265
-0.00331889
-0.00276127
-0.00205374
-0.00119191
-0.000173279
0.00100266
0.00233426
0.00381781
0.00544757
0.00721594
0.00911358
0.0111294
0.0132507
0.0154632
0.0177513
0.0200984
0.022487
0.0248991
0.0273164
0.0297203
0.0320925
0.0344151
0.0366705
0.038842
0.0409134
0.0428694
0.0446954
0.046378
0.0479049
0.0492657
0.0504514
0.0514548
0.0522706
0.0528954
0.0533281
0.0535693
0.0536212
0.0534872
0.0531713
0.0526782
0.0520136
0.0511844
0.0501991
0.0490674
0.0477999
0.0464076
0.0449015
0.0432931
0.0415944
0.0398178
0.0379761
0.0360812
0.0341439
0.0321737
0.0301793
0.0281694
0.0261531
0.0241396
0.0221375
0.0201542
0.0181957
0.0162671
0.0143733
0.0125202
0.0107142
0.00896184
0.00726891
0.00563991
0.00407821
0.00258665
0.00116809
-0.000174653
-0.00144073
-0.00263012
-0.0037433
-0.0047808
-0.00574255
-0.00662736
-0.00743304
-0.00815701
-0.00879717
-0.00935226
-0.00982159
-0.0102044
-0.010499
-0.0107028
-0.0108126
-0.0108257
-0.01074
-0.0105547
-0.0102699
-0.00988599
-0.00940397
-0.00882524
-0.00815201
-0.00738745
-0.00653532
-0.00559955
-0.0045838
-0.00349155
-0.00232671
-0.00109434
0.000198772
0.00154401
0.00293136
0.00435003
0.00578898
0.00723702
0.00868287
0.0101149
0.0115213
0.0128898
0.014208
0.0154631
0.0166417
0.0177301
0.0187143
0.0195805
0.0203159
0.020909
0.0213494
0.0216282
0.021737
0.0216682
0.0214146
0.0209699
0.0203285
0.019486
0.0184391
0.0171856
0.0157248
0.0140574
0.0121861
0.0101148
0.00784876
0.00539425
0.00275857
-4.95675e-05
-0.00301946
-0.00613803
-0.00938982
-0.0127574
-0.0162223
-0.0197649
-0.0233656
-0.0270042
-0.0306599
-0.0343117
-0.0379385
-0.0415193
-0.0450337
-0.0484613
-0.0517814
-0.0549725
-0.0580123
-0.0608779
-0.0635474
-0.0659996
-0.0682152
-0.0701763
-0.0718663
-0.0732691
-0.0743695
-0.0751529
-0.0756059
-0.0757164
-0.0754737
-0.0748686
-0.0738935
-0.0725432
-0.0708147
-0.0687081
-0.0662263
-0.0633747
-0.0601605
-0.0565928
-0.0526812
-0.0484371
-0.0438729
-0.0390026
-0.0338419
-0.0284086
-0.0227224
-0.0168048
-0.010679
-0.00436949
0.00209855
0.00869945
0.0154073
0.0221957
0.0290376
0.0359046
0.042767
0.0495941
0.0563539
0.0630142
0.0695426
0.0759068
0.0820752
0.0880172
0.0937033
0.0991054
0.104197
0.108952
0.113345
0.117352
0.120949
0.124111
0.126817
0.129046
0.130778
0.131997
0.132687
0.132834
0.132426
0.131452
0.129903
0.127771
0.125049
0.121732
0.117819
0.113309
0.108208
0.102523
0.0962648
0.0894469
0.082086
0.0742012
0.0658144
0.0569502
0.0476364
0.0379033
0.0277834
0.0173113
0.00652399
-0.0045387
-0.0158336
-0.0273142
-0.038931
-0.0506329
-0.0623681
-0.0740849
-0.0857319
-0.0972574
-0.108609
-0.119733
-0.130575
-0.14108
-0.151195
-0.160868
-0.170048
-0.178687
-0.18674
-0.19416
-0.200907
-0.206938
-0.212216
-0.216708
-0.220384
-0.223215
-0.225179
-0.226255
-0.226428
-0.225684
-0.224018
-0.221427
-0.217914
-0.213486
-0.208156
-0.201938
-0.194853
-0.186925
-0.178184
-0.168663
-0.158399
-0.147435
-0.135815
-0.123589
-0.11081
-0.0975344
-0.0838222
-0.0697359
-0.0553404
-0.0407029
-0.0258918
-0.0109768
0.00397162
0.0188819
0.0336819
0.0482993
0.0626616
0.0766968
0.0903337
0.103502
0.116133
0.128162
0.139525
0.150163
0.160021
0.169047
0.177195
0.18442
0.190683
0.195948
0.200182
0.203357
0.205452
0.20645
0.206341
0.20512
0.202789
0.199353
0.194825
0.189223
0.182572
0.174901
0.166244
0.156643
0.146139
0.134782
0.122623
0.109719
0.0961294
0.08192
0.0671586
0.0519163
0.0362663
0.0202841
0.00404768
-0.0123629
-0.0288657
-0.0453781
-0.0618178
-0.0781041
-0.0941584
-0.109904
-0.125267
-0.140173
-0.154553
-0.168335
-0.181455
-0.193848
-0.205455
-0.216216
-0.226079
-0.234993
-0.24291
-0.249791
-0.255598
-0.260303
-0.263881
-0.266314
-0.267591
-0.267707
-0.266662
-0.264467
-0.261138
-0.256699
-0.251178
-0.24461
-0.237036
-0.228501
-0.219056
-0.208756
-0.197661
-0.185835
-0.173344
-0.160258
-0.146649
-0.132592
-0.118164
-0.103443
-0.0885087
-0.0734389
-0.0583131
-0.0432102
-0.0282089
-0.013387
0.00117883
0.0154146
0.0292493
0.0426148
0.0554465
0.0676832
0.0792671
0.0901446
0.100266
0.109588
0.11807
0.125679
0.132383
0.13816
0.14299
0.14686
0.14976
0.151689
0.152649
0.152649
0.151701
0.149824
0.147039
0.143376
0.138866
0.133545
0.127456
0.120642
0.11315
0.105032
0.096341
0.0871341
0.0774691
0.0674062
0.0570063
0.0463321
0.0354466
0.0244137
0.0132971
0.00215967
-0.00893655
-0.0199311
-0.030765
-0.041381
-0.0517237
-0.0617399
-0.071379
-0.0805932
-0.089338
-0.0975721
-0.105258
-0.112362
-0.118855
-0.124711
-0.129909
-0.134432
-0.138267
-0.141403
-0.143836
-0.145564
-0.146591
-0.146925
-0.146577
-0.145562
-0.143898
-0.141608
-0.138717
-0.135254
-0.13125
-0.126739
-0.121761
-0.116352
-0.110556
-0.104413
-0.0979682
-0.0912666
-0.0843535
-0.0772746
-0.0700755
-0.0628019
-0.0554997
-0.0482147
-0.0409924
-0.033877
-0.0269113
-0.0201359
-0.0135894
-0.00730807
-0.0013259
0.00432546
0.00961699
0.0145224
0.019018
0.0230828
0.0266984
0.0298494
0.0325233
0.0347114
0.0364085
0.0376122
0.0383234
0.0385448
0.0382818
0.0375424
0.0363376
0.0346818
0.0325925
0.0300897
0.0271955
0.023934
0.0203307
0.0164133
0.012211
0.0077544
0.00307499
-0.00179517
-0.00682354
-0.0119769
-0.017221
-0.0225211
-0.0278421
-0.0331496
-0.0384104
-0.0435924
-0.0486644
-0.0535954
-0.0583549
-0.062913
-0.0672412
-0.0713136
-0.0751066
-0.0785987
-0.08177
-0.0846017
-0.0870764
-0.0891788
-0.0908967
-0.0922209
-0.0931447
-0.093664
-0.0937758
-0.0934792
-0.0927753
-0.0916681
-0.0901652
-0.088277
-0.0860161
-0.0833968
-0.0804346
-0.0771465
-0.0735509
-0.0696684
-0.0655213
-0.0611331
-0.0565288
-0.051734
-0.0467758
-0.0416821
-0.0364823
-0.0312057
-0.025882
-0.0205402
-0.0152088
-0.0099164
-0.00469181
0.000436129
0.005439
0.0102895
0.0149621
0.0194326
0.023678
0.0276765
0.0314068
0.0348493
0.0379862
0.0408025
0.0432853
0.0454237
0.0472082
0.0486303
0.0496833
0.0503626
0.0506664
0.0505949
0.0501505
0.049337
0.048159
0.046623
0.0447375
0.0425138
0.0399655
0.0371082
0.0339587
0.030534
0.0268518
0.0229309
0.0187917
0.014456
0.00994749
0.00529032
0.000509179
-0.00437115
-0.00932574
-0.0143294
-0.0193569
-0.0243831
-0.0293829
-0.0343319
-0.0392058
-0.0439804
-0.0486313
-0.0531352
-0.0574694
-0.061613
-0.0655469
-0.0692532
-0.0727149
-0.0759159
-0.0788407
-0.0814759
-0.0838097
-0.0858329
-0.0875381
-0.0889192
-0.0899713
-0.0906904
-0.0910743
-0.0911226
-0.0908377
-0.0902236
-0.089286
-0.0880311
-0.0864665
-0.0846008
-0.0824444
-0.0800099
-0.0773116
-0.0743648
-0.0711855
-0.0677902
-0.0641957
-0.06042
-0.0564821
-0.052402
-0.0482003
-0.0438977
-0.0395148
-0.035072
-0.0305856
-0.0260679
-0.0215481
-0.0170561
-0.0126209
-0.0082704
-0.00403083
7.2867e-05
0.0040172
0.0077803
0.0113422
0.0146848
0.0177921
0.02065
0.0232461
0.0255697
0.0276126
0.0293696
0.0308385
0.0320201
0.0329173
0.0335347
0.0338779
0.0339537
0.0337707
0.03334
0.0326752
0.0317925
0.0307095
0.0294444
0.0280156
0.0264413
0.0247398
0.0229298
0.0210307
0.0190627
0.0170461
0.0150009
0.0129465
0.0109011
0.00888174
0.00690419
0.00498295
0.00313129
0.0013613
-0.000316139
-0.00189129
-0.00335567
-0.00470215
-0.00592513
-0.00702061
-0.00798619
-0.008821
-0.00952547
-0.0101012
-0.0105508
-0.0108778
-0.011087
-0.011184
-0.0111754
-0.0110687
-0.010872
-0.0105938
-0.0102429
-0.00982824
-0.00935908
-0.00884464
-0.00829412
-0.00771658
-0.00712083
-0.00651529
-0.00590799
-0.00530646
-0.00471769
-0.0041481
-0.00360339
-0.00308859
-0.00260791
-0.00216484
-0.00176205
-0.00140147
-0.00108422
-0.000810672
-0.000580431
-0.000392386
-0.00024474
-0.000135049
-6.02602e-05
-1.67548e-05
-4.06456e-07
-0
-0
-0
-0
-0
-0
-0
-0
-0
-0
-0
-0
0
0
0
0
0
0
0
0
0
0
0
0
0
0
0
0
0
0
0
0
0
0
0
0
0
0
0
0
0
0
0
0
0
0
0
0
0
0
0
0
0
0
0
0
0
0
0
0
0
0
0
-0
-0
-0
-0
-0
-0
-0
-0
-0
-0
-0
-0
-0
-0
-0
-0
-0
-0
-0
-0
-0
-0
-0
-0
-0
-0
-0
-0
-0
-0
-0
-0
-0
-0
-0
-0
-0
-0
-0
-0
-0
-0
-0
-0
-0
0
0
0
0
0
0
0
0
0
0
0
0
0
0
0
0
0
0
0
0
0
0
0
0
0
0
0
0
0
0
0
0
0
0
0
0
0
0
0
0
0
0
0
0
0
0
0
0
0
0
0
0
0
0
0
0
0
0
0
0
0
0
0
0
0
0
0
-0
-0
-0
-0
-0
-0
-0
-0
-0
-0
-0
-0
-0
-0
-0
-0
0
0
0
0
0
0
0
0
0
0
3.30138e-07
1.40373e-05
5.19063e-05
0.000119272
0.00022113
0.000362077
0.000546283
0.000777385
0.00105833
0.00139123
0.00177724
0.00221677
0.00270957
0.00325484
0.00385109
0.00449589
0.00518571
0.005916
0.0066816
0.00747723
0.00829771
0.00913791
0.00999219
0.0108542
0.0117171
0.0125739
0.0134183
0.0142452
0.01505
0.015828
0.0165748
0.0172858
0.0179578
0.0185893
0.0191808
0.0197338
0.02025
0.0207302
0.021175
0.0215859
0.021967
0.0223247
0.0226674
0.0230029
0.0233375
0.0236751
0.0240195
0.0243757
0.0247517
0.0251581
0.0256065
0.0261073
0.0266677
0.027292
0.0279823
0.0287408
0.0295701
0.0304743
0.0314581
0.032526
0.0336826
0.0349302
0.0362701
0.0377016
0.0392214
0.0408241
0.0425009
0.0442424
0.0460399
0.0478862
0.0497769
0.0517062
0.0536686
0.0556558
0.057657
0.0596596
0.0616484
0.0636101
0.0655336
0.0674104
0.0692339
0.0709953
0.0726841
0.0742876
0.075792
0.0771847
0.0784569
0.079604
0.0806248
0.0815192
0.0822865
0.0829599
0.0835472
0.0840432
0.0844444
0.0847462
0.0849519
0.0850631
0.0850811
0.0850082
0.0848421
0.0845924
0.084264
0.0838612
0.0833865
0.0828331
0.082208
0.0815125
0.080751
0.0799308
0.0790518
0.0781299
0.0771698
0.0761738
0.075144
0.0740751
0.0729827
0.0718749
0.0707589
0.069639
0.068508
0.0673723
0.0662305
0.0650831
0.0639335
0.0627814
0.0616363
0.0605013
0.0593777
0.0582658
0.0571661
0.0560778
0.0550003
0.0539324
0.0528722
0.0518255
0.0507825
0.0497419
0.0487025
0.0476623
0.0466355
0.0456024
0.0445609
0.0435102
0.0424512
0.0414112
0.0403654
0.0393133
0.0382536
0.0371848
0.036141
0.0350914
0.034041
0.0329964
0.0319636
0.0309863
0.0300296
0.029095
0.0281829
0.0272924
0.0264613
0.0256511
0.0248649
0.02411
0.0233969
0.0227703
0.0222082
0.0217181
0.0213042
0.0209685
0.0207331
0.0205838
0.0205282
0.0205758
0.0207361
0.021016
0.0214254
0.0219721
0.0226637
0.0235074
0.0244788
0.025608
0.0268937
0.0283341
0.029929
0.0316219
0.033477
0.0354973
0.0376816
0.0400233
0.0424221
0.0449583
0.0476254
0.0504202
0.053341
0.0562688
0.0593101
0.0624509
0.0656743
0.0689631
0.0721729
0.0754183
0.0786836
0.0819501
0.0851951
0.0882676
0.0912707
0.0941829
0.0969844
0.0996555
0.10207
0.104308
0.106343
0.10815
0.109704
0.110922
0.111843
0.112442
0.112695
0.112572
0.112053
0.11111
0.109726
0.107887
0.10558
0.102878
0.0996887
0.0960019
0.0918105
0.0871101
0.0820667
0.076518
0.0704723
0.0639416
0.0569407
0.0497307
0.042085
0.0340245
0.0255747
0.0167675
0.00794507
-0.0011523
-0.0104777
-0.0199835
-0.029623
-0.0390187
-0.0484533
-0.0578739
-0.0672215
-0.076433
-0.0851285
-0.0935634
-0.10168
-0.109419
-0.116722
-0.123269
-0.129248
-0.134594
-0.139243
-0.143139
-0.146085
-0.148176
-0.149364
-0.149599
-0.148833
-0.147028
-0.144146
-0.140159
-0.135043
-0.128777
-0.121517
-0.113077
-0.103455
-0.0926557
-0.080695
-0.0679403
-0.0540668
-0.0390995
-0.023069
-0.00601618
0.0115062
0.0299325
0.0491891
0.0691982
0.0898802
0.110549
0.131725
0.153317
0.175222
0.197334
0.218896
0.240443
0.261865
0.283051
0.303884
0.323639
0.342795
0.361229
0.378819
0.395449
0.410529
0.424423
0.437021
0.448216
0.457903
0.465716
0.471841
0.476203
0.478731
0.479362
0.478025
0.474686
0.469309
0.461869
0.452349
0.441019
0.427615
0.412158
0.394685
0.375243
0.354441
0.331794
0.30737
0.281247
0.253516
0.225061
0.19522
0.164123
0.131909
0.0987185
0.0656263
0.0318465
-0.00246762
-0.0371514
-0.0720295
-0.105947
-0.1397
-0.173113
-0.20601
-0.238219
-0.268666
-0.298077
-0.326283
-0.353118
-0.378425
-0.401346
-0.422442
-0.441569
-0.458591
-0.473377
-0.485398
-0.494974
-0.502026
-0.506484
-0.508289
-0.507327
-0.503615
-0.497127
-0.487856
-0.475816
-0.461356
-0.444195
-0.424379
-0.401966
-0.377028
-0.350335
-0.321319
-0.290107
-0.256836
-0.221651
-0.185663
-0.14807
-0.109041
-0.0687569
-0.0274101
0.0136664
0.0554171
0.0976482
0.140162
0.182756
0.224037
0.264984
0.305391
0.345061
0.383797
0.420322
0.455535
0.489253
0.521294
0.551491
0.578827
0.604032
0.626983
0.647563
0.665657
0.680624
0.692905
0.702428
0.709142
0.713015
0.713888
0.711895
0.707031
0.699304
0.688734
0.675624
0.659767
0.641238
0.620122
0.596518
0.571168
0.543551
0.513794
0.48204
0.448438
0.414081
0.378193
0.340939
0.302488
0.263021
0.223842
0.184021
0.143747
0.103208
0.0625954
0.0232695
-0.0157581
-0.0543052
-0.0921933
-0.129251
-0.16422
-0.198042
-0.23057
-0.261659
-0.291173
-0.318085
-0.343172
-0.366328
-0.387458
-0.406475
-0.422699
-0.436669
-0.448331
-0.457646
-0.464591
-0.468895
-0.470816
-0.470359
-0.467537
-0.462371
-0.454996
-0.44536
-0.433528
-0.419574
-0.403581
-0.386066
-0.366689
-0.345548
-0.322745
-0.298396
-0.273318
-0.246937
-0.219382
-0.190782
-0.161267
-0.131845
-0.101776
-0.0711947
-0.0402344
-0.00902899
0.0213442
0.0517007
0.081911
0.111847
0.141383
0.169486
0.19696
0.223702
0.249612
0.274599
0.297783
0.319869
0.340781
0.36045
0.378812
0.395223
0.41022
0.423757
0.435799
0.446315
0.454947
0.462033
0.467579
0.471596
0.474097
0.475017
0.474459
0.47245
0.46902
0.464207
0.458218
0.450938
0.442419
0.432719
0.421904
0.410414
0.397945
0.384567
0.370351
0.355366
0.340209
0.324422
0.308077
0.291243
0.273992
0.257002
0.239735
0.22226
0.204646
0.186961
0.169888
0.15287
0.135967
0.119236
0.102733
0.0870777
0.0717621
0.0568391
0.0423606
0.0283763
0.0153875
0.00298616
-0.00878697
-0.0198973
-0.0303177
-0.0397224
-0.0484027
-0.0563444
-0.0635303
-0.0699405
-0.075411
-0.0800677
-0.083901
-0.0869109
-0.0891048
-0.0905115
-0.0911281
-0.0909697
-0.0900543
-0.0884041
-0.0861997
-0.0833163
-0.0797832
-0.0756292
-0.0708841
-0.0658359
-0.0602708
-0.0542378
-0.0477917
-0.0409882
-0.034188
-0.0271234
-0.0198325
-0.0123535
-0.00473012
0.00266833
0.010109
0.0175402
0.0249147
0.0321903
0.0390412
0.0457151
0.0521722
0.0583732
0.0642832
0.0696536
0.0746846
0.0793594
0.0836603
0.087566
0.0909157
0.0938206
0.0962608
0.0982239
0.0997053
0.100658
0.101133
0.101133
0.100668
0.0997514
0.0984349
0.0967086
0.0945956
0.0921176
0.0892955
0.0862428
0.082896
0.0792888
0.0754593
0.0714457
0.0674036
0.0632389
0.0589774
0.0546479
0.050286
0.0460588
0.0418858
0.0378064
0.0338519
0.030045
0.0265081
0.0231595
0.0200255
0.0171354
0.0145163
0.0122531
0.0102922
0.00863801
0.00729281
0.00626096
0.0055715
0.00521362
0.00519321
0.00550769
0.00614575
0.00707143
0.00828779
0.0097798
0.0115329
0.0135307
0.0157057
0.0180829
0.0206379
0.0233457
0.0261824
0.0290659
0.0320324
0.035056
0.0381076
0.0411569
0.0441221
0.0470356
0.0498789
0.0526344
0.0552819
0.0577608
0.0600729
0.0621688
0.064029
0.0656442
0.0669988
0.0681047
0.0689604
0.0695629
0.0699098
0.070009
0.0698544
0.0694532
0.068816
0.0679555
0.0669038
0.0656521
0.0642145
0.0626101
0.0608631
0.0590164
0.0570737
0.0550546
0.0529774
0.0508607
0.0487261
0.0465854
0.0444535
0.0423444
0.0402713
0.0382285
0.0362414
0.0343174
0.0324643
0.0306893
0.0289628
0.027323
0.0257699
0.0243041
0.0229269
0.0215955
0.0203577
0.0192117
0.0181523
0.0171721
0.0162198
0.0153349
0.0145118
0.0137458
0.0130319
0.0123336
0.0116793
0.011063
0.0104781
0.00991853
0.00936591
0.00883219
0.00831472
0.00781041
0.00731623
0.00683417
0.00636076
0.00589726
0.00544424
0.00500152
0.0045838
0.00417488
0.00377629
0.00338985
0.00301765
0.00268015
0.0023584
0.00205442
0.00176938
0.00150398
0.00127353
0.00106133
0.000868935
0.000697388
0.000547106
0.000425545
0.000321703
0.000235038
0.000164668
0.00010941
6.97858e-05
4.07292e-05
2.08018e-05
8.45375e-06
2.07593e-06
3.53885e-08
0
0
0
0
0
0
0
0
0
0
0
0
0
0
0
0
0
0
0
0
0
0
0
0
0
0
0
0
0
0
0
0
0
0
0
0
0
0
0
0
0
0
0
0
0
0
0
0
0
0
0
0
0
0
0
0
0
0
0
0
0
0
0
