0.000233039
0.000498407
0.00090829
0.00149312
0.0022823
0.00330337
0.00458124
0.00613748
0.00798966
0.0101507
0.0126284
0.0154245
0.0185347
0.0219476
0.0256451
0.0296018
0.0337854
0.0381567
0.0426703
0.047275
0.051914
0.0565259
0.0610446
0.0654002
0.0695196
0.0733279
0.0767499
0.0797118
0.0821427
0.0839759
0.0851489
0.0856045
0.085291
0.0841628
0.0821821
0.0793204
0.0755593
0.0708923
0.0653245
0.0588729
0.051566
0.0434433
0.0345549
0.0249613
0.0147339
0.00395455
-0.00728404
-0.0188791
-0.0307192
-0.0426861
-0.0546572
-0.0665065
-0.078106
-0.0893262
-0.100036
-0.110103
-0.119399
-0.127796
-0.135176
-0.141428
-0.146454
-0.150164
-0.15248
-0.153336
-0.152671
-0.15044
-0.146608
-0.141153
-0.134074
-0.125386
-0.115125
-0.103343
-0.0901053
-0.0754924
-0.0595954
-0.0425193
-0.024384
-0.00532475
0.0145098
0.0349623
0.0558722
0.0770798
0.0984271
0.119756
0.140906
0.161711
0.182006
0.201626
0.220479
0.238521
0.255662
0.271817
0.286909
0.300863
0.313604
0.325065
0.335188
0.343927
0.351252
0.357146
0.361599
0.36461
0.36618
0.366314
0.365021
0.362319
0.358239
0.352825
0.346134
0.338234
0.329196
0.319092
0.307989
0.295957
0.283068
0.269407
0.255067
0.240154
0.224775
0.209039
0.193047
0.176895
0.160677
0.144492
0.128438
0.112617
0.0971332
0.0820821
0.0675557
0.0536392
0.0404127
0.0279506
0.0163206
0.00558129
-0.00421849
-0.0130398
-0.0208514
-0.0276284
-0.0333509
-0.0380059
-0.0415886
-0.0441043
-0.0455692
-0.0460094
-0.04546
-0.0439649
-0.0415774
-0.03836
-0.0343842
-0.0297278
-0.0244724
-0.0187015
-0.0125008
-0.00595979
0.000826479
0.00775803
0.0147328
0.0216508
0.028418
0.0349465
0.0411528
0.046954
0.0522661
0.0570048
0.0610896
0.0644479
0.0670184
0.0687511
0.0696054
0.0695484
0.068554
0.0666051
0.0636955
0.0598309
0.0550284
0.0493132
0.0427166
0.0352746
0.0270297
0.0180338
0.00835014
-0.00194614
-0.0127702
-0.0240307
-0.0356325
-0.0474784
-0.0594692
-0.0715027
-0.0834741
-0.0952748
-0.106794
-0.117916
-0.128528
-0.138511
-0.147752
-0.156141
-0.163575
-0.16996
-0.17521
-0.179246
-0.181993
-0.18338
-0.183344
-0.181827
-0.178785
-0.174187
-0.168014
-0.160259
-0.150926
-0.140027
-0.127585
-0.113632
-0.0982123
-0.0813805
-0.063206
-0.0437711
-0.023171
-0.0015128
0.021087
0.0445046
0.0686116
0.0932754
0.118359
0.143718
0.169203
0.194653
0.219902
0.24478
0.269117
0.292747
0.315507
0.337241
0.357798
0.377034
0.394808
0.410984
0.42543
0.43802
0.448634
0.457165
0.463518
0.467615
0.469397
0.468823
0.465867
0.460515
0.452765
0.442626
0.430116
0.415267
0.398126
0.378756
0.35724
0.333678
0.308186
0.280897
0.251951
0.221501
0.189701
0.156716
0.122715
0.0878753
0.0523852
0.0164404
-0.0197565
-0.0559997
-0.0920824
-0.1278
-0.16295
-0.197334
-0.230758
-0.263032
-0.293973
-0.323404
-0.351154
-0.37706
-0.40097
-0.422744
-0.442255
-0.459394
-0.474065
-0.486188
-0.495696
-0.502538
-0.506672
-0.508076
-0.506739
-0.502671
-0.495894
-0.486449
-0.474392
-0.459797
-0.442756
-0.423378
-0.401787
-0.378124
-0.352537
-0.325181
-0.296221
-0.265826
-0.234175
-0.201453
-0.16785
-0.133565
-0.0987995
-0.063761
-0.0286604
0.0062883
0.0408712
0.0748782
0.108106
0.14036
0.171453
0.201206
0.229444
0.256
0.280714
0.303439
0.324041
0.342404
0.358423
0.372008
0.383083
0.391585
0.39747
0.400707
0.401283
0.399201
0.394476
0.387134
0.377217
0.364782
0.349904
0.332672
0.313195
0.29159
0.267985
0.242514
0.215319
0.186551
0.156371
0.12495
0.0924687
0.0591135
0.0250749
-0.0094556
-0.0442866
-0.0792282
-0.114091
-0.148689
-0.182835
-0.216347
-0.249045
-0.280759
-0.311326
-0.340593
-0.368418
-0.394669
-0.419219
-0.441951
-0.462759
-0.481547
-0.498232
-0.512746
-0.525033
-0.535051
-0.542771
-0.548178
-0.55127
-0.55206
-0.550577
-0.54686
-0.540961
-0.53294
-0.522867
-0.510826
-0.496914
-0.481239
-0.463919
-0.445075
-0.424834
-0.403319
-0.380657
-0.356983
-0.332435
-0.307161
-0.281311
-0.255036
-0.228482
-0.201793
-0.175108
-0.148565
-0.122296
-0.096432
-0.0710987
-0.0464148
-0.0224937
0.000556705
0.0226333
0.0436393
0.0634861
0.0820955
0.0994005
0.115345
0.129879
0.142961
0.154554
0.164626
0.173158
0.180138
0.185567
0.189456
0.191822
0.19269
0.192088
0.190056
0.186637
0.181886
0.175861
0.168627
0.160248
0.150793
0.14033
0.128936
0.11669
0.103677
0.0899841
0.0756973
0.060901
0.0456781
0.0301121
0.0142876
-0.00170938
-0.017793
-0.0338804
-0.0498933
-0.0657586
-0.0814072
-0.0967724
-0.111789
-0.126392
-0.140523
-0.154126
-0.167155
-0.179569
-0.191332
-0.202413
-0.21278
-0.222406
-0.231268
-0.23935
-0.246642
-0.253141
-0.258848
-0.263767
-0.267902
-0.271264
-0.273865
-0.275724
-0.276866
-0.277317
-0.277106
-0.276261
-0.274812
-0.272793
-0.27024
-0.267195
-0.263701
-0.2598
-0.255531
-0.250934
-0.246044
-0.240902
-0.235551
-0.230036
-0.224405
-0.218699
-0.21296
-0.207225
-0.20153
-0.195912
-0.190408
-0.185052
-0.179875
-0.174904
-0.170163
-0.165674
-0.16146
-0.157545
-0.153951
-0.150695
-0.147792
-0.145252
-0.143083
-0.141296
-0.139899
-0.138901
-0.138309
-0.13812
-0.138332
-0.138935
-0.139923
-0.141287
-0.143022
-0.145118
-0.147564
-0.150345
-0.153441
-0.156835
-0.160509
-0.164446
-0.168628
-0.173034
-0.177639
-0.18242
-0.187351
-0.192406
-0.197561
-0.202791
-0.208064
-0.213349
-0.218611
-0.223817
-0.228936
-0.23394
-0.238802
-0.243495
-0.247988
-0.252248
-0.256244
-0.259946
-0.263327
-0.266364
-0.269034
-0.271315
-0.273184
-0.274619
-0.275601
-0.276115
-0.276148
-0.275689
-0.274728
-0.273255
-0.271264
-0.268752
-0.26572
-0.262173
-0.258121
-0.253575
-0.248547
-0.243051
-0.237103
-0.230721
-0.223927
-0.216743
-0.209197
-0.201314
-0.193124
-0.184659
-0.175955
-0.16705
-0.157985
-0.148802
-0.139543
-0.130249
-0.120962
-0.111724
-0.102576
-0.0935614
-0.0847217
-0.0761004
-0.0677402
-0.0596832
-0.0519702
-0.044641
-0.0377338
-0.0312856
-0.0253324
-0.0199087
-0.0150475
-0.0107795
-0.00713275
-0.0041322
-0.00179975
-0.000154273
0.000788557
0.0010166
0.000521667
-0.00070034
-0.00264991
-0.00532476
-0.00872058
-0.0128311
-0.0176474
-0.0231561
-0.0293387
-0.0361714
-0.0436259
-0.0516715
-0.0602765
-0.0694088
-0.0790342
-0.0891158
-0.0996126
-0.11048
-0.121671
-0.133138
-0.144833
-0.156709
-0.168716
-0.180799
-0.192903
-0.204968
-0.216939
-0.228763
-0.240391
-0.251778
-0.262879
-0.273645
-0.284027
-0.293973
-0.303436
-0.312369
-0.320733
-0.328493
-0.335614
-0.342066
-0.347817
-0.352841
-0.357112
-0.360611
-0.363321
-0.365231
-0.366332
-0.36662
-0.366094
-0.364758
-0.362617
-0.359683
-0.355968
-0.351489
-0.346267
-0.340325
-0.333678
-0.326212
-0.317939
-0.308914
-0.299194
-0.288839
-0.277914
-0.266487
-0.254627
-0.242411
-0.229912
-0.217208
-0.20437
-0.191473
-0.178588
-0.165785
-0.153135
-0.140705
-0.128557
-0.116751
-0.105338
-0.0943651
-0.0838737
-0.073902
-0.0644837
-0.0556482
-0.0474193
-0.039815
-0.0328472
-0.0265216
-0.0208383
-0.0157919
-0.0113718
-0.00756287
-0.00434584
-0.00169807
0.00040581
0.00199373
0.00309633
0.00374727
0.00398337
0.00384418
0.00337111
0.00260634
0.00159191
0.000369345
-0.00102049
-0.00253737
-0.00414212
-0.00579727
-0.00746801
-0.0091228
-0.0107335
-0.0122749
-0.0137241
-0.0150602
-0.0162645
-0.0173207
-0.0182162
-0.0189419
-0.0194928
-0.0198665
-0.0200638
-0.0200872
-0.0199419
-0.019635
-0.0191761
-0.018577
-0.017851
-0.0170129
-0.016078
-0.0150623
-0.0139821
-0.0128543
-0.0116957
-0.0105231
-0.00935269
-0.00820014
-0.00708017
-0.00600663
-0.00499238
-0.00404913
-0.00318734
-0.00241605
-0.00174283
-0.00117382
-0.000713808
-0.000366227
-0.000133218
-1.56246e-05
-0
-0
-0
-0
-0
-0
-0
-0
-0
-0
-0
-0
-0
-0
-0
-0
-0
-0
-0
-0
-0
-0
-0
-0
-0
-0
-0
-0
-0
-0
-0
-0
-0
-0
-0
-0
-0
-0
-0
-0
-0
-0
-0
-0
-0
-0
-0
-0
-0
-0
-0
-0
-0
-0
-0
-0
-0
-0
-0
-0
-0
-0
-0
-0
-0
-0
-0
-0
-0
-0
-0
-0
-0
-0
-0
-0
-0
-0
-0
-0
-0
-0
-0
-0
-0
-0
-0
-0
-0
-0
-0
-0
-0
-0
-0
-0
-0
-0
-0
-0
-0
-0
-0
-0
-0
-0
-0
-0
-0
-0
-0
-0
-0
-0
-0
-0
-0
-0
-0
-0
-0
-0
-0
-0
-0
-0
-0
-0
-0
-0
-0
-0
-0
-0
-0
-0
-0
-0
-0
-0
-0
-0
-0
-0
-0
-0
-0
-0
-0
-0
-0
-0
-0
-0
-0
-0
-0
-0
-0
-0
-0
-0
-0
-0
-0
-0
-0
-0
0
0
0
0
0
0
0
0
0
0
0
0
0
0
0
0
0
0
0
0
0
0
0
0
0
0
0
0
0
0
0
0
0
0
0
0
0
0
0
0
0
0
0
0
0
0
0
0
0
0
0
0
0
0
0
0
0
0
0
0
0
0
0
0
0
0
0
0
0
0
0
0
0
0
0
0
0
0
0
0
0
0
0
0
0
0
0
0
0
0
0
0
0
0
0
0
0
0
0
0
0
0
0
0
0
0
0
0
0
0
0
0
0
0
0
0
0
0
0
0
0
0
0
0
0
0
0
0
0
0
0
0
0
0
0
0
0
0
0
0
0
0
0
0
0
0
0
0
0
0
0
0
0
0
0
0
0
0
0
0
0
0
0
0
0
9.22649e-07
8.08494e-06
2.28568e-05
4.584e-05
7.76076e-05
0.000118696
0.000169597
0.000230748
0.000302517
0.000385192
0.000478969
0.000583954
0.000700168
0.000827555
0.00096597
0.00111517
0.00127481
0.00144439
0.00162333
0.00181093
0.00200644
0.00220907
0.00241796
0.00263221
0.00285083
0.00307283
0.00329716
0.00352276
0.0037486
0.00397362
0.00419674
0.00441684
0.00463283
0.00484367
0.00504843
0.00524636
0.00543684
0.00561935
0.00579338
0.00595844
0.00611409
0.00625994
0.00639576
0.0065215
0.00663724
0.00674323
0.00683983
0.00692747
0.0070067
0.00707815
0.00714259
0.00720086
0.00725387
0.00730253
0.00734774
0.00739046
0.00743161
0.0074722
0.00751327
0.00755589
0.00760116
0.00765015
0.00770381
0.00776295
0.00782825
0.00790025
0.00797943
0.00806632
0.00816146
0.00826544
0.00837874
0.00850166
0.00863422
0.00877618
0.00892717
0.00908666
0.00925418
0.00942929
0.00961153
0.00980036
0.00999502
0.0101946
0.0103982
0.0106047
0.0108132
0.0110225
0.0112313
0.0114385
0.0116428
0.0118428
0.0120388
0.0122353
0.0124321
0.0126287
0.0128242
0.013018
0.0132091
0.0133969
0.0135806
0.0137595
0.0139331
0.0141006
0.0142613
0.0144149
0.0145607
0.0146986
0.0148286
0.0149506
0.0150644
0.0151697
0.0152665
0.0153547
0.0154342
0.015505
0.015567
0.0156203
0.0156651
0.0157012
0.0157288
0.015748
0.0157597
0.0157645
0.0157627
0.0157546
0.0157395
0.0157176
0.0156892
0.0156544
0.0156141
0.0155684
0.0155185
0.0154647
0.015407
0.0153452
0.0152787
0.0152079
0.0151329
0.015054
0.0149717
0.0148862
0.0147978
0.0147064
0.0146121
0.0145147
0.0144143
0.0143106
0.0142034
0.0140929
0.0139791
0.0138629
0.0137442
0.0136232
0.0135
0.0133748
0.0132482
0.0131193
0.012988
0.0128549
0.0127206
0.0125871
0.0124536
0.0123202
0.0121867
0.0120529
0.0119205
0.0117878
0.0116554
0.0115238
0.0113939
0.0112682
0.0111449
0.011024
0.0109058
0.0107904
0.0106804
0.0105744
0.010473
0.0103767
0.0102856
0.0102017
0.0101233
0.0100507
0.00998419
0.00992414
0.00987173
0.00982638
0.0097884
0.00975821
0.00973641
0.00972343
0.00972029
0.00972747
0.00974514
0.00977307
0.00980911
0.00985457
0.00990923
0.00997307
0.0100462
0.0101255
0.0102141
0.010312
0.0104187
0.0105337
0.0106515
0.0107767
0.0109091
0.0110482
0.0111936
0.0113385
0.0114885
0.0116428
0.0118005
0.0119606
0.012115
0.0122694
0.0124228
0.0125742
0.0127225
0.01286
0.0129925
0.0131185
0.0132366
0.0133453
0.0134376
0.0135176
0.0135837
0.0136345
0.0136685
0.013681
0.0136735
0.0136448
0.0135936
0.0135188
0.0134198
0.0132952
0.0131437
0.0129643
0.012756
0.0125224
0.0122586
0.0119645
0.0116399
0.0112845
0.0109072
0.010499
0.0100602
0.00959138
0.00909368
0.00858126
0.00804241
0.00747836
0.00689034
0.00627977
0.00566441
0.0050303
0.00437987
0.00371584
0.00304107
0.00237595
0.00170599
0.00103421
0.000363764
-0.000302131
-0.000943528
-0.00157387
-0.00218981
-0.00278783
-0.00336418
-0.00390149
-0.00440929
-0.00488373
-0.0053212
-0.0057183
-0.00606409
-0.00636336
-0.00661321
-0.00681085
-0.00695363
-0.00703903
-0.00706502
-0.00702972
-0.00693152
-0.00676905
-0.00655015
-0.00626533
-0.00591444
-0.00549783
-0.0050162
-0.00448855
-0.00389811
-0.00324635
-0.00253507
-0.0017665
-0.000969343
-0.000120765
0.000775701
0.00171619
0.00269649
0.00368059
0.00469517
0.00573507
0.00679487
0.00786899
0.00891835
0.00997095
0.0110212
0.0120633
0.0130911
0.0140669
0.0150156
0.0159308
0.0168064
0.0176362
0.01839
0.0190865
0.0197201
0.0202852
0.0207766
0.0211756
0.0214913
0.0217198
0.0218572
0.0219002
0.0218457
0.0216909
0.0214336
0.0210722
0.0206058
0.0200495
0.0193882
0.0186229
0.0177553
0.0167875
0.0157518
0.0146214
0.0133997
0.0120907
0.0106988
0.00927067
0.00777056
0.00620489
0.00458057
0.00290494
0.00123408
-0.000472713
-0.00220736
-0.00396144
-0.00572623
-0.00744337
-0.00915351
-0.0108478
-0.0125172
-0.0141527
-0.0157012
-0.0171973
-0.0186321
-0.0199971
-0.0212843
-0.0224546
-0.0235328
-0.0245123
-0.0253866
-0.0261495
-0.0267807
-0.0272896
-0.0276722
-0.0279252
-0.0280459
-0.0280378
-0.0278939
-0.0276135
-0.0271967
-0.0266446
-0.0259853
-0.0251955
-0.0242786
-0.0232387
-0.0220805
-0.020853
-0.0195189
-0.0180855
-0.0165606
-0.0149526
-0.0133261
-0.0116333
-0.00988268
-0.00808343
-0.0062454
-0.00444054
-0.00261846
-0.000790294
0.00103289
0.0028403
0.00456342
0.00625028
0.00789101
0.0094758
0.0109949
0.0123924
0.0137056
0.0149258
0.0160449
0.0170554
0.0179225
0.0186683
0.019288
0.0197772
0.0201323
0.0203453
0.0204184
0.0203499
0.0201389
0.0197857
0.0193115
0.018699
0.0179516
0.017073
0.0160672
0.0149805
0.0137766
0.0124616
0.0110426
0.00952754
0.00798331
0.00636044
0.004668
0.0029154
0.00111247
-0.000663805
-0.00246972
-0.00429455
-0.00612737
-0.00795723
-0.00970741
-0.0114332
-0.0131241
-0.0147698
-0.0163602
-0.0178305
-0.019227
-0.0205416
-0.0217664
-0.0228943
-0.0238813
-0.0247581
-0.0255184
-0.0261568
-0.0266683
-0.0270363
-0.0272706
-0.0273696
-0.0273322
-0.0271587
-0.0268625
-0.026432
-0.0258694
-0.0251773
-0.0243594
-0.0234575
-0.0224399
-0.0213125
-0.0200819
-0.0187551
-0.0173951
-0.0159538
-0.0144397
-0.0128616
-0.0112291
-0.00961833
-0.00797289
-0.00630262
-0.00461726
-0.00292661
-0.00130755
0.000296999
0.00187712
0.00342294
0.00492495
0.00631593
0.00764596
0.00890742
0.0100931
0.011196
0.0121683
0.013045
0.0138207
0.0144902
0.0150495
0.0154762
0.0157868
0.0159798
0.0160545
0.016011
0.0158555
0.0155837
0.0151973
0.0146986
0.0140906
0.013405
0.0126178
0.0117342
0.0107601
0.00970198
0.00861284
0.00745363
0.00623146
0.00495362
0.0036276
0.00231747
0.000974786
-0.000392326
-0.00177549
-0.00316624
-0.0044983
-0.00582159
-0.00712848
-0.00841163
-0.00966401
-0.0108279
-0.0119478
-0.0130175
-0.014031
-0.014983
-0.0158316
-0.0166096
-0.0173134
-0.0179401
-0.018487
-0.0189335
-0.0192964
-0.0195744
-0.0197667
-0.0198733
-0.0198962
-0.0198352
-0.0196918
-0.0194682
-0.0191669
-0.0188106
-0.0183831
-0.0178884
-0.0173305
-0.0167139
-0.0160761
-0.0153889
-0.0146575
-0.0138873
-0.0130839
-0.0122927
-0.0114798
-0.0106508
-0.00981106
-0.00896595
-0.00815999
-0.00735925
-0.00656895
-0.00579418
-0.00503972
-0.00434232
-0.00367382
-0.00303806
-0.00243856
-0.00187856
-0.00138135
-0.000929114
-0.000524011
-0.000167756
0.000138328
0.000387227
0.000584187
0.000728856
0.000821428
0.000862712
0.000862189
0.000813423
0.000718351
0.000579066
0.000397783
0.000196274
-4.23326e-05
-0.000315226
-0.000619319
-0.000951325
-0.00128199
-0.00163375
-0.00200319
-0.00238694
-0.0027816
-0.00315736
-0.00353724
-0.00391797
-0.00429645
-0.00466978
-0.00501385
-0.00534692
-0.00566619
-0.00596928
-0.00625434
-0.00650865
-0.00674224
-0.00695396
-0.0071427
-0.00730734
-0.00744796
-0.00756212
-0.00764906
-0.00770877
-0.00774185
-0.00776314
-0.00775902
-0.00772966
-0.0076752
-0.00759601
-0.0075174
-0.00741584
-0.00729277
-0.00714997
-0.00698922
-0.00684283
-0.00668128
-0.00650573
-0.00631756
-0.00611849
-0.00594166
-0.00575772
-0.00556825
-0.00537445
-0.00517724
-0.00500337
-0.00482865
-0.00465497
-0.00448442
-0.00431904
-0.00417558
-0.00404088
-0.00391634
-0.00380291
-0.00370136
-0.0036132
-0.00353941
-0.00348154
-0.00344058
-0.0034169
-0.00339546
-0.00339176
-0.003405
-0.00343443
-0.00347998
-0.0035123
-0.00356111
-0.0036264
-0.00370737
-0.00380251
-0.00387106
-0.00395103
-0.00404118
-0.00414013
-0.00424626
-0.00431562
-0.00438949
-0.00446596
-0.00454281
-0.00461765
-0.00464978
-0.00467709
-0.00469853
-0.00471326
-0.00472045
-0.0046899
-0.00465029
-0.00460035
-0.00453919
-0.00446656
-0.00436652
-0.00425645
-0.00413703
-0.00400896
-0.00387273
-0.00372559
-0.00357006
-0.003406
-0.00323406
-0.00305563
-0.00288089
-0.00270214
-0.0025205
-0.00233706
-0.00215296
-0.00198496
-0.00181693
-0.00164974
-0.0014846
-0.00132295
-0.00118445
-0.00104979
-0.000919438
-0.000793976
-0.000674138
-0.000577768
-0.000486634
-0.000401194
-0.000321887
-0.000249078
-0.000196072
-0.000148209
-0.000105398
-6.75376e-05
-3.45094e-05
-1.43703e-05
2.49303e-06
1.62953e-05
2.72611e-05
3.56157e-05
3.7643e-05
3.81978e-05
3.74919e-05
3.57843e-05
3.33472e-05
2.92824e-05
2.51456e-05
2.10496e-05
1.71158e-05
1.34681e-05
1.02848e-05
7.51371e-06
5.19405e-06
3.3466e-06
1.96134e-06
1.18534e-06
6.34983e-07
2.76104e-07
7.73706e-08
