0.000126561
0.000244369
0.000407214
0.000618149
0.000879328
0.00119198
0.00155636
0.0019718
0.00243663
0.00294824
0.00350309
0.00409677
0.00472404
0.00537887
0.0060545
0.00674353
0.00743797
0.0081294
0.00880908
0.00946803
0.0100971
0.0106872
0.011229
0.0117135
0.0121319
0.0124757
0.0127371
0.0129086
0.0129834
0.0129555
0.0128195
0.0125711
0.012207
0.0117246
0.0111226
0.0104004
0.00955845
0.008598
0.00752151
0.00633257
0.00503579
0.00363669
0.00214147
0.000556957
-0.00110934
-0.00284916
-0.0046534
-0.00651216
-0.00841498
-0.010351
-0.0123094
-0.0142787
-0.0162475
-0.018204
-0.0201359
-0.022031
-0.0238772
-0.0256632
-0.0273779
-0.0290106
-0.0305512
-0.0319892
-0.0333149
-0.0345188
-0.035592
-0.0365271
-0.0373176
-0.0379582
-0.0384448
-0.0387744
-0.0389447
-0.0389544
-0.0388026
-0.0384893
-0.0380149
-0.0373805
-0.0365883
-0.0356413
-0.0345437
-0.0333005
-0.0319179
-0.0304026
-0.0287623
-0.0270052
-0.0251404
-0.0231771
-0.0211248
-0.018993
-0.0167957
-0.0145462
-0.0122506
-0.00991555
-0.00754805
-0.00515509
-0.00274333
-0.000318907
0.00211254
0.00454567
0.00697507
0.00939497
0.0117992
0.0141814
0.0165349
0.0188533
0.0211305
0.0233605
0.0255378
0.027657
0.029713
0.0317008
0.0336158
0.0354533
0.0372089
0.0388781
0.0404566
0.0419402
0.0433252
0.0446082
0.0457863
0.0468571
0.0478187
0.0486691
0.0494068
0.0500305
0.0505388
0.050931
0.0512065
0.0513654
0.0514078
0.0513339
0.0511439
0.0508378
0.0504157
0.049878
0.0492259
0.048461
0.0475857
0.0466027
0.0455149
0.044325
0.0430363
0.0416522
0.0401766
0.0386139
0.0369689
0.0352463
0.0334511
0.0315879
0.0296619
0.0276784
0.0256433
0.0235626
0.0214426
0.0192896
0.0171103
0.0149118
0.0127017
0.0104881
0.00827908
0.00608216
0.00390432
0.00175178
-0.000369588
-0.00245395
-0.00449524
-0.00648719
-0.00842348
-0.0102981
-0.0121052
-0.0138395
-0.0154956
-0.0170687
-0.018554
-0.0199476
-0.0212463
-0.0224477
-0.0235497
-0.0245506
-0.0254484
-0.0262415
-0.0269284
-0.0275085
-0.0279818
-0.0283486
-0.0286097
-0.0287653
-0.0288159
-0.028762
-0.0286047
-0.0283459
-0.0279883
-0.027535
-0.026989
-0.0263535
-0.0256317
-0.0248269
-0.0239431
-0.0229843
-0.0219549
-0.0208589
-0.0197005
-0.0184835
-0.017212
-0.0158903
-0.0145231
-0.0131149
-0.0116702
-0.0101931
-0.00868781
-0.00715857
-0.00561002
-0.00404711
-0.00247485
-0.000897967
0.000679248
0.0022529
0.0038192
0.00537425
0.00691395
0.00843409
0.00993061
0.0113997
0.0128378
0.0142413
0.0156062
0.0169284
0.0182034
0.0194265
0.0205932
0.0216994
0.0227408
0.0237131
0.0246123
0.0254341
0.0261749
0.0268314
0.0274008
0.0278802
0.0282669
0.028558
0.0287503
0.0288414
0.028829
0.0287116
0.0284877
0.0281565
0.0277166
0.0271673
0.0265078
0.0257377
0.0248574
0.0238678
0.0227698
0.0215651
0.0202555
0.0188438
0.0173332
0.0157279
0.0140325
0.0122517
0.0103909
0.00845539
0.00645151
0.0043864
0.00226829
0.000106205
-0.00209035
-0.00431168
-0.00654803
-0.0087895
-0.0110259
-0.0132465
-0.0154402
-0.0175957
-0.0197014
-0.0217458
-0.0237175
-0.0256049
-0.027397
-0.0290831
-0.0306531
-0.0320976
-0.0334081
-0.034576
-0.0355933
-0.036452
-0.0371448
-0.0376651
-0.0380077
-0.0381688
-0.0381456
-0.0379364
-0.0375398
-0.0369556
-0.0361842
-0.0352274
-0.0340883
-0.0327711
-0.031281
-0.0296238
-0.027806
-0.025835
-0.0237194
-0.0214689
-0.0190947
-0.0166092
-0.0140251
-0.011356
-0.0086155
-0.00581786
-0.00297756
-0.000109473
0.00277124
0.00564924
0.00850901
0.0113349
0.0141109
0.0168211
0.0194495
0.0219809
0.0244003
0.0266941
0.0288491
0.030853
0.032694
0.0343611
0.0358436
0.0371322
0.0382183
0.0390948
0.0397555
0.0401958
0.040412
0.0404017
0.0401637
0.0396981
0.0390061
0.0380903
0.0369544
0.0356035
0.0340439
0.0322833
0.0303303
0.0281946
0.0258868
0.0234184
0.0208017
0.0180502
0.015178
0.0122004
0.00913301
0.0059919
0.00279333
-0.000446419
-0.00371106
-0.00698432
-0.0102499
-0.0134916
-0.0166931
-0.0198384
-0.0229116
-0.0258972
-0.0287802
-0.0315463
-0.034182
-0.0366745
-0.039012
-0.0411835
-0.043179
-0.0449897
-0.0466081
-0.0480283
-0.0492461
-0.0502587
-0.0510644
-0.0516626
-0.0520533
-0.0522377
-0.0522179
-0.0519976
-0.0515814
-0.0509755
-0.0501865
-0.0492223
-0.0480912
-0.0468021
-0.0453649
-0.0437899
-0.0420883
-0.0402715
-0.0383516
-0.0363407
-0.0342515
-0.0320968
-0.0298895
-0.0276426
-0.0253687
-0.0230802
-0.0207891
-0.0185069
-0.0162452
-0.0140151
-0.0118273
-0.00969225
-0.00761941
-0.00561762
-0.00369488
-0.00185839
-0.000114635
0.00153058
0.00307217
0.0045058
0.0058279
0.00703568
0.00812712
0.00910093
0.00995657
0.0106942
0.0113147
0.0118196
0.0122112
0.0124924
0.0126667
0.0127379
0.0127107
0.0125895
0.0123794
0.0120857
0.0117139
0.01127
0.01076
0.01019
0.00956629
0.0088947
0.00818113
0.00743147
0.00665164
0.00584764
0.00502531
0.0041901
0.00334694
0.00250026
0.00165408
0.000812278
-2.13952e-05
-0.000843387
-0.0016506
-0.00244061
-0.00321169
-0.00396262
-0.00469239
-0.00539999
-0.00608446
-0.00674508
-0.00738176
-0.00799513
-0.00858649
-0.00915747
-0.00970966
-0.0102445
-0.0107633
-0.0112676
-0.0117592
-0.0122403
-0.0127134
-0.0131808
-0.0136446
-0.0141066
-0.0145687
-0.0150328
-0.0155012
-0.0159761
-0.0164591
-0.0169517
-0.0174547
-0.0179686
-0.0184939
-0.0190313
-0.019581
-0.0201433
-0.0207177
-0.0213033
-0.0218988
-0.0225026
-0.0231131
-0.0237284
-0.0243464
-0.0249646
-0.0255802
-0.0261904
-0.0267921
-0.0273823
-0.027958
-0.0285156
-0.0290514
-0.0295614
-0.0300415
-0.0304881
-0.0308978
-0.0312674
-0.0315937
-0.0318733
-0.0321027
-0.0322783
-0.0323972
-0.0324569
-0.0324552
-0.0323905
-0.0322611
-0.0320655
-0.0318026
-0.0314717
-0.0310727
-0.0306058
-0.0300717
-0.0294711
-0.0288049
-0.0280745
-0.0272817
-0.026429
-0.0255194
-0.0245566
-0.0235443
-0.0224866
-0.0213875
-0.0202516
-0.0190838
-0.0178891
-0.0166729
-0.0154405
-0.0141973
-0.0129491
-0.0117021
-0.0104624
-0.00923663
-0.00803084
-0.00685096
-0.00570257
-0.00459116
-0.00352232
-0.00250172
-0.00153498
-0.000627432
0.000216112
0.000991405
0.00169465
0.00232234
0.00287114
0.00333797
0.00372011
0.0040153
0.00422176
0.00433817
0.00436355
0.00429733
0.00413947
0.00389058
0.00355199
0.00312561
0.00261372
0.00201877
0.00134336
0.000590398
-0.00023669
-0.00113377
-0.00209607
-0.00311834
-0.00419514
-0.00532096
-0.00649022
-0.0076971
-0.00893547
-0.0101989
-0.0114806
-0.0127741
-0.0140728
-0.0153703
-0.0166601
-0.017936
-0.0191913
-0.0204198
-0.0216155
-0.0227724
-0.0238853
-0.0249489
-0.0259585
-0.0269093
-0.027797
-0.0286177
-0.0293678
-0.0300442
-0.0306439
-0.0311644
-0.0316034
-0.0319592
-0.0322309
-0.0324179
-0.0325204
-0.0325386
-0.0324731
-0.0323247
-0.0320948
-0.0317853
-0.0313988
-0.0309384
-0.0304076
-0.0298101
-0.02915
-0.0284312
-0.0276585
-0.0268367
-0.0259707
-0.0250656
-0.0241267
-0.0231592
-0.0221685
-0.0211603
-0.0201406
-0.0191155
-0.0180909
-0.0170724
-0.0160653
-0.0150749
-0.014106
-0.0131636
-0.0122526
-0.0113774
-0.0105425
-0.00975174
-0.00900918
-0.00831855
-0.00768328
-0.00710636
-0.00659018
-0.00613651
-0.00574667
-0.00542169
-0.00516244
-0.00496958
-0.00484337
-0.00478351
-0.0047891
-0.0048588
-0.00499079
-0.005181
-0.00542654
-0.00572457
-0.00607161
-0.00646348
-0.0068955
-0.00736272
-0.00786011
-0.00838254
-0.0089247
-0.00948092
-0.0100452
-0.0106115
-0.011174
-0.0117271
-0.0122659
-0.0127855
-0.0132812
-0.0137482
-0.0141816
-0.014577
-0.0149305
-0.0152389
-0.0154996
-0.0157103
-0.0158695
-0.0159756
-0.0160276
-0.0160252
-0.0159687
-0.0158589
-0.015697
-0.0154844
-0.0152231
-0.0149152
-0.0145633
-0.0141706
-0.0137403
-0.0132762
-0.0127819
-0.0122613
-0.0117181
-0.0111566
-0.0105808
-0.00999479
-0.00940269
-0.00880844
-0.00821592
-0.0076289
-0.00705102
-0.00648572
-0.00593604
-0.00540466
-0.00489383
-0.00440551
-0.0039414
-0.00350304
-0.0030917
-0.00270833
-0.00235349
-0.00202735
-0.00172973
-0.00146022
-0.00121821
-0.0010029
-0.000813302
-0.000648164
-0.000506035
-0.000385295
-0.000284237
-0.000201121
-0.000134197
-8.1705e-05
-4.18665e-05
-1.29004e-05
6.94177e-06
1.93293e-05
2.58148e-05
2.78127e-05
2.65924e-05
2.32751e-05
1.88264e-05
1.40436e-05
9.54421e-06
5.75896e-06
2.93294e-06
1.13121e-06
2.46282e-07
6.09645e-09
-0
-0
-0
-0
-0
-0
-0
-0
-0
-0
-0
-0
-0
-0
-0
-0
-0
-0
-0
-0
-0
-0
-0
-0
-0
-0
-0
-0
-0
-0
-0
-0
-0
-0
-0
-0
-0
-0
-0
-0
-0
-0
-0
-0
-0
-0
-0
-0
-0
-0
-0
-0
-0
-0
-0
-0
-0
-0
-0
-0
-0
-0
-0
-0
-0
-0
-0
-0
-0
-0
-0
-0
-0
-0
-0
-0
-0
-0
-0
0
0
0
0
0
0
0
0
0
0
0
0
-0
-0
-0
-0
-0
-0
-0
-0
-0
-0
-0
-0
-0
-0
-0
-0
-0
-0
-0
-0
-0
-0
-0
-0
-0
-0
-0
-0
-0
-0
-0
-0
-0
-0
-0
-0
-0
-0
-0
-0
-0
-0
-0
-0
-0
-0
-0
-0
-0
-0
-0
-0
-0
-0
0
0
0
0
0
0
0
0
0
0
0
0
0
0
0
0
0
0
0
0
0
0
0
0
0
0
0
0
0
0
0
0
0
0
0
0
0
0
0
0
0
0
0
0
0
0
0
0
0
0
0
0
0
0
0
0
0
0
0
-0
-0
-0
-0
-0
-0
-0
-0
-0
-0
-0
-0
-0
-0
-0
-0
-0
0
0
0
0
0
0
0
0
0
0
0
0
0
0
0
0
0
0
0
0
0
0
0
0
0
0
0
0
0
0
0
0
0
0
0
0
0
0
0
0
0
0
0
0
0
0
0
0
0
0
0
0
0
0
0
0
0
0
0
0
0
0
0
0
0
0
0
0
0
0
0
0
0
0
0
0
0
0
0
0
0
0
0
0
0
0
0
0
0
0
0
0
0
0
0
0
0
0
0
0
0
0
0
0
0
0
0
0
0
0
0
0
2.37225e-05
0.000205057
0.000571713
0.00113056
0.00188702
0.00284504
0.00400707
0.00537401
0.00694517
0.00871818
0.0106889
0.0128515
0.0151985
0.0177212
0.0204097
0.0232527
0.026238
0.0293524
0.0325816
0.035911
0.0393259
0.0428117
0.0463536
0.0499365
0.0535449
0.0571628
0.0607752
0.0643688
0.0679333
0.0714605
0.0749441
0.0783779
0.0817549
0.0850681
0.088311
0.0914802
0.0945753
0.0975985
0.100554
0.103446
0.106278
0.109057
0.111791
0.11449
0.117165
0.11983
0.122495
0.125169
0.127862
0.130586
0.133357
0.136194
0.139112
0.142125
0.145239
0.148461
0.151795
0.155252
0.158846
0.162593
0.166502
0.170579
0.174824
0.179232
0.183802
0.188533
0.193428
0.198487
0.203706
0.209082
0.214601
0.220255
0.226035
0.23193
0.237931
0.244015
0.25016
0.25634
0.26253
0.268716
0.274876
0.280995
0.287048
0.293008
0.298843
0.30452
0.310011
0.315289
0.32033
0.325111
0.329643
0.33405
0.338327
0.342454
0.346412
0.350185
0.353756
0.357112
0.360244
0.363146
0.365826
0.368287
0.370527
0.372534
0.374283
0.375764
0.376971
0.377907
0.378588
0.379018
0.379223
0.379207
0.378964
0.378487
0.377759
0.376799
0.375619
0.37423
0.372642
0.370845
0.36886
0.366688
0.364335
0.361808
0.359096
0.356218
0.353177
0.34998
0.346637
0.343153
0.339552
0.335841
0.332025
0.328103
0.324074
0.319953
0.31576
0.31152
0.307253
0.30298
0.298694
0.29439
0.290072
0.285754
0.281481
0.277254
0.273091
0.269
0.26498
0.261071
0.257239
0.253501
0.249882
0.246402
0.243132
0.240017
0.237059
0.23426
0.231635
0.229268
0.227113
0.225181
0.22347
0.221975
0.220761
0.21976
0.218989
0.218469
0.218223
0.218326
0.218711
0.219372
0.220301
0.221502
0.223028
0.224848
0.226968
0.229388
0.232097
0.235089
0.238345
0.241866
0.24566
0.249738
0.254072
0.258697
0.2636
0.268767
0.274181
0.279735
0.285512
0.291504
0.297701
0.304088
0.310496
0.317053
0.323737
0.330525
0.337392
0.344113
0.350862
0.357607
0.364317
0.370955
0.377253
0.383407
0.389375
0.395116
0.400582
0.405487
0.410019
0.41413
0.41777
0.420892
0.423243
0.424987
0.426082
0.426482
0.426142
0.424879
0.422789
0.41983
0.415968
0.41117
0.405379
0.398603
0.390823
0.38202
0.372182
0.361404
0.349573
0.336689
0.32276
0.307802
0.292099
0.275417
0.257788
0.23925
0.219842
0.200025
0.179439
0.158144
0.136212
0.11372
0.0912857
0.0684677
0.0453613
0.0220671
-0.00131063
-0.0240634
-0.046683
-0.0690585
-0.0910766
-0.112621
-0.132979
-0.152625
-0.171439
-0.189296
-0.206074
-0.221149
-0.234914
-0.24726
-0.258085
-0.267286
-0.274438
-0.279765
-0.283173
-0.284575
-0.283899
-0.281019
-0.275957
-0.268677
-0.259145
-0.247331
-0.233449
-0.217242
-0.198714
-0.177889
-0.154812
-0.130105
-0.103282
-0.0744222
-0.0436134
-0.0109522
0.0226023
0.0577724
0.0944166
0.132381
0.171504
0.210561
0.250442
0.290966
0.331938
0.373148
0.413221
0.453082
0.492503
0.531262
0.569139
0.604817
0.639174
0.671986
0.703028
0.732075
0.758025
0.781561
0.80249
0.82063
0.835811
0.847341
0.855614
0.860501
0.861893
0.859689
0.853727
0.844015
0.8305
0.813152
0.791968
0.767398
0.73905
0.706978
0.671256
0.631975
0.590172
0.545062
0.496809
0.445602
0.391645
0.336484
0.279019
0.219488
0.158151
0.0952858
0.0327641
-0.0306889
-0.0947655
-0.159156
-0.223547
-0.285992
-0.347807
-0.408669
-0.468257
-0.526251
-0.580873
-0.633302
-0.683259
-0.73047
-0.774669
-0.814489
-0.850799
-0.883382
-0.912044
-0.936614
-0.956358
-0.971729
-0.982614
-0.988925
-0.990597
-0.987631
-0.979995
-0.967717
-0.95085
-0.92947
-0.904333
-0.874895
-0.841297
-0.803703
-0.762301
-0.718507
-0.671341
-0.621048
-0.567896
-0.51217
-0.455767
-0.397397
-0.337377
-0.27603
-0.213688
-0.152464
-0.0909298
-0.0294294
0.0316946
0.0921089
0.149783
0.206122
0.260827
0.313601
0.364146
0.410754
0.454579
0.495382
0.532951
0.567102
0.596725
0.622612
0.644625
0.662644
0.676573
0.685999
0.69124
0.692295
0.689182
0.68194
0.670898
0.655855
0.636912
0.614201
0.587879
0.558966
0.526814
0.491625
0.453613
0.413009
0.371328
0.327559
0.281973
0.234848
0.186469
0.138627
0.0900909
0.0411392
-0.00794252
-0.0568655
-0.103808
-0.150028
-0.195263
-0.239264
-0.281795
-0.321287
-0.358885
-0.394397
-0.42764
-0.458445
-0.485663
-0.510155
-0.531809
-0.550534
-0.566263
-0.578425
-0.587523
-0.593553
-0.596532
-0.596495
-0.593476
-0.58756
-0.578823
-0.567358
-0.553264
-0.537111
-0.518563
-0.497758
-0.474854
-0.450028
-0.424314
-0.397067
-0.36849
-0.338779
-0.30813
-0.277818
-0.246942
-0.215689
-0.18425
-0.152822
-0.122774
-0.0931194
-0.0640364
-0.0356903
-0.00823301
0.0170861
0.0412507
0.0641415
0.0856441
0.10565
0.123144
0.138965
0.153049
0.165354
0.17585
0.183883
0.190082
0.194444
0.196976
0.197697
0.196325
0.193222
0.188447
0.182065
0.174145
0.164768
0.153996
0.141909
0.128593
0.114141
0.0989456
0.082804
0.0658055
0.0480373
0.0295862
0.0110623
-0.00796686
-0.0274109
-0.0471797
-0.067185
-0.0866673
-0.106215
-0.125742
-0.145163
-0.164399
-0.182631
-0.200553
-0.218124
-0.235305
-0.252057
-0.267571
-0.282553
-0.296949
-0.310715
-0.323822
-0.335542
-0.346595
-0.356988
-0.366718
-0.375777
-0.383515
-0.390558
-0.396903
-0.402556
-0.407528
-0.411307
-0.414426
-0.416886
-0.418684
-0.419814
-0.419874
-0.419261
-0.417974
-0.416007
-0.413354
-0.409751
-0.405454
-0.400471
-0.394811
-0.388486
-0.381398
-0.373651
-0.36524
-0.356158
-0.346405
-0.336044
-0.325029
-0.313374
-0.301089
-0.288182
-0.274889
-0.26099
-0.246503
-0.231457
-0.215887
-0.200232
-0.184128
-0.167604
-0.150687
-0.133403
-0.116343
-0.0989857
-0.0813723
-0.0635491
-0.0455631
-0.0281591
-0.0106885
0.00679498
0.0242305
0.0415522
0.0578946
0.0739962
0.0898043
0.105272
0.120356
0.13416
0.147484
0.160273
0.172469
0.184016
0.194021
0.203287
0.211775
0.219454
0.226288
0.231478
0.235762
0.239119
0.241544
0.243038
0.242984
0.242016
0.240133
0.23733
0.233597
0.228502
0.222481
0.215551
0.207741
0.199085
0.189427
0.178975
0.167747
0.15577
0.143078
0.1298
0.115906
0.101449
0.0864745
0.0710189
0.0554645
0.0394825
0.0231051
0.00637593
-0.0106512
-0.0273129
-0.0441674
-0.0611747
-0.0783017
-0.0955162
-0.111959
-0.128407
-0.144808
-0.161106
-0.177248
-0.192209
-0.206928
-0.221371
-0.235502
-0.249283
-0.261606
-0.273502
-0.284939
-0.29589
-0.306332
-0.315164
-0.32344
-0.331134
-0.338225
-0.344705
-0.349564
-0.353817
-0.357351
-0.36007
-0.361968
-0.362175
-0.36154
-0.360059
-0.357743
-0.354623
-0.350103
-0.344856
-0.338907
-0.33228
-0.324993
-0.316718
-0.307845
-0.298419
-0.288495
-0.278135
-0.26734
-0.256222
-0.244825
-0.233194
-0.221374
-0.209629
-0.197792
-0.185918
-0.174057
-0.162254
-0.150982
-0.139827
-0.128826
-0.118018
-0.107447
-0.0977372
-0.0883234
-0.0792406
-0.0705123
-0.062153
-0.05481
-0.0478199
-0.0411949
-0.0349479
-0.0290903
-0.0242443
-0.0197574
-0.0156252
-0.0118353
-0.00837109
-0.0057411
-0.00336623
-0.00123751
0.000653443
0.00231614
0.00336516
0.00424655
0.0049724
0.00555552
0.00600831
0.00608357
0.00607896
0.00600277
0.00586378
0.0056713
0.00529776
0.00490796
0.00450878
0.00410634
0.00370623
0.00326414
0.00284339
0.00244778
0.00208031
0.00174308
0.00143543
0.00116048
0.000918223
0.000708069
0.000528999
0.000391703
0.000278497
0.00018799
0.000118311
6.72119e-05
3.90937e-05
2.00384e-05
8.36079e-06
2.27525e-06
