-0
-0
-0
-0
-0
-0
-0
-0
-0
-0
-0
-0
-0
-0
-0
-0
-0
-0
-0
-0
-0
-0
-0
-0
-0
-0
-0
-0
-0
-0
-0
-0
-0
-0
-0
-0
-0
-0
-0
-0
-0
-0
-0
-0
-0
-0
-0
-0
0
0
0
0
0
0
0
0
0
0
0
0
0
0
0
0
0
0
0
0
0
0
0
0
0
0
0
0
0
0
0
0
0
0
0
0
0
0
0
0
0
0
0
0
0
0
-0
-0
-0
-0
-0
-0
-0
-0
-0
-0
-0
-0
-0
-0
-0
-0
-0
-0
-0
-0
-0
-0
-0
-0
-0
-0
-0
-0
-0
-0
-0
-0
-0
-0
-0
-0
-0
-0
-0
-0
-0
-0
-0
-0
-0
-0
-0
-0
0
0
0
0
0
0
0
0
0
0
0
0
0
0
0
0
0
0
0
0
0
0
0
0
0
0
0
0
0
0
0
0
0
0
0
0
0
0
0
-0
-0
-0
-0
-0
-0
-0
-0
-0
-0
-0
-0
-0
-0
-0
-0
-0
-0
-0
-0
-0
-0
-0
-0
-0
-0
-0
-0
-0
-0
-0
-0
-0
-0
-0
-0
-0
-0
-0
-0
-0
-0
-0
-0
-0
0
0
0
0
0
0
0
0
0
0
0
0
0
0
0
0
0
0
0
0
0
0
0
0
0
0
0
0
0
0
0
0
0
0
0
0
0
0
0
0
0
0
0
0
0
0
0
-0
-0
-0
-0
-0
-0
-0
-0
-0
-0
-0
-0
-0
-0
-0
-0
-0
-0
-0
-0
-0
-0
-0
-0
-0
-0
-0
-0
-0
-0
-0
-0
-0
-0
-0
-0
-0
-0
-0
-0
-0
-0
-0
-0
-0
-0
-0
-0
-0
0
0
0
0
0
0
0
0
0
0
0
0
0
0
0
0
0
0
0
0
0
0
0
0
0
0
0
0
0
0
0
0
0
0
0
0
0
0
0
0
0
0
0
0
0
0
-0
-0
-0
-0
-0
-0
-0
-0
-0
-0
-0
-0
-0
-0
-0
-0
-6.23666e-06
-3.09108e-05
-7.46286e-05
-0.000137073
-0.000217291
-0.000313725
-0.000424236
-0.000546154
-0.00067633
-0.000811206
-0.000946908
-0.00107933
-0.00120421
-0.00131719
-0.00141387
-0.00148984
-0.00154081
-0.00156272
-0.00155184
-0.00150482
-0.00141878
-0.00129123
-0.0011202
-0.000904308
-0.000642888
-0.000336053
1.53313e-05
0.000409753
0.000845176
0.00131906
0.00182828
0.00236899
0.00293655
0.00352562
0.00413043
0.00474496
0.00536314
0.00597875
0.00658528
0.00717587
0.0077434
0.00828081
0.00878134
0.00923873
0.00964722
0.0100014
0.0102963
0.0105273
0.0106908
0.0107838
0.0108046
0.0107515
0.0106235
0.0104196
0.0101392
0.00978273
0.00935188
0.00884962
0.00827998
0.00764752
0.00695711
0.00621384
0.0054233
0.00459173
0.00372601
0.00283343
0.00192139
0.00099733
6.87909e-05
-0.000856471
-0.00177058
-0.00266591
-0.00353554
-0.00437352
-0.00517458
-0.00593364
-0.00664524
-0.00730346
-0.0079025
-0.00843753
-0.00890534
-0.00930438
-0.00963416
-0.00989437
-0.0100844
-0.0102032
-0.0102502
-0.0102257
-0.0101314
-0.00996968
-0.00974594
-0.00946615
-0.00913266
-0.00874823
-0.00831643
-0.00784169
-0.0073288
-0.00678218
-0.00620543
-0.00560143
-0.00497286
-0.00432286
-0.00365523
-0.00297414
-0.00228357
-0.00158674
-0.00088616
-0.00018394
0.000517622
0.00121579
0.00190754
0.00259006
0.00326116
0.00391931
0.00456335
0.00519202
0.00580364
0.00639624
0.00696795
0.00751736
0.00804367
0.00854646
0.00902529
0.00947949
0.00990815
0.0103105
0.010686
0.0110347
0.0113572
0.0116537
0.0119247
0.01217
0.0123894
0.0125829
0.0127501
0.0128908
0.0130044
0.0130899
0.0131464
0.0131728
0.0131681
0.0131313
0.013061
0.0129556
0.0128128
0.0126311
0.0124089
0.0121457
0.0118415
0.0114959
0.0111077
0.010675
0.010195
0.00966531
0.00908439
0.00845198
0.00776872
0.00703545
0.00625247
0.0054194
0.0045355
0.00360035
0.0026145
0.0015796
0.000498074
-0.000627299
-0.00179371
-0.00299815
-0.004237
-0.00550557
-0.00679805
-0.00810796
-0.00942884
-0.0107548
-0.0120805
-0.013401
-0.0147109
-0.0160037
-0.0172717
-0.0185065
-0.0196994
-0.0208415
-0.0219244
-0.0229397
-0.0238794
-0.0247352
-0.0254991
-0.0261632
-0.0267199
-0.0271614
-0.0274799
-0.0276676
-0.0277173
-0.0276226
-0.0273784
-0.0269807
-0.0264264
-0.0257125
-0.0248359
-0.0237938
-0.0225842
-0.0212063
-0.019661
-0.0179504
-0.0160778
-0.0140472
-0.0118631
-0.0095314
-0.0070594
-0.00445627
-0.0017325
0.00110084
0.00403275
0.00705248
0.0101491
0.0133106
0.0165232
0.0197709
0.0230363
0.0263014
0.0295487
0.0327613
0.035923
0.0390175
0.0420276
0.0449354
0.0477219
0.0503678
0.0528541
0.0551625
0.057276
0.0591783
0.060854
0.0622882
0.0634665
0.0643753
0.0650022
0.0653359
0.0653669
0.0650873
0.0644903
0.0635709
0.0623248
0.0607492
0.0588425
0.056605
0.0540387
0.0511474
0.0479369
0.0444142
0.0405882
0.0364697
0.0320715
0.027409
0.0224997
0.017363
0.0120197
0.00649108
0.000799401
-0.00503234
-0.0109799
-0.0170173
-0.0231171
-0.0292504
-0.0353876
-0.0414984
-0.0475525
-0.0535198
-0.05937
-0.065073
-0.0705987
-0.0759174
-0.0809998
-0.0858169
-0.0903406
-0.0945432
-0.0983982
-0.10188
-0.104964
-0.107629
-0.109853
-0.111618
-0.112906
-0.113704
-0.113998
-0.113778
-0.113036
-0.111766
-0.109964
-0.107629
-0.104762
-0.101368
-0.097455
-0.0930324
-0.0881136
-0.0827141
-0.0768517
-0.0705469
-0.0638225
-0.0567037
-0.0492181
-0.0413953
-0.0332673
-0.0248679
-0.0162332
-0.00740122
0.00158807
0.0106934
0.0198725
0.0290827
0.0382808
0.0474235
0.0564673
0.065368
0.0740812
0.0825621
0.090766
0.0986489
0.106168
0.113282
0.119951
0.12614
0.131813
0.136938
0.141486
0.145427
0.148736
0.15139
0.153369
0.154655
0.155233
0.155095
0.154232
0.152643
0.150329
0.147296
0.143553
0.139112
0.133988
0.1282
0.12177
0.114723
0.107087
0.0988939
0.0901793
0.0809808
0.0713393
0.0612986
0.0509056
0.0402093
0.0292612
0.0181134
0.00681937
-0.00456755
-0.0159936
-0.027405
-0.0387477
-0.0499679
-0.0610118
-0.0718263
-0.0823584
-0.0925555
-0.102366
-0.111739
-0.120625
-0.12898
-0.136758
-0.143921
-0.150432
-0.156259
-0.161373
-0.165747
-0.169363
-0.172204
-0.174258
-0.17552
-0.175987
-0.175662
-0.174549
-0.17266
-0.170007
-0.16661
-0.162489
-0.157671
-0.152183
-0.146058
-0.13933
-0.132038
-0.124222
-0.115926
-0.107194
-0.0980717
-0.0886081
-0.0788521
-0.0688542
-0.0586662
-0.0483403
-0.0379291
-0.027485
-0.0170595
-0.00670383
0.00353215
0.0135994
0.0234502
0.0330381
0.0423188
0.0512498
0.0597913
0.0679063
0.0755608
0.0827238
0.0893671
0.0954654
0.100996
0.105941
0.110282
0.114008
0.117109
0.119582
0.121422
0.122633
0.123218
0.123185
0.122545
0.12131
0.119498
0.117127
0.114219
0.110798
0.106892
0.102528
0.0977364
0.0925494
0.087
0.081122
0.0749501
0.0685199
0.0618679
0.0550311
0.0480469
0.0409523
0.0337842
0.0265784
0.0193708
0.0121961
0.00508882
-0.00191792
-0.00879233
-0.0155043
-0.0220252
-0.0283279
-0.0343868
-0.0401775
-0.0456778
-0.0508675
-0.0557288
-0.0602462
-0.0644063
-0.0681969
-0.0716078
-0.0746304
-0.0772585
-0.0794881
-0.0813177
-0.0827477
-0.08378
-0.0844185
-0.0846685
-0.0845371
-0.0840332
-0.0831672
-0.0819507
-0.0803962
-0.0785172
-0.0763281
-0.073845
-0.0710847
-0.0680657
-0.0648065
-0.0613262
-0.0576438
-0.0537787
-0.0497509
-0.0455809
-0.0412898
-0.0368984
-0.0324274
-0.0278965
-0.0233253
-0.0187331
-0.014139
-0.00956231
-0.0050218
-0.000535943
0.0038775
0.0082014
0.0124192
0.0165149
0.0204731
0.024279
0.0279186
0.0313784
0.0346453
0.0377067
0.0405507
0.0431661
0.0455428
0.0476718
0.0495451
0.0511551
0.0524947
0.0535574
0.0543372
0.0548291
0.0550295
0.0549191
0.0544802
0.0537133
0.0526211
0.0512079
0.04948
0.0474552
0.0451352
0.0425325
0.0396609
0.0365359
0.0331987
0.0296436
0.0258918
0.0219659
0.0178903
0.0137284
0.00946674
0.00513132
0.000748686
-0.00365408
-0.00800135
-0.0123147
-0.0165663
-0.0207288
-0.0247751
-0.028628
-0.0323158
-0.035815
-0.0391036
-0.042161
-0.0449207
-0.0474154
-0.0496301
-0.0515522
-0.0531717
-0.0544439
-0.0554031
-0.0560468
-0.0563754
-0.0563914
-0.0560778
-0.0554663
-0.0545676
-0.0533947
-0.051963
-0.0502833
-0.0483818
-0.0462796
-0.0439991
-0.0415642
-0.0390071
-0.0363454
-0.0336051
-0.0308121
-0.0279924
-0.025188
-0.0224057
-0.0196696
-0.0170025
-0.0144256
-0.0119787
-0.00965669
-0.0074751
-0.00544719
-0.00358388
-0.00191235
-0.000416864
0.00089925
0.00203525
0.00299293
0.00376255
0.00436743
0.00481639
0.00512034
0.00529197
0.00533712
0.00528165
0.00514204
0.00493552
0.00467979
0.00438874
0.00408494
0.00378531
0.00350588
0.00326149
0.00306392
0.00292648
0.00285854
0.0028667
0.00289919
0.00291749
0.0029217
0.00291153
0.00288674
0.00284717
0.00279326
0.00272448
0.00264092
0.0025427
0.00243006
0.00230481
0.00216583
0.00201359
0.00184863
0.00167156
0.00148548
0.00128874
0.00108215
0.000866589
0.000643013
0.000415495
0.00018199
-5.64231e-05
-0.000298628
-0.000543466
-0.000786366
-0.00102952
-0.00127172
-0.00151175
-0.0017484
-0.00197716
-0.00220014
-0.00241617
-0.00262409
-0.0028228
-0.00300844
-0.00318277
-0.00334482
-0.00349364
-0.00362837
-0.00374628
-0.00384857
-0.00393459
-0.00400378
-0.00405567
-0.00408908
-0.00410446
-0.00410159
-0.00408035
-0.00404072
-0.00398325
-0.00390763
-0.0038141
-0.00370299
-0.00357473
-0.00343156
-0.00327238
-0.00309792
-0.00290894
-0.00270631
-0.0024937
-0.00226935
-0.00203431
-0.00178971
-0.00153674
-0.00128007
-0.00101749
-0.000750259
-0.000479671
-0.00020704
6.25371e-05
0.000331506
0.000598558
0.000862403
0.00112178
0.00137185
0.00161504
0.00185021
0.00207627
0.00229215
0.0024938
0.00268335
0.00285993
0.00302273
0.00317101
0.00330198
0.00341721
0.00351621
0.00359861
0.00366411
0.00371152
0.0037417
0.00375461
0.0037503
0.00372891
0.0036909
0.00363633
0.00356558
0.0034791
0.00337742
0.00326254
0.00313375
0.00299178
0.00283743
0.00267155
0.00249738
0.00231352
0.00212093
0.00192064
0.00171367
0.00150406
0.00128989
0.00107222
0.000852112
0.000630641
0.000412088
0.00019429
-2.17153e-05
-0.000234917
-0.000444334
-0.000645938
-0.000841926
-0.00103145
-0.0012137
-0.00138793
-0.0015508
-0.0017043
-0.00184782
-0.00198083
-0.00210285
-0.00221155
-0.0023085
-0.00239341
-0.00246608
-0.00252638
-0.00257323
-0.00260764
-0.00262964
-0.00263933
-0.00263688
-0.00262241
-0.00259629
-0.00255885
-0.00251046
-0.00245155
-0.00238339
-0.00230571
-0.00221904
-0.00212397
-0.00202109
-0.00191251
-0.00179738
-0.00167639
-0.00155021
-0.00141955
-0.00128704
-0.00115148
-0.00101356
-0.000873991
-0.000733463
-0.000594777
-0.00045645
-0.000319115
-0.000183388
-4.98729e-05
7.87764e-05
0.00020409
0.000325554
0.000442688
0.000555046
0.000660417
0.000760221
0.000854118
0.000941807
0.00102303
0.00109622
0.00116256
0.00122192
0.00127419
0.00131932
0.00135646
0.00138642
0.00140928
0.00142513
0.00143411
0.00143613
0.00143161
0.00142075
0.00140377
0.00138093
0.00135277
0.00131934
0.00128098
0.00123804
0.00119086
0.00114047
0.00108655
0.00102948
0.00096965
0.000907461
0.000844264
0.000779478
0.000713458
0.000646548
0.000579095
0.000512547
0.000446176
0.000380343
0.000315386
0.000251604
0.000190344
0.000130744
7.30166e-05
1.73777e-05
-3.59523e-05
-8.57923e-05
-0.000132923
-0.0001772
-0.000218522
-0.000256823
-0.000291291
-0.000322648
-0.000350852
-0.000375866
-0.000397674
-0.000415773
-0.000430723
-0.000442587
-0.00045144
-0.000457361
-0.000460175
-0.000460244
-0.00045769
-0.000452658
-0.000445309
-0.000435775
-0.000424239
-0.000410848
-0.000395746
-0.000379086
-0.000361195
-0.000342085
-0.00032193
-0.000300891
-0.000279119
-0.000257045
-0.000234509
-0.000211649
-0.000188604
-0.000165513
-0.000142875
-0.000120427
-9.82664e-05
-7.64833e-05
-5.51673e-05
-3.48085e-05
-1.50753e-05
3.97851e-06
2.23203e-05
3.9932e-05
5.64002e-05
7.20998e-05
8.69976e-05
0.000101059
0.000114261
0.000126238
0.000137379
0.000147718
0.000157288
0.000166109
0.000173875
0.00018092
0.000187272
0.000192979
0.000198101
0.000202433
0.000206284
0.000209683
0.000212651
0.000215212
0.000217194
0.000218846
0.000220207
0.000221309
0.000222166
0.000222644
0.000222894
0.000222935
0.000222793
0.000222492
0.000221973
0.000221297
0.000220442
0.000219387
0.000218122
0.00021666
0.000215002
0.000213153
0.0002111
0.000208815
0.000206356
0.000203594
0.000200507
0.000197085
0.00019332
0.00018939
0.000185097
0.000180429
0.000175375
0.000169931
0.000164364
0.000158407
0.000152062
0.000145331
0.000138226
0.000131102
0.000123657
0.000115923
0.000107927
9.96919e-05
9.16068e-05
8.33384e-05
7.49351e-05
6.64589e-05
5.79748e-05
4.98983e-05
4.19164e-05
3.40672e-05
2.63935e-05
1.89523e-05
1.21144e-05
5.65469e-06
-3.58477e-07
-5.87012e-06
-1.08359e-05
-1.50184e-05
-1.85556e-05
-2.13802e-05
-2.34289e-05
-2.46501e-05
-2.49619e-05
-2.43946e-05
-2.29344e-05
-2.05638e-05
-1.72638e-05
-1.31399e-05
-8.0881e-06
-2.15007e-06
4.61046e-06
1.2124e-05
2.00636e-05
2.8657e-05
3.78646e-05
4.76343e-05
5.78877e-05
6.81424e-05
7.86654e-05
8.93386e-05
0.000100057
0.00011073
0.00012085
0.000130771
0.0001404
0.00014964
0.000158398
0.000166183
0.000173338
0.000179795
0.000185486
0.000190349
0.000194011
0.000196765
0.000198584
0.000199457
0.000199381
0.000198166
0.000196031
0.000192998
0.000189099
0.000184377
0.000178818
0.000172551
0.000165639
0.000158149
0.000150154
0.00014178
0.000133058
0.000124071
0.000114899
0.000105621
9.6436e-05
8.72972e-05
7.82887e-05
6.94922e-05
6.09819e-05
5.29636e-05
4.53298e-05
3.81252e-05
3.13898e-05
2.51597e-05
1.95936e-05
1.4567e-05
1.00928e-05
6.17306e-06
2.80129e-06
5.40506e-08
-2.19393e-06
-3.965e-06
-5.28727e-06
-6.19511e-06
-6.68106e-06
-6.84941e-06
-6.74574e-06
-6.41646e-06
-5.90817e-06
-5.25077e-06
-4.51286e-06
-3.73751e-06
-2.96486e-06
-2.23101e-06
-1.56509e-06
-9.97032e-07
-5.46596e-07
-2.27299e-07
-4.59033e-08
-0
-0
-0
-0
-0
-0
-0
-0
-0
-0
-0
-0
-0
0
0
0
0
0
0
0
0
0
0
0
0
0
0
0
0
0
0
0
0
0
0
0
0
0
0
0
0
0
0
0
0
0
0
0
0
0
0
0
0
0
0
0
0
0
0
0
0
0
0
0
0
0
0
0
0
0
-0
-0
-0
-0
-0
-0
-0
-0
-0
-0
-0
-0
-0
-0
-0
-0
-0
-0
-0
-0
-0
-0
-0
-0
-0
-0
-0
-0
-0
-0
-0
-0
-0
-0
-0
-0
-0
-0
0
0
0
0
0
0
0
0
0
0
0
0
0
0
0
0
0
0
0
0
0
0
0
0
0
0
0
0
0
0
0
0
0
0
0
0
0
0
0
0
0
0
0
0
0
0
0
0
0
0
0
0
0
0
0
0
0
0
0
0
0
0
0
-0
-0
-0
-0
-0
-0
-0
-0
-0
-0
-0
-0
-0
-0
-0
-0
-0
-0
-0
-0
-0
-0
-0
-0
-0
-0
-0
-0
-0
0
0
0
0
0
0
0
0
0
0
0
0
0
0
0
0
0
0
0
0
0
0
0
0
0
0
0
0
0
0
0
0
0
0
0
0
0
0
0
0
0
0
0
0
0
0
0
0
0
0
0
0
0
0
0
0
0
0
0
0
0
0
0
0
0
0
0
0
0
0
0
0
0
0
0
0
0
0
0
0
0
0
0
0
0
0
0
0
0
0
0
0
0
0
0
0
0
0
0
0
0
0
0
0
0
0
0
0
0
0
0
0
0
0
0
0
0
0
0
0
0
0
0
0
0
0
0
0
0
0
0
0
0
0
0
0
0
0
0
0
0
0
0
0
0
0
0
0
0
0
0
0
0
0
0
0
0
0
0
0
0
0
0
0
0
0
0
0
0
0
0
0
-0
-0
-0
-0
-0
-0
-0
-0
0
0
0
0
