0
0
0
0
0
0
0
0
0
0
0
0
0
0
0
0
0
0
0
0
0
0
0
0
0
0
0
0
0
0
0
0
0
0
0
0
0
0
0
0
0
0
0
0
0
0
0
0
0
0
0
0
0
0
0
0
0
0
0
0
0
0
0
3.0221e-07
1.67135e-05
6.24041e-05
0.000142854
0.000262982
0.000427091
0.000638816
0.000901071
0.001216
0.00158493
0.00200837
0.00248601
0.0030167
0.00359849
0.00422862
0.00490349
0.00561864
0.00636881
0.00714792
0.00794923
0.00876537
0.00958844
0.01041
0.0112212
0.0120125
0.012774
0.0134956
0.0141666
0.0147766
0.015315
0.0157715
0.016136
0.0163989
0.0165508
0.0165833
0.0164881
0.0162582
0.0158868
0.015368
0.014697
0.0138696
0.0128829
0.0117352
0.010426
0.00895632
0.0073285
0.00554616
0.00361423
0.00153888
-0.000672472
-0.00301104
-0.00546657
-0.00802726
-0.0106797
-0.0134092
-0.0161999
-0.0190352
-0.0218981
-0.0247715
-0.0276376
-0.0304779
-0.0332735
-0.0360044
-0.0386502
-0.0411906
-0.0436052
-0.0458747
-0.0479802
-0.049904
-0.0516294
-0.0531409
-0.0544241
-0.0554665
-0.0562569
-0.0567857
-0.0570453
-0.0570296
-0.0567346
-0.056158
-0.0552996
-0.0541613
-0.0527472
-0.0510636
-0.0491194
-0.0469257
-0.0444962
-0.0418465
-0.038994
-0.0359574
-0.0327561
-0.0294112
-0.0259544
-0.0224066
-0.0187835
-0.0151017
-0.0113779
-0.00762937
-0.00387337
-0.000127163
0.00359225
0.00726826
0.0108848
0.0144264
0.0178783
0.0212267
0.0244583
0.0275607
0.0305225
0.0333328
0.0359815
0.038459
0.0407562
0.0428649
0.0447777
0.0464884
0.0479925
0.0492867
0.0503695
0.0512406
0.0519014
0.0523544
0.0526032
0.0526522
0.0525067
0.0521723
0.0516548
0.0509609
0.050098
0.0490746
0.0478998
0.0465837
0.045136
0.0435664
0.0418845
0.0400998
0.0382226
0.0362636
0.0342342
0.032146
0.03001
0.0278366
0.0256358
0.0234171
0.02119
0.0189637
0.0167473
0.0145488
0.0123757
0.0102347
0.00813198
0.00607355
0.00406502
0.00211131
0.000216432
-0.00161668
-0.00338592
-0.00508963
-0.00672636
-0.00829484
-0.00979417
-0.0112242
-0.0125854
-0.0138794
-0.0151076
-0.0162721
-0.0173746
-0.0184173
-0.0194027
-0.0203337
-0.0212136
-0.0220454
-0.0228322
-0.0235768
-0.0242819
-0.0249503
-0.0255848
-0.0261879
-0.0267617
-0.0273073
-0.0278254
-0.0283166
-0.0287813
-0.02922
-0.0296332
-0.0300201
-0.0303791
-0.0307074
-0.0310017
-0.0312583
-0.0314739
-0.0316454
-0.0317693
-0.0318417
-0.0318578
-0.0318128
-0.0317017
-0.0315198
-0.0312627
-0.030926
-0.0305052
-0.029996
-0.0293943
-0.0286967
-0.0279004
-0.0270034
-0.0260039
-0.0248999
-0.0236896
-0.0223714
-0.020944
-0.0194074
-0.0177622
-0.0160099
-0.0141524
-0.0121921
-0.0101318
-0.00797485
-0.00572538
-0.0033881
-0.000968289
0.00152823
0.00409495
0.00672444
0.00940816
0.0121364
0.0148987
0.0176839
0.0204804
0.0232762
0.0260591
0.0288159
0.031533
0.034196
0.0367907
0.0393027
0.0417176
0.0440209
0.0461977
0.0482333
0.0501128
0.0518223
0.0533483
0.0546784
0.055801
0.0567053
0.0573808
0.0578182
0.0580089
0.0579455
0.0576214
0.057031
0.0561696
0.0550335
0.0536207
0.0519307
0.0499651
0.0477269
0.0452204
0.042451
0.0394247
0.0361484
0.0326303
0.0288803
0.0249096
0.0207309
0.0163581
0.0118062
0.00709157
0.00223154
-0.00275538
-0.00784976
-0.0130315
-0.0182801
-0.0235744
-0.0288931
-0.034214
-0.0395144
-0.0447712
-0.0499608
-0.0550597
-0.0600444
-0.0648914
-0.0695771
-0.0740786
-0.0783731
-0.0824389
-0.0862551
-0.0898018
-0.0930602
-0.096012
-0.0986402
-0.100929
-0.102863
-0.10443
-0.105617
-0.106414
-0.106811
-0.1068
-0.106377
-0.105537
-0.104278
-0.102604
-0.100515
-0.0980169
-0.095116
-0.0918198
-0.088138
-0.084082
-0.0796654
-0.0749037
-0.0698145
-0.0644173
-0.0587336
-0.0527863
-0.0465996
-0.0401988
-0.0336098
-0.0268597
-0.0199761
-0.0129884
-0.00592679
0.00117722
0.0082917
0.0153844
0.0224231
0.0293752
0.036208
0.0428884
0.0493835
0.0556609
0.0616893
0.0674389
0.0728815
0.0779902
0.0827393
0.0871046
0.0910631
0.0945937
0.097677
0.100295
0.102433
0.104076
0.105213
0.105833
0.105931
0.105503
0.104547
0.103066
0.101064
0.0985487
0.0955292
0.092018
0.0880302
0.0835832
0.0786963
0.0733906
0.0676888
0.0616153
0.0551965
0.048461
0.0414395
0.0341644
0.0266695
0.0189898
0.0111613
0.00322121
-0.00479211
-0.0128393
-0.0208805
-0.0288753
-0.0367839
-0.0445669
-0.0521859
-0.0596036
-0.0667837
-0.0736916
-0.0802943
-0.0865608
-0.092462
-0.0979711
-0.103063
-0.107716
-0.11191
-0.115626
-0.11885
-0.121569
-0.123774
-0.125456
-0.126612
-0.12724
-0.12734
-0.126917
-0.125976
-0.124527
-0.122581
-0.120153
-0.117259
-0.113918
-0.11015
-0.105976
-0.101422
-0.0965128
-0.0912766
-0.085743
-0.0799424
-0.0739066
-0.0676677
-0.0612586
-0.0547127
-0.0480641
-0.0413467
-0.034595
-0.0278426
-0.0211231
-0.0144692
-0.00791292
-0.00148577
0.00478183
0.0108606
0.0167229
0.0223423
0.0276944
0.0327562
0.0375066
0.0419263
0.045998
0.0497066
0.0530394
0.0559853
0.0585354
0.0606829
0.062423
0.0637537
0.0646753
0.0651906
0.0653044
0.0650234
0.0643555
0.0633106
0.0619003
0.0601384
0.0580404
0.0556239
0.0529077
0.0499118
0.0466568
0.0431646
0.0394576
0.0355592
0.0314935
0.0272848
0.0229581
0.0185383
0.0140508
0.0095208
0.00497339
0.000432982
-0.00407682
-0.00853327
-0.0129143
-0.0171984
-0.0213647
-0.0253928
-0.0292639
-0.0329606
-0.0364671
-0.0397693
-0.0428543
-0.0457103
-0.048327
-0.0506957
-0.0528092
-0.0546625
-0.056252
-0.0575757
-0.0586325
-0.0594228
-0.0599482
-0.0602124
-0.0602204
-0.0599786
-0.0594946
-0.0587768
-0.0578347
-0.0566787
-0.0553206
-0.0537733
-0.0520505
-0.0501663
-0.048135
-0.0459709
-0.043689
-0.0413048
-0.0388347
-0.0362951
-0.0337023
-0.031072
-0.0284193
-0.025759
-0.0231058
-0.0204745
-0.0178798
-0.0153357
-0.0128552
-0.0104503
-0.00813201
-0.00591075
-0.0037965
-0.00179871
7.40158e-05
0.00181412
0.00341522
0.00487202
0.00618012
0.00733595
0.00833685
0.00918121
0.00986858
0.0103996
0.0107758
0.0109994
0.0110731
0.0110004
0.0107853
0.0104329
0.00994889
0.00933978
0.00861258
0.00777486
0.00683475
0.00580088
0.00468232
0.00348835
0.00222827
0.000911407
-0.000452804
-0.00185465
-0.00328412
-0.00473106
-0.00618556
-0.00763819
-0.00908013
-0.010503
-0.0118984
-0.0132581
-0.0145737
-0.0158372
-0.0170412
-0.0181794
-0.0192461
-0.020236
-0.0211443
-0.0219665
-0.0226987
-0.0233379
-0.0238819
-0.0243294
-0.0246791
-0.0249303
-0.0250826
-0.0251361
-0.0250924
-0.0249541
-0.0247245
-0.0244072
-0.0240057
-0.023523
-0.0229628
-0.0223292
-0.0216277
-0.0208646
-0.0200465
-0.0191798
-0.0182706
-0.0173245
-0.0163474
-0.0153455
-0.0143255
-0.0132943
-0.0122585
-0.0112243
-0.0101977
-0.00918472
-0.00819145
-0.007224
-0.00628823
-0.00538942
-0.00453216
-0.00372058
-0.00295857
-0.00225005
-0.00159882
-0.00100837
-0.000481546
-2.04948e-05
0.000373245
0.000698495
0.000954284
0.00113989
0.00125499
0.00129984
0.00127524
0.00118242
0.00102283
0.000798155
0.000510396
0.00016206
-0.00024377
-0.00070358
-0.00121371
-0.00177059
-0.00237076
-0.00301067
-0.00368636
-0.0043933
-0.00512651
-0.00588081
-0.00665119
-0.00743288
-0.00822123
-0.00901154
-0.00979889
-0.0105783
-0.011345
-0.0120946
-0.0128232
-0.013527
-0.0142022
-0.014845
-0.0154518
-0.0160192
-0.0165446
-0.0170261
-0.0174616
-0.0178492
-0.0181866
-0.0184716
-0.0187025
-0.0188788
-0.0190005
-0.0190683
-0.0190828
-0.019044
-0.0189516
-0.0188059
-0.0186079
-0.0183569
-0.018048
-0.017684
-0.0172678
-0.016802
-0.0162889
-0.0157316
-0.0151342
-0.0145019
-0.0138401
-0.0131543
-0.0124491
-0.0117285
-0.0109962
-0.0102563
-0.00951327
-0.00877203
-0.00803751
-0.0073143
-0.00660654
-0.0059179
-0.00525181
-0.00461152
-0.00400015
-0.00342053
-0.00287502
-0.00236551
-0.00189336
-0.00145951
-0.0010646
-0.000709066
-0.000393116
-0.000116767
0.000120231
0.000318465
0.000478935
0.000603093
0.000692816
0.00075031
0.000777969
0.000778236
0.000753537
0.000706284
0.000638938
0.00055407
0.000454393
0.000342715
0.000221866
9.46065e-05
-3.64489e-05
-0.000168871
-0.000300429
-0.000429082
-0.000552963
-0.000670363
-0.000779731
-0.000879693
-0.000969083
-0.00104697
-0.00111269
-0.0011658
-0.00120601
-0.00123323
-0.00124746
-0.00124891
-0.001238
-0.00121541
-0.00118203
-0.00113892
-0.00108721
-0.00102803
-0.000962537
-0.000891903
-0.000817378
-0.00074028
-0.000661969
-0.000583782
-0.000506989
-0.000432758
-0.000362155
-0.00029614
-0.000235563
-0.000181145
-0.000133456
-9.29035e-05
-5.97309e-05
-3.40193e-05
-1.56929e-05
-4.51989e-06
-1.13878e-07
0
0
0
0
0
0
0
0
0
0
0
0
0
0
0
0
0
0
0
0
0
0
0
0
0
0
0
0
0
0
0
0
0
0
0
0
0
0
0
0
0
0
0
0
0
0
0
0
0
0
0
0
0
0
0
0
0
0
0
0
0
0
0
0
0
0
0
0
0
0
0
0
0
0
0
0
0
0
0
0
0
0
0
0
0
0
0
0
0
0
0
0
0
0
0
0
0
0
0
0
0
0
0
0
0
0
0
0
0
0
0
0
0
0
0
0
0
0
0
0
0
0
0
0
0
0
0
0
0
0
0
0
0
0
0
0
0
0
0
0
0
0
0
0
0
0
0
0
0
0
0
0
0
0
0
0
0
0
0
0
0
0
0
0
0
0
0
0
0
0
0
0
0
0
0
0
0
0
0
0
0
0
0
0
0
0
0
0
0
0
0
0
0
0
0
0
0
0
0
0
0
-2.33017e-07
-9.03586e-06
-3.07287e-05
-6.54027e-05
-0.000112997
-0.000173308
-0.00024601
-0.000330654
-0.000426674
-0.000533382
-0.000649977
-0.000775562
-0.000909155
-0.00104969
-0.00119605
-0.00134706
-0.00150157
-0.00165852
-0.00181698
-0.00197608
-0.00213492
-0.00229254
-0.00244787
-0.00259992
-0.00274787
-0.00289119
-0.00302963
-0.00316307
-0.00329135
-0.00341433
-0.00353192
-0.00364441
-0.00375238
-0.00385667
-0.00395811
-0.00405742
-0.00415527
-0.00425261
-0.00435091
-0.00445223
-0.00455889
-0.00467295
-0.00479586
-0.00492842
-0.00507125
-0.0052253
-0.00539214
-0.00557389
-0.0057727
-0.00599029
-0.00622783
-0.00648593
-0.00676519
-0.00706626
-0.00738976
-0.007736
-0.00810449
-0.00849446
-0.00890512
-0.00933607
-0.00978731
-0.0102582
-0.0107475
-0.0112526
-0.0117704
-0.0122982
-0.0128336
-0.0133754
-0.0139227
-0.014474
-0.0150268
-0.0155771
-0.016121
-0.0166551
-0.0171769
-0.0176841
-0.0181737
-0.0186416
-0.0190837
-0.0194962
-0.0198768
-0.0202247
-0.0205395
-0.0208204
-0.021065
-0.0212701
-0.0214327
-0.0215513
-0.0216261
-0.0216583
-0.021649
-0.021608
-0.0215375
-0.0214355
-0.0213011
-0.0211335
-0.020935
-0.0207073
-0.0204514
-0.0201681
-0.0198568
-0.0195204
-0.0191612
-0.0187816
-0.0183833
-0.0179647
-0.017528
-0.017074
-0.016605
-0.0161254
-0.0156382
-0.01515
-0.0146632
-0.0141782
-0.0136944
-0.0132099
-0.0127288
-0.0122549
-0.0117923
-0.0113448
-0.0109128
-0.0104991
-0.0101042
-0.00972923
-0.00937582
-0.00904496
-0.00873837
-0.00845637
-0.00819894
-0.00796631
-0.00776031
-0.0075813
-0.00743023
-0.00730702
-0.00721049
-0.00714194
-0.00709713
-0.00707586
-0.00707883
-0.00710669
-0.00716435
-0.00724443
-0.00734351
-0.0074579
-0.00758467
-0.00772991
-0.00788583
-0.00805263
-0.00823012
-0.00841706
-0.00862055
-0.00882855
-0.00903846
-0.00924834
-0.00945712
-0.00967454
-0.00989051
-0.0101049
-0.0103172
-0.0105262
-0.0107396
-0.0109467
-0.0111467
-0.0113403
-0.0115289
-0.0117214
-0.0119127
-0.0121038
-0.012295
-0.0124864
-0.0126807
-0.0128772
-0.0130776
-0.0132838
-0.0134974
-0.0137151
-0.0139421
-0.0141802
-0.0144317
-0.0146993
-0.0149734
-0.0152677
-0.0155827
-0.0159184
-0.0162753
-0.0166342
-0.017017
-0.0174252
-0.0178594
-0.0183188
-0.0187742
-0.0192519
-0.0197505
-0.0202696
-0.0208084
-0.0213328
-0.0218735
-0.0224277
-0.0229922
-0.0235637
-0.024105
-0.0246458
-0.0251812
-0.0257054
-0.0262124
-0.0266667
-0.0270943
-0.0274915
-0.0278539
-0.0281759
-0.0284296
-0.0286281
-0.0287641
-0.0288311
-0.0288237
-0.0287309
-0.0285526
-0.0282827
-0.0279148
-0.0274436
-0.0268789
-0.0262036
-0.0254147
-0.0245088
-0.0234817
-0.0223661
-0.0211232
-0.0197533
-0.0182585
-0.0166421
-0.0149651
-0.0131715
-0.0112634
-0.00924427
-0.00711971
-0.00497389
-0.00273952
-0.000425808
0.00195839
0.00440412
0.00681437
0.00926427
0.0117399
0.0142261
0.0167077
0.0190833
0.021426
0.0237214
0.0259533
0.0281039
0.0300802
0.0319393
0.0336654
0.0352439
0.0366603
0.0378503
0.0388462
0.0396312
0.0401895
0.0405071
0.0405606
0.0403514
0.0398696
0.039105
0.0380482
0.0367249
0.0350967
0.0331611
0.0309169
0.0283633
0.0255806
0.0224884
0.0190898
0.0153921
0.0114064
0.00727119
0.00287529
-0.0017678
-0.00664459
-0.0117401
-0.0168788
-0.0221976
-0.0276731
-0.0332802
-0.0389928
-0.0446108
-0.050281
-0.0559742
-0.0616597
-0.067306
-0.0727138
-0.0780224
-0.0832035
-0.0882276
-0.0930631
-0.0975365
-0.101753
-0.105679
-0.109285
-0.112544
-0.115345
-0.117752
-0.119741
-0.121288
-0.122369
-0.122943
-0.123016
-0.122573
-0.121607
-0.120108
-0.118127
-0.115602
-0.112531
-0.108915
-0.104761
-0.100212
-0.0951431
-0.089568
-0.0835026
-0.076967
-0.0701865
-0.0629886
-0.0554039
-0.0474637
-0.0392001
-0.0308921
-0.0223287
-0.0135481
-0.00459224
0.00449437
0.0134028
0.0223514
0.0312957
0.0401908
0.0489911
0.0574018
0.0656253
0.0736158
0.0813282
0.0887186
0.0955427
0.101961
0.107935
0.113426
0.118398
0.122691
0.126403
0.129506
0.131979
0.133799
0.134916
0.135349
0.135088
0.134126
0.132458
0.130149
0.127137
0.123427
0.11903
0.113963
0.108404
0.102215
0.0954189
0.0880435
0.0801189
0.0719169
0.0632338
0.0541078
0.0445801
0.0346946
0.0247867
0.0146145
0.00422641
-0.00632817
-0.0169995
-0.0274319
-0.0378809
-0.0482955
-0.0586235
-0.0688127
-0.0785259
-0.0880021
-0.0971969
-0.106068
-0.114573
-0.122438
-0.129854
-0.136785
-0.143193
-0.149049
-0.154173
-0.158698
-0.162605
-0.165875
-0.168491
-0.170378
-0.171585
-0.172105
-0.171937
-0.171084
-0.169591
-0.167426
-0.164602
-0.161133
-0.157038
-0.152469
-0.147317
-0.141605
-0.135358
-0.128607
-0.121591
-0.11414
-0.106294
-0.098091
-0.0895695
-0.0810191
-0.0722216
-0.0632154
-0.0540431
-0.0447506
-0.0356567
-0.0265331
-0.0174203
-0.00835588
0.000623592
0.00922077
0.0176587
0.0259
0.0339084
0.0416511
0.0488759
0.0557774
0.062329
0.0685041
0.0742772
0.0794627
0.0842048
0.0884891
0.0923042
0.0956402
0.0983966
0.100657
0.102414
0.103667
0.104415
0.104649
0.104389
0.103643
0.10242
0.100728
0.0986351
0.0961017
0.0931462
0.0897883
0.0860476
0.0820563
0.0777217
0.0730656
0.068112
0.0628872
0.0575732
0.0520415
0.0463175
0.0404266
0.0343941
0.0284251
0.0223681
0.0162498
0.0100958
0.00392998
-0.00204227
-0.00798317
-0.0138715
-0.0196852
-0.0254021
-0.0308296
-0.0361194
-0.0412545
-0.0462194
-0.0510001
-0.0554381
-0.0596673
-0.0636769
-0.0674571
-0.0709988
-0.0741828
-0.0771131
-0.0797834
-0.0821891
-0.0843271
-0.0861244
-0.0876523
-0.0889115
-0.089903
-0.0906286
-0.0910592
-0.0912303
-0.091147
-0.0908154
-0.0902422
-0.0894404
-0.0884105
-0.08716
-0.0856971
-0.0840313
-0.0822114
-0.0802087
-0.0780331
-0.0756949
-0.0732045
-0.0706378
-0.0679409
-0.0651245
-0.0621991
-0.0591742
-0.0561441
-0.0530342
-0.0498554
-0.0466193
-0.0433377
-0.0401183
-0.0368727
-0.0336086
-0.030333
-0.0270536
-0.0238821
-0.0207232
-0.0175844
-0.0144719
-0.011392
-0.00845517
-0.00556571
-0.00273342
3.15145e-05
0.00272067
0.00522936
0.00765518
0.00999762
0.0122549
0.0144223
0.0164015
0.0182736
0.020031
0.0216698
0.0231902
0.0245187
0.0257336
0.026835
0.0278204
0.0286857
0.0293703
0.0299303
0.0303671
0.0306835
0.0308821
0.0309303
0.0308637
0.0306832
0.0303901
0.0299861
0.0294649
0.0288367
0.0281027
0.027264
0.0263219
0.0252987
0.0241768
0.0229586
0.0216464
0.0202415
0.0187951
0.0172587
0.0156347
0.0139266
0.0121385
0.0103521
0.00849328
0.00656587
0.00457408
0.00252309
0.000520243
-0.0015294
-0.00361967
-0.00574481
-0.00789934
-0.00995969
-0.0120378
-0.0141272
-0.016221
-0.0183125
-0.0202705
-0.0222141
-0.0241369
-0.0260317
-0.0278902
-0.0295831
-0.0312237
-0.0328054
-0.034322
-0.0357674
-0.03703
-0.0382079
-0.0392942
-0.0402823
-0.0411668
-0.041865
-0.0424506
-0.0429187
-0.0432637
-0.0434801
-0.0435218
-0.0434273
-0.0431956
-0.0428268
-0.0423212
-0.0416796
-0.0408998
-0.0399809
-0.0389229
-0.0377276
-0.036443
-0.0350274
-0.033484
-0.0318158
-0.0300255
-0.028203
-0.0262664
-0.0242214
-0.0220749
-0.0198346
-0.0176281
-0.0153452
-0.0129959
-0.0105914
-0.00814294
-0.00580164
-0.00343521
-0.00105062
0.00134555
0.00374573
0.0059929
0.00822394
0.0104274
0.0125925
0.0147098
0.0166327
0.0184901
0.0202649
0.0219445
0.023516
0.0248522
0.0260591
0.02713
0.0280602
0.0288464
0.029407
0.0298173
0.0300741
0.0301747
0.0301188
0.0298737
0.0294787
0.0289392
0.0282614
0.0274524
0.0265285
0.0254891
0.0243434
0.0231017
0.0217745
0.0204185
0.0189977
0.0175236
0.0160077
0.0144618
0.0129674
0.0114612
0.00995296
0.00845241
0.00696992
0.00559831
0.00426182
0.00296967
0.00172943
0.000546738
-0.00049388
-0.00147456
-0.00239225
-0.00324352
-0.00402482
-0.00466436
-0.00523393
-0.00573293
-0.00616172
-0.00652118
-0.00676127
-0.00693903
-0.00705639
-0.00711589
-0.00712076
-0.00704236
-0.00692035
-0.00675867
-0.00656115
-0.00633163
-0.00605799
-0.00576234
-0.00544891
-0.00512193
-0.00478548
-0.00443894
-0.00409092
-0.00374474
-0.00340357
-0.00307041
-0.00274984
-0.00244219
-0.00214966
-0.00187412
-0.00161707
-0.00138313
-0.0011686
-0.00097386
-0.000798984
-0.00064379
-0.000510423
-0.000394917
-0.000296717
-0.000215058
-0.000148939
-9.79436e-05
-5.92881e-05
-3.16319e-05
-1.35524e-05
-3.55265e-06
-6.35917e-08
0
0
0
0
0
0
0
0
0
0
0
0
0
0
0
0
0
0
0
0
0
0
0
0
0
0
0
0
0
0
0
0
0
0
0
0
0
0
0
0
0
0
0
0
0
0
0
0
0
0
0
0
0
0
0
0
0
0
0
0
0
0
0
