0
0
0
0
0
0
0
0
0
0
0
0
0
0
0
0
0
0
0
0
0
0
0
0
0
0
0
0
0
0
0
0
0
0
0
0
0
0
0
0
0
0
0
0
0
0
0
0
0
0
0
0
0
0
0
0
0
0
0
0
0
0
0
0
0
0
0
0
0
0
0
0
0
0
0
0
0
0
0
0
0
0
0
0
0
0
0
5.18263e-08
4.7997e-06
1.86179e-05
4.32405e-05
8.01266e-05
0.000130435
0.000195006
0.000274357
0.000368682
0.000477861
0.000601472
0.0007388
0.00088885
0.00105037
0.00122185
0.00140159
0.00158773
0.00177831
0.00197133
0.00216483
0.00235695
0.00254598
0.00273036
0.00290875
0.00307998
0.00324311
0.00339742
0.00354244
0.00367799
0.00380425
0.00392176
0.00403153
0.00413496
0.0042339
0.00433047
0.00442694
0.00452565
0.00462893
0.00473914
0.00485877
0.00499052
0.00513728
0.00530205
0.00548769
0.00569675
0.00593129
0.00619285
0.00648244
0.00680059
0.00714734
0.00752215
0.00792389
0.00835075
0.00880028
0.00926941
0.00975447
0.0102511
0.0107541
0.0112576
0.0117548
0.0122381
0.0126995
0.0131306
0.0135227
0.0138667
0.0141535
0.0143734
0.0145171
0.0145751
0.0145387
0.0143994
0.0141493
0.013781
0.0132879
0.0126644
0.0119059
0.0110095
0.00997346
0.00879713
0.00748095
0.00602631
0.00443585
0.00271376
0.000866093
-0.00109923
-0.0031727
-0.00534368
-0.00760071
-0.00993167
-0.0123236
-0.0147624
-0.0172398
-0.0197458
-0.022267
-0.0247896
-0.0272998
-0.0297834
-0.0322266
-0.0346156
-0.0369365
-0.0391751
-0.0413178
-0.0433506
-0.0452598
-0.0470317
-0.0486526
-0.050109
-0.0513876
-0.0524756
-0.0533613
-0.0540338
-0.0544829
-0.0546995
-0.0546752
-0.0544028
-0.0538762
-0.053091
-0.0520445
-0.0507354
-0.049164
-0.0473317
-0.045241
-0.0428955
-0.0402999
-0.0374606
-0.0343851
-0.0310829
-0.0275646
-0.0238425
-0.0199303
-0.0158428
-0.0115963
-0.00720826
-0.00269711
0.00191775
0.00661618
0.0113774
0.01618
0.0210023
0.0258218
0.0306159
0.0353618
0.0400365
0.044617
0.0490802
0.0534034
0.0575637
0.0615389
0.0653071
0.0688471
0.0721386
0.0751623
0.0778998
0.0803337
0.0824477
0.0842269
0.0856575
0.086727
0.0874247
0.0877414
0.0876696
0.0872037
0.08634
0.0850771
0.0834157
0.0813586
0.0789109
0.0760798
0.072874
0.0693042
0.0653827
0.061123
0.0565405
0.0516521
0.0464763
0.0410334
0.035345
0.0294342
0.0233252
0.0170435
0.0106151
0.00406703
-0.00257316
-0.00927728
-0.0160167
-0.0227625
-0.0294858
-0.0361578
-0.0427497
-0.049233
-0.0555794
-0.0617608
-0.0677493
-0.0735177
-0.0790394
-0.0842888
-0.0892417
-0.0938747
-0.098166
-0.102095
-0.105642
-0.108789
-0.111521
-0.113823
-0.115683
-0.117092
-0.118042
-0.118527
-0.118542
-0.118087
-0.117162
-0.11577
-0.113918
-0.111612
-0.108864
-0.105687
-0.102094
-0.0981021
-0.0937291
-0.0889942
-0.0839178
-0.0785221
-0.0728305
-0.0668681
-0.0606617
-0.0542397
-0.0476318
-0.0408685
-0.0339808
-0.0269999
-0.0199572
-0.0128842
-0.00581265
0.00122548
0.0081981
0.0150734
0.0218198
0.0284067
0.0348038
0.0409815
0.0469108
0.0525633
0.0579119
0.0629309
0.0675967
0.0718876
0.0757839
0.0792683
0.0823252
0.0849411
0.0871043
0.0888053
0.0900365
0.0907926
0.0910703
0.0908691
0.090191
0.0890408
0.0874265
0.0853586
0.0828501
0.079916
0.0765731
0.0728402
0.0687379
0.064289
0.0595182
0.054452
0.049118
0.0435455
0.0377641
0.0318048
0.0256994
0.019481
0.0131829
0.0068393
0.000484063
-0.00584917
-0.0121272
-0.0183173
-0.0243872
-0.0303052
-0.0360407
-0.0415641
-0.0468475
-0.051864
-0.0565888
-0.0609982
-0.0650703
-0.0687851
-0.0721247
-0.0750737
-0.0776193
-0.0797508
-0.0814597
-0.0827395
-0.083586
-0.0839969
-0.0839729
-0.083517
-0.082635
-0.0813353
-0.0796283
-0.077527
-0.0750465
-0.072204
-0.0690189
-0.0655125
-0.0617075
-0.0576283
-0.0533005
-0.0487511
-0.0440086
-0.0391025
-0.0340634
-0.0289224
-0.0237109
-0.0184601
-0.0132013
-0.00796595
-0.00278537
0.00230901
0.00728612
0.0121157
0.0167687
0.0212175
0.0254364
0.029401
0.0330887
0.0364785
0.0395508
0.0422882
0.0446748
0.0466972
0.048344
0.049606
0.0504766
0.0509513
0.0510282
0.0507078
0.0499927
0.0488881
0.0474013
0.0455417
0.0433212
0.0407537
0.0378554
0.0346444
0.0311406
0.0273654
0.0233415
0.0190925
0.0146432
0.0100192
0.00524762
0.000356142
-0.00462669
-0.00967199
-0.0147507
-0.0198339
-0.0248923
-0.0298969
-0.0348183
-0.0396277
-0.0442966
-0.0487976
-0.0531048
-0.0571936
-0.0610407
-0.0646245
-0.0679246
-0.0709223
-0.0736011
-0.0759468
-0.0779474
-0.0795931
-0.0808763
-0.081791
-0.0823334
-0.0825015
-0.0822959
-0.0817195
-0.0807774
-0.0794768
-0.0778266
-0.0758375
-0.0735221
-0.0708949
-0.0679721
-0.0647717
-0.061313
-0.0576162
-0.0537025
-0.049594
-0.0453141
-0.0408873
-0.036339
-0.0316951
-0.0269816
-0.0222244
-0.017449
-0.0126811
-0.00794598
-0.00326912
0.00132462
0.00581121
0.0101677
0.0143725
0.0184048
0.022245
0.0258743
0.0292753
0.0324319
0.0353301
0.0379573
0.0403031
0.0423584
0.0441156
0.0455687
0.0467135
0.0475477
0.0480708
0.0482841
0.0481908
0.0477953
0.0471036
0.0461236
0.0448645
0.0433373
0.0415544
0.0395291
0.0372756
0.0348092
0.032146
0.0293033
0.0262995
0.0231533
0.0198843
0.0165118
0.0130552
0.00953419
0.00596805
0.00237628
-0.00122187
-0.00480745
-0.00836202
-0.0118677
-0.0153071
-0.0186634
-0.0219207
-0.0250638
-0.0280785
-0.0309519
-0.0336719
-0.0362276
-0.0386088
-0.0408064
-0.0428126
-0.0446212
-0.0462275
-0.0476283
-0.0488217
-0.0498065
-0.0505827
-0.0511508
-0.0515128
-0.0516718
-0.0516325
-0.0514004
-0.050982
-0.0503844
-0.0496155
-0.048684
-0.0475991
-0.0463712
-0.0450112
-0.0435304
-0.0419406
-0.0402537
-0.0384816
-0.0366367
-0.0347312
-0.0327772
-0.0307871
-0.0287726
-0.0267455
-0.0247176
-0.0227002
-0.0207046
-0.0187415
-0.016821
-0.0149524
-0.0131443
-0.0114046
-0.00974055
-0.00815902
-0.00666624
-0.00526779
-0.00396848
-0.00277235
-0.00168261
-0.000701702
0.00016867
0.000927552
0.00157475
0.0021108
0.00253696
0.00285507
0.00306753
0.00317721
0.00318743
0.00310204
0.00292536
0.00266225
0.002318
0.00189826
0.00140891
0.000855961
0.000245456
-0.000416529
-0.0011239
-0.00187052
-0.00265015
-0.00345648
-0.00428315
-0.00512383
-0.00597235
-0.0068228
-0.00766955
-0.00850735
-0.00933124
-0.0101366
-0.0109189
-0.0116741
-0.0123982
-0.0130876
-0.0137388
-0.014349
-0.0149159
-0.0154374
-0.015912
-0.0163387
-0.0167163
-0.0170445
-0.0173227
-0.0175513
-0.0177309
-0.0178623
-0.0179469
-0.0179859
-0.0179806
-0.0179325
-0.0178433
-0.0177154
-0.0175513
-0.0173543
-0.0171272
-0.0168728
-0.0165936
-0.0162918
-0.0159698
-0.0156306
-0.0152773
-0.0149132
-0.0145416
-0.0141651
-0.0137865
-0.0134081
-0.0130323
-0.0126616
-0.0122986
-0.0119455
-0.0116042
-0.0112761
-0.010963
-0.0106664
-0.0103878
-0.0101287
-0.00989009
-0.0096724
-0.00947567
-0.00929988
-0.00914527
-0.00901243
-0.00890206
-0.00881461
-0.00875002
-0.00870765
-0.00868663
-0.00868617
-0.00870573
-0.00874499
-0.00880356
-0.00888069
-0.00897524
-0.0090859
-0.00921144
-0.00935089
-0.00950336
-0.00966776
-0.00984254
-0.0100257
-0.0102154
-0.0104098
-0.0106083
-0.0108105
-0.0110165
-0.0112258
-0.0114371
-0.0116486
-0.0118585
-0.0120655
-0.0122689
-0.0124687
-0.0126653
-0.0128585
-0.013048
-0.0132331
-0.0134129
-0.0135866
-0.0137538
-0.0139141
-0.0140674
-0.0142134
-0.014352
-0.014483
-0.0146062
-0.0147213
-0.0148277
-0.0149248
-0.0150117
-0.0150879
-0.0151536
-0.0152089
-0.0152545
-0.0152903
-0.0153159
-0.0153303
-0.0153325
-0.0153218
-0.0152979
-0.0152613
-0.0152126
-0.0151522
-0.0150802
-0.0149962
-0.0148977
-0.0147777
-0.014636
-0.0144729
-0.0142892
-0.0140857
-0.0138634
-0.0136231
-0.0133656
-0.0130916
-0.0128017
-0.0124966
-0.0121768
-0.0118435
-0.0114979
-0.0111415
-0.0107759
-0.0104026
-0.0100229
-0.00963795
-0.00924859
-0.00885591
-0.0084611
-0.00806552
-0.00767069
-0.00727814
-0.00688941
-0.00650589
-0.00612884
-0.00575931
-0.0053982
-0.00504632
-0.00470456
-0.00437395
-0.00405573
-0.00375116
-0.00346135
-0.00318705
-0.00292854
-0.0026858
-0.00245865
-0.00224699
-0.0020509
-0.00187056
-0.0017061
-0.00155745
-0.00142425
-0.00130594
-0.00120178
-0.00111099
-0.00103277
-0.000966285
-0.000910625
-0.000864835
-0.000827925
-0.0007989
-0.000776759
-0.000760479
-0.000748996
-0.000741209
-0.00073603
-0.000732438
-0.000729523
-0.00072649
-0.000722625
-0.000717263
-0.000709771
-0.000699573
-0.000686186
-0.000669259
-0.000648573
-0.000624036
-0.00059566
-0.000563557
-0.000527945
-0.000489164
-0.000447674
-0.00040405
-0.000358947
-0.000313089
-0.000267246
-0.000222241
-0.000178946
-0.000138271
-0.000101151
-6.85152e-05
-4.12708e-05
-2.02811e-05
-6.35492e-06
-2.33118e-07
0
0
0
0
0
0
0
0
0
0
0
0
0
0
0
0
0
0
0
0
0
0
0
0
0
0
0
0
0
0
0
0
0
0
0
0
0
0
0
0
0
0
0
0
0
0
0
0
0
0
0
0
0
0
0
0
0
0
0
0
0
0
0
0
0
0
0
0
0
0
0
0
0
0
0
0
0
0
0
0
0
0
0
0
0
0
0
0
0
0
0
0
0
0
0
0
0
0
0
0
0
0
0
0
0
0
0
0
0
0
0
0
0
0
0
0
0
0
0
0
0
0
0
0
0
0
0
0
0
0
0
0
0
0
0
0
0
0
0
0
0
0
0
0
0
0
0
0
0
0
0
0
0
-2.83848e-07
-7.65182e-06
-2.41483e-05
-4.85965e-05
-7.97941e-05
-0.000116541
-0.00015767
-0.000202075
-0.000248758
-0.000296855
-0.000345677
-0.000394722
-0.000443682
-0.000492445
-0.000541088
-0.000589905
-0.000639425
-0.000690449
-0.000744056
-0.000801563
-0.000864482
-0.000934447
-0.0010132
-0.00110265
-0.00120492
-0.0013224
-0.00145769
-0.0016134
-0.00179203
-0.00199583
-0.0022269
-0.00248728
-0.00277912
-0.00310463
-0.00346588
-0.00386468
-0.00430224
-0.00477926
-0.00529607
-0.00585284
-0.00644969
-0.00708649
-0.0077625
-0.00847619
-0.00922512
-0.0100064
-0.0108169
-0.0116537
-0.0125139
-0.0133943
-0.0142912
-0.0152
-0.0161155
-0.0170322
-0.0179447
-0.0188478
-0.0197369
-0.0206069
-0.0214525
-0.0222684
-0.0230485
-0.0237874
-0.0244797
-0.0251211
-0.0257077
-0.0262361
-0.026703
-0.0271052
-0.0274398
-0.0277042
-0.0278957
-0.028013
-0.0280557
-0.0280243
-0.0279205
-0.0277457
-0.0275013
-0.0271887
-0.0268096
-0.0263666
-0.0258629
-0.0253034
-0.0246935
-0.0240385
-0.0233437
-0.0226133
-0.0218519
-0.0210648
-0.0202586
-0.0194405
-0.0186181
-0.0178052
-0.0170077
-0.0162282
-0.0154689
-0.0147332
-0.0140255
-0.0133505
-0.0127131
-0.0121167
-0.0115646
-0.0110587
-0.010601
-0.0101935
-0.00983742
-0.00953593
-0.00929088
-0.00910373
-0.00897564
-0.0089064
-0.008898
-0.00895082
-0.00906449
-0.0092378
-0.00946744
-0.00975318
-0.0100938
-0.0104886
-0.0109375
-0.0114381
-0.0119905
-0.0125918
-0.0132381
-0.0139255
-0.0146486
-0.0154062
-0.0161959
-0.0170154
-0.0178616
-0.0187295
-0.0196159
-0.0205162
-0.0214256
-0.0223398
-0.0232541
-0.0241652
-0.0250695
-0.0259633
-0.0268426
-0.0277043
-0.028544
-0.0293576
-0.0301415
-0.0308918
-0.0316075
-0.0322835
-0.0329175
-0.0335073
-0.0340515
-0.0345526
-0.0350054
-0.035409
-0.0357624
-0.0360648
-0.036321
-0.0365247
-0.0366758
-0.0367749
-0.0368228
-0.0368285
-0.036786
-0.0366968
-0.0365618
-0.0363824
-0.0361684
-0.0359139
-0.0356221
-0.0352964
-0.0349402
-0.0345646
-0.0341643
-0.0337417
-0.0332994
-0.0328404
-0.0323749
-0.0319007
-0.0314218
-0.0309423
-0.0304656
-0.029998
-0.0295392
-0.0290926
-0.0286615
-0.0282499
-0.0278602
-0.0274973
-0.0271644
-0.0268641
-0.0265991
-0.0263647
-0.0261713
-0.0260222
-0.0259204
-0.0258682
-0.0258531
-0.0258894
-0.0259773
-0.0261173
-0.0263101
-0.0265368
-0.0268183
-0.0271545
-0.0275437
-0.027983
-0.0284439
-0.0289484
-0.0294941
-0.0300791
-0.0307013
-0.0313303
-0.0319888
-0.0326708
-0.0333701
-0.0340802
-0.0347695
-0.0354589
-0.0361428
-0.0368148
-0.0374673
-0.0380713
-0.0386385
-0.0391607
-0.0396305
-0.0400411
-0.0403757
-0.0406381
-0.0408212
-0.0409175
-0.0409198
-0.0408247
-0.0406229
-0.0403091
-0.0398789
-0.0393278
-0.0386724
-0.0378887
-0.0369741
-0.0359266
-0.0347453
-0.0334679
-0.032058
-0.0305174
-0.0288486
-0.0270546
-0.0251926
-0.0232143
-0.021126
-0.0189355
-0.0166516
-0.0143485
-0.0119723
-0.00953356
-0.00704373
-0.00451496
-0.00202886
0.000468738
0.00296276
0.00543752
0.00787705
0.0102019
0.0124595
0.0146337
0.0167079
0.0186655
0.0204417
0.0220691
0.0235321
0.0248155
0.0259045
0.0267602
0.0273933
0.0277912
0.0279428
0.0278385
0.0274772
0.0268438
0.0259315
0.0247344
0.0232482
0.0215131
0.0194854
0.0171662
0.0145583
0.0116658
0.00857257
0.00520812
0.00158195
-0.00229449
-0.00640804
-0.0106376
-0.0150742
-0.019701
-0.0244992
-0.0294476
-0.0343985
-0.0394516
-0.0445811
-0.0497608
-0.0549643
-0.0600374
-0.0650801
-0.0700641
-0.07496
-0.0797378
-0.084255
-0.0885952
-0.0927302
-0.096632
-0.100273
-0.103545
-0.106505
-0.109127
-0.11139
-0.113274
-0.114723
-0.115756
-0.116356
-0.11651
-0.116205
-0.115453
-0.114228
-0.112527
-0.11035
-0.107698
-0.104652
-0.101142
-0.0971771
-0.0927708
-0.0879379
-0.0828247
-0.0773224
-0.0714532
-0.0652426
-0.0587184
-0.0520771
-0.045184
-0.038072
-0.0307752
-0.0233291
-0.0159538
-0.00850431
-0.00101982
0.00645977
0.0138943
0.0210683
0.0281178
0.0350032
0.0416851
0.0481245
0.0541407
0.0598404
0.0651893
0.0701543
0.0747035
0.0787181
0.0822588
0.0853005
0.087822
0.0898051
0.0912159
0.0920617
0.0923328
0.0920224
0.0911266
0.0897015
0.0876949
0.0851142
0.08197
0.0782757
0.0741736
0.0695567
0.0644477
0.0588731
0.0528631
0.0466309
0.0400302
0.0330972
0.0258702
0.0183897
0.0109095
0.00326225
-0.00450746
-0.0123549
-0.0202351
-0.0278917
-0.035491
-0.0429871
-0.050334
-0.0574858
-0.0642174
-0.0706692
-0.0768023
-0.0825799
-0.0879662
-0.0928032
-0.0971823
-0.101074
-0.104452
-0.107293
-0.109532
-0.111198
-0.112279
-0.112764
-0.112648
-0.111969
-0.110688
-0.108811
-0.106347
-0.103307
-0.0998278
-0.0958069
-0.0912671
-0.086235
-0.08074
-0.0750007
-0.0688633
-0.0623625
-0.0555358
-0.0484233
-0.0412946
-0.0339681
-0.02649
-0.0189073
-0.0112672
-0.00385012
0.003531
0.0108297
0.0179996
0.0249946
0.0315632
0.0378692
0.0438719
0.0495319
0.0548117
0.0595268
0.0637941
0.0675845
0.0708716
0.0736318
0.075775
0.0773528
0.078351
0.0787588
0.0785692
0.0778014
0.0764355
0.0744768
0.0719344
0.0688204
0.0652609
0.0611629
0.0565475
0.0514386
0.0458631
0.0400368
0.0338057
0.0272048
0.0202713
0.0130451
0.00580328
-0.00164783
-0.00926556
-0.0170065
-0.0248264
-0.0324271
-0.0400176
-0.0475535
-0.0549898
-0.0622823
-0.0691502
-0.0757891
-0.0821588
-0.0882207
-0.0939379
-0.0990865
-0.103824
-0.108122
-0.111954
-0.115296
-0.11801
-0.120193
-0.121832
-0.122913
-0.123428
-0.123341
-0.122681
-0.121449
-0.119651
-0.117295
-0.114454
-0.11108
-0.10719
-0.102804
-0.0979427
-0.0927714
-0.087176
-0.081185
-0.0748293
-0.0681412
-0.0613563
-0.0543058
-0.0470246
-0.0395489
-0.0319165
-0.0244035
-0.0168109
-0.00917672
-0.00153833
0.00606796
0.0133649
0.0205616
0.0276263
0.0345278
0.0412358
0.0475026
0.0535182
0.0592558
0.0646903
0.0697984
0.0743901
0.0786164
0.0824611
0.0859098
0.0889493
0.0914657
0.0935531
0.0952051
0.0964186
0.0971929
0.0975011
0.0973739
0.0968153
0.0958305
0.0944269
0.0926593
0.0904946
0.0879476
0.0850356
0.0817774
0.0783017
0.0745209
0.0704565
0.0661304
0.0615655
0.0569398
0.0521212
0.0471336
0.042002
0.0367524
0.0315913
0.0263633
0.0210922
0.0158003
0.0105091
0.00542331
0.000380814
-0.00459655
-0.00948681
-0.0142689
-0.0187578
-0.0231027
-0.0272888
-0.0313017
-0.035127
-0.0386185
-0.0418951
-0.0449451
-0.0477593
-0.0503308
-0.0525673
-0.0545513
-0.0562788
-0.0577463
-0.0589511
-0.059855
-0.0604966
-0.0608792
-0.0610072
-0.0608859
-0.0605313
-0.0599396
-0.0591182
-0.0580758
-0.0568227
-0.0554203
-0.0538305
-0.0520659
-0.0501399
-0.0480663
-0.0459385
-0.0436904
-0.0413348
-0.0388835
-0.0363484
-0.0338366
-0.0312653
-0.028648
-0.0259984
-0.02333
-0.0207527
-0.01818
-0.0156213
-0.0130859
-0.010583
-0.0082099
-0.00588705
-0.00362236
-0.00142295
0.000704809
0.00268455
0.00458095
0.00638839
0.00810169
0.00971657
0.0111823
0.0125452
0.0138045
0.0149599
0.0160114
0.0169348
0.0177556
0.0184761
0.0190998
0.0196309
0.0200697
0.0204234
0.020695
0.0208877
0.0210052
0.0210642
0.0210587
0.0209947
0.0208784
0.0207151
0.0205305
0.0203087
0.0200553
0.0197763
0.0194787
0.0191914
0.0188972
0.0185999
0.018302
0.0180053
0.0177303
0.0174597
0.0171924
0.016924
0.0166576
0.0164075
0.0161648
0.0159313
0.0157087
0.015498
0.015303
0.0151206
0.0149506
0.0147926
0.0146463
0.0145077
0.0143793
0.0142598
0.0141474
0.0140401
0.0139295
0.0138204
0.0137113
0.0136003
0.0134858
0.0133607
0.0132281
0.0130859
0.0129321
0.0127649
0.0125828
0.0123854
0.0121722
0.011943
0.0116975
0.011442
0.0111698
0.0108812
0.0105759
0.0102537
0.00992785
0.00958558
0.00922838
0.00885791
0.00847595
0.00810134
0.00771829
0.00732898
0.00693526
0.00653889
0.00615947
0.00578021
0.00540349
0.00503141
0.00466578
0.00432363
0.00398986
0.00366621
0.00335427
0.00305548
0.00278208
0.00252281
0.0022783
0.00204877
0.0018341
0.0016402
0.00145993
0.00129328
0.0011403
0.00100096
0.000877101
0.000765687
0.000665936
0.000576943
0.000497791
0.000427357
0.000365117
0.000310329
0.000262306
0.000220354
0.000182854
0.000150235
0.000121794
9.69689e-05
7.53341e-05
5.6092e-05
3.97956e-05
2.62637e-05
1.54294e-05
7.333e-06
2.09582e-06
2.55028e-08
0
0
0
0
0
0
0
0
0
0
0
0
0
0
0
0
0
0
0
0
0
0
0
0
0
0
0
0
0
0
0
0
0
0
0
0
0
0
0
0
0
0
0
0
0
0
0
0
0
0
0
0
0
0
0
0
0
0
0
0
0
0
0
0
0
0
0
0
0
0
0
0
0
0
0
0
0
0
0
0
0
0
0
0
0
0
0
