-0
-0
-0
-0
-0
-0
-0
-0
-0
-0
-0
-0
-0
-0
-0
-0
-0
-0
-0
-0
-0
-0
-0
-0
-0
-0
-0
-0
-0
-0
-0
-0
-0
-0
-0
-0
-0
-0
-0
-0
-0
-0
-0
-0
-0
-0
-0
-0
-0
-0
-0
-0
-0
-0
-0
-0
-0
-0
-0
-0
-0
-0
-0
0
0
0
0
0
0
0
0
0
0
0
0
0
0
0
0
0
0
0
0
0
0
0
0
0
0
0
0
0
0
0
0
0
0
0
0
0
0
0
0
0
0
0
0
0
0
0
0
0
0
0
0
0
-0
-0
-0
-0
-0
-0
-0
-0
-0
-0
-0
-0
-0
-0
-0
-0
-0
-0
-0
-0
-0
-0
-0
-0
-0
-0
-0
-0
-0
-0
-0
-0
-0
-0
-0
-0
-0
-0
-0
-0
-0
-0
-0
-0
-0
-0
-0
-0
-0
-0
0
0
0
0
0
0
0
0
0
0
0
0
0
0
0
0
0
0
0
0
0
0
0
0
0
0
0
0
0
0
0
0
0
0
0
0
0
0
0
0
0
0
0
0
0
0
0
0
0
0
0
0
-0
-0
-0
-0
-0
-0
-0
-0
-0
-0
-0
-0
-0
-0
-0
-0
-0
-0
-0
-0
-0
-0
-0
-0
-0
-0
-0
-0
-0
-0
-0
-0
-0
-0
-0
-0
-0
-0
-0
-0
-0
-0
-0
-0
-0
-0
-0
-0
-0
-0
-0
-0
-0
-0
-0
-0
-0
-0
-0
-0
-0
-0
-0
-0
-0
-0
-0
-0
-0
-0
-0
-0
-0
-0
-0
-0
-0
-0
-0
-0
-0
0
0
0
0
0
0
0
0
0
0
0
0
0
0
0
0
0
0
0
0
0
0
0
1.4404e-07
5.59589e-06
1.8816e-05
3.94628e-05
6.69808e-05
0.000100609
0.000139395
0.000182208
0.000227762
0.000274647
0.000321357
0.000366323
0.000407929
0.000444538
0.000474513
0.000496249
0.000508207
0.000508956
0.000497207
0.000471837
0.000431903
0.000376656
0.000305541
0.000218197
0.000114448
-5.69227e-06
-0.000142011
-0.000294063
-0.000461146
-0.000642286
-0.000836282
-0.00104179
-0.00125742
-0.00148182
-0.00171367
-0.00195162
-0.00219424
-0.00243993
-0.00268699
-0.0029337
-0.00317845
-0.00341983
-0.00365664
-0.00388793
-0.00411291
-0.00433101
-0.00454186
-0.00474527
-0.00494124
-0.00512985
-0.00531125
-0.00548572
-0.00565382
-0.00581645
-0.00597485
-0.0061305
-0.00628475
-0.0064387
-0.00659304
-0.00674825
-0.00690484
-0.00706358
-0.00722547
-0.00739155
-0.00756254
-0.00773857
-0.00791916
-0.00810336
-0.00829009
-0.00847824
-0.00866672
-0.00885424
-0.00903911
-0.00921909
-0.00939148
-0.00955318
-0.00970089
-0.00983114
-0.00994025
-0.0100243
-0.0100794
-0.0101015
-0.0100867
-0.0100315
-0.00993224
-0.00978543
-0.00958724
-0.0093339
-0.00902198
-0.00864885
-0.0082132
-0.00771786
-0.00716354
-0.00654974
-0.00587581
-0.0051409
-0.00434422
-0.00348549
-0.00256528
-0.00158516
-0.000547506
0.000544709
0.00168824
0.00287962
0.0041151
0.00539042
0.00670066
0.0080402
0.0094028
0.0107818
0.0121701
0.0135604
0.0149451
0.0163159
0.0176646
0.0189826
0.0202611
0.0214915
0.0226652
0.0237737
0.0248084
0.0257607
0.0266221
0.0273846
0.0280403
0.0285821
0.0290033
0.0292975
0.029459
0.0294825
0.0293633
0.0290973
0.0286811
0.0281118
0.0273877
0.0265079
0.0254725
0.0242831
0.0229419
0.0214517
0.0198158
0.0180379
0.0161222
0.014074
0.0119
0.00960833
0.00720844
0.00471049
0.00212491
-0.000537883
-0.00326723
-0.00605185
-0.00887947
-0.0117367
-0.0146093
-0.0174826
-0.0203423
-0.0231743
-0.0259649
-0.0287006
-0.0313678
-0.0339527
-0.0364418
-0.0388215
-0.0410785
-0.0432
-0.0451732
-0.046986
-0.048627
-0.0500858
-0.0513532
-0.0524206
-0.0532806
-0.0539259
-0.05435
-0.0545468
-0.054512
-0.0542426
-0.0537374
-0.0529966
-0.0520214
-0.0508137
-0.0493761
-0.0477121
-0.0458263
-0.0437252
-0.0414166
-0.0389095
-0.0362142
-0.0333416
-0.0303032
-0.0271114
-0.0237792
-0.0203203
-0.0167488
-0.0130795
-0.00932728
-0.00550805
-0.0016383
0.00226479
0.00618363
0.0101007
0.0139988
0.0178614
0.0216721
0.0254146
0.0290723
0.0326284
0.0360659
0.0393685
0.0425207
0.0455087
0.0483197
0.050942
0.0533646
0.0555771
0.0575696
0.0593328
0.0608587
0.0621407
0.0631738
0.0639542
0.0644797
0.0647488
0.0647609
0.0645163
0.0640163
0.0632629
0.0622595
0.0610107
0.0595218
0.0577994
0.0558509
0.053685
0.0513106
0.0487376
0.0459762
0.0430365
0.0399293
0.0366655
0.0332573
0.0297178
0.0260612
0.0223021
0.0184547
0.0145326
0.0105487
0.00651553
0.00244578
-0.00164686
-0.00574783
-0.00984207
-0.0139148
-0.0179521
-0.021941
-0.0258695
-0.0297259
-0.0334982
-0.037174
-0.0407406
-0.0441858
-0.0474975
-0.0506649
-0.0536777
-0.0565262
-0.0592013
-0.0616945
-0.0639976
-0.0661028
-0.0680028
-0.0696903
-0.0711585
-0.0724009
-0.0734116
-0.0741861
-0.0747211
-0.0750144
-0.0750645
-0.0748698
-0.0744288
-0.0737396
-0.0728009
-0.0716122
-0.070175
-0.0684926
-0.0665699
-0.0644128
-0.062027
-0.0594179
-0.0565903
-0.0535493
-0.0503013
-0.0468547
-0.0432202
-0.0394103
-0.0354387
-0.0313184
-0.0270618
-0.0226803
-0.0181855
-0.0135903
-0.00890969
-0.00416104
0.000636844
0.00546486
0.0103048
0.0151397
0.019954
0.0247318
0.0294564
0.0341094
0.0386707
0.0431196
0.0474354
0.0515989
0.0555928
0.0594011
0.0630087
0.0664004
0.0695601
0.072471
0.0751164
0.0774803
0.0795486
0.0813097
0.0827545
0.0838756
0.0846663
0.0851204
0.0852316
0.0849938
0.0844022
0.0834541
0.0821492
0.0804902
0.078482
0.076131
0.0734447
0.0704311
0.0670989
0.0634579
0.0595197
0.0552981
0.0508091
0.0460709
0.0411037
0.0359285
0.0305674
0.0250426
0.0193766
0.0135924
0.00771384
0.00176602
-0.00422491
-0.0102317
-0.0162262
-0.0221804
-0.0280662
-0.0338562
-0.0395238
-0.0450434
-0.05039
-0.0555397
-0.0604687
-0.065154
-0.0695728
-0.0737031
-0.0775236
-0.0810146
-0.084158
-0.0869378
-0.0893403
-0.0913539
-0.0929692
-0.0941786
-0.0949769
-0.0953609
-0.0953298
-0.0948848
-0.0940294
-0.092769
-0.091111
-0.0890644
-0.0866405
-0.0838523
-0.0807145
-0.0772436
-0.0734578
-0.0693764
-0.0650203
-0.0604118
-0.0555744
-0.0505329
-0.0453127
-0.0399402
-0.0344421
-0.0288455
-0.023178
-0.0174674
-0.0117416
-0.00602837
-0.000355293
0.00525061
0.0107629
0.0161557
0.021404
0.0264837
0.0313717
0.0360462
0.0404868
0.0446745
0.0485918
0.0522228
0.055553
0.0585698
0.0612625
0.063622
0.0656411
0.0673146
0.0686388
0.069612
0.0702343
0.0705078
0.0704361
0.0700249
0.0692813
0.0682139
0.0668331
0.0651504
0.0631793
0.0609343
0.0584311
0.0556866
0.0527184
0.0495452
0.0461862
0.0426617
0.0389924
0.0351995
0.0313045
0.0273288
0.0232941
0.0192217
0.0151332
0.0110498
0.00699208
0.00298022
-0.000966433
-0.00482932
-0.0085906
-0.0122333
-0.0157411
-0.0190991
-0.0222933
-0.025311
-0.028141
-0.030773
-0.0331981
-0.0354085
-0.037398
-0.0391614
-0.0406953
-0.0419974
-0.043067
-0.0439043
-0.0445108
-0.0448892
-0.0450435
-0.0449787
-0.0447013
-0.0442185
-0.0435384
-0.0426703
-0.0416239
-0.04041
-0.0390399
-0.0375257
-0.0358796
-0.0341144
-0.032243
-0.0302785
-0.0282342
-0.0261237
-0.0239604
-0.0217575
-0.0195281
-0.0172851
-0.015041
-0.0128081
-0.0105988
-0.00842482
-0.00629584
-0.00422103
-0.00220897
-0.000267749
0.00159501
0.00337218
0.00505726
0.00664445
0.00812872
0.00950576
0.0107719
0.0119241
0.0129599
0.0138777
0.0146766
0.0153564
0.0159176
0.0163613
0.0166887
0.016902
0.0170034
0.016996
0.0168836
0.0166703
0.0163606
0.0159592
0.0154713
0.0149021
0.0142576
0.0135437
0.012767
0.0119339
0.011051
0.0101246
0.00916134
0.00816761
0.00715009
0.0061154
0.00507002
0.00402015
0.00297174
0.00193056
0.000902244
-0.000107672
-0.00109392
-0.00205159
-0.0029763
-0.00386407
-0.00471131
-0.00551466
-0.00627099
-0.00697752
-0.00763199
-0.00823274
-0.00877867
-0.00926912
-0.0097037
-0.0100822
-0.0104046
-0.0106715
-0.0108836
-0.0110422
-0.0111491
-0.0112062
-0.0112154
-0.011179
-0.0110996
-0.0109798
-0.0108226
-0.0106313
-0.0104087
-0.0101578
-0.00988151
-0.00958276
-0.00926458
-0.0089301
-0.0085824
-0.0082244
-0.00785878
-0.00748808
-0.00711472
-0.00674109
-0.0063695
-0.006002
-0.00564037
-0.00528612
-0.00493934
-0.00460043
-0.00427141
-0.00395407
-0.00364964
-0.0033589
-0.00307933
-0.00281388
-0.0025625
-0.00232519
-0.00210196
-0.00189037
-0.00169246
-0.00150764
-0.00133511
-0.00117401
-0.00102226
-0.000880313
-0.000747306
-0.000622311
-0.000504349
-0.000392776
-0.000286538
-0.00018503
-8.77187e-05
5.97981e-06
9.47411e-05
0.000181403
0.000266651
0.000350956
0.000434515
0.00051361
0.000591977
0.000669551
0.000746309
0.000822202
0.000892055
0.000960789
0.00102801
0.0010933
0.00115626
0.00121075
0.00126228
0.00131026
0.00135402
0.00139293
0.00142083
0.00144328
0.00146004
0.00147086
0.00147544
0.00146861
0.00145506
0.00143453
0.00140697
0.00137248
0.00132795
0.00127708
0.00122003
0.00115698
0.00108819
0.00101251
0.000932041
0.000847294
0.00075873
0.000666745
0.000571978
0.000474549
0.000374923
0.000273596
0.00017104
6.94868e-05
-3.27219e-05
-0.000135356
-0.000238219
-0.00034112
-0.000440834
-0.000540482
-0.000640051
-0.000739641
-0.000839442
-0.000935766
-0.00103292
-0.00113111
-0.00123058
-0.00133162
-0.00143007
-0.00153088
-0.00163438
-0.00174086
-0.00184761
-0.00194739
-0.00204431
-0.00213772
-0.00222694
-0.0023113
-0.0023856
-0.00245364
-0.00251473
-0.00256818
-0.00261338
-0.0026462
-0.00266963
-0.00268312
-0.00268609
-0.00267799
-0.00265639
-0.00262277
-0.00257679
-0.00251815
-0.00244657
-0.00236206
-0.00226419
-0.00215284
-0.00202798
-0.00188962
-0.00174063
-0.00157841
-0.00140322
-0.00121537
-0.00101527
-0.000808655
-0.000590865
-0.000362532
-0.000124348
0.000122936
0.000371086
0.000626625
0.000888583
0.00115591
0.0014275
0.00169329
0.00196097
0.00222929
0.00249693
0.00276254
0.00301539
0.00326351
0.00350557
0.00374023
0.00396608
0.00417302
0.00436832
0.00455057
0.00471843
0.00487059
0.00499907
0.00510942
0.0052005
0.00527117
0.00532041
0.00534353
0.00534351
0.00531971
0.00527154
0.00519853
0.00510026
0.00497643
0.00482689
0.00465162
0.00445074
0.00422864
0.00398155
0.00370999
0.00341461
0.00309621
0.00276384
0.00241049
0.00203732
0.00164563
0.00123677
0.00082357
0.000396332
-4.31874e-05
-0.000493121
-0.000951521
-0.00140303
-0.00185898
-0.00231728
-0.00277578
-0.00323223
-0.00367049
-0.00410223
-0.00452524
-0.00493734
-0.00533634
-0.00570727
-0.00606076
-0.00639473
-0.0067072
-0.00699627
-0.00725016
-0.00747724
-0.00767594
-0.00784475
-0.00798228
-0.00808133
-0.00814683
-0.00817795
-0.00817397
-0.00813434
-0.00805755
-0.00794442
-0.00779485
-0.00760899
-0.00738717
-0.00713396
-0.00684595
-0.00652391
-0.00616879
-0.00578168
-0.00537274
-0.00493457
-0.00446882
-0.00397726
-0.00346177
-0.00293706
-0.00239251
-0.00183029
-0.00125274
-0.00066228
-7.6517e-05
0.00051717
0.00111626
0.00171822
0.00232044
0.0029045
0.00348365
0.00405534
0.00461701
0.00516615
0.00568552
0.0061876
0.00667013
0.00713093
0.00756789
0.00796684
0.00833806
0.00867982
0.00899051
0.00926867
0.00950473
0.00970579
0.00987084
0.00999901
0.0100896
0.0101385
0.0101489
0.0101206
0.0100537
0.00994817
0.0098058
0.00962558
0.00940809
0.00915409
0.0088645
0.00854648
0.0081951
0.00781164
0.00739746
0.00695406
0.0064931
0.00600634
0.00549565
0.00496302
0.00441049
0.00385291
0.00327958
0.00269266
0.00209438
0.00148707
0.000887268
0.000283137
-0.000323005
-0.00092887
-0.00153219
-0.00211653
-0.00269387
-0.00326204
-0.00381889
-0.00436229
-0.00487736
-0.00537499
-0.0058533
-0.00631049
-0.00674483
-0.00714431
-0.00751782
-0.00786398
-0.00818148
-0.00846911
-0.00871866
-0.00893622
-0.00912092
-0.00927205
-0.00938903
-0.00946816
-0.00951245
-0.00952173
-0.00949593
-0.00943511
-0.00934007
-0.00921039
-0.00904644
-0.00884876
-0.00861803
-0.00835949
-0.00806967
-0.00774958
-0.00740032
-0.00702306
-0.00662672
-0.00620491
-0.00575905
-0.00529071
-0.00480153
-0.00430348
-0.00378813
-0.00325734
-0.00271298
-0.00215699
-0.00160311
-0.00104154
-0.000474278
9.66483e-05
0.000669189
0.00122898
0.00178623
0.00233887
0.00288487
0.00342226
0.00393743
0.00444026
0.00492893
0.00540157
0.00585633
0.00628124
0.00668473
0.00706527
0.00742147
0.00775202
0.00804807
0.00831602
0.0085547
0.00876298
0.0089399
0.00908018
0.00918773
0.00926215
0.00930313
0.00931045
0.00928304
0.00922186
0.00912705
0.00899891
0.00883788
0.00864715
0.00842475
0.00817146
0.00788825
0.00757623
0.00724263
0.00688284
0.00649827
0.00609039
0.00566071
0.0052195
0.00475988
0.00428378
0.00379325
0.0032904
0.00278778
0.00227698
0.00176002
0.0012389
0.000715701
0.000203726
-0.000305964
-0.000811129
-0.00130955
-0.00179909
-0.00226701
-0.00272215
-0.00316276
-0.00358711
-0.00399354
-0.00437115
-0.00472757
-0.00506127
-0.00537086
-0.00565512
-0.00590617
-0.00612999
-0.00632585
-0.00649312
-0.00663127
-0.00673602
-0.00681088
-0.00685564
-0.00687027
-0.0068549
-0.00680925
-0.00673437
-0.00663086
-0.00649949
-0.00634114
-0.00615933
-0.00595245
-0.00572154
-0.00546773
-0.00519232
-0.00490201
-0.00459317
-0.00426749
-0.00392669
-0.00357241
-0.00321346
-0.00284422
-0.00246634
-0.00208158
-0.00169179
-0.00130708
-0.000921062
-0.000535456
-0.000151896
0.000228054
0.000594579
0.000954505
0.00130641
0.00164894
0.00198079
0.00229323
0.00259255
0.00287759
0.00314727
0.00340064
0.00363099
0.00384376
0.00403855
0.00421499
0.00437269
0.0045072
0.00462228
0.00471781
0.0047939
0.0048509
0.00488732
0.0049055
0.00490579
0.00488853
0.0048541
0.00480319
0.0047364
0.00465463
0.0045588
0.00444981
0.00433031
0.00419933
0.00405775
0.00390655
0.00374677
0.00358253
0.00341177
0.00323541
0.00305436
0.00286953
0.00268568
0.00249995
0.00231329
0.00212657
0.0019406
0.00176018
0.00158193
0.00140649
0.00123448
0.00106642
0.000906733
0.00075192
0.000602382
0.000458503
0.000320625
0.000192498
7.0807e-05
-4.43804e-05
-0.000153047
-0.000255172
-0.000347797
-0.000433768
-0.000513012
-0.000585373
-0.000650989
-0.000707818
-0.000758415
-0.000802956
-0.000841528
-0.000874193
-0.000899377
-0.000919076
-0.00093369
-0.000943683
-0.000949482
-0.000950225
-0.000947391
-0.00094121
-0.000931939
-0.000919866
-0.000904507
-0.000886905
-0.000867244
-0.000845665
-0.000822316
-0.000796982
-0.000770302
-0.00074248
-0.000713651
-0.000683857
-0.000653031
-0.000621206
-0.000588427
-0.000554804
-0.00052048
-0.000485864
-0.000450685
-0.000414921
-0.000378533
-0.000341531
-0.000304631
-0.000267332
-0.000229825
-0.000192283
-0.000154838
-0.000118483
-8.23656e-05
-4.66108e-05
-1.1383e-05
2.31249e-05
5.56655e-05
8.71676e-05
0.00011744
0.000146298
0.000173556
0.000197976
0.000220542
0.000241096
0.000259497
0.00027562
0.000288427
0.000298852
0.000306813
0.000312256
0.000315165
0.000314865
0.000312211
0.000307289
0.000300204
0.000291075
0.000279608
0.000266477
0.000251863
0.000235974
0.000219039
0.000201096
0.000182663
0.000163997
0.000145355
0.000126985
0.000109067
9.19206e-05
7.57623e-05
6.07949e-05
4.72006e-05
3.51324e-05
2.47284e-05
1.60881e-05
9.27994e-06
4.33919e-06
1.2679e-06
3.21118e-08
0
0
0
0
0
0
0
0
0
0
0
0
0
0
0
0
0
0
0
0
0
0
0
0
0
0
-0
-0
-0
-0
-0
-0
-0
-0
-0
-0
-0
-0
-0
-0
-0
-0
-0
-0
-0
-0
-0
-0
-0
-0
-0
-0
-0
0
0
0
0
0
0
0
0
0
0
0
0
0
0
0
0
0
0
0
0
0
0
0
0
0
0
0
0
0
0
0
0
0
0
0
0
0
0
0
0
0
0
0
0
0
0
0
0
0
0
0
0
0
0
0
0
0
0
0
0
0
0
0
0
0
0
0
0
0
0
0
0
0
0
0
0
0
0
0
0
0
0
0
0
0
0
0
0
0
0
0
0
0
0
0
0
0
0
0
0
0
0
0
0
0
0
0
0
0
0
0
0
0
0
0
0
0
0
0
0
0
0
0
0
0
0
0
0
0
0
0
0
0
0
0
0
0
0
0
0
0
0
0
0
0
0
0
0
0
0
0
0
0
0
0
0
0
0
0
0
0
0
0
0
0
0
0
0
0
0
0
0
0
0
0
0
0
0
0
0
0
0
0
0
0
0
0
0
0
0
0
0
0
0
0
0
0
0
0
0
0
0
0
0
0
0
0
0
0
0
0
0
0
0
0
0
0
0
0
0
0
0
0
0
0
0
0
0
0
0
0
0
0
0
0
0
0
0
0
0
0
0
0
0
0
0
-0
-0
-0
-0
-0
-0
-0
-0
-0
-0
-0
-0
-0
-0
-0
-0
-0
-0
-0
-0
-0
-0
-0
