0
0
-0
-0
-0
-0
-0
-0
-0
-0
-0
-0
-0
-0
-0
-0
-0
-0
-0
-0
-0
-0
-0
-0
-0
-0
-0
-0
-0
-0
-0
-0
-0
-0
-0
-0
-0
-0
-0
-0
-0
-0
-0
-0
-0
-0
-0
-0
-0
-0
0
0
0
0
0
0
0
0
0
0
0
0
0
0
0
0
0
0
0
0
0
0
0
0
0
0
0
0
0
0
0
0
0
0
0
0
0
0
0
0
0
0
0
0
0
0
0
0
0
-0
-0
-0
-0
-0
-0
-0
-0
-0
-0
-0
-0
-0
-0
-0
-0
-0
-0
-0
-0
-0
-0
-0
-0
-0
-0
-0
-0
-0
-0
-0
-0
-0
-0
-0
-0
-0
-0
-0
-0
-0
-0
-0
-0
-0
-0
0
0
0
0
0
0
0
0
0
0
0
0
0
0
0
0
0
0
0
0
0
0
0
0
0
0
0
0
0
0
0
0
0
0
0
0
0
0
0
0
0
0
0
0
0
0
0
0
0
0
0
-0
-0
-0
-0
-0
-0
-0
-0
-0
-0
-0
-0
-0
-0
-0
-0
-0
-0
-0
-0
-0
-0
-0
-0
-0
-0
-0
-0
-0
-0
-0
-0
-0
-0
-0
-0
-0
-0
-0
-0
-2.05979e-05
-8.72652e-05
-0.000204618
-0.000377816
-0.000612412
-0.00091416
-0.00128879
-0.00174177
-0.00227803
-0.00290169
-0.00361575
-0.00442184
-0.00531995
-0.00630817
-0.00738255
-0.0085369
-0.00976272
-0.011049
-0.0123822
-0.013746
-0.0151218
-0.0164881
-0.0178215
-0.0190963
-0.0202854
-0.0213599
-0.02229
-0.0230448
-0.0235933
-0.0239046
-0.0239486
-0.0236961
-0.0231195
-0.0221929
-0.0208929
-0.019199
-0.0170947
-0.0145681
-0.011612
-0.00822461
-0.0044089
-0.000172882
0.00447032
0.00950211
0.014898
0.0206275
0.0266543
0.0329366
0.0394278
0.0460765
0.0528276
0.0596214
0.0663953
0.0730834
0.0796181
0.0859307
0.0919518
0.0976119
0.102842
0.107574
0.111743
0.115286
0.118149
0.120279
0.121632
0.122171
0.121863
0.120682
0.118612
0.115644
0.111777
0.107021
0.101394
0.0949192
0.0876292
0.0795629
0.0707667
0.0612941
0.0512057
0.0405677
0.0294512
0.0179311
0.00608618
-0.00600171
-0.0182475
-0.0305638
-0.042862
-0.0550538
-0.0670516
-0.0787703
-0.0901583
-0.101174
-0.111761
-0.121864
-0.131435
-0.140427
-0.148797
-0.156507
-0.16352
-0.169804
-0.175331
-0.180075
-0.184018
-0.187148
-0.189457
-0.190945
-0.191613
-0.191469
-0.190523
-0.18879
-0.186287
-0.183035
-0.179058
-0.174384
-0.169045
-0.163073
-0.156505
-0.149379
-0.141733
-0.133608
-0.125043
-0.116081
-0.106762
-0.0971318
-0.0872332
-0.0771114
-0.0668116
-0.0563791
-0.0458593
-0.0352977
-0.0247394
-0.014229
-0.00380924
0.00647958
0.0165998
0.0265167
0.0361975
0.0456113
0.0547289
0.0635226
0.0719675
0.0800412
0.0877244
0.095
0.101853
0.108269
0.114235
0.119739
0.12477
0.129321
0.133387
0.136963
0.140049
0.142641
0.144737
0.146332
0.147422
0.148001
0.148066
0.147611
0.146635
0.145132
0.143101
0.140538
0.13744
0.133805
0.129632
0.124921
0.119672
0.113889
0.107577
0.10074
0.0933853
0.0855188
0.0771473
0.0682783
0.0589205
0.0490841
0.0387815
0.0280274
0.0168382
0.00523212
-0.00677115
-0.0191502
-0.0318819
-0.0449407
-0.0582988
-0.0719255
-0.0857869
-0.0998458
-0.114061
-0.128389
-0.14278
-0.157184
-0.171546
-0.185811
-0.199922
-0.213817
-0.227437
-0.240715
-0.253586
-0.265982
-0.277832
-0.289068
-0.29962
-0.309423
-0.31841
-0.326519
-0.333691
-0.339867
-0.344994
-0.34902
-0.3519
-0.353591
-0.354056
-0.353265
-0.351193
-0.34782
-0.343134
-0.337128
-0.329802
-0.32116
-0.311216
-0.29999
-0.287507
-0.2738
-0.258907
-0.24287
-0.225742
-0.207576
-0.188438
-0.168396
-0.147527
-0.125911
-0.103635
-0.0807897
-0.0574725
-0.0337848
-0.00983299
0.0142722
0.0384172
0.0624866
0.0863638
0.109931
0.133071
0.155664
0.177594
0.198744
0.219002
0.238259
0.256414
0.273366
0.289025
0.303305
0.316125
0.327415
0.337114
0.345168
0.351536
0.356182
0.359085
0.36023
0.359614
0.357244
0.35314
0.347328
0.339847
0.330747
0.320083
0.307925
0.294349
0.27944
0.263289
0.245993
0.227655
0.208382
0.188284
0.167478
0.146083
0.124219
0.102009
0.079574
0.0570347
0.0345101
0.0121174
-0.0100277
-0.0318127
-0.0531286
-0.0738722
-0.0939459
-0.113259
-0.131727
-0.149272
-0.165821
-0.181311
-0.195684
-0.208891
-0.220892
-0.231656
-0.241161
-0.249395
-0.256352
-0.262037
-0.266461
-0.269644
-0.271614
-0.272407
-0.272064
-0.270636
-0.268175
-0.264741
-0.2604
-0.255219
-0.249272
-0.242636
-0.23539
-0.227615
-0.219391
-0.2108
-0.201921
-0.192834
-0.183617
-0.17435
-0.165108
-0.155967
-0.146997
-0.138264
-0.129829
-0.121746
-0.114065
-0.106832
-0.100086
-0.0938636
-0.0881929
-0.0830963
-0.0785897
-0.0746823
-0.0713775
-0.0686729
-0.0665601
-0.0650251
-0.0640483
-0.0636048
-0.0636654
-0.0641973
-0.0651642
-0.0665264
-0.0682404
-0.0702586
-0.0725301
-0.0750014
-0.0776184
-0.0803271
-0.083074
-0.0858064
-0.0884717
-0.0910173
-0.0933911
-0.0955422
-0.0974223
-0.0989865
-0.100193
-0.101006
-0.10139
-0.101314
-0.100753
-0.099682
-0.0980835
-0.095943
-0.0932508
-0.0900017
-0.0861957
-0.081838
-0.076939
-0.0715141
-0.065583
-0.059169
-0.0522987
-0.0450021
-0.0373129
-0.0292697
-0.0209152
-0.012296
-0.00346143
0.00553755
0.0146488
0.0238191
0.0329943
0.0421189
0.0511366
0.0599905
0.0686243
0.0769822
0.0850089
0.0926507
0.099855
0.106572
0.112754
0.118358
0.123345
0.127678
0.131323
0.13425
0.13643
0.137843
0.13847
0.138299
0.137324
0.135542
0.132952
0.129558
0.125369
0.120398
0.114664
0.108192
0.101009
0.0931484
0.0846437
0.0755328
0.0658568
0.0556605
0.044992
0.0339019
0.0224428
0.0106682
-0.00136678
-0.0136055
-0.0259896
-0.0384599
-0.0509566
-0.0634205
-0.0757933
-0.0880175
-0.100036
-0.111794
-0.123235
-0.134306
-0.144959
-0.155144
-0.164818
-0.173938
-0.182464
-0.19036
-0.197591
-0.204128
-0.209945
-0.215022
-0.219339
-0.222883
-0.22564
-0.227603
-0.228766
-0.22913
-0.228698
-0.227479
-0.225484
-0.222728
-0.219229
-0.215008
-0.210088
-0.204496
-0.198261
-0.191414
-0.183988
-0.176019
-0.167547
-0.158612
-0.149255
-0.139521
-0.129453
-0.119095
-0.108492
-0.0976897
-0.0867361
-0.0756789
-0.0645659
-0.0534443
-0.0423605
-0.0313599
-0.0204874
-0.00978751
0.000695813
0.0109194
0.0208415
0.030422
0.0396232
0.0484092
0.0567467
0.0646048
0.071955
0.0787716
0.0850311
0.0907126
0.0957972
0.100268
0.104112
0.107318
0.109878
0.111786
0.113041
0.113644
0.113597
0.112905
0.111576
0.109619
0.107047
0.103876
0.100125
0.0958146
0.0909678
0.0856095
0.0797655
0.0734636
0.0667333
0.0596065
0.0521177
0.0443034
0.0362015
0.0278503
0.0192878
0.0105518
0.00168058
-0.00728646
-0.0163084
-0.0253435
-0.0343495
-0.0432853
-0.0521116
-0.0607901
-0.0692835
-0.0775549
-0.0855673
-0.0932841
-0.10067
-0.107692
-0.114318
-0.120519
-0.126267
-0.131535
-0.136297
-0.140533
-0.144222
-0.147351
-0.149904
-0.151873
-0.153247
-0.15402
-0.154185
-0.153743
-0.152694
-0.151045
-0.148804
-0.145982
-0.142592
-0.138649
-0.13417
-0.129174
-0.123686
-0.117729
-0.111333
-0.104528
-0.0973456
-0.0898219
-0.0819922
-0.0738929
-0.0655609
-0.057034
-0.0483516
-0.0395549
-0.030687
-0.0217919
-0.0129133
-0.00409379
0.00462539
0.0132037
0.0216007
0.0297752
0.0376859
0.0452925
0.0525567
0.0594428
0.0659179
0.071951
0.077513
0.0825761
0.0871145
0.0911051
0.0945282
0.0973672
0.0996088
0.101242
0.102261
0.10266
0.102444
0.101616
0.100181
0.0981453
0.0955164
0.0923054
0.0885266
0.0841983
0.079343
0.0739863
0.0681555
0.0618791
0.0551867
0.0481095
0.0406817
0.0329406
0.0249263
0.0166805
0.00824531
-0.000336774
-0.00902276
-0.0177684
-0.0265279
-0.0352541
-0.0438999
-0.0524187
-0.0607649
-0.0688939
-0.0767611
-0.0843215
-0.0915308
-0.0983461
-0.104727
-0.110637
-0.116042
-0.120911
-0.125213
-0.128919
-0.132002
-0.13444
-0.136213
-0.137307
-0.137713
-0.137423
-0.136432
-0.134741
-0.132351
-0.12927
-0.12551
-0.121087
-0.11602
-0.110332
-0.10404
-0.0971354
-0.0896572
-0.0816578
-0.073194
-0.0643262
-0.055118
-0.045635
-0.0359459
-0.0261212
-0.0162329
-0.00635325
0.00344665
0.0130973
0.0225314
0.0316838
0.040492
0.0488967
0.0568428
0.0642801
0.0711639
0.0774543
0.0831164
0.0881201
0.0924407
0.0960598
0.0989664
0.101157
0.102636
0.103413
0.103502
0.102923
0.101701
0.0998655
0.0974509
0.0944968
0.0910468
0.0871483
0.0828559
0.0782205
0.0732922
0.0681226
0.0627637
0.0572673
0.051684
0.0460625
0.0404493
0.0348891
0.0294241
0.0240941
0.0189359
0.0139823
0.00926259
0.00480183
0.000621202
-0.00326192
-0.00683376
-0.0100842
-0.0130071
-0.0156002
-0.0178648
-0.0198059
-0.0214317
-0.0227529
-0.0237831
-0.0245373
-0.0250328
-0.0252884
-0.025324
-0.025161
-0.0248206
-0.0243247
-0.0236948
-0.0229523
-0.0221179
-0.0212106
-0.0202483
-0.0192475
-0.018223
-0.0171881
-0.0161536
-0.0151287
-0.0141205
-0.0131343
-0.0121734
-0.0112384
-0.0103283
-0.00944047
-0.00857067
-0.0077137
-0.00685621
-0.00597174
-0.00506279
-0.00413466
-0.00319291
-0.00224241
-0.00128826
-0.000335525
0.000610733
0.0015453
0.00246332
0.00335994
0.00423054
0.00507083
0.00587686
0.00664482
0.00737119
0.00805269
0.00868625
0.00926948
0.00979954
0.0102743
0.0106921
0.0110514
0.011352
0.0115925
0.0117728
0.011893
0.0119537
0.0119568
0.0119025
0.0117921
0.0116274
0.0114105
0.0111452
0.0108327
0.0104761
0.0100785
0.00964302
0.0091748
0.00867581
0.00814983
0.0076008
0.00703268
0.00645099
0.00585806
0.00525781
0.00465418
0.00405118
0.00345404
0.00286529
0.0022885
0.00172698
0.0011839
0.000663041
0.000166797
-0.000301827
-0.000740067
-0.00114557
-0.00151663
-0.00185162
-0.00214933
-0.00240864
-0.00262849
-0.00280919
-0.00294883
-0.00304715
-0.00310435
-0.00312094
-0.00310005
-0.00304004
-0.00294184
-0.00280664
-0.00263599
-0.00243532
-0.00220323
-0.00194197
-0.00165371
-0.00134065
-0.00100948
-0.000658383
-0.000290247
9.1803e-05
0.000484577
0.000880248
0.00128066
0.00168299
0.00208442
0.00248198
0.00286807
0.00324416
0.00360733
0.00395487
0.00428425
0.0045895
0.00487175
0.00512864
0.0053579
0.00555751
0.00572388
0.00585749
0.00595714
0.00602178
0.00605045
0.00604277
0.00599793
0.00591585
0.00579675
0.00564106
0.00545231
0.00522822
0.00496962
0.00467756
0.00435344
0.00400447
0.00362704
0.00322321
0.00279513
0.00234503
0.00188304
0.00140394
0.000910453
0.000405435
-0.000108175
-0.000618191
-0.00113079
-0.00164288
-0.00215122
-0.00265256
-0.00313408
-0.00360224
-0.00405407
-0.00448671
-0.00489732
-0.00527444
-0.00562395
-0.00594322
-0.00622978
-0.00648146
-0.00668987
-0.0068598
-0.00698968
-0.0070781
-0.00712378
-0.00712242
-0.00707651
-0.00698561
-0.0068496
-0.00666861
-0.00644363
-0.00617464
-0.0058625
-0.00550835
-0.00511356
-0.00468435
-0.0042179
-0.00371622
-0.00318152
-0.00261625
-0.00203112
-0.0014209
-0.000788574
-0.000137288
0.000529648
0.00119832
0.00187553
0.00255756
0.00324064
0.00392108
0.00458399
0.00523727
0.00587754
0.00650137
0.00710528
0.00767525
0.00821858
0.00873226
0.0092136
0.0096602
0.0100616
0.010424
0.0107457
0.011025
0.0112604
0.011446
0.011586
0.0116803
0.0117287
0.0117317
0.0116885
0.0116013
0.0114713
0.0113003
0.01109
0.0108449
0.0105655
0.0102548
0.00991604
0.00955264
0.00917235
0.00877468
0.0083634
0.00794245
0.00751594
0.00709289
0.00667285
0.00626006
0.00585866
0.00547254
0.00510902
0.004768
0.00445289
0.00416701
0.00391351
0.00369613
0.00351633
0.00337597
0.0032765
0.00321897
0.00320152
0.0032273
0.00329642
0.00340846
0.00356239
0.00375038
0.00397647
0.0042381
0.00453236
0.00485599
0.00519687
0.0055595
0.00593945
0.00633184
0.0067315
0.0071243
0.00751344
0.00789318
0.00825757
0.00860044
0.00890939
0.00918437
0.00941936
0.00960852
0.00974624
0.00982649
0.00984472
0.00979599
0.0096757
0.00947966
0.00921155
0.00886094
0.00842529
0.00790263
0.00729154
0.0066079
0.00583499
0.00497347
0.00402479
0.00299112
0.001901
0.000732341
-0.000510536
-0.00182253
-0.00319776
-0.00459704
-0.00604577
-0.00753623
-0.0090601
-0.0106085
-0.0121363
-0.0136694
-0.0151975
-0.0167099
-0.0181958
-0.0196102
-0.020976
-0.022282
-0.0235171
-0.0246703
-0.0257044
-0.0266352
-0.0274527
-0.0281472
-0.0287095
-0.0291175
-0.0293763
-0.0294787
-0.0294182
-0.0291892
-0.0287907
-0.0282156
-0.027461
-0.0265252
-0.0254071
-0.0241291
-0.0226705
-0.0210341
-0.0192239
-0.0172448
-0.0151427
-0.0128848
-0.0104788
-0.00793378
-0.00525969
-0.00252167
0.000322526
0.00326022
0.00627795
0.00936154
0.0124338
0.0155419
0.0186704
0.0218033
0.0249245
0.0279543
0.0309398
0.0338646
0.0367122
0.0394667
0.0420564
0.0445222
0.0468498
0.0490255
0.0510363
0.0528289
0.0544327
0.0558374
0.0570336
0.0580131
0.0587485
0.0592545
0.0595267
0.059562
0.0593585
0.058919
0.0582409
0.0573263
0.0561786
0.0548025
0.053231
0.0514439
0.0494496
0.0472576
0.0448785
0.0423714
0.039701
0.0368804
0.0339234
0.0308446
0.0277219
0.0245083
0.0212198
0.0178726
0.0144829
0.0111366
0.00778034
0.00443007
0.00110167
-0.00218923
-0.00535911
-0.00846169
-0.0114828
-0.0144089
-0.0172267
-0.0198649
-0.0223711
-0.0247348
-0.0269467
-0.0289981
-0.030838
-0.032503
-0.0339873
-0.035286
-0.0363953
-0.037289
-0.0379889
-0.0384943
-0.0388053
-0.038923
-0.0388472
-0.0385831
-0.0381347
-0.0375068
-0.0367052
-0.0357544
-0.0346434
-0.03338
-0.0319724
-0.0304299
-0.0287968
-0.0270484
-0.025195
-0.0232468
-0.0212146
-0.0191553
-0.0170337
-0.0148609
-0.0126482
-0.0104067
-0.0081991
-0.00598401
-0.00377147
-0.00157127
0.000607035
0.00270277
0.00475862
0.00676632
0.00871817
0.010607
0.0123805
0.0140784
0.0156955
0.017227
0.0186687
0.0199809
0.0211968
0.0223139
0.0233301
0.0242437
0.0250297
0.0257116
0.0262893
0.0267635
0.0271352
0.0273948
0.0275549
0.0276172
0.0275838
0.0274572
0.0272421
0.0269398
0.0265536
0.0260874
0.0255449
0.0249434
0.0242738
0.0235403
0.0227471
0.0218988
0.0210219
0.0200989
0.0191345
0.0181332
0.0170996
0.0160664
0.0150089
0.0139311
0.0128367
0.0117295
0.0106453
0.00955604
0.00846515
0.00737593
0.00629143
0.00524703
0.00421323
0.00319314
0.00218995
0.00120682
0.000276979
-0.000627319
-0.00150375
-0.00235006
-0.00316392
-0.00391711
-0.00463297
-0.00530918
-0.00594362
-0.00653439
-0.00706055
-0.00753968
-0.00797016
-0.00835039
-0.00867899
-0.00894372
-0.00915495
-0.00931219
-0.00941505
-0.00946318
-0.00945418
-0.0093899
-0.00927037
-0.00909589
-0.00886703
-0.00859169
-0.0082634
-0.00788292
-0.00745109
-0.00696898
-0.0064538
-0.00589154
-0.00528424
-0.00463409
-0.00394338
-0.00323739
-0.0024957
-0.00172109
-0.000916624
-8.56655e-05
0.000740543
0.00158614
0.00244752
0.00332096
0.00420155
0.00505329
0.00590034
0.00673728
0.00755872
0.00835943
0.00910629
0.00982256
0.0105034
0.0111443
0.0117409
0.0122663
0.0127402
0.0131597
0.0135221
0.0138251
0.0140514
0.0142156
0.0143173
0.0143562
0.014333
0.0142416
0.0140901
0.0138801
0.0136135
0.013293
0.0129229
0.0125054
0.0120443
0.0115436
0.0110073
0.0104474
0.00986027
0.00925045
0.008623
0.00798311
0.00734776
0.00670937
0.00607254
0.00544159
0.00482064
0.00422673
0.00364965
0.0030929
0.00255969
0.00205287
0.00158691
0.00115084
0.000746286
0.000374494
3.63757e-05
-0.000258071
-0.000519024
-0.000746717
-0.000941715
-0.00110487
-0.00123096
-0.00132832
-0.00139847
-0.00144313
-0.00146423
-0.00146038
-0.00143777
-0.0013987
-0.00134551
-0.00128052
-0.00120457
-0.00112146
-0.00103323
-0.000941836
-0.000849097
-0.000756455
-0.000665749
-0.000578335
-0.000495377
-0.000417837
-0.000346623
-0.0002821
-0.000224634
-0.000174411
-0.000131439
-9.56935e-05
-6.66591e-05
-4.38883e-05
-2.68062e-05
-1.47287e-05
-6.90676e-06
-2.44044e-06
-4.45573e-07
-0
-0
0
0
0
0
0
0
0
0
0
0
0
0
0
0
0
0
0
0
0
0
0
0
0
0
0
0
0
0
0
0
0
0
0
0
0
0
0
0
0
0
0
0
0
0
0
0
0
0
0
0
0
0
0
0
0
0
0
0
0
0
0
0
0
0
0
0
0
0
0
0
0
0
0
0
0
0
0
0
0
0
0
0
0
0
0
0
0
-0
-0
-0
-0
-0
-0
-0
-0
-0
-0
-0
-0
-0
-0
-0
-0
-0
-0
-0
-0
-0
-0
-0
-0
-0
-0
-0
-0
-0
-0
-0
-0
-0
-0
-0
-0
-0
-0
-0
-0
-0
-0
0
0
0
0
0
0
0
0
0
0
0
0
0
0
0
0
0
0
0
0
0
0
0
0
0
0
0
0
0
0
0
0
0
0
0
0
0
0
0
0
0
0
0
0
0
0
0
0
0
0
0
-0
-0
-0
-0
-0
-0
-0
-0
-0
-0
-0
-0
-0
-0
-0
-0
-0
-0
-0
-0
-0
-0
-0
-0
-0
-0
-0
-0
-0
-0
-0
-0
-0
-0
-0
-0
-0
-0
-0
-0
-0
-0
-0
-0
-0
-0
-0
-0
-0
-0
-0
-0
-0
-0
