0
0
0
0
0
0
0
0
0
0
0
0
0
0
0
0
0
0
0
0
0
0
0
0
0
0
0
0
0
0
0
0
0
0
0
0
0
0
0
0
0
0
0
0
0
0
0
0
0
0
0
0
0
0
0
0
0
0
0
0
0
0
0
0
0
0
0
0
0
0
0
0
0
0
0
0
0
0
0
0
0
0
0
0
0
0
0
0
0
0
0
0
0
0
0
0
0
0
0
0
0
0
0
0
0
0
0
0
0
0
0
0
0
-1.01138e-06
-6.0298e-06
-1.53744e-05
-2.90656e-05
-4.69947e-05
-6.89203e-05
-9.44669e-05
-0.000123125
-0.000154253
-0.000187084
-0.000220729
-0.000254187
-0.000286357
-0.000316047
-0.000341993
-0.000362869
-0.000377307
-0.000383918
-0.000381304
-0.000368084
-0.000342913
-0.000304501
-0.000251639
-0.000183215
-9.82404e-05
4.13065e-06
0.000124581
0.000263611
0.000421519
0.000598386
0.00079406
0.00100815
0.00123999
0.00148869
0.00175307
0.0020317
0.00232287
0.00262465
0.00293486
0.00325107
0.00357065
0.0038908
0.00420851
0.00452065
0.00482394
0.00511504
0.00539051
0.0056469
0.00588073
0.00608859
0.0062671
0.00641301
0.0065232
0.00659474
0.0066249
0.00661122
0.00655151
0.00644392
0.00628692
0.00607939
0.00582057
0.00551015
0.00514824
0.00473539
0.0042726
0.00376132
0.00320344
0.0026013
0.00195768
0.00127574
0.000559086
-0.000188346
-0.000962252
-0.00175801
-0.00257073
-0.00339525
-0.00422623
-0.00505816
-0.0058854
-0.00670228
-0.00750307
-0.00828212
-0.00903384
-0.00975279
-0.0104337
-0.0110716
-0.0116618
-0.0121997
-0.0126815
-0.0131034
-0.013465
-0.0137692
-0.0140142
-0.0141986
-0.0143211
-0.0143806
-0.0143764
-0.0143081
-0.0141757
-0.0139794
-0.0137197
-0.0133974
-0.0130137
-0.01257
-0.0120682
-0.0115104
-0.0108989
-0.0102363
-0.00952557
-0.00876987
-0.00797258
-0.0071373
-0.00626781
-0.00536807
-0.00444217
-0.00349433
-0.00252886
-0.00155017
-0.000562688
0.000429092
0.00142068
0.00240758
0.00338534
0.00434954
0.00529583
0.00621994
0.00711771
0.00798509
0.00881818
0.00961323
0.0103667
0.0110752
0.0117356
0.0123449
0.0129006
0.0134001
0.0138414
0.0142227
0.0145424
0.0147992
0.0149922
0.0151209
0.0151849
0.0151842
0.0151191
0.0149903
0.0147985
0.0145451
0.0142314
0.0138592
0.0134305
0.0129474
0.0124124
0.0118281
0.0111974
0.0105233
0.00980908
0.00905799
0.00827354
0.00745932
0.006619
0.00575634
0.00487513
0.00397921
0.00307243
0.00215865
0.0012417
0.00032538
-0.000586557
-0.00149041
-0.00238257
-0.00325948
-0.00411771
-0.00495392
-0.00576489
-0.00654755
-0.00729895
-0.00801632
-0.00869706
-0.00933872
-0.0099391
-0.0104962
-0.0110081
-0.0114734
-0.0118906
-0.0122586
-0.0125765
-0.0128437
-0.0130598
-0.0132244
-0.0133377
-0.0133997
-0.0134109
-0.0133719
-0.0132833
-0.0131461
-0.0129614
-0.0127303
-0.0124542
-0.0121345
-0.011773
-0.0113713
-0.0109312
-0.0104548
-0.00994412
-0.00940124
-0.00882844
-0.00822802
-0.00760233
-0.00695379
-0.00628484
-0.00559795
-0.0048956
-0.00418028
-0.00345448
-0.00272067
-0.0019813
-0.0012388
-0.000495596
0.000245947
0.000983477
0.00171468
0.00243727
0.00314902
0.00384771
0.00453119
0.00519734
0.00584411
0.00646948
0.00707151
0.0076483
0.00819804
0.00871898
0.00920946
0.0096679
0.0100928
0.0104827
0.0108364
0.0111527
0.0114304
0.0116686
0.0118663
0.012023
0.0121379
0.0122105
0.0122405
0.0122277
0.0121719
0.0120732
0.0119318
0.0117479
0.011522
0.0112547
0.0109467
0.0105988
0.010212
0.00978749
0.00932645
0.00883032
0.00830064
0.00773912
0.00714759
0.00652804
0.00588262
0.00521359
0.00452336
0.00381447
0.00308957
0.00235142
0.00160288
0.000846875
8.63995e-05
-0.000675502
-0.00143575
-0.00219125
-0.0029389
-0.00367559
-0.00439826
-0.00510384
-0.00578934
-0.00645178
-0.00708827
-0.00769596
-0.0082721
-0.00881403
-0.00931919
-0.00978515
-0.0102096
-0.0105904
-0.0109255
-0.0112132
-0.0114518
-0.01164
-0.0117767
-0.0118608
-0.0118919
-0.0118694
-0.0117932
-0.0116635
-0.0114807
-0.0112453
-0.0109583
-0.0106208
-0.0102341
-0.00979997
-0.00932011
-0.00879658
-0.00823163
-0.00762768
-0.00698738
-0.00631354
-0.00560916
-0.0048774
-0.0041216
-0.00334524
-0.00255193
-0.00174543
-0.000929595
-0.000108356
0.000714272
0.00153424
0.00234746
0.00314989
0.00393748
0.00470627
0.00545238
0.00617206
0.00686167
0.00751779
0.00813715
0.00871672
0.00925367
0.00974547
0.0101898
0.0105847
0.0109283
0.0112193
0.0114565
0.011639
0.0117664
0.0118384
0.0118551
0.0118168
0.0117241
0.0115781
0.0113799
0.011131
0.0108332
0.0104885
0.010099
0.00966725
0.00919589
0.00868777
0.00814591
0.00757348
0.00697381
0.00635034
0.0057066
0.00504621
0.00437285
0.00369021
0.00300202
0.00231199
0.00162379
0.000941041
0.000267301
-0.00039398
-0.00103946
-0.00166593
-0.00227032
-0.00284973
-0.00340143
-0.00392289
-0.00441178
-0.00486597
-0.00528354
-0.00566283
-0.00600238
-0.006301
-0.00655771
-0.00677179
-0.00694278
-0.00707044
-0.0071548
-0.00719612
-0.00719488
-0.00715183
-0.00706792
-0.00694431
-0.00678238
-0.00658371
-0.00635003
-0.00608329
-0.00578555
-0.00545904
-0.00510609
-0.00472916
-0.0043308
-0.00391363
-0.00348034
-0.00303366
-0.00257634
-0.00211116
-0.00164087
-0.00116823
-0.000695943
-0.000226662
0.000237022
0.000692596
0.00113764
0.00156985
0.00198702
0.0023871
0.00276814
0.00312838
0.00346618
0.00378007
0.00406877
0.00433113
0.00456622
0.00477325
0.00495163
0.00510094
0.00522095
0.00531161
0.00537301
0.00540546
0.0054094
0.00538544
0.00533435
0.00525704
0.00515456
0.00502808
0.0048789
0.00470841
0.00451812
0.00430959
0.00408449
0.00384454
0.00359149
0.00332715
0.00305336
0.00277195
0.00248479
0.00219372
0.00190057
0.00160713
0.00131518
0.00102642
0.000742529
0.000465089
0.000195625
-6.44209e-05
-0.000313697
-0.000550947
-0.000775011
-0.00098484
-0.00117949
-0.00135813
-0.00152005
-0.00166464
-0.00179143
-0.00190005
-0.00199027
-0.00206194
-0.00211506
-0.00214973
-0.00216616
-0.00216467
-0.00214568
-0.00210972
-0.0020574
-0.00198943
-0.0019066
-0.00180979
-0.00169993
-0.00157802
-0.00144512
-0.00130235
-0.00115082
-0.000991736
-0.000826274
-0.000655645
-0.000481062
-0.000303737
-0.000124869
5.43566e-05
0.000232781
0.000409272
0.000582735
0.000752116
0.000916409
0.00107466
0.00122596
0.00136948
0.00150445
0.00163015
0.00174597
0.00185135
0.0019458
0.00202894
0.00210045
0.0021601
0.00220773
0.00224328
0.00226676
0.00227824
0.0022779
0.00226596
0.00224273
0.00220858
0.00216393
0.00210928
0.00204517
0.00197222
0.00189107
0.00180243
0.00170703
0.00160566
0.00149913
0.00138829
0.00127399
0.00115711
0.00103854
0.000919144
0.000799811
0.000681396
0.000564735
0.000450639
0.000339881
0.000233199
0.000131285
3.47864e-05
-5.56987e-05
-0.000139623
-0.000216491
-0.000285861
-0.000347344
-0.000400608
-0.000445374
-0.00048142
-0.000508581
-0.00052675
-0.000535876
-0.00053597
-0.000527101
-0.000509398
-0.000483049
-0.000448299
-0.000405451
-0.000354861
-0.000296938
-0.000232137
-0.000160957
-8.39376e-05
-1.65227e-06
8.5295e-05
0.000176275
0.000270638
0.000367717
0.000466834
0.000567304
0.000668436
0.000769542
0.000869933
0.000968932
0.00106587
0.00116009
0.00125097
0.00133788
0.00142023
0.00149749
0.00156911
0.00163461
0.00169355
0.00174553
0.0017902
0.00182725
0.00185643
0.00187754
0.00189044
0.00189503
0.00189129
0.00187923
0.00185892
0.00183048
0.0017941
0.00175
0.00169844
0.00163975
0.00157428
0.00150244
0.00142465
0.0013414
0.00125317
0.0011605
0.00106393
0.000964037
0.000861408
0.000756642
0.000650344
0.000543127
0.000435605
0.000328389
0.000222083
0.000117282
1.45683e-05
-8.54925e-05
-0.000182354
-0.000275494
-0.000364414
-0.000448644
-0.000527748
-0.00060132
-0.000668994
-0.000730439
-0.000785366
-0.000833527
-0.000874716
-0.00090877
-0.000935571
-0.000955043
-0.000967155
-0.000971918
-0.000969385
-0.000959652
-0.000942853
-0.000919164
-0.000888797
-0.000852001
-0.00080906
-0.000760293
-0.00070605
-0.000646708
-0.000582676
-0.000514383
-0.000442285
-0.000366854
-0.000288579
-0.000207961
-0.000125511
-4.17465e-05
4.28143e-05
0.000127653
0.000212255
0.000296108
0.000378552
0.000458919
0.000536599
0.000611014
0.000681619
0.00074791
0.000809425
0.000865752
0.000916529
0.000961448
0.00100026
0.00103277
0.00105885
0.00107843
0.00109149
0.0010981
0.00109834
0.0010924
0.00108048
0.00106284
0.00103982
0.00101174
0.000979013
0.000942053
0.000901307
0.000857245
0.00081035
0.000761116
0.000710039
0.000657616
0.000604334
0.000550669
0.000497082
0.00044401
0.000391866
0.000341035
0.000291868
0.000244683
0.000199763
0.000157351
0.000117653
8.08348e-05
4.70242e-05
1.63102e-05
-1.12556e-05
-3.56579e-05
-5.69158e-05
-7.50808e-05
-9.02347e-05
-0.000102487
-0.000111972
-0.000118845
-0.000123283
-0.000125475
-0.000125625
-0.000123944
-0.000120652
-0.00011597
-0.000110118
-0.000103314
-9.57708e-05
-8.76929e-05
-7.92737e-05
-7.06945e-05
-6.21226e-05
-5.37094e-05
-4.55891e-05
-3.78784e-05
-3.06753e-05
-2.40587e-05
-1.80889e-05
-1.2807e-05
-8.23636e-06
-4.38254e-06
-1.2349e-06
1.23233e-06
3.05858e-06
4.29528e-06
5.00408e-06
5.25501e-06
5.12449e-06
4.69337e-06
4.04491e-06
3.26278e-06
2.42907e-06
1.62245e-06
9.16224e-07
3.76706e-07
6.15477e-08
0
0
0
0
0
0
0
0
0
0
0
0
0
0
0
0
0
0
0
0
0
0
0
0
0
0
0
0
0
0
0
0
0
0
0
0
0
0
0
0
0
0
0
0
0
0
0
0
0
0
0
0
0
0
0
0
0
0
0
0
0
0
0
0
0
0
0
0
0
0
0
0
0
0
0
0
0
0
0
0
0
0
0
0
0
0
0
0
0
0
0
0
0
0
0
0
0
0
0
0
0
0
0
-5.10241e-08
-3.08156e-07
-7.39324e-07
-1.29044e-06
-1.90176e-06
-2.50884e-06
-3.04369e-06
-3.43583e-06
-3.61345e-06
-3.50461e-06
-3.03834e-06
-2.14596e-06
-7.6218e-07
1.17366e-06
3.7164e-06
6.91404e-06
1.08066e-05
1.54252e-05
2.07913e-05
2.69158e-05
3.37988e-05
4.14291e-05
4.97839e-05
5.8829e-05
6.85189e-05
7.87969e-05
8.95957e-05
0.000100838
0.000112436
0.000124294
0.000136306
0.000148361
0.00016034
0.000172116
0.00018356
0.000194539
0.000204914
0.00021455
0.000223309
0.000231057
0.000237664
0.000243004
0.000246962
0.000249432
0.000250316
0.000249533
0.000247015
0.000242708
0.000236575
0.000228595
0.000218765
0.0002071
0.00019363
0.000178403
0.000161481
0.000142949
0.000122901
0.00010145
7.87241e-05
5.48605e-05
3.00164e-05
4.35855e-06
-2.19344e-05
-4.86736e-05
-7.56639e-05
-0.000102697
-0.000129563
-0.000156046
-0.000181928
-0.000206998
-0.000231037
-0.000253837
-0.000275196
-0.00029492
-0.000312829
-0.000328752
-0.000342534
-0.000354038
-0.000363144
-0.000369752
-0.00037378
-0.000375169
-0.000373882
-0.000369903
-0.000363241
-0.000353926
-0.000342012
-0.000327574
-0.00031071
-0.000291536
-0.000270236
-0.000247059
-0.000222135
-0.000195596
-0.000167581
-0.000138242
-0.000107733
-7.62135e-05
-4.3847e-05
-1.07933e-05
2.27728e-05
5.66818e-05
9.07642e-05
0.000124851
0.000158784
0.000192391
0.000225513
0.000257996
0.000289693
0.000320472
0.000350193
0.000378735
0.000405986
0.000431846
0.000456234
0.000479064
0.000500274
0.00051981
0.000537632
0.000553717
0.000568046
0.000580614
0.00059143
0.000600513
0.000607891
0.000613607
0.000617711
0.000620263
0.000621331
0.000620984
0.000619314
0.000616411
0.000612371
0.000607291
0.000601256
0.000594389
0.000586793
0.000578574
0.000569835
0.000560645
0.000551133
0.000541396
0.000531524
0.000521604
0.000511676
0.000501861
0.000492232
0.000482859
0.000473802
0.000465067
0.000456757
0.000448916
0.00044158
0.000434777
0.000428472
0.00042273
0.000417555
0.000412939
0.000408865
0.000405256
0.00040213
0.000399443
0.000397147
0.000395186
0.00039347
0.000391967
0.000390608
0.000389327
0.000388054
0.000386721
0.000385256
0.000383589
0.000381652
0.000379377
0.000376749
0.00037365
0.000370019
0.000365792
0.000360913
0.000355433
0.000349193
0.000342147
0.000334253
0.000325478
0.000315966
0.000305529
0.000294158
0.000281856
0.000268632
0.000254732
0.000239963
0.000224366
0.000207992
0.000190899
0.000173414
0.000155356
0.000136806
0.000117855
9.86013e-05
7.94099e-05
6.01291e-05
4.08743e-05
2.1767e-05
2.93434e-06
-1.52722e-05
-3.29363e-05
-4.99183e-05
-6.6075e-05
-8.12602e-05
-9.52008e-05
-0.000107876
-0.000119139
-0.000128845
-0.000136854
-0.000143048
-0.000147277
-0.000149415
-0.000149348
-0.000146967
-0.000142384
-0.000135303
-0.000125648
-0.000113357
-9.838e-05
-8.11071e-05
-6.10931e-05
-3.83339e-05
-1.28428e-05
1.53492e-05
4.55558e-05
7.83451e-05
0.000113629
0.000151298
0.000191222
0.000232443
0.0002756
0.000320504
0.000366947
0.0004147
0.000462622
0.000511354
0.000560623
0.000610144
0.000659618
0.000707867
0.000755448
0.000802041
0.000847319
0.000890951
0.000931903
0.000970545
0.00100655
0.00103958
0.00106933
0.00109511
0.00111698
0.00113466
0.00114787
0.00115636
0.00115997
0.0011584
0.00115147
0.00113899
0.00112083
0.00109753
0.00106835
0.00103325
0.000992194
0.000945208
0.000893592
0.000836169
0.000773057
0.000704407
0.000630409
0.000553093
0.000470916
0.000384177
0.000293211
0.000198395
0.000102341
3.28687e-06
-9.82922e-05
-0.000201889
-0.000306967
-0.000410599
-0.000514566
-0.000618268
-0.000721087
-0.00082239
-0.000919327
-0.00101347
-0.00110417
-0.0011908
-0.00127272
-0.00134759
-0.00141654
-0.00147895
-0.00153427
-0.00158195
-0.0016206
-0.00165061
-0.00167152
-0.0016829
-0.0016844
-0.00167591
-0.00165689
-0.00162712
-0.00158639
-0.00153458
-0.00147313
-0.00140051
-0.00131677
-0.00122201
-0.00111642
-0.00100303
-0.000879369
-0.000745819
-0.000602829
-0.000450915
-0.0002945
-0.000130377
4.07595e-05
0.000218158
0.00040101
0.000583933
0.000770568
0.000959987
0.00115122
0.00134328
0.00153044
0.00171637
0.0019
0.00208029
0.00225616
0.0024223
0.00258189
0.00273389
0.00287727
0.00301103
0.00313102
0.00323946
0.00333547
0.00341821
0.00348687
0.00353919
0.00357605
0.00359686
0.00360113
0.00358841
0.00355882
0.00351166
0.00344676
0.00336407
0.0032636
0.00314808
0.00301513
0.00286508
0.00269835
0.00251543
0.00232153
0.00211276
0.0018899
0.00165382
0.0014055
0.00115212
0.000888637
0.00061624
0.000336179
4.97673e-05
-0.000234594
-0.000522541
-0.000812641
-0.00110342
-0.00139339
-0.00167395
-0.00195069
-0.00222213
-0.00248679
-0.0027432
-0.00298365
-0.00321305
-0.00343006
-0.00363339
-0.00382181
-0.00398956
-0.00414016
-0.00427263
-0.00438606
-0.00447962
-0.00455028
-0.00459972
-0.00462746
-0.00463307
-0.00461627
-0.00457726
-0.00451562
-0.0044314
-0.00432481
-0.00419613
-0.00404892
-0.0038806
-0.00369183
-0.00348338
-0.00325613
-0.00301661
-0.00276036
-0.00248853
-0.00220239
-0.00190328
-0.00159996
-0.00128653
-0.000964494
-0.000635412
-0.00030088
2.91213e-05
0.000361331
0.000694124
0.00102587
0.00135496
0.00167139
0.00198202
0.00228533
0.00257987
0.00286421
0.00312954
0.00338206
0.00362057
0.00384395
0.00405117
0.00423558
0.00440202
0.00454975
0.00467809
0.00478649
0.00487118
0.0049351
0.00497799
0.0049997
0.00500017
0.00497886
0.00493648
0.00487329
0.00478961
0.00468587
0.00456474
0.00442467
0.00426633
0.00409047
0.00389794
0.00369425
0.00347574
0.00324341
0.00299832
0.00274158
0.00248088
0.00221084
0.00193263
0.00164748
0.00135661
0.001069
0.000778127
0.000485201
0.000191438
-0.000101955
-0.000385644
-0.000666624
-0.000943771
-0.00121599
-0.0014822
-0.00173365
-0.0019771
-0.00221162
-0.00243634
-0.00265042
-0.00284648
-0.00303043
-0.00320163
-0.00335949
-0.00350349
-0.00362828
-0.00373836
-0.00383341
-0.00391315
-0.0039774
-0.00402322
-0.00405332
-0.00406766
-0.00406627
-0.00404924
-0.00401625
-0.00396795
-0.00390457
-0.00382641
-0.0037338
-0.00362899
-0.00351053
-0.00337891
-0.00323463
-0.00307824
-0.0029143
-0.00273944
-0.0025543
-0.00235956
-0.00215591
-0.00194979
-0.00173621
-0.0015159
-0.00128962
-0.00105814
-0.000829261
-0.000596746
-0.00036138
-0.000123955
0.000114734
0.000346214
0.000577384
0.000807473
0.00103571
0.00126134
0.0014759
0.00168637
0.00189203
0.0020922
0.00228617
0.00246626
0.00263886
0.00280337
0.00295918
0.00310573
0.00323674
0.00335742
0.00346729
0.00356591
0.00365284
0.00372384
0.00378243
0.00382831
0.00386121
0.00388092
0.00388569
0.00387697
0.00385469
0.00381882
0.00376936
0.00370735
0.00363193
0.00354325
0.00344151
0.00332695
0.00320337
0.00306758
0.00291996
0.00276093
0.00259096
0.00241636
0.00223189
0.00203816
0.0018358
0.00162552
0.00141567
0.0011994
0.000977536
0.000750904
0.000520382
0.000295564
6.86511e-05
-0.000159449
-0.000387813
-0.00061551
-0.00083269
-0.00104737
-0.00125866
-0.00146566
-0.0016675
-0.00185511
-0.00203588
-0.00220901
-0.00237372
-0.00252926
-0.00266832
-0.00279682
-0.00291413
-0.00301967
-0.00311288
-0.00318906
-0.00325199
-0.00330129
-0.00333664
-0.00335779
-0.00336323
-0.00335415
-0.00333049
-0.00329225
-0.00323951
-0.00317421
-0.00309474
-0.00300137
-0.00289444
-0.00277432
-0.00264626
-0.00250598
-0.00235405
-0.00219109
-0.00201778
-0.00184209
-0.00165754
-0.00146494
-0.00126514
-0.00105902
-0.000856422
-0.00064935
-0.000438748
-0.000225578
-1.08139e-05
0.000194998
0.000400476
0.000604681
0.000806677
0.00100554
0.00119122
0.001372
0.00154706
0.00171559
0.00187682
0.00202233
0.00215911
0.00228653
0.00240398
0.0025109
0.00260148
0.00268058
0.00274783
0.00280291
0.00284554
0.00287312
0.00288793
0.00288988
0.00287898
0.00285529
0.00281972
0.00277168
0.00271143
0.0026393
0.00255565
0.0024647
0.00236312
0.00225051
0.00212718
0.00199399
0.00185812
0.00171424
0.00156335
0.0014065
0.00124478
0.00108707
0.000926592
0.000764421
0.000601645
0.000439337
0.000286729
0.000136487
-1.04448e-05
-0.000153166
-0.000290823
-0.000415152
-0.000533103
-0.000644054
-0.00074745
-0.000842808
-0.000923836
-0.000996305
-0.00106
-0.00111477
-0.00116056
-0.00119356
-0.00121783
-0.00123353
-0.00124089
-0.00124021
-0.00123017
-0.00121291
-0.0011889
-0.00115862
-0.0011226
-0.00108159
-0.00103597
-0.000986335
-0.000933303
-0.000877481
-0.000820947
-0.000762731
-0.000703416
-0.000643566
-0.000583726
-0.000526512
-0.000470126
-0.000415008
-0.000361564
-0.000310163
-0.000263288
-0.00021885
-0.000177088
-0.000138199
-0.000102341
-7.14199e-05
-4.35011e-05
-1.86185e-05
3.23027e-06
2.20819e-05
3.67704e-05
4.8814e-05
5.83371e-05
6.54867e-05
7.04296e-05
7.26613e-05
7.31929e-05
7.22241e-05
6.99595e-05
6.6605e-05
6.20832e-05
5.69452e-05
5.13782e-05
4.55597e-05
3.9655e-05
3.37517e-05
2.80723e-05
2.27332e-05
1.78328e-05
1.34513e-05
9.65175e-06
6.47225e-06
3.93562e-06
2.0457e-06
7.87848e-07
1.29953e-07
0
0
0
0
0
0
0
0
0
0
0
0
0
0
0
0
0
0
0
0
0
0
0
0
0
0
0
0
0
0
0
0
0
0
0
0
0
0
0
0
0
0
0
0
0
0
0
0
0
0
0
0
0
0
0
0
0
0
0
0
0
0
0
0
0
0
0
0
0
0
0
0
0
0
0
0
0
0
0
0
0
0
0
0
0
0
0
0
0
0
0
0
0
0
0
0
0
0
0
0
0
0
0
0
0
0
0
0
0
0
0
0
0
