-0
-0
-0
-0
-0
-0
-0
-0
-0
-0
-0
-0
-0
-0
-0
-0
-0
-0
-0
-0
-0
-0
-0
-0
-0
-0
-0
-0
-0
0
0
0
0
0
0
0
0
0
0
0
0
0
0
0
0
0
0
0
0
0
0
0
0
0
0
0
0
0
0
0
0
0
0
0
0
0
0
0
0
0
0
0
0
0
0
0
0
0
0
0
0
0
0
0
-0
-0
-0
-0
-0
-0
-0
-0
-0
-0
-0
-0
-0
-0
-0
-0
-0
-0
-0
-0
-0
-0
-0
-0
-0
-0
-0
-0
-0
-0
-0
-0
-0
-0
-0
-0
-0
-0
-0
-0
-0
-0
-0
-0
-0
-0
-0
-0
-0
-0
-0
-0
-0
-0
-0
-0
-0
-0
-0
-0
-0
-0
-0
-0
-0
-0
-0
-0
-0
-0
-0
-0
-0
-0
-0
-0
-0
-0
0
0
0
0
0
0
0
0
0
0
0
0
0
0
0
0
0
0
0
0
0
0
0
0
0
0
0
0
0
0
0
0
0
0
0
0
0
0
0
0
0
0
0
0
0
0
0
0
0
-0
-0
-0
-0
-0
-0
-0
-0
-0
-0
-0
-0
-0
-0
-0
-0
-0
-0
-0
-0
-0
-0
-0
-0
-0
-0
-0
-0
-0
-0
-0
-0
-0
-0
-0
-0
-0
-0
-0
-0
-0
-0
-0
-0
-0
-0
-0
0
0
0
0
0
0
0
0
0
0
0
0
0
0
0
0
0
0
0
0
0
0
0
0
0
0
0
0
0
0
0
0
0
0
0
0
0
0
0
0
0
0
0
0
0
0
0
0
0
-0
-0
-0
-0
-0
-0
-0
-0
-0
-0
-0
-0
-0
-0
-0
-6.326e-07
-2.57269e-05
-9.05177e-05
-0.000198646
-0.000352932
-0.000555358
-0.000807051
-0.00110829
-0.00145848
-0.00185615
-0.00229891
-0.00278348
-0.0033057
-0.00386059
-0.00444247
-0.00504497
-0.00566105
-0.00628306
-0.00690276
-0.0075114
-0.00809979
-0.00865838
-0.00917732
-0.00964653
-0.0100558
-0.010395
-0.0106541
-0.0108236
-0.0108942
-0.0108569
-0.010703
-0.0104243
-0.0100132
-0.00946321
-0.00876901
-0.00792656
-0.00693279
-0.00578547
-0.00448317
-0.00302548
-0.00141332
0.000350809
0.00226285
0.0043173
0.00650728
0.00882456
0.0112592
0.0137997
0.0164326
0.0191436
0.0219171
0.0247374
0.0275873
0.0304484
0.0333002
0.0361209
0.038888
0.0415798
0.0441761
0.0466582
0.049008
0.0512064
0.0532333
0.055068
0.0566904
0.0580831
0.0592314
0.0601234
0.0607487
0.0610973
0.0611595
0.0609272
0.0603945
0.059559
0.0584216
0.056986
0.0552575
0.0532433
0.0509521
0.0483955
0.0455878
0.0425457
0.0392879
0.0358341
0.0322047
0.0284212
0.0245068
0.0204864
0.0163865
0.0122339
0.00805539
0.00387779
-0.00027984
-0.00440058
-0.00846722
-0.0124622
-0.0163679
-0.020167
-0.023843
-0.0273802
-0.0307635
-0.0339786
-0.0370123
-0.0398529
-0.0424901
-0.0449152
-0.0471202
-0.0490979
-0.0508414
-0.0523449
-0.0536045
-0.0546185
-0.0553875
-0.0559139
-0.0562006
-0.0562511
-0.0560687
-0.0556577
-0.0550242
-0.0541769
-0.0531268
-0.0518865
-0.0504693
-0.0488879
-0.0471546
-0.0452815
-0.0432812
-0.0411673
-0.0389547
-0.0366594
-0.0342977
-0.0318864
-0.0294422
-0.0269813
-0.02452
-0.0220738
-0.0196573
-0.0172838
-0.0149657
-0.0127147
-0.0105428
-0.00846193
-0.00648401
-0.00461985
-0.00287824
-0.00126546
0.0002143
0.00155802
0.00276273
0.00382501
0.00474136
0.00550923
0.00612802
0.00659961
0.00692794
0.00711802
0.00717502
0.00710397
0.00691005
0.00659936
0.00617948
0.00565937
0.00504892
0.00435833
0.0035978
0.00277776
0.00190914
0.00100347
7.23984e-05
-0.000873051
-0.00182299
-0.00276852
-0.00370088
-0.0046104
-0.00548606
-0.00631609
-0.00708935
-0.00779684
-0.00843239
-0.00899201
-0.00947238
-0.00986927
-0.0101769
-0.0103888
-0.0104988
-0.0105031
-0.0104008
-0.0101929
-0.00988154
-0.00946889
-0.00895654
-0.00834597
-0.00763928
-0.0068397
-0.00595157
-0.00498008
-0.00393098
-0.0028107
-0.00162666
-0.000387463
0.000897468
0.00221876
0.00356811
0.00493883
0.00632545
0.00772257
0.00912365
0.0105203
0.011903
0.0132621
0.0145894
0.015879
0.0171266
0.0183287
0.0194809
0.0205773
0.0216109
0.0225749
0.0234633
0.0242724
0.025
0.0256447
0.0262052
0.0266786
0.0270615
0.0273495
0.0275384
0.0276245
0.0276048
0.0274768
0.0272384
0.0268876
0.026423
0.0258436
0.0251491
0.0243395
0.0234141
0.0223718
0.0212106
0.0199283
0.0185233
0.0169951
0.0153449
0.0135745
0.0116853
0.00967752
0.00754998
0.00530101
0.00292993
0.000438474
-0.00216869
-0.00488462
-0.00770169
-0.0106132
-0.0136142
-0.0167012
-0.0198703
-0.023116
-0.0264296
-0.0297997
-0.0332133
-0.0366575
-0.0401206
-0.043592
-0.0470615
-0.0505179
-0.0539478
-0.0573352
-0.0606626
-0.0639114
-0.0670631
-0.0700996
-0.0730034
-0.075757
-0.0783428
-0.0807428
-0.0829391
-0.0849137
-0.0866484
-0.0881248
-0.0893241
-0.0902277
-0.0908183
-0.0910803
-0.0910009
-0.0905697
-0.0897778
-0.0886164
-0.0870758
-0.0851459
-0.0828175
-0.080084
-0.0769435
-0.0733992
-0.0694584
-0.0651303
-0.0604239
-0.0553469
-0.0499064
-0.0441113
-0.0379741
-0.0315136
-0.0247542
-0.0177249
-0.0104561
-0.00297748
0.00468286
0.0124979
0.0204393
0.0284754
0.0365694
0.0446797
0.0527619
0.0607713
0.0686654
0.0764051
0.0839538
0.0912756
0.098333
0.105085
0.111489
0.1175
0.123074
0.128172
0.132758
0.136805
0.140284
0.143172
0.145442
0.147068
0.148026
0.148294
0.147856
0.146701
0.144823
0.142225
0.138909
0.134882
0.130151
0.124725
0.118617
0.111843
0.104425
0.0963894
0.0877701
0.0786049
0.0689348
0.0588023
0.0482507
0.0373239
0.0260672
0.0145288
0.00276066
-0.00918135
-0.0212379
-0.0333476
-0.0454486
-0.0574797
-0.0693807
-0.0810932
-0.0925602
-0.103726
-0.114536
-0.124936
-0.134873
-0.144293
-0.153143
-0.16137
-0.168925
-0.17576
-0.181835
-0.187112
-0.191563
-0.195164
-0.197896
-0.199745
-0.200702
-0.200765
-0.199933
-0.198212
-0.195613
-0.192149
-0.187839
-0.182704
-0.176773
-0.170075
-0.162648
-0.154528
-0.145759
-0.136387
-0.12646
-0.116028
-0.105147
-0.0938722
-0.0822617
-0.0703747
-0.0582714
-0.0460125
-0.0336596
-0.0212744
-0.00891854
0.00334667
0.0154611
0.0273661
0.0390044
0.0503208
0.061262
0.0717771
0.0818177
0.0913382
0.100296
0.108653
0.116374
0.123426
0.129782
0.135418
0.140314
0.144455
0.14783
0.15043
0.152254
0.153301
0.153576
0.153089
0.151853
0.149884
0.147205
0.143839
0.139813
0.135159
0.129908
0.124097
0.117764
0.11095
0.103697
0.0960499
0.088054
0.079756
0.0712032
0.0624434
0.053525
0.0444966
0.0354064
0.0263027
0.0172328
0.00824299
-0.00062158
-0.00931751
-0.0178033
-0.0260394
-0.0339886
-0.0416159
-0.0488886
-0.0557763
-0.0622511
-0.0682878
-0.0738646
-0.0789624
-0.0835661
-0.0876633
-0.0912447
-0.094304
-0.0968375
-0.0988445
-0.100327
-0.10129
-0.101742
-0.101694
-0.101157
-0.100148
-0.0986841
-0.0967851
-0.094473
-0.0917714
-0.0887059
-0.0853028
-0.0815896
-0.0775946
-0.0733471
-0.0688771
-0.0642158
-0.0593944
-0.0544444
-0.0493969
-0.0442824
-0.0391309
-0.033972
-0.0288345
-0.0237464
-0.0187374
-0.0138344
-0.00905687
-0.00442338
4.84566e-05
0.00434206
0.00844202
0.0123342
0.0160059
0.0194452
0.0226417
0.0255853
0.0282672
0.0306796
0.0328161
0.0346723
0.0362452
0.0375333
0.0385363
0.0392545
0.0396891
0.0398423
0.0397175
0.0393197
0.0386552
0.037732
0.0365591
0.0351466
0.0335052
0.0316468
0.0295843
0.0273315
0.0249033
0.0223156
0.0195852
0.0167298
0.0137676
0.0107174
0.00759813
0.00442865
0.0012276
-0.00198646
-0.0051949
-0.0083788
-0.0115191
-0.0145968
-0.0175935
-0.0204921
-0.0232766
-0.0259323
-0.0284456
-0.0308033
-0.032993
-0.0350027
-0.0368217
-0.0384408
-0.0398528
-0.0410522
-0.042035
-0.0427989
-0.0433427
-0.0436666
-0.0437726
-0.0436641
-0.0433462
-0.0428247
-0.0421065
-0.0411993
-0.0401118
-0.0388543
-0.0374387
-0.0358786
-0.0341886
-0.032383
-0.0304761
-0.0284814
-0.0264125
-0.0242833
-0.0221087
-0.0199045
-0.0176869
-0.0154717
-0.0132737
-0.0111065
-0.00898255
-0.00691351
-0.00491045
-0.00298388
-0.00114342
0.000600786
0.00223908
0.00376363
0.00516782
0.00644613
0.00760702
0.0086351
0.0095292
0.0102894
0.010917
0.011423
0.0118007
0.0120532
0.0121853
0.0122029
0.0121169
0.0119317
0.0116556
0.0112971
0.010865
0.0103642
0.00980753
0.00920472
0.00856568
0.00790039
0.00720619
0.00650462
0.00580403
0.0051122
0.00443645
0.00376317
0.00311983
0.0025123
0.00194569
0.00142426
0.000924453
0.000476657
8.27655e-05
-0.000256098
-0.000539579
-0.000798473
-0.00100251
-0.00115343
-0.00125364
-0.0013061
-0.00134423
-0.00134104
-0.00130096
-0.00122888
-0.0011301
-0.00103548
-0.000924358
-0.00080224
-0.000674562
-0.000546656
-0.000440845
-0.000344471
-0.000262533
-0.000199928
-0.000161366
-0.000157552
-0.000185911
-0.000249988
-0.000352923
-0.000497463
-0.000680245
-0.000909164
-0.0011859
-0.00151189
-0.00188839
-0.00229882
-0.00276205
-0.00327847
-0.00384809
-0.0044706
-0.00511736
-0.00581659
-0.00656765
-0.00736991
-0.00822264
-0.00908854
-0.0100032
-0.0109651
-0.0119721
-0.0130223
-0.0140722
-0.0151613
-0.0162873
-0.0174472
-0.0186261
-0.0197672
-0.020905
-0.0220314
-0.0231381
-0.0242166
-0.0252198
-0.026177
-0.0270787
-0.0279155
-0.0286777
-0.0293286
-0.0298863
-0.030342
-0.030687
-0.0309129
-0.0310012
-0.0309552
-0.0307682
-0.0304341
-0.0299474
-0.0293129
-0.0285165
-0.0275545
-0.0264243
-0.0251242
-0.0236864
-0.0220788
-0.0203027
-0.0183608
-0.0162562
-0.0140475
-0.0116855
-0.00917664
-0.00652831
-0.00374914
-0.000920209
0.00201912
0.00505709
0.00818092
0.0113769
0.0145495
0.0177649
0.0210078
0.024262
0.027511
0.0306563
0.0337615
0.0368086
0.0397795
0.042656
0.0453499
0.0479141
0.0503312
0.0525842
0.054656
0.0564812
0.058093
0.0594768
0.0606191
0.0615073
0.0621109
0.0624389
0.0624822
0.0622328
0.0616843
0.0608473
0.0597027
0.0582485
0.0564845
0.0544118
0.0520849
0.0494569
0.0465343
0.0433258
0.039842
0.0361782
0.032264
0.028114
0.023744
0.0191716
0.0145227
0.00971104
0.00475818
-0.000313297
-0.00548011
-0.0106006
-0.0157684
-0.0209584
-0.0261448
-0.0313009
-0.0362854
-0.0411863
-0.0459772
-0.0506323
-0.0551263
-0.0593378
-0.0633396
-0.0671089
-0.0706238
-0.0738634
-0.0767422
-0.0793077
-0.0815428
-0.0834318
-0.0849608
-0.0860915
-0.0868409
-0.0872016
-0.087168
-0.0867365
-0.0859225
-0.0847084
-0.0830963
-0.0810902
-0.0786969
-0.075984
-0.0729034
-0.0694676
-0.065691
-0.0615897
-0.0572748
-0.0526721
-0.0478024
-0.0426884
-0.0373543
-0.0319423
-0.0263621
-0.0206413
-0.0148081
-0.00889128
-0.0030448
0.00282789
0.00869861
0.0145393
0.0203221
0.025901
0.031367
0.0366935
0.0418544
0.0468246
0.051483
0.0559049
0.0600696
0.063958
0.0675525
0.0707716
0.073667
0.0762266
0.07844
0.0802983
0.0817667
0.0828686
0.0836014
0.0839644
0.0839591
0.0835993
0.0828795
0.0818066
0.0803893
0.0786383
0.0766113
0.0742764
0.0716486
0.0687438
0.0655794
0.0622459
0.0586908
0.0549351
0.0510003
0.0469086
0.04277
0.0385186
0.0341765
0.029766
0.02531
0.020923
0.016535
0.0121674
0.00784045
0.00357361
-0.000529333
-0.0045351
-0.00842598
-0.012185
-0.0157962
-0.0191765
-0.0223825
-0.025404
-0.0282317
-0.0308578
-0.0332276
-0.0353827
-0.0373178
-0.039029
-0.0405137
-0.041747
-0.0427543
-0.0435384
-0.0441036
-0.044455
-0.0445958
-0.0445332
-0.0442729
-0.0438217
-0.0431882
-0.0423996
-0.0414506
-0.0403532
-0.0391188
-0.0377581
-0.0363107
-0.0347575
-0.0331098
-0.0313799
-0.0295809
-0.0277621
-0.0258988
-0.0240016
-0.0220804
-0.0201445
-0.0182412
-0.0163424
-0.0144575
-0.0125947
-0.0107615
-0.00899867
-0.00727794
-0.00560507
-0.00398558
-0.00242431
-0.000953549
0.000452979
0.00179391
0.00306831
0.00427514
0.00539123
0.00643741
0.00741329
0.00831967
0.00915855
0.009917
0.0106136
0.0112509
0.0118312
0.0123563
0.0128177
0.0132294
0.0135953
0.0139196
0.014207
0.014454
0.014672
0.0148638
0.0150322
0.0151796
0.0153026
0.0154104
0.0155058
0.0155917
0.0156704
0.0157382
0.015801
0.0158596
0.0159144
0.0159663
0.0160114
0.0160553
0.0160984
0.0161407
0.0161819
0.0162183
0.0162529
0.0162852
0.0163143
0.0163386
0.0163543
0.0163606
0.0163558
0.0163387
0.0163088
0.0162671
0.0162109
0.0161381
0.0160465
0.0159339
0.0158042
0.0156521
0.0154779
0.0152817
0.0150626
0.0148281
0.0145676
0.01428
0.0139653
0.0136244
0.0132711
0.012894
0.0124937
0.0120703
0.0116245
0.0111723
0.0107006
0.0102112
0.00970532
0.00918372
0.00866267
0.00812754
0.00758032
0.00702379
0.00646077
0.00590843
0.00535256
0.00479315
0.00423016
0.00366436
0.00311091
0.00255951
0.00201304
0.00147356
0.000941936
0.000428417
-7.74689e-05
-0.000575429
-0.00106441
-0.00154287
-0.00200217
-0.00244831
-0.00288079
-0.00329957
-0.00370469
-0.00409209
-0.00446577
-0.00482577
-0.00517234
-0.00550583
-0.00582477
-0.00613074
-0.00642325
-0.00670174
-0.00696594
-0.00721595
-0.00745269
-0.00767705
-0.00788947
-0.00808964
-0.00827709
-0.00844983
-0.00860676
-0.00874749
-0.00887232
-0.00898266
-0.00907799
-0.00915776
-0.00922055
-0.00926446
-0.00928862
-0.00929081
-0.00927038
-0.00922701
-0.00916026
-0.00907067
-0.00895553
-0.00881331
-0.00864254
-0.00844195
-0.00821299
-0.00795204
-0.007658
-0.00732986
-0.00696701
-0.00657383
-0.00614612
-0.0056842
-0.00518795
-0.00465667
-0.00409658
-0.00349982
-0.00286665
-0.00219842
-0.00149733
-0.000775959
-2.58514e-05
0.000751809
0.00155615
0.002386
0.00322619
0.00408719
0.00496582
0.00585891
0.00676364
0.00766194
0.00856669
0.00947487
0.0103831
0.011288
0.0121696
0.0130416
0.013899
0.0147319
0.015535
0.016287
0.0169991
0.0176669
0.0182872
0.0188573
0.0193612
0.0198093
0.0201982
0.0205248
0.0207867
0.0209735
0.021094
0.021148
0.0211356
0.021057
0.0209085
0.0206952
0.0204191
0.020083
0.0196898
0.0192438
0.0187466
0.0182014
0.0176121
0.0169834
0.016326
0.0156391
0.0149271
0.0141939
0.0134432
0.0126876
0.011923
0.0111546
0.0103878
0.00962726
0.00888681
0.00815895
0.00744644
0.00675219
0.00607944
0.00544138
0.00483042
0.00424888
0.00369837
0.00317996
0.00270308
0.00225916
0.00184879
0.00147232
0.00112969
0.000827158
0.000556552
0.00031688
0.00010704
-7.41801e-05
-0.000223512
-0.000347714
-0.000448518
-0.000527727
-0.000587123
-0.000625627
-0.000648104
-0.000656234
-0.000651759
-0.00063648
-0.00061081
-0.000578106
-0.000539951
-0.000497776
-0.00045288
-0.000405964
-0.00035874
-0.000312212
-0.000267277
-0.000224707
-0.000185073
-0.000148956
-0.000116711
-8.85631e-05
-6.46184e-05
-4.49027e-05
-2.92343e-05
-1.73879e-05
-9.03086e-06
-3.72548e-06
-9.36538e-07
-1.95862e-08
-0
-0
-0
0
0
0
0
0
0
0
0
0
0
0
0
0
0
0
0
0
0
0
0
0
0
0
0
0
0
0
0
0
0
0
0
0
0
0
0
0
0
0
0
0
0
0
0
0
0
0
0
0
0
0
0
0
0
0
0
0
0
0
0
0
0
0
0
0
0
0
0
0
0
0
0
0
0
0
0
0
0
0
0
0
0
0
0
0
0
0
0
0
0
0
0
0
0
0
0
0
0
0
0
0
0
0
0
0
0
0
0
0
0
0
0
0
0
0
0
0
0
0
0
0
0
0
0
0
0
0
0
0
0
0
0
0
0
0
0
0
0
0
0
0
0
0
0
0
0
0
0
0
0
0
0
0
0
0
0
0
0
0
0
0
0
0
0
0
0
0
0
0
0
0
0
0
0
0
0
0
0
0
0
0
0
0
0
0
0
0
0
0
0
0
0
0
0
0
0
0
0
0
0
0
0
0
0
0
0
0
0
0
0
0
0
0
0
0
0
0
0
0
0
0
0
0
0
0
0
0
0
0
0
0
0
0
0
0
0
0
0
0
0
0
0
0
0
0
0
0
0
0
0
0
0
0
0
0
0
0
0
0
0
0
0
0
0
0
0
0
0
0
0
0
0
0
0
0
0
0
0
0
0
0
0
0
0
0
0
0
0
0
0
0
0
0
0
0
0
0
0
0
0
-0
-0
-0
-0
-0
-0
-0
-0
-0
-0
-0
-0
-0
-0
-0
-0
-0
-0
-0
