0
0
0
0
0
0
0
0
0
0
0
0
0
0
0
0
0
0
0
0
0
0
0
0
0
0
0
0
0
0
0
0
0
0
0
0
0
0
0
0
0
0
0
0
0
0
0
0
0
0
0
0
0
0
0
0
0
0
0
0
0
0
0
0
0
0
0
0
0
0
0
0
0
0
0
0
0
0
0
0
0
0
0
0
0
0
0
0
0
0
0
0
0
0
0
0
0
0
0
0
0
0
0
0
0
0
0
0
0
0
0
0
0
7.967e-06
5.21076e-05
0.0001444
0.000294657
0.000511617
0.000802823
0.0011745
0.00163147
0.00217699
0.00281269
0.0035385
0.00435268
0.00525176
0.00623064
0.00728252
0.00839897
0.00956992
0.0107838
0.0120275
0.0132871
0.0145474
0.0157926
0.0170062
0.0181715
0.0192712
0.0202881
0.0212047
0.0220039
0.022669
0.0231841
0.023534
0.023705
0.0236847
0.0234624
0.023029
0.022377
0.0215009
0.0203971
0.0190643
0.0175036
0.0157185
0.0137148
0.0115006
0.00908569
0.00648215
0.00370396
0.00076712
-0.00231065
-0.00551031
-0.00881197
-0.0121951
-0.0156388
-0.019121
-0.0226189
-0.0261089
-0.0295667
-0.032968
-0.0362895
-0.0395086
-0.0426041
-0.0455554
-0.0483427
-0.0509466
-0.053349
-0.0555333
-0.0574856
-0.0591942
-0.0606504
-0.0618473
-0.0627799
-0.0634446
-0.0638391
-0.0639634
-0.0638197
-0.0634127
-0.0627498
-0.0618399
-0.0606934
-0.0593217
-0.0577367
-0.0559513
-0.0539797
-0.0518371
-0.04954
-0.0471057
-0.0445519
-0.0418963
-0.0391563
-0.0363493
-0.0334922
-0.0306082
-0.0277231
-0.0248484
-0.0219947
-0.0191721
-0.0163902
-0.0136577
-0.0109824
-0.00837055
-0.00582745
-0.00335706
-0.000962545
0.00135356
0.0035892
0.00574281
0.00781362
0.00980173
0.0117081
0.0135346
0.0152831
0.0169559
0.0185551
0.020083
0.0215423
0.0229368
0.0242709
0.0255502
0.0267806
0.0279682
0.0291189
0.0302378
0.0313294
0.0323977
0.0334462
0.0344782
0.0354972
0.0365068
0.0375106
0.0385122
0.0395146
0.0405203
0.0415306
0.0425461
0.0435664
0.0445903
0.0456163
0.0466424
0.0476664
0.0486863
0.0496994
0.0507024
0.0516909
0.0526592
0.0536003
0.0545063
0.0553687
0.0561787
0.0569277
0.0576068
0.0582065
0.0587168
0.0591275
0.0594277
0.0596068
0.0596543
0.0595596
0.059312
0.0589003
0.058313
0.0575388
0.0565673
0.0553888
0.0539947
0.052377
0.0505279
0.0484405
0.0461087
0.0435277
0.0406952
0.0376105
0.0342743
0.0306885
0.0268554
0.0227783
0.0184622
0.0139141
0.0091434
0.00416204
-0.00101637
-0.00637687
-0.0119033
-0.0175783
-0.0233828
-0.0292957
-0.0352944
-0.0413545
-0.0474506
-0.0535562
-0.0596441
-0.0656858
-0.0716519
-0.0775124
-0.0832368
-0.0887946
-0.0941555
-0.0992891
-0.104165
-0.108753
-0.113024
-0.116948
-0.120499
-0.123649
-0.126375
-0.128653
-0.13046
-0.131776
-0.132581
-0.13286
-0.132599
-0.131788
-0.13042
-0.12849
-0.125996
-0.122941
-0.119328
-0.115164
-0.110457
-0.105219
-0.099465
-0.0932123
-0.0864822
-0.0792998
-0.0716927
-0.0636916
-0.0553297
-0.0466428
-0.0376694
-0.0284511
-0.0190316
-0.00945665
0.000226761
0.00997122
0.0197288
0.0294511
0.0390889
0.048592
0.05791
0.0669923
0.0757889
0.0842509
0.0923306
0.0999815
0.107159
0.113821
0.119928
0.125442
0.13033
0.134562
0.138108
0.140943
0.143045
0.144394
0.144977
0.144784
0.143811
0.142057
0.139526
0.136225
0.132167
0.127366
0.121845
0.115628
0.108747
0.101236
0.0931349
0.0844884
0.0753428
0.0657475
0.0557546
0.0454184
0.0347959
0.0239471
0.0129343
0.00182151
-0.0093263
-0.0204447
-0.0314701
-0.0423405
-0.0529948
-0.0633731
-0.0734166
-0.0830682
-0.0922733
-0.10098
-0.10914
-0.116708
-0.123641
-0.129902
-0.135456
-0.140274
-0.144329
-0.147603
-0.150079
-0.151746
-0.152597
-0.152631
-0.151852
-0.150267
-0.147892
-0.144745
-0.140851
-0.136236
-0.130933
-0.124974
-0.118401
-0.111256
-0.103586
-0.0954407
-0.0868725
-0.0779361
-0.0686884
-0.0591884
-0.0494965
-0.0396745
-0.0297841
-0.0198872
-0.0100453
-0.00031985
0.00922836
0.0185393
0.0275548
0.0362193
0.0444803
0.0522886
0.0595984
0.0663664
0.0725521
0.078118
0.0830302
0.0872592
0.09078
0.0935728
0.0956227
0.0969198
0.0974591
0.0972404
0.0962682
0.094551
0.0921017
0.0889369
0.0850772
0.0805477
0.0753776
0.0696007
0.0632546
0.0563805
0.0490224
0.0412267
0.0330417
0.0245173
0.0157052
0.006658
-0.00257028
-0.0119248
-0.0213499
-0.0307891
-0.0401856
-0.0494828
-0.0586249
-0.0675576
-0.0762287
-0.0845885
-0.0925896
-0.100187
-0.107339
-0.114006
-0.120149
-0.125734
-0.13073
-0.135108
-0.138843
-0.141915
-0.144308
-0.14601
-0.147016
-0.147324
-0.146934
-0.145853
-0.144092
-0.141664
-0.138589
-0.134891
-0.130596
-0.125734
-0.120335
-0.114433
-0.108066
-0.101273
-0.0940944
-0.0865756
-0.0787614
-0.070698
-0.0624322
-0.0540109
-0.0454821
-0.0368939
-0.0282946
-0.0197318
-0.0112524
-0.00290208
0.00527459
0.0132342
0.020935
0.0283368
0.0354023
0.0420967
0.0483881
0.0542471
0.0596467
0.0645625
0.0689724
0.0728578
0.076203
0.0789961
0.0812281
0.0828931
0.0839883
0.0845137
0.0844727
0.0838721
0.0827217
0.0810344
0.0788258
0.0761138
0.0729189
0.0692636
0.0651729
0.0606735
0.0557941
0.0505649
0.0450176
0.0391853
0.0331026
0.0268047
0.0203275
0.013707
0.00697875
0.000178377
-0.00665871
-0.0134971
-0.0203017
-0.0270379
-0.0336721
-0.0401724
-0.0465078
-0.0526488
-0.0585671
-0.0642356
-0.0696287
-0.074723
-0.0794972
-0.0839323
-0.0880114
-0.0917196
-0.0950441
-0.0979742
-0.100502
-0.10262
-0.104327
-0.105621
-0.1065
-0.106968
-0.107028
-0.106686
-0.105952
-0.104836
-0.103351
-0.101511
-0.099329
-0.0968211
-0.0940042
-0.0908974
-0.0875214
-0.0838982
-0.0800504
-0.0759999
-0.0717688
-0.0673791
-0.0628536
-0.0582162
-0.0534919
-0.0487055
-0.0438818
-0.0390441
-0.034215
-0.0294161
-0.0246688
-0.0199941
-0.0154127
-0.0109443
-0.00660773
-0.00242049
0.00160072
0.00544006
0.00908251
0.0125141
0.0157225
0.0186971
0.021429
0.0239111
0.0261371
0.0281016
0.0298001
0.031229
0.0323863
0.0332716
0.0338864
0.0342336
0.0343169
0.034141
0.033711
0.0330328
0.0321135
0.0309613
0.0295857
0.0279972
0.026207
0.0242272
0.0220701
0.0197484
0.0172754
0.0146646
0.0119299
0.00908567
0.00614638
0.00312699
4.26184e-05
-0.00309164
-0.00626102
-0.00945124
-0.0126485
-0.0158393
-0.0190101
-0.0221468
-0.0252352
-0.0282614
-0.0312117
-0.0340738
-0.0368365
-0.0394891
-0.0420217
-0.0444245
-0.0466881
-0.0488035
-0.050763
-0.0525597
-0.0541879
-0.0556421
-0.0569175
-0.05801
-0.0589159
-0.0596333
-0.0601614
-0.0605005
-0.0606518
-0.0606163
-0.0603956
-0.0599916
-0.0594075
-0.058648
-0.0577188
-0.056627
-0.0553796
-0.053984
-0.0524476
-0.050779
-0.0489874
-0.047083
-0.0450764
-0.042978
-0.0407979
-0.0385461
-0.0362329
-0.0338696
-0.0314687
-0.0290426
-0.0266035
-0.0241625
-0.0217302
-0.0193167
-0.0169327
-0.0145896
-0.0122991
-0.0100722
-0.0079191
-0.00584885
-0.00386963
-0.00198952
-0.000216781
0.00144036
0.00297429
0.00437862
0.00564834
0.00677947
0.00776847
0.00861182
0.00930613
0.00984868
0.010238
0.0104743
0.0105587
0.0104933
0.0102799
0.00992019
0.0094164
0.00877157
0.00799022
0.00707827
0.00604253
0.00489005
0.00362774
0.00226253
0.000801766
-0.000746234
-0.00237203
-0.00406525
-0.0058151
-0.00761084
-0.00944198
-0.0112983
-0.0131696
-0.0150457
-0.0169162
-0.0187705
-0.0205984
-0.0223892
-0.0241329
-0.0258192
-0.0274385
-0.0289815
-0.0304398
-0.0318056
-0.0330715
-0.0342305
-0.0352761
-0.0362019
-0.0370023
-0.0376723
-0.0382081
-0.0386063
-0.0388644
-0.0389804
-0.038953
-0.0387816
-0.0384663
-0.0380079
-0.0373927
-0.0366184
-0.0356905
-0.0346158
-0.0334018
-0.0320572
-0.0305916
-0.0290152
-0.027339
-0.0255747
-0.0237347
-0.0218321
-0.0198802
-0.0178927
-0.0158832
-0.0138651
-0.0118518
-0.00985617
-0.00789111
-0.00596892
-0.00410124
-0.00229879
-0.000571345
0.00107208
0.0026231
0.00407393
0.00541752
0.00664786
0.00776029
0.00875153
0.00961955
0.0103634
0.0109829
0.0114789
0.0118532
0.0121092
0.012251
0.0122841
0.0122147
0.012049
0.011794
0.0114567
0.0110451
0.0105673
0.0100324
0.00944914
0.00882634
0.00817252
0.007496
0.00680501
0.00610773
0.00541212
0.00472571
0.00405533
0.00340701
0.00278609
0.00219728
0.00164483
0.00113246
0.000663221
0.000239397
-0.000137611
-0.000467212
-0.000749508
-0.000985161
-0.00117533
-0.00132167
-0.00142635
-0.00149201
-0.00152174
-0.00151895
-0.00148727
-0.0014305
-0.00135251
-0.00125729
-0.00114884
-0.00103111
-0.000907951
-0.000782977
-0.000659557
-0.000540759
-0.00042932
-0.000327618
-0.000237638
-0.000160947
-9.86744e-05
-5.15054e-05
-1.96807e-05
-3.00122e-06
0
0
0
0
0
0
0
0
0
0
0
0
0
0
0
0
0
0
0
0
0
0
0
0
0
0
0
0
0
0
0
0
0
0
0
0
0
0
0
0
0
0
0
0
0
0
0
0
0
0
0
0
0
0
0
0
0
0
0
0
0
0
0
0
0
0
0
0
0
0
0
0
0
0
0
0
0
0
0
0
0
0
0
0
0
0
0
0
0
0
0
0
0
0
0
0
0
0
0
0
0
0
0
-1.81894e-07
-1.5243e-06
-4.85663e-06
-1.098e-05
-2.06861e-05
-3.47402e-05
-5.3865e-05
-7.87261e-05
-0.000109917
-0.000147944
-0.000193209
-0.000245998
-0.00030647
-0.000374657
-0.000450462
-0.000533653
-0.000623859
-0.000720553
-0.000823058
-0.000930556
-0.00104211
-0.00115669
-0.00127317
-0.00139033
-0.00150685
-0.00162133
-0.00173226
-0.00183808
-0.00193723
-0.00202819
-0.00210953
-0.00217987
-0.00223795
-0.00228263
-0.00231284
-0.00232763
-0.00232615
-0.00230768
-0.00227163
-0.00221759
-0.00214538
-0.00205505
-0.00194691
-0.00182151
-0.00167967
-0.00152247
-0.00135131
-0.00116786
-0.000974018
-0.000771873
-0.000563559
-0.000351264
-0.000137267
7.59639e-05
0.000285673
0.000488871
0.000682401
0.000863145
0.00102819
0.00117485
0.00130069
0.00140321
0.00147984
0.00152782
0.00154439
0.00152713
0.00147402
0.00138352
0.00125451
0.00108605
0.000877442
0.00062807
0.000337528
5.80377e-06
-0.000366681
-0.000778778
-0.00122892
-0.00171516
-0.00223524
-0.00278677
-0.003367
-0.00397302
-0.00460166
-0.00524942
-0.00591248
-0.00658657
-0.00726717
-0.0079496
-0.00862916
-0.00930128
-0.00996327
-0.0106156
-0.0112553
-0.011879
-0.0124833
-0.013065
-0.013621
-0.0141486
-0.0146453
-0.0151085
-0.0155362
-0.0159261
-0.016276
-0.0165836
-0.0168468
-0.0170646
-0.017236
-0.0173602
-0.0174363
-0.0174632
-0.0174408
-0.0173687
-0.017247
-0.0170762
-0.0168566
-0.0165898
-0.0162773
-0.0159203
-0.0155206
-0.0150792
-0.0145985
-0.0140808
-0.0135281
-0.012943
-0.0123274
-0.0116844
-0.011017
-0.0103282
-0.00962126
-0.00889946
-0.00816675
-0.00742682
-0.00668318
-0.00593914
-0.00519797
-0.0044627
-0.00373667
-0.00302336
-0.00232637
-0.00164976
-0.000995953
-0.000367508
0.000233382
0.000804638
0.0013428
0.00184662
0.0023135
0.00274101
0.00312716
0.00346868
0.00376638
0.00401938
0.00422674
0.00438743
0.00449814
0.00456069
0.00457501
0.00454146
0.00446064
0.00433045
0.00415417
0.00393244
0.00366619
0.00335681
0.00300338
0.00261057
0.00218027
0.00171411
0.00121365
0.000678309
0.000112377
-0.000481667
-0.00110109
-0.0017432
-0.00240678
-0.00308836
-0.00378581
-0.00449687
-0.00521905
-0.00594944
-0.00668559
-0.00742502
-0.00816551
-0.00890499
-0.00963923
-0.0103682
-0.0110898
-0.0118018
-0.0125023
-0.0131853
-0.0138534
-0.0145051
-0.0151383
-0.0157513
-0.0163355
-0.0168958
-0.0174308
-0.0179392
-0.0184199
-0.0188632
-0.019276
-0.0196569
-0.0200049
-0.0203189
-0.020589
-0.0208235
-0.0210213
-0.0211813
-0.0213024
-0.0213748
-0.0214068
-0.0213977
-0.0213472
-0.0212546
-0.0211119
-0.0209259
-0.0206959
-0.0204215
-0.0201027
-0.019735
-0.0193222
-0.0188641
-0.0183604
-0.017811
-0.0172164
-0.0165768
-0.0158929
-0.0151655
-0.0143954
-0.0135894
-0.0127427
-0.0118567
-0.0109332
-0.00997409
-0.00899331
-0.00798115
-0.00693982
-0.0058717
-0.00477947
-0.00368334
-0.00256929
-0.00144078
-0.000301431
0.000844954
0.0019731
0.00310023
0.00422205
0.00533405
0.00643155
0.00748662
0.00851754
0.00951942
0.0104873
0.0114164
0.0122797
0.0130945
0.013856
0.0145593
0.0151995
0.0157543
0.0162362
0.0166406
0.0169632
0.0171998
0.017337
0.017381
0.0173286
0.0171769
0.0169235
0.0165668
0.0161043
0.0155348
0.0148573
0.0140714
0.0131901
0.012201
0.0111047
0.00990258
0.00859642
0.00721364
0.0057325
0.00415699
0.00249171
0.000741766
-0.00105217
-0.00291962
-0.00485439
-0.0068496
-0.00889759
-0.0109479
-0.0130339
-0.0151464
-0.0172763
-0.0194142
-0.0215064
-0.0235869
-0.0256451
-0.0276703
-0.0296515
-0.0315379
-0.0333591
-0.0351046
-0.0367637
-0.0383258
-0.03975
-0.0410557
-0.042233
-0.043273
-0.0441671
-0.044893
-0.0454584
-0.0458566
-0.0460815
-0.0461275
-0.045994
-0.0456735
-0.0451634
-0.0444623
-0.0435693
-0.0425089
-0.0412582
-0.0398198
-0.0381972
-0.0363951
-0.0344615
-0.0323604
-0.0300991
-0.0276861
-0.0251309
-0.0225009
-0.0197507
-0.0168927
-0.0139397
-0.0109052
-0.00786713
-0.00477621
-0.00164771
0.00150245
0.00465783
0.0077388
0.0107917
0.0138
0.0167471
0.0196164
0.0223384
0.0249501
0.027436
0.0297808
0.0319703
0.0339556
0.0357597
0.0373711
0.0387789
0.0399731
0.0409325
0.0416602
0.0421492
0.0423939
0.0423905
0.0421517
0.0416614
0.0409198
0.0399278
0.0386876
0.0372435
0.0355602
0.0336451
0.0315073
0.0291575
0.0266689
0.0239923
0.0211414
0.0181307
0.0149764
0.0117702
0.00845542
0.0050503
0.00157381
-0.00195465
-0.00543786
-0.00893322
-0.0124205
-0.0158795
-0.0192902
-0.0225638
-0.0257501
-0.0288299
-0.0317841
-0.0345938
-0.0371908
-0.0396091
-0.0418335
-0.0438505
-0.0456476
-0.047189
-0.0484881
-0.0495355
-0.0503234
-0.050846
-0.0511057
-0.0510938
-0.0508095
-0.0502533
-0.049427
-0.0483709
-0.0470537
-0.0454824
-0.043666
-0.0416146
-0.0394015
-0.0369766
-0.0343534
-0.0315469
-0.028574
-0.0255318
-0.0223602
-0.0190782
-0.0157054
-0.0122615
-0.00885087
-0.00540912
-0.00195671
0.00148542
0.00489616
0.00817652
0.0113841
0.0144988
0.0175016
0.020374
0.0230386
0.0255393
0.0278608
0.0299889
0.0319102
0.0335796
0.0350191
0.0362195
0.0371732
0.0378741
0.0383166
0.0384987
0.0384184
0.0380757
0.0374723
0.0366427
0.0355613
0.0342347
0.0326709
0.0308786
0.0289265
0.0267672
0.0244135
0.0218798
0.0191816
0.0164134
0.0135139
0.0105002
0.00739023
0.00420242
0.00104236
-0.00215678
-0.0053754
-0.00859409
-0.0117938
-0.0148731
-0.0178965
-0.0208458
-0.0237033
-0.0264516
-0.0290066
-0.0314206
-0.0336796
-0.0357702
-0.0376805
-0.0393557
-0.0408298
-0.0420946
-0.0431435
-0.0439711
-0.0445588
-0.0449184
-0.0450483
-0.0449486
-0.0446207
-0.0440835
-0.0433263
-0.0423553
-0.0411781
-0.0398032
-0.0382822
-0.0365829
-0.0347161
-0.0326938
-0.0305285
-0.0282958
-0.0259469
-0.0234958
-0.0209567
-0.0183443
-0.0157467
-0.0131049
-0.0104333
-0.00774669
-0.00505964
-0.00246129
0.000108522
0.00263603
0.00510816
0.00751263
0.00977202
0.0119416
0.0140111
0.0159709
0.0178119
0.0194761
0.0210063
0.0223969
0.0236432
0.0247413
0.0256591
0.0264234
0.0270325
0.027486
0.0277843
0.0279225
0.0279098
0.0277496
0.0274461
0.0270039
0.0264426
0.0257536
0.0249433
0.0240182
0.0229857
0.0218841
0.0206907
0.0194139
0.0180626
0.0166462
0.0152154
0.0137376
0.0122215
0.0106757
0.00910826
0.0075733
0.00603294
0.00449507
0.00296747
0.00145763
1.65283e-05
-0.00139332
-0.002766
-0.00409606
-0.00537851
-0.00657166
-0.00770861
-0.00878578
-0.0098001
-0.010749
-0.0116035
-0.0123894
-0.0131061
-0.0137535
-0.0143319
-0.0148259
-0.0152524
-0.0156122
-0.0159069
-0.0161381
-0.0163024
-0.0164078
-0.0164568
-0.0164524
-0.0163974
-0.016298
-0.0161543
-0.0159699
-0.0157483
-0.0154932
-0.0152171
-0.0149147
-0.0145895
-0.0142443
-0.0138823
-0.0135173
-0.0131413
-0.0127574
-0.0123683
-0.0119765
-0.0115949
-0.0112144
-0.0108364
-0.0104619
-0.0100922
-0.0097361
-0.00938659
-0.0090445
-0.00871059
-0.00838549
-0.00807455
-0.00777323
-0.00748158
-0.0071994
-0.00692609
-0.00666262
-0.00640619
-0.00615589
-0.00591103
-0.00567116
-0.00543589
-0.00520509
-0.00497824
-0.00475445
-0.00453261
-0.0043112
-0.00408961
-0.00386714
-0.00364326
-0.00341747
-0.00319052
-0.00296029
-0.00272601
-0.00248698
-0.00224274
-0.00199789
-0.00174757
-0.00149168
-0.0012299
-0.00096179
-0.000696254
-0.000423648
-0.000144027
0.000142239
0.000434575
0.000718085
0.00100643
0.00129909
0.00159555
0.00189525
0.00217908
0.00246484
0.00275179
0.00303915
0.00332605
0.00359037
0.00385212
0.00410847
0.00435699
0.00459595
0.0048023
0.0049959
0.00517511
0.00533825
0.0054837
0.00559147
0.00567943
0.00574696
0.00579362
0.00581893
0.00580915
0.00577702
0.00572198
0.00564368
0.00554217
0.00541216
0.00526018
0.00508688
0.00489276
0.00467819
0.00444605
0.0041948
0.00392588
0.00364109
0.00334244
0.00304157
0.00273013
0.00240975
0.00208208
0.00174908
0.0014282
0.00110608
0.000785228
0.000467875
0.000155897
-0.000131176
-0.000410777
-0.000681241
-0.00094069
-0.00118714
-0.00140086
-0.00159945
-0.0017818
-0.00194715
-0.00209489
-0.002209
-0.00230574
-0.00238468
-0.00244556
-0.00248836
-0.00250173
-0.0024988
-0.00248009
-0.00244615
-0.00239762
-0.00232805
-0.00224668
-0.0021548
-0.00205384
-0.00194527
-0.00182703
-0.00170457
-0.00157928
-0.00145253
-0.00132574
-0.00119937
-0.00107582
-0.000956251
-0.000841673
-0.000732935
-0.000631138
-0.000536451
-0.0004494
-0.000370376
-0.000299619
-0.000237805
-0.000184091
-0.000138324
-0.000100229
-6.94066e-05
-4.56007e-05
-2.7729e-05
-1.5089e-05
-6.88951e-06
-2.26806e-06
-3.1098e-07
0
0
0
0
0
0
0
0
0
0
0
0
0
0
0
0
0
0
0
0
0
0
0
0
0
0
0
0
0
0
0
0
0
0
0
0
0
0
0
0
0
0
0
0
0
0
0
0
0
0
0
0
0
0
0
0
0
0
0
0
0
0
0
0
0
0
0
0
0
0
0
0
0
0
0
0
0
0
0
0
0
0
0
0
0
0
0
0
0
0
0
0
0
0
0
0
0
0
0
0
0
0
0
0
0
0
0
0
0
0
0
0
0
