0
0
0
0
0
0
0
0
-0
-0
-0
-0
-0
-0
-0
-0
-0
-0
-0
-0
-0
-0
-0
-0
-0
-0
-0
-0
-0
-0
-0
-0
-0
-0
-0
-0
-0
-0
-0
-0
-0
-0
-0
-0
-0
-0
-0
-0
-0
-0
-0
-0
-0
0
0
0
0
0
0
0
0
0
0
0
0
0
0
0
0
0
0
0
0
0
0
0
0
0
0
0
0
0
0
0
0
0
0
0
0
0
0
0
0
0
0
0
0
0
0
0
0
0
0
0
0
0
0
0
0
0
0
0
0
0
0
0
0
0
0
0
0
0
0
0
0
0
0
0
0
0
0
0
0
-0
-0
-0
-0
-0
-0
-0
-0
-0
-0
-0
-0
-0
-0
-0
-0
-0
-0
-0
-0
-0
-0
-0
-0
-0
-0
-0
-0
-0
-0
-0
-0
-0
-0
-0
-0
-0
-0
-0
-0
-0
-0
-0
-0
-0
-0
-0
-0
-0
0
0
0
0
0
0
0
0
0
0
0
0
0
0
0
0
0
0
0
0
0
0
0
0
0
0
0
0
0
0
0
0
0
0
0
0
0
0
0
0
0
0
0
0
0
0
0
0
0
0
0
0
0
0
1.47006e-06
5.69266e-06
1.2147e-05
2.03131e-05
2.96579e-05
3.96218e-05
4.96041e-05
5.89484e-05
6.69228e-05
7.27024e-05
7.53575e-05
7.38529e-05
6.70539e-05
5.37302e-05
3.2547e-05
2.04725e-06
-3.93618e-05
-9.33984e-05
-0.000161867
-0.000246605
-0.000349449
-0.000472239
-0.000616864
-0.000785308
-0.000979644
-0.00120194
-0.00145413
-0.00173785
-0.0020544
-0.00240479
-0.00278983
-0.00321022
-0.00366654
-0.00415907
-0.00468765
-0.00525148
-0.00584918
-0.00647887
-0.00713835
-0.00782516
-0.00853651
-0.00926907
-0.0100188
-0.010781
-0.0115502
-0.0123207
-0.0130866
-0.0138417
-0.0145799
-0.0152946
-0.0159788
-0.0166254
-0.017227
-0.0177765
-0.0182668
-0.0186912
-0.0190427
-0.0193145
-0.0194999
-0.0195927
-0.0195872
-0.0194789
-0.0192635
-0.018938
-0.0184993
-0.0179452
-0.0172741
-0.0164851
-0.0155785
-0.0145554
-0.0134175
-0.0121676
-0.0108087
-0.00934521
-0.00778258
-0.00612758
-0.00438812
-0.00257286
-0.000690706
0.00124931
0.00323793
0.00526525
0.00732038
0.00939128
0.0114652
0.013529
0.0155703
0.0175773
0.0195388
0.0214439
0.0232897
0.0250729
0.0267849
0.0284173
0.029962
0.0314116
0.032759
0.0339974
0.0351198
0.0361193
0.0369895
0.0377248
0.0383209
0.0387743
0.0390822
0.0392416
0.0392493
0.039102
0.038797
0.0383328
0.0377094
0.0369281
0.0359912
0.0349011
0.0336603
0.0322714
0.0307371
0.0290611
0.0272479
0.025303
0.0232327
0.0210438
0.0187435
0.0163396
0.0138403
0.0112546
0.00859192
0.00586219
0.00307529
0.000241118
-0.00263055
-0.00552988
-0.00844689
-0.0113713
-0.0142923
-0.0171989
-0.0200798
-0.0229234
-0.0257185
-0.0284539
-0.0311186
-0.033702
-0.0361935
-0.038583
-0.0408604
-0.0430161
-0.0450409
-0.0469265
-0.0486651
-0.0502494
-0.0516725
-0.0529275
-0.054008
-0.0549081
-0.0556224
-0.0561469
-0.0564782
-0.0566142
-0.0565537
-0.0562962
-0.0558421
-0.0551929
-0.0543506
-0.0533182
-0.0520992
-0.0506974
-0.0491172
-0.0473634
-0.0454415
-0.0433582
-0.0411208
-0.038738
-0.036219
-0.0335736
-0.0308118
-0.0279442
-0.0249814
-0.0219345
-0.0188149
-0.0156342
-0.0124042
-0.00913742
-0.00584639
-0.00254423
0.000755738
0.00404009
0.00729556
0.0105092
0.0136685
0.0167611
0.0197755
0.0226999
0.0255232
0.0282346
0.0308237
0.0332806
0.0355957
0.0377604
0.0397665
0.0416068
0.0432752
0.0447664
0.0460762
0.0472012
0.0481387
0.0488869
0.0494449
0.0498125
0.0499908
0.0499817
0.049788
0.049413
0.0488605
0.0481348
0.0472407
0.0461834
0.0449687
0.043603
0.0420932
0.0404468
0.0386718
0.0367768
0.0347709
0.0326636
0.0304647
0.0281841
0.0258313
0.0234158
0.0209469
0.0184339
0.0158858
0.0133119
0.010721
0.00812178
0.00552237
0.00293047
0.000353358
-0.00220205
-0.00472907
-0.00722127
-0.00967253
-0.012077
-0.0144294
-0.0167247
-0.018958
-0.0211253
-0.0232224
-0.0252461
-0.0271933
-0.0290618
-0.03085
-0.0325565
-0.0341806
-0.0357212
-0.0371778
-0.0385496
-0.0398362
-0.0410372
-0.0421527
-0.0431829
-0.0441283
-0.0449898
-0.0457683
-0.0464648
-0.0470802
-0.0476154
-0.0480709
-0.048447
-0.0487437
-0.0489609
-0.049098
-0.0491547
-0.0491304
-0.0490245
-0.0488366
-0.0485663
-0.0482129
-0.0477759
-0.047254
-0.0466457
-0.0459491
-0.0451619
-0.044282
-0.0433074
-0.0422365
-0.0410677
-0.0397995
-0.0384308
-0.0369604
-0.0353874
-0.0337111
-0.031931
-0.030047
-0.0280592
-0.0259678
-0.0237738
-0.0214786
-0.0190846
-0.016595
-0.0140137
-0.0113454
-0.00859517
-0.00576864
-0.00287216
8.73285e-05
0.00310225
0.00616445
0.00926526
0.0123954
0.0155449
0.018703
0.0218578
0.0249969
0.0281071
0.031175
0.0341873
0.0371306
0.0399916
0.0427568
0.0454128
0.047946
0.0503431
0.0525907
0.0546756
0.0565845
0.0583046
0.0598231
0.061128
0.0622079
0.0630527
0.0636533
0.0640017
0.0640912
0.0639159
0.0634712
0.0627539
0.0617619
0.0604944
0.0589519
0.0571357
0.0550483
0.0526934
0.0500761
0.0472031
0.0440825
0.0407245
0.0371404
0.0333432
0.0293476
0.0251694
0.0208257
0.0163349
0.011716
0.00698867
0.00217301
-0.00271039
-0.00764046
-0.0125956
-0.0175537
-0.0224923
-0.0273888
-0.03222
-0.0369631
-0.0415948
-0.0460922
-0.0504324
-0.054593
-0.0585524
-0.0622896
-0.0657848
-0.0690192
-0.0719755
-0.074638
-0.0769926
-0.0790275
-0.0807323
-0.0820989
-0.0831209
-0.0837938
-0.0841149
-0.0840835
-0.0837009
-0.0829701
-0.0818962
-0.0804859
-0.0787477
-0.0766915
-0.0743292
-0.0716738
-0.0687399
-0.0655435
-0.0621018
-0.0584328
-0.0545561
-0.050492
-0.0462617
-0.041887
-0.0373905
-0.0327953
-0.0281244
-0.0234016
-0.0186504
-0.0138941
-0.00915599
-0.00445872
0.000175298
0.00472415
0.00916646
0.0134816
0.0176498
0.0216526
0.0254728
0.0290944
0.0325027
0.0356843
0.0386269
0.0413197
0.0437536
0.045921
0.0478157
0.0494333
0.0507706
0.0518257
0.0525985
0.0530903
0.053304
0.0532439
0.0529156
0.052326
0.051483
0.0503958
0.049075
0.0475322
0.0457802
0.0438324
0.0417028
0.039406
0.0369569
0.0343714
0.0316657
0.0288564
0.0259604
0.0229944
0.0199749
0.0169183
0.013841
0.0107589
0.00768795
0.00464323
0.00163925
-0.00131023
-0.0041921
-0.0069938
-0.00970338
-0.0123097
-0.0148026
-0.017173
-0.0194131
-0.0215161
-0.0234757
-0.0252866
-0.0269444
-0.0284455
-0.0297876
-0.0309695
-0.0319908
-0.0328521
-0.0335547
-0.0341004
-0.0344918
-0.0347326
-0.0348269
-0.0347797
-0.0345963
-0.0342825
-0.0338446
-0.0332893
-0.0326238
-0.0318558
-0.0309933
-0.030044
-0.0290161
-0.0279176
-0.0267569
-0.0255422
-0.0242818
-0.022984
-0.0216564
-0.0203063
-0.0189408
-0.0175668
-0.0161912
-0.0148206
-0.0134614
-0.0121192
-0.0107992
-0.00950625
-0.00824476
-0.00701906
-0.0058332
-0.00469077
-0.00359478
-0.00254762
-0.0015512
-0.000607095
0.000283288
0.00111878
0.00189854
0.00262211
0.00328942
0.0039007
0.00445636
0.00495695
0.00540326
0.00579637
0.00613772
0.00642899
0.0066719
0.00686809
0.00701908
0.00712644
0.00719198
0.00721781
0.00720632
0.0071599
0.00708078
0.00697088
0.00683194
0.00666564
0.0064738
0.00625832
0.00602105
0.00576366
0.00548756
0.00519398
0.00488415
0.00455943
0.00422128
0.0038712
0.00351049
0.00314028
0.0027615
0.00237503
0.00198185
0.00158297
0.00117939
0.000771964
0.000361404
-5.16506e-05
-0.000466495
-0.000882276
-0.00129802
-0.00171273
-0.00212552
-0.00253565
-0.00294241
-0.00334505
-0.00374264
-0.00413409
-0.00451831
-0.00489423
-0.00526089
-0.00561736
-0.00596266
-0.00629565
-0.00661513
-0.00691992
-0.00720896
-0.00748139
-0.00773641
-0.00797318
-0.00819076
-0.00838807
-0.00856409
-0.00871789
-0.00884878
-0.00895626
-0.00903989
-0.0090992
-0.00913372
-0.00914296
-0.00912654
-0.00908424
-0.009016
-0.00892187
-0.00880199
-0.00865652
-0.00848576
-0.00829013
-0.00807025
-0.00782692
-0.00756103
-0.00727419
-0.00697317
-0.00665961
-0.00633344
-0.00599465
-0.00564324
-0.00527925
-0.0049027
-0.00451357
-0.00411181
-0.00369746
-0.0032707
-0.00283195
-0.00238189
-0.00192146
-0.00145173
-0.000973811
-0.000488788
2.25272e-06
0.000498123
0.000997389
0.00149825
0.00199855
0.00249581
0.00298749
0.00347106
0.00394409
0.00440419
0.00484883
0.00527527
0.00568053
0.00606146
0.00641495
0.00673803
0.00702795
0.0072822
0.00749845
0.00767457
0.00780868
0.00789921
0.00794493
0.0079449
0.00789847
0.00780519
0.00766498
0.00747816
0.00724562
0.0069688
0.0066496
0.00629021
0.00589299
0.00546045
0.00499533
0.00450057
0.00397891
0.00343455
0.00287211
0.00229637
0.0017122
0.00112452
0.000538243
-4.18347e-05
-0.000611195
-0.00116567
-0.0017014
-0.00221469
-0.00270184
-0.00315913
-0.00358298
-0.00397028
-0.00431866
-0.0046266
-0.00489334
-0.00511854
-0.00530205
-0.00544378
-0.00554381
-0.00560237
-0.00562059
-0.00560001
-0.00554271
-0.00545121
-0.00532831
-0.00517718
-0.00500118
-0.00480378
-0.00458848
-0.00435895
-0.00411838
-0.00387025
-0.00361834
-0.00336755
-0.00312212
-0.00288503
-0.00265942
-0.00244809
-0.0022534
-0.00207813
-0.00192309
-0.00178954
-0.00167841
-0.00159044
-0.00152741
-0.00148889
-0.00147564
-0.00148829
-0.001527
-0.00159262
-0.0016826
-0.00179524
-0.00192877
-0.00208164
-0.00225404
-0.00244348
-0.00264873
-0.00286812
-0.00309945
-0.00334146
-0.00359022
-0.00384326
-0.00409828
-0.00435314
-0.0046066
-0.00485572
-0.00509842
-0.00533266
-0.00555642
-0.00576777
-0.00596431
-0.00614376
-0.00630388
-0.00644275
-0.00655809
-0.00664965
-0.00671655
-0.00675789
-0.00677259
-0.00675737
-0.00671308
-0.00663882
-0.00653414
-0.00639897
-0.00623017
-0.00603094
-0.00580019
-0.00553836
-0.00524628
-0.00492043
-0.00456655
-0.00418591
-0.00377977
-0.00334943
-0.00289096
-0.00241153
-0.00191323
-0.00139836
-0.000869253
-0.0003225
0.00023411
0.000798561
0.00136884
0.00194284
0.00252341
0.00310321
0.00367995
0.0042515
0.00481592
0.00537487
0.00592348
0.00646045
0.0069846
0.0074948
0.00799045
0.00846983
0.00893189
0.00937586
0.00980125
0.0102046
0.0105892
0.010955
0.0113019
0.0116298
0.0119313
0.0122143
0.0124792
0.0127266
0.0129568
0.0131577
0.013342
0.0135101
0.0136624
0.0137996
0.013906
0.013998
0.0140756
0.0141384
0.014186
0.0141997
0.0141986
0.014183
0.0141529
0.0141076
0.0140272
0.0139294
0.0138128
0.0136763
0.0135184
0.013321
0.0130986
0.0128493
0.012571
0.0122621
0.0119104
0.0115248
0.0111034
0.0106435
0.0101425
0.00959618
0.00900405
0.00836472
0.00767708
0.00694
0.0061618
0.00533109
0.0044464
0.00350678
0.00251203
0.00148483
0.000403657
-0.000730669
-0.00191728
-0.00315502
-0.00440788
-0.00570771
-0.00705134
-0.00843506
-0.00985474
-0.0112621
-0.0126959
-0.0141505
-0.0156194
-0.0170953
-0.0185216
-0.0199398
-0.0213418
-0.0227193
-0.024063
-0.0253151
-0.0265134
-0.0276476
-0.0287077
-0.0296839
-0.0305268
-0.0312667
-0.0318937
-0.032398
-0.0327696
-0.0329743
-0.0330284
-0.0329242
-0.032654
-0.0322109
-0.0315844
-0.0307725
-0.0297706
-0.0285752
-0.0271842
-0.0256175
-0.0238536
-0.021893
-0.0197372
-0.0173892
-0.0149006
-0.0122295
-0.00938264
-0.00636791
-0.00319419
5.77599e-05
0.00344749
0.00696259
0.0105894
0.0143133
0.0180309
0.0218135
0.0256435
0.0295025
0.0333713
0.0371354
0.0408698
0.0445548
0.0481704
0.0516963
0.0550218
0.0582163
0.0612595
0.0641312
0.0668119
0.0692098
0.0713803
0.0733064
0.0749717
0.0763607
0.077414
0.0781634
0.0785977
0.0787074
0.0784841
0.0779135
0.0769981
0.0757345
0.0741206
0.0721564
0.069877
0.0672529
0.06429
0.0609958
0.0573802
0.0535283
0.0493802
0.0449512
0.0402581
0.0353191
0.0302604
0.0249961
0.0195489
0.0139426
0.00820287
0.00248435
-0.00331459
-0.00916684
-0.0150448
-0.0209205
-0.0266299
-0.0322794
-0.0378402
-0.0432831
-0.0485799
-0.0535776
-0.0583751
-0.062947
-0.0672685
-0.0713157
-0.0749663
-0.0782989
-0.0812942
-0.0839344
-0.0862031
-0.0880249
-0.0894482
-0.0904625
-0.0910598
-0.0912343
-0.0909684
-0.0902754
-0.0891559
-0.0876125
-0.0856497
-0.0833086
-0.0805637
-0.0774266
-0.0739111
-0.0700329
-0.0658889
-0.0614187
-0.0566427
-0.0515828
-0.0462623
-0.04082
-0.0351679
-0.0293328
-0.0233427
-0.0172259
-0.011146
-0.00499787
0.00118894
0.00738504
0.0135613
0.0195511
0.0254651
0.0312769
0.0369604
0.0424905
0.0477169
0.0527424
0.0575453
0.0621052
0.0664034
0.0703234
0.0739499
0.0772694
0.08027
0.0829411
0.0852102
0.0871337
0.0887066
0.0899259
0.0907909
0.0912801
0.0914191
0.0912125
0.0906666
0.0897893
0.0886079
0.0871162
0.085327
0.0832539
0.0809115
0.0783665
0.0755837
0.0725802
0.0693742
0.0659841
0.0625049
0.0588792
0.055126
0.0512643
0.0473138
0.0433839
0.0394045
0.0353946
0.0313723
0.0273549
0.0234502
0.0195828
0.0157681
0.0120206
0.00835424
0.00486488
0.00148095
-0.00178689
-0.00492888
-0.00793623
-0.0107337
-0.0133832
-0.0158807
-0.0182229
-0.0204078
-0.0223849
-0.0242017
-0.0258578
-0.027354
-0.0286928
-0.0298482
-0.0308534
-0.0317126
-0.0324301
-0.0330108
-0.0334483
-0.0337612
-0.0339568
-0.0340427
-0.0340262
-0.0339155
-0.0337154
-0.0334324
-0.0330733
-0.0326454
-0.0321657
-0.0316307
-0.0310458
-0.0304158
-0.0297451
-0.0290527
-0.0283287
-0.0275775
-0.0268025
-0.0260061
-0.0252056
-0.0243855
-0.0235463
-0.0226885
-0.0218123
-0.0209346
-0.0200378
-0.0191205
-0.0181807
-0.0172163
-0.0162435
-0.0152417
-0.0142082
-0.01314
-0.0120336
-0.0109071
-0.00973608
-0.00851772
-0.00724967
-0.0059297
-0.0045829
-0.00318022
-0.00172022
-0.000201861
0.00137557
0.00297803
0.00464061
0.00636348
0.00814613
0.00998698
0.0118407
0.0137462
0.0156993
0.0176957
0.0197307
0.0217505
0.0237985
0.0258679
0.0279514
0.0300411
0.0320771
0.0341038
0.0361134
0.038097
0.0400452
0.0418976
0.0436945
0.0454266
0.0470847
0.0486597
0.0500998
0.0514376
0.0526632
0.0537669
0.0547399
0.0555462
0.0562075
0.0567172
0.0570691
0.0572568
0.057266
0.057101
0.0567588
0.0562374
0.0555353
0.0546653
0.0536124
0.0523763
0.0509578
0.0493595
0.0476228
0.045715
0.0436416
0.0414086
0.0390228
0.0365507
0.0339414
0.031204
0.0283488
0.0253867
0.0224046
0.0193395
0.0162042
0.0130124
0.00977766
0.00659806
0.00340217
0.000202971
-0.00298627
-0.00615182
-0.00919498
-0.0121864
-0.0151126
-0.0179602
-0.0207166
-0.0232939
-0.0257558
-0.0280912
-0.0302893
-0.0323406
-0.0341782
-0.0358517
-0.0373532
-0.0386752
-0.0398108
-0.0407205
-0.0414339
-0.0419484
-0.0422621
-0.042374
-0.0422777
-0.0419785
-0.0414771
-0.0407751
-0.0398756
-0.0388054
-0.0375459
-0.0361018
-0.0344784
-0.0326821
-0.0307693
-0.0286996
-0.0264825
-0.0241282
-0.0216471
-0.0191196
-0.0164872
-0.0137613
-0.0109542
-0.0080781
-0.00522772
-0.0023325
0.000595646
0.00354438
0.00650078
0.00936561
0.0122121
0.0150281
0.0178022
0.0205235
0.0231007
0.0256034
0.0280205
0.0303414
0.0325565
0.0345908
0.0365032
0.0382866
0.0399342
0.0414391
0.0427492
0.043905
0.0449023
0.0457382
0.0464103
0.046895
0.0472117
0.0473589
0.0473366
0.0471463
0.0467956
0.0462837
0.0456146
0.0447924
0.0438207
0.0427325
0.0415042
0.040142
0.0386535
0.0370473
0.0353808
0.0336146
0.0317575
0.029818
0.0278044
0.0257865
0.0237118
0.0215899
0.0194315
0.0172429
0.0150985
0.0129445
0.0107937
0.00865789
0.00654918
0.0045439
0.00258991
0.000699044
-0.00111806
-0.00285248
-0.0044434
-0.00593846
-0.00733125
-0.00861518
-0.00978403
-0.0107954
-0.0116849
-0.0124519
-0.0130972
-0.0136219
-0.0140071
-0.0142741
-0.0144245
-0.0144615
-0.0143902
-0.014214
-0.0139431
-0.0135844
-0.0131446
-0.0126305
-0.0120593
-0.0114286
-0.010747
-0.0100231
-0.00926521
-0.00849895
-0.00771275
-0.00691413
-0.0061109
-0.00531096
-0.0045424
-0.00378978
-0.00305873
-0.00235419
-0.00168082
-0.00106197
-0.000481257
5.80509e-05
0.000553618
0.001004
0.0013938
0.00173832
0.0020371
0.00228994
0.00249717
0.00265075
0.0027629
0.00283618
0.00287329
0.00287689
0.00284502
0.00278549
0.00270126
0.00259561
0.00247201
0.00233262
0.00218222
0.00202378
0.00186005
0.00169364
0.00152738
0.00136339
0.00120391
0.00105089
0.000905899
0.000770798
0.000645794
0.000531653
0.000428925
0.000337939
0.000259121
0.000191849
0.000135814
9.05358e-05
5.53906e-05
2.96858e-05
1.24781e-05
2.89035e-06
0
0
0
0
0
0
0
0
0
0
0
0
0
0
0
0
0
0
0
0
0
0
0
0
0
0
0
0
0
0
0
0
0
0
0
0
0
0
0
0
0
0
0
0
0
0
0
0
0
0
0
0
0
0
0
0
0
0
0
0
0
0
0
0
0
0
0
0
0
0
0
-0
-0
-0
-0
-0
-0
-0
-0
-0
-0
-0
-0
-0
-0
-0
-0
-0
-0
-0
-0
-0
-0
-0
-0
-0
-0
-0
-0
-0
-0
-0
-0
-0
0
0
0
0
0
0
0
0
0
0
0
0
0
0
0
0
0
0
0
0
0
0
0
0
0
0
0
0
0
0
0
0
0
0
0
0
0
0
0
0
0
0
0
0
0
0
0
0
0
0
0
0
0
0
0
0
0
0
0
0
0
0
0
0
-0
-0
-0
-0
-0
-0
-0
-0
-0
-0
-0
-0
-0
-0
-0
-0
-0
-0
-0
-0
-0
-0
-0
-0
-0
-0
-0
-0
-0
-0
-0
-0
-0
-0
-0
-0
-0
-0
-0
-0
-0
-0
-0
-0
-0
-0
-0
-0
-0
-0
-0
-0
-0
-0
-0
-0
-0
-0
-0
-0
-0
-0
-0
-0
-0
-0
-0
-0
