-0
-0
-0
-0
-0
-0
-0
-0
-0
-0
-0
-0
-0
-0
-0
-0
-0
-0
-0
-0
-0
-0
0
0
0
0
0
0
0
0
0
0
0
0
0
0
0
0
0
0
0
0
0
0
0
0
0
0
0
0
0
0
0
0
0
0
0
0
0
0
0
0
0
0
0
0
0
0
0
0
0
0
0
0
0
-0
-0
-0
-0
-0
-0
-0
-0
-0
-0
-0
-0
-0
-0
-0
-0
-0
-0
-0
-0
-0
-0
-0
-0
-0
-0
-0
-0
-0
-0
-0
-0
-0
-0
-0
-0
-0
-0
-0
-0
-0
-0
-0
-0
-0
-0
-0
-0
-0
-0
-0
-0
-0
0
0
0
0
0
0
0
0
0
0
0
0
0
0
0
0
0
0
0
0
0
0
0
0
0
0
0
0
0
0
0
0
0
0
0
0
0
0
0
0
0
0
0
0
0
0
0
0
0
0
0
0
-0
-0
-0
-0
-0
-0
-0
-0
-0
-0
-0
-0
-0
-0
-0
-0
-0
-0
-0
-0
-0
-0
-0
-0
-0
-0
-0
-0
-0
-0
-0
-0
-0
-0
-0
-0
-0
-0
-0
-0
-0
-0
-0
-0
-0
-0
-0
-0
0
0
0
0
0
0
0
0
0
0
0
0
0
0
0
0
0
0
0
0
0
0
0
0
0
0
0
0
0
0
0
0
0
0
0
0
0
0
0
0
0
0
0
0
0
0
-0
-0
-0
-0
-0
-0
-0
-0
-0
-0
-0
-0
-0
-0
-0
-0
-0
-0
-0
-0
-0
-0
-0
-0
-0
-0
-0
-0
-0
-0
-0
-0
-0
-0
-0
-0
-0
-0
-0
-0
-0
-0
-0
-0
-0
0
0
0
1.37996e-07
7.00688e-06
2.90721e-05
7.25822e-05
0.000143151
0.000245645
0.000384087
0.000561563
0.000780152
0.00104087
0.00134362
0.00168719
0.00206924
0.00248631
0.00293386
0.00340628
0.003897
0.00439853
0.00490254
0.00540001
0.00588132
0.00633641
0.00675487
0.00712613
0.00743956
0.00768462
0.00785099
0.00792879
0.00790868
0.00778204
0.00754116
0.00717929
0.00669078
0.00607119
0.00531729
0.00442724
0.0034006
0.00223845
0.000943407
-0.000480365
-0.00202715
-0.00368974
-0.00545945
-0.00732623
-0.00927869
-0.0113042
-0.013389
-0.0155184
-0.0176768
-0.0198479
-0.0220146
-0.0241596
-0.0262652
-0.0283136
-0.0302871
-0.0321685
-0.0339409
-0.035588
-0.0370943
-0.038445
-0.0396264
-0.0406259
-0.0414321
-0.0420354
-0.0424275
-0.0426022
-0.0425546
-0.0422819
-0.0417829
-0.041058
-0.0401095
-0.0389414
-0.0375596
-0.0359715
-0.034186
-0.032214
-0.0300672
-0.027759
-0.0253035
-0.0227159
-0.0200125
-0.0172101
-0.0143263
-0.0113792
-0.00838756
-0.00537007
-0.00234555
0.000667397
0.00365055
0.00658619
0.00945745
0.0122534
0.0149643
0.0175799
0.0200906
0.0224874
0.024762
0.0269074
0.028917
0.0307852
0.0325073
0.0340791
0.0354968
0.0367579
0.0378602
0.0388023
0.0395836
0.040204
0.0406638
0.0409641
0.0411066
0.0410938
0.0409286
0.0406147
0.0401558
0.0395561
0.03882
0.0379524
0.0369589
0.0358457
0.0346192
0.0332859
0.0318518
0.0303228
0.0287048
0.0270037
0.0252257
0.0233772
0.0214648
0.0194944
0.0174717
0.015402
0.0132907
0.011143
0.00896432
0.00675996
0.00453496
0.002294
4.15214e-05
-0.00221813
-0.00448053
-0.00674124
-0.00899599
-0.0112409
-0.0134725
-0.0156876
-0.0178829
-0.0200547
-0.0221989
-0.0243115
-0.0263887
-0.0284271
-0.0304237
-0.0323755
-0.0342791
-0.0361305
-0.0379252
-0.0396584
-0.0413257
-0.0429226
-0.0444448
-0.0458878
-0.0472466
-0.0485159
-0.0496904
-0.050765
-0.0517346
-0.0525944
-0.0533392
-0.0539636
-0.054462
-0.054829
-0.0550597
-0.0551498
-0.0550954
-0.0548926
-0.054537
-0.0540243
-0.0533499
-0.0525102
-0.0515027
-0.0503258
-0.0489786
-0.0474606
-0.0457714
-0.0439106
-0.041879
-0.0396782
-0.0373114
-0.0347826
-0.0320969
-0.0292597
-0.0262769
-0.023155
-0.0199015
-0.016525
-0.0130349
-0.00944148
-0.00575517
-0.00198697
0.00185142
0.00574726
0.00968664
0.0136547
0.017636
0.0216151
0.0255768
0.0295058
0.0333863
0.0372017
0.0409342
0.044566
0.0480789
0.0514556
0.0546796
0.0577352
0.0606066
0.0632782
0.0657346
0.0679604
0.0699416
0.0716649
0.0731186
0.0742919
0.0751751
0.0757589
0.0760352
0.0759975
0.0756409
0.0749621
0.0739594
0.0726322
0.0709811
0.0690077
0.0667156
0.06411
0.0611984
0.0579901
0.0544953
0.0507251
0.0466915
0.0424072
0.0378868
0.0331465
0.0282044
0.0230801
0.0177936
0.0123654
0.00681646
0.00116797
-0.00455783
-0.0103378
-0.0161479
-0.0219638
-0.0277612
-0.0335158
-0.0392036
-0.0448002
-0.0502811
-0.055622
-0.0607988
-0.0657885
-0.0705691
-0.0751197
-0.0794197
-0.0834494
-0.0871895
-0.0906214
-0.093728
-0.0964936
-0.0989044
-0.100948
-0.102612
-0.103888
-0.104767
-0.105242
-0.105307
-0.104959
-0.104198
-0.103025
-0.10144
-0.0994485
-0.0970547
-0.0942662
-0.0910918
-0.0875425
-0.0836308
-0.0793707
-0.0747775
-0.0698679
-0.0646599
-0.059173
-0.0534284
-0.0474487
-0.0412576
-0.0348804
-0.0283427
-0.0216711
-0.0148927
-0.00803487
-0.00112556
0.00580668
0.0127327
0.0196231
0.026448
0.033178
0.039784
0.0462377
0.0525114
0.0585778
0.0644103
0.0699829
0.0752706
0.0802497
0.0848984
0.089196
0.0931237
0.0966634
0.099798
0.102512
0.104791
0.106623
0.107998
0.108911
0.109355
0.109329
0.108832
0.107864
0.106427
0.104523
0.102158
0.0993395
0.0960791
0.0923905
0.0882901
0.0837965
0.0789293
0.0737091
0.0681571
0.0622953
0.0561469
0.0497369
0.0430919
0.0362402
0.0292113
0.0220358
0.0147447
0.00736976
-5.69668e-05
-0.00750294
-0.0149356
-0.0223226
-0.029632
-0.0368324
-0.0438929
-0.0507827
-0.0574716
-0.0639296
-0.0701281
-0.07604
-0.0816399
-0.0869043
-0.0918114
-0.0963409
-0.100474
-0.104192
-0.107482
-0.110327
-0.112718
-0.114645
-0.1161
-0.117078
-0.117576
-0.117594
-0.117135
-0.116202
-0.114804
-0.112949
-0.11065
-0.107918
-0.104768
-0.101217
-0.0972833
-0.0929878
-0.0883522
-0.0834002
-0.0781564
-0.0726468
-0.0668981
-0.0609382
-0.0547952
-0.0484982
-0.0420763
-0.0355592
-0.0289768
-0.0223594
-0.0157372
-0.00914026
-0.00259776
0.00386184
0.0102109
0.0164226
0.0224709
0.0283306
0.0339776
0.0393892
0.0445444
0.0494236
0.0540087
0.0582831
0.0622314
0.0658403
0.069098
0.0719949
0.0745235
0.0766779
0.0784543
0.0798503
0.0808653
0.0815005
0.081759
0.0816461
0.0811685
0.0803348
0.0791548
0.0776395
0.0758015
0.0736547
0.0712143
0.0684966
0.0655193
0.0623005
0.0588596
0.0552164
0.0513915
0.0474061
0.0432814
0.0390387
0.0346994
0.0302848
0.0258167
0.0213165
0.0168059
0.012306
0.0078371
0.00341869
-0.000930633
-0.00519298
-0.00935104
-0.0133881
-0.0172881
-0.0210362
-0.0246187
-0.0280231
-0.0312383
-0.034254
-0.0370612
-0.039652
-0.0420195
-0.0441585
-0.0460647
-0.0477353
-0.0491685
-0.0503637
-0.0513214
-0.0520432
-0.0525319
-0.0527916
-0.0528273
-0.0526446
-0.05225
-0.0516507
-0.0508548
-0.0498714
-0.0487104
-0.0473826
-0.0458991
-0.0442712
-0.0425108
-0.0406296
-0.03864
-0.0365545
-0.0343858
-0.0321467
-0.0298497
-0.0275075
-0.0251324
-0.0227367
-0.0203325
-0.0179376
-0.0155683
-0.0132295
-0.0109257
-0.00866105
-0.00643972
-0.00426595
-0.00214401
-7.8141e-05
0.00192756
0.00386918
0.00574293
0.00754509
0.00927187
0.0109194
0.0124838
0.0139613
0.0153482
0.0166409
0.017836
0.0189305
0.0199215
0.0208065
0.0215832
0.0222499
0.0228052
0.0232479
0.0235772
0.0237927
0.0238947
0.0238837
0.0237611
0.0235289
0.0231898
0.0227469
0.0222038
0.0215647
0.0208342
0.0200175
0.0191201
0.0181482
0.0171084
0.0160076
0.0148533
0.0136532
0.0124151
0.0111467
0.00985585
0.00855026
0.00723775
0.00592605
0.00462276
0.00333515
0.00206998
0.000833484
-0.000368628
-0.00153106
-0.00264892
-0.00371778
-0.00473384
-0.00569406
-0.00659626
-0.00743903
-0.00822163
-0.00894389
-0.00960619
-0.0102095
-0.0107555
-0.0112464
-0.0116852
-0.0120751
-0.0124195
-0.0127225
-0.0129882
-0.0132213
-0.0134271
-0.0136105
-0.0137768
-0.0139307
-0.0140765
-0.0142184
-0.0143603
-0.0145063
-0.0146603
-0.0148255
-0.0150047
-0.0151997
-0.0154117
-0.0156392
-0.0158805
-0.016138
-0.0164139
-0.016707
-0.0170151
-0.0173281
-0.0176498
-0.0179764
-0.0183036
-0.0186268
-0.0189342
-0.0192271
-0.0194996
-0.0197458
-0.0199597
-0.0201307
-0.0202578
-0.0203348
-0.0203561
-0.0203156
-0.0202066
-0.0200255
-0.0197681
-0.0194311
-0.0190115
-0.01851
-0.0179215
-0.0172443
-0.0164775
-0.0156211
-0.0146839
-0.0136591
-0.0125491
-0.0113566
-0.0100851
-0.00875152
-0.00734751
-0.00587864
-0.00435122
-0.00277222
-0.0011658
0.000477017
0.0021479
0.00383817
0.00553887
0.00722212
0.00889764
0.010556
0.0121875
0.0137825
0.0153128
0.016788
0.0181987
0.0195361
0.0207917
0.0219416
0.022994
0.0239414
0.0247767
0.025493
0.0260741
0.0265254
0.0268425
0.0270214
0.0270587
0.0269486
0.0266918
0.0262865
0.0257319
0.0250274
0.0241791
0.023182
0.0220374
0.0207469
0.019313
0.0177533
0.0160563
0.014226
0.0122668
0.0101837
0.00800596
0.00571474
0.003316
0.000816119
-0.00177793
-0.00442714
-0.00715501
-0.00995292
-0.0128118
-0.0157176
-0.0186184
-0.0215358
-0.0244549
-0.0273602
-0.0302357
-0.0330282
-0.0357582
-0.0384091
-0.0409643
-0.0434071
-0.0456887
-0.0478256
-0.0498022
-0.0516031
-0.0532133
-0.0545954
-0.0557587
-0.0566903
-0.0573784
-0.0578117
-0.0579719
-0.0578585
-0.0574642
-0.0567829
-0.0558099
-0.0545515
-0.052996
-0.0511428
-0.0489928
-0.0465484
-0.0438434
-0.0408545
-0.0375896
-0.0340581
-0.0302708
-0.0262875
-0.0220739
-0.0176451
-0.0130177
-0.00821034
-0.00330552
0.00173874
0.00690066
0.0121575
0.0174855
0.0227884
0.0281122
0.0334307
0.038717
0.0439439
0.049012
0.0539661
0.0587788
0.0634231
0.0678721
0.0720364
0.0759538
0.0795997
0.0829503
0.0859823
0.0886286
0.0909141
0.0928202
0.09433
0.0954287
0.0960831
0.0963019
0.0960753
0.0953957
0.0942576
0.0926686
0.0906178
0.0881073
0.0851415
0.0817266
0.077914
0.0736719
0.0690135
0.0639547
0.0585138
0.0527829
0.0467124
0.0403261
0.0336499
0.0267113
0.0196343
0.0123552
0.00490604
-0.00267974
-0.010368
-0.0180164
-0.0256972
-0.0333748
-0.0410127
-0.0485741
-0.055914
-0.0631045
-0.0701098
-0.0768949
-0.0834256
-0.0895722
-0.0953986
-0.100874
-0.105969
-0.110655
-0.114835
-0.118557
-0.121799
-0.124543
-0.126771
-0.128429
-0.129545
-0.130107
-0.130109
-0.129546
-0.128417
-0.12672
-0.124461
-0.121645
-0.118282
-0.114425
-0.110045
-0.105161
-0.0997909
-0.0939564
-0.087761
-0.0811517
-0.0741567
-0.0668061
-0.0591315
-0.0512743
-0.0431601
-0.034824
-0.026302
-0.0176312
-0.00897526
-0.000246094
0.00851799
0.0172784
0.0259966
0.0345043
0.0428941
0.0511295
0.0591747
0.066995
0.0744365
0.0815867
0.0884138
0.0948878
0.10098
0.106566
0.11172
0.11642
0.120646
0.124382
0.12755
0.130201
0.132324
0.133911
0.134955
0.135427
0.13535
0.134723
0.133551
0.131838
0.129615
0.126872
0.123622
0.11988
0.115663
0.11105
0.105998
0.100531
0.0946699
0.0884407
0.081964
0.0751734
0.0680979
0.0607677
0.0532133
0.0455843
0.0377934
0.0298721
0.0218525
0.0137669
0.00577813
-0.00221117
-0.0101685
-0.0180617
-0.0258592
-0.0334016
-0.0407876
-0.0479882
-0.0549757
-0.0617232
-0.0680907
-0.0741681
-0.0799321
-0.0853607
-0.0904332
-0.0950416
-0.0992574
-0.103065
-0.106451
-0.109404
-0.111858
-0.113859
-0.115402
-0.116481
-0.117095
-0.117226
-0.116891
-0.116093
-0.114837
-0.113129
-0.110998
-0.108432
-0.105444
-0.102046
-0.0982521
-0.0941378
-0.0896606
-0.0848389
-0.0796924
-0.0742426
-0.0686004
-0.0627005
-0.0565665
-0.0502227
-0.0436937
-0.037114
-0.0304008
-0.0235808
-0.0166808
-0.00972742
-0.00286499
0.00399902
0.0108391
0.0176294
0.0243442
0.0308417
0.0372129
0.0434338
0.0494817
0.0553347
0.0608696
0.0661693
0.0712149
0.0759881
0.0804718
0.0845698
0.0883479
0.0917933
0.094895
0.0976438
0.0999809
0.101951
0.10355
0.104773
0.105618
0.106067
0.106139
0.105836
0.105164
0.104128
0.102751
0.101028
0.0989665
0.0965791
0.0938775
0.0909201
0.0876768
0.0841635
0.0803972
0.0763958
0.0722469
0.0679002
0.0633752
0.0586913
0.0538681
0.0490112
0.0440549
0.0390194
0.0339251
0.0287926
0.0237354
0.0186794
0.0136431
0.00864444
0.00370089
-0.00107765
-0.00576708
-0.0103511
-0.0148143
-0.0191421
-0.0232371
-0.027171
-0.0309325
-0.0345108
-0.0378961
-0.0410106
-0.0439151
-0.0466029
-0.049068
-0.0513052
-0.0532613
-0.054982
-0.056465
-0.0577095
-0.0587157
-0.0594582
-0.0599654
-0.0602395
-0.0602831
-0.0600992
-0.0596879
-0.0590586
-0.0582176
-0.0571719
-0.0559286
-0.054512
-0.0529121
-0.0511364
-0.0491929
-0.0470903
-0.0448738
-0.0425169
-0.0400287
-0.0374181
-0.0346944
-0.0319173
-0.029046
-0.0260903
-0.0230599
-0.0199646
-0.0168747
-0.0137375
-0.010562
-0.00735698
-0.00413185
-0.00096307
0.00220806
0.0053735
0.00852567
0.0116572
0.0146918
0.0176906
0.020646
0.0235507
0.0263977
0.0291152
0.0317625
0.0343337
0.0368224
0.0392223
0.0414696
0.0436165
0.045658
0.0475892
0.0494054
0.0510555
0.0525807
0.0539766
0.0552392
0.0563651
0.0573204
0.0581331
0.0588006
0.0593198
0.0596885
0.0598917
0.0599412
0.0598363
0.0595765
0.0591613
0.058597
0.0578765
0.0570003
0.0559699
0.0547873
0.0534824
0.0520311
0.0504368
0.0487029
0.0468337
0.0448801
0.0428025
0.0406075
0.0383017
0.0358921
0.0334469
0.0309123
0.0282965
0.0256083
0.0228573
0.0201243
0.0173476
0.0145345
0.0116911
0.0088327
0.00605045
0.00328522
0.00055297
-0.00213075
-0.00475086
-0.00722269
-0.0096029
-0.0118779
-0.0140348
-0.0160615
-0.0178905
-0.0195705
-0.0210933
-0.0224522
-0.0236408
-0.0246168
-0.0254151
-0.0260338
-0.0264724
-0.026732
-0.0267996
-0.0266939
-0.0264195
-0.0259822
-0.0253892
-0.0246555
-0.0237838
-0.0227842
-0.0216675
-0.0204451
-0.0191537
-0.0177803
-0.0163385
-0.014842
-0.0133048
-0.0117763
-0.010232
-0.00868486
-0.00714768
-0.00563291
-0.00419213
-0.0027942
-0.00144937
-0.000166936
0.0010447
0.00214143
0.00315636
0.00408401
0.00491998
0.00566105
0.00627635
0.00679656
0.00722178
0.00755303
0.00779225
0.00792348
0.00797166
0.0079415
0.00783843
0.00766842
0.00742835
0.00713593
0.0067982
0.00642243
0.00601603
0.00558366
0.00513586
0.00467967
0.00422184
0.00376874
0.00332709
0.0029013
0.00249617
0.00211586
0.00176381
0.00144431
0.00115724
0.00090391
0.000684871
0.000499927
0.000348927
0.00022899
0.000137954
7.30656e-05
3.10399e-05
8.1635e-06
1.83046e-07
0
0
0
0
0
0
-0
-0
-0
-0
-0
-0
-0
-0
-0
-0
-0
-0
-0
-0
-0
-0
-0
-0
-0
-0
-0
-0
-0
-0
-0
-0
-0
-0
-0
-0
-0
-0
-0
-0
-0
-0
0
0
0
0
0
0
0
0
0
0
0
0
0
0
0
0
0
0
0
0
0
0
0
0
0
0
0
0
0
0
0
0
0
0
0
0
0
0
0
0
0
0
0
0
0
0
0
0
0
0
0
0
0
-0
-0
-0
-0
-0
-0
-0
-0
-0
-0
-0
-0
-0
-0
-0
-0
-0
-0
-0
-0
-0
-0
-0
-0
-0
-0
-0
-0
-0
-0
-0
-0
-0
-0
-0
-0
-0
-0
-0
-0
0
0
0
0
0
0
0
0
0
0
0
0
0
0
0
0
0
0
0
0
0
0
0
0
0
0
0
0
0
0
0
0
0
0
0
0
0
0
0
0
0
0
0
0
0
0
0
0
0
0
0
0
0
0
0
0
-0
-0
-0
-0
-0
-0
-0
-0
-0
-0
-0
-0
-0
-0
-0
-0
-0
-0
-0
-0
-0
-0
-0
-0
-0
-0
-0
-0
-0
-0
-0
-0
-0
-0
-0
-0
-0
-0
-0
-0
0
0
0
0
0
0
0
0
0
0
0
0
0
0
0
0
0
0
0
0
0
0
0
0
0
0
0
0
0
0
0
0
0
0
0
0
0
0
0
0
0
0
0
0
0
0
0
0
0
0
0
0
0
0
0
0
0
0
0
0
0
0
0
0
0
0
0
0
0
0
0
0
0
0
0
0
0
0
0
0
0
0
0
-0
-0
-0
-0
-0
-0
-0
-0
