0
0
0
0
0
0
0
0
0
0
0
0
0
0
0
0
0
0
0
0
0
0
0
0
0
0
0
0
0
0
0
0
0
0
0
0
0
0
0
0
0
0
0
0
0
0
0
0
0
0
0
0
0
0
0
0
0
0
0
0
0
0
0
0
0
0
0
0
0
0
0
0
0
0
0
0
0
0
0
0
0
0
0
0
0
0
0
0
0
0
0
0
0
0
0
0
0
0
0
0
0
0
0
0
0
0
0
0
0
0
0
0
0
0
0
0
0
0
0
0
0
0
0
0
0
0
0
0
0
0
0
0
0
0
0
0
0
0
0
0
0
0
0
0
0
0
0
0
0
0
0
0
0
0
0
0
0
0
0
0
0
0
0
0
0
0
0
0
0
0
0
0
0
0
0
0
0
0
0
0
0
0
0
0
0
0
0
0
0
0
0
0
0
0
0
0
0
0
0
0
0
0
0
0
0
0
0
0
0
0
0
0
0
0
0
0
0
0
0
0
0
0
0
0
0
0
0
0
0
0
0
0
0
0
0
0
0
0
0
0
0
0
0
0
0
0
0
0
0
0
0
0
0
0
0
0
0
0
0
0
0
0
0
0
0
0
0
0
0
0
0
0
0
0
0
0
0
0
0
0
0
0
0
0
0
0
0
0
0
0
0
0
0
0
0
0
0
0
0
0
0
0
0
0
0
0
0
0
0
0
0
0
0
0
0
0
0
0
0
0
0
0
6.8671e-07
2.59455e-05
8.46948e-05
0.000172059
0.00028207
0.000407763
0.000541287
0.000674022
0.00079669
0.000899478
0.000972179
0.00100437
0.000985606
0.000905587
0.000754279
0.000521987
0.000199447
-0.000222012
-0.000750252
-0.0013921
-0.00215321
-0.00303808
-0.00405007
-0.00519138
-0.00646293
-0.00786405
-0.00939235
-0.0110437
-0.0128125
-0.0146919
-0.0166742
-0.0187502
-0.0209092
-0.0231384
-0.0254233
-0.027748
-0.0300962
-0.0324509
-0.0347954
-0.0371119
-0.0393816
-0.0415847
-0.0437009
-0.04571
-0.0475928
-0.0493308
-0.0509057
-0.0522993
-0.0534931
-0.0544692
-0.055211
-0.0557038
-0.0559347
-0.0558924
-0.0555662
-0.0549467
-0.0540257
-0.0527971
-0.0512575
-0.0494057
-0.0472424
-0.0447694
-0.0419901
-0.0389099
-0.0355374
-0.0318842
-0.0279646
-0.0237942
-0.0193891
-0.0147657
-0.00994127
-0.00493523
0.000230372
0.00553099
0.0109403
0.0164312
0.0219761
0.0275467
0.0331137
0.0386467
0.0441148
0.0494874
0.0547348
0.0598285
0.0647403
0.0694412
0.0739015
0.0780911
0.0819814
0.0855462
0.0887656
0.0916605
0.0942324
0.0964699
0.0983612
0.0998944
0.101058
0.101842
0.102237
0.102238
0.101838
0.101032
0.0998152
0.0981846
0.0961375
0.0936732
0.0907932
0.0875005
0.0838004
0.0796993
0.0752053
0.070328
0.0650788
0.0594701
0.0535159
0.047231
0.0406315
0.033735
0.0265614
0.0191333
0.0114754
0.00361404
-0.00442405
-0.0126125
-0.0209253
-0.029336
-0.0378163
-0.0463355
-0.0548602
-0.0633553
-0.0717857
-0.0801165
-0.0883138
-0.0963439
-0.104173
-0.111766
-0.119087
-0.126103
-0.132778
-0.139081
-0.144978
-0.150438
-0.155429
-0.159924
-0.163895
-0.167321
-0.170183
-0.172461
-0.174139
-0.175197
-0.175618
-0.175389
-0.174501
-0.17295
-0.170735
-0.167859
-0.164324
-0.160132
-0.155291
-0.149812
-0.143711
-0.137009
-0.129733
-0.121908
-0.113563
-0.104727
-0.0954324
-0.0857158
-0.075616
-0.0651744
-0.0544336
-0.0434378
-0.0322333
-0.0208694
-0.00939827
0.00212641
0.0136518
0.0251271
0.0365038
0.0477338
0.0587675
0.0695528
0.0800354
0.0901617
0.0998811
0.109148
0.117921
0.126161
0.133832
0.140897
0.147319
0.153063
0.1581
0.162404
0.165956
0.16874
0.170744
0.171958
0.172378
0.172003
0.170834
0.16888
0.166151
0.162665
0.15844
0.153503
0.147884
0.14162
0.134748
0.12731
0.119345
0.110896
0.102005
0.0927181
0.0830867
0.0731645
0.0630081
0.0526733
0.042214
0.0316812
0.0211236
0.01059
0.000130264
-0.0102041
-0.0203613
-0.0302912
-0.039948
-0.0492907
-0.058283
-0.0668917
-0.0750848
-0.0828319
-0.0901041
-0.0968764
-0.103128
-0.108845
-0.114016
-0.118632
-0.122689
-0.126183
-0.129116
-0.131491
-0.133319
-0.134613
-0.135388
-0.13566
-0.135447
-0.134772
-0.133658
-0.132138
-0.130246
-0.128015
-0.125482
-0.122675
-0.119625
-0.116361
-0.112915
-0.109322
-0.10562
-0.101847
-0.098038
-0.0942228
-0.0904284
-0.0866784
-0.0829956
-0.0794027
-0.0759229
-0.0725788
-0.0693909
-0.066376
-0.0635462
-0.0609084
-0.0584651
-0.0562151
-0.0541553
-0.0522812
-0.0505876
-0.0490678
-0.0477125
-0.0465092
-0.0454417
-0.0444896
-0.0436297
-0.042837
-0.0420853
-0.0413487
-0.0406019
-0.0398205
-0.0389804
-0.0380577
-0.0370266
-0.0358595
-0.0345266
-0.0329982
-0.0312467
-0.0292492
-0.0269888
-0.0244536
-0.0216342
-0.0185206
-0.0151006
-0.0113608
-0.00728956
-0.00288109
0.00186188
0.00692765
0.012298
0.0179518
0.0238687
0.0300306
0.0364199
0.0430172
0.0497974
0.0567277
0.063767
0.0708688
0.0779842
0.0850656
0.092069
0.0989541
0.105682
0.11221
0.118493
0.124477
0.130105
0.135319
0.140064
0.144295
0.147974
0.151067
0.153544
0.15537
0.156508
0.156919
0.156566
0.155421
0.153463
0.150685
0.147084
0.142662
0.137424
0.131374
0.124519
0.116866
0.108433
0.0992401
0.0893216
0.0787184
0.0674794
0.0556573
0.0433058
0.0304783
0.0172271
0.00360622
-0.0103265
-0.0245062
-0.0388609
-0.053312
-0.0677775
-0.0821756
-0.0964267
-0.110455
-0.12419
-0.137562
-0.150503
-0.162947
-0.174825
-0.186068
-0.196608
-0.206373
-0.215297
-0.223316
-0.230375
-0.236426
-0.241428
-0.24535
-0.248168
-0.249865
-0.25043
-0.249859
-0.248155
-0.245328
-0.241393
-0.236372
-0.230291
-0.223183
-0.215086
-0.206045
-0.19611
-0.185337
-0.173783
-0.161511
-0.148586
-0.13508
-0.121064
-0.106616
-0.0918119
-0.0767322
-0.0614563
-0.0460649
-0.0306389
-0.0152598
-8.39995e-06
0.0150356
0.0297944
0.0441923
0.0581562
0.0716156
0.0845035
0.0967567
0.108317
0.119129
0.129146
0.138321
0.146614
0.153989
0.160416
0.165871
0.170336
0.173799
0.176255
0.177703
0.178147
0.177597
0.17607
0.173588
0.170176
0.165867
0.160696
0.154703
0.147932
0.140431
0.132251
0.123448
0.114078
0.104203
0.0938825
0.0831807
0.0721627
0.0608949
0.0494442
0.0378769
0.0262588
0.0146543
0.00312711
-0.00825997
-0.0194454
-0.0303696
-0.0409753
-0.0512086
-0.0610186
-0.0703583
-0.0791839
-0.0874556
-0.0951374
-0.102198
-0.108608
-0.114346
-0.119389
-0.123723
-0.127334
-0.130217
-0.132369
-0.133794
-0.134497
-0.134489
-0.133784
-0.132398
-0.130354
-0.127675
-0.124392
-0.120537
-0.116143
-0.111248
-0.105889
-0.100108
-0.093947
-0.0874497
-0.0806616
-0.073629
-0.066398
-0.0590157
-0.0515288
-0.0439845
-0.0364291
-0.0289077
-0.0214635
-0.0141378
-0.0069705
-4.50369e-08
0.00673079
0.0131779
0.0193004
0.0250617
0.0304298
0.0353769
0.0398797
0.0439186
0.0474781
0.0505468
0.0531178
0.0551884
0.0567602
0.0578391
0.0584346
0.0585604
0.0582338
0.0574754
0.0563087
0.0547593
0.0528549
0.0506248
0.0481005
0.045315
0.0423033
0.0391008
0.0357425
0.0322631
0.0286956
0.0250725
0.0214254
0.017785
0.0141811
0.0106415
0.00719226
0.00385677
0.000656176
-0.00239065
-0.0052671
-0.00795901
-0.0104548
-0.0127454
-0.0148244
-0.0166875
-0.0183324
-0.0197587
-0.0209684
-0.0219652
-0.0227552
-0.0233462
-0.023747
-0.0239675
-0.0240183
-0.0239104
-0.023656
-0.0232679
-0.0227597
-0.0221451
-0.0214377
-0.0206508
-0.0197971
-0.018889
-0.0179381
-0.0169557
-0.0159527
-0.0149388
-0.0139234
-0.0129148
-0.0119206
-0.0109474
-0.0100011
-0.00908665
-0.00820804
-0.00736851
-0.00657059
-0.00581621
-0.00510676
-0.00444312
-0.00382564
-0.00325422
-0.00272836
-0.00224727
-0.00180993
-0.00141522
-0.0010619
-0.000748652
-0.000474135
-0.000236677
-3.55894e-05
0.000129309
0.000258236
0.000352064
0.000412452
0.000444399
0.000447934
0.000426263
0.000382959
0.000321938
0.000248901
0.000166689
7.97603e-05
-7.57017e-06
-9.12997e-05
-0.000167805
-0.000234044
-0.000287434
-0.000325954
-0.000348234
-0.000354615
-0.000344127
-0.000317839
-0.000277695
-0.000226498
-0.000168715
-0.000107411
-4.77604e-05
4.38306e-06
4.25879e-05
6.09133e-05
5.20539e-05
8.47786e-06
-7.74812e-05
-0.000213464
-0.000402482
-0.000654735
-0.000976765
-0.00137445
-0.00185281
-0.00240708
-0.00304742
-0.00377547
-0.00459148
-0.00549429
-0.00646863
-0.00752131
-0.00864627
-0.00983548
-0.0110789
-0.0123511
-0.0136513
-0.0149648
-0.0162755
-0.0175661
-0.0188071
-0.0199877
-0.0210863
-0.0220808
-0.0229487
-0.0236671
-0.0242141
-0.0245676
-0.0247061
-0.0246088
-0.0242719
-0.023663
-0.0227665
-0.0215689
-0.0200586
-0.0182628
-0.0161396
-0.0136854
-0.0109004
-0.00778801
-0.00441296
-0.000728362
0.00325288
0.00751425
0.0120351
0.0167145
0.0215989
0.0266563
0.0318526
0.0371513
0.0424291
0.0477315
0.0530171
0.0582426
0.0633937
0.0683722
0.0732273
0.0779256
0.0824337
0.0867176
0.0906768
0.0943454
0.0976911
0.100683
0.10329
0.105444
0.107157
0.108402
0.109156
0.109397
0.109104
0.108263
0.10686
0.104884
0.102326
0.0992212
0.0955247
0.091237
0.0863629
0.0809105
0.0749794
0.0684963
0.061479
0.0539488
0.0459308
0.0375813
0.0288049
0.0196369
0.0101154
0.000281343
-0.00966727
-0.0198392
-0.0301864
-0.0406584
-0.051203
-0.0616023
-0.0719663
-0.0822394
-0.092365
-0.102286
-0.111791
-0.120976
-0.129786
-0.138165
-0.146061
-0.153301
-0.159955
-0.165976
-0.171317
-0.175936
-0.179726
-0.182718
-0.18488
-0.186186
-0.186611
-0.186136
-0.184748
-0.182437
-0.179197
-0.175029
-0.170008
-0.164072
-0.157238
-0.149525
-0.14096
-0.131712
-0.121678
-0.110899
-0.0994176
-0.0872835
-0.0747413
-0.0616546
-0.0480831
-0.0340901
-0.019742
-0.00533312
0.00929102
0.0240577
0.0388926
0.0537201
0.068234
0.0825895
0.0967117
0.110526
0.123958
0.136729
0.148974
0.160626
0.171619
0.181891
0.191229
0.199736
0.20736
0.214056
0.219781
0.224416
0.228014
0.23055
0.232007
0.232373
0.231641
0.229808
0.226881
0.222869
0.217789
0.211749
0.204693
0.196652
0.187666
0.177779
0.167196
0.155813
0.143687
0.130881
0.11746
0.103706
0.0894796
0.0748551
0.0599101
0.0447239
0.0296129
0.0144216
-0.000769998
-0.0158827
-0.0308385
-0.0453314
-0.0595184
-0.0733292
-0.0866957
-0.0995528
-0.111643
-0.123102
-0.133874
-0.143907
-0.153154
-0.161437
-0.168859
-0.175389
-0.181006
-0.185691
-0.189367
-0.192092
-0.193861
-0.194676
-0.194545
-0.193493
-0.191528
-0.188675
-0.184967
-0.180438
-0.175209
-0.169241
-0.162578
-0.155267
-0.147359
-0.13904
-0.130238
-0.121015
-0.111434
-0.10156
-0.0916147
-0.0814987
-0.0712706
-0.0609896
-0.0507154
-0.040672
-0.0307558
-0.0210249
-0.011534
-0.00233319
0.00638891
0.0147363
0.0226723
0.0301625
0.0371731
0.0435663
0.04942
0.054711
0.0594231
0.0635476
0.0670234
0.0699104
0.0722121
0.073933
0.0750786
0.0756485
0.0756657
0.0751505
0.0741299
0.0726357
0.0707345
0.0684274
0.065747
0.0627261
0.0593988
0.0558633
0.0520996
0.0481519
0.0440655
0.0398849
0.0357238
0.0315494
0.0273983
0.0233061
0.0193085
0.0155058
0.0118674
0.00842579
0.00521048
0.00224752
-0.000396563
-0.00274779
-0.0047909
-0.00651334
-0.00790506
-0.00894397
-0.00964031
-0.00999281
-0.0100036
-0.00967841
-0.00904332
-0.00809406
-0.00684646
-0.00531919
-0.00353324
-0.00155465
0.000636279
0.00301469
0.00555415
0.00822621
0.010941
0.0137251
0.0165443
0.0193645
0.0221528
0.0248176
0.0273903
0.0298422
0.0321442
0.0342658
0.0361296
0.0377518
0.0391053
0.0401669
0.0409177
0.0413223
0.041386
0.0410948
0.0404356
0.0393968
0.0379868
0.0361861
0.0339961
0.0314217
0.02847
0.0252029
0.0215762
0.0176014
0.0132941
0.00867314
0.00384829
-0.00124386
-0.00657817
-0.0121285
-0.0178669
-0.0236528
-0.029564
-0.0355659
-0.0416236
-0.0477024
-0.0536504
-0.0595535
-0.0653782
-0.071089
-0.076649
-0.0819108
-0.0869503
-0.0917363
-0.0962413
-0.10044
-0.104222
-0.107648
-0.110693
-0.113332
-0.115545
-0.117265
-0.118529
-0.119328
-0.119656
-0.119509
-0.11888
-0.117772
-0.116186
-0.114127
-0.111604
-0.108675
-0.105306
-0.101515
-0.0973165
-0.0927312
-0.0878691
-0.0826644
-0.0771418
-0.0713267
-0.0652451
-0.0590465
-0.0526382
-0.0460515
-0.0393192
-0.0324751
-0.0256921
-0.0188611
-0.0120118
-0.00517392
0.00162228
0.00820259
0.014677
0.0210134
0.0271815
0.0331538
0.0387772
0.0441574
0.0492722
0.0540998
0.0586185
0.062708
0.0664502
0.0698299
0.0728344
0.0754528
0.0776144
0.0793731
0.0807234
0.0816628
0.0821913
0.0822934
0.0819894
0.081283
0.0801783
0.0786818
0.0768295
0.0746067
0.0720283
0.0691099
0.065867
0.0623812
0.0586011
0.0545437
0.0502285
0.0456776
0.041011
0.0361552
0.0311322
0.0259636
0.0206711
0.0153935
0.0100383
0.00462917
-0.000810673
-0.00625931
-0.0115734
-0.0168549
-0.0220827
-0.0272352
-0.0322912
-0.0371151
-0.0418062
-0.0463501
-0.0507328
-0.0549396
-0.0588559
-0.0625654
-0.0660542
-0.0693108
-0.0723264
-0.0750208
-0.0774612
-0.0796412
-0.0815545
-0.0831956
-0.0845186
-0.0855651
-0.0863354
-0.0868308
-0.0870523
-0.0869918
-0.0866615
-0.086066
-0.0852122
-0.0841085
-0.0827856
-0.0812295
-0.0794359
-0.0773808
-0.0750762
-0.0725882
-0.0698849
-0.0669849
-0.0639064
-0.0606675
-0.0573566
-0.0539241
-0.0503925
-0.0467851
-0.043125
-0.0395132
-0.0358882
-0.0322685
-0.0286726
-0.0251196
-0.0217088
-0.0183764
-0.015139
-0.0120108
-0.00900436
-0.00620316
-0.00354397
-0.00103686
0.00130948
0.00348833
0.00543781
0.00721495
0.00881827
0.0102468
0.0115002
0.0125392
0.0134076
0.0141094
0.0146499
0.0150359
0.0152528
0.0153311
0.0152786
0.0151042
0.0148169
0.0144206
0.0139322
0.013362
0.0127205
0.0120184
0.0112715
0.010485
0.00966929
0.0088344
0.00798974
0.00715586
0.00632818
0.00551467
0.00472286
0.00395976
0.00324532
0.00256954
0.00193685
0.00135085
0.000814466
0.000342219
-7.83078e-05
-0.000446196
-0.000761269
-0.00102407
-0.00122692
-0.00138208
-0.00149177
-0.00155869
-0.00158597
-0.00157203
-0.00152712
-0.00145532
-0.00136087
-0.00124814
-0.0011194
-0.000982025
-0.000840381
-0.000698721
-0.000561141
-0.000431012
-0.000312756
-0.000209614
-0.000124489
-5.99136e-05
-1.80001e-05
-4.6878e-07
0
0
0
0
0
0
0
0
0
0
0
0
0
0
0
0
0
0
0
0
0
0
0
0
0
0
0
0
0
0
0
0
0
0
0
0
0
0
0
0
0
0
0
0
0
0
0
0
0
0
0
0
0
0
0
0
0
0
0
0
0
0
0
0
0
0
0
0
0
0
0
0
0
0
0
0
0
0
0
0
0
0
0
0
0
0
0
0
0
0
0
0
0
0
0
0
0
0
0
0
0
0
0
0
0
0
0
0
0
0
0
0
0
0
0
0
0
0
0
0
0
0
0
0
0
0
0
0
0
0
0
0
0
0
0
0
0
0
0
0
0
0
0
0
0
0
0
0
0
0
0
0
0
0
0
0
0
0
0
0
0
0
0
0
0
0
0
0
0
0
0
0
0
0
0
0
0
0
0
0
0
0
0
0
0
0
0
0
0
0
0
0
0
0
0
0
0
0
0
0
0
0
0
0
0
0
0
0
0
0
0
0
0
0
0
0
0
0
0
0
0
0
0
0
0
0
0
0
0
0
0
0
0
0
0
0
0
0
0
0
0
0
0
0
0
0
0
0
0
0
0
0
0
0
0
0
0
0
0
0
0
0
0
0
0
0
0
0
0
0
0
0
0
0
0
0
0
0
0
0
0
0
0
0
0
0
0
0
0
0
0
0
0
0
0
0
0
0
0
0
0
0
0
0
0
0
0
0
0
0
0
0
0
0
0
0
0
0
0
0
0
0
