0
0
0
0
0
0
0
0
0
0
0
0
0
0
0
0
0
0
0
0
0
0
0
0
0
0
0
0
0
0
0
0
0
0
0
0
0
0
0
0
0
0
0
0
0
0
0
0
0
0
0
0
0
0
0
0
0
0
0
0
0
0
0
0
0
0
0
0
0
0
0
0
0
0
0
0
0
0
0
0
0
0
0
0
0
0
0
0
0
0
0
0
0
0
0
0
0
0
0
0
0
0
0
0
0
0
0
0
0
0
0
0
0
0
0
0
0
0
0
0
0
0
0
0
0
0
0
0
0
0
0
0
0
0
0
0
0
0
0
0
0
0
0
0
0
0
0
0
0
0
0
0
0
0
0
0
0
0
0
0
0
0
0
0
0
0
0
0
0
0
0
0
0
0
0
0
0
0
0
0
0
0
0
0
0
0
0
0
0
0
0
0
0
0
0
0
0
0
0
0
0
0
0
0
0
0
0
0
0
0
0
0
0
0
0
0
0
0
0
0
0
0
0
0
0
0
0
0
0
0
0
0
0
0
0
0
0
0
0
0
0
0
0
0
0
0
0
0
0
0
0
0
0
0
0
0
0
0
0
0
0
0
0
0
0
0
0
0
0
0
0
0
0
0
0
0
0
0
0
0
0
0
0
0
0
0
0
0
0
0
0
0
0
0
0
0
0
0
0
0
0
0
0
0
0
0
0
0
0
0
0
0
0
0
0
0
0
0
0
0
0
0
0
0
0
0
0
0
0
0
0
0
0
0
0
0
0
0
0
0
0
0
0
0
0
0
0
0
0
0
0
0
0
0
0
0
0
0
0
0
0
0
0
0
0
0
0
0
0
0
0
0
0
0
0
0
0
0
0
0
0
0
0
0
2.48131e-06
1.27129e-05
3.16766e-05
5.99797e-05
9.79571e-05
0.000145673
0.000202929
0.000269272
0.000344014
0.000426246
0.000514864
0.000608591
0.000706013
0.000805599
0.000905746
0.0010048
0.00110112
0.00119305
0.00127904
0.00135761
0.0014274
0.00148722
0.00153604
0.00157305
0.00159762
0.00160938
0.00160819
0.00159416
0.00156765
0.00152926
0.00147985
0.00142049
0.0013525
0.0012774
0.00119688
0.00111282
0.0010272
0.000942108
0.000859709
0.000782173
0.000711653
0.000650238
0.000599909
0.000562498
0.000539643
0.000532752
0.000542968
0.000571135
0.000617773
0.000683054
0.000766782
0.000868383
0.000986891
0.00112095
0.00126881
0.00142833
0.00159699
0.00177194
0.00194996
0.00212755
0.00230094
0.00246614
0.00261898
0.00275519
0.00287043
0.00296036
0.00302075
0.00304744
0.00303652
0.00298429
0.00288738
0.00274277
0.00254784
0.00230039
0.00199871
0.00164156
0.00122827
0.000758662
0.000233158
-0.000347252
-0.000980981
-0.00166583
-0.002399
-0.00317707
-0.00399602
-0.00485121
-0.00573746
-0.00664903
-0.00757971
-0.00852282
-0.0094738
-0.0104297
-0.0113846
-0.0123327
-0.0132676
-0.0141832
-0.0150731
-0.0159312
-0.0167511
-0.0175268
-0.0182522
-0.0189216
-0.0195294
-0.0200702
-0.020539
-0.0209311
-0.0212422
-0.0214683
-0.021606
-0.0216523
-0.0216048
-0.0214616
-0.0212214
-0.0208835
-0.0204478
-0.019915
-0.0192861
-0.0185631
-0.0177484
-0.0168451
-0.0158569
-0.014788
-0.0136431
-0.0124277
-0.0111473
-0.0098083
-0.0084172
-0.00698101
-0.00550703
-0.00400288
-0.0024764
-0.000935615
0.000611278
0.00215602
0.00369033
0.00520594
0.00669473
0.0081487
0.00956009
0.0109214
0.0122256
0.0134658
0.0146357
0.0157295
0.0167417
0.0176674
0.0185023
0.0192425
0.0198847
0.0204263
0.0208651
0.0211996
0.0214287
0.0215522
0.0215704
0.0214843
0.0212954
0.0210061
0.0206194
0.0201387
0.0195684
0.0189134
0.0181789
0.0173709
0.0164958
0.0155603
0.0145716
0.0135369
0.0124639
0.0113601
0.0102333
0.00909114
0.00794133
0.00679141
0.0056488
0.00452073
0.00341423
0.00233606
0.00129271
0.000290364
-0.000665164
-0.00156844
-0.00241448
-0.00319876
-0.00391727
-0.00456657
-0.00514383
-0.00564682
-0.00607399
-0.00642447
-0.00669809
-0.00689536
-0.0070175
-0.00706642
-0.00704466
-0.00695543
-0.00680253
-0.00659034
-0.00632374
-0.00600814
-0.00564937
-0.00525367
-0.00482764
-0.00437816
-0.0039124
-0.00343771
-0.00296157
-0.00249157
-0.00203529
-0.00160026
-0.00119389
-0.000823386
-0.000495675
-0.000217351
5.40566e-06
0.000166889
0.000261924
0.000285913
0.000234883
0.000105515
-0.000104824
-0.000398065
-0.00077542
-0.00123737
-0.00178366
-0.00241328
-0.0031245
-0.00391478
-0.00478088
-0.00571874
-0.00672358
-0.0077898
-0.00891107
-0.0100803
-0.0112897
-0.0125306
-0.013794
-0.0150701
-0.0163484
-0.0176183
-0.0188685
-0.0200876
-0.0212641
-0.0223862
-0.0234424
-0.0244212
-0.0253115
-0.0261025
-0.0267838
-0.0273456
-0.0277788
-0.0280747
-0.0282257
-0.0282247
-0.0280655
-0.0277427
-0.027252
-0.0265898
-0.0257535
-0.0247415
-0.0235533
-0.0221893
-0.0206511
-0.0189414
-0.017064
-0.015024
-0.0128275
-0.0104821
-0.00799619
-0.00537971
-0.00264359
0.000200087
0.00313817
0.00615651
0.00924003
0.0123729
0.0155384
0.0187194
0.0218982
0.0250567
0.0281766
0.0312395
0.0342269
0.0371207
0.0399029
0.0425557
0.0450621
0.0474056
0.0495702
0.0515409
0.0533034
0.0548444
0.0561518
0.0572143
0.0580219
0.0585657
0.0588383
0.0588336
0.0585466
0.057974
0.057114
0.0559663
0.054532
0.0528141
0.0508169
0.0485464
0.0460104
0.0432182
0.0401805
0.0369097
0.0334198
0.0297261
0.0258452
0.0217952
0.017595
0.013265
0.00882635
0.00430089
-0.00028864
-0.00491904
-0.00956669
-0.0142077
-0.018818
-0.0233738
-0.0278512
-0.0322268
-0.0364778
-0.0405817
-0.0445173
-0.0482638
-0.0518017
-0.0551128
-0.0581799
-0.0609874
-0.063521
-0.0657682
-0.0677179
-0.0693607
-0.0706891
-0.0716971
-0.0723807
-0.0727375
-0.072767
-0.0724703
-0.0718504
-0.0709118
-0.0696608
-0.0681052
-0.0662544
-0.0641193
-0.0617121
-0.0590463
-0.0561367
-0.0529993
-0.0496511
-0.0461098
-0.0423944
-0.0385244
-0.0345197
-0.0304011
-0.0261896
-0.0219066
-0.0175734
-0.0132115
-0.00884244
-0.00448737
-0.000167211
0.00409758
0.00828705
0.0123819
0.0163636
0.0202145
0.0239177
0.0274575
0.0308193
0.0339893
0.0369555
0.0397066
0.0422329
0.0445259
0.0465786
0.0483851
0.0499413
0.0512439
0.0522915
0.0530838
0.0536217
0.0539076
0.053945
0.0537388
0.0532949
0.0526202
0.0517229
0.050612
0.0492975
0.0477902
0.0461015
0.0442438
0.0422297
0.0400726
0.0377862
0.0353845
0.0328817
0.0302923
0.0276308
0.0249115
0.0221489
0.0193572
0.0165501
0.0137414
0.0109442
0.00817126
0.00543479
0.00274644
0.000117241
-0.00244243
-0.00492291
-0.00731527
-0.00961131
-0.0118036
-0.0138857
-0.0158516
-0.0176964
-0.0194159
-0.0210067
-0.0224661
-0.0237925
-0.0249804
-0.026023
-0.0269194
-0.0276699
-0.0282759
-0.0287394
-0.0290635
-0.0292521
-0.0293097
-0.0292417
-0.0290539
-0.0287529
-0.0283454
-0.0278388
-0.0272407
-0.0265589
-0.0258013
-0.024976
-0.024091
-0.0231542
-0.0221736
-0.0211568
-0.0201111
-0.0190436
-0.0179612
-0.0168703
-0.0157769
-0.0146866
-0.0136047
-0.0125359
-0.0114846
-0.0104548
-0.00944978
-0.00847275
-0.00752633
-0.00661276
-0.0057339
-0.00489124
-0.00408592
-0.00331875
-0.00259022
-0.00190054
-0.00124968
-0.000637332
-6.3001e-05
0.000474002
0.000974529
0.00143957
0.00187023
0.00226771
0.00263326
0.00296822
0.00327392
0.00355172
0.00380298
0.00402905
0.00423124
0.00441084
0.00456907
0.00470715
0.00482619
0.00492729
0.00501147
0.00507971
0.00513293
0.00517201
0.00519776
0.00521096
0.00521235
0.00520262
0.00518242
0.00515236
0.00511303
0.00506494
0.0050086
0.00494445
0.00487289
0.00479427
0.00470889
0.00461701
0.0045188
0.0044144
0.0043039
0.00418731
0.00406459
0.00393568
0.00380042
0.00365866
0.00350704
0.00334274
0.00316453
0.0029717
0.00276579
0.00254849
0.00232054
0.00208507
0.00184419
0.00160011
0.00135509
0.00110991
0.000868521
0.00063327
0.00040645
0.00019029
-1.47827e-05
-0.000204898
-0.000378163
-0.00053285
-0.000667422
-0.000782055
-0.000873935
-0.000942177
-0.000986146
-0.00100547
-0.00100104
-0.000971814
-0.000918212
-0.000840931
-0.000740924
-0.000619763
-0.00047832
-0.000318238
-0.000141356
5.03212e-05
0.000254718
0.000469617
0.000692673
0.000921486
0.00115363
0.00138667
0.00161825
0.00184604
0.00206784
0.00228156
0.00248431
0.00267511
0.00285237
0.00301476
0.00316114
0.00328791
0.00339685
0.00348762
0.00356011
0.0036145
0.003646
0.00366001
0.00365743
0.00363935
0.00360703
0.00355407
0.00348932
0.00341442
0.00333105
0.00324092
0.00313595
0.00302707
0.00291588
0.00280385
0.00269229
0.00257201
0.00245394
0.00233885
0.00222727
0.0021195
0.00200672
0.00189735
0.00179098
0.00168693
0.00158428
0.00147684
0.00136834
0.00125736
0.00114236
0.00102168
0.000894152
0.000757544
0.000610184
0.000450462
0.000277023
9.53722e-05
-0.000103413
-0.000320992
-0.000558888
-0.000818465
-0.00108715
-0.00137971
-0.00169696
-0.00203946
-0.00240752
-0.00278179
-0.00318151
-0.00360624
-0.00405522
-0.0045274
-0.00499829
-0.00548946
-0.00599905
-0.00652489
-0.00706451
-0.00759096
-0.00812555
-0.00866512
-0.00920627
-0.0097454
-0.0102566
-0.0107581
-0.0112458
-0.0117158
-0.0121637
-0.0125684
-0.0129426
-0.0132821
-0.0135828
-0.0138405
-0.0140425
-0.0141939
-0.014291
-0.0143306
-0.0143094
-0.0142257
-0.014076
-0.0138579
-0.0135696
-0.0132097
-0.0127888
-0.0122945
-0.0117265
-0.011085
-0.0103707
-0.00960624
-0.00877158
-0.00786873
-0.00690015
-0.00586884
-0.00480748
-0.00369059
-0.00252241
-0.00130762
-5.12855e-05
0.00120752
0.00249669
0.00381021
0.00514177
0.00648479
0.00779869
0.00911044
0.0104131
0.0116996
0.0129628
0.0141661
0.015332
0.0164539
0.0175249
0.0185385
0.0194669
0.0203255
0.0211088
0.0218113
0.0224281
0.022944
0.0233654
0.0236888
0.023911
0.0240293
0.0240437
0.0239507
0.0237494
0.0234394
0.023021
0.0225094
0.0218918
0.0211701
0.0203471
0.019426
0.0184353
0.0173546
0.0161886
0.0149426
0.0136224
0.0122663
0.0108487
0.0093764
0.0078566
0.00629676
0.00473987
0.00315837
0.00156012
-4.6887e-05
-0.00165462
-0.00322105
-0.00477233
-0.00630071
-0.00779858
-0.00925849
-0.0106448
-0.0119791
-0.0132549
-0.014466
-0.0156067
-0.0166518
-0.0176162
-0.0184955
-0.0192858
-0.0199837
-0.0205775
-0.0210737
-0.0214707
-0.0217672
-0.0219627
-0.0220596
-0.0220559
-0.0219529
-0.021752
-0.0214554
-0.0210783
-0.0206113
-0.0200578
-0.0194219
-0.0187079
-0.0179408
-0.0171053
-0.0162067
-0.0152506
-0.0142427
-0.0132138
-0.0121452
-0.0110431
-0.00991376
-0.00876344
-0.00762416
-0.00647647
-0.00532651
-0.00418032
-0.00304381
-0.00194586
-0.00086877
0.000182246
0.00120226
0.00218663
0.00311312
0.00399577
0.00483105
0.00561583
0.00634737
0.00701225
0.00761967
0.00816815
0.00865664
0.00908448
0.00944758
0.00974987
0.00999179
0.0101742
0.0102982
0.0103681
0.0103828
0.0103443
0.010255
0.0101172
0.00994157
0.00972317
0.00946505
0.00917044
0.00884272
0.00849616
0.00812351
0.00772837
0.00731436
0.00688512
0.00645567
0.00601809
0.00557578
0.00513202
0.00468995
0.00426258
0.00384257
0.00343242
0.00303441
0.00265056
0.00228997
0.00194684
0.00162247
0.00131786
0.0010338
0.000774667
0.000536951
0.00032075
0.000125946
-4.77873e-05
-0.000200493
-0.000333361
-0.000447282
-0.000543331
-0.000622761
-0.000689049
-0.000741653
-0.000782229
-0.000812552
-0.000834499
-0.000853403
-0.000867836
-0.000879778
-0.000891215
-0.000904112
-0.00092369
-0.000948453
-0.000980121
-0.0010203
-0.0010705
-0.00113401
-0.00121007
-0.00129971
-0.00140377
-0.00152297
-0.00165753
-0.00180806
-0.00197472
-0.00215744
-0.00235601
-0.00256714
-0.00279308
-0.00303304
-0.00328604
-0.0035509
-0.0038211
-0.00410037
-0.00438707
-0.00467944
-0.00497561
-0.00526685
-0.00555787
-0.00584658
-0.00613086
-0.00640853
-0.00667025
-0.00692106
-0.00715885
-0.00738154
-0.00758711
-0.00776728
-0.00792651
-0.00806301
-0.00817512
-0.00826127
-0.00831578
-0.00834164
-0.00833772
-0.00830308
-0.00823696
-0.00813747
-0.00800557
-0.00784112
-0.00764418
-0.00741505
-0.00715628
-0.00686653
-0.00654673
-0.00619801
-0.00582167
-0.00542448
-0.0050028
-0.00455842
-0.00409325
-0.00360936
-0.0031168
-0.00260992
-0.00209104
-0.00156256
-0.00102696
-0.000496243
3.65495e-05
0.00056887
0.00109816
0.00162185
0.00212757
0.0026227
0.00310484
0.00357166
0.00402092
0.00444153
0.00484046
0.00521587
0.00556606
0.0058895
0.0061778
0.00643679
0.00666546
0.00686302
0.00702882
0.00715812
0.00725499
0.00731938
0.00735143
0.00735146
0.0073187
0.00725512
0.0071616
0.00703917
0.00688903
0.00671407
0.00651421
0.00629105
0.00604628
0.00578171
0.00550312
0.00520854
0.00489996
0.00457939
0.00424886
0.00391582
0.00357686
0.00323394
0.002889
0.00254392
0.00220655
0.00187195
0.00154168
0.00121789
0.000902573
0.000603275
0.000315907
4.1934e-05
-0.000217373
-0.000460937
-0.000683232
-0.000888317
-0.00107575
-0.00124528
-0.00139685
-0.00152737
-0.00164042
-0.00173645
-0.00181607
-0.00187999
-0.00192728
-0.00196069
-0.00198121
-0.0019899
-0.00198789
-0.00197565
-0.00195501
-0.00192711
-0.00189307
-0.00185403
-0.00181103
-0.00176511
-0.00171721
-0.00166822
-0.00161896
-0.00157031
-0.00152273
-0.00147678
-0.00143288
-0.0013914
-0.00135257
-0.00131656
-0.00128346
-0.00125323
-0.00122578
-0.00120062
-0.00117786
-0.00115724
-0.0011384
-0.00112099
-0.001104
-0.00108767
-0.00107159
-0.00105535
-0.00103855
-0.00102009
-0.00100041
-0.000979223
-0.000956252
-0.000931293
-0.000903548
-0.000873644
-0.000841545
-0.000807274
-0.000770913
-0.000732164
-0.00069172
-0.000649818
-0.000606737
-0.000562792
-0.000518129
-0.000473353
-0.000428844
-0.000384987
-0.000342167
-0.000300728
-0.000261068
-0.00022352
-0.000188387
-0.000155933
-0.000126416
-9.99591e-05
-7.66828e-05
-5.66519e-05
-3.98715e-05
-2.63077e-05
-1.58038e-05
-8.18614e-06
-3.22066e-06
-6.15743e-07
0
0
0
0
0
0
0
0
0
0
0
0
0
0
0
0
0
0
0
0
0
0
0
0
0
0
0
0
0
0
0
0
0
0
0
0
0
0
0
0
0
0
0
0
0
0
0
0
0
0
0
0
0
0
0
0
0
0
0
0
0
0
0
0
0
0
0
0
0
0
0
0
0
0
0
0
0
0
0
0
0
0
0
0
0
0
0
0
0
0
0
0
0
0
0
0
0
0
0
0
0
0
0
0
0
0
0
0
0
0
0
0
0
0
0
0
0
0
0
0
0
0
0
0
0
0
0
0
0
0
0
0
0
0
0
0
0
0
0
0
0
0
0
0
0
0
0
0
0
0
0
0
0
0
0
0
0
0
0
0
0
0
0
0
0
0
0
0
0
0
0
0
0
0
0
0
0
0
0
0
0
0
0
0
0
0
0
0
0
0
0
0
0
0
0
0
0
0
0
0
0
0
0
0
0
0
0
0
0
0
0
0
0
0
0
0
0
0
0
0
0
0
0
0
0
0
0
0
0
0
0
0
0
0
0
0
0
0
0
0
0
0
0
0
0
0
0
0
0
0
0
0
0
0
0
0
0
0
0
0
0
0
0
0
0
0
0
0
0
0
0
0
0
0
0
0
0
0
0
0
0
0
0
0
0
0
0
0
0
0
0
0
0
0
0
0
0
0
0
0
0
0
0
0
0
0
0
0
0
0
0
0
0
0
0
0
0
0
0
0
0
0
0
0
0
0
0
0
0
0
0
0
0
0
0
0
0
0
0
0
0
0
0
0
0
0
0
0
0
0
0
0
0
0
0
0
0
0
0
0
0
0
0
0
0
0
0
0
0
0
0
0
0
0
0
0
0
0
0
0
0
0
0
0
