0
0
0
0
0
0
0
0
-0
-0
-0
-0
-0
-0
-0
-0
-0
-0
-0
-0
-0
-0
-0
-0
-0
-0
-0
-0
-0
-0
-0
-0
-0
-0
-0
-0
-0
-0
-0
-0
-0
-0
-0
-0
-0
-0
-0
-0
-0
-0
-0
0
0
0
0
0
0
0
0
0
0
0
0
0
0
0
0
0
0
0
0
0
0
0
0
0
0
0
0
0
0
0
0
0
0
0
0
0
0
0
0
0
0
0
0
0
0
0
0
0
-0
-0
-0
-0
-0
-0
-0
-0
-0
-0
-0
-0
-0
-0
-0
-0
-0
-0
-0
-0
-0
-0
-0
-0
-0
-0
-0
-0
-0
-0
-0
-0
-0
-0
-0
-0
-0
-0
-0
-0
-0
-0
-0
-0
0
0
0
0
0
0
0
0
0
0
0
0
0
0
0
0
0
0
0
0
0
0
0
0
0
0
0
0
0
0
0
0
0
0
0
0
0
0
0
0
0
0
0
-0
-0
-0
-0
-0
-0
-0
-0
-0
-0
-0
-0
-0
-0
-0
-0
-0
-0
-0
-0
-0
-0
-0
-0
-0
-0
-0
-0
-0
-0
-0
-0
-0
-0
-0
-0
-0
-0
-0
-0
-0
0
0
0
0
0
0
0
0
2.24645e-06
1.01454e-05
2.49477e-05
4.76557e-05
7.9001e-05
0.000119426
0.00016907
0.000227767
0.000295035
0.000370083
0.000451821
0.000538868
0.000629575
0.000722051
0.000814186
0.000903687
0.000988109
0.0010649
0.00113147
0.00118519
0.00122348
0.00124384
0.00124385
0.00122124
0.00117395
0.0011002
0.000998522
0.000867835
0.000707435
0.00051698
0.000296476
4.629e-05
-0.000232811
-0.000539597
-0.000872328
-0.00122876
-0.0016062
-0.00200157
-0.00241152
-0.00283241
-0.00326033
-0.0036911
-0.00412025
-0.00454311
-0.00495494
-0.00535102
-0.00572667
-0.00607735
-0.00639855
-0.00668586
-0.00693505
-0.00714216
-0.00730369
-0.00741666
-0.00747863
-0.00748762
-0.00744209
-0.00734094
-0.00718357
-0.00697003
-0.00670106
-0.00637808
-0.00600318
-0.005579
-0.00510869
-0.00459592
-0.00404491
-0.00346039
-0.00284756
-0.0022119
-0.0015591
-0.000894912
-0.00022525
0.000443769
0.00110576
0.00175413
0.00238229
0.00298384
0.00355287
0.00408396
0.00457219
0.00501303
0.00540225
0.00573597
0.00601078
0.00622393
0.00637345
0.00645815
0.00647752
0.00643164
0.00632322
0.00615476
0.00592744
0.00564297
0.00530365
0.00491235
0.00447238
0.00398738
0.00346116
0.00289773
0.00230134
0.00167655
0.00102822
0.000361498
-0.000318319
-0.00100593
-0.00169609
-0.00238366
-0.00306353
-0.00373053
-0.00437945
-0.00500505
-0.00560219
-0.006166
-0.00669194
-0.00717588
-0.00761405
-0.00800297
-0.00833943
-0.00862045
-0.00884338
-0.00900596
-0.00910639
-0.00914338
-0.00911607
-0.00902404
-0.00886728
-0.0086462
-0.00836169
-0.00801512
-0.00760838
-0.0071438
-0.00662413
-0.00605246
-0.00543224
-0.00476726
-0.00406166
-0.00331997
-0.0025471
-0.00174827
-0.000928974
-9.4916e-05
0.00074805
0.00159396
0.00243677
0.00327041
0.00408879
0.00488584
0.00565559
0.00639214
0.0070898
0.00774302
0.00834655
0.00889541
0.00938491
0.00981074
0.010169
0.0104561
0.0106689
0.0108049
0.0108619
0.010838
0.010732
0.0105431
0.0102707
0.00991501
0.0094768
0.00895736
0.00835862
0.00768298
0.00693335
0.00611313
0.00522617
0.00427687
0.00327017
0.00221154
0.00110688
-3.75092e-05
-0.00121505
-0.00241891
-0.00364203
-0.00487718
-0.00611694
-0.00735376
-0.00858005
-0.00978818
-0.0109706
-0.0121197
-0.0132281
-0.0142885
-0.0152939
-0.0162374
-0.0171128
-0.0179139
-0.0186354
-0.019272
-0.0198192
-0.0202725
-0.0206284
-0.0208835
-0.0210349
-0.0210805
-0.0210187
-0.0208484
-0.0205693
-0.0201817
-0.0196867
-0.0190858
-0.0183813
-0.0175756
-0.0166721
-0.0156742
-0.0145863
-0.013413
-0.01216
-0.0108331
-0.00943895
-0.00798442
-0.00647688
-0.00492398
-0.00333371
-0.00171428
-7.41104e-05
0.0015782
0.00323394
0.0048843
0.00652038
0.00813322
0.00971386
0.0112534
0.0127431
0.0141744
0.0155393
0.0168299
0.0180389
0.0191596
0.0201854
0.0211106
0.0219298
0.0226382
0.0232313
0.0237053
0.0240569
0.0242834
0.0243831
0.0243546
0.0241975
0.0239122
0.0234996
0.0229612
0.0222993
0.0215165
0.0206164
0.0196028
0.0184805
0.0172546
0.0159308
0.0145154
0.0130151
0.0114373
0.00978951
0.00807969
0.00631606
0.00450702
0.00266111
0.000786971
-0.00110658
-0.00301061
-0.00491607
-0.00681387
-0.00869494
-0.0105503
-0.0123712
-0.0141489
-0.015875
-0.0175414
-0.0191402
-0.0206636
-0.0221046
-0.0234563
-0.0247126
-0.0258676
-0.0269159
-0.0278527
-0.0286736
-0.0293748
-0.0299531
-0.0304059
-0.0307311
-0.0309273
-0.0309937
-0.0309301
-0.030737
-0.0304153
-0.0299666
-0.0293931
-0.0286976
-0.0278833
-0.0269542
-0.0259144
-0.024769
-0.0235232
-0.0221829
-0.0207541
-0.0192433
-0.0176573
-0.0160033
-0.0142886
-0.0125212
-0.0107093
-0.00886106
-0.00698519
-0.00509027
-0.003185
-0.00127813
0.000621561
0.00250539
0.00436476
0.0061913
0.00797684
0.00971347
0.0113935
0.0130095
0.0145542
0.0160207
0.0174024
0.0186929
0.0198864
0.0209775
0.0219611
0.0228327
0.0235885
0.0242252
0.0247401
0.0251314
0.0253974
0.0255375
0.0255513
0.025439
0.0252014
0.0248399
0.0243564
0.0237533
0.0230336
0.0222008
0.0212592
0.0202136
0.0190692
0.017832
0.0165082
0.0151046
0.0136282
0.012086
0.0104857
0.00883501
0.00714179
0.00541404
0.00365982
0.00188726
0.000104539
-0.00168006
-0.00345821
-0.00522152
-0.00696166
-0.00867037
-0.0103395
-0.0119611
-0.0135273
-0.0150307
-0.0164639
-0.0178204
-0.0190937
-0.0202781
-0.0213683
-0.0223596
-0.0232479
-0.0240296
-0.0247018
-0.0252622
-0.0257093
-0.026042
-0.0262599
-0.026363
-0.0263519
-0.0262281
-0.0259935
-0.0256503
-0.0252018
-0.0246511
-0.0240023
-0.0232594
-0.0224274
-0.0215114
-0.0205169
-0.01945
-0.0183166
-0.0171232
-0.0158764
-0.014583
-0.0132501
-0.0118849
-0.0104947
-0.00908692
-0.00766869
-0.00624719
-0.0048295
-0.00342262
-0.00203343
-0.000668677
0.000665178
0.00196193
0.00321569
0.00442081
0.005572
0.00666426
0.00769302
0.00865417
0.00954408
0.0103595
0.0110978
0.0117565
0.0123336
0.0128276
0.0132374
0.0135626
0.0138031
0.0139593
0.0140321
0.0140227
0.0139328
0.0137645
0.0135201
0.0132025
0.0128149
0.0123608
0.0118439
0.0112681
0.0106378
0.00995741
0.00923158
0.00846512
0.00766296
0.00683008
0.00597159
0.00509262
0.00419833
0.00329385
0.00238422
0.00147438
0.000569158
-0.000326753
-0.00120878
-0.00207252
-0.00291374
-0.00372845
-0.00451291
-0.00526364
-0.00597743
-0.00665134
-0.00728273
-0.00786925
-0.0084089
-0.00889998
-0.00934111
-0.00973116
-0.0100693
-0.010355
-0.0105879
-0.0107683
-0.0108965
-0.0109732
-0.0109994
-0.0109763
-0.0109054
-0.0107884
-0.0106271
-0.0104238
-0.0101807
-0.0099002
-0.00958485
-0.00923729
-0.0088603
-0.00845678
-0.00802976
-0.00758231
-0.00711754
-0.0066385
-0.00614822
-0.00564969
-0.00514587
-0.00463971
-0.00413406
-0.00363168
-0.00313523
-0.00264725
-0.00217019
-0.00170641
-0.00125812
-0.000827426
-0.000416206
-2.6161e-05
0.000341203
0.000684551
0.0010027
0.00129461
0.00155941
0.00179644
0.00200518
0.00218536
0.00233683
0.00245965
0.00255401
0.00262024
0.00265884
0.00267044
0.00265583
0.00261591
0.00255169
0.00246433
0.00235509
0.00222531
0.00207642
0.0019099
0.00172727
0.00153008
0.00131996
0.00109857
0.000867668
0.000628986
0.00038426
0.000135177
-0.000116624
-0.000369542
-0.000622001
-0.000872454
-0.0011194
-0.00136142
-0.00159718
-0.00182545
-0.00204507
-0.00225495
-0.00245404
-0.00264133
-0.00281593
-0.00297707
-0.00312411
-0.00325653
-0.00337395
-0.00347608
-0.00356269
-0.00363364
-0.00368883
-0.00372824
-0.00375193
-0.00376005
-0.00375289
-0.00373085
-0.00369444
-0.00364426
-0.00358095
-0.00350518
-0.00341763
-0.00331902
-0.0032101
-0.00309172
-0.0029648
-0.00283033
-0.00268933
-0.0025428
-0.00239176
-0.0022372
-0.00208006
-0.00192126
-0.00176166
-0.00160211
-0.00144346
-0.00128659
-0.00113234
-0.00098155
-0.000834994
-0.000693326
-0.000557104
-0.000426819
-0.000302944
-0.000185957
-7.633e-05
2.55203e-05
0.000119281
0.00020476
0.000281865
0.000350545
0.000410753
0.000462951
0.000512905
0.000563498
0.000615776
0.000670158
0.000726432
0.000783753
0.000840669
0.000895209
0.000945026
0.000987551
0.0010201
0.00103991
0.00104413
0.00102981
0.000993991
0.000933951
0.000847361
0.000732423
0.000587821
0.000412573
0.000205906
-3.27036e-05
-0.000303327
-0.000605332
-0.000937268
-0.00129699
-0.00168194
-0.00208946
-0.00251685
-0.00296134
-0.00341981
-0.00388882
-0.00436468
-0.00484371
-0.00532244
-0.00579763
-0.00626614
-0.00672483
-0.00717068
-0.00760108
-0.00801407
-0.00840836
-0.00878298
-0.00913692
-0.00946892
-0.0097778
-0.010063
-0.0103252
-0.0105662
-0.0107886
-0.0109948
-0.0111865
-0.011365
-0.0115313
-0.011687
-0.0118348
-0.0119778
-0.012119
-0.0122609
-0.0124055
-0.012555
-0.0127113
-0.0128764
-0.0130513
-0.0132361
-0.0134296
-0.0136307
-0.0138395
-0.0140571
-0.0142854
-0.0145258
-0.0147773
-0.015037
-0.0153011
-0.0155662
-0.0158305
-0.0160929
-0.016353
-0.0166086
-0.0168558
-0.0170899
-0.0173074
-0.0175068
-0.0176884
-0.0178526
-0.0179977
-0.0181202
-0.0182132
-0.0182708
-0.01829
-0.0182776
-0.0182366
-0.0181658
-0.0180645
-0.0179311
-0.0177636
-0.0175636
-0.0173291
-0.0170611
-0.0167598
-0.016424
-0.0160544
-0.0156444
-0.0151911
-0.0146926
-0.0141478
-0.0135597
-0.012923
-0.012236
-0.0114973
-0.0107058
-0.00986577
-0.00897221
-0.00802487
-0.00702342
-0.00596784
-0.00486313
-0.00370649
-0.00249997
-0.00124567
5.44705e-05
0.00139541
0.00277753
0.00419698
0.00564872
0.00712709
0.00862594
0.0101412
0.0116683
0.0132027
0.0147385
0.016272
0.0177934
0.019296
0.0207742
0.0222227
0.0236429
0.0250207
0.0263483
0.0276175
0.028821
0.029965
0.0310327
0.0320193
0.0329198
0.0337283
0.0344551
0.035078
0.0355927
0.0359962
0.0362866
0.0364821
0.0365612
0.0365222
0.0363643
0.0360876
0.0357139
0.0352235
0.0346179
0.033899
0.0330698
0.0321535
0.0311378
0.0300303
0.0288389
0.0275713
0.0262478
0.0248638
0.0234285
0.0219525
0.0204476
0.0189277
0.0174013
0.0158783
0.0143685
0.012882
0.0114184
0.0100005
0.00863976
0.00734701
0.0061324
0.00497809
0.00392163
0.00297294
0.00214145
0.00143537
0.000816816
0.000335053
-6.02372e-06
-0.000202888
-0.000252148
-0.000209731
-1.49664e-05
0.000332162
0.000829714
0.00147419
0.00219305
0.00304949
0.00403788
0.00515138
0.00638155
0.00764912
0.00901194
0.0104577
0.0119731
0.0135442
0.0150965
0.0166742
0.0182608
0.0198388
0.0213899
0.0228563
0.0242568
0.0255713
0.0267795
0.0278623
0.0287955
0.0295692
0.0301688
0.0305802
0.0307899
0.0308193
0.030621
0.0301834
0.0294967
0.0285533
0.0274281
0.0260369
0.0243784
0.0224536
0.0202651
0.0179419
0.0153651
0.0125421
0.00948266
0.0061996
0.00286906
-0.000648762
-0.00433159
-0.00815579
-0.0120974
-0.0159537
-0.0198788
-0.0238461
-0.027826
-0.0317856
-0.0355147
-0.0391542
-0.04267
-0.046029
-0.0491986
-0.0519999
-0.0545475
-0.056809
-0.0587521
-0.0603448
-0.0614645
-0.0621735
-0.0624439
-0.0622499
-0.0615679
-0.0603632
-0.0586319
-0.0563591
-0.0535325
-0.0501426
-0.0462619
-0.0418074
-0.0367792
-0.031181
-0.0250204
-0.0184852
-0.0114137
-0.003824
0.00426187
0.0128183
0.0215527
0.0306969
0.0402154
0.0500695
0.0602163
0.0702825
0.0805482
0.0909639
0.101478
0.112037
0.122228
0.13235
0.142341
0.15214
0.161685
0.170575
0.179093
0.187179
0.194776
0.201826
0.207995
0.213502
0.218294
0.222326
0.225552
0.227767
0.229098
0.229511
0.228973
0.227456
0.224917
0.221364
0.21679
0.211191
0.204567
0.197059
0.188542
0.179033
0.168556
0.15714
0.145116
0.132228
0.11852
0.104045
0.0888587
0.0734521
0.0574643
0.040965
0.0240268
0.00672516
-0.0103438
-0.0276167
-0.0450094
-0.0624349
-0.0798052
-0.0964837
-0.112932
-0.129063
-0.144789
-0.160021
-0.174162
-0.187639
-0.200368
-0.212271
-0.223272
-0.23289
-0.241463
-0.248928
-0.255225
-0.260303
-0.26387
-0.266128
-0.26704
-0.266574
-0.264705
-0.261373
-0.25661
-0.250416
-0.242797
-0.233764
-0.223512
-0.21189
-0.19893
-0.184673
-0.169165
-0.152842
-0.135384
-0.116857
-0.0973315
-0.0768858
-0.0561519
-0.0346681
-0.0125266
0.0101755
0.0333366
0.0561972
0.079307
0.102559
0.125844
0.149051
0.171386
0.193421
0.215048
0.236156
0.256636
0.275751
0.294033
0.311384
0.327712
0.342926
0.356443
0.368682
0.379571
0.389042
0.397033
0.403186
0.407759
0.410716
0.412025
0.411666
0.409554
0.405754
0.400267
0.393102
0.384276
0.373992
0.362107
0.348662
0.333709
0.317308
0.299931
0.281243
0.261322
0.240253
0.218126
0.195627
0.172262
0.148134
0.123353
0.0980312
0.0729914
0.0476475
0.0221176
-0.0034801
-0.0290279
-0.0536734
-0.0780338
-0.101991
-0.125426
-0.148224
-0.169595
-0.190112
-0.209673
-0.228182
-0.245542
-0.261128
-0.275392
-0.288258
-0.299657
-0.30953
-0.317489
-0.323819
-0.328482
-0.331445
-0.332684
-0.332093
-0.329758
-0.32568
-0.319867
-0.312334
-0.303268
-0.292539
-0.280192
-0.26628
-0.250863
-0.234402
-0.216574
-0.197454
-0.177125
-0.155677
-0.133783
-0.110972
-0.0873501
-0.0630287
-0.0381202
-0.0134235
0.0116313
0.0369271
0.0623446
0.0877622
0.11235
0.136696
0.160682
0.184193
0.207113
0.228687
0.249454
0.269312
0.288161
0.305907
0.321956
0.336731
0.350157
0.362169
0.372707
0.381419
0.388558
0.394086
0.397971
0.400191
0.40067
0.399466
0.396586
0.39204
0.385851
0.378222
0.369017
0.358284
0.346077
0.332457
0.317876
0.302022
0.284976
0.266826
0.247668
0.228142
0.207813
0.186785
0.165165
0.143066
0.121221
0.0991256
0.0768968
0.0546508
0.0325035
0.0111864
-0.00980619
-0.0303636
-0.0503763
-0.0697381
-0.0878144
-0.105046
-0.121347
-0.136636
-0.150836
-0.163493
-0.174924
-0.185071
-0.193887
-0.201333
-0.207188
-0.211616
-0.214597
-0.21612
-0.216182
-0.214819
-0.212019
-0.207808
-0.202217
-0.195282
-0.187274
-0.178017
-0.167567
-0.155992
-0.143365
-0.130151
-0.116042
-0.101124
-0.085484
-0.0692145
-0.0528963
-0.0361419
-0.0190502
-0.00172097
0.0157447
0.032735
0.0496596
0.0664182
0.0829124
0.0990465
0.114267
0.128951
0.143015
0.156382
0.168976
0.180377
0.190874
0.20041
0.208937
0.216413
0.222606
0.227683
0.231621
0.234405
0.236026
0.236464
0.235743
0.233875
0.230879
0.226782
0.221764
0.215716
0.208685
0.20072
0.191876
0.182492
0.17235
0.161513
0.150056
0.138053
0.12595
0.113459
0.100658
0.0876281
0.0744507
0.0615986
0.0487636
0.0360271
0.0234693
0.0111684
-0.000450277
-0.0116671
-0.0224161
-0.0326349
-0.042265
-0.0509936
-0.0590287
-0.0663246
-0.0728398
-0.0785388
-0.0832624
-0.0871182
-0.0900906
-0.0921697
-0.0933505
-0.0936455
-0.0930467
-0.0915644
-0.0892152
-0.0860224
-0.0821601
-0.0775173
-0.0721324
-0.0660488
-0.0593146
-0.0522289
-0.0446004
-0.0364875
-0.0279501
-0.0190492
-0.0101481
-0.00100616
0.00831301
0.0177428
0.0272137
0.0363524
0.0453933
0.0542716
0.0629271
0.0713032
0.0790954
0.0865023
0.0934713
0.0999504
0.10589
0.111092
0.115675
0.119614
0.122884
0.125433
0.127158
0.128076
0.128177
0.127459
0.125937
0.123721
0.120754
0.117071
0.112706
0.107698
0.10228
0.0963152
0.0898643
0.0829973
0.0757854
0.068545
0.0610866
0.0534723
0.045767
0.0380414
0.0306254
0.0233308
0.0162261
0.00937122
0.00281691
-0.00317902
-0.00879889
-0.0140045
-0.018759
-0.0230294
-0.0266502
-0.029751
-0.0323243
-0.0343694
-0.0358905
-0.0368433
-0.0372953
-0.0372643
-0.0367738
-0.0358526
-0.0345608
-0.0329069
-0.03093
-0.0286713
-0.0261738
-0.0235629
-0.020796
-0.0179174
-0.0149702
-0.0119959
-0.00913888
-0.00632295
-0.00358421
-0.000956494
0.00152964
0.00374829
0.00578803
0.00763131
0.00926412
0.0106757
0.0117831
0.0126675
0.0133283
0.0137693
0.0139985
0.0139828
0.0137882
0.0134304
0.0129266
0.0122947
0.0115358
0.0106924
0.00978557
0.00883682
0.00786724
0.00689412
0.00593982
0.00502122
0.00415338
0.0033495
0.0026225
0.00197855
0.0014241
0.000962878
0.000595895
0.000322135
0.000136079
3.15361e-05
0
0
0
0
0
0
0
0
0
0
0
0
0
0
-0
-0
-0
-0
-0
-0
-0
-0
-0
-0
-0
-0
-0
-0
-0
-0
-0
-0
-0
-0
-0
-0
-0
-0
-0
-0
-0
-0
-0
-0
-0
-0
-0
0
0
0
0
0
0
0
0
0
0
0
0
0
0
0
0
0
0
0
0
0
0
0
0
0
0
0
0
0
0
0
0
0
0
0
0
0
0
0
0
0
0
0
0
0
0
0
-0
-0
-0
-0
-0
-0
-0
-0
-0
-0
-0
-0
-0
-0
-0
-0
-0
-0
-0
-0
-0
-0
-0
-0
-0
-0
-0
-0
-0
-0
-0
-0
-0
-0
-0
-0
-0
-0
-0
-0
0
0
0
0
0
0
0
0
0
0
0
0
0
0
0
0
0
0
0
0
0
0
0
0
0
0
0
0
0
0
0
0
0
0
0
0
0
0
0
0
0
0
0
0
0
0
0
0
0
0
0
0
0
0
0
0
-0
-0
-0
-0
-0
-0
-0
-0
-0
-0
-0
-0
-0
-0
-0
-0
-0
-0
-0
-0
-0
-0
-0
-0
-0
-0
-0
-0
-0
-0
-0
-0
-0
-0
-0
-0
-0
-0
-0
-0
-0
-0
-0
-0
-0
-0
