0
0
0
0
0
0
0
0
0
0
0
0
0
0
0
0
0
0
0
0
0
0
0
0
0
0
0
0
0
0
0
0
0
0
0
0
0
0
0
0
0
0
0
0
0
0
0
0
0
0
0
0
0
0
0
0
0
0
0
0
0
0
0
0
0
0
0
0
0
0
0
0
0
0
0
0
0
0
0
0
0
0
0
0
0
0
0
0
0
0
0
0
0
0
0
0
0
0
0
0
0
0
0
0
0
0
0
0
0
0
0
0
0
0
0
0
0
0
0
0
0
0
0
0
0
0
0
0
0
0
0
0
0
0
0
0
0
0
0
0
0
0
0
0
0
0
0
0
0
0
0
0
0
0
0
0
0
0
0
0
0
0
0
0
0
0
0
0
0
0
0
0
0
0
0
0
0
0
0
0
0
0
0
0
0
0
0
0
0
0
0
0
0
0
0
0
0
0
0
0
0
0
0
0
0
0
0
0
0
0
0
0
0
0
0
0
0
0
0
0
0
0
0
0
0
0
0
0
0
0
0
0
0
0
0
0
0
0
0
0
0
0
0
0
0
0
0
0
0
0
0
0
0
0
0
0
0
0
0
0
0
0
0
0
0
0
0
0
0
0
0
0
0
0
0
0
0
0
0
0
0
0
0
0
0
0
0
0
0
0
0
0
0
0
0
0
0
0
0
0
0
0
0
0
0
0
0
0
0
0
0
0
0
0
0
0
0
0
0
0
0
0
0
0
0
0
0
0
0
0
0
0
0
0
0
0
0
0
0
0
0
0
0
0
0
0
0
0
0
0
0
0
0
0
0
0
0
0
0
0
0
0
0
0
0
0
0
0
0
0
0
0
0
0
0
0
0
0
0
0
0
0
0
0
-2.51651e-07
-2.42159e-06
-8.61919e-06
-2.0877e-05
-4.11196e-05
-7.1134e-05
-0.00011254
-0.000166764
-0.000235013
-0.000318255
-0.000417197
-0.000532273
-0.000663628
-0.000811114
-0.000974281
-0.00115238
-0.00134437
-0.00154892
-0.0017644
-0.00198893
-0.00222036
-0.00245628
-0.00269411
-0.00293108
-0.00316429
-0.00339072
-0.00360728
-0.0038108
-0.00399807
-0.00416588
-0.00431107
-0.00443056
-0.00452145
-0.00458095
-0.0046065
-0.00459577
-0.00454666
-0.00445742
-0.00432661
-0.00415314
-0.00393623
-0.00367545
-0.00337072
-0.00302229
-0.00263086
-0.00219753
-0.00172381
-0.00121163
-0.000663239
-8.12027e-05
0.000531607
0.00117203
0.00183662
0.00252172
0.00322348
0.00393792
0.00466096
0.00538844
0.00611608
0.00683955
0.00755455
0.00825686
0.00894245
0.00960755
0.0102486
0.0108622
0.0114452
0.0119944
0.0125072
0.0129808
0.0134132
0.0138024
0.0141468
0.0144453
0.014697
0.0149017
0.0150593
0.0151704
0.0152357
0.0152561
0.0152328
0.0151671
0.0150604
0.0149146
0.0147315
0.0145132
0.014262
0.0139801
0.0136697
0.0133331
0.0129758
0.0126042
0.0122197
0.0118233
0.0114162
0.010999
0.0105723
0.0101369
0.00969327
0.00924192
0.00878319
0.00831717
0.00784368
0.00736236
0.00687272
0.00637418
0.00586616
0.00534802
0.00481903
0.00427843
0.00372541
0.00315915
0.00257882
0.00198357
0.0013725
0.000744648
9.90121e-05
-0.000565339
-0.00124921
-0.00195321
-0.00267774
-0.00342303
-0.00418906
-0.00497557
-0.00578202
-0.00660746
-0.0074506
-0.00830982
-0.0091832
-0.0100686
-0.0109637
-0.0118657
-0.0127716
-0.013678
-0.014581
-0.0154764
-0.01636
-0.017227
-0.0180729
-0.0188927
-0.0196812
-0.020433
-0.0211423
-0.0218036
-0.0224109
-0.0229585
-0.0234403
-0.0238503
-0.0241826
-0.0244311
-0.0245902
-0.0246542
-0.0246181
-0.024477
-0.0242266
-0.0238629
-0.0233825
-0.0227823
-0.0220601
-0.021214
-0.020243
-0.0191464
-0.0179244
-0.0165778
-0.0151082
-0.0135183
-0.0118112
-0.00999128
-0.00806321
-0.00603254
-0.00390548
-0.00168902
0.000609025
0.00298007
0.00541479
0.0079033
0.0104352
0.0129996
0.0155851
0.0181799
0.0207715
0.0233469
0.0258929
0.0283959
0.0308421
0.0332178
0.0355092
0.0377024
0.0397838
0.0417398
0.0435573
0.0452237
0.0467268
0.0480552
0.0491982
0.0501457
0.0508885
0.0514183
0.051728
0.0518113
0.0516635
0.0512806
0.0506601
0.0498006
0.0487021
0.0473657
0.0457938
0.0439904
0.0419604
0.0397101
0.0372473
0.0345805
0.03172
0.0286768
0.0254633
0.0220929
0.0185799
0.0149398
0.0111887
0.00734387
0.00342317
-0.000554739
-0.00457066
-0.00860494
-0.0126376
-0.0166482
-0.0206165
-0.0245219
-0.0283437
-0.0320617
-0.0356558
-0.0391065
-0.0423948
-0.0455025
-0.048412
-0.051107
-0.053572
-0.0557928
-0.0577565
-0.0594513
-0.0608672
-0.0619951
-0.0628279
-0.0633598
-0.0635869
-0.0635069
-0.0631194
-0.0624254
-0.0614278
-0.0601312
-0.0585417
-0.0566669
-0.0545164
-0.0521008
-0.0494327
-0.0465256
-0.0433946
-0.0400557
-0.0365262
-0.0328245
-0.0289698
-0.0249821
-0.0208824
-0.0166918
-0.0124323
-0.00812577
-0.00379452
0.000539182
0.00485311
0.00912522
0.0133338
0.0174576
0.021476
0.0253689
0.0291171
0.0327022
0.0361068
0.0393145
0.0423102
0.04508
0.0476112
0.0498928
0.0519147
0.0536688
0.0551483
0.056348
0.0572643
0.0578953
0.0582406
0.0583015
0.0580806
0.0575822
0.0568121
0.0557774
0.0544869
0.0529504
0.0511792
0.0491856
0.0469829
0.0445855
0.0420088
0.039269
0.036383
0.0333685
0.0302434
0.0270262
0.0237355
0.0203902
0.0170091
0.013611
0.0102145
0.00683793
0.00349943
0.00021651
-0.00299382
-0.0061152
-0.00913205
-0.0120296
-0.0147941
-0.0174126
-0.0198733
-0.0221656
-0.0242799
-0.0262077
-0.0279421
-0.0294769
-0.0308076
-0.0319307
-0.0328437
-0.0335456
-0.0340368
-0.0343186
-0.0343939
-0.0342667
-0.0339421
-0.033426
-0.0327254
-0.0318483
-0.0308035
-0.0296007
-0.0282505
-0.026764
-0.0251528
-0.023429
-0.0216049
-0.0196933
-0.0177074
-0.0156606
-0.0135663
-0.011438
-0.00928927
-0.00713308
-0.00498228
-0.0028494
-0.00074662
0.0013143
0.00332211
0.00526618
0.00713655
0.00892399
0.01062
0.0122169
0.0137077
0.0150866
0.0163484
0.0174889
0.0185046
0.0193929
0.020152
0.0207808
0.0212793
0.0216481
0.0218887
0.0220037
0.0219958
0.0218687
0.0216264
0.0212736
0.0208156
0.0202581
0.0196076
0.0188705
0.0180539
0.0171651
0.0162115
0.015201
0.0141414
0.0130407
0.0119068
0.0107476
0.00957098
0.00838463
0.00719612
0.00601282
0.00484185
0.00368999
0.00256369
0.00146904
0.000411797
-0.000602643
-0.00156926
-0.00248348
-0.00334123
-0.00413899
-0.00487375
-0.00554301
-0.00614472
-0.00667728
-0.00713957
-0.00753099
-0.00785146
-0.0081014
-0.00828168
-0.00839357
-0.00843867
-0.00841893
-0.00833663
-0.00819437
-0.00799511
-0.00774205
-0.00743868
-0.00708868
-0.00669591
-0.00626433
-0.00579802
-0.00530109
-0.00477767
-0.00422827
-0.00365388
-0.0030623
-0.00246143
-0.00185911
-0.00126299
-0.000680376
-0.000118185
0.000417162
0.00091977
0.00138433
0.00180617
0.0021813
0.00250648
0.00277922
0.00299779
0.00316119
0.00326914
0.00332206
0.00332104
0.0032678
0.00316467
0.00301449
0.00282057
0.00258661
0.00231669
0.00201516
0.00168658
0.00133568
0.000967233
0.000586029
0.000196783
-0.000195887
-0.000587507
-0.000973787
-0.00135067
-0.00171439
-0.00206148
-0.00238883
-0.00269367
-0.00297357
-0.00322644
-0.00345052
-0.00364441
-0.00380705
-0.00393772
-0.00403605
-0.00410193
-0.00413553
-0.00413721
-0.00410757
-0.00404738
-0.00395765
-0.00383949
-0.0036942
-0.0035231
-0.00332757
-0.003109
-0.0028688
-0.00260842
-0.00232933
-0.002033
-0.00172084
-0.00139412
-0.00105403
-0.000701666
-0.000338186
3.51458e-05
0.000416932
0.000805676
0.00119986
0.001598
0.00199867
0.00240042
0.00280174
0.00320103
0.00359653
0.00398637
0.00436857
0.00474107
0.00510173
0.00544831
0.0057786
0.00609036
0.00638145
0.00664971
0.00689304
0.00710928
0.00729718
0.00745564
0.00758612
0.0076904
0.00776717
0.00781505
0.00782731
0.0078074
0.00775351
0.00766388
0.0075369
0.00736718
0.00715741
0.00690639
0.00661292
0.00627585
0.00589243
0.00546378
0.00498952
0.00446944
0.00390339
0.00329251
0.00263539
0.00193212
0.00118317
0.000389454
-0.000442579
-0.00131623
-0.00222954
-0.00318028
-0.0041659
-0.00517434
-0.00621109
-0.00727234
-0.00835406
-0.00945212
-0.0105496
-0.0116546
-0.0127622
-0.0138672
-0.0149638
-0.0160309
-0.0170775
-0.0180978
-0.0190855
-0.0200346
-0.0209228
-0.0217595
-0.0225383
-0.0232532
-0.0238986
-0.0244551
-0.024931
-0.025321
-0.02562
-0.0258231
-0.0259167
-0.0259063
-0.0257887
-0.0255613
-0.0252217
-0.0247658
-0.0241942
-0.023506
-0.0227013
-0.021781
-0.0207539
-0.0196148
-0.0183666
-0.0170125
-0.0155566
-0.0140211
-0.0123946
-0.0106836
-0.00889523
-0.00703708
-0.00514372
-0.00319789
-0.00120899
0.000813016
0.0028578
0.00488222
0.00690783
0.00892347
0.0109176
0.0128785
0.0147598
0.0165844
0.018341
0.0200186
0.021609
0.0230728
0.0244317
0.0256765
0.0267983
0.0277889
0.0286186
0.0293027
0.0298355
0.0302118
0.0304272
0.0304692
0.030343
0.0300456
0.0295754
0.0289311
0.0281217
0.02714
0.0259887
0.0246711
0.0231917
0.0215818
0.0198212
0.0179167
0.0158769
0.013711
0.0114717
0.00912814
0.00669226
0.00417654
0.00159414
-0.000988123
-0.00360867
-0.00625233
-0.00890345
-0.0115461
-0.0141075
-0.0166282
-0.0190922
-0.0214832
-0.0237848
-0.0259297
-0.0279537
-0.0298417
-0.0315787
-0.0331505
-0.034506
-0.0356692
-0.0366284
-0.0373728
-0.0378932
-0.0381664
-0.0382
-0.0379877
-0.0375242
-0.0368057
-0.0358432
-0.0346236
-0.0331489
-0.0314224
-0.0294488
-0.0272759
-0.0248691
-0.022237
-0.0193906
-0.0163425
-0.0131752
-0.0098367
-0.00634417
-0.00271582
0.00102895
0.00478352
0.00861234
0.0124927
0.0164009
0.0203128
0.0241106
0.0278623
0.0315427
0.0351262
0.0385869
0.0418137
0.0448674
0.0477241
0.0503603
0.0527535
0.0548178
0.0565967
0.0580709
0.0592225
0.0600357
0.0604661
0.0605323
0.0602245
0.0595345
0.058456
0.0569967
0.0551432
0.0528966
0.0502607
0.0472419
0.0439055
0.0402055
0.0361548
0.0317687
0.0270649
0.0221613
0.0169825
0.0115526
0.0058978
4.59471e-05
-0.00584491
-0.0118725
-0.0180044
-0.0242069
-0.0304454
-0.0365413
-0.0426024
-0.048593
-0.0544768
-0.0602173
-0.065639
-0.070845
-0.0758005
-0.0804719
-0.0848267
-0.0887193
-0.0922345
-0.0953444
-0.0980226
-0.100245
-0.101918
-0.103095
-0.103759
-0.103897
-0.103497
-0.102534
-0.101019
-0.0989503
-0.0963285
-0.0931578
-0.0894893
-0.0852891
-0.0805701
-0.0753486
-0.069644
-0.0635808
-0.057082
-0.0501751
-0.04289
-0.0352591
-0.0274659
-0.0193975
-0.0110924
-0.00259091
0.00606523
0.0146546
0.0233124
0.0319944
0.040656
0.049252
0.0575521
0.0656975
0.0736453
0.081353
0.0887795
0.0957164
0.102293
0.108474
0.114222
0.119507
0.12417
0.128313
0.131913
0.134949
0.137401
0.139183
0.140353
0.140904
0.14083
0.140131
0.138801
0.136851
0.134289
0.131126
0.127376
0.123116
0.118307
0.112974
0.107142
0.100839
0.0942128
0.087179
0.0797723
0.0720299
0.0639909
0.0558546
0.0475024
0.0389755
0.0303155
0.0215649
0.0129479
0.00432635
-0.00425723
-0.0127607
-0.0211431
-0.0291843
-0.0370265
-0.0446328
-0.0519678
-0.0589974
-0.0655325
-0.0717016
-0.077478
-0.0828375
-0.0877577
-0.0921017
-0.0959693
-0.0993463
-0.102222
-0.104588
-0.106374
-0.107643
-0.108394
-0.108628
-0.108351
-0.107562
-0.10628
-0.104516
-0.102288
-0.0996112
-0.0965502
-0.0930802
-0.0892234
-0.0850043
-0.0804489
-0.0756733
-0.0706168
-0.065308
-0.0597759
-0.05405
-0.0482784
-0.0423736
-0.0363658
-0.0302854
-0.0241623
-0.0181565
-0.0121659
-0.00621821
-0.000340371
0.00544177
0.010977
0.0163692
0.0215971
0.0266406
0.031481
0.0359919
0.040267
0.0442927
0.0480573
0.0515508
0.0546836
0.0575299
0.0600847
0.0623448
0.0643087
0.065929
0.0672555
0.0682914
0.0690412
0.0695107
0.069693
0.0696112
0.0692755
0.0686972
0.067888
0.0668755
0.0656568
0.0642451
0.0626544
0.0608995
0.0590334
0.0570332
0.0549133
0.0526885
0.0503731
0.0480345
0.0456349
0.0431887
0.0407097
0.0382105
0.0357606
0.0333126
0.0308766
0.0284624
0.0260796
0.0237932
0.0215546
0.0193706
0.017247
0.0151888
0.0132495
0.011384
0.00959538
0.00788552
0.00625554
0.00474436
0.00331344
0.00196251
0.000691009
-0.000502131
-0.0015913
-0.00260637
-0.0035504
-0.0044267
-0.00523869
-0.00597248
-0.0066488
-0.0072713
-0.00784383
-0.00837026
-0.00884479
-0.00928001
-0.00967873
-0.0100436
-0.0103773
-0.0106785
-0.0109544
-0.0112076
-0.0114407
-0.0116555
-0.0118518
-0.0120318
-0.012196
-0.0123448
-0.0124784
-0.0125968
-0.0126955
-0.0127708
-0.012822
-0.0128479
-0.0128474
-0.0128189
-0.0127605
-0.0126708
-0.0125481
-0.0123921
-0.0122006
-0.0119725
-0.0117066
-0.0114022
-0.0110611
-0.0106805
-0.0102601
-0.00980016
-0.00930105
-0.00876879
-0.00819888
-0.0075928
-0.00695252
-0.00628047
-0.00558828
-0.00486985
-0.00412842
-0.00336756
-0.00259115
-0.00181577
-0.00103303
-0.000247395
0.000536775
0.0013153
0.0020691
0.00280966
0.00353256
0.00423314
0.00490676
0.00553293
0.00612475
0.00667883
0.00719222
0.00766225
0.00807103
0.0084328
0.00874553
0.00900763
0.00921801
0.00936307
0.00945708
0.00950059
0.00949454
0.00944022
0.00932955
0.00917524
0.00897963
0.00874538
0.00847543
0.00816694
0.00783013
0.0074686
0.00708609
0.00668643
0.00627067
0.00584605
0.00541648
0.00498582
0.00455779
0.00413531
0.0037225
0.00332253
0.00293828
0.0025724
0.00222765
0.00190549
0.00160757
0.00133515
0.00108911
0.000870501
0.000678659
0.00051335
0.000373962
0.000259518
0.000168901
0.000100078
5.11256e-05
1.98341e-05
3.73819e-06
0
0
0
0
0
0
0
0
0
0
0
0
0
0
0
0
0
0
0
0
0
0
0
0
0
0
0
0
0
0
0
0
0
0
0
0
0
0
0
0
0
0
0
0
0
0
0
0
0
0
0
0
0
0
0
0
0
0
0
0
0
0
0
0
0
0
0
0
0
0
0
0
0
0
0
0
0
0
0
0
0
0
0
0
0
0
0
0
0
0
0
0
0
0
0
0
0
0
0
0
0
0
0
0
0
0
0
0
0
0
0
0
0
0
0
0
0
0
0
0
0
0
0
0
0
0
0
0
0
0
0
0
0
0
0
0
0
0
0
0
0
0
0
0
0
0
0
0
0
0
0
0
0
0
0
0
0
0
0
0
0
0
0
0
0
0
0
0
0
0
0
0
0
0
0
0
0
0
0
0
0
0
0
0
0
0
0
0
0
0
0
0
0
0
0
0
0
0
0
0
0
0
0
0
0
0
0
0
0
0
0
0
0
0
0
0
0
0
0
0
0
0
0
0
0
0
0
0
0
0
0
0
0
0
0
0
0
0
0
0
0
0
0
0
0
0
0
0
0
0
0
0
0
0
0
0
0
0
0
0
0
0
0
0
0
0
0
0
0
0
0
0
0
0
0
0
0
0
0
0
0
0
0
0
0
0
0
0
0
0
0
0
0
0
0
0
0
0
0
0
0
0
0
0
0
0
0
0
0
0
0
0
0
0
0
0
0
0
0
0
0
0
0
0
0
0
0
0
0
0
0
0
0
0
0
0
0
0
0
0
0
0
0
0
0
0
0
0
0
0
0
0
0
0
0
0
0
0
0
0
0
0
0
0
0
0
0
0
0
0
0
0
0
0
0
0
0
0
0
0
0
0
0
0
