0
0
0
0
0
0
0
0
0
0
0
0
0
0
0
0
0
0
0
0
0
0
0
0
0
0
0
0
0
0
0
0
0
0
0
0
0
0
0
0
0
0
0
0
0
0
0
0
0
0
0
0
0
0
0
0
0
0
0
0
0
0
0
0
0
0
0
0
0
0
0
0
0
0
0
0
0
0
0
0
0
0
0
0
0
0
0
0
0
0
0
0
0
0
0
0
0
0
0
0
0
0
0
0
0
0
0
0
0
0
0
0
0
0
0
0
0
0
0
0
0
0
0
0
0
0
0
0
0
0
0
0
0
0
0
0
0
0
0
0
0
0
0
0
0
0
0
0
0
0
0
0
0
0
0
0
0
0
0
0
0
0
0
0
0
0
0
0
0
0
0
0
0
0
0
0
0
0
0
0
0
0
0
0
0
0
0
0
0
0
0
0
0
0
0
0
0
0
0
0
0
-9.00733e-06
-3.8952e-05
-9.09901e-05
-0.000165856
-0.000263863
-0.00038488
-0.000528313
-0.000693091
-0.000877648
-0.00107992
-0.00129733
-0.00152681
-0.0017648
-0.00200725
-0.00224965
-0.00248702
-0.00271397
-0.00292473
-0.00311327
-0.00327329
-0.00339828
-0.00348152
-0.00351614
-0.00349519
-0.00341178
-0.00325928
-0.00303138
-0.00272218
-0.00232614
-0.00183812
-0.00125335
-0.000567608
0.000222573
0.00111977
0.00212555
0.00324044
0.00446395
0.00579462
0.00722986
0.00876598
0.010398
0.0121197
0.0139236
0.015801
0.0177422
0.0197361
0.0217705
0.0238323
0.0259071
0.02798
0.0300352
0.0320564
0.0340267
0.0359285
0.0377436
0.0394536
0.0410403
0.0424858
0.043773
0.0448855
0.0458078
0.046525
0.0470236
0.0472907
0.0473152
0.0470875
0.0465999
0.0458464
0.0448231
0.0435277
0.0419602
0.0401225
0.0380187
0.0356554
0.0330411
0.0301867
0.0271047
0.0238096
0.0203172
0.0166451
0.0128125
0.00884036
0.00475136
0.000569723
-0.00367926
-0.00796972
-0.0122756
-0.0165709
-0.0208293
-0.0250247
-0.0291401
-0.0331622
-0.0370722
-0.0408516
-0.0444829
-0.0479492
-0.0512344
-0.0543228
-0.0571995
-0.0598502
-0.0622619
-0.0644226
-0.0663212
-0.0679479
-0.0692936
-0.0703503
-0.0711115
-0.0715724
-0.0717297
-0.0715817
-0.0711278
-0.0703681
-0.0693037
-0.0679368
-0.0662717
-0.0643146
-0.062074
-0.0595598
-0.0567827
-0.0537542
-0.0504863
-0.0469919
-0.043285
-0.0393813
-0.0352975
-0.0310511
-0.0266602
-0.0221432
-0.0175191
-0.0128078
-0.00803011
-0.00320741
0.00163852
0.00648617
0.0113146
0.0161033
0.0208324
0.0254819
0.030032
0.0344627
0.0387545
0.0428887
0.0468477
0.0506153
0.0541763
0.057517
0.0606241
0.0634852
0.0660883
0.0684222
0.0704772
0.072245
0.0737192
0.0748954
0.0757704
0.0763424
0.0766104
0.0765745
0.076236
0.0755978
0.0746647
0.0734426
0.071939
0.0701621
0.068121
0.0658262
0.0632894
0.0605239
0.0575446
0.0543675
0.051009
0.0474857
0.0438141
0.0400114
0.0360953
0.0320844
0.027998
0.0238556
0.0196766
0.0154802
0.011285
0.0071093
0.00297133
-0.00111082
-0.00511928
-0.00903666
-0.0128464
-0.0165327
-0.0200811
-0.0234777
-0.02671
-0.0297662
-0.0326356
-0.0353086
-0.0377764
-0.0400312
-0.0420663
-0.0438756
-0.045454
-0.0467978
-0.0479044
-0.0487726
-0.0494029
-0.049797
-0.0499577
-0.0498889
-0.0495952
-0.0490821
-0.0483565
-0.0474263
-0.0463004
-0.0449889
-0.0435028
-0.0418532
-0.0400519
-0.0381111
-0.0360434
-0.0338616
-0.0315789
-0.0292087
-0.026764
-0.024258
-0.0217037
-0.0191147
-0.0165044
-0.0138867
-0.0112745
-0.00868026
-0.00611519
-0.00358952
-0.0011128
0.00130583
0.00365748
0.00593368
0.00812669
0.0102298
0.0122373
0.0141446
0.0159481
0.0176447
0.0192325
0.0207101
0.0220775
0.023335
0.0244837
0.0255253
0.0264614
0.0272944
0.0280277
0.0286654
0.0292128
0.029676
0.0300611
0.0303743
0.0306214
0.0308082
0.0309405
0.0310241
0.031065
0.0310693
0.031043
0.0309919
0.0309218
0.0308381
0.030746
0.0306502
0.0305545
0.0304617
0.0303739
0.0302925
0.0302188
0.0301537
0.0300977
0.0300508
0.0300124
0.0299811
0.0299545
0.0299297
0.0299033
0.0298711
0.0298288
0.0297714
0.029694
0.0295915
0.0294588
0.0292906
0.0290811
0.0288241
0.0285129
0.0281405
0.0277
0.0271848
0.0265892
0.0259082
0.0251375
0.0242737
0.0233136
0.0222549
0.0210956
0.0198342
0.0184695
0.0170007
0.0154278
0.0137514
0.0119732
0.0100959
0.00812381
0.00606219
0.00391751
0.00169705
-0.000591135
-0.00293845
-0.00533581
-0.00777372
-0.0102422
-0.0127306
-0.0152278
-0.0177216
-0.0201989
-0.0226461
-0.025049
-0.0273932
-0.0296644
-0.0318485
-0.0339316
-0.0359005
-0.0377424
-0.0394451
-0.0409967
-0.0423858
-0.0436006
-0.0446296
-0.0454614
-0.0460853
-0.046492
-0.0466738
-0.0466244
-0.0463393
-0.0458149
-0.0450488
-0.0440397
-0.0427873
-0.041293
-0.0395594
-0.0375905
-0.0353913
-0.0329679
-0.0303274
-0.0274783
-0.0244306
-0.0211964
-0.0177889
-0.0142231
-0.0105146
-0.00668017
-0.00273707
0.00129673
0.00540284
0.00956259
0.0137572
0.017968
0.0221758
0.0263612
0.0305042
0.034584
0.0385796
0.0424699
0.0462341
0.0498517
0.053303
0.0565687
0.0596303
0.0624708
0.0650747
0.0674281
0.069519
0.071337
0.0728731
0.0741197
0.075071
0.0757231
0.0760737
0.0761223
0.0758701
0.0753191
0.0744728
0.0733359
0.0719147
0.0702171
0.0682527
0.0660324
0.0635681
0.0608728
0.0579603
0.0548453
0.0515435
0.0480718
0.0444476
0.0406889
0.0368142
0.0328425
0.0287932
0.0246859
0.0205403
0.0163759
0.0122119
0.00806702
0.00396007
-9.04554e-05
-0.00406623
-0.00794939
-0.0117229
-0.0153707
-0.018878
-0.022231
-0.0254166
-0.0284227
-0.0312379
-0.033852
-0.0362558
-0.0384417
-0.0404029
-0.042134
-0.0436306
-0.0448892
-0.0459076
-0.0466849
-0.0472215
-0.0475187
-0.0475791
-0.0474061
-0.047004
-0.0463782
-0.0455351
-0.0444822
-0.0432279
-0.0417813
-0.0401519
-0.0383499
-0.036386
-0.0342713
-0.0320178
-0.0296377
-0.0271436
-0.0245486
-0.0218659
-0.0191087
-0.0162902
-0.0134235
-0.0105213
-0.00759608
-0.00466014
-0.00172589
0.00119436
0.00408846
0.00694474
0.00975219
0.0125005
0.01518
0.0177816
0.0202963
0.0227159
0.0250325
0.0272392
0.0293297
0.0312984
0.0331401
0.0348499
0.0364234
0.037857
0.0391479
0.0402942
0.0412947
0.0421487
0.0428557
0.0434155
0.0438285
0.0440958
0.0442193
0.0442019
0.0440467
0.0437571
0.0433367
0.0427891
0.0421186
0.0413297
0.0404275
0.0394172
0.0383042
0.0370938
0.0357918
0.0344039
0.0329363
0.0313955
0.029788
0.02812
0.0263979
0.0246281
0.022817
0.0209715
0.0190982
0.0172041
0.0152956
0.013379
0.0114605
0.00954612
0.00764217
0.00575471
0.00388973
0.00205296
0.000249987
-0.00151371
-0.00323271
-0.00490174
-0.00651576
-0.00807009
-0.0095604
-0.0109825
-0.0123324
-0.0136057
-0.0147985
-0.015907
-0.016928
-0.0178589
-0.0186975
-0.0194417
-0.0200895
-0.0206389
-0.0210881
-0.0214359
-0.0216818
-0.0218257
-0.021868
-0.0218091
-0.0216497
-0.0213905
-0.0210327
-0.0205782
-0.0200294
-0.0193891
-0.0186604
-0.0178467
-0.0169514
-0.0159782
-0.0149315
-0.0138158
-0.012636
-0.0113973
-0.0101053
-0.0087656
-0.00738447
-0.00596827
-0.00452361
-0.00305714
-0.0015755
-8.53255e-05
0.0014067
0.00289385
0.00436939
0.00582665
0.00725908
0.00866024
0.0100237
0.0113431
0.0126121
0.0138244
0.0149744
0.0160569
0.0170672
0.0180007
0.0188531
0.0196202
0.0202984
0.0208845
0.0213764
0.0217723
0.0220711
0.0222714
0.022372
0.0223722
0.0222717
0.0220716
0.0217738
0.0213808
0.0208954
0.0203205
0.0196589
0.018914
0.01809
0.0171919
0.0162253
0.0151959
0.0141095
0.0129719
0.0117892
0.0105678
0.00931477
0.00803743
0.00674286
0.00543781
0.00412881
0.0028224
0.00152545
0.000245114
-0.00101139
-0.00223718
-0.00342598
-0.00457205
-0.00566994
-0.00671417
-0.00769921
-0.00861967
-0.00947067
-0.0102482
-0.0109488
-0.0115698
-0.0121088
-0.0125632
-0.012931
-0.0132109
-0.0134022
-0.013505
-0.0135199
-0.0134476
-0.0132891
-0.0130456
-0.0127188
-0.0123115
-0.0118272
-0.0112703
-0.0106448
-0.00995533
-0.00920603
-0.00840154
-0.00754697
-0.00664806
-0.00571091
-0.00474175
-0.00374664
-0.00273147
-0.00170208
-0.000664502
0.000375032
0.00141015
0.00243457
0.00344203
0.00442461
0.00537494
0.00628611
0.00715142
0.00796454
0.00871964
0.0094116
0.0100361
0.0105896
0.0110692
0.0114728
0.011799
0.0120468
0.0122162
0.0123075
0.0123218
0.0122593
0.0121091
0.0118713
0.0115505
0.011152
0.0106821
0.010148
0.00955733
0.00891871
0.00824141
0.00753527
0.00681041
0.00607701
0.00534508
0.00462439
0.00392445
0.0032545
0.0026234
0.00203949
0.00151041
0.00104295
0.000642984
0.000315462
6.43741e-05
-0.000107283
-0.000197545
-0.000205509
-0.000131319
2.38579e-05
0.000257854
0.000567512
0.000948708
0.00139642
0.00190481
0.00246739
0.00307705
0.00372613
0.00440643
0.00510929
0.00582575
0.00654674
0.00726322
0.00796635
0.00864741
0.00929782
0.0099093
0.010474
0.0109847
0.011435
0.0118192
0.0121322
0.0123694
0.0125268
0.0126011
0.0125905
0.0124942
0.0123126
0.012047
0.0116987
0.0112697
0.0107628
0.0101816
0.00953104
0.00881685
0.00804526
0.00722258
0.00635508
0.0054494
0.00451215
0.00355075
0.00257305
0.00158682
0.000599752
-0.00038155
-0.00135092
-0.00230256
-0.00323054
-0.00412882
-0.00499234
-0.00581667
-0.00659827
-0.00733406
-0.00802092
-0.00865571
-0.00923523
-0.00975675
-0.0102185
-0.0106198
-0.0109604
-0.0112407
-0.0114617
-0.0116291
-0.0117448
-0.0118094
-0.0118242
-0.0117908
-0.0117107
-0.0115865
-0.0114186
-0.0112084
-0.0109575
-0.0106676
-0.0103416
-0.00997993
-0.009584
-0.00915553
-0.00869662
-0.00821137
-0.00770079
-0.00716735
-0.00661322
-0.00604026
-0.00545214
-0.00484921
-0.00423401
-0.00360928
-0.0029776
-0.00234285
-0.00170502
-0.00106574
-0.000426867
0.000209279
0.00083883
0.0014605
0.00207208
0.00267176
0.00325789
0.00382826
0.00438103
0.0049137
0.00542377
0.00590906
0.00636878
0.00680048
0.00720269
0.00757377
0.00791187
0.00821791
0.00848765
0.00871992
0.0089138
0.00906841
0.00918738
0.00926515
0.0093009
0.00929419
0.00924508
0.0091604
0.00903447
0.00886813
0.00866237
0.00841843
0.00814563
0.00783804
0.00749773
0.00712682
0.00672745
0.00631009
0.00586883
0.00540647
0.00492632
0.0044322
0.00393581
0.00343381
0.00293043
0.00242991
0.00193649
0.00145988
0.00099918
0.000559032
0.000144186
-0.000240644
-0.00058943
-0.000899479
-0.00116684
-0.0013877
-0.00155821
-0.00167829
-0.00174019
-0.00174021
-0.00167513
-0.00154223
-0.00134959
-0.00108508
-0.00074696
-0.000333749
0.000155582
0.000704291
0.00132858
0.0020268
0.0027968
0.0036363
0.00452015
0.00546895
0.00647977
0.00754859
0.00867013
0.0098111
0.0109916
0.0122048
0.0134435
0.0147004
0.0159399
0.0171813
0.0184154
0.0196324
0.0208226
0.0219511
0.0230328
0.0240576
0.0250147
0.0258933
0.0266654
0.0273375
0.0278994
0.0283416
0.0286547
0.0288251
0.0288492
0.0287194
0.0284286
0.0279706
0.027351
0.0265538
0.0255749
0.0244113
0.0230616
0.0215545
0.0198616
0.0179848
0.0159265
0.0136903
0.0113276
0.00879783
0.00610894
0.00327046
0.000293307
-0.0027491
-0.0059051
-0.00916044
-0.0124996
-0.015906
-0.0192923
-0.0227107
-0.026143
-0.0295707
-0.0329736
-0.0362606
-0.0394798
-0.0426087
-0.0456249
-0.0485065
-0.0511717
-0.0536598
-0.0559497
-0.0580195
-0.0598478
-0.0613734
-0.0626178
-0.0635636
-0.0641953
-0.0644982
-0.0644475
-0.0640424
-0.0632725
-0.062129
-0.060605
-0.0587193
-0.0564445
-0.0537783
-0.050721
-0.047275
-0.0435074
-0.0393653
-0.0348596
-0.0300034
-0.0248115
-0.0193963
-0.013681
-0.0076872
-0.00143889
0.00503773
0.0115933
0.0183206
0.0251894
0.0321677
0.0392214
0.0461804
0.0531431
0.0600729
0.066933
0.0736864
0.0801643
0.0864596
0.0925337
0.0983482
0.103866
0.108941
0.11365
0.11796
0.12184
0.125258
0.128114
0.130453
0.132251
0.133487
0.134142
0.13418
0.133609
0.13242
0.130604
0.128159
0.125121
0.121458
0.117177
0.112287
0.1068
0.100828
0.0942945
0.0872233
0.0796403
0.071575
0.0632025
0.0544147
0.045249
0.0357454
0.0259467
0.0160737
0.00599548
-0.00424096
-0.0145874
-0.0249943
-0.0352218
-0.0454092
-0.055506
-0.0654614
-0.0752249
-0.0845667
-0.0936173
-0.102329
-0.110655
-0.118552
-0.12583
-0.132597
-0.138816
-0.14445
-0.149467
-0.153744
-0.157349
-0.16026
-0.162459
-0.163932
-0.164636
-0.164595
-0.163804
-0.162263
-0.159977
-0.156993
-0.153283
-0.148865
-0.143757
-0.137982
-0.131669
-0.124747
-0.11725
-0.109214
-0.100678
-0.0918343
-0.0825755
-0.0729473
-0.0629978
-0.052777
-0.0425176
-0.0320889
-0.0215424
-0.0109299
-0.000303622
0.0100953
0.0204045
0.0305735
0.0405535
0.0502974
0.0595871
0.0685535
0.0771569
0.0853603
0.0931293
0.100295
0.106966
0.113116
0.118722
0.123763
0.128132
0.131903
0.135069
0.137621
0.13956
0.140852
0.141536
0.141617
0.141105
0.140015
0.138385
0.136211
0.133516
0.130324
0.126662
0.122623
0.118171
0.113337
0.108154
0.102657
0.0969797
0.0910586
0.08493
0.0786297
0.0721935
0.0657697
0.0592782
0.0527523
0.0462248
0.0397286
0.0334089
0.0271835
0.0210813
0.0151292
0.00935128
0.00386816
-0.0013996
-0.00643496
-0.011223
-0.0157509
-0.019932
-0.023833
-0.0274466
-0.0307674
-0.0337923
-0.0364716
-0.0388572
-0.0409542
-0.0427698
-0.0443129
-0.0455677
-0.0465703
-0.0473324
-0.0478669
-0.0481884
-0.048305
-0.0482399
-0.0480096
-0.0476309
-0.0471209
-0.0464996
-0.0457824
-0.0449867
-0.0441296
-0.0432277
-0.0423001
-0.0413574
-0.0404128
-0.0394787
-0.0385659
-0.037683
-0.0368397
-0.0360434
-0.0353005
-0.0346161
-0.0339845
-0.0334167
-0.0329122
-0.0324685
-0.0320816
-0.0317301
-0.0314243
-0.0311572
-0.030921
-0.0307064
-0.0304852
-0.030264
-0.0300311
-0.0297741
-0.0294798
-0.0291232
-0.0287008
-0.0281978
-0.0275997
-0.026893
-0.0260699
-0.0251148
-0.0240168
-0.022765
-0.0213483
-0.0197847
-0.0180361
-0.0160952
-0.0139564
-0.0116162
-0.00913031
-0.00644029
-0.00354695
-0.000452522
0.00283921
0.00623555
0.0098177
0.0135779
0.0175068
0.0215925
0.0257083
0.0299507
0.0343017
0.0387429
0.043255
0.0476912
0.0521591
0.056637
0.0611017
0.0655281
0.0697629
0.0739093
0.0779429
0.0818399
0.0855762
0.0890158
0.0922471
0.0952472
0.0979942
0.100468
0.102569
0.104358
0.105816
0.106925
0.10767
0.108006
0.107954
0.107506
0.106655
0.105397
0.103753
0.101696
0.0992248
0.0963435
0.0930574
0.0894593
0.0854739
0.0811127
0.0763892
0.0713195
0.0660617
0.0604954
0.0546418
0.0485229
0.0421617
0.035765
0.0291753
0.0224196
0.0155265
0.00852637
0.00165713
-0.00525718
-0.0121852
-0.019095
-0.0259547
-0.0325238
-0.0389797
-0.0452918
-0.0514297
-0.0573627
-0.0628746
-0.0681222
-0.0730778
-0.0777151
-0.0820099
-0.0857991
-0.0892018
-0.0921976
-0.0947671
-0.0968928
-0.0984831
-0.0996033
-0.100245
-0.100402
-0.100071
-0.0992454
-0.0979268
-0.0961162
-0.0938173
-0.0910367
-0.0878593
-0.0842195
-0.080129
-0.0756009
-0.0706508
-0.0654442
-0.059855
-0.0539071
-0.047626
-0.0410384
-0.0343744
-0.0274569
-0.0203134
-0.0129728
-0.00546646
0.00193445
0.00943401
0.0169979
0.0245922
0.0321835
0.0394935
0.0467368
0.0538818
0.0608959
0.0677459
0.0741721
0.0803692
0.0863075
0.0919597
0.0973009
0.102127
0.106597
0.11069
0.114385
0.117664
0.120397
0.122685
0.124517
0.125887
0.126786
0.127171
0.127075
0.126496
0.125436
0.1239
0.121943
0.119528
0.116665
0.113366
0.109645
0.105641
0.10125
0.0964941
0.0913968
0.085982
0.0804582
0.0746646
0.0686263
0.0623699
0.0559089
0.0494869
0.0429226
0.0362592
0.0295397
0.0228066
0.0163361
0.00993354
0.00363887
-0.00250892
-0.00847269
-0.0140032
-0.0192862
-0.0242919
-0.0289926
-0.0333628
-0.0372102
-0.0406901
-0.0437888
-0.0464967
-0.0488076
-0.0506085
-0.0520117
-0.0530193
-0.0536359
-0.0538694
-0.0536852
-0.0531455
-0.052268
-0.0510729
-0.049582
-0.0478305
-0.0458315
-0.0436118
-0.041199
-0.0386214
-0.0359614
-0.0331905
-0.0303363
-0.0274265
-0.024488
-0.0216247
-0.0187799
-0.0159776
-0.01324
-0.0105875
-0.00812045
-0.00576683
-0.00354097
-0.00145535
0.000479604
0.00218308
0.00372825
0.00511111
0.00632939
0.00738247
0.00821687
0.00889601
0.00942445
0.00980825
0.0100547
0.0101374
0.0101045
0.00996563
0.00973096
0.00941144
0.00900113
0.00853176
0.00801463
0.00746064
0.0068802
0.00627748
0.00566915
0.00506431
0.00447146
0.00389833
0.00335136
0.00283671
0.00235908
0.00192228
0.00152919
0.00118271
0.000882638
0.000629251
0.000421926
0.000259201
0.000139088
5.81845e-05
1.31328e-05
0
0
0
0
0
0
0
0
0
0
0
0
0
0
0
0
0
0
0
0
0
0
0
0
0
0
0
0
0
0
0
0
0
0
0
0
0
0
0
0
0
0
0
0
0
0
0
0
0
0
0
0
0
0
0
0
0
0
0
0
0
0
0
0
0
0
0
0
0
0
0
0
0
0
0
0
0
0
0
0
0
0
0
0
0
0
0
0
0
0
0
0
0
0
0
0
0
0
0
0
0
0
0
0
0
0
0
0
0
0
0
0
0
0
0
0
0
0
0
0
0
0
0
0
0
0
0
0
0
0
0
0
0
0
0
0
0
0
0
0
0
0
0
0
0
0
0
0
0
0
0
0
0
0
0
0
0
0
0
0
0
0
0
0
0
0
0
0
0
0
0
0
0
0
0
0
0
0
0
0
0
0
0
0
0
0
0
0
0
0
0
0
0
0
0
0
0
0
0
0
0
