0
0
0
0
0
0
0
0
0
0
0
0
-0
-0
-0
-0
-0
-0
-0
-0
-0
-0
-0
-0
-0
-0
-0
-0
-0
-0
-0
-0
-0
-0
-0
-0
-0
-0
-0
-0
-0
-0
-0
-0
-0
-0
-0
-0
-0
-0
-0
-0
-0
-0
-0
-0
-0
-0
-0
-0
-0
0
0
4.15552e-07
2.88398e-05
0.000126483
0.000327158
0.000663612
0.00116697
0.00186618
0.00278749
0.00395391
0.00538471
0.00709497
0.00909514
0.0113907
0.0139819
0.0168633
0.0200239
0.0234469
0.0271099
0.0309845
0.035037
0.039228
0.043513
0.0478425
0.0521629
0.0564167
0.0605437
0.0644808
0.0681635
0.0715259
0.0745014
0.077024
0.0790292
0.0804547
0.0812415
0.0813344
0.0806827
0.079241
0.07697
0.0738371
0.0698176
0.0648952
0.059062
0.0523191
0.0446765
0.0361535
0.0267792
0.0165923
0.00564128
-0.00601573
-0.0183117
-0.0311712
-0.0445105
-0.0582384
-0.0722571
-0.0864629
-0.100748
-0.115
-0.129107
-0.142952
-0.156419
-0.169393
-0.181759
-0.193405
-0.204223
-0.214111
-0.222973
-0.23072
-0.237269
-0.242547
-0.246492
-0.249052
-0.250188
-0.249874
-0.248096
-0.244853
-0.240153
-0.234016
-0.226473
-0.217567
-0.207354
-0.195902
-0.18329
-0.169609
-0.154958
-0.139442
-0.123174
-0.106272
-0.0888575
-0.0710571
-0.0529981
-0.0348097
-0.0166262
0.00144935
0.0193242
0.0369067
0.0541077
0.0708411
0.0870247
0.102582
0.117442
0.131539
0.144814
0.157213
0.168688
0.179196
0.188702
0.197178
0.204603
0.210964
0.216253
0.220469
0.223617
0.225706
0.226753
0.22678
0.225815
0.223892
0.22105
0.217334
0.212794
0.207483
0.201457
0.194776
0.187504
0.179703
0.17144
0.162783
0.153798
0.144555
0.135119
0.125556
0.115931
0.106306
0.0967407
0.0872919
0.0780136
0.0689548
0.0601597
0.0516673
0.0435118
0.035723
0.028326
0.0213417
0.0147849
0.0086647
0.00298384
-0.00226069
-0.00707667
-0.0114757
-0.0154727
-0.0190859
-0.0223374
-0.025253
-0.027862
-0.0301972
-0.0322931
-0.0341863
-0.0359148
-0.0375183
-0.039038
-0.0405169
-0.0419989
-0.0435278
-0.0451469
-0.0468973
-0.0488179
-0.0509447
-0.0533108
-0.055946
-0.0588774
-0.0621288
-0.0657205
-0.0696683
-0.0739835
-0.0786712
-0.0837308
-0.0891555
-0.0949332
-0.101047
-0.107475
-0.11419
-0.121162
-0.128352
-0.135719
-0.143213
-0.150784
-0.158375
-0.165927
-0.173377
-0.180661
-0.187711
-0.194458
-0.200834
-0.206771
-0.212202
-0.217061
-0.221282
-0.224802
-0.227557
-0.229487
-0.230534
-0.230647
-0.229778
-0.227882
-0.224922
-0.220867
-0.215691
-0.209377
-0.201912
-0.193293
-0.183519
-0.1726
-0.160551
-0.147397
-0.133174
-0.117924
-0.1017
-0.0845617
-0.0665738
-0.0478085
-0.0283447
-0.00826811
0.0123284
0.0333461
0.0546814
0.0762267
0.0978709
0.119499
0.140995
0.162236
0.183103
0.203473
0.223227
0.242244
0.260407
0.277603
0.293719
0.308649
0.322291
0.334549
0.345335
0.354566
0.362168
0.368076
0.372233
0.374596
0.375129
0.373812
0.370631
0.365584
0.358676
0.349925
0.339359
0.327018
0.312953
0.297227
0.279909
0.261081
0.24083
0.219256
0.196467
0.172576
0.147704
0.121976
0.0955199
0.0684667
0.0409524
0.0131167
-0.0148975
-0.0429462
-0.0708864
-0.0985771
-0.12588
-0.152659
-0.178781
-0.204113
-0.228531
-0.251913
-0.274145
-0.295123
-0.314746
-0.332924
-0.349571
-0.364611
-0.377977
-0.389613
-0.399473
-0.407523
-0.413737
-0.418096
-0.420593
-0.421231
-0.420024
-0.416994
-0.412175
-0.405609
-0.397345
-0.38744
-0.375959
-0.362976
-0.348573
-0.332842
-0.315877
-0.297779
-0.278654
-0.258609
-0.237758
-0.216217
-0.194108
-0.17155
-0.148666
-0.125576
-0.102401
-0.0792605
-0.0562742
-0.0335599
-0.0112328
0.0105958
0.0318198
0.052338
0.0720545
0.0908788
0.108726
0.125519
0.141185
0.155662
0.168891
0.180823
0.191413
0.200626
0.208432
0.214813
0.219761
0.223275
0.225363
0.22604
0.225325
0.223247
0.219838
0.215142
0.209205
0.202083
0.193833
0.184518
0.174203
0.162958
0.150858
0.13798
0.124409
0.11023
0.0955303
0.0803988
0.0649242
0.049196
0.0333036
0.0173356
0.00137873
-0.0144824
-0.0301664
-0.045595
-0.0606927
-0.0753875
-0.0896108
-0.103297
-0.116387
-0.128823
-0.140552
-0.151526
-0.161701
-0.171036
-0.179499
-0.187059
-0.193696
-0.199393
-0.204138
-0.207925
-0.210755
-0.212632
-0.21357
-0.213587
-0.21271
-0.210966
-0.208389
-0.205016
-0.200885
-0.19604
-0.190529
-0.1844
-0.177708
-0.170505
-0.162847
-0.154788
-0.146384
-0.137693
-0.128772
-0.119679
-0.110472
-0.101206
-0.0919361
-0.0827133
-0.0735895
-0.0646144
-0.055836
-0.0472993
-0.0390458
-0.0311133
-0.0235364
-0.016347
-0.00957433
-0.00324525
0.00261672
0.00799189
0.0128647
0.0172237
0.0210608
0.0243711
0.0271528
0.0294071
0.0311388
0.0323558
0.0330691
0.0332922
0.0330408
0.0323331
0.0311893
0.0296325
0.0276877
0.0253822
0.0227443
0.0198035
0.0165901
0.013135
0.00947033
0.00562897
0.00164379
-0.00245273
-0.00662889
-0.0108538
-0.0150968
-0.0193278
-0.0235171
-0.0276364
-0.0316597
-0.0355637
-0.0393279
-0.0429331
-0.0463616
-0.0495958
-0.0526194
-0.0554179
-0.05798
-0.0602978
-0.0623667
-0.0641839
-0.0657483
-0.0670594
-0.0681183
-0.0689278
-0.0694937
-0.0698244
-0.0699303
-0.0698233
-0.0695161
-0.0690215
-0.0683534
-0.0675263
-0.0665558
-0.0654587
-0.0642521
-0.0629538
-0.0615822
-0.0601558
-0.0586938
-0.057215
-0.0557383
-0.0542811
-0.0528601
-0.0514907
-0.0501876
-0.0489651
-0.0478368
-0.0468156
-0.0459133
-0.04514
-0.044505
-0.0440158
-0.0436791
-0.0435
-0.043482
-0.0436267
-0.043934
-0.0444025
-0.0450298
-0.0458126
-0.0467465
-0.047826
-0.0490439
-0.0503916
-0.051859
-0.0534359
-0.0551114
-0.0568744
-0.0587127
-0.0606133
-0.0625618
-0.0645433
-0.0665427
-0.0685453
-0.0705364
-0.0725017
-0.0744263
-0.0762955
-0.0780946
-0.07981
-0.0814291
-0.0829401
-0.0843318
-0.085593
-0.0867127
-0.0876805
-0.0884874
-0.0891263
-0.0895916
-0.089879
-0.0899843
-0.0899034
-0.0896329
-0.0891706
-0.0885164
-0.0876723
-0.0866414
-0.0854275
-0.0840342
-0.0824654
-0.0807259
-0.0788224
-0.0767638
-0.0745606
-0.0722239
-0.069765
-0.0671949
-0.0645252
-0.0617686
-0.0589387
-0.0560502
-0.0531175
-0.0501541
-0.047173
-0.0441867
-0.0412084
-0.0382516
-0.0353308
-0.0324597
-0.0296513
-0.0269176
-0.0242704
-0.0217215
-0.0192834
-0.0169688
-0.0147888
-0.0127529
-0.0108684
-0.00914129
-0.00757715
-0.0061821
-0.0049625
-0.00392399
-0.00307053
-0.00240385
-0.00192387
-0.00162962
-0.00152011
-0.0015944
-0.00185106
-0.00228728
-0.00289838
-0.00367813
-0.00461955
-0.00571583
-0.00696054
-0.00834723
-0.00986861
-0.011516
-0.0132796
-0.0151486
-0.0171126
-0.0191614
-0.0212851
-0.0234731
-0.0257145
-0.0279978
-0.0303117
-0.0326458
-0.0349902
-0.0373353
-0.0396708
-0.0419854
-0.0442672
-0.0465047
-0.048688
-0.0508095
-0.052863
-0.0548431
-0.0567437
-0.0585578
-0.0602777
-0.0618966
-0.0634092
-0.0648122
-0.0661036
-0.0672825
-0.068348
-0.0692988
-0.070134
-0.0708531
-0.0714565
-0.0719455
-0.0723223
-0.0725893
-0.0727495
-0.0728064
-0.0727639
-0.0726262
-0.072398
-0.0720841
-0.0716899
-0.0712209
-0.0706835
-0.0700845
-0.0694305
-0.0687281
-0.0679834
-0.0672022
-0.0663904
-0.0655545
-0.0647015
-0.0638386
-0.0629725
-0.0621093
-0.061254
-0.0604106
-0.0595828
-0.0587736
-0.057986
-0.0572221
-0.056484
-0.0557652
-0.0550441
-0.0543229
-0.0536049
-0.0528927
-0.0521875
-0.0514891
-0.0507964
-0.0501079
-0.0494229
-0.0487408
-0.0480615
-0.0473842
-0.046707
-0.0460266
-0.0453397
-0.0446428
-0.0439335
-0.0432099
-0.0424706
-0.0417138
-0.0409377
-0.0401404
-0.0393202
-0.0384764
-0.0376087
-0.0367169
-0.0358013
-0.0348618
-0.0338987
-0.0329129
-0.0319056
-0.0308787
-0.0298343
-0.0287741
-0.0277002
-0.0266147
-0.0255204
-0.024421
-0.0233204
-0.022223
-0.0211323
-0.0200516
-0.0189834
-0.0179304
-0.0168953
-0.0158814
-0.014892
-0.0139304
-0.012999
-0.0121001
-0.011235
-0.010405
-0.00961118
-0.00885458
-0.00813619
-0.00745674
-0.00681657
-0.00621556
-0.00565317
-0.00512846
-0.00464031
-0.00418741
-0.00376846
-0.00338208
-0.00302691
-0.00270148
-0.00240421
-0.00213338
-0.00188713
-0.00166358
-0.00146086
-0.00127726
-0.0011112
-0.000961253
-0.000826116
-0.000704565
-0.000595444
-0.000497688
-0.000410348
-0.000332617
-0.000263844
-0.000203527
-0.000151291
-0.00010688
-7.0138e-05
-4.10094e-05
-1.95341e-05
-5.84379e-06
-1.53825e-07
-0
-0
-0
-0
-0
-0
-0
-0
-0
-0
-0
-0
-0
-0
-0
-0
-0
-0
-0
-0
-0
-0
-0
-0
-0
-0
-0
-0
-0
-0
-0
-0
-0
-0
-0
-0
-0
-0
-0
-0
-0
-0
-0
-0
-0
-0
-0
-0
-0
-0
-0
-0
-0
-0
-0
-0
-0
-0
-0
-0
-0
-0
-0
-0
-0
-0
-0
-0
-0
-0
-0
-0
-0
-0
-0
-0
-0
-0
-0
-0
-0
-0
-0
-0
-0
-0
-0
-0
-0
-0
-0
-0
-0
-0
-0
-0
-0
-0
-0
-0
-0
-0
-0
-0
-0
-0
-0
-0
0
0
0
0
0
0
0
0
0
0
0
0
0
0
0
0
0
0
0
0
0
0
0
0
0
0
0
0
0
0
0
0
0
0
0
0
0
0
0
0
0
0
0
0
0
0
0
0
0
0
0
0
0
0
0
0
0
0
0
0
0
0
0
0
0
0
0
0
0
0
0
0
0
0
0
0
0
0
0
0
0
0
0
0
0
0
0
0
0
0
0
0
0
1.97656e-07
7.84584e-06
2.74012e-05
6.00821e-05
0.000107253
0.000170405
0.000251133
0.000351115
0.000472113
0.000615979
0.000784644
0.000980108
0.00120438
0.00145944
0.00174721
0.00206955
0.00242827
0.00282508
0.00326153
0.00373895
0.0042584
0.00482073
0.00542662
0.00607656
0.00677085
0.00750953
0.00829229
0.00911844
0.00998693
0.0108964
0.0118454
0.0128322
0.0138547
0.0149107
0.0159972
0.017111
0.0182486
0.0194066
0.0205813
0.0217694
0.0229671
0.0241704
0.0253747
0.0265751
0.0277663
0.0289435
0.0301024
0.0312395
0.0323522
0.0334379
0.0344937
0.0355163
0.0365019
0.0374468
0.0383484
0.0392051
0.0400171
0.040785
0.0415099
0.0421917
0.04283
0.0434242
0.0439743
0.044482
0.044951
0.0453862
0.0457925
0.0461745
0.0465354
0.0468775
0.0472027
0.0475129
0.0478103
0.0480983
0.0483807
0.0486619
0.0489461
0.0492375
0.0495391
0.049853
0.05018
0.05052
0.0508733
0.0512403
0.0516226
0.0520219
0.0524396
0.0528754
0.0533277
0.0537935
0.0542707
0.0547811
0.055332
0.0559228
0.0565522
0.0572165
0.0579123
0.0586351
0.059381
0.0601474
0.0609318
0.0617341
0.0625518
0.0633811
0.0642162
0.0650499
0.0658782
0.0666971
0.0675038
0.0682959
0.069069
0.0698218
0.0705503
0.0712508
0.07192
0.0725533
0.0731504
0.0737094
0.0742286
0.0747065
0.0751408
0.0755329
0.075883
0.0761914
0.0764575
0.0766795
0.0768563
0.0769867
0.0770703
0.0771084
0.0771038
0.0770589
0.0769762
0.0768572
0.0767024
0.0765141
0.0762908
0.076034
0.0757459
0.0754292
0.0750905
0.0747281
0.0743441
0.0739407
0.0735205
0.0730926
0.0726547
0.0722102
0.0717616
0.0713111
0.0708676
0.070426
0.0699892
0.0695607
0.0691444
0.0687513
0.0683755
0.0680177
0.0676783
0.0673579
0.0670658
0.0667972
0.0665556
0.0663446
0.0661668
0.0660297
0.0659288
0.0658652
0.0658407
0.0658575
0.0659205
0.0660282
0.0661807
0.0663769
0.0666153
0.0668927
0.0672109
0.0675707
0.0679732
0.0684191
0.0689004
0.069423
0.0699848
0.0705833
0.0712165
0.0718692
0.0725539
0.0732694
0.0740141
0.0747859
0.0755634
0.0763632
0.0771826
0.0780182
0.0788663
0.0796995
0.0805369
0.0813753
0.082212
0.0830445
0.0838451
0.0846342
0.0854056
0.0861519
0.0868654
0.087517
0.0881249
0.088686
0.0891977
0.0896565
0.0900407
0.0903608
0.0906104
0.0907845
0.0908797
0.0908876
0.0908127
0.0906518
0.0903999
0.090051
0.0896063
0.0890558
0.0883989
0.0876368
0.086771
0.0858241
0.0847732
0.0836166
0.0823535
0.0809848
0.0795507
0.0780177
0.0763896
0.0746697
0.0728612
0.0710183
0.0690956
0.0671
0.0650401
0.0629245
0.0608207
0.0586775
0.0565028
0.0543061
0.0520981
0.0499512
0.0478164
0.0457041
0.0436234
0.0415832
0.0396463
0.0377713
0.0359715
0.0342612
0.0326536
0.0311968
0.0298628
0.0286596
0.0275953
0.0266791
0.025934
0.0253578
0.0249598
0.0247475
0.0247267
0.0248835
0.0252394
0.0257973
0.0265594
0.0275269
0.0286491
0.0299753
0.0315033
0.0332295
0.0351496
0.0371765
0.0393849
0.0417664
0.0443117
0.0470105
0.0497464
0.0526127
0.0555963
0.058682
0.0618532
0.0649744
0.0681457
0.0713491
0.0745659
0.0777766
0.0808445
0.0838649
0.0868166
0.089679
0.0924321
0.0949584
0.0973367
0.0995473
0.10157
0.103384
0.104907
0.106183
0.107195
0.107928
0.108366
0.108476
0.108263
0.107716
0.106825
0.105584
0.104028
0.102112
0.0998327
0.097187
0.0941748
0.0908955
0.0872605
0.0832797
0.0789646
0.0743266
0.0695245
0.0644238
0.05904
0.0533925
0.0475048
0.0415869
0.0354811
0.0292137
0.0228114
0.0163018
0.00991583
0.00348462
-0.00295752
-0.00937504
-0.0157324
-0.0218017
-0.0277424
-0.0335211
-0.0391034
-0.0444546
-0.0493813
-0.0540094
-0.0583076
-0.0622464
-0.0657974
-0.0688338
-0.0714292
-0.0735594
-0.0752017
-0.0763361
-0.076924
-0.0769717
-0.0764665
-0.0753977
-0.0737567
-0.0716062
-0.0688748
-0.0655627
-0.0616737
-0.0572149
-0.0523558
-0.0469507
-0.0410164
-0.0345726
-0.027642
-0.0204874
-0.0128969
-0.00489934
0.00347382
0.0121875
0.0209089
0.0298921
0.0390947
0.0484729
0.0579818
0.0672566
0.0765704
0.0858756
0.0951227
0.104261
0.112934
0.121398
0.129602
0.137498
0.145035
0.151915
0.158339
0.164262
0.169641
0.174433
0.178442
0.181791
0.184444
0.186371
0.187539
0.187885
0.187426
0.186146
0.184035
0.181084
0.177386
0.172844
0.16746
0.161242
0.154201
0.146586
0.138186
0.129029
0.119144
0.108564
0.0976745
0.0861704
0.0740972
0.0615039
0.0484423
0.0353949
0.0219893
0.00828428
-0.00565792
-0.0197716
-0.0335266
-0.0473171
-0.0610747
-0.0747311
-0.0882175
-0.101024
-0.113523
-0.125645
-0.137323
-0.148489
-0.158715
-0.168306
-0.177203
-0.185352
-0.192699
-0.198956
-0.204313
-0.208728
-0.212164
-0.214589
-0.215902
-0.216153
-0.215327
-0.213409
-0.210392
-0.206379
-0.201271
-0.195081
-0.187825
-0.179526
-0.170487
-0.160463
-0.149494
-0.137623
-0.1249
-0.111798
-0.0979573
-0.0834377
-0.0683042
-0.0526249
-0.0369845
-0.0209427
-0.00457583
0.0120369
0.0288138
0.0451254
0.0614347
0.0776585
0.0937139
0.109519
0.124481
0.139036
0.153108
0.166623
0.17951
0.191284
0.202293
0.212478
0.221781
0.230149
0.23727
0.24337
0.248413
0.252368
0.255211
0.256832
0.257308
0.256631
0.2548
0.251819
0.247789
0.242636
0.236382
0.229059
0.220701
0.211607
0.201568
0.190633
0.178858
0.166303
0.153412
0.139871
0.125751
0.111125
0.0960692
0.0811122
0.0658827
0.0504603
0.0349246
0.0193552
0.00428836
-0.0106571
-0.0254064
-0.0398863
-0.0540256
-0.0673498
-0.0802029
-0.0925267
-0.104267
-0.115375
-0.125496
-0.1349
-0.143554
-0.151429
-0.158501
-0.164569
-0.169805
-0.174201
-0.177755
-0.180469
-0.182303
-0.18332
-0.183538
-0.182979
-0.181672
-0.179717
-0.177076
-0.173787
-0.169889
-0.165426
-0.160603
-0.155306
-0.149582
-0.143477
-0.137043
-0.130538
-0.123802
-0.116881
-0.109825
-0.102679
-0.0957088
-0.0887387
-0.081812
-0.0749706
-0.0682545
-0.0618888
-0.0557201
-0.0497789
-0.0440931
-0.0386879
-0.0337171
-0.0290694
-0.0247608
-0.0208032
-0.017204
-0.0140316
-0.0112213
-0.0087708
-0.00667582
-0.00492961
-0.00352788
-0.00245296
-0.00168889
-0.00121663
-0.00101502
-0.00102787
-0.00126747
-0.00171142
-0.00233591
-0.00311513
-0.00397671
-0.00493699
-0.00596753
-0.0070407
-0.00813043
-0.00918768
-0.0102145
-0.0111886
-0.0120875
-0.0128885
-0.0135909
-0.0141555
-0.0145671
-0.0148132
-0.0148841
-0.0148504
-0.0146253
-0.0142021
-0.0135754
-0.0127425
-0.0118407
-0.0107378
-0.00944136
-0.00796092
-0.00630735
-0.00466901
-0.0028816
-0.000959818
0.00107827
0.00321118
0.00522781
0.00729118
0.00937703
0.0114614
0.0135204
0.0153698
0.0171463
0.0188258
0.020384
0.0217972
0.0229478
0.023911
0.0246679
0.0252004
0.0254911
0.0255248
0.025287
0.024767
0.0239564
0.0228494
0.0215564
0.0199601
0.0180596
0.0158557
0.0133516
0.0107808
0.00792272
0.00478629
0.00138155
-0.00228002
-0.00586416
-0.00967637
-0.0136981
-0.0179075
-0.022281
-0.0264174
-0.0306643
-0.0349809
-0.0393334
-0.0436869
-0.047626
-0.0514968
-0.0552654
-0.0588999
-0.0623706
-0.0653278
-0.0680731
-0.0705826
-0.0728319
-0.0747969
-0.07624
-0.0773637
-0.0781553
-0.0786064
-0.0787123
-0.0783924
-0.0777303
-0.0767309
-0.0754022
-0.0737548
-0.0718625
-0.0696795
-0.0672241
-0.0645164
-0.0615776
-0.0586071
-0.055447
-0.0521244
-0.0486682
-0.0451085
-0.0417248
-0.0382846
-0.0348156
-0.0313441
-0.0278953
-0.0247649
-0.0216874
-0.0186841
-0.0157755
-0.0129805
-0.0105639
-0.00827485
-0.00612511
-0.0041245
-0.00228105
-0.000791704
0.000546325
0.00173098
0.00276198
0.00364093
0.00425114
0.00473036
0.00508524
0.00532328
0.00545267
0.00542786
0.00532015
0.0051401
0.0048984
0.00460564
0.00426492
0.00389453
0.003504
0.00310248
0.0026987
0.00231806
0.00194794
0.0015953
0.00126597
0.000964634
0.000716064
0.000496392
0.000307775
0.000151418
2.75358e-05
-5.11301e-05
-0.000104966
-0.00013592
-0.000146705
-0.000140689
-0.000117716
-8.91328e-05
-5.88285e-05
-3.09819e-05
-9.96143e-06
-2.119e-07
-0
-0
-0
-0
-0
-0
-0
-0
-0
-0
-0
-0
-0
-0
-0
-0
-0
-0
-0
-0
-0
-0
-0
-0
-0
-0
-0
-0
-0
-0
-0
-0
-0
-0
-0
-0
-0
-0
-0
-0
-0
-0
-0
-0
-0
-0
-0
-0
-0
-0
-0
-0
-0
-0
-0
-0
-0
-0
0
0
0
0
0
