0
0
0
0
0
0
0
0
0
0
0
0
0
0
0
0
0
0
0
0
0
0
0
0
0
0
0
0
0
0
0
0
0
0
0
0
0
0
0
0
0
0
0
0
0
0
0
0
0
0
0
0
0
0
0
0
0
0
0
0
0
0
0
0
0
0
0
0
0
0
0
0
0
0
0
0
0
0
0
0
0
0
0
0
0
0
0
0
0
0
0
0
0
0
0
0
0
0
0
0
0
0
0
0
0
0
0
0
0
0
0
0
0
0
0
0
0
0
0
0
0
0
0
0
0
0
0
0
0
0
0
0
0
0
0
0
0
0
0
0
0
0
0
0
0
0
0
0
0
0
0
0
0
0
0
0
0
0
0
0
0
0
0
0
0
0
0
0
0
0
0
0
0
0
0
0
0
0
0
0
0
0
0
0
0
0
0
0
0
0
0
0
0
0
0
0
0
0
0
0
0
0
0
0
0
0
0
0
0
0
0
0
0
0
0
0
0
0
0
0
0
0
0
0
0
0
0
0
0
0
0
0
0
0
0
0
0
0
0
0
0
0
0
0
0
0
0
0
0
0
0
0
0
0
0
0
0
0
0
0
0
0
0
0
0
0
0
0
0
0
0
0
0
0
0
0
0
0
0
0
0
0
0
0
0
0
0
0
0
0
0
0
0
0
0
0
0
0
0
0
0
0
0
0
0
0
0
0
0
0
0
0
0
0
0
0
0
0
0
0
0
0
0
0
0
0
0
0
0
0
0
0
0
0
0
0
0
0
0
0
0
0
0
0
0
0
0
0
0
0
0
0
0
0
0
0
0
0
0
0
0
0
0
0
0
0
0
0
0
0
0
0
0
0
0
0
0
0
0
0
0
0
0
0
4.43442e-06
1.86764e-05
3.75592e-05
5.5771e-05
6.8186e-05
6.99721e-05
5.66926e-05
2.43904e-05
-3.03507e-05
-0.000110362
-0.000217848
-0.00035434
-0.000520639
-0.000716769
-0.000941954
-0.00119464
-0.00147257
-0.00177285
-0.00209202
-0.00242609
-0.00277052
-0.00312023
-0.00346956
-0.0038124
-0.0041423
-0.0044527
-0.00473705
-0.00498888
-0.00520178
-0.0053694
-0.00548545
-0.00554388
-0.00553912
-0.00546634
-0.00532162
-0.0051019
-0.0048048
-0.00442844
-0.00397132
-0.00343237
-0.00281113
-0.00210804
-0.00132455
-0.000463134
0.000472779
0.00147898
0.00255061
0.00368222
0.00486783
0.00610094
0.00737454
0.00868115
0.0100129
0.0113615
0.0127188
0.0140765
0.0154265
0.0167611
0.0180727
0.0193536
0.0205965
0.0217939
0.022939
0.0240261
0.0250503
0.0260077
0.0268947
0.0277079
0.028444
0.0291
0.0296743
0.0301667
0.0305786
0.0309124
0.0311711
0.0313575
0.0314745
0.0315252
0.0315134
0.0314438
0.0313211
0.0311504
0.0309356
0.0306806
0.0303886
0.0300632
0.029708
0.029327
0.0289237
0.0285008
0.0280678
0.0276356
0.0272052
0.0267775
0.0263532
0.0259326
0.0255146
0.0250974
0.024678
0.0242532
0.0238195
0.0233728
0.0229081
0.0224197
0.0219008
0.0213443
0.0207433
0.0200912
0.0193818
0.0186086
0.0177651
0.0168445
0.0158405
0.0147471
0.0135597
0.0122744
0.0108876
0.00939622
0.00779705
0.00608751
0.00426601
0.00233238
0.000287848
-0.00186519
-0.00412348
-0.00648314
-0.00893953
-0.0114871
-0.0141194
-0.0168287
-0.0196065
-0.0224437
-0.0253301
-0.0282544
-0.0312042
-0.0341653
-0.037122
-0.0400578
-0.042955
-0.0457951
-0.0485586
-0.051225
-0.0537727
-0.0561791
-0.0584219
-0.0604786
-0.0623275
-0.0639476
-0.0653183
-0.0664196
-0.0672321
-0.0677372
-0.0679178
-0.0677584
-0.0672452
-0.0663662
-0.065111
-0.063471
-0.0614392
-0.0590105
-0.0561819
-0.052952
-0.0493215
-0.0452926
-0.0408696
-0.0360592
-0.0308704
-0.0253148
-0.0194067
-0.0131631
-0.00660299
0.000251998
0.00737791
0.0147481
0.0223333
0.0301012
0.0380176
0.0460458
0.0541475
0.0622832
0.0704119
0.0784914
0.0864783
0.0943288
0.101998
0.109443
0.116618
0.123482
0.129991
0.136103
0.141779
0.146977
0.151661
0.155794
0.159343
0.162278
0.164571
0.166197
0.167134
0.167363
0.166867
0.165634
0.163656
0.160926
0.157444
0.153211
0.148235
0.142525
0.136096
0.128964
0.121153
0.112687
0.103596
0.0939128
0.0836752
0.0729239
0.0617039
0.0500632
0.0380528
0.0257264
0.0131402
0.00035326
-0.0125733
-0.0255759
-0.0385897
-0.0515486
-0.0643864
-0.0770364
-0.0894318
-0.101506
-0.113194
-0.12443
-0.135151
-0.145297
-0.154812
-0.16364
-0.171732
-0.179039
-0.185517
-0.191126
-0.19583
-0.199599
-0.202408
-0.204237
-0.205073
-0.204906
-0.20373
-0.201547
-0.198361
-0.194184
-0.189034
-0.182932
-0.175908
-0.167993
-0.159224
-0.149643
-0.139297
-0.128234
-0.11651
-0.104181
-0.0913086
-0.0779548
-0.0641856
-0.0500686
-0.0356735
-0.0210717
-0.00633591
0.00846051
0.023244
0.0379413
0.0524795
0.0667869
0.0807928
0.094428
0.107625
0.120321
0.132453
0.143962
0.154793
0.164893
0.174213
0.182708
0.190338
0.197068
0.202867
0.20771
0.211575
0.214447
0.216314
0.217169
0.217012
0.215846
0.213682
0.210535
0.206425
0.201375
0.195416
0.188582
0.180912
0.17245
0.163241
0.153337
0.142791
0.131661
0.120005
0.107888
0.0953745
0.0825307
0.0694245
0.0561245
0.0426998
0.0292201
0.0157558
0.00237678
-0.0108477
-0.0238499
-0.0365637
-0.0489248
-0.0608708
-0.0723419
-0.0832805
-0.0936325
-0.103347
-0.112377
-0.120679
-0.128215
-0.134948
-0.140848
-0.145888
-0.150049
-0.153313
-0.155669
-0.15711
-0.157636
-0.157249
-0.155958
-0.153776
-0.150721
-0.146815
-0.142085
-0.13656
-0.130274
-0.123266
-0.115578
-0.107255
-0.0983485
-0.0889093
-0.0789922
-0.0686538
-0.0579529
-0.0469496
-0.0357053
-0.0242821
-0.0127418
-0.00114657
0.0104421
0.0219629
0.0333552
0.0445591
0.0555161
0.0661693
0.0764636
0.0863457
0.0957647
0.104672
0.113024
0.120779
0.127901
0.134356
0.140118
0.14516
0.149463
0.15301
0.15579
0.157796
0.159026
0.159483
0.159172
0.158103
0.15629
0.15375
0.150506
0.146582
0.142006
0.136811
0.131028
0.124696
0.117854
0.110542
0.102807
0.0946924
0.0862464
0.0775164
0.0685508
0.059399
0.0501111
0.0407373
0.0313279
0.0219325
0.0126
0.00337829
-0.00568565
-0.0145462
-0.0231594
-0.0314832
-0.039478
-0.0471062
-0.0543327
-0.0611247
-0.0674521
-0.0732879
-0.0786083
-0.0833931
-0.087625
-0.0912894
-0.0943744
-0.0968705
-0.0987716
-0.100075
-0.100783
-0.1009
-0.100434
-0.0993961
-0.0977986
-0.0956575
-0.0929911
-0.089821
-0.0861613
-0.0820256
-0.077446
-0.0724565
-0.0670931
-0.0613937
-0.0553981
-0.0491477
-0.0426853
-0.0360537
-0.0292961
-0.0224553
-0.0155737
-0.00869316
-0.00185505
0.00490045
0.0115345
0.0180098
0.0242915
0.0303467
0.0361452
0.0416593
0.0468642
0.0517378
0.0562604
0.0604148
0.0641864
0.0675636
0.0705378
0.0731038
0.0752595
0.0770055
0.0783447
0.0792822
0.0798252
0.0799831
0.0797678
0.0791932
0.0782752
0.0770309
0.0754786
0.0736374
0.0715273
0.0691697
0.0665866
0.0638009
0.0608354
0.0577128
0.0544554
0.0510853
0.0476243
0.0440938
0.0405149
0.0369077
0.0332915
0.0296844
0.0261035
0.0225648
0.0190834
0.0156734
0.0123475
0.00911751
0.00599381
0.00298579
0.000101849
-0.00265064
-0.00526535
-0.00773705
-0.0100616
-0.0122358
-0.0142574
-0.0161248
-0.0178372
-0.0193944
-0.0207971
-0.0220462
-0.0231432
-0.02409
-0.0248887
-0.0255417
-0.0260516
-0.0264216
-0.0266549
-0.0267546
-0.0267238
-0.0265657
-0.0262832
-0.0258795
-0.0253435
-0.0246655
-0.023845
-0.0228834
-0.0217897
-0.0205738
-0.0192448
-0.0178169
-0.016303
-0.0147166
-0.0130715
-0.0113845
-0.00966667
-0.00793224
-0.00619574
-0.0044717
-0.00278219
-0.00113277
0.000463621
0.00199471
0.00344886
0.00480363
0.00606068
0.00721047
0.00824444
0.00915524
0.0099241
0.0105598
0.0110586
0.0114178
0.0116361
0.011702
0.0116291
0.0114198
0.0110775
0.0106067
0.0100055
0.00929002
0.00846838
0.00754974
0.0065443
0.00545999
0.00431334
0.00311707
0.00188452
0.000629636
-0.000632983
-0.0018879
-0.00312019
-0.00431481
-0.0054567
-0.00653015
-0.00752112
-0.00841547
-0.00919966
-0.00986082
-0.0103895
-0.0107723
-0.0109991
-0.0110611
-0.0109506
-0.010672
-0.0102116
-0.00956634
-0.00873489
-0.00771766
-0.00653761
-0.00517965
-0.00364959
-0.00195505
-0.000105481
0.00185644
0.00394749
0.00615313
0.00845724
0.0108423
0.0132506
0.0157003
0.0181712
0.020642
0.0230911
0.0254551
0.0277523
0.0299609
0.0320597
0.034028
0.0358105
0.0374241
0.0388516
0.0400778
0.0411198
0.0419665
0.0426326
0.0431106
0.0433935
0.0434754
0.0433459
0.0430065
0.0424543
0.0416872
0.040704
0.0395192
0.0381183
0.036503
0.0346764
0.0326429
0.0304438
0.0280499
0.0254688
0.0227092
0.0197806
0.0167479
0.0135687
0.0102561
0.00682372
0.00328658
-0.000273223
-0.00390565
-0.00759371
-0.0113198
-0.0150659
-0.0187423
-0.022401
-0.0260228
-0.0295877
-0.0330759
-0.0364015
-0.039612
-0.042689
-0.0456143
-0.0483696
-0.0508845
-0.053194
-0.0552817
-0.0571323
-0.0587316
-0.0600364
-0.0610653
-0.0618076
-0.0622536
-0.0623948
-0.0622227
-0.0617345
-0.0609274
-0.0598001
-0.0583528
-0.0566154
-0.0545626
-0.0521992
-0.0495321
-0.0465701
-0.0433814
-0.0399205
-0.036201
-0.0322379
-0.0280476
-0.0237287
-0.0192197
-0.014541
-0.00971454
-0.00476329
0.000194077
0.00522813
0.010314
0.015426
0.020538
0.0255265
0.030462
0.0353178
0.0400675
0.0446845
0.0490567
0.0532457
0.0572273
0.0609779
0.0644749
0.0676326
0.0704943
0.0730412
0.0752559
0.0771229
0.0785967
0.0796965
0.0804118
0.0807336
0.0806552
0.0801784
0.0792944
0.0780029
0.0763062
0.0742085
0.0717616
0.0689283
0.0657192
0.062147
0.0582265
0.0540544
0.0495693
0.0447914
0.0397431
0.0344482
0.0290379
0.0234332
0.017662
0.011753
0.00573586
-0.000240916
-0.00626479
-0.0123047
-0.018329
-0.0243061
-0.0300886
-0.0357611
-0.0412928
-0.0466536
-0.051814
-0.0566471
-0.0612242
-0.0655192
-0.0695075
-0.0731659
-0.0764047
-0.0792723
-0.0817506
-0.0838239
-0.0854782
-0.0866733
-0.0874279
-0.0877346
-0.0875885
-0.086987
-0.0859457
-0.0844513
-0.0825085
-0.0801242
-0.0773077
-0.0741285
-0.0705426
-0.0665661
-0.0622172
-0.057516
-0.0525773
-0.0473316
-0.0418036
-0.0360202
-0.0300095
-0.0239176
-0.0176583
-0.0112627
-0.0047629
0.00180867
0.00829404
0.014786
0.0212522
0.0276607
0.0339794
0.0400588
0.0459863
0.0517321
0.0572671
0.0625636
0.0674984
0.0721442
0.076478
0.0804789
0.0841272
0.0873412
0.0901692
0.0925978
0.0946155
0.0962133
0.0973604
0.0980757
0.0983569
0.0982037
0.0976187
0.0966242
0.0952093
0.0933831
0.0911562
0.0885418
0.0856103
0.0823229
0.0786981
0.0747563
0.0705195
0.066096
0.0614248
0.0565315
0.0514425
0.046185
0.0408899
0.0354821
0.0299897
0.0244414
0.0188656
0.0133984
0.00796026
0.00257848
-0.00272078
-0.00791231
-0.0128734
-0.0176795
-0.0223081
-0.0267382
-0.03095
-0.0348469
-0.0384917
-0.04187
-0.0449693
-0.0477784
-0.0502368
-0.0523876
-0.0542247
-0.0557441
-0.0569435
-0.0578029
-0.0583426
-0.0585651
-0.0584746
-0.0580767
-0.0573902
-0.0564125
-0.0551535
-0.0536242
-0.0518367
-0.0498419
-0.0476164
-0.0451757
-0.0425361
-0.0397146
-0.0367852
-0.0337088
-0.0305032
-0.0271869
-0.0237784
-0.0203638
-0.0168942
-0.013388
-0.00986286
-0.00633635
-0.00289393
0.000516381
0.00387881
0.00717828
0.0104005
0.0134705
0.0164373
0.0192895
0.0220163
0.0246083
0.0270082
0.029258
0.031352
0.0332856
0.035055
0.0366251
0.0380268
0.0392596
0.0403238
0.0412205
0.0419359
0.042488
0.0428801
0.0431163
0.0432016
0.0431423
0.0429438
0.0426123
0.0421545
0.041577
0.0409007
0.0401204
0.0392448
0.0382826
0.0372427
0.0361554
0.0350069
0.0338056
0.0325595
0.0312772
0.0299929
0.028688
0.0273696
0.0260442
0.0247182
0.0234245
0.0221424
0.0208772
0.0196337
0.0184159
0.0172513
0.0161182
0.015019
0.0139559
0.0129311
0.0119669
0.011044
0.0101629
0.00932395
0.00852723
0.00778863
0.00709185
0.00643624
0.00582071
0.00524373
0.00471536
0.00422208
0.00376228
0.00333442
0.00293692
0.00257651
0.00224277
0.00193363
0.00164694
0.00138068
0.00113917
0.000914507
0.000705104
0.000509462
0.000326204
0.000158894
1.73031e-06
-0.000146107
-0.00028524
-0.000416094
-0.000535069
-0.000645704
-0.000747405
-0.00083949
-0.000921128
-0.000988704
-0.001044
-0.00108606
-0.00111397
-0.00112685
-0.00112284
-0.00110226
-0.00106439
-0.00100852
-0.000933925
-0.000841318
-0.000728793
-0.00059607
-0.00044311
-0.000270051
-8.15014e-05
0.000126737
0.000354293
0.000600595
0.000864739
0.00113794
0.00142632
0.00172811
0.00204144
0.00236447
0.00268508
0.00301165
0.00334174
0.00367273
0.0040019
0.0043149
0.00462151
0.00491929
0.00520579
0.00547848
0.00572301
0.00594949
0.00615581
0.00634017
0.00650104
0.00662657
0.00672672
0.00680033
0.00684644
0.00686443
0.00684608
0.00680026
0.00672743
0.00662819
0.00650327
0.00634857
0.00617088
0.00597179
0.0057532
0.00551725
0.00526392
0.00499791
0.00472139
0.00443657
0.00414572
0.00385114
0.00355546
0.00326117
0.00297071
0.00268637
0.0024113
0.00214622
0.0018929
0.00165294
0.00142773
0.0012196
0.001028
0.000853597
0.000696811
0.000557774
0.000437119
0.000333433
0.000246151
0.000174475
0.000117383
7.38596e-05
4.20931e-05
2.05465e-05
7.54974e-06
1.33157e-06
0
0
0
0
0
0
0
0
0
0
0
0
0
0
0
0
0
0
0
0
0
0
0
0
0
0
0
0
0
0
0
0
0
0
0
0
0
0
0
0
0
0
0
0
0
0
0
0
0
0
0
0
0
0
0
0
0
0
0
0
0
0
0
0
0
0
0
0
0
0
0
0
0
0
0
0
0
0
0
0
0
0
0
0
0
0
0
0
0
0
0
0
0
0
0
0
0
0
0
0
0
0
0
0
0
0
0
0
0
0
0
0
0
0
0
0
0
0
0
0
0
0
0
0
0
0
0
0
0
0
0
0
0
0
0
0
0
0
0
0
0
0
0
0
0
0
0
0
0
0
0
0
0
0
0
0
0
0
0
0
0
0
0
0
0
0
0
0
0
0
0
0
0
0
0
0
0
0
0
0
0
0
0
0
0
0
0
0
0
0
0
0
0
0
0
0
0
0
0
0
0
0
0
0
0
0
0
0
0
0
0
0
0
0
0
0
0
0
0
0
0
0
0
0
0
0
0
0
0
0
0
0
0
0
0
0
0
0
0
0
0
0
0
0
0
0
0
0
0
0
0
0
0
0
0
0
0
0
0
0
0
0
0
0
0
0
0
0
0
0
0
0
0
0
0
0
0
0
0
0
0
0
0
0
0
0
0
0
0
0
0
0
0
0
0
0
0
0
0
0
0
0
0
0
0
0
0
0
0
0
0
0
0
0
0
0
0
0
0
0
0
0
0
0
0
0
0
0
0
0
0
0
0
0
0
0
0
0
0
0
0
0
0
0
0
0
0
0
0
0
0
0
0
0
0
0
0
0
0
0
0
0
0
0
0
0
0
0
0
0
0
0
0
0
0
0
0
0
0
0
0
0
0
0
