-0
-0
-0
-0
-0
-0
0
0
0
0
0
0
0
0
0
0
0
0
0
0
0
0
0
0
0
0
0
0
0
0
-0
-0
-0
-0
-0
-0
-0
-0
-0
-0
-0
-0
-0
-0
-0
-0
-0
-0
-0
-0
-0
-0
-0
-0
-0
-0
-0
-0
-0
-0
-0
-0
-0
-0
-0
-0
-0
-0
-0
-0
-0
-0
-0
-0
-0
-0
0
0
0
0
0
0
0
0
0
0
0
0
0
0
0
0
0
0
0
0
0
0
0
0
0
0
0
0
0
0
0
0
0
0
0
0
0
0
-0
-0
-0
-0
-0
-0
-0
-0
-0
-0
-0
-0
-0
-0
-0
-0
-0
-0
-0
-0
-0
-0
-0
-0
-0
-0
-0
-0
-0
-0
-0
-0
-0
-0
-0
-0
-0
-0
-0
-0
-0
-0
-0
-0
-0
-0
-0
-0
-0
-0
0
0
0
0
0
0
0
0
0
0
0
0
0
0
0
0
0
0
0
0
0
0
0
0
0
0
0
0
0
0
0
0
0
0
0
0
0
3.98177e-06
1.5927e-05
3.4303e-05
5.74186e-05
8.34593e-05
0.000110504
0.000136545
0.000159507
0.000177271
0.000187696
0.00018864
0.000177973
0.000153605
0.000113516
5.57928e-05
-2.13459e-05
-0.000119545
-0.000240322
-0.00038507
-0.000555023
-0.000751184
-0.000974238
-0.0012245
-0.00150193
-0.00180619
-0.00213676
-0.0024929
-0.00287364
-0.0032776
-0.00370286
-0.00414695
-0.00460692
-0.00507947
-0.00556113
-0.00604826
-0.00653694
-0.00702286
-0.00750125
-0.00796695
-0.00841452
-0.00883847
-0.00923336
-0.00959375
-0.00991418
-0.0101891
-0.010413
-0.0105804
-0.0106862
-0.0107255
-0.0106938
-0.0105864
-0.0103992
-0.0101279
-0.00976907
-0.00931981
-0.00877838
-0.00814399
-0.00741667
-0.00659715
-0.00568689
-0.0046882
-0.00360448
-0.00244028
-0.00120121
0.000106356
0.00147559
0.00289934
0.00437
0.00587922
0.00741762
0.00897475
0.0105393
0.0120995
0.0136437
0.0151603
0.0166376
0.0180639
0.0194265
0.0207127
0.0219095
0.0230045
0.0239866
0.024846
0.0255742
0.0261636
0.0266073
0.0268986
0.0270316
0.0270017
0.0268058
0.0264512
0.0259452
0.0252883
0.0244817
0.0235273
0.0224277
0.0211866
0.0198084
0.018299
0.016665
0.0149135
0.0130526
0.0110914
0.00903991
0.00690912
0.00471089
0.00245733
0.000160503
-0.00216767
-0.00451505
-0.00686874
-0.0092147
-0.0115378
-0.0138223
-0.0160527
-0.018214
-0.0202922
-0.0222734
-0.0241438
-0.0258891
-0.0274949
-0.0289472
-0.0302335
-0.0313428
-0.0322659
-0.0329943
-0.0335201
-0.0338353
-0.0339327
-0.0338063
-0.0334521
-0.0328685
-0.0320551
-0.0310128
-0.0297426
-0.028246
-0.0265252
-0.0245844
-0.0224301
-0.0200712
-0.0175184
-0.0147833
-0.0118778
-0.00881407
-0.00560466
-0.00226341
0.00119411
0.00475048
0.00838671
0.0120829
0.0158186
0.0195736
0.0233278
0.0270612
0.0307531
0.0343828
0.0379287
0.0413689
0.0446818
0.0478463
0.0508424
0.0536512
0.056255
0.0586368
0.06078
0.0626691
0.0642894
0.065628
0.0666738
0.0674176
0.0678518
0.06797
0.067767
0.067239
0.0663843
0.0652036
0.0637002
0.0618794
0.059748
0.0573139
0.0545858
0.0515737
0.0482895
0.0447473
0.0409632
0.0369553
0.0327424
0.0283445
0.0237817
0.0190752
0.0142471
0.00932073
0.00432022
-0.000729595
-0.00580351
-0.010876
-0.0159214
-0.0209137
-0.0258266
-0.0306344
-0.0353118
-0.0398345
-0.044179
-0.0483229
-0.0522442
-0.0559221
-0.0593367
-0.0624695
-0.0653038
-0.0678245
-0.0700183
-0.0718739
-0.0733818
-0.0745346
-0.0753273
-0.0757567
-0.0758217
-0.0755228
-0.0748622
-0.0738435
-0.0724728
-0.070758
-0.0687096
-0.06634
-0.0636635
-0.0606954
-0.0574523
-0.0539517
-0.0502123
-0.0462539
-0.0420972
-0.0377635
-0.0332748
-0.0286533
-0.0239217
-0.0191033
-0.0142216
-0.00929986
-0.00436132
0.000571717
0.00547777
0.0103361
0.0151266
0.0198296
0.024426
0.0288972
0.0332259
0.0373957
0.0413917
0.0452004
0.0488097
0.0522089
0.0553886
0.0583406
0.061058
0.0635346
0.0657656
0.0677472
0.0694772
0.0709548
0.0721808
0.0731571
0.0738868
0.0743738
0.0746227
0.0746388
0.0744279
0.0739968
0.0733527
0.0725038
0.0714585
0.0702264
0.0688175
0.0672422
0.0655114
0.0636356
0.061625
0.0594896
0.0572389
0.0548826
0.0524305
0.0498928
0.0472793
0.0445999
0.0418639
0.0390804
0.0362578
0.0334045
0.0305281
0.0276357
0.0247335
0.0218271
0.0189219
0.0160235
0.0131377
0.0102703
0.0074273
0.00461405
0.00183508
-0.00090588
-0.00360571
-0.00626158
-0.00887068
-0.0114301
-0.0139368
-0.0163875
-0.0187788
-0.0211069
-0.023368
-0.0255582
-0.0276738
-0.0297116
-0.0316687
-0.0335428
-0.0353312
-0.0370308
-0.038638
-0.0401485
-0.0415571
-0.0428587
-0.0440477
-0.0451186
-0.0460661
-0.0468854
-0.0475721
-0.0481224
-0.048533
-0.0488005
-0.0489214
-0.0488921
-0.0487084
-0.0483661
-0.0478611
-0.0471898
-0.0463491
-0.0453366
-0.044151
-0.0427919
-0.0412597
-0.0395562
-0.0376836
-0.0356449
-0.0334433
-0.0310822
-0.0285656
-0.0258981
-0.0230852
-0.0201335
-0.0170505
-0.013845
-0.0105268
-0.00710675
-0.00359702
-1.06308e-05
0.00363868
0.00733689
0.01107
0.0148241
0.0185852
0.0223395
0.0260722
0.0297687
0.0334134
0.0369908
0.0404848
0.0438791
0.0471567
0.0503005
0.053293
0.0561174
0.0587577
0.0611989
0.0634275
0.0654309
0.0671981
0.0687186
0.0699839
0.0709867
0.0717218
0.0721856
0.0723762
0.0722928
0.0719357
0.0713067
0.0704084
0.0692456
0.067824
0.0661512
0.0642359
0.0620879
0.0597178
0.0571376
0.0543602
0.0513996
0.048271
0.0449903
0.041574
0.0380391
0.0344035
0.0306851
0.0269028
0.0230758
0.0192232
0.0153645
0.0115185
0.00770422
0.00393999
0.000244074
-0.00336561
-0.00687163
-0.0102572
-0.0135065
-0.0166046
-0.0195377
-0.0222932
-0.0248593
-0.0272254
-0.029382
-0.031321
-0.0330354
-0.0345197
-0.0357696
-0.0367822
-0.037556
-0.0380905
-0.0383865
-0.0384463
-0.0382734
-0.0378726
-0.0372499
-0.0364124
-0.0353685
-0.0341272
-0.0326988
-0.0310943
-0.0293259
-0.0274063
-0.0253489
-0.0231675
-0.0208764
-0.0184903
-0.0160243
-0.0134938
-0.0109143
-0.00830143
-0.00567057
-0.00303681
-0.000414905
0.00218065
0.00473561
0.00723607
0.00966858
0.0120203
0.0142793
0.0164344
0.0184755
0.0203933
0.0221791
0.0238253
0.025325
0.0266726
0.0278634
0.0288938
0.0297614
0.0304648
0.0310035
0.0313779
0.0315896
0.0316409
0.0315356
0.0312778
0.0308728
0.0303264
0.0296451
0.0288361
0.0279073
0.0268675
0.0257261
0.0244933
0.0231794
0.021795
0.0203509
0.0188575
0.0173256
0.0157657
0.0141886
0.012605
0.0110256
0.00946076
0.00792078
0.0064154
0.00495384
0.00354479
0.0021963
0.000915882
-0.000289478
-0.00141327
-0.00244949
-0.00339276
-0.00423844
-0.00498271
-0.00562266
-0.00615619
-0.00658188
-0.00689899
-0.00710738
-0.00720759
-0.00720097
-0.00708965
-0.00687653
-0.00656511
-0.00615943
-0.00566399
-0.00508375
-0.00442423
-0.00369152
-0.00289212
-0.0020329
-0.00112086
-0.000163171
0.000832842
0.00185958
0.00290918
0.00397356
0.00504466
0.00611462
0.00717586
0.00822105
0.00924301
0.0102346
0.0111889
0.0120992
0.0129594
0.013764
0.014508
0.015187
0.0157966
0.0163328
0.0167919
0.0171709
0.0174674
0.0176799
0.0178076
0.01785
0.017807
0.0176788
0.0174661
0.0171701
0.0167929
0.0163368
0.0158047
0.0151997
0.0145253
0.0137855
0.0129848
0.0121283
0.0112211
0.0102688
0.00927662
0.00825015
0.007195
0.00611716
0.0050229
0.0039187
0.00281102
0.00170618
0.000610313
-0.000470565
-0.00153052
-0.00256376
-0.0035647
-0.00452814
-0.00544919
-0.00632325
-0.00714581
-0.00791243
-0.00861882
-0.00926106
-0.00983587
-0.0103407
-0.0107734
-0.0111324
-0.011416
-0.011623
-0.0117519
-0.0118022
-0.011774
-0.0116681
-0.0114859
-0.0112291
-0.0108995
-0.010499
-0.0100299
-0.00949479
-0.0088969
-0.00823987
-0.00752765
-0.00676426
-0.00595383
-0.00510056
-0.00420894
-0.00328376
-0.00233014
-0.00135338
-0.000358758
0.00064862
0.00166386
0.00268219
0.00369882
0.00470874
0.00570673
0.00668741
0.00764545
0.00857583
0.00947401
0.010336
0.011158
0.0119367
0.0126685
0.0133497
0.0139768
0.0145466
0.0150562
0.0155034
0.0158864
0.0162039
0.0164546
0.0166375
0.0167518
0.0167971
0.0167737
0.0166818
0.0165223
0.016296
0.0160042
0.0156481
0.0152296
0.0147509
0.0142147
0.013624
0.0129818
0.0122916
0.0115568
0.0107812
0.00996897
0.00912355
0.00824559
0.0073401
0.00641293
0.00547009
0.00451776
0.00356228
0.00261
0.00166708
0.00073936
-0.000167617
-0.00104854
-0.00189823
-0.00271173
-0.00348441
-0.00421216
-0.00489147
-0.00551948
-0.00609429
-0.006614
-0.00707692
-0.00748174
-0.00782777
-0.00811501
-0.00834403
-0.00851581
-0.00863152
-0.00869252
-0.00870042
-0.00865724
-0.00856547
-0.00842797
-0.00824785
-0.00802825
-0.00777233
-0.00748331
-0.00716466
-0.00682012
-0.00645361
-0.00606906
-0.0056702
-0.00526048
-0.00484315
-0.00442136
-0.00399828
-0.0035771
-0.00316087
-0.00275234
-0.00235392
-0.00196763
-0.00159522
-0.00123827
-0.000898238
-0.000576393
-0.000273814
8.67862e-06
0.000270511
0.000511328
0.000730966
0.000929453
0.00110704
0.00126421
0.00140164
0.00152018
0.00162076
0.00170435
0.00177196
0.00182463
0.00186345
0.00188955
0.00190411
0.00190828
0.00190316
0.00188983
0.00186927
0.0018425
0.00181042
0.00177387
0.00173355
0.00169
0.00164372
0.00159509
0.00154441
0.00149189
0.00143763
0.00138162
0.00132374
0.00126371
0.00120122
0.00113589
0.00106674
0.000991116
0.000909111
0.000821151
0.000727652
0.000629085
0.000525954
0.000418822
0.000308294
0.000195005
7.95952e-05
-3.72826e-05
-0.000154961
-0.000272755
-0.000389953
-0.000505917
-0.000620023
-0.000731757
-0.000840987
-0.000947363
-0.00105059
-0.00115031
-0.00124619
-0.0013379
-0.00142509
-0.0015076
-0.0015852
-0.00165762
-0.00172463
-0.00178587
-0.00184128
-0.00189069
-0.00193398
-0.00197098
-0.00200142
-0.00202532
-0.00204263
-0.00205333
-0.00205748
-0.00205496
-0.00204598
-0.00203054
-0.0020086
-0.00198019
-0.00194522
-0.00190399
-0.00185671
-0.0018036
-0.00174488
-0.00168063
-0.00161111
-0.00153649
-0.00145699
-0.00137283
-0.00128425
-0.00119153
-0.00109494
-0.000994771
-0.00089134
-0.000785094
-0.000676217
-0.000565014
-0.000451781
-0.000336831
-0.000220807
-0.000103826
1.36661e-05
0.000131206
0.000248345
0.000364201
0.000478833
0.000591836
0.000702788
0.000811243
0.000916133
0.00101763
0.00111531
0.00120876
0.00129752
0.00138045
0.00145779
0.0015291
0.00159397
0.00165203
0.00170221
0.00174494
0.00177991
0.0018068
0.0018253
0.00183449
0.00183477
0.00182592
0.00180778
0.00178021
0.00174268
0.00169548
0.00163855
0.00157187
0.00149548
0.00140945
0.00131387
0.00120886
0.00109458
0.000971183
0.000839436
0.00069909
0.000550482
0.000394001
0.000230073
6.0285e-05
-0.000115996
-0.000298248
-0.000485914
-0.000678394
-0.000873329
-0.00107177
-0.00127301
-0.00147631
-0.00168091
-0.00188376
-0.00208625
-0.00228746
-0.00248646
-0.00268227
-0.00287143
-0.00305549
-0.0032335
-0.00340452
-0.00356757
-0.00371919
-0.00386088
-0.00399171
-0.00411078
-0.00421723
-0.00430817
-0.00438485
-0.00444644
-0.00449211
-0.00452109
-0.00453149
-0.00452392
-0.00449786
-0.00445289
-0.0043886
-0.0043047
-0.00420091
-0.00407706
-0.00393311
-0.00376912
-0.00358682
-0.00338482
-0.00316346
-0.00292314
-0.0026644
-0.00239118
-0.00210098
-0.00179465
-0.00147312
-0.00113735
-0.000793265
-0.000437276
-7.07514e-05
0.000304821
0.000687872
0.0010708
0.00145793
0.00184756
0.00223788
0.00262701
0.00300645
0.0033808
0.00374811
0.00410645
0.00445388
0.00478213
0.00509544
0.00539176
0.00566905
0.00592534
0.00615374
0.00635757
0.00653517
0.00668495
0.00680535
0.00689195
0.0069463
0.00696717
0.0069535
0.00690441
0.00681919
0.00669728
0.00653826
0.00634189
0.00610808
0.00584033
0.00553553
0.00519422
0.0048171
0.0044051
0.00396618
0.00349474
0.00299226
0.00246035
0.00190087
0.00132572
0.00072731
0.000108033
-0.000529556
-0.00118278
-0.00183688
-0.00250089
-0.00317172
-0.00384616
-0.00452088
-0.0051798
-0.00583229
-0.00647501
-0.00710456
-0.00771749
-0.00829837
-0.00885565
-0.00938595
-0.00988606
-0.0103529
-0.0107741
-0.0111564
-0.0114968
-0.0117929
-0.0120419
-0.0122363
-0.0123794
-0.0124698
-0.012506
-0.0124868
-0.0124106
-0.0122771
-0.0120859
-0.0118367
-0.0115299
-0.0111707
-0.0107551
-0.010284
-0.00975878
-0.00918094
-0.00856271
-0.00789616
-0.00718381
-0.00642841
-0.00563291
-0.00481499
-0.00396341
-0.00308176
-0.00217391
-0.00124394
-0.000313468
0.000630671
0.0015842
0.00254277
0.00350197
0.00443901
0.00536767
0.0062834
0.00718173
0.00805819
0.00889145
0.00969426
0.0104625
0.0111922
0.0118797
0.0125077
0.0130865
0.0136132
0.0140847
0.0144986
0.0148439
0.0151273
0.0153472
0.0155023
0.0155916
0.0156117
0.0155647
0.0154507
0.0152698
0.0150225
0.0147136
0.0143405
0.0139047
0.0134079
0.0128521
0.0122494
0.0115926
0.0108845
0.0101281
0.00932677
0.00849825
0.00763179
0.00673124
0.00580063
0.00484414
0.00388359
0.00290563
0.00191456
0.0009147
-8.95588e-05
-0.00107508
-0.00205641
-0.00302943
-0.00399019
-0.00493488
-0.00584183
-0.00672564
-0.00758302
-0.00841088
-0.00920629
-0.00995093
-0.0106578
-0.0113246
-0.0119489
-0.0125289
-0.0130507
-0.0135247
-0.0139498
-0.014325
-0.0146496
-0.0149158
-0.0151305
-0.0152937
-0.0154054
-0.0154661
-0.015474
-0.0154321
-0.0153414
-0.0152027
-0.0150172
-0.0147883
-0.0145152
-0.0141995
-0.013843
-0.0134477
-0.0130218
-0.012561
-0.0120672
-0.0115424
-0.0109884
-0.010417
-0.00982038
-0.00920049
-0.0085594
-0.00789922
-0.00723428
-0.0065545
-0.00586194
-0.00515863
-0.00444651
-0.00374122
-0.00303061
-0.00231623
-0.00159957
-0.000882117
-0.000180065
0.000519658
0.00121541
0.00190558
0.00258859
0.00324832
0.00389818
0.00453695
0.00516344
0.0057764
0.00636062
0.00692888
0.00748002
0.00801291
0.00852638
0.00900671
0.00946516
0.00990043
0.0103112
0.0106963
0.0110443
0.0113644
0.0116557
0.0119171
0.0121475
0.0123389
0.0124971
0.012621
0.0127097
0.012762
0.0127741
0.0127481
0.0126832
0.0125787
0.0124342
0.0122509
0.0120265
0.0117608
0.0114534
0.0111041
0.0107198
0.0102938
0.00982653
0.00931843
0.00877011
0.0081943
0.00758
0.00692839
0.00624088
0.00551908
0.00478119
0.0040125
0.00321496
0.00239075
0.00154231
0.000692257
-0.000176411
-0.00106071
-0.00195759
-0.00286396
-0.00375509
-0.00464919
-0.0055427
-0.00643193
-0.00731307
-0.00816131
-0.008994
-0.00980753
-0.0105983
-0.0113625
-0.0120784
-0.0127606
-0.0134056
-0.0140101
-0.0145709
-0.0150718
-0.015523
-0.0159218
-0.0162659
-0.0165529
-0.0167742
-0.0169348
-0.0170331
-0.017068
-0.0170386
-0.0169454
-0.0167871
-0.0165635
-0.0162752
-0.0159228
-0.0155166
-0.0150488
-0.0145211
-0.0139358
-0.0132953
-0.0126186
-0.0118924
-0.0111198
-0.0103039
-0.00944838
-0.00857869
-0.00767742
-0.00674894
-0.00579775
-0.00482839
-0.00386979
-0.00290216
-0.00193011
-0.000958353
8.36873e-06
0.000941076
0.00185957
0.0027595
0.00363665
0.00448687
0.00528479
0.00604789
0.0067725
0.00745522
0.00809295
0.00866701
0.00919084
0.00966227
0.0100793
0.0104403
0.010735
0.0109709
0.0111473
0.0112635
0.0113195
0.011315
0.0112511
0.0111285
0.0109484
0.0107119
0.0104279
0.010091
0.00970315
0.00926694
0.00878511
0.00827453
0.00772428
0.00713749
0.00651738
0.00586732
0.00520942
0.00452882
0.00382935
0.00311485
0.00238919
0.00167673
0.000960534
0.000244229
-0.000468543
-0.00117413
-0.00184891
-0.00250948
-0.00315259
-0.00377526
-0.00437469
-0.00493132
-0.00545967
-0.00595739
-0.00642222
-0.00685215
-0.0072334
-0.00757672
-0.00788122
-0.00814624
-0.00837124
-0.00854976
-0.0086873
-0.00878354
-0.00883851
-0.00885266
-0.00882729
-0.00876323
-0.0086618
-0.00852425
-0.00835172
-0.00815158
-0.00791911
-0.00765612
-0.00736477
-0.00704743
-0.00671705
-0.00636514
-0.00599368
-0.00560472
-0.00520053
-0.00479712
-0.00438379
-0.00396327
-0.00353811
-0.00311059
-0.00269709
-0.00228534
-0.00187748
-0.00147579
-0.0010826
-0.000713348
-0.000356589
-1.3842e-05
0.000313581
0.000624434
0.000906746
0.00116999
0.00141302
0.00163486
0.00183476
0.00200506
0.00215238
0.00227635
0.0023767
0.00245262
0.00250044
0.00252338
0.00252199
0.00249695
0.00244901
0.00238016
0.00229019
0.00218029
0.0020519
0.0019067
0.00175101
0.00158194
0.00140115
0.00121027
0.00101095
0.00081173
0.000607566
0.00040039
0.000192122
-1.54318e-05
-0.00021294
-0.000406856
-0.000595843
-0.000778618
-0.000953937
-0.00111322
-0.00126312
-0.00140279
-0.00153157
-0.00164896
-0.00174836
-0.00183591
-0.00191136
-0.00197451
-0.00202528
-0.00205924
-0.00208141
-0.00209219
-0.00209201
-0.00208135
-0.00205798
-0.00202534
-0.00198409
-0.00193499
-0.00187887
-0.00181545
-0.00174678
-0.00167362
-0.00159668
-0.00151666
-0.00143429
-0.00135028
-0.00126539
-0.0011803
-0.00109566
-0.00101273
-0.000931268
-0.000851776
-0.000774739
-0.000700595
-0.000630653
-0.000564131
-0.000501244
-0.000442161
-0.000387028
-0.000336839
-0.000290663
-0.000248525
-0.000210379
-0.000176115
-0.000146215
-0.000119756
-9.6587e-05
-7.65513e-05
-5.9473e-05
-4.54924e-05
-3.39276e-05
-2.45378e-05
-1.70789e-05
-1.1313e-05
-7.13588e-06
-4.13861e-06
-2.11356e-06
-8.59497e-07
-1.85446e-07
7.03583e-08
1.00806e-07
3.90166e-08
0
0
0
0
0
0
0
0
0
0
0
0
0
0
0
0
0
0
-0
-0
-0
-0
-0
-0
-0
-0
-0
-0
-0
-0
-0
-0
-0
-0
-0
-0
-0
-0
-0
-0
-0
-0
-0
-0
-0
-0
-0
-0
-0
-0
-0
-0
-0
-0
-0
-0
-0
-0
-0
-0
-0
-0
-0
-0
-0
-0
-0
-0
-0
-0
-0
-0
-0
-0
-0
-0
-0
-0
-0
-0
-0
-0
-0
-0
-0
-0
-0
-0
-0
-0
-0
-0
-0
-0
-0
-0
-0
-0
-0
-0
-0
-0
-0
-0
-0
-0
-0
-0
-0
-0
-0
-0
-0
-0
-0
-0
-0
-0
-0
-0
-0
-0
-0
-0
-0
-0
-0
-0
-0
-0
-0
-0
-0
-0
-0
-0
-0
-0
-0
-0
-0
-0
-0
-0
-0
-0
-0
-0
-0
-0
-0
-0
-0
-0
-0
-0
-0
-0
-0
-0
-0
-0
-0
-0
-0
-0
-0
-0
-0
-0
-0
-0
-0
-0
-0
0
0
0
0
0
0
0
0
0
0
0
0
0
0
0
0
0
0
0
0
0
0
0
0
0
0
