0
0
0
0
-0
-0
-0
-0
-0
-0
-0
-0
-0
-0
-0
-0
-0
-0
-0
-0
-0
-0
-0
-0
-0
-0
-0
-0
-0
-0
-0
-0
-0
-0
-0
-0
-0
-0
-0
-0
-0
-0
-0
-0
-0
-0
-0
-0
-0
-0
-0
-0
-0
-0
-0
-0
0
0
0
0
0
0
0
0
0
0
0
0
0
0
0
0
0
0
0
0
0
0
0
0
0
0
0
0
0
0
0
1.02451e-07
8.6064e-06
3.05528e-05
6.53912e-05
0.000112264
0.000170009
0.000237169
0.000312
0.000392482
0.000476345
0.000561082
0.000643992
0.000722201
0.000792711
0.000852431
0.000898218
0.000926917
0.000935407
0.000920646
0.000879728
0.000809927
0.000708745
0.000573941
0.000403561
0.000195964
-5.01331e-05
-0.000335615
-0.000660912
-0.00102597
-0.0014302
-0.00187252
-0.00235129
-0.00286437
-0.00340906
-0.00398212
-0.00457977
-0.0051977
-0.00583114
-0.00647487
-0.00712327
-0.00777036
-0.00840984
-0.00903512
-0.0096395
-0.0102162
-0.0107583
-0.0112593
-0.0117124
-0.0121111
-0.0124491
-0.0127204
-0.0129191
-0.0130402
-0.0130789
-0.0130313
-0.0128939
-0.0126639
-0.0123393
-0.0119189
-0.0114021
-0.0107897
-0.0100831
-0.00928452
-0.00839718
-0.007425
-0.00637277
-0.00524615
-0.00405167
-0.00279662
-0.00148895
-0.00013714
0.00124979
0.00266231
0.00409033
0.00552325
0.00695013
0.00835984
0.00974133
0.0110837
0.0123765
0.0136093
0.0147721
0.0158554
0.0168501
0.0177478
0.0185411
0.0192237
0.01979
0.0202356
0.0205569
0.0207516
0.0208266
0.0207854
0.0206282
0.0203561
0.0199712
0.0194761
0.0188741
0.0181692
0.0173662
0.0164701
0.0154867
0.0144222
0.0132831
0.0120763
0.0108092
0.00948943
0.00812507
0.00672453
0.00529643
0.00384954
0.00239266
0.000934556
-0.000516038
-0.00195045
-0.00336011
-0.00473655
-0.00607151
-0.00735697
-0.00858517
-0.0097487
-0.0108404
-0.0118537
-0.0127823
-0.0136206
-0.0143634
-0.0150064
-0.015546
-0.0159789
-0.0163028
-0.0165158
-0.0166171
-0.0166064
-0.0164844
-0.0162525
-0.0159126
-0.0154674
-0.0149201
-0.0142744
-0.0135349
-0.0127069
-0.0117962
-0.0108096
-0.00975397
-0.00863668
-0.00746521
-0.00624731
-0.00499096
-0.00370441
-0.00239611
-0.00107462
0.000251498
0.00157366
0.00288328
0.00417169
0.0054302
0.0066502
0.00782324
0.00894127
0.0099966
0.010982
0.0118904
0.0127152
0.0134502
0.0140896
0.0146284
0.0150622
0.0153874
0.0156008
0.0157
0.0156833
0.0155495
0.0152983
0.0149303
0.0144466
0.0138493
0.0131409
0.0123245
0.0114039
0.0103837
0.00926894
0.00806557
0.00677988
0.00541858
0.00398864
0.00249744
0.000952788
-0.000637021
-0.0022633
-0.00391708
-0.00558927
-0.0072707
-0.00895208
-0.010624
-0.0122766
-0.0139004
-0.0154854
-0.0170223
-0.0185018
-0.0199152
-0.021254
-0.0225098
-0.0236746
-0.0247407
-0.0257011
-0.0265493
-0.0272794
-0.0278865
-0.0283659
-0.0287138
-0.0289271
-0.0290036
-0.0289418
-0.0287413
-0.0284022
-0.0279253
-0.027312
-0.0265646
-0.0256862
-0.0246806
-0.0235528
-0.0223082
-0.0209532
-0.0194942
-0.0179384
-0.0162936
-0.014568
-0.0127702
-0.0109094
-0.0089948
-0.00703617
-0.00504341
-0.00302679
-0.000996897
0.00103544
0.00305933
0.00506393
0.00703858
0.00897278
0.0108562
0.0126786
0.0144302
0.0161012
0.0176827
0.0191657
0.0205422
0.0218042
0.0229443
0.0239553
0.024831
0.0255655
0.026154
0.0265926
0.0268782
0.0270086
0.0269826
0.0268
0.0264613
0.0259682
0.0253232
0.0245296
0.0235915
0.0225138
0.0213023
0.0199636
0.018505
0.0169347
0.0152614
0.0134944
0.0116438
0.00972013
0.00773457
0.00569873
0.00362452
0.00152393
-0.000591017
-0.00270833
-0.00481599
-0.00690197
-0.00895428
-0.0109611
-0.0129108
-0.0147922
-0.0165947
-0.0183079
-0.0199222
-0.0214283
-0.0228177
-0.0240826
-0.0252158
-0.0262112
-0.0270632
-0.0277671
-0.028319
-0.0287159
-0.0289561
-0.0290387
-0.0289637
-0.0287321
-0.0283458
-0.0278075
-0.0271208
-0.0262904
-0.0253217
-0.0242211
-0.0229956
-0.0216531
-0.0202019
-0.018651
-0.0170103
-0.0152899
-0.0135006
-0.0116536
-0.00976027
-0.00783241
-0.00588188
-0.00392076
-0.0019612
-1.52594e-05
0.00190516
0.00378841
0.00562311
0.00739811
0.00910257
0.010726
0.0122585
0.0136909
0.0150144
0.0162213
0.0173043
0.0182568
0.0190729
0.0197477
0.0202772
0.0206584
0.0208893
0.020969
0.0208971
0.0206743
0.0203018
0.0197822
0.0191188
0.0183159
0.0173787
0.016313
0.0151252
0.0138224
0.0124123
0.0109034
0.00930487
0.00762624
0.00587763
0.00406943
0.00221241
0.000317661
-0.00160346
-0.00353945
-0.0054788
-0.0074102
-0.00932255
-0.011205
-0.0130469
-0.0148378
-0.0165676
-0.0182268
-0.0198064
-0.0212982
-0.0226947
-0.0239888
-0.0251743
-0.0262454
-0.0271969
-0.0280247
-0.0287251
-0.0292956
-0.0297341
-0.0300393
-0.0302108
-0.0302487
-0.0301541
-0.0299287
-0.0295751
-0.0290964
-0.0284964
-0.0277795
-0.0269503
-0.0260144
-0.0249778
-0.0238471
-0.0226291
-0.0213312
-0.0199606
-0.0185253
-0.0170332
-0.0154925
-0.0139116
-0.0122993
-0.0106638
-0.00901367
-0.00735717
-0.00570249
-0.00405765
-0.00243052
-0.000828678
0.000740593
0.00227035
0.00375397
0.00518516
0.00655793
0.00786676
0.00910658
0.0102729
0.0113618
0.0123697
0.0132938
0.0141314
0.0148804
0.0155391
0.0161064
0.0165817
0.0169651
0.0172571
0.0174585
0.0175707
0.0175955
0.0175347
0.0173909
0.0171666
0.0168649
0.0164891
0.0160427
0.0155295
0.0149538
0.0143198
0.0136319
0.0128946
0.0121127
0.0112908
0.0104337
0.00954611
0.00863287
0.00769856
0.00674771
0.00578474
0.00481403
0.00383983
0.00286633
0.00189751
0.000937137
-1.12597e-05
-0.000944346
-0.00185895
-0.00275206
-0.00362081
-0.00446262
-0.00527518
-0.00605652
-0.00680493
-0.00751891
-0.00819712
-0.00883831
-0.00944146
-0.0100058
-0.0105308
-0.0110163
-0.0114622
-0.0118686
-0.0122358
-0.012564
-0.0128537
-0.0131055
-0.0133202
-0.0134986
-0.0136419
-0.0137509
-0.0138269
-0.0138709
-0.0138843
-0.0138682
-0.013824
-0.0137528
-0.0136559
-0.0135345
-0.0133896
-0.0132224
-0.0130344
-0.0128266
-0.0126003
-0.0123566
-0.0120963
-0.0118203
-0.0115297
-0.0112253
-0.0109082
-0.0105792
-0.010239
-0.00988823
-0.00952746
-0.00915725
-0.00877817
-0.00839081
-0.00799571
-0.00759332
-0.00718403
-0.00676819
-0.0063462
-0.00591852
-0.00548563
-0.00504798
-0.00460598
-0.00415999
-0.00371037
-0.00325761
-0.00280228
-0.00234507
-0.00188666
-0.00142765
-0.000968537
-0.000509794
-5.19679e-05
0.000404235
0.000857936
0.00130815
0.00175388
0.00219419
0.00262817
0.00305492
0.0034734
0.00388247
0.00428087
0.00466735
0.00504072
0.00539988
0.00574374
0.00607118
0.00638101
0.006672
0.00694291
0.00719261
0.00742003
0.00762416
0.00780396
0.00795831
0.00808609
0.00818625
0.00825792
0.00830047
0.00831342
0.00829637
0.00824886
0.00817038
0.00806046
0.00791872
0.00774502
0.00753947
0.00730233
0.00703397
0.0067348
0.0064053
0.00604611
0.00565806
0.00524221
0.00479975
0.00433199
0.00384024
0.00332587
0.00279037
0.0022354
0.00166284
0.0010747
0.000473097
-0.000139806
-0.000761839
-0.00139077
-0.00202429
-0.00265995
-0.00329525
-0.00392765
-0.0045546
-0.00517356
-0.00578198
-0.00637726
-0.00695681
-0.00751804
-0.00805844
-0.0085756
-0.00906722
-0.00953102
-0.00996477
-0.0103663
-0.0107336
-0.0110648
-0.0113583
-0.0116126
-0.0118265
-0.0119988
-0.0121283
-0.012214
-0.0122554
-0.0122518
-0.0122032
-0.0121097
-0.0119715
-0.0117888
-0.0115623
-0.0112925
-0.0109804
-0.0106273
-0.0102346
-0.00980405
-0.00933728
-0.00883612
-0.00830252
-0.00773858
-0.00714664
-0.00652924
-0.00588912
-0.00522916
-0.00455234
-0.00386171
-0.00316033
-0.00245128
-0.00173764
-0.00102248
-0.000308931
0.00039983
0.00110056
0.00179002
0.00246504
0.00312259
0.00375984
0.00437411
0.00496285
0.00552356
0.00605384
0.00655138
0.0070141
0.00744011
0.00782777
0.00817564
0.00848241
0.00874696
0.0089684
0.00914606
0.00927953
0.0093686
0.00941193
0.0094054
0.009349
0.00924342
0.00908988
0.00889011
0.00864627
0.00836079
0.00803621
0.0076752
0.00728053
0.00685525
0.00640268
0.00592643
0.00543029
0.00491809
0.00439364
0.00386069
0.00332306
0.00278456
0.00224903
0.00172017
0.00120146
0.000696111
0.00020707
-0.000262898
-0.000711165
-0.00113526
-0.00153295
-0.00190232
-0.00224186
-0.00255041
-0.00282709
-0.00307126
-0.0032825
-0.00346063
-0.0036058
-0.00371845
-0.00379938
-0.00384957
-0.00387023
-0.00386271
-0.00382856
-0.00376956
-0.00368766
-0.003585
-0.00346377
-0.00332617
-0.0031744
-0.00301066
-0.00283716
-0.00265616
-0.00246992
-0.00228061
-0.0020903
-0.00190092
-0.00171424
-0.0015319
-0.00135541
-0.00118613
-0.00102524
-0.000873726
-0.000732373
-0.000601796
-0.000482444
-0.00037461
-0.000278425
-0.000193856
-0.000120707
-5.86309e-05
-7.15684e-06
3.42916e-05
6.63813e-05
8.98633e-05
0.000105566
0.000114379
0.000117237
0.000115087
0.000108872
9.95118e-05
8.78966e-05
7.48761e-05
6.12494e-05
4.77514e-05
3.50407e-05
2.36895e-05
1.41789e-05
6.89574e-06
2.13058e-06
7.68077e-08
0
0
0
0
0
0
0
0
0
0
0
0
0
0
0
0
0
0
0
0
0
0
0
0
0
0
-0
-0
-0
-0
-0
-0
-0
-0
-0
-0
-0
-0
-0
-0
-0
-0
-0
-0
-0
-0
-0
-0
-0
-0
-0
-0
-0
0
0
0
0
0
0
0
0
0
0
0
0
0
0
0
0
0
0
0
0
0
0
0
0
0
0
0
0
0
0
0
-0
-0
-0
-0
-0
-0
-0
-0
-0
-0
-0
-0
-0
-0
-0
-0
-0
-0
-0
-0
-0
-0
-0
-0
-0
-0
-0
-0
-0
-0
-0
-0
-0
-0
-0
-0
-0
-0
-0
-0
-0
-0
0
0
0
0
0
0
0
0
0
0
0
0
0
0
0
0
0
0
0
0
0
0
0
0
0
0
0
8.22232e-07
2.25157e-05
7.19692e-05
0.000146209
0.000241454
0.000353182
0.000476192
0.000604702
0.000732454
0.000852831
0.000958978
0.00104391
0.00110059
0.00112211
0.00110176
0.00103324
0.000910826
0.00072943
0.000484716
0.000173093
-0.000208187
-0.000660959
-0.00118596
-0.00178267
-0.00244922
-0.00318236
-0.00397767
-0.00482972
-0.00573214
-0.00667772
-0.00765812
-0.00866394
-0.00968474
-0.0107092
-0.0117257
-0.012722
-0.0136859
-0.0146051
-0.015467
-0.0162594
-0.0169699
-0.0175868
-0.0180995
-0.018498
-0.0187738
-0.0189189
-0.0189263
-0.0187905
-0.0185072
-0.018074
-0.0174899
-0.0167556
-0.0158734
-0.0148471
-0.0136824
-0.0123869
-0.0109703
-0.00944377
-0.00782001
-0.0061122
-0.00433412
-0.00250028
-0.000626371
0.0012706
0.00317277
0.00506172
0.00691975
0.00873009
0.0104768
0.0121444
0.0137165
0.0151766
0.0165089
0.0176988
0.018735
0.0196076
0.0203094
0.0208342
0.0211765
0.0213321
0.0212964
0.0210678
0.0206476
0.0200398
0.0192519
0.0182918
0.0171694
0.0158958
0.0144832
0.0129457
0.0112972
0.00955678
0.00773854
0.00585519
0.00392037
0.00194747
-4.94326e-05
-0.00205636
-0.00405976
-0.00604674
-0.00800435
-0.00991964
-0.0117792
-0.0135696
-0.0152785
-0.0168931
-0.018403
-0.0197991
-0.0210737
-0.022221
-0.0232323
-0.0241013
-0.0248223
-0.0253909
-0.0258068
-0.0260656
-0.0261665
-0.0261095
-0.0258958
-0.0255306
-0.0250132
-0.0243469
-0.023536
-0.0225852
-0.0215048
-0.0202981
-0.0189744
-0.0175446
-0.0160201
-0.0144168
-0.0127411
-0.0110034
-0.0092143
-0.00738503
-0.00553196
-0.00366528
-0.00179935
5.18343e-05
0.00187513
0.0036564
0.00538629
0.00705384
0.00864829
0.0101591
0.0115768
0.0128909
0.0140921
0.0151716
0.0161214
0.0169392
0.017615
0.0181451
0.0185263
0.0187564
0.0188421
0.0187726
0.0185472
0.0181665
0.0176333
0.0169659
0.0161559
0.0152092
0.0141315
0.0129284
0.0116243
0.0102096
0.00869403
0.00708836
0.00540401
0.00367273
0.00188565
5.44021e-05
-0.001809
-0.00369222
-0.00556281
-0.00742954
-0.00928151
-0.0111079
-0.0128972
-0.01462
-0.01628
-0.017864
-0.0193597
-0.0207567
-0.0220361
-0.0231994
-0.0242383
-0.0251439
-0.0259068
-0.0265201
-0.0269751
-0.0272665
-0.0273908
-0.0273455
-0.0271446
-0.0267709
-0.0262238
-0.0255037
-0.0246124
-0.0235845
-0.0223912
-0.0210361
-0.0195233
-0.0178583
-0.0160957
-0.0141951
-0.0121655
-0.0100166
-0.00775911
-0.005465
-0.00308518
-0.000632086
0.00188146
0.00444246
0.00697033
0.00951946
0.0120759
0.0146246
0.0171492
0.0195675
0.0219288
0.0242175
0.0264187
0.0285174
0.0304454
0.0322395
0.0338833
0.035361
0.0366581
0.0377324
0.0386011
0.0392528
0.039676
0.0398596
0.0397982
0.0394782
0.0388924
0.0380353
0.0369023
0.0355359
0.033888
0.0319583
0.0297488
0.0272637
0.0245974
0.0216671
0.0184792
0.0150417
0.0113643
0.00758795
0.00360004
-0.000582081
-0.00494043
-0.00945696
-0.0139575
-0.0185784
-0.0232977
-0.0280903
-0.0329291
-0.0376198
-0.0423025
-0.0469513
-0.0515404
-0.0560422
-0.060272
-0.0643535
-0.0682554
-0.0719468
-0.0753991
-0.0784656
-0.0812395
-0.0836944
-0.0858035
-0.0875406
-0.0888205
-0.089682
-0.0901059
-0.0900745
-0.0895717
-0.0885984
-0.0871263
-0.0851463
-0.082653
-0.0796447
-0.0762238
-0.0722911
-0.0678508
-0.0629099
-0.0574794
-0.0517598
-0.0455852
-0.0389782
-0.0319632
-0.0245663
-0.0170692
-0.00924867
-0.00113869
0.00722292
0.0157956
0.0242424
0.0328171
0.0414776
0.0501805
0.0588797
0.0672261
0.0754699
0.0835601
0.0914459
0.0990773
0.106142
0.112857
0.119177
0.125058
0.130455
0.135138
0.139256
0.142771
0.145648
0.147854
0.149283
0.14999
0.149957
0.14917
0.147618
0.145344
0.142294
0.13847
0.133877
0.128529
0.122623
0.116001
0.108686
0.100707
0.0920952
0.0831831
0.0737146
0.0637349
0.053293
0.0424418
0.0316124
0.0204849
0.00911751
-0.00242926
-0.0140925
-0.0253998
-0.0366953
-0.0479146
-0.0589928
-0.0698642
-0.080079
-0.0899585
-0.0994411
-0.108467
-0.116979
-0.124614
-0.131627
-0.137968
-0.143591
-0.148451
-0.152329
-0.155374
-0.15756
-0.158865
-0.159269
-0.158729
-0.157265
-0.154873
-0.151557
-0.147324
-0.142318
-0.136429
-0.129682
-0.122107
-0.11374
-0.104892
-0.0953349
-0.0851183
-0.0742944
-0.0629202
-0.051432
-0.0395181
-0.0272454
-0.0146835
-0.00190411
0.0105958
0.0231677
0.0357373
0.0482292
0.0605672
0.0722664
0.0836661
0.0946992
0.105301
0.115407
0.124622
0.133222
0.141151
0.148359
0.1548
0.160227
0.164819
0.168549
0.171393
0.173332
0.174295
0.174329
0.173432
0.171611
0.168878
0.165358
0.160969
0.155739
0.149703
0.142899
0.135622
0.127671
0.119099
0.109964
0.100325
0.0905985
0.0805007
0.0701017
0.0594729
0.0486864
0.0382083
0.0277151
0.0172779
0.00696892
-0.0031396
-0.0126009
-0.0217226
-0.0304401
-0.0386915
-0.0464175
-0.0532648
-0.0594788
-0.065012
-0.0698211
-0.0738678
-0.0769452
-0.0791982
-0.0806033
-0.0811421
-0.0808022
-0.079555
-0.0774257
-0.0744224
-0.0705587
-0.0658523
-0.0604533
-0.0542596
-0.0473032
-0.0396224
-0.0312619
-0.0225287
-0.0132181
-0.00338555
0.00691163
0.0176134
0.0283136
0.039292
0.0504824
0.0618165
0.073225
0.0842631
0.095239
0.106087
0.116741
0.127137
0.136864
0.146212
0.155122
0.163539
0.171409
0.178417
0.184785
0.190472
0.195445
0.199671
0.202975
0.205485
0.207184
0.20806
0.20811
0.207325
0.205717
0.203291
0.200057
0.196026
0.191348
0.185917
0.179764
0.172924
0.165438
0.157593
0.149189
0.140271
0.13089
0.1211
0.111275
0.101151
0.090782
0.0802229
0.0695283
0.0590985
0.048648
0.0382373
0.0279279
0.0177798
0.00816562
-0.00117928
-0.0102066
-0.01887
-0.0271238
-0.0346812
-0.0417448
-0.048278
-0.054249
-0.0596302
-0.0642608
-0.0682579
-0.0716043
-0.0742864
-0.0762942
-0.0776064
-0.0782387
-0.078195
-0.0774831
-0.0761153
-0.0742086
-0.0716811
-0.068556
-0.0648595
-0.0606205
-0.0560676
-0.0510362
-0.0455621
-0.0396848
-0.0334468
-0.0271511
-0.0205842
-0.0137908
-0.00681518
0.000298237
0.00722818
0.0142066
0.0211885
0.0281295
0.0349863
0.0414667
0.0477834
0.0538997
0.0597799
0.0653899
0.07051
0.0752995
0.0797336
0.0837912
0.0874541
0.0906088
0.0933391
0.0956335
0.0974829
0.0988812
0.0998293
0.100322
0.100361
0.0999512
0.0990997
0.0979194
0.0963237
0.0943299
0.0919574
0.0892262
0.0863356
0.0831282
0.0796278
0.0758626
0.0718646
0.0678938
0.0637594
0.0594946
0.0551308
0.0506977
0.0464586
0.0422093
0.0379809
0.0338054
0.0297152
0.0259453
0.0223205
0.0188675
0.0156114
0.0125756
0.00992277
0.00753071
0.00541625
0.00359447
0.00207946
0.000939237
0.000131426
-0.000333621
-0.000448582
-0.000209913
0.000340723
0.00124235
0.00249077
0.00408083
0.0060062
0.0081254
0.010561
0.0132986
0.0163208
0.0196074
0.022931
0.0264772
0.0302247
0.0341504
0.0382288
0.0421813
0.0462302
0.0503465
0.0545011
0.058666
0.0625548
0.0664008
0.0701785
0.0738626
0.0774282
0.080621
0.0836495
0.0864924
0.0891293
0.09154
0.0935367
0.0952715
0.0967297
0.0978989
0.0987687
0.0992479
0.0994111
0.0992525
0.098768
0.0979563
0.0968352
0.0953902
0.0936076
0.0914553
0.0889421
0.0861964
0.0831188
0.0797306
0.0760573
0.072128
0.0681697
0.0640131
0.059687
0.0552206
0.0506441
0.0462364
0.0417771
0.0372974
0.0328282
0.0283995
0.0243009
0.0202915
0.0163957
0.0126368
0.00903585
0.00584985
0.00284834
4.38897e-05
-0.00255263
-0.00493176
-0.0068982
-0.0086414
-0.0101592
-0.0114524
-0.0125247
-0.0132608
-0.013794
-0.0141319
-0.0142828
-0.0142567
-0.0140123
-0.0136176
-0.0130864
-0.0124333
-0.0116731
-0.010826
-0.00990056
-0.0089115
-0.00787436
-0.00680505
-0.00576442
-0.00471702
-0.00367522
-0.00265031
-0.00165275
-0.00075682
9.97392e-05
0.000908985
0.00166366
0.00235739
0.0029196
0.00341918
0.00385295
0.00421859
0.00451475
0.00468801
0.00480029
0.00485351
0.00485035
0.00479402
0.00465262
0.00447238
0.00425776
0.00401369
0.0037454
0.00343938
0.00312422
0.00280465
0.00248517
0.00217017
0.00185679
0.00155864
0.00127932
0.00102211
0.000789868
0.000583616
0.000407385
0.000262353
0.000149212
6.81401e-05
1.87612e-05
2.18431e-07
0
0
0
0
0
0
0
0
0
0
0
0
0
0
0
0
0
0
0
0
0
0
0
0
0
0
0
-0
-0
-0
-0
-0
-0
-0
-0
-0
-0
-0
-0
-0
-0
-0
-0
-0
-0
-0
-0
-0
-0
-0
-0
-0
-0
-0
-0
-0
-0
-0
-0
-0
-0
-0
-0
-0
-0
-0
-0
-0
-0
-0
-0
-0
-0
-0
-0
-0
-0
-0
-0
-0
-0
-0
-0
-0
-0
-0
-0
