-0
-0
-0
-0
-0
-0
-0
-0
-0
-0
-0
-0
-0
-0
-0
-0
-0
-0
-0
-0
-0
-0
-0
0
0
0
0
0
0
0
0
0
0
0
0
0
0
0
0
0
0
0
0
0
0
0
0
0
0
0
0
0
0
0
0
0
0
0
0
0
0
0
0
0
0
0
0
0
0
0
0
0
0
0
-0
-0
-0
-0
-0
-0
-0
-0
-0
-0
-0
-0
-0
-0
-0
-0
-0
-0
-0
-0
-0
-0
-0
-0
-0
-0
-0
-0
-0
-0
-0
-0
-0
-0
-0
-0
-0
0
0
1.84449e-06
1.58786e-05
5.26983e-05
0.000122484
0.000234962
0.000399191
0.000623363
0.000914627
0.00127893
0.00172086
0.00224354
0.0028485
0.00353557
0.0043028
0.00514646
0.00606101
0.00703917
0.00807193
0.00914862
0.010257
0.0113834
0.0125129
0.0136294
0.014716
0.0157553
0.0167291
0.0176192
0.0184072
0.0190751
0.0196056
0.0199822
0.0201894
0.0202128
0.0200395
0.0196579
0.0190583
0.0182331
0.0171769
0.0158866
0.0143618
0.0126043
0.0106183
0.00841055
0.00599019
0.00336889
0.000560574
-0.0024188
-0.00555141
-0.00881762
-0.0121961
-0.015664
-0.0191969
-0.0227693
-0.0263553
-0.0299282
-0.0334615
-0.0369285
-0.0403025
-0.0435577
-0.0466687
-0.0496115
-0.0523638
-0.0549046
-0.0572146
-0.0592763
-0.0610737
-0.062593
-0.0638223
-0.0647523
-0.0653757
-0.0656876
-0.0656852
-0.0653683
-0.0647396
-0.0638043
-0.0625704
-0.0610482
-0.0592495
-0.0571874
-0.0548763
-0.0523318
-0.0495709
-0.0466118
-0.0434737
-0.0401762
-0.0367394
-0.0331835
-0.0295293
-0.0257979
-0.0220106
-0.018192
-0.0143659
-0.0105447
-0.00673969
-0.00296147
0.000779762
0.00447449
0.00811419
0.0116917
0.0152014
0.0186389
0.0220005
0.0252829
0.0284834
0.0315999
0.0346312
0.0375777
0.0404405
0.0432213
0.0459219
0.0485443
0.0510905
0.0535631
0.0559653
0.0583003
0.0605708
0.0627788
0.0649256
0.0670121
0.0690395
0.0710095
0.0729239
0.0747842
0.0765906
0.0783417
0.0800349
0.0816665
0.0832326
0.0847289
0.0861501
0.0874896
0.0887391
0.0898886
0.0909274
0.0918439
0.0926268
0.0932644
0.0937446
0.0940547
0.0941809
0.0941096
0.0938269
0.093319
0.0925724
0.0915732
0.0903072
0.0887604
0.0869189
0.0847701
0.0823026
0.0795064
0.0763726
0.0728929
0.0690602
0.0648681
0.060312
0.0553893
0.0500996
0.0444448
0.0384291
0.0320589
0.025343
0.0182923
0.0109204
0.00324283
-0.00472209
-0.0129539
-0.0214294
-0.0301231
-0.0390067
-0.0480499
-0.0572202
-0.0664835
-0.0758041
-0.0851445
-0.0944656
-0.103726
-0.112884
-0.121896
-0.130717
-0.139303
-0.147608
-0.155589
-0.163198
-0.17039
-0.177122
-0.183347
-0.189026
-0.194117
-0.198581
-0.202383
-0.205486
-0.20786
-0.209475
-0.210305
-0.210328
-0.209526
-0.207884
-0.205388
-0.202033
-0.197812
-0.192727
-0.186783
-0.179989
-0.172358
-0.163909
-0.154662
-0.144645
-0.133886
-0.12242
-0.110287
-0.0975279
-0.0841917
-0.070329
-0.0559944
-0.0412458
-0.0261439
-0.0107529
0.00486055
0.0206267
0.0364737
0.0523278
0.0681145
0.0837589
0.0991861
0.114322
0.129091
0.143421
0.157238
0.170471
0.183052
0.194915
0.205998
0.216242
0.225593
0.233999
0.241412
0.247791
0.253098
0.257301
0.260375
0.262297
0.263052
0.262629
0.261024
0.258238
0.254279
0.249161
0.242904
0.235532
0.227074
0.217567
0.207049
0.195569
0.183177
0.16993
0.15589
0.141121
0.125693
0.109675
0.0931449
0.0761786
0.0588565
0.04126
0.0234722
0.00557689
-0.0123414
-0.0301979
-0.0479089
-0.0653916
-0.0825655
-0.099352
-0.115675
-0.131459
-0.146633
-0.161126
-0.174874
-0.187816
-0.199895
-0.211061
-0.221269
-0.230477
-0.238648
-0.24575
-0.251758
-0.256651
-0.260414
-0.26304
-0.264526
-0.264875
-0.264095
-0.262199
-0.259208
-0.255146
-0.250042
-0.243932
-0.236853
-0.228851
-0.219972
-0.21027
-0.1998
-0.188621
-0.176795
-0.164386
-0.151459
-0.138084
-0.12433
-0.11027
-0.0959759
-0.0815212
-0.0669788
-0.0524209
-0.0379187
-0.0235426
-0.00936137
0.00455755
0.018149
0.03135
0.0441004
0.0563427
0.0680227
0.07909
0.0894983
0.0992058
0.108175
0.116373
0.123771
0.130344
0.13607
0.140933
0.14492
0.148024
0.150243
0.151579
0.152039
0.151635
0.150382
0.1483
0.145411
0.141741
0.137321
0.132182
0.126362
0.119898
0.112835
0.105217
0.0970913
0.0885067
0.0795123
0.0701578
0.0604941
0.0505732
0.0404482
0.0301728
0.0198009
0.00938585
-0.00101984
-0.0113648
-0.0215987
-0.0316724
-0.0415384
-0.0511511
-0.0604675
-0.0694466
-0.0780501
-0.0862418
-0.0939878
-0.101257
-0.108021
-0.114256
-0.119939
-0.125053
-0.129583
-0.133516
-0.136843
-0.139558
-0.14166
-0.143151
-0.144037
-0.144326
-0.14403
-0.14316
-0.141734
-0.13977
-0.137289
-0.134315
-0.130875
-0.126997
-0.122711
-0.118047
-0.113038
-0.107717
-0.102117
-0.0962749
-0.0902251
-0.0840033
-0.0776452
-0.0711868
-0.0646638
-0.0581117
-0.051565
-0.0450568
-0.0386189
-0.032282
-0.026076
-0.0200298
-0.0141715
-0.00852703
-0.00312036
0.00202717
0.00689644
0.0114702
0.0157328
0.0196699
0.0232695
0.0265215
0.0294185
0.0319559
0.0341307
0.0359422
0.0373911
0.0384801
0.0392137
0.0395988
0.0396441
0.03936
0.038758
0.0378509
0.0366527
0.0351789
0.0334465
0.0314738
0.0292797
0.0268836
0.0243048
0.0215627
0.0186769
0.0156677
0.0125555
0.00936098
0.00610472
0.00280668
-0.000513615
-0.00383708
-0.00714507
-0.0104195
-0.013643
-0.0167993
-0.0198732
-0.0228504
-0.0257175
-0.0284618
-0.0310718
-0.0335372
-0.0358495
-0.0380017
-0.0399882
-0.0418043
-0.0434464
-0.0449117
-0.0461989
-0.0473081
-0.0482408
-0.0489998
-0.0495889
-0.0500123
-0.0502749
-0.0503825
-0.0503419
-0.050161
-0.0498484
-0.0494132
-0.0488645
-0.0482118
-0.0474649
-0.0466342
-0.0457307
-0.0447656
-0.04375
-0.0426943
-0.0416085
-0.0405027
-0.0393873
-0.0382728
-0.0371697
-0.0360878
-0.0350362
-0.0340223
-0.0330531
-0.0321351
-0.0312745
-0.0304772
-0.0297484
-0.0290922
-0.0285118
-0.0280093
-0.0275865
-0.0272446
-0.0269845
-0.026806
-0.026708
-0.0266881
-0.0267435
-0.026871
-0.0270675
-0.02733
-0.0276547
-0.0280367
-0.0284699
-0.0289473
-0.0294619
-0.0300068
-0.0305755
-0.0311618
-0.0317589
-0.0323599
-0.0329572
-0.0335432
-0.0341107
-0.034653
-0.0351637
-0.0356366
-0.0360653
-0.0364438
-0.0367662
-0.0370278
-0.0372243
-0.0373519
-0.0374073
-0.037387
-0.0372879
-0.0371074
-0.0368438
-0.0364963
-0.0360647
-0.035549
-0.0349493
-0.0342663
-0.0335012
-0.0326563
-0.031735
-0.0307414
-0.0296799
-0.0285546
-0.0273701
-0.0261308
-0.0248421
-0.02351
-0.0221414
-0.0207433
-0.0193228
-0.0178871
-0.0164436
-0.0150002
-0.0135649
-0.0121455
-0.0107495
-0.00938405
-0.00805559
-0.00677083
-0.00553679
-0.00436074
-0.00324986
-0.00221065
-0.00124865
-0.0003685
0.000425638
0.00112964
0.0017393
0.00225059
0.00266014
0.00296563
0.00316583
0.00326029
0.00324887
0.00313162
0.00290886
0.00258159
0.00215176
0.00162229
0.000996704
0.000278732
-0.000527932
-0.00141946
-0.0023915
-0.00343877
-0.00455507
-0.00573356
-0.00696726
-0.00824942
-0.00957348
-0.0109328
-0.0123201
-0.0137278
-0.0151477
-0.0165719
-0.0179926
-0.019403
-0.020796
-0.0221651
-0.0235033
-0.0248035
-0.026059
-0.0272638
-0.028412
-0.0294984
-0.0305177
-0.0314649
-0.0323352
-0.0331245
-0.0338295
-0.034448
-0.0349781
-0.0354182
-0.0357666
-0.036022
-0.0361834
-0.0362507
-0.0362249
-0.0361074
-0.0359
-0.0356049
-0.0352241
-0.0347602
-0.0342167
-0.0335974
-0.0329068
-0.0321494
-0.0313299
-0.0304531
-0.0295239
-0.0285482
-0.027532
-0.0264818
-0.0254036
-0.0243034
-0.0231866
-0.0220588
-0.0209259
-0.0197944
-0.0186707
-0.0175608
-0.0164699
-0.0154024
-0.0143623
-0.0133531
-0.0123739
-0.011428
-0.010521
-0.00965736
-0.00884034
-0.0080723
-0.00735495
-0.00668964
-0.0060775
-0.00551928
-0.00501508
-0.00456427
-0.00416549
-0.00381684
-0.00351606
-0.00326049
-0.00304705
-0.00287211
-0.0027317
-0.0026217
-0.00253824
-0.00247776
-0.002437
-0.00241265
-0.00240113
-0.00239849
-0.00240066
-0.00240381
-0.00240472
-0.00240085
-0.00239024
-0.00237123
-0.00234223
-0.0023017
-0.00224824
-0.00218089
-0.00209919
-0.00200326
-0.00189371
-0.00177143
-0.00163757
-0.00149345
-0.00134054
-0.00118048
-0.00101499
-0.000845848
-0.000674864
-0.000503881
-0.000334809
-0.000169611
-1.02485e-05
0.000141417
0.000283722
0.000415248
0.000534811
0.00064142
0.000734235
0.000812571
0.000875937
0.000924086
0.000957044
0.000975111
0.00097883
0.000968963
0.000946481
0.000912555
0.000868552
0.000816
0.000756527
0.000691802
0.000623481
0.000553186
0.000482491
0.000412919
0.000345904
0.000282756
0.000224597
0.00017233
0.000126611
8.78512e-05
5.62191e-05
3.16435e-05
1.38076e-05
2.14091e-06
-4.18195e-06
-6.23055e-06
-5.29643e-06
-2.86342e-06
-5.752e-07
-0
-0
-0
-0
-0
-0
-0
-0
-0
-0
-0
-0
-0
-0
-0
-0
-0
-0
-0
-0
-0
-0
-0
-0
-0
-0
-0
-0
-0
-0
-0
-0
-0
-0
-0
-0
-0
-0
-0
-0
-0
-0
-0
-0
-0
0
0
0
0
0
0
0
0
0
0
0
0
0
0
0
0
0
0
0
0
0
0
0
0
0
0
0
0
0
0
0
0
0
0
0
0
0
0
0
0
0
0
0
0
0
0
0
0
0
0
0
0
0
0
0
-0
-0
-0
-6.30384e-07
-5.20301e-06
-1.61849e-05
-3.55605e-05
-6.49343e-05
-0.000105515
-0.000158102
-0.000223071
-0.000300365
-0.000389491
-0.000489543
-0.000599223
-0.000716879
-0.000840519
-0.000967831
-0.00109619
-0.00122268
-0.00134417
-0.00145738
-0.00155893
-0.00164542
-0.00171345
-0.0017597
-0.00178087
-0.00177382
-0.0017355
-0.00166307
-0.00155388
-0.00140555
-0.001216
-0.000983461
-0.000706567
-0.000384372
-1.63254e-05
0.000397745
0.000857731
0.00136321
0.00191343
0.00250731
0.00314337
0.00381976
0.00453423
0.00528415
0.00606654
0.00687811
0.00771533
0.00857451
0.00945192
0.0103439
0.0112468
0.012157
0.0130709
0.0139847
0.0148946
0.015797
0.0166881
0.0175648
0.0184239
0.0192627
0.0200784
0.0208685
0.0216307
0.0223628
0.0230626
0.0237283
0.0243581
0.0249505
0.0255043
0.0260183
0.0264921
0.026925
0.0273164
0.0276656
0.027972
0.0282351
0.0284545
0.0286299
0.0287613
0.0288485
0.028891
0.0288888
0.028842
0.0287514
0.0286187
0.0284454
0.0282331
0.0279826
0.0276943
0.0273685
0.0270061
0.0266134
0.0262036
0.0257791
0.0253416
0.0248918
0.0244305
0.0239587
0.0234774
0.0229886
0.0224936
0.0219942
0.0214911
0.0209848
0.0204758
0.0199652
0.019456
0.0189515
0.0184546
0.0179678
0.0174916
0.0170278
0.0165774
0.0161424
0.0157254
0.0153287
0.0149561
0.0146099
0.0142917
0.0140032
0.0137448
0.0135195
0.0133294
0.0131764
0.0130619
0.012986
0.0129501
0.0129553
0.0130023
0.0130922
0.0132249
0.0134011
0.0136203
0.013882
0.0141855
0.0145305
0.0149164
0.0153419
0.0158051
0.0163034
0.0168351
0.0173972
0.0179884
0.0186076
0.0192532
0.0199245
0.0206159
0.0213231
0.0220414
0.0227671
0.0235
0.0242353
0.0249709
0.0257043
0.0264324
0.0271551
0.027865
0.0285587
0.0292332
0.029886
0.0305188
0.0311249
0.031702
0.0322481
0.0327615
0.0332448
0.0336924
0.0341028
0.0344742
0.0348055
0.0350994
0.0353518
0.0355631
0.0357336
0.0358636
0.0359558
0.0360081
0.0360209
0.0359955
0.0359335
0.0358371
0.0357079
0.0355474
0.0353569
0.0351378
0.0348895
0.0346174
0.0343247
0.0340149
0.0336911
0.0333496
0.0329983
0.0326388
0.032273
0.0319034
0.0315235
0.0311454
0.0307719
0.0304051
0.0300472
0.0296882
0.0293421
0.0290109
0.0286965
0.0284001
0.0281085
0.0278354
0.0275806
0.027344
0.0271255
0.0269116
0.0267154
0.0265357
0.0263708
0.0262184
0.0260649
0.0259198
0.0257814
0.0256479
0.0255168
0.0253777
0.0252337
0.0250809
0.0249153
0.0247337
0.024533
0.0243111
0.0240654
0.0237927
0.0234898
0.0231608
0.0227956
0.0223921
0.0219487
0.0214641
0.0209535
0.0203992
0.0198005
0.0191574
0.0184705
0.0177662
0.0170213
0.0162375
0.015417
0.014562
0.0137072
0.0128243
0.0119176
0.0109916
0.0100512
0.00913639
0.00821723
0.00729968
0.00639055
0.00549735
0.00466208
0.00385807
0.00309241
0.00237193
0.00170363
0.00112304
0.000609967
0.00017255
-0.000181326
-0.000444484
-0.000593779
-0.000640402
-0.000578869
-0.000403528
-0.000108632
0.000312256
0.000862519
0.00154535
0.00236278
0.00331599
0.00438801
0.00559704
0.00694312
0.00842555
0.0100424
0.0117535
0.0135918
0.0155524
0.0176296
0.019817
0.0220525
0.0243826
0.0267978
0.0292879
0.0318422
0.0343823
0.0369643
0.0395761
0.0422048
0.0448357
0.0473813
0.0498986
0.0523723
0.0547878
0.0571301
0.0593164
0.0613994
0.0633634
0.0651922
0.06687
0.0683278
0.0696053
0.0706893
0.0715672
0.0722267
0.0726267
0.0727861
0.0726953
0.0723458
0.0717306
0.0708455
0.0696834
0.0682409
0.0665159
0.064508
0.0622566
0.0597271
0.0569242
0.0538543
0.0505254
0.0470202
0.0432764
0.0393062
0.0351232
0.030742
0.0262818
0.0216565
0.0168848
0.0119874
0.00698685
0.00202918
-0.00298494
-0.00803192
-0.0130879
-0.0181284
-0.0230004
-0.0278057
-0.0325179
-0.03711
-0.0415552
-0.0457111
-0.0496681
-0.053401
-0.056885
-0.0600955
-0.0629224
-0.0654302
-0.0675979
-0.069406
-0.0708358
-0.0718283
-0.0724099
-0.0725673
-0.0722895
-0.071568
-0.0704102
-0.0687976
-0.0667276
-0.0641996
-0.0612156
-0.0578551
-0.0540516
-0.0498159
-0.045161
-0.040102
-0.0347874
-0.0291045
-0.023075
-0.0167233
-0.0100764
-0.00334061
0.00363144
0.0108086
0.0181581
0.0256455
0.0330304
0.0404788
0.047952
0.0554108
0.0628157
0.0699216
0.0768958
0.0836989
0.090291
0.0966316
0.1025
0.10804
0.113215
0.117991
0.122334
0.126083
0.129335
0.132064
0.134243
0.135849
0.136806
0.137151
0.136871
0.135951
0.134383
0.132191
0.129341
0.125834
0.121674
0.116868
0.111549
0.105609
0.0990632
0.091933
0.0842422
0.0762237
0.0677024
0.0587116
0.0492874
0.0394688
0.029565
0.0193511
0.00887209
-0.00182511
-0.0126916
-0.023376
-0.034127
-0.0448914
-0.0556146
-0.0662418
-0.0764212
-0.0863975
-0.096118
-0.10553
-0.114582
-0.122965
-0.130884
-0.138293
-0.145147
-0.151403
-0.156841
-0.161606
-0.165664
-0.168982
-0.171532
-0.173209
-0.174074
-0.17411
-0.173305
-0.171653
-0.169189
-0.165874
-0.161712
-0.156713
-0.15089
-0.144417
-0.13716
-0.129147
-0.120406
-0.110971
-0.101138
-0.0906891
-0.0796693
-0.0681262
-0.0561106
-0.0440059
-0.0315375
-0.0187625
-0.00573998
0.00746953
0.0204403
0.0334754
0.0465131
0.0594908
0.0723453
0.0846583
0.0967234
0.10848
0.11987
0.130835
0.141017
0.150668
0.159739
0.168184
0.175959
0.18281
0.188917
0.194247
0.198775
0.202475
0.205225
0.207114
0.208132
0.208273
0.207536
0.205947
0.20349
0.200179
0.196028
0.191057
0.185431
0.17904
0.171914
0.164092
0.155611
0.146751
0.137319
0.127361
0.116927
0.106069
0.0951453
0.0839066
0.0724083
0.0607072
0.0488609
0.0372605
0.0256294
0.0140235
0.0024979
-0.00889336
-0.0197757
-0.0304212
-0.0407814
-0.0508098
-0.0604618
-0.0694213
-0.0779249
-0.0859386
-0.0934318
-0.100377
-0.106551
-0.112134
-0.117108
-0.12146
-0.125181
-0.128156
-0.130491
-0.132187
-0.133247
-0.13368
-0.133483
-0.132682
-0.131292
-0.129334
-0.126826
-0.123868
-0.120409
-0.116475
-0.112096
-0.1073
-0.102263
-0.0968749
-0.0911676
-0.0851757
-0.078934
-0.0726638
-0.0662143
-0.0596206
-0.052917
-0.0461373
-0.0395155
-0.0328816
-0.026266
-0.0196985
-0.0132077
-0.00701271
-0.00094687
0.00496678
0.0107071
0.0162545
0.0214293
0.0263779
0.0310864
0.035543
0.0397378
0.0435427
0.047072
0.0503215
0.0532887
0.0559727
0.0583006
0.0603488
0.0621217
0.0636249
0.0648658
0.0658217
0.0665327
0.0670092
0.0672625
0.0673049
0.0671526
0.0668149
0.0663049
0.0656358
0.0648214
0.0639014
0.062864
0.0617228
0.0604909
0.0591808
0.0578398
0.056444
0.0550048
0.0535339
0.0520424
0.0505754
0.0491065
0.047643
0.0461907
0.0447552
0.04337
0.0420115
0.0406838
0.03939
0.0381317
0.0369298
0.0357631
0.0346304
0.0335304
0.0324613
0.0314363
0.0304369
0.0294588
0.0284971
0.0275466
0.0266189
0.0256934
0.024766
0.0238327
0.0228889
0.0219541
0.0209985
0.0200173
0.0190061
0.0179609
0.0169173
0.0158329
0.0147044
0.0135287
0.0123033
0.0110835
0.00981197
0.00848919
0.00711617
0.00569416
0.00429891
0.0028577
0.00137251
-0.000151132
-0.00170566
-0.00319668
-0.00470238
-0.00621467
-0.0077255
-0.00922659
-0.0106221
-0.011991
-0.0133239
-0.0146114
-0.0158447
-0.0169403
-0.0179679
-0.0189208
-0.019792
-0.0205743
-0.0212087
-0.0217426
-0.0221713
-0.0224916
-0.0227016
-0.0227789
-0.0227451
-0.0226
-0.0223445
-0.0219802
-0.0215217
-0.020962
-0.0203069
-0.0195624
-0.018735
-0.0178699
-0.0169333
-0.0159326
-0.0148763
-0.0137736
-0.0126908
-0.0115777
-0.0104439
-0.00929827
-0.00815003
-0.00707064
-0.00600225
-0.00495369
-0.00393354
-0.00294977
-0.00206682
-0.00122885
-0.000441266
0.000291146
0.000964175
0.00153003
0.00203477
0.00247673
0.00285513
0.00317008
0.00339432
0.00356099
0.0036723
0.00373096
0.00374023
0.00369045
0.00360128
0.00347726
0.00332308
0.00314352
0.00294022
0.00272165
0.00249246
0.00225716
0.00202008
0.00178708
0.00155973
0.00134143
0.00113514
0.000943311
0.000770338
0.000614424
0.000476661
0.000357645
0.00025748
0.000176828
0.00011316
6.54192e-05
3.21717e-05
1.16485e-05
1.80602e-06
0
0
0
0
0
0
0
0
0
-0
-0
-0
-0
-0
-0
-0
-0
-0
-0
-0
-0
-0
-0
-0
-0
-0
-0
-0
-0
-0
-0
-0
-0
-0
-0
-0
-0
-0
-0
-0
-0
-0
-0
0
0
0
0
0
0
0
0
0
0
0
0
0
0
0
0
0
0
0
0
0
0
0
0
0
0
0
0
0
0
0
0
0
0
0
0
0
0
0
0
0
0
0
0
0
0
0
0
0
0
0
-0
-0
-0
-0
-0
-0
-0
-0
-0
-0
-0
-0
-0
-0
-0
-0
-0
-0
-0
