0
0
0
0
0
0
0
0
0
0
0
0
0
0
0
0
0
0
0
0
0
0
0
0
0
0
0
0
0
-0
-0
-0
-0
-0
-0
-0
-0
-0
-0
-0
-0
-0
-0
-0
-0
-0
-0
-0
-0
-0
-0
-0
-0
-0
-0
-0
-0
-0
-0
-0
-0
-0
-0
-0
-0
-0
-0
-0
-0
-0
-0
-0
-0
-0
-0
0
0
0
0
0
0
0
0
0
0
0
0
2.64795e-07
2.39714e-05
9.13825e-05
0.000209465
0.000384389
0.000621421
0.00092483
0.00129779
0.00174232
0.0022592
0.0028479
0.00350656
0.00423195
0.00501944
0.00586302
0.00675531
0.0076876
0.00864992
0.00963103
0.0106186
0.011599
0.0125579
0.0134797
0.0143485
0.0151475
0.0158597
0.0164679
0.016955
0.017304
0.0174982
0.0175214
0.017358
0.0169935
0.0164148
0.0156104
0.0145703
0.0132864
0.0117525
0.00996427
0.0079197
0.00561923
0.00306595
0.000265581
-0.00277358
-0.00604081
-0.00952299
-0.0132046
-0.0170677
-0.0210916
-0.0252532
-0.0295273
-0.0338862
-0.0383007
-0.0427398
-0.0471712
-0.0515614
-0.0558758
-0.0600792
-0.0641362
-0.0680112
-0.0716691
-0.0750752
-0.0781962
-0.0809998
-0.083456
-0.0855365
-0.087216
-0.0884715
-0.0892829
-0.0896328
-0.0895077
-0.0888973
-0.0877957
-0.0862005
-0.0841138
-0.0815409
-0.0784911
-0.0749772
-0.071016
-0.0666285
-0.0618395
-0.0566775
-0.0511742
-0.0453642
-0.0392842
-0.0329734
-0.0264727
-0.0198248
-0.0130737
-0.0062643
0.000558358
0.00735242
0.0140842
0.0207213
0.0272319
0.0335846
0.0397491
0.0456963
0.0513983
0.0568284
0.0619611
0.0667722
0.0712388
0.0753399
0.0790564
0.0823717
0.0852711
0.0877423
0.0897752
0.0913618
0.0924967
0.0931766
0.0934009
0.0931712
0.0924915
0.0913681
0.0898096
0.087827
0.085434
0.0826467
0.079483
0.0759628
0.0721071
0.0679383
0.0634802
0.0587575
0.0537961
0.0486234
0.0432674
0.0377575
0.0321234
0.0263959
0.0206058
0.0147839
0.00896071
0.00316572
-0.00257215
-0.00822465
-0.013764
-0.0191629
-0.0243945
-0.0294335
-0.0342556
-0.0388387
-0.0431628
-0.0472098
-0.0509633
-0.0544091
-0.0575345
-0.060329
-0.0627841
-0.0648934
-0.0666526
-0.0680598
-0.0691149
-0.0698206
-0.0701817
-0.0702053
-0.0699006
-0.0692787
-0.0683522
-0.0671349
-0.0656424
-0.0638916
-0.061901
-0.05969
-0.0572794
-0.0546903
-0.0519446
-0.0490647
-0.0460733
-0.0429938
-0.0398492
-0.0366626
-0.0334562
-0.0302515
-0.0270696
-0.0239313
-0.020857
-0.0178667
-0.0149795
-0.0122132
-0.00958393
-0.00710614
-0.00479272
-0.00265506
-0.000703087
0.00105488
0.00261232
0.0039646
0.00510883
0.00604373
0.00676943
0.00728748
0.007601
0.00771494
0.00763619
0.00737346
0.00693702
0.00633843
0.00559037
0.00470663
0.00370215
0.00259298
0.00139596
0.00012831
-0.00119285
-0.00255078
-0.00392914
-0.00531187
-0.00668301
-0.00802677
-0.00932772
-0.0105711
-0.0117429
-0.0128299
-0.0138198
-0.0147005
-0.0154606
-0.0160895
-0.0165778
-0.0169177
-0.0171029
-0.0171283
-0.0169903
-0.0166863
-0.0162151
-0.0155768
-0.0147732
-0.013808
-0.0126863
-0.0114146
-0.0100006
-0.00845365
-0.00678464
-0.00500647
-0.00313386
-0.00118313
0.000828299
0.00288226
0.00496006
0.00704241
0.00910939
0.0111404
0.0131146
0.0150111
0.0168093
0.0184893
0.0200318
0.0214181
0.0226301
0.0236504
0.024463
0.0250535
0.0254094
0.0255203
0.0253778
0.0249757
0.0243093
0.0233765
0.022177
0.0207133
0.0189902
0.0170147
0.0147963
0.0123464
0.00967899
0.00680972
0.00375644
0.000538673
-0.00282257
-0.00630502
-0.0098852
-0.0135385
-0.0172392
-0.0209608
-0.0246762
-0.0283584
-0.0319804
-0.0355158
-0.0389384
-0.0422224
-0.0453425
-0.0482744
-0.0509951
-0.0534834
-0.05572
-0.0576873
-0.0593695
-0.0607525
-0.061824
-0.0625737
-0.0629937
-0.063079
-0.0628268
-0.062237
-0.0613118
-0.0600557
-0.058476
-0.0565825
-0.0543877
-0.0519065
-0.0491557
-0.0461541
-0.0429219
-0.0394809
-0.0358546
-0.0320681
-0.028148
-0.0241217
-0.0200171
-0.0158624
-0.0116862
-0.00751749
-0.00338579
0.0006791
0.00464742
0.00848997
0.0121786
0.0156863
0.0189876
0.0220587
0.0248772
0.0274228
0.0296772
0.0316241
0.0332493
0.0345408
0.035488
0.0360826
0.0363185
0.0361922
0.0357028
0.0348527
0.0336467
0.032092
0.0301981
0.0279766
0.0254416
0.0226094
0.019499
0.0161314
0.0125299
0.00871919
0.00472507
0.000574299
-0.00370571
-0.00808692
-0.0125408
-0.0170384
-0.0215506
-0.0260482
-0.0305022
-0.0348836
-0.0391638
-0.0433148
-0.0473085
-0.051118
-0.054717
-0.0580805
-0.0611854
-0.0640103
-0.0665358
-0.0687447
-0.0706219
-0.0721543
-0.0733314
-0.0741449
-0.0745892
-0.0746615
-0.0743612
-0.0736903
-0.0726529
-0.0712553
-0.0695063
-0.0674167
-0.0650001
-0.0622718
-0.0592491
-0.0559507
-0.0523965
-0.0486079
-0.0446077
-0.0404204
-0.0360715
-0.0315876
-0.0269959
-0.0223238
-0.017599
-0.0128494
-0.00810283
-0.00338754
0.00126869
0.00583866
0.010296
0.0146156
0.0187731
0.0227455
0.026511
0.0300493
0.0333419
0.0363723
0.0391256
0.0415887
0.0437498
0.045599
0.0471276
0.0483294
0.0492001
0.0497379
0.0499427
0.0498162
0.049362
0.0485851
0.0474925
0.0460932
0.0443981
0.0424198
0.0401722
0.0376705
0.0349309
0.031971
0.0288094
0.0254658
0.0219609
0.0183156
0.0145516
0.0106904
0.00675441
0.00276605
-0.00125194
-0.00527695
-0.00928686
-0.0132602
-0.0171761
-0.0210144
-0.0247554
-0.02838
-0.0318697
-0.0352074
-0.0383772
-0.0413646
-0.0441562
-0.0467401
-0.0491051
-0.0512416
-0.0531415
-0.0547982
-0.0562066
-0.0573632
-0.0582656
-0.0589128
-0.059305
-0.059444
-0.0593331
-0.0589774
-0.0583831
-0.0575576
-0.0565091
-0.0552468
-0.0537806
-0.0521216
-0.050282
-0.0482746
-0.0461129
-0.0438111
-0.0413837
-0.0388458
-0.0362127
-0.0335004
-0.0307247
-0.0279014
-0.0250461
-0.0221741
-0.0193008
-0.0164411
-0.0136099
-0.0108213
-0.00808858
-0.00542442
-0.00284064
-0.000348576
0.00204082
0.00431704
0.00647026
0.00849164
0.0103735
0.0121094
0.0136939
0.0151227
0.016392
0.017499
0.0184419
0.0192197
0.0198328
0.0202825
0.0205713
0.0207022
0.0206791
0.0205066
0.0201896
0.019734
0.0191463
0.0184334
0.017603
0.0166634
0.0156231
0.014491
0.0132762
0.0119879
0.0106357
0.00922914
0.00777804
0.00629224
0.00478137
0.00325478
0.0017214
0.000189881
-0.00133132
-0.00283383
-0.00430943
-0.0057502
-0.00714874
-0.00849835
-0.00979299
-0.0110272
-0.0121961
-0.013295
-0.0143201
-0.0152681
-0.0161363
-0.0169232
-0.0176276
-0.0182488
-0.0187868
-0.0192418
-0.0196148
-0.0199075
-0.020122
-0.0202611
-0.0203274
-0.0203237
-0.0202529
-0.0201181
-0.0199232
-0.0196727
-0.0193718
-0.019026
-0.0186406
-0.0182211
-0.0177727
-0.0173005
-0.0168098
-0.0163058
-0.0157936
-0.0152781
-0.0147639
-0.0142552
-0.0137561
-0.0132706
-0.0128023
-0.0123544
-0.0119297
-0.0115305
-0.0111584
-0.0108149
-0.0105009
-0.0102174
-0.00996488
-0.00974331
-0.00955234
-0.00939117
-0.00925874
-0.00915379
-0.00907488
-0.0090203
-0.00898803
-0.00897569
-0.00898061
-0.00899997
-0.00903093
-0.00907067
-0.00911632
-0.00916483
-0.00921294
-0.00925711
-0.00929371
-0.0093192
-0.00933031
-0.00932421
-0.00929844
-0.00925085
-0.0091794
-0.00908211
-0.00895704
-0.0088024
-0.0086167
-0.00839884
-0.00814814
-0.00786418
-0.00754666
-0.00719536
-0.00681013
-0.00639115
-0.00593914
-0.00545546
-0.00494201
-0.00440101
-0.0038347
-0.00324522
-0.0026347
-0.00200557
-0.00136073
-0.00070365
-3.80497e-05
0.000632446
0.00130464
0.00197575
0.00264318
0.003304
0.00395474
0.00459137
0.00520972
0.00580591
0.00637665
0.00691912
0.00743067
0.00790836
0.00834886
0.00874861
0.00910438
0.00941358
0.0096745
0.00988599
0.0100471
0.0101565
0.0102129
0.0102147
0.0101608
0.0100507
0.00988474
0.0096636
0.00938824
0.00905967
0.00867904
0.00824777
0.00776662
0.00723483
0.00665568
0.00603304
0.005371
0.00467402
0.003947
0.00319524
0.00242432
0.00163979
0.000846988
5.10019e-05
-0.000743163
-0.00153035
-0.00230513
-0.00306189
-0.00379511
-0.00449967
-0.00517103
-0.0058052
-0.00639869
-0.00694835
-0.00745139
-0.00790548
-0.00830881
-0.00866013
-0.00895858
-0.00920356
-0.00939468
-0.00953185
-0.00961543
-0.00964645
-0.00962658
-0.009558
-0.00944313
-0.00928446
-0.00908449
-0.00884589
-0.00857166
-0.00826525
-0.00793046
-0.00757125
-0.00719154
-0.00679507
-0.00638542
-0.00596611
-0.00554073
-0.00511292
-0.00468628
-0.00426419
-0.00384973
-0.00344558
-0.00305415
-0.00267759
-0.00231784
-0.00197668
-0.00165561
-0.00135585
-0.00107831
-0.000823583
-0.000592015
-0.000383711
-0.000198553
-3.61986e-05
0.000103921
0.000222576
0.000320705
0.000399373
0.000459742
0.000503061
0.000530666
0.000543979
0.000544498
0.000533775
0.000513382
0.000484885
0.000449823
0.000409696
0.000365955
0.00032
0.000273177
0.000226771
0.000182003
0.000140023
0.000101901
6.86216e-05
4.10752e-05
2.0052e-05
6.24087e-06
2.27397e-07
0
0
0
0
0
0
0
0
0
0
0
0
0
0
0
0
0
0
0
0
0
0
0
0
0
0
0
0
0
0
0
0
0
0
0
0
0
0
0
0
0
0
0
0
0
0
-0
-0
-0
-0
-0
-0
-0
-0
-0
-0
-0
-0
-0
-0
-0
-0
-0
-0
-0
-0
-0
-0
-0
-0
-0
-0
-0
-0
-0
-0
-0
-0
-0
-0
-0
-0
-0
-0
-0
-0
-0
-0
-0
-0
-0
-0
-0
-0
-0
-0
0
0
0
0
0
0
0
0
0
0
0
0
0
0
0
0
0
0
0
0
0
0
0
0
0
0
0
0
0
0
0
0
0
0
0
0
0
0
0
0
0
0
0
0
0
0
0
0
0
0
0
0
0
0
-0
-0
-0
-2.91921e-07
-1.0734e-05
-4.35373e-05
-0.000108423
-0.000214626
-0.000370752
-0.000584662
-0.000863372
-0.00121296
-0.00163847
-0.00214386
-0.00273192
-0.00340422
-0.0041611
-0.00500159
-0.00592335
-0.00692263
-0.00799421
-0.00913148
-0.0103265
-0.0115703
-0.0128529
-0.0141635
-0.0154903
-0.0168208
-0.0181414
-0.0194375
-0.0206936
-0.021894
-0.0230227
-0.024064
-0.0250026
-0.0258235
-0.0265124
-0.0270556
-0.0274394
-0.0276509
-0.027678
-0.0275098
-0.027137
-0.0265514
-0.0257465
-0.0247175
-0.0234608
-0.0219752
-0.0202603
-0.0183185
-0.0161542
-0.0137746
-0.0111892
-0.00840873
-0.00544619
-0.00231617
0.000965029
0.0043791
0.00790708
0.0115283
0.0152207
0.0189611
0.0227245
0.0264851
0.0302159
0.0338895
0.0374788
0.0409572
0.0442992
0.0474798
0.050474
0.0532576
0.0558075
0.0581023
0.0601236
0.0618558
0.0632852
0.0643994
0.0651853
0.0656314
0.0657284
0.0654712
0.0648603
0.0638978
0.0625889
0.0609394
0.0589545
0.0566413
0.0540078
0.0510672
0.0478378
0.0443415
0.0406028
0.0366453
0.0325053
0.0282034
0.0237561
0.019183
0.0145063
0.00974976
0.00493678
8.87927e-05
-0.00477534
-0.00963672
-0.0144764
-0.0192736
-0.0240064
-0.0286535
-0.0331921
-0.037603
-0.0418694
-0.0459763
-0.0499121
-0.053659
-0.0572009
-0.0605213
-0.0636044
-0.0664398
-0.069012
-0.0713124
-0.0733353
-0.0750769
-0.0765391
-0.077713
-0.0785947
-0.0791801
-0.0794661
-0.0794574
-0.0791486
-0.0785429
-0.0776465
-0.0764675
-0.0750233
-0.0733196
-0.0713695
-0.0691858
-0.06678
-0.0641685
-0.0613571
-0.0583602
-0.0551965
-0.0518895
-0.0484683
-0.0449547
-0.0413697
-0.0377293
-0.034047
-0.0303363
-0.026616
-0.0229099
-0.0192456
-0.0156503
-0.012142
-0.00874477
-0.00547376
-0.00234421
0.000625733
0.00342679
0.00602447
0.00839885
0.0105348
0.012422
0.0140711
0.0154543
0.0165602
0.0173767
0.0178933
0.0181291
0.0180577
0.0176812
0.0170024
0.0160227
0.0147723
0.0132231
0.0113813
0.00925863
0.00687137
0.00426813
0.00143452
-0.00161511
-0.00486695
-0.00830475
-0.0118807
-0.0155961
-0.0194223
-0.0233301
-0.0272915
-0.031262
-0.0352314
-0.0391702
-0.0430464
-0.0468275
-0.0504809
-0.0539802
-0.0572996
-0.0604137
-0.0632955
-0.0659353
-0.0682851
-0.0703188
-0.0720146
-0.0733558
-0.0743714
-0.0750055
-0.0752438
-0.0750707
-0.0744723
-0.0735049
-0.0720976
-0.0702514
-0.0679711
-0.0652625
-0.0622182
-0.0587583
-0.0548924
-0.0506348
-0.0460058
-0.0411283
-0.0359313
-0.0304422
-0.024688
-0.0186954
-0.0125905
-0.00630699
0.000119351
0.00664822
0.0132367
0.0197594
0.0262568
0.0326897
0.0390196
0.0452075
0.0511621
0.0568886
0.0623397
0.0674682
0.0722296
0.0765821
0.0804934
0.0839328
0.0868699
0.0892734
0.0911674
0.092464
0.0931358
0.0931617
0.092527
0.0913417
0.0894802
0.0869379
0.0837121
0.0798043
0.0753999
0.0703364
0.0646358
0.0583242
0.0514297
0.044202
0.0364501
0.0282081
0.0195175
0.010428
0.00123637
-0.00823748
-0.0179322
-0.027787
-0.0377418
-0.047509
-0.0572548
-0.0669151
-0.0764227
-0.0857075
-0.0945193
-0.102967
-0.110983
-0.1185
-0.125454
-0.131687
-0.13724
-0.142056
-0.146083
-0.149267
-0.151572
-0.15294
-0.153336
-0.152731
-0.151107
-0.148586
-0.145025
-0.140418
-0.134763
-0.128064
-0.120587
-0.112096
-0.102622
-0.0922042
-0.0808863
-0.0690737
-0.0564592
-0.043097
-0.029048
-0.0143814
0.000407251
0.0156525
0.0312661
0.0471566
0.0632304
0.0789667
0.0946935
0.110311
0.125715
0.140803
0.155101
0.168882
0.182051
0.194514
0.206183
0.216711
0.226268
0.234774
0.242148
0.248318
0.253124
0.256603
0.258707
0.259397
0.258638
0.256499
0.252874
0.247755
0.241147
0.233065
0.223815
0.21315
0.201112
0.187756
0.173144
0.157795
0.141342
0.123869
0.10547
0.0862467
0.0668562
0.0468601
0.0263765
0.00552924
-0.0155527
-0.0361562
-0.0567276
-0.077131
-0.0972295
-0.116887
-0.135447
-0.153304
-0.170331
-0.186404
-0.201401
-0.214819
-0.226925
-0.237614
-0.246791
-0.254374
-0.260119
-0.264142
-0.266395
-0.266834
-0.265425
-0.262211
-0.257114
-0.250138
-0.2413
-0.230633
-0.218488
-0.20461
-0.189061
-0.171916
-0.153261
-0.133703
-0.11284
-0.0907854
-0.0676632
-0.0436035
-0.0193789
0.00550086
0.0308836
0.0566107
0.0825197
0.107787
0.132915
0.157747
0.182128
0.205901
0.228326
0.249833
0.270276
0.289512
0.30741
0.323443
0.337904
0.35069
0.361705
0.370867
0.377948
0.383049
0.386129
0.387161
0.386128
0.383151
0.378111
0.371025
0.361927
0.350869
0.338309
0.323936
0.307841
0.290128
0.270912
0.250918
0.229669
0.207302
0.183961
0.1598
0.1357
0.111104
0.0861821
0.061108
0.0360584
0.0119332
-0.011821
-0.0350372
-0.0575522
-0.0792061
-0.0992344
-0.118096
-0.135648
-0.151754
-0.16629
-0.17875
-0.18943
-0.198245
-0.205119
-0.209993
-0.212704
-0.213326
-0.211834
-0.20822
-0.202488
-0.194855
-0.185164
-0.173464
-0.159821
-0.144312
-0.127497
-0.109004
-0.08894
-0.0674253
-0.0445892
-0.0212439
0.0031371
0.0284011
0.0543903
0.0809431
0.107126
0.133549
0.160047
0.186456
0.212611
0.237599
0.26201
0.285693
0.308501
0.330293
0.350325
0.369084
0.386454
0.402331
0.416622
0.428863
0.439367
0.448077
0.454949
0.459952
0.462968
0.464092
0.463334
0.460712
0.456255
0.450187
0.442367
0.432854
0.421721
0.409054
0.395386
0.380385
0.364158
0.346815
0.328472
0.309852
0.290473
0.270463
0.249957
0.229093
0.208678
0.188171
0.167699
0.147386
0.127355
0.108354
0.089867
0.0720014
0.0548616
0.0385463
0.0236377
0.00972967
-0.00310271
-0.0147942
-0.0252899
-0.0342658
-0.0419674
-0.0483679
-0.0534467
-0.0571893
-0.0595495
-0.0605685
-0.0602588
-0.0586442
-0.055759
-0.0518368
-0.0467364
-0.0405131
-0.0332283
-0.0249481
-0.0161131
-0.00642596
0.00403747
0.0151977
0.0269711
0.0388
0.0510651
0.0636726
0.0765251
0.0895224
0.102086
0.114595
0.126951
0.13906
0.15083
0.16178
0.172223
0.182086
0.191299
0.199799
0.207289
0.213952
0.219743
0.224621
0.22855
0.231468
0.233394
0.23432
0.234242
0.233167
0.231268
0.228402
0.224595
0.219879
0.214296
0.208227
0.201391
0.193848
0.185661
0.176899
0.168068
0.158797
0.149157
0.139223
0.129072
0.119249
0.109377
0.0995405
0.0898203
0.0802947
0.0714283
0.0628997
0.0547768
0.0471266
0.0400145
0.0337439
0.0281282
0.023216
0.0190504
0.0156694
0.0131426
0.0114611
0.0106463
0.0107126
0.0116666
0.0133158
0.0158431
0.0192337
0.023467
0.0285165
0.0339459
0.0401218
0.0470016
0.0545389
0.0626834
0.0708177
0.079452
0.0885279
0.0979826
0.107749
0.117112
0.126649
0.136294
0.14598
0.15564
0.164576
0.173353
0.181905
0.190168
0.198077
0.205052
0.211557
0.217537
0.22294
0.227714
0.231488
0.23454
0.236831
0.238328
0.239002
0.238763
0.237662
0.235689
0.232836
0.229102
0.224698
0.219421
0.213281
0.206292
0.198476
0.190327
0.181414
0.171776
0.161461
0.150521
0.13968
0.128315
0.116455
0.104119
0.0913839
0.0791308
0.0666514
0.0540357
0.0413739
0.028754
0.0170598
0.00556582
-0.00564893
-0.0165062
-0.026929
-0.0361522
-0.0448106
-0.0528436
-0.0601982
-0.0668295
-0.0722057
-0.0768096
-0.0806249
-0.0836427
-0.0858615
-0.0870308
-0.087426
-0.087065
-0.0859713
-0.0841744
-0.0816965
-0.0785958
-0.0749218
-0.0707283
-0.0660716
-0.0611951
-0.0559653
-0.0504429
-0.0446892
-0.0387659
-0.0330498
-0.0272698
-0.0214849
-0.0157504
-0.010117
-0.00499693
-4.34945e-05
0.00470351
0.0092081
0.0134383
0.0170204
0.0203043
0.0232712
0.0259075
0.0282044
0.0298799
0.031237
0.0322779
0.0330083
0.0334367
0.0333866
0.0330821
0.0325395
0.0317768
0.0308143
0.0295699
0.0281846
0.0266812
0.0250826
0.0234119
0.0216511
0.01987
0.0180893
0.0163283
0.0146046
0.0129297
0.0113246
0.00980233
0.00837426
0.00704979
0.00584291
0.00475033
0.00377561
0.0029202
0.00218369
0.00156831
0.00106357
0.000665088
0.000367097
0.000162577
4.3607e-05
4.94282e-07
0
0
0
0
0
0
0
0
0
0
0
0
0
0
0
0
0
0
0
0
0
0
0
0
0
0
0
0
0
-0
-0
-0
-0
-0
-0
-0
-0
-0
-0
-0
-0
-0
-0
-0
-0
-0
-0
-0
0
0
0
0
0
0
0
0
0
0
0
0
0
0
0
0
0
0
0
0
0
0
0
0
0
0
0
0
0
0
0
0
0
0
0
0
0
0
0
