0
0
0
0
0
0
0
0
0
0
0
0
0
0
0
0
0
0
0
0
0
0
0
0
0
0
0
0
0
0
0
0
0
0
0
0
0
0
0
0
0
0
0
0
0
0
0
0
0
0
0
0
0
0
0
0
0
0
0
0
0
0
0
0
0
0
0
0
0
0
0
0
0
0
0
0
0
0
0
0
0
0
0
0
0
0
0
0
0
0
0
0
0
0
0
0
0
0
0
0
0
0
0
0
0
0
0
0
0
0
0
0
0
0
0
0
0
0
0
0
0
0
0
0
0
0
0
0
0
0
0
0
0
0
0
0
0
0
0
0
0
0
0
0
0
0
0
0
0
0
0
0
0
0
0
0
0
0
0
0
0
0
0
0
0
0
0
0
0
0
0
0
0
0
0
0
0
0
0
0
0
0
0
0
0
0
0
0
0
0
0
0
0
0
0
0
0
0
0
0
0
1.0521e-05
3.92491e-05
7.76738e-05
0.000116973
0.000148207
0.000162472
0.000151051
0.000105562
1.81001e-05
-0.000118635
-0.000311225
-0.000565425
-0.000886056
-0.00127691
-0.00174069
-0.00227895
-0.00289216
-0.00357973
-0.00434004
-0.00517043
-0.00606719
-0.00702543
-0.00803918
-0.00910141
-0.0102043
-0.0113392
-0.0124972
-0.0136687
-0.0148437
-0.0160119
-0.0171625
-0.0182845
-0.0193669
-0.0203994
-0.021372
-0.0222756
-0.0231016
-0.023842
-0.0244895
-0.0250371
-0.0254782
-0.0258072
-0.0260192
-0.0261102
-0.0260776
-0.0259199
-0.0256365
-0.0252276
-0.0246941
-0.024037
-0.0232576
-0.0223577
-0.0213396
-0.0202064
-0.0189623
-0.0176124
-0.0161627
-0.0146194
-0.0129885
-0.0112753
-0.00948444
-0.00762057
-0.0056887
-0.0036946
-0.00164464
0.000454803
0.00259815
0.00478101
0.00700004
0.00925232
0.0115346
0.0138429
0.0161729
0.0185207
0.0208829
0.0232574
0.0256418
0.0280335
0.030428
0.0328197
0.035202
0.0375686
0.0399131
0.0422296
0.0445114
0.0467508
0.0489386
0.0510649
0.0531197
0.0550932
0.0569944
0.0588316
0.0605968
0.0622813
0.0638757
0.0653707
0.0667567
0.0680244
0.0691632
0.0701613
0.071006
0.0716846
0.0721856
0.0724993
0.0726178
0.0725336
0.0722386
0.0717234
0.0709781
0.0699929
0.0687603
0.0672752
0.0655349
0.0635378
0.0612824
0.0587667
0.0559883
0.0529462
0.0496419
0.0460796
0.0422667
0.0382127
0.033928
0.0294233
0.0247101
0.0198008
0.0147105
0.00945662
0.00405941
-0.00145913
-0.00707619
-0.0127689
-0.0185143
-0.0242889
-0.0300676
-0.0358233
-0.0415273
-0.0471498
-0.0526618
-0.0580357
-0.0632451
-0.0682646
-0.0730684
-0.0776296
-0.0819203
-0.0859131
-0.0895822
-0.0929045
-0.09586
-0.0984309
-0.1006
-0.102352
-0.103669
-0.104538
-0.104946
-0.104884
-0.104346
-0.103329
-0.101834
-0.0998613
-0.0974133
-0.0944953
-0.0911152
-0.0872845
-0.0830172
-0.07833
-0.0732414
-0.0677712
-0.0619412
-0.055775
-0.0492989
-0.0425419
-0.0355352
-0.028312
-0.0209063
-0.0133527
-0.00568599
0.0020586
0.0098453
0.0176373
0.0253967
0.0330852
0.0406645
0.0480973
0.0553479
0.0623823
0.0691677
0.0756722
0.0818644
0.0877133
0.0931895
0.0982652
0.102915
0.107117
0.110852
0.114101
0.116849
0.119082
0.120789
0.121963
0.122596
0.122686
0.122232
0.121236
0.119703
0.11764
0.115058
0.11197
0.108394
0.104347
0.099848
0.0949197
0.0895852
0.0838697
0.0778005
0.0714065
0.0647182
0.0577672
0.0505867
0.0432109
0.0356754
0.0280165
0.0202712
0.0124772
0.00467181
-0.00310699
-0.0108214
-0.0184338
-0.0259069
-0.0332045
-0.0402915
-0.0471344
-0.0537007
-0.0599595
-0.0658811
-0.071437
-0.0766004
-0.0813458
-0.0856494
-0.089489
-0.092844
-0.0956958
-0.0980281
-0.0998279
-0.101085
-0.101793
-0.101947
-0.101545
-0.100588
-0.0990775
-0.0970174
-0.0944146
-0.0912782
-0.08762
-0.0834543
-0.0787983
-0.0736713
-0.0680955
-0.0620948
-0.0556956
-0.0489255
-0.041814
-0.034392
-0.0266921
-0.0187487
-0.0105982
-0.00227818
0.00617224
0.0147133
0.0233046
0.0319056
0.0404756
0.0489739
0.05736
0.0655934
0.0736335
0.0814399
0.0889718
0.0961893
0.103053
0.109526
0.115572
0.121158
0.126255
0.130832
0.134864
0.138324
0.141191
0.143443
0.145062
0.146033
0.146342
0.14598
0.144939
0.143215
0.140809
0.137726
0.133974
0.129563
0.124509
0.118827
0.112537
0.105662
0.0982278
0.0902643
0.0818046
0.0728848
0.0635437
0.0538226
0.0437652
0.0334169
0.0228251
0.0120386
0.00110744
-0.00991703
-0.0209824
-0.0320352
-0.0430211
-0.0538853
-0.0645726
-0.0750285
-0.0851984
-0.095029
-0.104468
-0.113464
-0.12197
-0.129938
-0.137324
-0.144086
-0.150186
-0.155586
-0.160252
-0.164153
-0.167262
-0.169556
-0.171015
-0.171625
-0.171377
-0.170264
-0.168285
-0.165444
-0.161749
-0.157213
-0.151852
-0.145685
-0.138737
-0.131036
-0.122613
-0.113504
-0.103751
-0.0933986
-0.0824946
-0.0710913
-0.0592435
-0.047009
-0.0344476
-0.0216208
-0.00859112
0.00457823
0.0178238
0.031082
0.0442888
0.0573802
0.0702919
0.0829599
0.0953205
0.107311
0.11887
0.129939
0.140459
0.150376
0.159639
0.168202
0.176019
0.183052
0.189268
0.194636
0.199134
0.202742
0.205448
0.207243
0.208122
0.208087
0.207142
0.205299
0.202572
0.19898
0.194548
0.189303
0.183277
0.176505
0.169028
0.160887
0.152129
0.142803
0.132958
0.122649
0.111929
0.100857
0.0894902
0.0778879
0.06611
0.0542163
0.0422661
0.0303185
0.018432
0.00666424
-0.00492814
-0.0162903
-0.0273693
-0.0381146
-0.0484781
-0.0584142
-0.0678803
-0.0768368
-0.0852479
-0.093081
-0.100307
-0.106902
-0.112842
-0.118109
-0.122689
-0.126572
-0.12975
-0.132222
-0.133989
-0.135056
-0.13543
-0.135124
-0.13415
-0.132528
-0.130279
-0.127428
-0.124
-0.120026
-0.115537
-0.110565
-0.105145
-0.0993156
-0.0931136
-0.0865783
-0.0797494
-0.0726667
-0.0653707
-0.0579022
-0.0503024
-0.0426119
-0.0348705
-0.0271167
-0.0193877
-0.0117196
-0.00414795
0.0032928
0.0105693
0.0176501
0.0245062
0.0311114
0.037442
0.0434763
0.0491945
0.0545782
0.0596111
0.0642794
0.0685718
0.0724798
0.0759974
0.0791207
0.0818478
0.0841788
0.0861157
0.0876626
0.0888254
0.0896119
0.0900311
0.0900933
0.0898102
0.089195
0.0882624
0.0870288
0.0855114
0.083728
0.0816969
0.0794364
0.0769648
0.074301
0.0714641
0.0684735
0.0653484
0.0621079
0.0587707
0.0553552
0.0518797
0.0483618
0.0448184
0.0412654
0.0377175
0.0341885
0.0306915
0.0272389
0.0238432
0.0205159
0.0172677
0.0141078
0.011044
0.00808272
0.00522994
0.00249096
-0.000129333
-0.00262683
-0.00499844
-0.0072422
-0.00935712
-0.0113428
-0.0131989
-0.0149254
-0.0165225
-0.0179911
-0.0193326
-0.0205494
-0.0216443
-0.0226201
-0.0234797
-0.0242261
-0.0248624
-0.0253918
-0.025818
-0.0261445
-0.026375
-0.0265129
-0.0265618
-0.0265253
-0.0264074
-0.026212
-0.0259428
-0.0256031
-0.0251956
-0.0247228
-0.0241875
-0.0235922
-0.0229398
-0.0222332
-0.0214747
-0.0206665
-0.0198106
-0.018909
-0.0179641
-0.0169782
-0.0159538
-0.014893
-0.0137976
-0.0126696
-0.0115109
-0.010324
-0.00911145
-0.00787614
-0.00662072
-0.00534781
-0.00406006
-0.00276044
-0.0014523
-0.000139259
0.00117506
0.00248724
0.00379412
0.00509262
0.00637944
0.00765098
0.00890328
0.0101323
0.0113342
0.0125051
0.0136415
0.0147396
0.0157956
0.0168058
0.0177664
0.0186743
0.0195264
0.0203199
0.0210519
0.0217195
0.0223195
0.0228494
0.023307
0.0236908
0.0239995
0.0242322
0.024388
0.024466
0.0244656
0.0243868
0.02423
0.0239964
0.023687
0.0233034
0.0228474
0.0223209
0.0217266
0.0210673
0.0203458
0.0195655
0.0187293
0.0178409
0.0169039
0.0159226
0.0149018
0.0138463
0.0127607
0.0116496
0.0105176
0.00936937
0.00820973
0.00704379
0.00587668
0.00471344
0.00355892
0.00241789
0.0012951
0.000195323
-0.000876758
-0.0019167
-0.00292037
-0.00388396
-0.00480381
-0.00567631
-0.00649791
-0.00726521
-0.00797515
-0.00862508
-0.00921268
-0.00973586
-0.0101927
-0.0105813
-0.0109006
-0.0111496
-0.0113284
-0.0114371
-0.0114763
-0.0114462
-0.0113474
-0.0111803
-0.0109462
-0.0106468
-0.0102844
-0.00986144
-0.00937973
-0.00883778
-0.00823845
-0.00758594
-0.00688507
-0.00614109
-0.00535951
-0.00454578
-0.00370536
-0.0028438
-0.00196693
-0.00108085
-0.000191769
0.000694245
0.00157141
0.0024342
0.00327718
0.00409477
0.00487961
0.00562516
0.00632595
0.00697725
0.0075749
0.00811492
0.00859335
0.00900632
0.00935054
0.00962376
0.00982506
0.00995464
0.0100135
0.0100029
0.00992441
0.0097798
0.00957156
0.00930304
0.00897852
0.00860294
0.00818163
0.00772017
0.00722433
0.0067002
0.00615419
0.00559302
0.00502348
0.00445238
0.00388639
0.00333212
0.00279605
0.00228454
0.00180369
0.00135923
0.000956449
0.000600175
0.000294793
4.42052e-05
-0.000148258
-0.000279923
-0.000348822
-0.000353663
-0.000293779
-0.000169108
1.97745e-05
0.000271575
0.000584275
0.000955152
0.00138095
0.00185795
0.00238204
0.00294864
0.00355256
0.00418811
0.00484928
0.00552992
0.00622393
0.00692503
0.00762681
0.00832256
0.00900538
0.00966851
0.0103053
0.0109097
0.0114761
0.0119992
0.0124738
0.0128947
0.0132571
0.0135573
0.0137923
0.0139602
0.0140612
0.0141025
0.0140834
0.0140029
0.0138606
0.0136571
0.0133938
0.0130724
0.0126945
0.0122616
0.0117748
0.0112361
0.0106484
0.0100156
0.00934226
0.00863306
0.0078924
0.00712484
0.00633707
0.00553226
0.00471413
0.00388662
0.00305378
0.00221942
0.00138639
0.000558186
-0.000262318
-0.00107212
-0.00186793
-0.0026471
-0.00340535
-0.0041394
-0.00484625
-0.00552323
-0.00616898
-0.00678029
-0.00735512
-0.00789148
-0.00838735
-0.00884192
-0.00925203
-0.00961598
-0.00993246
-0.0102007
-0.0104214
-0.0105931
-0.0107158
-0.0107889
-0.0108124
-0.010787
-0.0107123
-0.0105893
-0.0104193
-0.0102038
-0.00994444
-0.00964191
-0.00929735
-0.00891229
-0.00848883
-0.00802923
-0.00753677
-0.00701429
-0.00646426
-0.00588892
-0.00528902
-0.00466861
-0.00403075
-0.00337889
-0.00271653
-0.00204414
-0.00136722
-0.00068817
-9.35162e-06
0.000666612
0.00134065
0.00200543
0.00265761
0.00329421
0.00391281
0.00451651
0.00509875
0.00565805
0.00619278
0.00670119
0.00718704
0.0076433
0.00806881
0.0084629
0.00882527
0.00916121
0.00946561
0.00973866
0.00998065
0.0101919
0.0103771
0.0105328
0.0106602
0.0107607
0.0108361
0.0108898
0.0109222
0.0109349
0.0109301
0.0109096
0.010874
0.0108273
0.0107716
0.0107093
0.0106427
0.0105682
0.0104935
0.0104207
0.0103522
0.01029
0.0102263
0.0101731
0.0101322
0.0101051
0.010093
0.0100826
0.0100894
0.0101141
0.0101575
0.0102197
0.0102831
0.0103645
0.0104629
0.0105771
0.0107053
0.0108271
0.0109592
0.0110995
0.0112455
0.0113943
0.0115256
0.011653
0.0117729
0.0118811
0.0119736
0.0120333
0.0120691
0.0120768
0.012052
0.0119901
0.0118809
0.0117254
0.0115193
0.0112587
0.0109398
0.0105639
0.0101232
0.00961467
0.00903569
0.00838401
0.00767427
0.00688856
0.00602577
0.00508518
0.00406655
0.00299886
0.00185482
0.000636468
-0.00065348
-0.00201176
-0.00339565
-0.00483997
-0.00633991
-0.00788984
-0.00948336
-0.0110675
-0.012681
-0.0143162
-0.0159649
-0.0176186
-0.01922
-0.0208069
-0.0223689
-0.0238953
-0.0253755
-0.0267562
-0.0280698
-0.0293056
-0.0304526
-0.0314996
-0.0324042
-0.0331872
-0.0338384
-0.0343483
-0.0347074
-0.0348937
-0.0349119
-0.0347543
-0.0344142
-0.0338859
-0.0331744
-0.0322656
-0.031156
-0.0298428
-0.0283244
-0.0266359
-0.0247432
-0.0226486
-0.0203556
-0.0178687
-0.0152528
-0.0124551
-0.00948368
-0.0063484
-0.00306039
0.00028925
0.00376653
0.00735784
0.0110486
0.014823
0.018574
0.0223741
0.0262047
0.0300466
0.0338801
0.0375947
0.0412608
0.0448579
0.0483651
0.0517617
0.0549476
0.0579821
0.0608453
0.0635177
0.0659804
0.0681591
0.0700926
0.0717648
0.0731609
0.0742671
0.0750478
0.0755144
0.075657
0.0754671
0.074938
0.0740811
0.0728769
0.0713241
0.0694228
0.067175
0.0646414
0.0617711
0.0585722
0.0550547
0.05123
0.0472043
0.0428996
0.0383325
0.0335215
0.0284866
0.0233687
0.0180713
0.0126182
0.00703426
0.0013456
-0.0042888
-0.00997391
-0.015682
-0.0213848
-0.0270535
-0.0325304
-0.0379154
-0.0431798
-0.0482953
-0.053234
-0.05786
-0.0622566
-0.0663991
-0.0702635
-0.0738271
-0.0769935
-0.0798173
-0.0822805
-0.0843668
-0.0860619
-0.0873244
-0.0881735
-0.0886011
-0.0886015
-0.0881713
-0.0873298
-0.0860569
-0.0843553
-0.0822299
-0.0796877
-0.0768073
-0.0735308
-0.0698715
-0.0658453
-0.0614698
-0.0568742
-0.05197
-0.0467799
-0.0413288
-0.0356431
-0.0298871
-0.0239522
-0.0178673
-0.0116623
-0.00536774
0.000838276
0.00707177
0.0133017
0.0194971
0.0256273
0.0315232
0.0372941
0.0429116
0.0483476
0.0535754
0.0584561
0.0630783
0.0674188
0.0714555
0.0751681
0.0784641
0.0814011
0.083965
0.0861439
0.0879275
0.0892816
0.0902261
0.0907572
0.0908732
0.0905752
0.0898896
0.0887979
0.0873069
0.0854252
0.0831638
0.0806043
0.0776924
0.0744441
0.0708773
0.0670111
0.0629705
0.0586726
0.0541406
0.0493993
0.0444741
0.0395169
0.034428
0.0292332
0.0239591
0.0186323
0.0134105
0.00819038
0.00299872
-0.00213816
-0.00719464
-0.0120272
-0.0167307
-0.0212822
-0.0256595
-0.0298417
-0.0337164
-0.0373583
-0.0407506
-0.0438781
-0.0467267
-0.0492278
-0.0514269
-0.0533152
-0.0548857
-0.0561329
-0.0570385
-0.057615
-0.0578622
-0.0577819
-0.0573776
-0.0566817
-0.0556736
-0.0543607
-0.052752
-0.0508582
-0.0487546
-0.0463915
-0.0437839
-0.0409475
-0.0378991
-0.0347459
-0.0314151
-0.0279254
-0.0242961
-0.0205476
-0.0168047
-0.0129834
-0.00910381
-0.00518628
-0.00125151
0.00257451
0.0063762
0.0101335
0.0138272
0.0174392
0.0208597
0.0241647
0.0273379
0.0303631
0.0332246
0.0358388
0.0382618
0.0404822
0.0424905
0.0442782
0.0458002
0.047088
0.0481358
0.0489392
0.0494944
0.0497965
0.049847
0.0496466
0.0491974
0.0485035
0.0476016
0.0464665
0.0451056
0.0435265
0.0417379
0.0398099
0.0376923
0.0353963
0.0329347
0.0303209
0.0276512
0.0248588
0.0219591
0.0189683
0.0159024
0.0128697
0.00979339
0.00668838
0.0035699
0.000453596
-0.00255326
-0.00552553
-0.00844708
-0.0113023
-0.0140763
-0.0166763
-0.019168
-0.0215388
-0.0237763
-0.0258689
-0.0277481
-0.0294615
-0.0310004
-0.0323568
-0.0335236
-0.0344653
-0.0352063
-0.0357429
-0.0360724
-0.0361935
-0.0361072
-0.035812
-0.0353087
-0.0345995
-0.0336877
-0.0326097
-0.0313396
-0.0298839
-0.0282496
-0.0264443
-0.0245334
-0.022469
-0.0202616
-0.0179229
-0.015465
-0.0129754
-0.0103914
-0.00772507
-0.00498903
-0.00219649
0.000555284
0.00333561
0.00613034
0.00892552
0.0117076
0.0143818
0.0170171
0.019601
0.0221211
0.0245652
0.026851
0.0290379
0.0311154
0.0330741
0.0349051
0.036549
0.0380503
0.0394026
0.0405999
0.0416372
0.0424825
0.0431604
0.0436689
0.0440075
0.0441764
0.0441745
0.0440053
0.0436702
0.0431717
0.0425134
0.0417218
0.040781
0.0396975
0.0384784
0.0371304
0.0357016
0.0341584
0.032509
0.0307632
0.0289316
0.027079
0.0251615
0.0231884
0.0211683
0.01911
0.0170828
0.0150376
0.0129858
0.0109388
0.00890704
0.0069573
0.00503963
0.00316102
0.00132863
-0.000449711
-0.00211621
-0.00371226
-0.0052308
-0.00666628
-0.00801467
-0.00923571
-0.0103636
-0.0113951
-0.0123269
-0.0131563
-0.0138593
-0.0144589
-0.0149568
-0.0153554
-0.0156566
-0.015853
-0.015954
-0.015961
-0.0158768
-0.015706
-0.0154577
-0.0151349
-0.0147427
-0.0142853
-0.0137657
-0.0131993
-0.0125788
-0.0119106
-0.0112018
-0.0104594
-0.00970565
-0.00892849
-0.00813114
-0.0073167
-0.00648907
-0.00567087
-0.00484991
-0.00403145
-0.00321974
-0.00241713
-0.00164242
-0.000882218
-0.000139755
0.000581601
0.0012787
0.00193481
0.00256261
0.00316115
0.00372989
0.00426836
0.00476419
0.00522942
0.00566452
0.00607059
0.00644926
0.00679132
0.00710941
0.00740474
0.00767836
0.00793148
0.00815429
0.00836019
0.00855095
0.00872813
0.00889294
0.00903346
0.00916358
0.00928388
0.0093948
0.00949652
0.00957446
0.00964287
0.00970081
0.00974731
0.00978169
0.00978854
0.00978336
0.00976576
0.00973503
0.00969006
0.00961551
0.00952505
0.00941769
0.00929283
0.00915019
0.00897843
0.00879003
0.00858534
0.00836471
0.00812853
0.0078697
0.00759681
0.00731045
0.00701142
0.00670088
0.00637706
0.00604542
0.0057079
0.00536643
0.00502279
0.00467894
0.00433634
0.00399684
0.00366243
0.0033352
0.00301955
0.00271472
0.00242244
0.00214417
0.00188121
0.00163746
0.00141045
0.00120095
0.00100955
0.000836563
0.000684205
0.000549543
0.000432241
0.000331743
0.000247283
0.00017887
0.000123925
8.12361e-05
4.94555e-05
2.71202e-05
1.28097e-05
4.58136e-06
8.4601e-07
0
0
0
0
0
0
0
0
0
0
0
0
0
0
0
0
0
0
0
0
0
0
0
0
0
0
0
0
0
0
0
0
0
0
0
0
0
0
0
0
0
0
0
0
0
0
0
0
0
0
0
0
0
0
0
0
0
0
0
0
0
0
0
0
0
0
0
0
0
0
0
0
0
0
0
0
0
0
0
0
0
0
0
0
0
0
0
0
0
0
0
0
0
0
0
0
0
0
0
0
0
0
0
0
0
0
0
0
0
0
0
0
0
0
0
0
0
0
0
0
0
0
0
0
0
0
0
0
0
0
0
0
0
0
0
0
0
0
0
0
0
0
0
0
0
0
0
0
0
0
0
0
0
0
0
0
0
0
0
0
0
0
0
0
0
0
0
0
0
0
0
0
0
0
0
0
0
0
0
0
0
0
0
0
0
0
0
0
0
0
0
0
0
0
0
0
0
0
0
0
0
