0
0
0
0
0
0
0
0
0
0
0
0
0
0
0
0
0
0
0
0
0
0
0
0
0
0
0
0
0
0
0
0
0
0
0
0
0
0
0
0
0
0
0
0
0
0
0
0
0
0
0
0
0
0
0
0
0
0
0
0
0
0
0
0
0
0
0
0
0
0
0
0
0
0
0
0
0
0
0
0
0
0
0
0
0
0
0
0
0
0
0
0
0
0
0
0
0
0
0
0
0
0
0
0
0
0
0
0
0
0
0
0
0
0
0
0
0
0
0
0
0
0
0
0
0
0
0
0
0
0
0
0
0
0
0
0
0
0
0
0
0
0
0
0
0
0
0
0
0
0
0
0
0
0
0
0
0
0
0
0
0
0
0
0
0
0
0
0
0
0
0
0
0
0
0
0
0
0
0
0
0
0
0
0
0
0
0
0
0
0
0
0
0
0
0
0
0
0
0
0
0
0
0
0
0
0
0
0
0
0
0
0
0
0
0
0
0
0
0
0
0
0
0
0
0
0
0
0
0
0
0
0
0
0
0
0
2.56059e-05
0.000109334
0.000256369
0.000470119
0.000752169
0.00110224
0.0015182
0.00199606
0.0025301
0.0031129
0.00373547
0.00438738
0.00505689
0.00573113
0.00639629
0.00703776
0.00764044
0.00818889
0.00866763
0.0090614
0.00935545
0.00953568
0.00958885
0.00950276
0.00926648
0.00887067
0.00830779
0.00757233
0.00666076
0.00557135
0.00430404
0.00286045
0.00124409
-0.000539206
-0.00248104
-0.00457044
-0.00679432
-0.009138
-0.0115858
-0.0141209
-0.0167257
-0.0193808
-0.0220656
-0.0247581
-0.0274358
-0.0300759
-0.0326562
-0.0351547
-0.0375499
-0.0398211
-0.0419485
-0.0439137
-0.0457005
-0.0472941
-0.0486816
-0.0498515
-0.0507937
-0.0515
-0.0519651
-0.052186
-0.0521625
-0.0518963
-0.0513906
-0.0506505
-0.0496835
-0.0485005
-0.0471155
-0.0455448
-0.0438058
-0.0419151
-0.0398886
-0.0377418
-0.035492
-0.033159
-0.0307654
-0.0283354
-0.0258927
-0.0234588
-0.0210526
-0.0186908
-0.0163896
-0.0141657
-0.0120363
-0.0100183
-0.0081262
-0.00637101
-0.0047602
-0.0032984
-0.0019889
-0.000834717
0.000161275
0.000998206
0.00167737
0.00220272
0.00258101
0.00282093
0.00293166
0.00292161
0.00279813
0.00256822
0.00223991
0.00182347
0.00133166
0.000778703
0.00017861
-0.000456428
-0.00111653
-0.00179326
-0.00247797
-0.0031602
-0.00382736
-0.00446562
-0.00506187
-0.00560536
-0.00608827
-0.0065049
-0.00685011
-0.00711798
-0.0073014
-0.00739289
-0.00738599
-0.00727622
-0.00706125
-0.00674018
-0.00631252
-0.00577771
-0.00513537
-0.0043862
-0.00353281
-0.00257994
-0.001534
-0.000402003
0.000809201
0.00209326
0.00344396
0.0048545
0.00631688
0.00782162
0.009358
0.0109144
0.012479
0.0140398
0.0155851
0.0171033
0.0185827
0.0200116
0.0213779
0.0226688
0.0238716
0.0249734
0.0259622
0.0268272
0.0275588
0.0281489
0.0285899
0.0288751
0.0289984
0.0289546
0.0287397
0.028351
0.0277864
0.0270447
0.0261252
0.0250279
0.0237543
0.0223079
0.0206939
0.0189193
0.0169919
0.0149201
0.0127125
0.0103785
0.00792845
0.0053745
0.00272999
9.242e-06
-0.00277294
-0.0056016
-0.00846162
-0.0113376
-0.0142138
-0.0170745
-0.0199041
-0.0226875
-0.0254098
-0.0280561
-0.030611
-0.0330586
-0.0353824
-0.0375664
-0.0395957
-0.0414567
-0.0431371
-0.0446261
-0.0459133
-0.0469894
-0.0478456
-0.0484742
-0.0488681
-0.0490215
-0.0489288
-0.0485856
-0.0479885
-0.0471355
-0.0460267
-0.0446641
-0.0430512
-0.0411927
-0.0390942
-0.036762
-0.0342034
-0.0314273
-0.0284439
-0.0252654
-0.0219051
-0.018378
-0.0146999
-0.0108876
-0.00695878
-0.00293178
0.00117455
0.005341
0.00954797
0.0137753
0.0180021
0.0222065
0.0263657
0.0304559
0.0344533
0.038334
0.0420744
0.0456513
0.0490423
0.0522251
0.055178
0.0578798
0.0603095
0.062447
0.0642724
0.0657673
0.0669141
0.0676972
0.0681027
0.068119
0.0677362
0.0669463
0.0657429
0.0641215
0.0620792
0.0596154
0.0567315
0.0534314
0.0497209
0.0456088
0.0411058
0.0362256
0.0309842
0.0253998
0.0194928
0.0132851
0.00680037
6.40655e-05
-0.00689642
-0.0140514
-0.0213689
-0.0288147
-0.0363527
-0.0439454
-0.0515541
-0.0591397
-0.0666621
-0.0740812
-0.0813567
-0.0884486
-0.095317
-0.101923
-0.108226
-0.114187
-0.119767
-0.124926
-0.129628
-0.133835
-0.137513
-0.14063
-0.143157
-0.145068
-0.146339
-0.14695
-0.146885
-0.14613
-0.144675
-0.14251
-0.139632
-0.136035
-0.131721
-0.126694
-0.120964
-0.114542
-0.107447
-0.0997007
-0.0913292
-0.0823617
-0.0728315
-0.062775
-0.052232
-0.041245
-0.0298591
-0.0181221
-0.00608476
0.00619888
0.0186717
0.0312739
0.0439438
0.0566187
0.0692353
0.0817304
0.0940405
0.106102
0.117851
0.129225
0.140163
0.150604
0.160491
0.169766
0.178375
0.186262
0.193378
0.199674
0.205106
0.209634
0.213221
0.215838
0.217457
0.218059
0.217629
0.216158
0.213641
0.210081
0.205481
0.199851
0.193205
0.185564
0.176951
0.1674
0.156948
0.145638
0.133517
0.120638
0.107058
0.0928399
0.07805
0.062758
0.0470363
0.0309591
0.0146027
-0.00195557
-0.0186366
-0.0353606
-0.0520472
-0.068616
-0.0849866
-0.101079
-0.116812
-0.132106
-0.146881
-0.161059
-0.174564
-0.187326
-0.199275
-0.210348
-0.220485
-0.229631
-0.237735
-0.244755
-0.250652
-0.255396
-0.258965
-0.261341
-0.262513
-0.262478
-0.26124
-0.258809
-0.255202
-0.25044
-0.244554
-0.237576
-0.229546
-0.22051
-0.210518
-0.199625
-0.18789
-0.175378
-0.162153
-0.148286
-0.133849
-0.118918
-0.103569
-0.0878824
-0.0719396
-0.0558222
-0.0396117
-0.0233899
-0.00723737
0.00876602
0.0245418
0.0400132
0.0551052
0.0697455
0.0838645
0.0973964
0.110279
0.122456
0.133873
0.144481
0.154237
0.1631
0.171037
0.178018
0.184019
0.189024
0.193019
0.195995
0.197952
0.198892
0.198824
0.197763
0.195728
0.192743
0.188838
0.184045
0.178401
0.171948
0.164731
0.156798
0.148203
0.139
0.129245
0.118998
0.108319
0.0972703
0.0859156
0.0743189
0.0625449
0.0506585
0.0387241
0.0268055
0.0149651
0.00326315
-0.0082419
-0.0194939
-0.0304388
-0.0410244
-0.0512008
-0.0609212
-0.0701425
-0.0788257
-0.0869359
-0.0944421
-0.101317
-0.107535
-0.113076
-0.117924
-0.122067
-0.125496
-0.12821
-0.130209
-0.131497
-0.132081
-0.131973
-0.131188
-0.129745
-0.127667
-0.124979
-0.121709
-0.117887
-0.113546
-0.108719
-0.103444
-0.0977606
-0.0917099
-0.0853333
-0.0786729
-0.0717713
-0.0646714
-0.0574166
-0.0500504
-0.0426163
-0.0351569
-0.0277142
-0.0203291
-0.0130414
-0.00588939
0.00109014
0.00786252
0.014395
0.0206569
0.026619
0.0322541
0.0375372
0.0424461
0.0469617
0.0510682
0.0547523
0.0580033
0.0608124
0.0631729
0.0650807
0.066535
0.0675378
0.0680938
0.0682102
0.0678957
0.0671611
0.0660194
0.0644862
0.0625792
0.0603185
0.0577253
0.0548217
0.0516305
0.0481757
0.0444827
0.0405782
0.0364897
0.0322449
0.0278712
0.0233953
0.018844
0.0142443
0.00962323
0.00500786
0.000424344
-0.00410237
-0.00854871
-0.0128922
-0.0171109
-0.0211838
-0.0250907
-0.0288129
-0.0323336
-0.0356385
-0.0387146
-0.0415505
-0.0441357
-0.0464608
-0.0485178
-0.0503008
-0.051806
-0.0530312
-0.0539764
-0.0546424
-0.0550313
-0.0551462
-0.0549921
-0.054575
-0.0539031
-0.0529855
-0.0518326
-0.0504554
-0.0488659
-0.0470763
-0.0450998
-0.0429501
-0.0406419
-0.0381904
-0.0356115
-0.0329215
-0.0301369
-0.0272737
-0.0243479
-0.0213748
-0.01837
-0.0153492
-0.0123281
-0.00932233
-0.00634721
-0.00341705
-0.000545185
0.00225599
0.00497481
0.00760013
0.0101214
0.0125286
0.0148128
0.0169658
0.0189804
0.0208504
0.0225701
0.024135
0.0255412
0.0267859
0.0278672
0.0287839
0.0295332
0.0301146
0.0305288
0.0307777
0.030864
0.0307912
0.0305639
0.030187
0.0296661
0.0290074
0.0282176
0.0273038
0.0262736
0.0251345
0.023894
0.0225602
0.0211411
0.0196458
0.0180836
0.016464
0.0147961
0.0130885
0.0113494
0.00958656
0.00780813
0.00602245
0.00423806
0.00246323
0.00070563
-0.0010279
-0.00273123
-0.00439864
-0.00602462
-0.00760376
-0.00913081
-0.0106009
-0.0120094
-0.0133525
-0.0146262
-0.0158274
-0.0169532
-0.0180012
-0.0189697
-0.0198573
-0.020663
-0.021386
-0.0220254
-0.0225804
-0.0230508
-0.0234366
-0.0237382
-0.0239566
-0.024091
-0.0241304
-0.0240744
-0.0239252
-0.0236855
-0.0233581
-0.0229464
-0.0224537
-0.0218838
-0.021241
-0.02053
-0.0197562
-0.0189252
-0.0180431
-0.017116
-0.0161496
-0.0151498
-0.0141222
-0.0130725
-0.0120066
-0.0109308
-0.00985148
-0.00877513
-0.007708
-0.0066557
-0.00562371
-0.0046168
-0.00363945
-0.00269602
-0.00179078
-0.000927984
-0.000111552
0.000655079
0.00136904
0.00202789
0.00262984
0.00317338
0.0036573
0.00408015
0.00444108
0.00474043
0.00497874
0.0051569
0.00527615
0.00533776
0.00534429
0.00529848
0.00520358
0.00506321
0.00488076
0.00466064
0.0044069
0.00412384
0.00381602
0.00348795
0.00314501
0.00279217
0.00243427
0.00207603
0.00172188
0.00137661
0.00104458
0.000729949
0.000436585
0.000167997
-7.25291e-05
-0.000282131
-0.000458324
-0.000599058
-0.000702673
-0.00076815
-0.000794859
-0.000782575
-0.000731467
-0.000642079
-0.000515592
-0.000353654
-0.0001584
6.76476e-05
0.0003215
0.000600186
0.0009003
0.00121812
0.00154964
0.00189006
0.00223556
0.00258169
0.00292391
0.00325757
0.00357693
0.00388095
0.00417653
0.00446348
0.00474084
0.00500626
0.00526029
0.00550187
0.00572985
0.00594314
0.00613893
0.00631828
0.00648055
0.00662508
0.00675112
0.00685589
0.0069406
0.00700462
0.00704749
0.00706883
0.00706641
0.00704169
0.00699416
0.0069234
0.00682914
0.00670994
0.00656736
0.00640156
0.00621268
0.00600072
0.00576519
0.00550672
0.00522568
0.0049226
0.00459814
0.0042537
0.00388921
0.00350528
0.00310261
0.00268204
0.00224683
0.00179591
0.00133054
0.000852035
0.000361785
-0.000134879
-0.000640226
-0.00115256
-0.00167008
-0.00219097
-0.00270802
-0.00322468
-0.00373897
-0.00424883
-0.00475211
-0.00524018
-0.00571718
-0.0061808
-0.00662874
-0.00705865
-0.0074614
-0.00784139
-0.00819622
-0.0085235
-0.00882083
-0.00907968
-0.00930389
-0.00949129
-0.00963978
-0.00974736
-0.00980764
-0.00982327
-0.00979247
-0.00971362
-0.00958524
-0.00940446
-0.00917197
-0.00888701
-0.00854895
-0.00815728
-0.00771377
-0.00721626
-0.00666501
-0.00606055
-0.00540374
-0.00470206
-0.00395054
-0.00315085
-0.00230498
-0.00141523
-0.000494864
0.000464032
0.00145849
0.0024853
0.00354092
0.00460705
0.00569373
0.00679636
0.00791012
0.00903016
0.0101348
0.0112359
0.0123282
0.013406
0.0144636
0.0154778
0.0164599
0.0174042
0.0183053
0.0191573
0.0199396
0.0206618
0.0213184
0.0219043
0.0224146
0.0228337
0.0231682
0.0234137
0.0235661
0.0236219
0.0235735
0.0234228
0.0231675
0.022806
0.022337
0.0217636
0.0210811
0.0202895
0.0193897
0.0183832
0.0172856
0.0160861
0.0147876
0.0133937
0.0119087
0.0103593
0.008729
0.00702373
0.00524985
0.00341409
0.00155261
-0.000355819
-0.00230291
-0.00427991
-0.00627775
-0.00825441
-0.0102334
-0.0122054
-0.0141607
-0.0160892
-0.0179479
-0.0197596
-0.0215143
-0.0232022
-0.0248138
-0.026311
-0.0277132
-0.0290112
-0.0301964
-0.0312607
-0.0321768
-0.0329578
-0.0335972
-0.0340892
-0.0344284
-0.0346024
-0.0346152
-0.034464
-0.0341466
-0.033662
-0.0330157
-0.0322018
-0.0312213
-0.0300764
-0.0287702
-0.0273274
-0.0257321
-0.0239898
-0.0221068
-0.0200901
-0.0179813
-0.0157554
-0.0134217
-0.0109899
-0.00847075
-0.00591846
-0.00330129
-0.000631283
0.00207903
0.00481678
0.00752102
0.0102267
0.0129206
0.0155897
0.0182205
0.0207528
0.0232204
0.0256106
0.0279109
0.0301094
0.0321548
0.0340759
0.0358619
0.0375031
0.0389901
0.0402871
0.041414
0.0423642
0.0431316
0.0437114
0.0440882
0.0442702
0.0442556
0.0440435
0.0436338
0.043034
0.0422396
0.0412535
0.0400798
0.0387236
0.0372147
0.0355359
0.0336946
0.0316993
0.0295589
0.0273224
0.0249618
0.0224886
0.019915
0.0172532
0.0145646
0.0118138
0.00901406
0.00617928
0.00332339
0.00051293
-0.00229117
-0.00507555
-0.007827
-0.0105325
-0.0131289
-0.0156545
-0.0180974
-0.0204467
-0.0226918
-0.0247809
-0.0267465
-0.02858
-0.0302734
-0.0318194
-0.0331826
-0.0343865
-0.0354263
-0.0362981
-0.0369987
-0.0375133
-0.0378532
-0.0380182
-0.0380093
-0.0378283
-0.0374824
-0.0369704
-0.0362965
-0.0354654
-0.0344828
-0.0333756
-0.0321298
-0.0307529
-0.0292528
-0.0276379
-0.0259508
-0.0241675
-0.0222979
-0.0203522
-0.018341
-0.0163162
-0.0142468
-0.0121431
-0.0100157
-0.00787512
-0.00577623
-0.00368476
-0.00161067
0.000436287
0.00244659
0.0043691
0.00623701
0.00804197
0.00977604
0.0114317
0.0129674
0.0144115
0.0157583
0.0170029
0.0181411
0.0191453
0.0200365
0.020812
0.0214698
0.0220086
0.0224163
0.0227039
0.022872
0.0229217
0.0228548
0.0226754
0.0223844
0.021985
0.021481
0.0208768
0.0201909
0.0194144
0.0185526
0.0176107
0.0165943
0.0155321
0.0144075
0.0132269
0.011997
0.0107245
0.0094452
0.008137
0.00680662
0.00546064
0.00410554
0.00277825
0.00145424
0.000139476
-0.00116021
-0.00243908
-0.00366264
-0.00485443
-0.00600939
-0.00712275
-0.00819014
-0.00918355
-0.0101234
-0.0110064
-0.0118296
-0.0125905
-0.0132699
-0.0138826
-0.0144271
-0.0149021
-0.0153067
-0.0156321
-0.0158865
-0.0160701
-0.0161834
-0.0162273
-0.0162031
-0.016112
-0.0159557
-0.0157363
-0.015456
-0.0151255
-0.0147393
-0.0143004
-0.0138117
-0.0132763
-0.012712
-0.012108
-0.011468
-0.0107961
-0.010096
-0.00938994
-0.00866342
-0.00792014
-0.00716378
-0.00639808
-0.00564661
-0.00489334
-0.00414206
-0.00339647
-0.00266011
-0.00195535
-0.00126633
-0.000596
5.28404e-05
0.000677526
0.00125947
0.00181246
0.00233437
0.00282322
0.00327716
0.00368284
0.00405029
0.00437815
0.00466534
0.00491105
0.00510864
0.005264
0.00537705
0.00544783
0.00547654
0.00546307
0.00540843
0.00531339
0.00517901
0.00500649
0.00480211
0.00456248
0.00428919
0.00398399
0.00364874
0.00329459
0.00291442
0.00251035
0.00208463
0.00163961
0.00118984
0.000725726
0.000249828
-0.000235295
-0.000727109
-0.00120978
-0.00169431
-0.00217839
-0.00265976
-0.0031362
-0.00359263
-0.00403992
-0.00447607
-0.00489913
-0.00530725
-0.00568759
-0.00604964
-0.006392
-0.00671342
-0.00701282
-0.00728121
-0.00752584
-0.007746
-0.00794108
-0.00811057
-0.00824971
-0.00836267
-0.00844942
-0.00851016
-0.00854525
-0.00855461
-0.00853944
-0.0085004
-0.0084382
-0.00835358
-0.00825022
-0.00812631
-0.00798296
-0.00782134
-0.0076427
-0.00745367
-0.00725016
-0.00703358
-0.00680549
-0.00656754
-0.00632829
-0.00608231
-0.00583089
-0.00557518
-0.00531638
-0.00506306
-0.00480946
-0.00455717
-0.00430768
-0.00406223
-0.00382823
-0.00359984
-0.0033777
-0.00316257
-0.0029554
-0.00276215
-0.00257878
-0.00240595
-0.00224403
-0.00209326
-0.00195677
-0.00183181
-0.00171867
-0.00161755
-0.00152848
-0.00145226
-0.0013875
-0.00133375
-0.00129057
-0.00125759
-0.00123396
-0.00122
-0.00121533
-0.00121933
-0.0012311
-0.00124807
-0.00127056
-0.00129751
-0.00132809
-0.00136171
-0.00139643
-0.00143325
-0.00147141
-0.0015098
-0.00154705
-0.00158121
-0.00161206
-0.00163914
-0.00166237
-0.00168118
-0.00169533
-0.00170322
-0.00170386
-0.00169649
-0.00168089
-0.00165998
-0.001632
-0.00159763
-0.00155713
-0.00151038
-0.00146113
-0.00140561
-0.00134463
-0.00127953
-0.00121173
-0.00114705
-0.00108129
-0.00101471
-0.00094774
-0.000881227
-0.000821044
-0.000764143
-0.000711868
-0.000665029
-0.000623898
-0.000591803
-0.000565421
-0.000545199
-0.000531874
-0.000526206
-0.000530109
-0.00054215
-0.000562056
-0.000589425
-0.000623906
-0.000664501
-0.000711654
-0.000764884
-0.000823474
-0.000886519
-0.000950432
-0.00101709
-0.00108564
-0.00115528
-0.00122509
-0.00129021
-0.00135377
-0.00141474
-0.00147219
-0.00152526
-0.00156891
-0.00160705
-0.00163893
-0.00166386
-0.00168126
-0.00168685
-0.00168469
-0.00167471
-0.00165691
-0.00163131
-0.00159509
-0.00155171
-0.00150147
-0.00144476
-0.00138213
-0.00131246
-0.00123852
-0.00116105
-0.00108078
-0.000998505
-0.000914216
-0.000829717
-0.00074585
-0.000663459
-0.000583362
-0.000506147
-0.000432769
-0.000363871
-0.000300022
-0.000241716
-0.000189396
-0.000143328
-0.000103725
-7.06894e-05
-4.42122e-05
-2.41966e-05
-1.03796e-05
-2.45117e-06
0
0
0
0
0
0
0
0
0
0
0
0
0
0
0
0
0
0
0
0
0
0
0
0
0
0
0
0
0
0
0
0
0
0
0
0
0
0
0
0
0
0
0
0
0
0
0
0
0
0
0
0
0
0
0
0
0
0
0
0
0
0
0
0
0
0
0
0
0
0
0
0
0
0
0
0
0
0
0
0
0
0
0
0
0
0
0
0
0
0
0
0
0
0
0
0
0
0
0
0
0
0
0
0
0
0
0
0
0
0
0
0
0
0
0
0
0
0
0
0
0
0
0
0
0
0
0
0
0
0
0
0
0
0
0
0
0
0
0
0
0
0
0
0
0
0
0
0
0
0
0
0
0
0
0
0
0
0
0
0
0
0
0
0
0
0
0
0
0
0
0
0
0
0
0
0
0
0
0
0
0
0
0
0
0
0
0
0
0
0
0
0
0
0
0
0
0
0
0
0
0
0
0
0
0
0
0
0
0
0
0
0
0
0
0
0
0
0
0
0
0
0
0
0
0
0
0
0
0
0
0
0
0
0
0
0
