0
0
0
0
0
0
0
0
0
0
0
0
0
0
0
0
0
0
0
0
0
0
0
0
0
0
0
0
0
0
0
0
0
0
0
-0
-0
-0
-0
-0
-0
-0
-0
-0
-0
-0
-0
-0
-0
-0
-0
-0
-0
-0
-0
-0
-0
-0
-0
-0
-0
-0
-0
-0
-0
-0
-0
-0
-0
-0
-0
-0
-0
-0
-0
-0
-0
0
0
0
0
0
0
0
0
0
0
0
0
0
0
0
0
0
0
0
0
0
0
0
0
0
0
0
0
0
0
0
0
0
0
0
0
0
0
0
0
0
0
0
0
0
0
0
0
0
0
0
0
0
0
0
0
-0
-0
-0
-0
-0
-0
-0
-0
-0
-0
-0
-0
-0
-0
-0
-0
-0
-0
-0
-0
-0
-0
-0
-0
-0
-0
-0
-0
-0
-0
-0
-0
-0
-0
-0
-0
-0
-0
-0
-0
-0
-0
-0
-0
-0
-0
-0
-0
-0
-0
0
0
0
0
0
0
0
0
0
0
0
0
0
0
0
0
0
0
4.52402e-06
1.97354e-05
4.64443e-05
8.5187e-05
0.000136221
0.000199506
0.000274693
0.000361114
0.000457771
0.000563336
0.000676151
0.000794237
0.00091532
0.00103685
0.00115604
0.00126988
0.00137513
0.0014684
0.00154609
0.00160451
0.00163988
0.0016484
0.00162635
0.00157008
0.00147611
0.00134113
0.00116211
0.000936327
0.000661406
0.000335382
-4.32926e-05
-0.000475722
-0.000962526
-0.00150378
-0.00209896
-0.00274687
-0.00344567
-0.00419283
-0.00498525
-0.0058192
-0.00669036
-0.00759379
-0.00852387
-0.00947432
-0.0104382
-0.0114081
-0.0123762
-0.0133342
-0.0142735
-0.0151855
-0.0160609
-0.0168906
-0.0176652
-0.0183758
-0.0190134
-0.0195695
-0.0200361
-0.0204055
-0.0206702
-0.0208234
-0.0208587
-0.0207704
-0.0205543
-0.0202067
-0.0197254
-0.0191088
-0.0183563
-0.0174679
-0.0164448
-0.0152895
-0.0140055
-0.0125982
-0.0110738
-0.00943973
-0.00770424
-0.00587626
-0.00396557
-0.00198284
6.02285e-05
0.00215108
0.00427649
0.00642281
0.0085762
0.0107227
0.0128481
0.0149382
0.0169789
0.018956
0.0208558
0.0226652
0.0243796
0.0259961
0.027506
0.0289011
0.0301736
0.0313162
0.0323227
0.0331873
0.0339054
0.0344727
0.0348859
0.0351417
0.0352376
0.0351715
0.0349423
0.0345497
0.0339947
0.0332789
0.0324053
0.0313773
0.030199
0.0288751
0.0274109
0.0258123
0.0240858
0.0222386
0.0202787
0.0182146
0.0160553
0.0138101
0.011489
0.00910206
0.00665982
0.00417317
0.00165316
-0.000889027
-0.00344222
-0.00599527
-0.00853707
-0.0110566
-0.0135428
-0.0159849
-0.0183721
-0.0206941
-0.0229405
-0.0251015
-0.0271674
-0.029129
-0.0309776
-0.032705
-0.0343037
-0.0357669
-0.0370883
-0.0382627
-0.0392853
-0.0401523
-0.0408604
-0.0414073
-0.0417908
-0.0420097
-0.0420631
-0.0419507
-0.0416732
-0.0412323
-0.0406303
-0.0398706
-0.0389571
-0.0378946
-0.036688
-0.035343
-0.0338658
-0.0322635
-0.0305436
-0.0287142
-0.0267836
-0.0247604
-0.0226535
-0.0204719
-0.0182251
-0.0159229
-0.0135755
-0.0111933
-0.0087871
-0.00636749
-0.00394513
-0.00153052
0.00086594
0.00323405
0.00556374
0.00784523
0.0100691
0.0122262
0.0143084
0.0163075
0.0182163
0.0200278
0.0217352
0.0233324
0.0248133
0.0261727
0.027406
0.0285091
0.0294788
0.0303125
0.0310082
0.0315643
0.0319799
0.0322547
0.0323891
0.0323841
0.0322413
0.0319629
0.0315516
0.0310108
0.0303444
0.0295572
0.0286545
0.0276423
0.0265265
0.0253137
0.0240105
0.0226238
0.0211607
0.0196288
0.0180361
0.0163905
0.0147006
0.0129745
0.0112205
0.00944679
0.00766122
0.00587169
0.00408596
0.00231174
0.000556666
-0.00117183
-0.00286663
-0.00452104
-0.00612887
-0.00768447
-0.00918261
-0.0106185
-0.0119878
-0.0132865
-0.0145113
-0.015659
-0.0167274
-0.0177143
-0.0186182
-0.0194379
-0.0201726
-0.0208224
-0.0213875
-0.0218691
-0.0222685
-0.0225874
-0.0228278
-0.0229922
-0.0230831
-0.0231036
-0.0230573
-0.0229479
-0.0227792
-0.0225552
-0.0222797
-0.0219566
-0.0215902
-0.0211845
-0.020744
-0.0202731
-0.0197761
-0.0192574
-0.0187211
-0.0181711
-0.0176112
-0.0170449
-0.0164754
-0.0159054
-0.0153376
-0.0147741
-0.014217
-0.0136683
-0.0131298
-0.012603
-0.0120894
-0.01159
-0.0111053
-0.0106355
-0.0101802
-0.00973892
-0.00931049
-0.00889364
-0.00848686
-0.00808853
-0.00769694
-0.00731036
-0.00692698
-0.00654498
-0.00616248
-0.00577755
-0.00538819
-0.00499235
-0.00458793
-0.0041728
-0.00374488
-0.00330216
-0.00284275
-0.00236499
-0.00186735
-0.00134855
-0.000807475
-0.000243265
0.000344636
0.000956406
0.00159178
0.00225004
0.00293
0.00363004
0.00434816
0.00508203
0.00582902
0.00658627
0.00735073
0.00811922
0.00888839
0.00965472
0.0104145
0.0111636
0.0118978
0.0126125
0.0133028
0.0139638
0.0145905
0.0151779
0.015721
0.0162152
0.0166557
0.0170381
0.0173581
0.0176113
0.0177935
0.0179006
0.017929
0.0178751
0.0177359
0.0175089
0.0171923
0.0167843
0.0162841
0.0156911
0.0150055
0.0142279
0.0133597
0.0124023
0.011358
0.0102292
0.00901878
0.00773009
0.00636711
0.00493444
0.00343738
0.00188181
0.00027419
-0.0013786
-0.00306937
-0.00479073
-0.00653519
-0.0082952
-0.0100631
-0.0118312
-0.0135916
-0.0153361
-0.0170566
-0.0187445
-0.0203915
-0.0219891
-0.0235291
-0.0250032
-0.0264032
-0.0277209
-0.0289486
-0.0300786
-0.031104
-0.0320181
-0.0328154
-0.033491
-0.0340407
-0.0344615
-0.0347511
-0.0349079
-0.0349309
-0.0348197
-0.0345749
-0.0341975
-0.0336894
-0.0330534
-0.032293
-0.0314123
-0.0304157
-0.0293084
-0.028096
-0.0267846
-0.0253809
-0.0238924
-0.0223264
-0.0206909
-0.018994
-0.0172442
-0.0154502
-0.0136211
-0.0117662
-0.00989452
-0.00801528
-0.00613732
-0.00426942
-0.0024204
-0.00059904
0.00118599
0.00292636
0.00461418
0.00624212
0.00780331
0.00929121
0.0106996
0.0120225
0.0132547
0.0143913
0.0154282
0.0163622
0.0171903
0.0179102
0.0185204
0.0190195
0.0194073
0.0196838
0.0198498
0.0199066
0.0198558
0.0196996
0.0194409
0.0190832
0.0186304
0.018087
0.0174575
0.0167468
0.0159599
0.0151023
0.0141798
0.0131989
0.0121658
0.0110871
0.00996897
0.00881777
0.00763982
0.0064416
0.00522966
0.00401046
0.00279018
0.00157469
0.00036964
-0.000819483
-0.00198725
-0.00312839
-0.00423794
-0.00531139
-0.00634474
-0.00733436
-0.00827686
-0.00916905
-0.010008
-0.010791
-0.0115163
-0.0121822
-0.0127877
-0.0133322
-0.0138152
-0.0142363
-0.0145955
-0.0148935
-0.0151311
-0.0153094
-0.0154298
-0.0154937
-0.0155026
-0.0154586
-0.015364
-0.0152215
-0.0150341
-0.0148044
-0.0145353
-0.0142295
-0.0138898
-0.0135194
-0.0131216
-0.0126998
-0.0122571
-0.0117964
-0.0113204
-0.0108318
-0.0103336
-0.00982854
-0.00931951
-0.00880904
-0.00829932
-0.00779236
-0.00729012
-0.00679468
-0.0063081
-0.0058323
-0.0053688
-0.00491871
-0.00448288
-0.00406211
-0.00365735
-0.00326961
-0.0028998
-0.00254849
-0.00221587
-0.00190181
-0.0016061
-0.00132861
-0.00106927
-0.000827953
-0.000604377
-0.000398042
-0.000208361
-3.48131e-05
0.000122981
0.000265333
0.000392653
0.000505586
0.00060498
0.000691712
0.000766474
0.000829675
0.000881541
0.000922331
0.000952532
0.000972874
0.000984173
0.000987106
0.000982069
0.000969226
0.000948685
0.000920664
0.000885541
0.000843736
0.000795558
0.000741124
0.000680428
0.000613507
0.000540569
0.000461989
0.00037817
0.000289372
0.000195644
9.69076e-05
-6.87213e-06
-0.000115554
-0.000228824
-0.000346327
-0.000467819
-0.000593226
-0.000722559
-0.000855764
-0.000992609
-0.0011327
-0.0012756
-0.00142096
-0.00156853
-0.00171811
-0.00186939
-0.00202193
-0.00217515
-0.00232852
-0.00248159
-0.00263401
-0.00278541
-0.00293525
-0.00308282
-0.00322735
-0.00336817
-0.00350483
-0.00363704
-0.00376449
-0.00388671
-0.00400304
-0.00411277
-0.00421532
-0.00431038
-0.00439783
-0.0044776
-0.00454941
-0.00461283
-0.00466734
-0.00471259
-0.00474847
-0.00477511
-0.00479268
-0.00480116
-0.00480036
-0.00479005
-0.00477013
-0.00474077
-0.00470236
-0.0046553
-0.00459985
-0.00453608
-0.00446401
-0.00438383
-0.00429598
-0.00420109
-0.0040998
-0.00399259
-0.00387975
-0.00376154
-0.0036384
-0.003511
-0.00338017
-0.00324666
-0.00311095
-0.00297328
-0.00283378
-0.00269274
-0.00255073
-0.00240846
-0.00226665
-0.00212579
-0.00198617
-0.00184796
-0.00171145
-0.00157712
-0.00144557
-0.00131731
-0.00119261
-0.00107158
-0.000954303
-0.000841034
-0.000732291
-0.000628708
-0.000530795
-0.000438757
-0.000352488
-0.000271759
-0.000196448
-0.000126666
-6.26833e-05
-4.74242e-06
4.71108e-05
9.30424e-05
0.000133294
0.000168005
0.00019713
0.00022052
0.00023809
0.000249934
0.000256231
0.0002573
0.000253376
0.00024453
0.000230774
0.000212234
0.000189279
0.0001625
0.000132549
9.99673e-05
6.51025e-05
2.81775e-05
-1.05645e-05
-5.07455e-05
-9.18501e-05
-0.000133324
-0.000174757
-0.000216597
-0.000259284
-0.000303147
-0.000348458
-0.000395447
-0.00044438
-0.000495614
-0.000549591
-0.00060675
-0.000667426
-0.000731798
-0.000799938
-0.00087191
-0.000947854
-0.00102797
-0.00111243
-0.00120121
-0.00129409
-0.00139073
-0.00149081
-0.0015942
-0.00170083
-0.00181065
-0.00192339
-0.00203855
-0.0021555
-0.0022737
-0.00239276
-0.00251241
-0.00263223
-0.00275154
-0.00286944
-0.0029851
-0.00309799
-0.00320793
-0.00331476
-0.00341786
-0.00351586
-0.0036068
-0.00368871
-0.00376028
-0.00382105
-0.00387121
-0.0039108
-0.00393918
-0.00395492
-0.00395626
-0.00394195
-0.00391153
-0.00386514
-0.00380299
-0.00372468
-0.00362956
-0.00351681
-0.00338613
-0.003238
-0.00307307
-0.00289211
-0.00269496
-0.00248088
-0.00224933
-0.00200041
-0.00173602
-0.00145845
-0.00116975
-0.000871086
-0.000562362
-0.000244076
8.30837e-05
0.0004175
0.000756921
0.0010995
0.00144293
0.00178549
0.0021253
0.00245991
0.00278675
0.00310263
0.0034054
0.00369372
0.00396656
0.00422259
0.00445949
0.00467467
0.00486601
0.0050327
0.0051749
0.005294
0.00539049
0.00546417
0.00551599
0.005544
0.00554857
0.00553056
0.00549179
0.00543425
0.005358
0.00526576
0.00515872
0.00503849
0.00490689
0.00476328
0.00461068
0.00444922
0.00427908
0.00410155
0.00391677
0.00373165
0.00355036
0.00337576
0.00320888
0.00304624
0.00289021
0.0027409
0.00259964
0.00246862
0.00234733
0.00224056
0.00214984
0.00207653
0.00202203
0.00198555
0.00196965
0.00197407
0.00199793
0.00204059
0.0021018
0.00218312
0.00228593
0.00241078
0.00255665
0.00272301
0.00290508
0.0031006
0.00330854
0.00352871
0.00376554
0.00401289
0.00426815
0.00452802
0.00478939
0.00505787
0.00532381
0.00558555
0.00584093
0.00608725
0.00633257
0.00656347
0.00677798
0.00697424
0.00714999
0.00731542
0.00745411
0.00756327
0.00764127
0.0076878
0.00771717
0.00771594
0.00768408
0.00762132
0.00752778
0.00741711
0.00727883
0.00711564
0.0069303
0.00672549
0.00651284
0.00628735
0.00605393
0.00581839
0.00558668
0.00536635
0.00515987
0.00497189
0.00480803
0.0046753
0.00457502
0.00452191
0.00452277
0.00458281
0.00470624
0.00487995
0.00512662
0.0054527
0.00586509
0.00637009
0.00694411
0.00761877
0.00839593
0.00927646
0.0102604
0.0113088
0.012458
0.0137057
0.0150492
0.0164856
0.017967
0.0195341
0.0211804
0.0228972
0.0246732
0.0264501
0.028262
0.0300974
0.0319447
0.0337909
0.0355805
0.0373376
0.0390445
0.0406834
0.0422371
0.0436607
0.0449656
0.0461343
0.047148
0.0479878
0.0486277
0.0490591
0.0492668
0.0492363
0.0489533
0.0484214
0.0476092
0.046505
0.0450997
0.0433864
0.0414078
0.0391132
0.0364999
0.033567
0.0303151
0.0268239
0.0230241
0.0189257
0.0145415
0.00988686
0.00507879
3.56783e-05
-0.0052227
-0.0106749
-0.0162971
-0.0219486
-0.0277142
-0.0335616
-0.0394559
-0.0453613
-0.0511264
-0.0568311
-0.0624399
-0.0679164
-0.0732224
-0.0782181
-0.0829631
-0.0874172
-0.0915408
-0.0952957
-0.0985767
-0.101417
-0.103783
-0.105641
-0.106963
-0.107697
-0.107841
-0.107372
-0.106266
-0.104505
-0.102109
-0.0990308
-0.0952658
-0.0908116
-0.0856695
-0.0799375
-0.0735279
-0.0664506
-0.0587208
-0.0503588
-0.04154
-0.0321437
-0.022203
-0.0117545
-0.000838359
0.0103081
0.0218308
0.0336797
0.0458023
0.058144
0.0704316
0.0828216
0.0952511
0.107654
0.119964
0.131901
0.143613
0.155036
0.166105
0.176755
0.186737
0.19617
0.204989
0.213137
0.220556
0.227069
0.232751
0.237555
0.241436
0.244356
0.246234
0.247089
0.246896
0.245636
0.243294
0.239902
0.235417
0.229842
0.223189
0.215474
0.20685
0.197207
0.186574
0.174988
0.162494
0.149356
0.135417
0.120735
0.105373
0.0893958
0.0731458
0.0564253
0.0393124
0.021888
0.00423501
-0.0132651
-0.0308248
-0.0483578
-0.0657763
-0.0829926
-0.0996325
-0.115901
-0.131715
-0.146996
-0.161662
-0.175391
-0.188352
-0.200474
-0.211694
-0.221953
-0.23103
-0.239045
-0.245953
-0.251712
-0.256289
-0.259584
-0.261652
-0.26248
-0.262061
-0.260395
-0.257518
-0.25341
-0.24809
-0.241584
-0.233925
-0.225281
-0.21556
-0.204812
-0.193089
-0.180454
-0.167186
-0.153143
-0.138398
-0.123025
-0.107101
-0.090973
-0.0744565
-0.0576369
-0.0406004
-0.0234319
-0.00650159
0.0103972
0.0271851
0.0437838
0.0601169
0.0758377
0.0911508
0.105991
0.120296
0.134005
0.146831
0.158947
0.170307
0.180868
0.190595
0.199297
0.207109
0.214007
0.219969
0.224984
0.228964
0.231994
0.23408
0.235235
0.235471
0.234806
0.233258
0.230855
0.227627
0.223614
0.218928
0.213539
0.207491
0.200832
0.193611
0.186006
0.177944
0.169478
0.160659
0.151538
0.142323
0.132912
0.123358
0.113716
0.104039
0.0945383
0.0850954
0.075752
0.0665489
0.0575257
0.0488713
0.0404684
0.0323471
0.0245339
0.0170526
0.0100489
0.00341751
-0.00282583
-0.00866955
-0.0141063
-0.0190417
-0.0235645
-0.0276754
-0.0313776
-0.0346784
-0.0375329
-0.0400132
-0.0421374
-0.0439239
-0.0453907
-0.0465261
-0.0473781
-0.0479676
-0.048318
-0.0484543
-0.0483889
-0.048157
-0.0477801
-0.0472798
-0.0466777
-0.0459907
-0.0452458
-0.0444625
-0.043658
-0.0428473
-0.0420367
-0.0412495
-0.0405006
-0.0398031
-0.0391667
-0.0385803
-0.0380601
-0.0376036
-0.0372073
-0.0368678
-0.036559
-0.0362997
-0.0360841
-0.0359036
-0.0357476
-0.0355792
-0.0354089
-0.035221
-0.0349983
-0.0347231
-0.0343613
-0.0339126
-0.033361
-0.0326909
-0.0318853
-0.0309292
-0.0297992
-0.0284769
-0.0269459
-0.0251934
-0.0232431
-0.021052
-0.0186108
-0.0159097
-0.0129394
-0.00976459
-0.00631071
-0.00257806
0.00143066
0.00571129
0.0101485
0.0148451
0.0197907
0.0249718
0.0303723
0.0358315
0.0414751
0.0472853
0.0532424
0.0593235
0.0653381
0.0714217
0.0775447
0.0836771
0.0897895
0.0956838
0.101497
0.107196
0.112747
0.118116
0.12312
0.127881
0.132369
0.136554
0.140406
0.143783
0.146772
0.149351
0.151499
0.153198
0.154373
0.155063
0.155252
0.154927
0.154081
0.152719
0.150831
0.148417
0.145479
0.142018
0.138124
0.133723
0.128833
0.123471
0.117657
0.111559
0.105049
0.0981509
0.0908905
0.083298
0.0756043
0.0676422
0.0594433
0.0510399
0.0424665
0.0339898
0.0254193
0.0167946
0.00815363
-0.000467618
-0.00880046
-0.0170435
-0.0251596
-0.0331096
-0.0408548
-0.048147
-0.0551647
-0.0618776
-0.0682561
-0.0742702
-0.0797259
-0.0847599
-0.0893485
-0.0934731
-0.0971187
-0.100174
-0.102724
-0.104757
-0.106261
-0.10723
-0.10764
-0.107514
-0.106856
-0.105672
-0.103964
-0.101796
-0.0991204
-0.0959522
-0.092311
-0.0882188
-0.0838253
-0.0790241
-0.0738362
-0.0682846
-0.0623961
-0.0563824
-0.0500942
-0.0435638
-0.0368218
-0.0298984
-0.0230362
-0.0160547
-0.00898787
-0.00187147
0.00525873
0.0121503
0.0189895
0.0257458
0.0323888
0.0388881
0.0450152
0.0509405
0.0566376
0.0620823
0.0672523
0.0719693
0.0763721
0.0804432
0.0841669
0.0875284
0.0904137
0.0929118
0.0950128
0.0967099
0.0979994
0.0988448
0.0992844
0.0993216
0.0989605
0.0982062
0.0970937
0.095605
0.0937527
0.0915518
0.0890174
0.0862488
0.0831776
0.0798215
0.0762021
0.0723446
0.0684015
0.0642738
0.0599843
0.0555527
0.0509834
0.0464327
0.0417838
0.0370721
0.0323347
0.0276074
0.0230724
0.0186065
0.0142349
0.00998257
0.00587465
0.00206771
-0.00155068
-0.00496278
-0.00815461
-0.0111148
-0.013733
-0.0161022
-0.0182146
-0.0200654
-0.021654
-0.0229225
-0.0239408
-0.0247167
-0.0252572
-0.0255695
-0.0256375
-0.0254968
-0.0251618
-0.0246499
-0.0239802
-0.0231775
-0.0222513
-0.0212163
-0.0200863
-0.0188757
-0.0176272
-0.0163296
-0.0150002
-0.0136556
-0.0123102
-0.0110122
-0.00973339
-0.00848297
-0.00726977
-0.00610263
-0.00502599
-0.00400866
-0.00305663
-0.00217428
-0.00136446
-0.00065872
-2.54806e-05
0.000534996
0.00102321
0.00144064
0.00176882
0.00203443
0.00224141
0.00239389
0.002496
0.0025395
0.00254279
0.00251047
0.00244729
0.00235799
0.00224123
0.00210803
0.00196222
0.00180744
0.00164717
0.00148285
0.00131986
0.00116089
0.00100822
0.000863742
0.000728843
0.000604895
0.000492767
0.000392982
0.00030572
0.000231067
0.000168326
0.00011696
7.62852e-05
4.54786e-05
2.36365e-05
9.55068e-06
2.07577e-06
0
0
0
0
0
0
0
0
0
0
0
0
-0
-0
-0
-0
-0
-0
-0
-0
-0
-0
-0
-0
-0
-0
-0
-0
-0
-0
-0
-0
-0
-0
-0
-0
-0
-0
-0
-0
-0
-0
-0
-0
-0
-0
-0
-0
-0
-0
-0
-0
-0
-0
-0
-0
-0
-0
-0
-0
-0
-0
-0
-0
-0
-0
-0
-0
-0
-0
-0
-0
-0
-0
-0
-0
-0
-0
-0
-0
-0
-0
-0
-0
-0
-0
-0
0
0
0
0
0
0
0
0
0
0
0
0
0
0
0
0
0
0
0
0
0
0
0
0
0
0
0
0
0
0
0
0
0
0
0
0
0
0
0
0
0
0
0
0
0
0
0
0
0
0
0
0
0
0
0
0
0
0
0
0
0
0
0
0
0
0
0
0
0
0
0
0
0
0
0
0
0
0
0
0
0
0
0
0
0
0
0
0
0
0
0
0
0
0
0
0
0
0
0
0
0
0
0
0
0
0
0
0
0
0
0
0
0
0
