0
0
0
0
0
0
0
0
0
0
0
0
0
0
0
0
0
0
0
0
0
0
0
0
0
0
0
0
0
0
0
0
0
0
0
0
0
0
0
0
0
0
0
0
0
0
0
0
0
0
0
0
0
0
0
0
0
0
0
0
0
0
0
0
0
0
0
0
0
0
0
0
0
0
0
0
0
0
0
0
0
0
0
0
0
0
0
0
0
0
0
0
0
0
0
0
0
0
0
0
0
0
0
0
0
0
0
0
0
0
0
0
0
-9.3698e-06
-5.74525e-05
-0.000150629
-0.000292858
-0.0004872
-0.000735785
-0.00103979
-0.00139943
-0.00181392
-0.00228145
-0.00279921
-0.00336343
-0.00396942
-0.0046116
-0.00528357
-0.00597811
-0.00668725
-0.00740234
-0.00811419
-0.00881323
-0.00948967
-0.0101336
-0.0107351
-0.0112843
-0.0117715
-0.0121871
-0.0125219
-0.0127668
-0.0129134
-0.0129537
-0.0128808
-0.0126886
-0.0123721
-0.0119272
-0.0113511
-0.0106418
-0.00979856
-0.00882165
-0.00771289
-0.00647552
-0.0051142
-0.00363485
-0.00204443
-0.000350866
0.00143698
0.00330927
0.00525519
0.00726316
0.00932109
0.0114167
0.0135375
0.0156711
0.0178044
0.0199242
0.0220166
0.0240677
0.0260639
0.0279921
0.0298402
0.0315964
0.0332492
0.0347875
0.0362005
0.0374783
0.0386122
0.0395951
0.0404214
0.0410866
0.0415871
0.0419201
0.0420833
0.0420757
0.0418976
0.0415507
0.0410379
0.0403633
0.0395314
0.0385473
0.0374163
0.0361445
0.0347387
0.0332066
0.0315566
0.0297979
0.0279399
0.0259923
0.0239652
0.0218686
0.0197129
0.0175085
0.0152691
0.013009
0.010735
0.00845345
0.0061711
0.00389457
0.00163024
-0.000616032
-0.00283909
-0.00503442
-0.00719793
-0.00932567
-0.0114136
-0.013458
-0.015455
-0.0174017
-0.0192956
-0.0211344
-0.0229159
-0.0246375
-0.0262961
-0.0278881
-0.0294104
-0.0308605
-0.0322365
-0.0335379
-0.0347646
-0.0359166
-0.0369944
-0.0379978
-0.0389267
-0.0397805
-0.0405585
-0.0412598
-0.0418839
-0.0424303
-0.0428993
-0.0432916
-0.0436084
-0.043851
-0.044021
-0.0441193
-0.0441468
-0.0441044
-0.0439927
-0.0438126
-0.0435651
-0.0432518
-0.0428742
-0.0424342
-0.0419336
-0.0413742
-0.040757
-0.0400823
-0.0393501
-0.03856
-0.0377117
-0.0368051
-0.0358402
-0.0348172
-0.033736
-0.0325962
-0.0313972
-0.0301385
-0.0288192
-0.0274386
-0.0259953
-0.0244874
-0.0229122
-0.0212668
-0.0195486
-0.0177553
-0.015885
-0.0139364
-0.0119082
-0.00979891
-0.00760754
-0.00533359
-0.00297742
-0.000540234
0.00197624
0.00457009
0.00723935
0.00998178
0.0127943
0.0156727
0.0186112
0.0216029
0.0246399
0.0277141
0.0308167
0.0339385
0.037069
0.0401969
0.0433097
0.0463943
0.0494372
0.0524247
0.0553426
0.0581762
0.0609101
0.0635281
0.066014
0.0683516
0.070525
0.072519
0.0743182
0.0759078
0.0772731
0.0783998
0.0792742
0.0798832
0.0802147
0.0802572
0.0800001
0.0794342
0.0785515
0.0773458
0.0758127
0.0739497
0.0717559
0.0692326
0.066383
0.0632121
0.0597269
0.0559355
0.0518476
0.0474737
0.0428262
0.0379194
0.0327702
0.0273977
0.0218235
0.016071
0.0101654
0.00413318
-0.00199763
-0.0081973
-0.0144346
-0.0206774
-0.026893
-0.0330483
-0.0391107
-0.0450472
-0.0508248
-0.0564102
-0.06177
-0.0668711
-0.0716811
-0.0761683
-0.0803022
-0.0840533
-0.087394
-0.0902987
-0.0927443
-0.0947103
-0.0961783
-0.0971318
-0.097556
-0.0974379
-0.0967669
-0.095536
-0.093742
-0.0913853
-0.0884701
-0.0850031
-0.0809935
-0.076453
-0.0713963
-0.0658417
-0.0598116
-0.0533325
-0.0464349
-0.0391524
-0.0315216
-0.0235817
-0.0153737
-0.00694058
0.00167264
0.0104193
0.0192509
0.028117
0.036966
0.0457454
0.054403
0.0628873
0.0711483
0.0791372
0.0868067
0.0941106
0.101004
0.107444
0.113391
0.118806
0.123655
0.127908
0.131535
0.134511
0.136816
0.138431
0.139343
0.139544
0.139028
0.137795
0.135848
0.133192
0.12984
0.125808
0.121115
0.115788
0.109853
0.103343
0.0962914
0.0887362
0.0807188
0.072284
0.0634794
0.0543547
0.0449613
0.0353522
0.0255816
0.0157054
0.0057807
-0.00413458
-0.0139826
-0.023706
-0.0332481
-0.042553
-0.0515656
-0.0602317
-0.0684991
-0.076318
-0.0836417
-0.0904267
-0.0966326
-0.102222
-0.10716
-0.111416
-0.114962
-0.117773
-0.119832
-0.121123
-0.121637
-0.121368
-0.120316
-0.118485
-0.115885
-0.112526
-0.108427
-0.103608
-0.0980924
-0.0919084
-0.0850884
-0.0776684
-0.0696883
-0.0611909
-0.0522218
-0.0428289
-0.0330618
-0.0229722
-0.0126131
-0.00203883
0.00869564
0.0195346
0.0304216
0.0412999
0.052112
0.0628007
0.0733094
0.0835828
0.0935678
0.103214
0.112473
0.121299
0.129649
0.137483
0.144761
0.151447
0.157508
0.162913
0.167636
0.171653
0.174945
0.1775
0.179307
0.18036
0.180659
0.180205
0.179007
0.177075
0.174426
0.17108
0.16706
0.162391
0.157101
0.151221
0.144785
0.137827
0.130389
0.122512
0.114239
0.105616
0.0966874
0.0874997
0.0780999
0.0685353
0.0588539
0.0491032
0.0393305
0.0295823
0.0199046
0.010343
0.000941892
-0.00825567
-0.0172086
-0.0258783
-0.0342282
-0.0422243
-0.0498342
-0.0570277
-0.0637767
-0.0700556
-0.0758421
-0.0811167
-0.0858629
-0.0900671
-0.0937185
-0.096809
-0.0993333
-0.101289
-0.102677
-0.1035
-0.103763
-0.103475
-0.102645
-0.101287
-0.0994155
-0.097048
-0.0942035
-0.0909026
-0.0871673
-0.0830213
-0.0784897
-0.0735991
-0.0683772
-0.0628521
-0.0570523
-0.0510068
-0.0447449
-0.0382967
-0.0316929
-0.0249644
-0.018142
-0.0112556
-0.0043346
0.00259237
0.0094971
0.0163519
0.0231297
0.0298046
0.036352
0.0427487
0.0489727
0.0550029
0.0608194
0.0664037
0.0717387
0.076809
0.0816004
0.0861004
0.0902971
0.0941801
0.0977403
0.100971
0.103866
0.106423
0.10864
0.110513
0.112042
0.113226
0.114067
0.114568
0.114733
0.11457
0.114086
0.113288
0.112185
0.110785
0.109096
0.10713
0.1049
0.102418
0.0996982
0.0967535
0.0935973
0.0902428
0.0867043
0.0829965
0.079135
0.0751354
0.0710134
0.0667848
0.0624654
0.0580716
0.0536199
0.0491271
0.0446095
0.0400828
0.0355619
0.0310613
0.0265953
0.0221788
0.0178265
0.0135531
0.00937264
0.00529816
0.00134169
-0.00248551
-0.00617256
-0.00970865
-0.0130831
-0.0162857
-0.0193066
-0.0221374
-0.0247704
-0.0271992
-0.029418
-0.031422
-0.0332067
-0.0347685
-0.0361043
-0.0372115
-0.0380885
-0.038734
-0.039148
-0.039331
-0.0392846
-0.0390112
-0.0385134
-0.0377944
-0.0368575
-0.0357069
-0.0343477
-0.0327861
-0.0310298
-0.0290873
-0.0269676
-0.0246796
-0.0222324
-0.0196351
-0.016898
-0.014032
-0.0110491
-0.00796168
-0.00478217
-0.00152296
0.00180347
0.00518425
0.00860588
0.0120544
0.0155158
0.0189764
0.0224231
0.0258432
0.0292235
0.0325506
0.0358106
0.0389894
0.0420739
0.045052
0.0479127
0.0506456
0.0532406
0.0556875
0.0579764
0.0600982
0.0620451
0.0638104
0.0653882
0.0667727
0.0679581
0.0689394
0.0697125
0.0702749
0.070626
0.0707664
0.070697
0.0704187
0.0699329
0.0692414
0.068348
0.0672582
0.0659788
0.0645176
0.0628823
0.0610805
0.0591202
0.0570105
0.0547617
0.0523854
0.0498935
0.047298
0.0446104
0.0418425
0.0390064
0.0361153
0.0331833
0.0302245
0.0272525
0.0242801
0.0213194
0.0183823
0.0154815
0.0126301
0.00984121
0.00712727
0.00449937
0.00196731
-0.00045995
-0.00277365
-0.00496494
-0.00702502
-0.00894575
-0.0107201
-0.0123427
-0.0138093
-0.0151167
-0.016262
-0.0172429
-0.0180572
-0.0187037
-0.0191817
-0.0194917
-0.0196349
-0.0196135
-0.0194305
-0.0190895
-0.0185953
-0.017953
-0.0171686
-0.0162483
-0.0151987
-0.0140273
-0.0127419
-0.0113515
-0.00986537
-0.00829318
-0.0066447
-0.00492965
-0.00315785
-0.00133933
0.000515552
0.00239613
0.00429164
0.00619138
0.00808472
0.0099572
0.0117945
0.0135837
0.0153125
0.0169693
0.0185431
0.0200237
0.0214017
0.0226686
0.0238169
0.0248403
0.0257336
0.0264929
0.0271153
0.0275989
0.0279429
0.0281478
0.0282151
0.0281478
0.02795
0.0276267
0.0271836
0.0266268
0.0259635
0.0252014
0.0243495
0.0234171
0.0224141
0.0213504
0.0202358
0.0190801
0.0178932
0.0166852
0.0154663
0.0142459
0.0130331
0.0118361
0.010662
0.00951772
0.00840983
0.00734446
0.00632721
0.00536283
0.00445514
0.00360704
0.00282078
0.00209809
0.00144022
0.000847803
0.000320656
-0.000142283
-0.000542843
-0.000883379
-0.00116653
-0.00139511
-0.00157219
-0.00170117
-0.00178591
-0.00183061
-0.00183969
-0.00181753
-0.00176834
-0.00169619
-0.00160503
-0.00149876
-0.00138121
-0.00125604
-0.00112667
-0.000996183
-0.000867293
-0.000742398
-0.000623587
-0.000512647
-0.000411028
-0.000319808
-0.000239686
-0.000170994
-0.000113738
-6.76342e-05
-3.21376e-05
-6.45524e-06
1.04347e-05
1.97554e-05
2.28939e-05
2.13598e-05
1.67459e-05
1.06936e-05
4.85641e-06
8.62789e-07
0
0
0
0
0
0
0
0
0
0
0
0
0
0
0
0
0
0
0
0
0
0
0
0
0
0
0
0
0
0
0
0
0
0
0
0
0
0
0
0
0
0
0
0
0
0
0
0
0
0
0
0
0
0
0
0
0
0
0
0
0
0
0
0
0
0
0
0
0
0
0
0
0
0
0
0
0
0
0
0
0
0
0
0
0
0
0
0
0
0
0
0
0
0
0
0
0
0
0
0
0
0
0
-2.34298e-06
-1.5358e-05
-4.00556e-05
-7.62545e-05
-0.000123234
-0.000179742
-0.000244006
-0.000313752
-0.000386229
-0.000458253
-0.000526258
-0.000586362
-0.000634414
-0.000666045
-0.000676728
-0.000661833
-0.000616744
-0.00053695
-0.000418132
-0.000256225
-4.74174e-05
0.00021179
0.000524524
0.000893423
0.00132049
0.00180704
0.0023536
0.00295994
0.00362515
0.00434771
0.00512551
0.00595587
0.0068355
0.00776049
0.00872622
0.00972743
0.0107581
0.0118117
0.0128809
0.013958
0.0150351
0.0161039
0.0171563
0.0181838
0.0191783
0.0201318
0.0210366
0.0218856
0.0226719
0.023389
0.0240305
0.0245901
0.0250618
0.0254405
0.0257224
0.0259049
0.0259868
0.0259671
0.0258454
0.0256214
0.0252949
0.0248672
0.0243408
0.0237203
0.0230112
0.0222195
0.0213515
0.020413
0.0194104
0.0183508
0.0172423
0.0160939
0.0149158
0.0137179
0.0125103
0.0113019
0.0101012
0.00891664
0.00775657
0.00662973
0.00554441
0.00450905
0.00353169
0.00261969
0.00177956
0.00101633
0.000334114
-0.000263827
-0.000774701
-0.00119599
-0.00152558
-0.00176255
-0.00190628
-0.00195706
-0.00191628
-0.00178505
-0.0015648
-0.0012567
-0.000861866
-0.000382555
0.000179546
0.000820813
0.00153665
0.00232204
0.00317086
0.00407976
0.00504444
0.00606042
0.00712263
0.00822371
0.00935911
0.0105226
0.0117085
0.0129114
0.0141247
0.0153457
0.0165695
0.017791
0.0190047
0.0202034
0.0213834
0.0225395
0.0236666
0.0247598
0.0258126
0.0268219
0.0277835
0.0286938
0.0295498
0.0303485
0.0310892
0.0317702
0.0323895
0.0329449
0.0334339
0.0338542
0.0342043
0.034484
0.0346939
0.0348368
0.0349105
0.0349143
0.0348468
0.0347073
0.0345001
0.0342233
0.0338804
0.0334751
0.0330107
0.0324954
0.0319253
0.0313028
0.0306313
0.0299155
0.0291679
0.028386
0.0275739
0.0267352
0.0258736
0.0250021
0.0241175
0.0232255
0.0223314
0.0214398
0.0205631
0.0196963
0.0188437
0.0180109
0.0172041
0.0164364
0.0157059
0.0150168
0.0143725
0.0137769
0.0132387
0.0127593
0.0123444
0.0119991
0.0117274
0.0115315
0.0114149
0.0113802
0.0114304
0.0115684
0.0117898
0.0121029
0.0125086
0.0130075
0.0136001
0.014273
0.0150403
0.0159011
0.0168533
0.0178938
0.0189983
0.0201838
0.0214468
0.0227833
0.0241888
0.0256317
0.0271318
0.0286822
0.0302761
0.0319064
0.0335371
0.0351895
0.036855
0.0385244
0.0401878
0.0418073
0.0434021
0.0449634
0.0464818
0.0479477
0.0493272
0.0506332
0.0518554
0.0529843
0.0540104
0.0549113
0.055691
0.0563398
0.0568486
0.0572088
0.0574143
0.0574573
0.0573324
0.0570341
0.0565574
0.0559168
0.0550897
0.0540737
0.0528678
0.0514721
0.0499253
0.0481912
0.0462721
0.0441716
0.0418945
0.0395022
0.0369473
0.0342384
0.0313852
0.0283985
0.0253579
0.0222078
0.0189619
0.0156351
0.0122433
0.00887738
0.00548088
0.00207193
-0.0013308
-0.00470829
-0.00797119
-0.0111705
-0.0142867
-0.0172998
-0.0201895
-0.0228793
-0.0254043
-0.0277442
-0.0298795
-0.0317914
-0.0334312
-0.0348128
-0.0359204
-0.036739
-0.0372546
-0.0374573
-0.0373333
-0.036873
-0.0360687
-0.0349143
-0.0334463
-0.0316204
-0.0294352
-0.0268909
-0.0239898
-0.0208164
-0.0172988
-0.0134471
-0.00927426
-0.00479468
-0.000137056
0.00479426
0.00998038
0.0154
0.021029
0.0267062
0.0325379
0.0384945
0.0445458
0.0506605
0.0566658
0.0626688
0.0686344
0.0745264
0.0803083
0.0858163
0.0911434
0.0962547
0.101115
0.10569
0.109846
0.113645
0.117054
0.120045
0.122588
0.124611
0.126139
0.12715
0.127624
0.127543
0.126905
0.125688
0.123883
0.121486
0.118497
0.114994
0.110906
0.106242
0.101016
0.0952432
0.0890801
0.0824131
0.0752676
0.0676726
0.0596607
0.0514486
0.0428938
0.0340368
0.02492
0.0155875
0.00628962
-0.00313077
-0.0126245
-0.0221406
-0.0316267
-0.0408289
-0.0498963
-0.0587771
-0.0674201
-0.0757742
-0.0836189
-0.091075
-0.098095
-0.104633
-0.110646
-0.115981
-0.120715
-0.124815
-0.128252
-0.130997
-0.132989
-0.134244
-0.134743
-0.134476
-0.133436
-0.131669
-0.129129
-0.125823
-0.121758
-0.116948
-0.111541
-0.105428
-0.0986387
-0.0912071
-0.0831721
-0.0747727
-0.0658557
-0.056468
-0.0466604
-0.036487
-0.0262443
-0.0157521
-0.00507058
0.00573955
0.0166168
0.0272514
0.0378293
0.0482884
0.0585674
0.0686058
0.0781238
0.0872852
0.0960339
0.104314
0.112073
0.119099
0.125508
0.13126
0.136322
0.140662
0.144174
0.146909
0.148847
0.14997
0.150269
0.14976
0.148422
0.146262
0.143289
0.139517
0.135081
0.129888
0.123967
0.117351
0.110079
0.102389
0.0941246
0.0853328
0.0760649
0.0663769
0.0565814
0.0464868
0.0361549
0.0256474
0.0150261
0.00462343
-0.00576947
-0.0160899
-0.0262746
-0.0362598
-0.0457337
-0.0548852
-0.0636561
-0.0719908
-0.0798367
-0.0869534
-0.0934877
-0.0993986
-0.104648
-0.109201
-0.112921
-0.115887
-0.118078
-0.119477
-0.120073
-0.119856
-0.118827
-0.116989
-0.114348
-0.110916
-0.106812
-0.10196
-0.0963868
-0.0901232
-0.0832032
-0.0758509
-0.0679192
-0.0594526
-0.0505004
-0.0411155
-0.0316023
-0.0217664
-0.0116638
-0.0013522
0.00910908
0.0193828
0.0296837
0.0399506
0.0501236
0.060144
0.0696909
0.0789735
0.0879379
0.0965312
0.104703
0.112188
0.119159
0.125577
0.131405
0.13661
0.141023
0.14476
0.147799
0.150127
0.151732
0.152561
0.152658
0.152025
0.150666
0.148593
0.145871
0.142471
0.138416
0.133736
0.128462
0.122761
0.116534
0.109818
0.102654
0.0950822
0.0873473
0.0792938
0.0709669
0.0624126
0.0536777
0.0450435
0.0363204
0.0275538
0.0187887
0.0100705
0.00168217
-0.00657099
-0.0146474
-0.0225078
-0.0301155
-0.0372257
-0.044018
-0.0504625
-0.0565312
-0.0621977
-0.0672795
-0.0719167
-0.0760939
-0.0797991
-0.0830229
-0.0856655
-0.0878149
-0.0894688
-0.0906278
-0.091296
-0.0914594
-0.0911495
-0.0903788
-0.0891619
-0.0875151
-0.0855013
-0.0830944
-0.0803146
-0.077184
-0.0737255
-0.0700622
-0.0661208
-0.0619282
-0.0575124
-0.0529023
-0.0482598
-0.0434798
-0.0385894
-0.0336145
-0.0285806
-0.0236595
-0.0187291
-0.0138137
-0.00893719
-0.00412269
0.000467548
0.00495424
0.00931919
0.0135457
0.0176183
0.0214044
0.0250102
0.0284249
0.0316389
0.0346445
0.0373492
0.0398358
0.0421027
0.0441497
0.0459777
0.0475377
0.0488833
0.0500178
0.0509456
0.0516721
0.0521865
0.0525139
0.0526625
0.0526413
0.0524597
0.0521371
0.051674
0.0510812
0.0503702
0.049553
0.0486687
0.047701
0.0466602
0.0455562
0.0443983
0.043231
0.0420287
0.0408009
0.0395565
0.0383039
0.0370833
0.0358665
0.0346576
0.0334602
0.0322776
0.0311389
0.0300211
0.028927
0.027859
0.0268193
0.0258248
0.0248611
0.0239283
0.0230258
0.0221517
0.021309
0.0204889
0.0196884
0.0189052
0.018138
0.0173856
0.0166474
0.0159219
0.0152061
0.0144966
0.0137885
0.0130798
0.0123682
0.0116522
0.0109301
0.0102042
0.00946788
0.00871858
0.00795409
0.00717295
0.00638985
0.00558925
0.00477081
0.00393358
0.00307609
0.00222682
0.00135495
0.000460641
-0.000454923
-0.0013899
-0.00229665
-0.00321887
-0.00415487
-0.00510304
-0.00606157
-0.00696934
-0.00788328
-0.00880104
-0.00972011
-0.0106377
-0.0114831
-0.0123202
-0.0131401
-0.0139349
-0.0146992
-0.0153592
-0.0159784
-0.0165515
-0.0170733
-0.0175385
-0.0178832
-0.0181645
-0.0183805
-0.0185297
-0.0186106
-0.0185794
-0.0184766
-0.0183006
-0.0180502
-0.0177255
-0.0173097
-0.0168236
-0.0162693
-0.0156485
-0.0149622
-0.0142198
-0.0134162
-0.0125561
-0.0116453
-0.0106901
-0.00972782
-0.00873176
-0.00770707
-0.00665911
-0.00559407
-0.0045678
-0.00353757
-0.00251139
-0.0014964
-0.000498605
0.00041954
0.00131379
0.00217881
0.0030086
0.00379683
0.00448036
0.0051155
0.00569873
0.00622756
0.00670006
0.00706503
0.00737443
0.0076269
0.00782162
0.00795851
0.00800125
0.00799188
0.00793204
0.0078235
0.00766829
0.0074458
0.00718554
0.00689168
0.00656878
0.00622155
0.00584339
0.00545172
0.00505099
0.00464563
0.00424011
0.00383595
0.00344079
0.00305837
0.00269192
0.00234414
0.00201856
0.00171573
0.00143731
0.00118457
0.00095827
0.00076057
0.000588775
0.0004424
0.000320562
0.000221983
0.000145844
8.86854e-05
4.82591e-05
2.20347e-05
7.25392e-06
9.94605e-07
0
0
0
0
0
0
0
0
0
0
0
0
0
0
0
0
0
0
0
0
0
0
0
0
0
0
0
0
0
0
0
0
0
0
0
0
0
0
0
0
0
0
0
0
0
0
0
0
0
0
0
0
0
0
0
0
0
0
0
0
0
0
0
0
0
0
0
0
0
0
0
0
0
0
0
0
0
0
0
0
0
0
0
0
0
0
0
0
0
0
0
0
0
0
0
0
0
0
0
0
0
0
0
0
0
0
0
0
0
0
0
0
0
