0
0
0
0
0
0
0
0
0
0
0
0
0
0
0
0
0
0
0
0
0
0
0
0
0
0
0
0
0
0
0
0
0
0
0
0
0
0
0
0
0
0
0
0
0
0
0
0
0
0
0
0
0
0
0
0
0
0
0
0
0
0
0
0
0
0
0
0
0
0
0
0
0
0
0
0
0
0
0
0
0
0
0
0
0
0
0
0
0
0
0
0
0
0
0
0
0
0
0
0
0
0
0
0
0
0
0
0
0
0
0
0
0
0
0
0
0
0
0
0
0
0
0
0
0
0
0
0
0
0
0
0
0
0
0
0
0
0
0
0
0
0
0
0
0
0
0
0
0
0
0
0
0
0
0
0
0
0
0
0
0
0
0
0
0
0
0
0
0
0
0
0
0
0
0
0
0
0
0
0
0
0
0
0
0
0
0
0
0
0
0
0
0
0
0
0
0
0
0
0
0
0
0
0
0
0
0
0
0
0
0
0
0
0
0
0
0
0
0
0
0
0
0
0
0
0
0
0
0
0
0
0
0
0
0
0
0
0
0
0
0
0
0
0
0
0
0
0
0
0
0
0
0
0
0
0
0
0
0
0
0
0
0
0
0
0
0
0
0
0
0
0
0
0
0
0
0
0
0
0
0
0
0
0
0
0
0
0
0
0
0
0
0
0
0
0
0
0
0
0
0
0
0
0
0
0
0
0
0
0
0
0
0
0
0
0
0
0
0
0
0
0
0
0
0
0
0
0
0
0
0
0
0
0
0
0
0
0
0
0
0
0
0
0
0
0
0
0
0
0
0
0
0
0
0
0
0
0
0
0
0
0
0
0
0
0
0
0
0
0
0
0
0
0
0
0
0
0
0
0
0
0
0
0
-3.66842e-06
-1.62391e-05
-3.47808e-05
-5.61225e-05
-7.70889e-05
-9.45578e-05
-0.000105515
-0.000107101
-9.66468e-05
-7.17119e-05
-3.01164e-05
3.00165e-05
0.000110219
0.000211647
0.000335059
0.000480827
0.000648949
0.00083907
0.00105048
0.0012821
0.00153247
0.00179969
0.00208149
0.00237523
0.00267797
0.00298653
0.00329756
0.00360745
0.00391242
0.00420846
0.00449138
0.004757
0.00500121
0.0052201
0.00541002
0.00556746
0.00568903
0.00577136
0.00581118
0.00580538
0.00575119
0.00564626
0.0054887
0.00527698
0.00500994
0.00468671
0.00430684
0.00387036
0.0033779
0.00283065
0.00223035
0.00157913
0.000879471
0.000134101
-0.000653955
-0.00148136
-0.0023444
-0.00323903
-0.00416079
-0.00510489
-0.0060663
-0.00703983
-0.00802028
-0.00900254
-0.00998159
-0.0109524
-0.0119098
-0.0128484
-0.0137629
-0.014648
-0.0154989
-0.0163116
-0.0170824
-0.0178082
-0.018486
-0.0191127
-0.0196855
-0.0202018
-0.0206596
-0.0210573
-0.0213939
-0.0216684
-0.0218798
-0.0220274
-0.0221107
-0.0221297
-0.0220851
-0.021978
-0.0218096
-0.0215811
-0.0212992
-0.0209721
-0.0206011
-0.0201875
-0.0197331
-0.0192398
-0.0187091
-0.0181423
-0.0175406
-0.0169049
-0.0162361
-0.0155352
-0.0148027
-0.0140391
-0.0132443
-0.0124183
-0.0115613
-0.0106733
-0.0097548
-0.00880612
-0.00782758
-0.00681942
-0.00578206
-0.00471618
-0.00362284
-0.00250339
-0.00135928
-0.000191913
0.000997365
0.00220712
0.00343561
0.00468063
0.00593953
0.00720927
0.00848665
0.0097683
0.0110508
0.0123304
0.0136034
0.0148656
0.0161131
0.0173416
0.0185469
0.0197243
0.0208689
0.0219753
0.0230374
0.0240489
0.0250036
0.0258947
0.0267155
0.0274589
0.0281176
0.0286841
0.0291509
0.0295107
0.0297564
0.0298815
0.0298796
0.0297448
0.0294715
0.0290547
0.02849
0.0277738
0.0269031
0.0258758
0.0246902
0.0233455
0.0218418
0.0201798
0.0183614
0.0163891
0.0142662
0.0119966
0.00958461
0.00703562
0.00435568
0.00155192
-0.00136753
-0.00439347
-0.00751579
-0.0107234
-0.0140044
-0.0173457
-0.0207334
-0.0241524
-0.027587
-0.0310206
-0.0344361
-0.0378161
-0.0411426
-0.0443974
-0.0475623
-0.0506187
-0.053548
-0.0563319
-0.0589526
-0.0613925
-0.0636346
-0.0656626
-0.0674607
-0.069014
-0.0703086
-0.0713315
-0.0720711
-0.0725168
-0.0726597
-0.0724919
-0.0720073
-0.0712011
-0.07007
-0.0686127
-0.0668291
-0.0647209
-0.0622914
-0.0595458
-0.0564906
-0.0531345
-0.0494877
-0.0455623
-0.0413718
-0.0369313
-0.0322574
-0.0273682
-0.0222836
-0.0170249
-0.0116152
-0.00607857
-0.000440665
0.00527216
0.0110327
0.0168129
0.0225841
0.0283169
0.0339816
0.0395482
0.0449867
0.0502676
0.0553614
0.0602395
0.0648735
0.0692363
0.0733019
0.0770457
0.0804447
0.0834778
0.0861258
0.0883712
0.0901985
0.0915942
0.0925472
0.0930488
0.0930928
0.0926756
0.0917962
0.0904558
0.0886584
0.0864103
0.0837203
0.0805996
0.0770617
0.0731226
0.0688004
0.0641151
0.0590889
0.0537457
0.0481112
0.0422126
0.0360786
0.0297394
0.0232259
0.0165703
0.00980536
0.00296445
-0.00391859
-0.0108097
-0.0176747
-0.0244795
-0.0311903
-0.0377737
-0.044197
-0.050428
-0.0564358
-0.0621905
-0.0676637
-0.0728287
-0.0776605
-0.0821358
-0.0862329
-0.0899321
-0.0932153
-0.0960669
-0.0984736
-0.100424
-0.101911
-0.102928
-0.103472
-0.10354
-0.103136
-0.10226
-0.100921
-0.0991254
-0.0968845
-0.0942113
-0.0911207
-0.0876298
-0.083758
-0.0795263
-0.0749579
-0.0700774
-0.0649109
-0.0594854
-0.0538293
-0.047972
-0.041944
-0.0357766
-0.0295018
-0.0231519
-0.0167594
-0.0103565
-0.00397558
0.00235136
0.0085924
0.0147162
0.0206921
0.0264907
0.0320838
0.0374445
0.0425471
0.0473673
0.0518825
0.0560716
0.0599154
0.0633967
0.0665002
0.0692126
0.0715228
0.0734217
0.0749026
0.0759613
0.0765956
0.0768058
0.0765941
0.0759649
0.074925
0.0734832
0.0716503
0.0694393
0.0668648
0.0639431
0.060692
0.0571308
0.0532804
0.0491633
0.0448032
0.0402248
0.0354538
0.0305163
0.0254392
0.0202497
0.0149755
0.00964445
0.00428431
-0.00107742
-0.00641359
-0.0116975
-0.016903
-0.0220044
-0.0269768
-0.0317964
-0.0364399
-0.0408854
-0.0451121
-0.0491001
-0.0528313
-0.0562891
-0.0594588
-0.0623276
-0.0648848
-0.0671212
-0.0690293
-0.0706035
-0.07184
-0.0727368
-0.0732941
-0.073514
-0.0734003
-0.0729584
-0.0721952
-0.0711194
-0.0697411
-0.0680719
-0.0661246
-0.0639133
-0.0614527
-0.0587587
-0.0558481
-0.0527388
-0.0494496
-0.0460001
-0.0424102
-0.0386998
-0.034889
-0.030998
-0.0270474
-0.0230576
-0.0190492
-0.0150424
-0.0110568
-0.00711135
-0.00322431
0.000586511
0.00430382
0.00791097
0.0113921
0.0147325
0.0179184
0.0209373
0.0237776
0.0264289
0.028882
0.0311286
0.033162
0.0349768
0.0365686
0.037934
0.0390709
0.0399782
0.0406559
0.0411053
0.0413288
0.0413298
0.0411127
0.0406828
0.0400462
0.0392101
0.0381824
0.036946
0.0354773
0.0337941
0.031917
0.0298684
0.0276722
0.0253537
0.022939
0.020455
0.0179286
0.0153866
0.0128557
0.0103621
0.00793128
0.00558771
0.00335456
0.00125337
-0.000696195
-0.00247641
-0.00407167
-0.0054686
-0.00665617
-0.00762581
-0.00837143
-0.0088894
-0.00917856
-0.00924013
-0.00907776
-0.00869745
-0.00810747
-0.00731823
-0.00634206
-0.00519303
-0.00388685
-0.00244064
-0.000872819
0.000797169
0.00254907
0.00436204
0.00621486
0.00808607
0.00995415
0.0117977
0.0135959
0.0153283
0.0169754
0.0185186
0.0199402
0.0212233
0.0223527
0.0233143
0.0240958
0.0246869
0.0250786
0.0252637
0.0252364
0.0249928
0.0245307
0.0238499
0.0229524
0.021842
0.0205245
0.0190071
0.0172988
0.0154098
0.013352
0.0111385
0.00878401
0.00630421
0.00371595
0.00103702
-0.00171399
-0.00451776
-0.0073544
-0.0102035
-0.0130443
-0.0158555
-0.0186158
-0.0213042
-0.0239002
-0.026384
-0.028737
-0.0309414
-0.0329798
-0.0348357
-0.0364932
-0.0379383
-0.0391584
-0.0401502
-0.0409129
-0.0414601
-0.0418072
-0.0419502
-0.0418853
-0.0416057
-0.0411123
-0.0404034
-0.0394776
-0.0383338
-0.0369759
-0.035398
-0.0335999
-0.0315824
-0.0293479
-0.026915
-0.0242724
-0.0214246
-0.0183767
-0.0151345
-0.0117314
-0.00814971
-0.00439893
-0.000490005
0.00356503
0.00771646
0.0119862
0.0163589
0.0208179
0.0253456
0.0298793
0.0344423
0.0390138
0.0435714
0.0480919
0.0525048
0.0568315
0.0610476
0.0651286
0.0690495
0.0727426
0.0762238
0.0794672
0.0824474
0.0851395
0.0874897
0.0895048
0.0911627
0.0924423
0.0933233
0.0937775
0.093798
0.0933708
0.092484
0.0911281
0.089313
0.0870164
0.0842359
0.0809719
0.0772282
0.0730599
0.0684291
0.0633484
0.0578334
0.0519029
0.045657
0.0390417
0.032084
0.0248136
0.0172631
0.00957182
0.00167465
-0.00638816
-0.0145745
-0.0228406
-0.0310242
-0.039197
-0.0473126
-0.0553236
-0.0631815
-0.0707212
-0.0780112
-0.0850046
-0.0916559
-0.0979209
-0.103659
-0.108928
-0.11369
-0.11791
-0.121571
-0.124591
-0.127008
-0.128801
-0.129948
-0.130433
-0.13023
-0.129343
-0.127768
-0.125501
-0.122543
-0.118938
-0.114652
-0.109696
-0.104083
-0.0978333
-0.0910669
-0.0837124
-0.0757991
-0.0673598
-0.0584305
-0.0491972
-0.0395539
-0.0295445
-0.0192158
-0.00861679
0.00201978
0.0128228
0.0237383
0.0347112
0.0456853
0.0564093
0.0670198
0.0774585
0.0876665
0.0975857
0.106977
0.115969
0.124508
0.132544
0.140027
0.146764
0.152854
0.158253
0.162923
0.166827
0.169853
0.172054
0.173408
0.173892
0.17349
0.172185
0.169974
0.166859
0.162841
0.157929
0.152212
0.145628
0.138199
0.129951
0.120915
0.111285
0.100944
0.089937
0.0783108
0.0661172
0.0536325
0.0406941
0.0273639
0.0137072
-0.000208434
-0.0140539
-0.0280184
-0.0420304
-0.0560174
-0.0699061
-0.0833574
-0.096564
-0.109454
-0.121955
-0.133998
-0.145279
-0.155968
-0.166004
-0.175326
-0.183875
-0.191423
-0.198094
-0.203842
-0.208627
-0.212412
-0.215084
-0.216701
-0.217246
-0.216702
-0.215062
-0.212338
-0.208517
-0.203608
-0.197624
-0.190586
-0.182645
-0.173706
-0.163807
-0.152988
-0.141299
-0.12901
-0.115958
-0.102205
-0.0878141
-0.0728555
-0.0576897
-0.042103
-0.0261726
-0.00997773
0.00640061
0.0225572
0.0387326
0.0548435
0.0708066
0.0865384
0.10164
0.116346
0.130578
0.144259
0.157314
0.1694
0.180719
0.191206
0.2008
0.209444
0.216898
0.223303
0.228617
0.232803
0.23583
0.237596
0.23816
0.237508
0.235634
0.232539
0.22827
0.2228
0.216147
0.208335
0.199397
0.189527
0.17861
0.166695
0.153834
0.140086
0.125769
0.110693
0.0949282
0.0785494
0.0616344
0.0445826
0.0271587
0.00944739
-0.00846455
-0.0264894
-0.0441965
-0.0618415
-0.0793381
-0.096601
-0.113546
-0.129765
-0.145502
-0.160678
-0.175216
-0.189045
-0.201832
-0.213778
-0.224825
-0.234921
-0.244015
-0.25189
-0.25868
-0.264355
-0.268888
-0.272258
-0.274386
-0.275327
-0.275079
-0.273646
-0.271039
-0.267322
-0.262471
-0.256513
-0.249481
-0.241413
-0.232507
-0.222658
-0.211919
-0.200349
-0.188009
-0.175198
-0.161752
-0.147741
-0.133238
-0.118319
-0.103342
-0.0881032
-0.0726783
-0.0571453
-0.041582
-0.0263591
-0.011259
0.00364518
0.0182827
0.0325857
0.0462198
0.0593922
0.0720432
0.0841162
0.0955586
0.106108
0.115936
0.125006
0.133285
0.140743
0.147217
0.152825
0.157552
0.161388
0.16433
0.166323
0.167426
0.167646
0.166996
0.165496
0.163197
0.160094
0.156217
0.151598
0.146271
0.140377
0.133855
0.126748
0.119102
0.110966
0.102542
0.0937262
0.0845674
0.075117
0.0654268
0.0557324
0.0459011
0.0359829
0.0260267
0.0160803
0.00637737
-0.00322439
-0.0126821
-0.0219547
-0.0310036
-0.0396235
-0.0479493
-0.0559495
-0.0635948
-0.0708594
-0.0775864
-0.0838906
-0.0897562
-0.0951703
-0.100123
-0.104517
-0.108438
-0.111885
-0.114857
-0.11736
-0.119355
-0.120892
-0.121981
-0.122634
-0.122865
-0.122693
-0.122132
-0.121202
-0.119919
-0.118303
-0.116412
-0.114231
-0.111785
-0.109098
-0.106194
-0.103155
-0.0999447
-0.0965846
-0.0930973
-0.0895056
-0.0859033
-0.0822395
-0.0785336
-0.0748038
-0.0710676
-0.0674156
-0.0637909
-0.0602088
-0.0566828
-0.0532239
-0.0499081
-0.0466758
-0.0435338
-0.0404889
-0.0375469
-0.0347691
-0.0321027
-0.0295497
-0.027111
-0.0247872
-0.0226219
-0.020571
-0.0186328
-0.0168047
-0.0150829
-0.0134951
-0.0120047
-0.0106076
-0.00929988
-0.00807764
-0.00695963
-0.00591782
-0.00494696
-0.00404173
-0.00319711
-0.00242547
-0.00170573
-0.00103408
-0.000406877
0.000179222
0.000714144
0.00121351
0.00167943
0.00211354
0.00251705
0.00288023
0.00321243
0.00351184
0.00377685
0.00400546
0.00418812
0.00433004
0.004429
0.00448286
0.00448962
0.00444465
0.00434925
0.00420195
0.00400132
0.00374591
0.00343823
0.00307364
0.00265197
0.00217368
0.00163972
0.00106324
0.000433267
-0.00024871
-0.0009807
-0.00175985
-0.0025618
-0.00340304
-0.00427847
-0.00518285
-0.00611093
-0.00702952
-0.00796146
-0.00890009
-0.00983819
-0.0107683
-0.0116514
-0.0125142
-0.0133502
-0.0141527
-0.014915
-0.0155981
-0.0162296
-0.0168041
-0.0173168
-0.0177636
-0.0181125
-0.0183907
-0.0185953
-0.0187238
-0.0187748
-0.0187257
-0.018601
-0.0184022
-0.0181308
-0.0177891
-0.0173658
-0.0168795
-0.0163346
-0.0157365
-0.0150909
-0.0143977
-0.01367
-0.0129135
-0.0121344
-0.0113388
-0.010533
-0.00972424
-0.00891931
-0.00812488
-0.00734721
-0.00659487
-0.00586987
-0.00517706
-0.00452077
-0.0039048
-0.00333558
-0.00281155
-0.00233457
-0.00190577
-0.0015255
-0.00119551
-0.000911935
-0.000673219
-0.000477186
-0.000321041
-0.000202005
-0.000115124
-5.61943e-05
-2.06484e-05
-3.64183e-06
0
0
0
0
0
0
0
0
0
0
0
0
0
0
0
0
0
0
0
0
0
0
0
0
0
0
0
0
0
0
0
0
0
0
0
0
0
0
0
0
0
0
0
0
0
0
0
0
0
0
0
0
0
0
0
0
0
0
0
0
0
0
0
0
0
0
0
0
0
0
0
0
0
0
0
0
0
0
0
0
0
0
0
0
0
0
0
0
0
0
0
0
0
0
0
0
0
0
0
0
0
0
0
0
0
0
0
0
0
0
0
0
0
0
0
0
0
0
0
0
0
0
0
0
0
0
0
0
0
0
0
0
0
0
0
0
0
0
0
0
0
0
0
0
0
0
0
0
0
0
0
0
0
0
0
0
0
0
0
0
0
0
0
0
0
0
0
0
0
0
0
0
0
0
0
0
0
0
0
0
0
0
0
0
0
0
0
0
0
0
0
0
0
0
0
0
0
0
0
0
0
0
0
0
0
0
0
0
0
0
0
0
0
0
0
0
0
0
0
0
0
0
0
0
0
0
0
0
0
0
0
0
0
0
0
0
0
0
0
0
0
0
0
0
0
0
0
0
0
0
0
0
0
0
0
0
0
0
0
0
0
0
0
0
0
0
0
0
0
0
0
0
0
0
0
0
0
0
0
0
0
0
0
0
0
0
0
0
0
0
0
0
0
0
0
0
0
0
0
0
0
0
0
0
0
0
0
0
0
0
0
0
0
0
0
0
0
0
0
0
0
0
0
0
0
0
0
0
0
0
0
0
0
0
0
0
0
0
0
0
0
0
0
0
0
0
0
0
0
0
0
0
0
0
0
0
0
0
0
0
0
0
0
0
0
0
0
0
0
0
0
0
0
0
0
0
0
0
0
0
0
0
0
0
