0
0
0
0
0
0
0
0
0
0
0
0
0
0
0
0
0
0
0
0
0
0
0
0
0
0
0
0
0
0
0
0
0
0
0
0
0
0
0
0
0
0
0
0
0
0
0
0
0
0
0
0
0
0
0
0
0
0
0
0
0
0
0
-1.13113e-07
-6.10658e-06
-2.23289e-05
-5.0172e-05
-9.08014e-05
-0.000145124
-0.000213759
-0.000297015
-0.000394876
-0.000506984
-0.000632634
-0.00077077
-0.000919987
-0.00107854
-0.00124435
-0.00141502
-0.00158787
-0.00175996
-0.00192812
-0.00208899
-0.00223909
-0.00237486
-0.00249272
-0.00258913
-0.00266061
-0.00270386
-0.00271575
-0.00269338
-0.00263417
-0.00253584
-0.00239652
-0.00221476
-0.0019896
-0.00172057
-0.00140779
-0.0010519
-0.000654185
-0.000216485
0.000258773
0.000768611
0.00130952
0.00187747
0.00246796
0.00307601
0.00369619
0.0043227
0.00494939
0.00556983
0.00617733
0.00676502
0.00732595
0.00785317
0.00833986
0.00877946
0.00916573
0.00949289
0.00975556
0.00994888
0.0100685
0.0101106
0.0100722
0.00995088
0.00974529
0.00945482
0.00907978
0.00862141
0.0080818
0.0074639
0.00677148
0.00600899
0.00518159
0.0042951
0.00335598
0.00237133
0.00134892
0.000297027
-0.000775636
-0.00186008
-0.0029472
-0.00402784
-0.00509293
-0.00613347
-0.00714064
-0.00810587
-0.0090209
-0.00987788
-0.0106695
-0.0113888
-0.0120298
-0.0125868
-0.0130554
-0.0134375
-0.0137325
-0.0139384
-0.0140538
-0.0140775
-0.0140094
-0.0138498
-0.0135997
-0.0132609
-0.0128359
-0.0123275
-0.0117393
-0.0110754
-0.0103406
-0.00954017
-0.00867989
-0.00776605
-0.00680525
-0.00580435
-0.00477048
-0.0037111
-0.00263395
-0.00154701
-0.000458384
0.000623889
0.00169193
0.00273805
0.00375479
0.00473482
0.00567099
0.00655638
0.00738439
0.00814889
0.00884422
0.00946527
0.0100074
0.0104665
0.0108389
0.0111216
0.011312
0.0114081
0.0114089
0.0113137
0.0111225
0.0108361
0.0104559
0.00998419
0.00942375
0.00877825
0.00805196
0.00724982
0.00637726
0.00544022
0.00444506
0.00339853
0.0023078
0.0011804
2.43088e-05
-0.00115216
-0.00234041
-0.00353167
-0.00471721
-0.00588838
-0.00703672
-0.00815397
-0.00923202
-0.0102629
-0.011239
-0.0121528
-0.0129971
-0.0137653
-0.0144513
-0.0150494
-0.0155548
-0.0159631
-0.0162706
-0.0164742
-0.0165714
-0.0165602
-0.0164394
-0.0162083
-0.0158674
-0.0154174
-0.0148602
-0.0141981
-0.013434
-0.0125712
-0.0116138
-0.0105663
-0.00943416
-0.00822339
-0.00694066
-0.0055931
-0.00418823
-0.00273396
-0.0012385
0.000289557
0.0018414
0.00340809
0.00498069
0.0065503
0.00810798
0.00964472
0.0111513
0.0126185
0.014037
0.0153982
0.0166936
0.0179156
0.0190569
0.0201105
0.0210699
0.0219287
0.0226809
0.0233215
0.0238457
0.0242497
0.02453
0.024684
0.0247095
0.0246053
0.024371
0.024007
0.0235149
0.0228967
0.0221555
0.0212948
0.0203192
0.0192337
0.0180443
0.0167574
0.0153798
0.0139188
0.0123822
0.0107783
0.00911596
0.00740465
0.00565416
0.00387458
0.00207617
0.000269333
-0.00153538
-0.00332728
-0.00509566
-0.00682989
-0.00851963
-0.0101548
-0.0117258
-0.0132232
-0.0146379
-0.0159614
-0.0171856
-0.0183029
-0.0193067
-0.0201907
-0.0209493
-0.0215776
-0.0220709
-0.0224257
-0.0226391
-0.0227092
-0.0226352
-0.0224168
-0.0220549
-0.0215508
-0.0209068
-0.0201261
-0.0192123
-0.0181704
-0.0170057
-0.0157245
-0.0143341
-0.0128423
-0.0112581
-0.009591
-0.00785144
-0.00605029
-0.00419884
-0.00230871
-0.000391853
0.00153954
0.00347313
0.00539658
0.00729768
0.00916439
0.0109849
0.0127475
0.0144407
0.0160534
0.0175746
0.0189942
0.0203027
0.0214913
0.0225521
0.0234776
0.0242618
0.024899
0.0253851
0.0257167
0.0258917
0.0259088
0.0257679
0.0254697
0.025016
0.0244099
0.0236551
0.0227565
0.0217199
0.020552
0.0192605
0.0178541
0.0163424
0.0147357
0.013045
0.0112815
0.00945694
0.00758327
0.00567297
0.00373892
0.0017943
-0.000147585
-0.00207349
-0.00397024
-0.00582478
-0.00762407
-0.00935522
-0.0110056
-0.0125632
-0.0140165
-0.0153553
-0.0165696
-0.0176503
-0.0185891
-0.0193782
-0.0200109
-0.0204816
-0.020786
-0.020921
-0.0208843
-0.0206746
-0.0202915
-0.0197359
-0.0190095
-0.0181156
-0.0170587
-0.0158442
-0.0144785
-0.0129689
-0.0113238
-0.00955253
-0.00766543
-0.00567362
-0.00358879
-0.0014231
0.000810853
0.00309998
0.00543065
0.00778883
0.0101602
0.0125306
0.0148856
0.0172114
0.0194938
0.0217187
0.023872
0.02594
0.0279097
0.0297687
0.0315056
0.0331097
0.034571
0.0358801
0.0370287
0.0380096
0.0388169
0.039446
0.0398933
0.0401562
0.0402329
0.0401228
0.0398265
0.0393462
0.0386851
0.0378476
0.0368389
0.0356645
0.034331
0.0328457
0.0312172
0.029455
0.0275697
0.0255722
0.0234738
0.0212861
0.0190213
0.0166919
0.0143108
0.0118917
0.00944781
0.0069927
0.00453962
0.00210184
-0.000307413
-0.00267496
-0.00498793
-0.00723399
-0.00940153
-0.0114796
-0.013458
-0.0153267
-0.0170764
-0.0186983
-0.0201845
-0.021528
-0.0227229
-0.0237643
-0.024648
-0.0253706
-0.0259296
-0.0263232
-0.026551
-0.0266131
-0.0265111
-0.0262472
-0.0258244
-0.0252467
-0.0245188
-0.0236462
-0.0226354
-0.0214932
-0.0202271
-0.0188451
-0.0173557
-0.0157679
-0.0140913
-0.012336
-0.0105121
-0.00863013
-0.00670055
-0.00473388
-0.00274079
-0.000732015
0.00128169
0.00328976
0.00528189
0.00724811
0.00917877
0.0110645
0.0128961
0.014665
0.0163629
0.0179822
0.0195161
0.0209582
0.0223029
0.023545
0.02468
0.0257039
0.0266136
0.0274066
0.028081
0.0286358
0.0290704
0.0293848
0.0295799
0.0296571
0.0296185
0.0294665
0.0292042
0.0288351
0.0283632
0.0277931
0.02713
0.0263795
0.0255476
0.0246403
0.023664
0.0226253
0.0215308
0.0203874
0.0192022
0.0179822
0.0167344
0.0154657
0.014183
0.0128931
0.0116028
0.0103186
0.00904688
0.00779347
0.00656402
0.00536391
0.00419833
0.00307228
0.00199045
0.000957112
-2.39067e-05
-0.000949258
-0.00181598
-0.00262147
-0.00336346
-0.0040401
-0.00465001
-0.00519225
-0.00566627
-0.00607173
-0.00640852
-0.00667681
-0.00687714
-0.00701064
-0.00707894
-0.0070841
-0.00702833
-0.00691386
-0.00674287
-0.00651765
-0.00624083
-0.00591545
-0.00554496
-0.00513303
-0.0046833
-0.00419928
-0.00368437
-0.00314202
-0.00257579
-0.00198943
-0.0013867
-0.000771213
-0.000146346
0.000484729
0.0011189
0.001753
0.00238376
0.00300795
0.00362259
0.00422504
0.00481306
0.00538467
0.00593796
0.00647104
0.00698197
0.00746896
0.00793046
0.00836522
0.0087723
0.009151
0.00950075
0.00982119
0.0101121
0.0103736
0.0106057
0.0108089
0.0109835
0.0111298
0.0112482
0.0113395
0.0114045
0.0114444
0.0114604
0.0114537
0.0114256
0.011377
0.011309
0.0112224
0.0111185
0.0109987
0.0108644
0.010717
0.0105579
0.0103883
0.0102093
0.0100218
0.00982695
0.00962561
0.0094188
0.00920752
0.0089927
0.00877524
0.00855591
0.00833534
0.008114
0.0078923
0.00767058
0.0074492
0.00722857
0.00700905
0.00679094
0.00657443
0.00635955
0.00614624
0.00593439
0.00572393
0.0055148
0.00530699
0.00510047
0.00489517
0.00469102
0.00448793
0.00428579
0.00408451
0.00388396
0.00368399
0.00348445
0.00328523
0.00308631
0.00288781
0.00268996
0.00249304
0.00229735
0.00210313
0.00191057
0.00171984
0.00153114
0.00134473
0.001161
0.000980424
0.000803534
0.00063089
0.000463056
0.000300595
0.000144071
-5.94441e-06
-0.000148861
-0.000284078
-0.000410985
-0.000528972
-0.000637424
-0.000735723
-0.000823243
-0.000899352
-0.000963427
-0.00101488
-0.00105316
-0.0010778
-0.00108837
-0.00108451
-0.00106585
-0.00103207
-0.00098289
-0.000918057
-0.000837407
-0.000740847
-0.000628343
-0.000499917
-0.000355643
-0.000195667
-2.02289e-05
0.000170328
0.000375582
0.000595079
0.000828378
0.00107505
0.00133465
0.00160661
0.00189019
0.00218413
0.00248614
0.00279451
0.00310758
0.00342375
0.0037414
0.00405879
0.00437403
0.00468505
0.00498971
0.005286
0.00557204
0.0058462
0.00610699
0.00635294
0.00658258
0.00679441
0.00698697
0.0071589
0.00730901
0.00743627
0.00753984
0.00761907
0.0076735
0.00770294
0.00770748
0.00768742
0.00764325
0.00757551
0.00748478
0.00737171
0.00723706
0.00708182
0.00690723
0.00671473
0.00650587
0.00628223
0.00604542
0.00579701
0.00553867
0.00527212
0.00499917
0.00472163
0.00444129
0.00415985
0.00387893
0.0036001
0.00332486
0.00305471
0.00279104
0.00253513
0.00228812
0.00205097
0.0018245
0.00160945
0.00140642
0.00121598
0.00103854
0.000874444
0.000723842
0.000586756
0.000463067
0.000352535
0.000254824
0.000169508
9.60834e-05
3.39709e-05
-1.74849e-05
-5.90075e-05
-9.13768e-05
-0.000115414
-0.000131962
-0.000141875
-0.000146002
-0.000145182
-0.000140239
-0.000131973
-0.000121157
-0.000108519
-9.47402e-05
-8.0445e-05
-6.61977e-05
-5.25003e-05
-3.97901e-05
-2.84369e-05
-1.87399e-05
-1.09274e-05
-5.15698e-06
-1.51894e-06
-3.91285e-08
0
0
0
0
0
0
0
0
0
0
0
0
0
0
0
0
0
0
0
0
0
0
0
0
0
0
0
0
0
0
0
0
0
0
0
0
0
0
0
0
0
0
0
0
0
0
0
0
0
0
0
0
0
0
0
0
0
0
0
0
0
0
0
0
0
0
0
0
0
0
0
0
0
0
0
0
0
0
0
0
0
0
0
0
0
0
0
0
0
0
0
0
0
0
0
0
0
0
0
0
0
0
0
0
0
0
0
0
0
0
0
0
0
0
0
0
0
0
0
0
0
0
0
0
0
0
0
0
0
0
0
0
0
0
0
0
0
0
0
0
0
0
0
0
0
0
0
0
0
0
0
0
0
0
0
0
0
0
0
0
0
0
0
0
0
0
0
0
0
0
0
0
0
0
0
0
0
0
0
0
0
0
0
0
0
0
0
0
0
0
0
0
0
0
0
0
0
0
0
0
0
6.37575e-07
2.55257e-05
8.94404e-05
0.000195788
0.000347344
0.000546235
0.000793941
0.00109129
0.00143847
0.00183503
0.00227999
0.00277195
0.00330917
0.00388963
0.00451101
0.00517063
0.00586558
0.00659287
0.00734977
0.00813406
0.00894414
0.00977899
0.0106378
0.01152
0.0124252
0.0133534
0.0143059
0.0152849
0.0162933
0.0173349
0.0184135
0.0195335
0.0206997
0.0219179
0.0231947
0.0245371
0.0259523
0.0274468
0.029026
0.0306953
0.0324594
0.0343236
0.0362929
0.038371
0.04056
0.0428596
0.0452688
0.0477846
0.0504021
0.0531149
0.0559141
0.0587905
0.0617336
0.064733
0.067778
0.0708563
0.0739532
0.0770498
0.0801232
0.0831494
0.086105
0.0889692
0.0917234
0.0943491
0.0968256
0.0991299
0.101237
0.103125
0.104775
0.106173
0.107309
0.108166
0.10873
0.108982
0.108905
0.108491
0.107736
0.106643
0.105218
0.103464
0.101386
0.0989852
0.096269
0.0932514
0.0899521
0.0863951
0.082601
0.0785908
0.0743861
0.0700115
0.0654986
0.0609032
0.056259
0.0515859
0.0469018
0.0422252
0.037577
0.0329831
0.0284724
0.0240721
0.019804
0.0156857
0.0117321
0.00796072
0.0043941
0.0010564
-0.00202409
-0.00482764
-0.00734284
-0.00956424
-0.0114916
-0.0131109
-0.0144068
-0.0153619
-0.0159619
-0.0162075
-0.0160936
-0.0156263
-0.0148104
-0.0136465
-0.0121409
-0.0102818
-0.0080722
-0.00552212
-0.00264741
0.000523438
0.00398464
0.00772173
0.0117202
0.0159627
0.0204162
0.025066
0.0298855
0.0348497
0.0399357
0.0451116
0.0503619
0.0556582
0.0609693
0.0662638
0.0715073
0.0766774
0.0817493
0.086698
0.0914974
0.0961229
0.100546
0.104742
0.108689
0.112367
0.115771
0.118871
0.121648
0.124088
0.126178
0.12793
0.129311
0.130312
0.130925
0.131143
0.130998
0.130457
0.129523
0.1282
0.126492
0.12445
0.122034
0.119255
0.116132
0.112683
0.108981
0.104992
0.100731
0.0962143
0.0914632
0.0865563
0.0814765
0.0762609
0.0709443
0.0655564
0.0601641
0.0547491
0.0493374
0.0439603
0.0386538
0.0334776
0.0284454
0.0235889
0.0189358
0.0145113
0.0103327
0.00643288
0.00283792
-0.000425926
-0.003333
-0.00590403
-0.00807182
-0.00981705
-0.0111238
-0.01198
-0.0124624
-0.0124767
-0.0120149
-0.0110701
-0.00963807
-0.00784616
-0.00557604
-0.00284217
0.000337218
0.00394368
0.00780345
0.0120584
0.0166903
0.0216742
0.0269758
0.0323813
0.0380176
0.0438406
0.0498092
0.0558851
0.0618661
0.0678744
0.0738644
0.079787
0.0855918
0.0911013
0.0963953
0.101425
0.106141
0.11049
0.114357
0.117759
0.120651
0.122992
0.124743
0.125889
0.126367
0.126143
0.125189
0.123484
0.121147
0.118038
0.114147
0.109465
0.103984
0.0979401
0.0911012
0.0834837
0.0751115
0.0660124
0.0565509
0.0464212
0.0356573
0.0243009
0.0124026
0.000422874
-0.0119791
-0.0247404
-0.0377969
-0.0510821
-0.0641017
-0.0772034
-0.0903058
-0.103323
-0.11617
-0.128371
-0.140229
-0.15166
-0.162578
-0.172896
-0.182241
-0.190821
-0.198555
-0.205366
-0.211174
-0.215768
-0.219211
-0.221436
-0.222389
-0.222019
-0.220352
-0.217279
-0.212762
-0.206763
-0.199256
-0.190508
-0.180232
-0.168439
-0.155149
-0.140389
-0.124686
-0.107579
-0.0891154
-0.0693528
-0.0483629
-0.0268918
-0.00436298
0.0191307
0.0434909
0.0686119
0.0936187
0.119151
0.145079
0.171268
0.197579
0.223108
0.248476
0.273539
0.298149
0.322154
0.344743
0.366428
0.387062
0.406505
0.424621
0.440826
0.455454
0.46839
0.479524
0.488751
0.495805
0.500766
0.503557
0.504117
0.502402
0.498544
0.492363
0.483849
0.473002
0.459833
0.444862
0.427638
0.408224
0.386697
0.363152
0.338468
0.311974
0.283786
0.254042
0.222892
0.191479
0.159002
0.125637
0.0915605
0.0569507
0.0230343
-0.0110429
-0.045083
-0.0788821
-0.112237
-0.143982
-0.174903
-0.204821
-0.233561
-0.260947
-0.286047
-0.309452
-0.331008
-0.350578
-0.368039
-0.382847
-0.395338
-0.405421
-0.413015
-0.418051
-0.420438
-0.420188
-0.417289
-0.411747
-0.403578
-0.393176
-0.380226
-0.364792
-0.346955
-0.326812
-0.305187
-0.281486
-0.255841
-0.228395
-0.199304
-0.169699
-0.138795
-0.106777
-0.0738364
-0.0401707
-0.00705249
0.0263885
0.0599484
0.0934213
0.126601
0.158265
0.189237
0.219326
0.248343
0.276108
0.30163
0.325566
0.34777
0.368106
0.386451
0.402197
0.415738
0.426985
0.435868
0.442331
0.44624
0.447672
0.44662
0.443091
0.437107
0.429013
0.418562
0.405827
0.390901
0.373888
0.355552
0.335365
0.313458
0.289981
0.265097
0.239869
0.213587
0.186432
0.158589
0.130244
0.102565
0.0747647
0.0470359
0.0195744
-0.00742609
-0.0328698
-0.0574855
-0.0811006
-0.103547
-0.124662
-0.143603
-0.16092
-0.176484
-0.190182
-0.201914
-0.211233
-0.218417
-0.223403
-0.226141
-0.226601
-0.2248
-0.220706
-0.214332
-0.205707
-0.194871
-0.182299
-0.167643
-0.150989
-0.132437
-0.112102
-0.0908467
-0.0680629
-0.0438911
-0.0184824
0.0080023
0.0344541
0.0616436
0.0893969
0.117535
0.145875
0.173235
0.20042
0.227241
0.253514
0.279062
0.30283
0.325546
0.34706
0.367224
0.385894
0.402294
0.416939
0.429715
0.440522
0.449275
0.455612
0.459761
0.46168
0.46134
0.45873
0.453967
0.44695
0.437702
0.426258
0.412663
0.397485
0.380288
0.361159
0.340198
0.317521
0.294079
0.269173
0.242939
0.215524
0.187082
0.158806
0.129817
0.100274
0.0703378
0.0401739
0.011045
-0.0179756
-0.0467204
-0.0750236
-0.102723
-0.128664
-0.153696
-0.177675
-0.200463
-0.221932
-0.241201
-0.258925
-0.275009
-0.289368
-0.301923
-0.312187
-0.320518
-0.326868
-0.331203
-0.333499
-0.33373
-0.331911
-0.328049
-0.322162
-0.314279
-0.304828
-0.293483
-0.280313
-0.265394
-0.248814
-0.23139
-0.212489
-0.192217
-0.170686
-0.148019
-0.125314
-0.101719
-0.0773559
-0.052347
-0.0268196
-0.00199045
0.0230851
0.0482649
0.0734065
0.0983721
0.121984
0.14517
0.167815
0.189807
0.211033
0.230509
0.249006
0.266423
0.282667
0.297651
0.310703
0.322342
0.332509
0.341149
0.348222
0.353457
0.357066
0.359035
0.359356
0.358032
0.35521
0.350774
0.344752
0.337178
0.328093
0.318021
0.306538
0.29371
0.279609
0.26432
0.248671
0.232009
0.214422
0.196004
0.176855
0.157978
0.138584
0.118784
0.0986886
0.0784076
0.0589738
0.0395622
0.0202738
0.00121056
-0.0175251
-0.0350045
-0.0519614
-0.068306
-0.0839543
-0.0988275
-0.112232
-0.124727
-0.136257
-0.146772
-0.156233
-0.164266
-0.171178
-0.176946
-0.18155
-0.18498
-0.187215
-0.188284
-0.188202
-0.186987
-0.184665
-0.181546
-0.177379
-0.172204
-0.166067
-0.159022
-0.151656
-0.143492
-0.134584
-0.124991
-0.114777
-0.104711
-0.0941672
-0.0832221
-0.0719513
-0.060428
-0.0494769
-0.0384135
-0.0273085
-0.0162341
-0.00526217
0.00484178
0.0147111
0.0242887
0.0335222
0.0423624
0.0502232
0.057598
0.064445
0.0707281
0.0764178
0.0811862
0.0853079
0.0887299
0.0914341
0.0934092
0.0946185
0.0951
0.0948665
0.0939372
0.0923351
0.0903177
0.0876803
0.0844555
0.0806789
0.076391
0.0720751
0.0673348
0.0622212
0.0567854
0.0510785
0.0457071
0.0401577
0.0344859
0.0287462
0.0229914
0.0178391
0.0127513
0.00777136
0.00293789
-0.00171449
-0.00566525
-0.0093903
-0.01286
-0.0160479
-0.0189318
-0.0211493
-0.0230499
-0.0246275
-0.0258819
-0.0268178
-0.0272661
-0.0274239
-0.0273031
-0.0269178
-0.0262853
-0.0254038
-0.0243197
-0.023057
-0.0216395
-0.020091
-0.0185276
-0.0168742
-0.015156
-0.0133972
-0.0116207
-0.0100001
-0.00838967
-0.00680873
-0.00527432
-0.0038019
-0.00256557
-0.00140135
-0.000321939
0.000663323
0.00154817
0.00219818
0.00275869
0.00322644
0.0036
0.00387989
0.00398395
0.00401569
0.00397941
0.0038811
0.00372775
0.0034853
0.00321262
0.0029163
0.00260348
0.0022817
0.00194555
0.00162015
0.00131175
0.00102616
0.000768577
0.000542053
0.000352665
0.000202861
9.41174e-05
2.68768e-05
5.21581e-07
0
0
0
0
0
0
0
0
0
0
0
0
0
0
0
0
0
0
0
0
0
0
0
0
0
0
0
0
0
0
0
0
0
0
0
0
0
0
0
0
0
0
0
0
0
0
0
0
0
0
0
0
0
0
0
0
0
0
0
0
0
0
0
