0
0
0
0
0
0
0
0
0
0
0
0
0
0
0
0
0
0
0
0
0
0
0
0
0
0
0
0
0
0
0
0
0
0
0
0
0
0
0
0
0
0
0
0
0
0
0
0
0
0
0
0
0
0
0
0
0
0
0
0
0
0
0
3.62594e-08
2.6701e-06
1.20895e-05
3.18786e-05
6.54596e-05
0.000116012
0.000186392
0.00027905
0.000395962
0.00053857
0.000707729
0.000903662
0.00112591
0.00137331
0.00164393
0.0019351
0.00224344
0.00256484
0.00289457
0.00322725
0.00355696
0.00387722
0.00418111
0.00446129
0.00471014
0.00491982
0.0050824
0.00518997
0.00523478
0.00520936
0.00510664
0.00492002
0.00464348
0.00427166
0.00379998
0.0032248
0.00254348
0.00175447
0.000857296
-0.000147421
-0.00125795
-0.00247134
-0.0037833
-0.0051881
-0.00667861
-0.0082464
-0.00988196
-0.0115749
-0.0133138
-0.0150867
-0.0168803
-0.0186808
-0.0204735
-0.0222431
-0.0239744
-0.0256519
-0.0272604
-0.0287847
-0.0302097
-0.0315209
-0.0327041
-0.0337462
-0.0346348
-0.0353589
-0.0359083
-0.0362739
-0.036448
-0.0364242
-0.0361979
-0.0357659
-0.035127
-0.034281
-0.0332298
-0.0319765
-0.0305265
-0.0288866
-0.0270657
-0.0250742
-0.022924
-0.0206279
-0.0181997
-0.0156544
-0.0130077
-0.0102766
-0.00747878
-0.00463258
-0.00175665
0.0011303
0.00400964
0.00686298
0.00967249
0.012426
0.0151125
0.0177203
0.0202379
0.022654
0.024958
0.0271394
0.0291886
0.0310967
0.0328557
0.0344586
0.0358994
0.0371729
0.0382745
0.0392005
0.039948
0.0405147
0.0408991
0.0411006
0.0411193
0.0409564
0.040614
0.040095
0.039403
0.0385425
0.0375183
0.036336
0.0350018
0.0335224
0.0319054
0.0301588
0.028291
0.0263108
0.0242273
0.0220501
0.019789
0.0174543
0.0150567
0.0126071
0.0101166
0.00759642
0.0050579
0.00251221
-2.96155e-05
-0.00255673
-0.0050585
-0.00752452
-0.00994454
-0.0123085
-0.0146065
-0.0168289
-0.0189665
-0.0210105
-0.0229526
-0.024785
-0.0265005
-0.0280924
-0.0295546
-0.0308816
-0.0320688
-0.0331118
-0.0340072
-0.0347518
-0.0353434
-0.0357801
-0.036061
-0.036186
-0.0361554
-0.0359705
-0.0356329
-0.0351448
-0.034509
-0.033729
-0.0328089
-0.0317535
-0.0305679
-0.0292578
-0.027829
-0.0262879
-0.024641
-0.0228955
-0.0210589
-0.0191393
-0.0171449
-0.0150845
-0.0129668
-0.0108009
-0.00859611
-0.00636171
-0.00410726
-0.00184236
0.000423296
0.00267993
0.00491766
0.00712653
0.00929666
0.0114183
0.0134819
0.0154783
0.0173986
0.0192343
0.0209775
0.0226205
0.0241564
0.0255786
0.0268811
0.028058
0.0291043
0.030015
0.0307858
0.0314135
0.0318952
0.0322293
0.0324145
0.0324503
0.0323371
0.0320755
0.0316673
0.0311149
0.0304214
0.0295909
0.0286276
0.0275366
0.0263232
0.0249938
0.0235554
0.0220154
0.020382
0.0186637
0.0168692
0.0150075
0.0130877
0.0111194
0.00911275
0.00707781
0.00502502
0.00296479
0.000907535
-0.00113634
-0.00315646
-0.00514254
-0.00708441
-0.00897218
-0.0107962
-0.0125473
-0.0142165
-0.015795
-0.0172746
-0.0186473
-0.0199056
-0.0210427
-0.0220527
-0.0229305
-0.0236715
-0.0242721
-0.0247293
-0.0250405
-0.0252038
-0.0252181
-0.0250826
-0.0247977
-0.0243647
-0.0237856
-0.0230636
-0.0222027
-0.0212077
-0.020084
-0.0188379
-0.0174759
-0.0160056
-0.014435
-0.0127727
-0.0110276
-0.00920918
-0.00732736
-0.00539238
-0.00341494
-0.00140603
0.000623132
0.00266132
0.00469739
0.00672041
0.00871961
0.0106844
0.0126044
0.0144694
0.0162694
0.0179948
0.0196365
0.0211856
0.0226336
0.0239727
0.0251955
0.0262951
0.0272656
0.028102
0.0287998
0.0293558
0.0297673
0.0300323
0.0301498
0.0301189
0.0299398
0.0296133
0.0291407
0.0285246
0.0277682
0.0268755
0.0258516
0.0247019
0.0234325
0.0220502
0.0205621
0.0189761
0.0173006
0.0155445
0.0137173
0.0118287
0.00988852
0.00790707
0.00589471
0.00386209
0.00182005
-0.000220458
-0.00224848
-0.00425318
-0.00622393
-0.0081503
-0.0100221
-0.0118295
-0.013563
-0.0152133
-0.0167718
-0.0182302
-0.0195807
-0.0208157
-0.0219284
-0.0229123
-0.0237619
-0.0244722
-0.0250392
-0.0254598
-0.0257316
-0.0258531
-0.0258234
-0.0256426
-0.0253114
-0.0248312
-0.0242041
-0.0234329
-0.0225207
-0.0214715
-0.0202902
-0.0189822
-0.0175538
-0.0160117
-0.0143636
-0.0126172
-0.0107811
-0.00886397
-0.00687533
-0.00482498
-0.00272316
-0.000580307
0.00159301
0.00378622
0.00598877
0.00819011
0.0103797
0.012547
0.0146815
0.0167728
0.0188107
0.0207853
0.022687
0.0245064
0.0262346
0.0278629
0.0293832
0.0307879
0.0320701
0.0332234
0.0342422
0.0351218
0.0358582
0.036448
0.036889
0.0371797
0.0373194
0.0373084
0.0371477
0.036839
0.0363848
0.0357882
0.035053
0.034184
0.0331863
0.0320657
0.0308286
0.0294819
0.0280328
0.026489
0.0248588
0.0231507
0.0213737
0.0195368
0.0176492
0.0157203
0.0137597
0.0117769
0.00978188
0.00778427
0.00579375
0.00381979
0.0018716
-4.1878e-05
-0.00191191
-0.00373004
-0.00548815
-0.00717851
-0.00879387
-0.0103274
-0.0117727
-0.0131239
-0.0143755
-0.0155227
-0.0165613
-0.0174878
-0.0182995
-0.0189942
-0.01957
-0.0200258
-0.0203608
-0.0205749
-0.0206689
-0.0206444
-0.0205035
-0.0202487
-0.019883
-0.0194099
-0.0188329
-0.0181564
-0.017385
-0.016524
-0.0155789
-0.0145557
-0.0134606
-0.0123002
-0.0110811
-0.00981031
-0.00849455
-0.00714074
-0.00575572
-0.00434641
-0.00291992
-0.0014835
-4.4461e-05
0.00139005
0.00281321
0.00421868
0.00560047
0.00695286
0.00827022
0.00954699
0.0107777
0.0119574
0.0130814
0.0141455
0.0151463
0.0160804
0.0169452
0.017738
0.0184568
0.0191001
0.0196667
0.0201559
0.0205671
0.0209001
0.021155
0.0213324
0.0214334
0.0214596
0.021413
0.0212959
0.0211106
0.0208595
0.0205455
0.0201715
0.0197409
0.0192574
0.0187248
0.0181471
0.0175281
0.0168718
0.0161823
0.0154638
0.0147208
0.0139577
0.0131789
0.0123884
0.0115904
0.0107887
0.00998733
0.00919029
0.00840141
0.00762429
0.00686223
0.00611819
0.00539488
0.00469492
0.00402083
0.00337504
0.00275978
0.00217696
0.00162814
0.00111455
0.000637157
0.000196777
-0.000205885
-0.00057026
-0.000895976
-0.00118291
-0.00143121
-0.00164123
-0.00181346
-0.00194847
-0.00204686
-0.00210939
-0.00213694
-0.00213064
-0.00209184
-0.00202202
-0.00192276
-0.00179563
-0.0016422
-0.001464
-0.00126265
-0.00103978
-0.000797067
-0.000536204
-0.000258825
3.34818e-05
0.00033915
0.00065659
0.000984159
0.00132018
0.00166301
0.00201109
0.002363
0.00271744
0.00307317
0.00342899
0.00378363
0.0041358
0.00448425
0.00482784
0.00516555
0.00549652
0.00582
0.00613528
0.00644166
0.0067384
0.00702479
0.00730013
0.00756383
0.00781541
0.00805455
0.008281
0.00849458
0.00869509
0.00888231
0.00905597
0.00921584
0.00936176
0.00949367
0.0096116
0.00971562
0.00980577
0.00988204
0.0099444
0.00999285
0.0100275
0.0100484
0.0100558
0.01005
0.0100309
0.00999878
0.00995365
0.00989577
0.00982551
0.00974334
0.00964968
0.00954494
0.00942939
0.0093033
0.00916697
0.00902077
0.00886517
0.00870062
0.00852756
0.00834639
0.00815752
0.00796144
0.00775873
0.00755006
0.0073361
0.0071175
0.00689487
0.00666889
0.00644031
0.00621
0.00597888
0.00574781
0.00551752
0.00528871
0.00506207
0.00483841
0.00461871
0.00440396
0.00419503
0.00399258
0.00379706
0.00360886
0.00342847
0.0032566
0.00309409
0.00294174
0.00280011
0.00266945
0.00254985
0.00244142
0.00234443
0.00225939
0.00218683
0.00212716
0.00208048
0.00204666
0.00202543
0.0020166
0.00202005
0.00203572
0.00206339
0.00210263
0.00215284
0.00221335
0.00228364
0.0023634
0.00245237
0.00255027
0.00265652
0.00277029
0.00289061
0.00301652
0.00314725
0.0032822
0.00342031
0.00355939
0.00369839
0.00383621
0.00397178
0.00410409
0.00423224
0.0043554
0.00447271
0.00458333
0.00468646
0.00478139
0.00486757
0.00494454
0.00501185
0.00506905
0.00511567
0.00515133
0.00517579
0.00518896
0.00519092
0.00518178
0.00516165
0.00513066
0.00508899
0.00503697
0.00497505
0.00490376
0.00482362
0.00473512
0.00463866
0.00453468
0.00442372
0.00430637
0.0041833
0.00405517
0.00392258
0.00378613
0.00364644
0.0035042
0.00336015
0.003215
0.00306941
0.00292391
0.00277899
0.0026351
0.00249274
0.00235241
0.00221464
0.00207987
0.00194843
0.00182062
0.00169669
0.00157691
0.00146155
0.00135087
0.00124504
0.00114413
0.00104817
0.000957154
0.000871116
0.000790101
0.000714135
0.000643183
0.000577135
0.000515818
0.000459045
0.000406645
0.000358474
0.000314394
0.000274251
0.000237851
0.000204977
0.000175399
0.000148904
0.000125298
0.000104399
8.60238e-05
6.99842e-05
5.60853e-05
4.41368e-05
3.39613e-05
2.53978e-05
1.83005e-05
1.25357e-05
7.98251e-06
4.53407e-06
2.10101e-06
6.12458e-07
1.57396e-08
0
0
0
0
0
0
0
0
0
0
0
0
0
0
0
0
0
0
0
0
0
0
0
0
0
0
0
0
0
0
0
0
0
0
0
0
0
0
0
0
0
0
0
0
0
0
0
0
0
0
0
0
0
0
0
0
0
0
0
0
0
0
0
0
0
0
0
0
0
0
0
0
0
0
0
0
0
0
0
0
0
0
0
0
0
0
0
0
0
0
0
0
0
0
0
0
0
0
0
0
0
0
0
0
0
0
0
0
0
0
0
0
0
0
0
0
0
0
0
0
0
0
0
0
0
0
0
0
0
0
0
0
0
0
0
0
0
0
0
0
0
0
0
0
0
0
0
0
0
0
0
0
0
0
0
0
0
0
0
0
0
0
0
0
0
0
0
0
0
0
0
0
0
0
0
0
0
0
0
0
0
0
0
0
0
0
0
0
0
0
0
0
0
0
0
0
0
0
0
0
0
1.99566e-07
7.32078e-06
2.34916e-05
4.7044e-05
7.6226e-05
0.000109234
0.00014425
0.000179473
0.000213148
0.00024359
0.000269207
0.000288523
0.000300214
0.000303134
0.000296347
0.000279139
0.00025104
0.000211822
0.00016151
0.000100399
2.90547e-05
-5.16724e-05
-0.000140679
-0.000236615
-0.000337884
-0.000442636
-0.000548724
-0.000653741
-0.000755072
-0.000849976
-0.000935683
-0.00100938
-0.00106819
-0.0011091
-0.0011289
-0.00112425
-0.00109179
-0.00102836
-0.000931146
-0.00079766
-0.000625666
-0.00041298
-0.000157412
0.000143196
0.000490802
0.000886972
0.00133275
0.00182871
0.00237498
0.00297145
0.0036177
0.00431295
0.00505605
0.00584545
0.00667928
0.00755549
0.00847172
0.00942535
0.0104133
0.011432
0.0124775
0.0135453
0.0146312
0.0157312
0.0168414
0.0179576
0.019075
0.0201884
0.0212923
0.0223814
0.0234508
0.0244961
0.0255131
0.0264978
0.0274457
0.0283525
0.0292133
0.030024
0.0307812
0.0314818
0.0321236
0.032704
0.0332207
0.0336717
0.0340554
0.0343709
0.0346175
0.0347949
0.0349029
0.0349413
0.0349114
0.0348297
0.0347033
0.0345343
0.0343247
0.0340757
0.0337888
0.0334648
0.033105
0.0327114
0.0322856
0.0318311
0.0313508
0.0308471
0.0303221
0.0297771
0.0292155
0.0286401
0.0280538
0.0274593
0.0268579
0.026253
0.0256468
0.0250419
0.0244411
0.023846
0.0232604
0.0226866
0.022126
0.02158
0.021049
0.0205357
0.0200419
0.0195691
0.0191187
0.018691
0.0182874
0.017909
0.017557
0.0172328
0.0169377
0.0166722
0.016436
0.0162283
0.0160479
0.0158951
0.015768
0.0156662
0.0155889
0.0155351
0.0155055
0.015496
0.0155053
0.0155322
0.0155756
0.0156383
0.0157155
0.0158057
0.0159072
0.0160187
0.0161438
0.0162774
0.0164186
0.0165668
0.0167204
0.0168832
0.0170479
0.0172128
0.0173772
0.0175405
0.0177084
0.0178751
0.0180404
0.018204
0.0183657
0.0185305
0.018694
0.0188567
0.0190194
0.0191827
0.0193504
0.0195205
0.0196948
0.019875
0.0200633
0.0202616
0.0204715
0.0206946
0.020932
0.0211856
0.0214532
0.0217406
0.0220495
0.0223813
0.0227374
0.0231105
0.0235103
0.0239384
0.0243963
0.0248849
0.0253921
0.02593
0.026498
0.0270952
0.0277206
0.0283571
0.0290201
0.0297084
0.0304196
0.0311512
0.0318816
0.0326263
0.0333825
0.0341467
0.0349151
0.0356647
0.0364089
0.0371421
0.0378589
0.0385537
0.0392054
0.039824
0.0404033
0.0409371
0.0414194
0.0418351
0.0421884
0.0424745
0.0426885
0.042825
0.0428776
0.0428408
0.0427091
0.0424779
0.0421439
0.041715
0.0411786
0.0405327
0.0397755
0.0389052
0.0379434
0.036867
0.0356765
0.0343732
0.0329593
0.0314718
0.02988
0.0281882
0.0264015
0.0245254
0.0226092
0.0206164
0.0185545
0.0164319
0.0142577
0.0120896
0.0098905
0.00767114
0.00544237
0.00321524
0.00104735
-0.00109537
-0.00320014
-0.00525351
-0.00724169
-0.00911299
-0.010892
-0.0125657
-0.0141213
-0.0155466
-0.0168066
-0.0179131
-0.0188552
-0.0196229
-0.0202065
-0.0205942
-0.0207802
-0.0207568
-0.0205178
-0.0200584
-0.0193971
-0.0185093
-0.0173936
-0.016049
-0.0144757
-0.0127219
-0.0107437
-0.00854564
-0.0061342
-0.00351722
-0.000772961
0.00215767
0.00526345
0.00853196
0.0119496
0.0154166
0.0190028
0.022692
0.0264669
0.0303093
0.0341076
0.0379331
0.0417645
0.0455797
0.0493568
0.0529864
0.0565342
0.0599789
0.0632992
0.0664739
0.0694118
0.0721627
0.0747067
0.0770244
0.0790972
0.080865
0.082354
0.0835495
0.0844382
0.0850081
0.0852426
0.0851388
0.0846893
0.0838888
0.0827337
0.0812569
0.0794244
0.0772381
0.0747019
0.0718215
0.0686786
0.0652087
0.0614233
0.0573362
0.0529626
0.048427
0.0436402
0.0386222
0.0333949
0.0279818
0.0225377
0.0169582
0.0112698
0.00549966
-0.000324118
-0.00603568
-0.0117422
-0.0174139
-0.0230211
-0.0285342
-0.033798
-0.0389107
-0.0438444
-0.048571
-0.0530633
-0.0571955
-0.0610432
-0.0645839
-0.0677964
-0.0706606
-0.0730988
-0.0751525
-0.0768068
-0.0780495
-0.0788711
-0.0792564
-0.0792079
-0.0787213
-0.0777937
-0.0764243
-0.074661
-0.0724632
-0.0698398
-0.0668022
-0.0633638
-0.0596352
-0.0555368
-0.0510862
-0.0463033
-0.0412104
-0.0359672
-0.0304639
-0.0247274
-0.0187863
-0.0126704
-0.00656994
-0.000357323
0.00593543
0.0122763
0.0186331
0.0248111
0.0309412
0.0369911
0.0429282
0.0487203
0.0541906
0.0594565
0.0644912
0.0692688
0.0737644
0.0778434
0.0815928
0.0849907
0.0880173
0.0906552
0.0928296
0.0945876
0.095919
0.0968159
0.097273
0.0972867
0.0968573
0.0959866
0.0946776
0.0929354
0.0908256
0.0882993
0.0853686
0.0820486
0.0783566
0.0744222
0.0701537
0.0655717
0.0606985
0.0555583
0.0503266
0.0448819
0.0392528
0.0334682
0.0275578
0.0217193
0.0158151
0.00987633
0.00393422
-0.00198002
-0.00767143
-0.013276
-0.0187658
-0.0241127
-0.0292888
-0.0341261
-0.0387384
-0.0431011
-0.0471916
-0.0509897
-0.0543797
-0.057442
-0.0601614
-0.0625243
-0.0645193
-0.0660956
-0.0672883
-0.0680928
-0.0685058
-0.0685257
-0.0681719
-0.0674281
-0.0662999
-0.0647957
-0.0629259
-0.0607789
-0.0582906
-0.0554746
-0.0523461
-0.0489224
-0.0453468
-0.0415166
-0.0374544
-0.0331835
-0.0287277
-0.0242656
-0.0196674
-0.0149587
-0.0101663
-0.00531759
-0.000604526
0.00410973
0.00879851
0.0134356
0.0179952
0.0223003
0.0264785
0.030506
0.0343599
0.0380178
0.0413385
0.0444224
0.0472517
0.0498101
0.0520836
0.0539874
0.0555831
0.0568616
0.0578148
0.0584362
0.0587053
0.0586356
0.0582268
0.0574811
0.0564026
0.0550394
0.0533573
0.0513659
0.0490766
0.0465028
0.0437534
0.0407503
0.0375104
0.0340519
0.0303936
0.0266886
0.0228242
0.0188216
0.0147026
0.01049
0.00636109
0.00218422
-0.00201773
-0.00622191
-0.0104059
-0.0143918
-0.0183152
-0.022156
-0.0258944
-0.0295109
-0.0328483
-0.0360272
-0.0390314
-0.0418466
-0.04446
-0.0467573
-0.0488312
-0.050672
-0.0522709
-0.0536199
-0.0546568
-0.0554323
-0.0559436
-0.0561892
-0.0561694
-0.0558837
-0.0553373
-0.0545346
-0.0534811
-0.0521837
-0.0507004
-0.0489894
-0.0470605
-0.0449246
-0.0425938
-0.0401777
-0.0375937
-0.0348561
-0.0319797
-0.0289798
-0.0260021
-0.0229327
-0.0197883
-0.0165855
-0.0133409
-0.0102184
-0.0070847
-0.00395452
-0.000842492
0.00223631
0.00511767
0.00793561
0.0106758
0.0133245
0.0158694
0.018166
0.0203374
0.0223747
0.0242702
0.0260164
0.0275042
0.0288311
0.0299923
0.0309835
0.0318011
0.0323802
0.0327816
0.033005
0.033051
0.0329211
0.0326014
0.0321092
0.031447
0.0306175
0.0296241
0.0285031
0.0272275
0.0258029
0.0242352
0.0225308
0.0207721
0.0188901
0.0168921
0.014786
0.01258
0.0103942
0.00812677
0.00578726
0.00338523
0.000930227
-0.00143409
-0.00383308
-0.00625764
-0.00869818
-0.0111446
-0.0134424
-0.0157258
-0.0179852
-0.0202121
-0.0223986
-0.0243981
-0.0263429
-0.0282262
-0.030041
-0.0317803
-0.0333175
-0.0347667
-0.0361224
-0.0373793
-0.0385322
-0.0394871
-0.0403291
-0.0410552
-0.041663
-0.0421507
-0.0424676
-0.042662
-0.0427333
-0.0426809
-0.0425049
-0.0422018
-0.0417773
-0.0412331
-0.0405707
-0.0397912
-0.0389371
-0.0379693
-0.0368907
-0.0357051
-0.0344167
-0.033112
-0.0317129
-0.0302236
-0.0286484
-0.0269921
-0.0253755
-0.0236895
-0.0219401
-0.0201332
-0.0182747
-0.0165065
-0.0146968
-0.0128484
-0.0109728
-0.00908221
-0.00733003
-0.0055835
-0.0038513
-0.00214163
-0.00046276
0.00104562
0.00250743
0.00391412
0.00525748
0.0065299
0.00761918
0.00862689
0.009548
0.010378
0.0111132
0.011681
0.0121513
0.0125233
0.0127966
0.0129711
0.0130171
0.0129678
0.0128263
0.0125972
0.0122856
0.0119033
0.0114494
0.010929
0.0103475
0.00971022
0.00905813
0.00836238
0.00763077
0.00687118
0.00609115
0.00534923
0.00459727
0.00384158
0.00308864
0.00234514
0.00167458
0.00102209
0.00039302
-0.000207914
-0.000776598
-0.00125714
-0.00170309
-0.00211167
-0.00248045
-0.00280742
-0.00305005
-0.0032528
-0.00341554
-0.00353861
-0.00362285
-0.0036421
-0.00362888
-0.00358517
-0.00351312
-0.0034151
-0.00327869
-0.00312393
-0.00295375
-0.00277115
-0.00257912
-0.00237468
-0.00216766
-0.00196068
-0.00175625
-0.00155678
-0.00136354
-0.00117968
-0.00100686
-0.00084639
-0.000699291
-0.000566959
-0.000448979
-0.000345653
-0.000257041
-0.000182934
-0.000123262
-7.65878e-05
-4.20493e-05
-1.86045e-05
-5.06043e-06
-9.38453e-08
0
0
0
0
0
0
0
0
0
0
0
0
0
0
0
0
0
0
0
0
0
0
0
0
0
0
0
0
0
0
0
0
0
0
0
0
0
0
0
0
0
0
0
0
0
0
0
0
0
0
0
0
0
0
0
0
0
0
0
0
0
0
0
