0
0
0
0
0
0
0
0
0
0
0
0
0
0
0
0
0
0
0
0
0
0
0
0
0
0
0
0
0
0
0
0
0
0
0
0
0
0
0
0
0
0
0
0
0
0
0
0
0
0
0
0
0
0
0
0
0
0
0
0
0
0
0
0
0
0
0
0
0
0
0
0
0
0
0
0
0
0
0
0
0
0
0
0
0
0
0
0
0
0
0
0
0
0
0
0
0
0
0
0
0
0
0
0
0
0
0
0
0
0
0
0
0
0
0
0
0
0
0
0
0
0
0
0
0
0
0
0
0
0
0
0
0
0
0
0
0
0
0
0
0
0
0
0
0
0
0
0
0
0
0
0
0
0
0
0
0
0
0
0
0
0
0
0
0
0
0
0
0
0
0
0
0
0
0
0
0
0
0
0
0
0
0
0
0
0
0
0
0
0
0
0
0
0
0
0
0
0
0
0
0
0
0
0
0
0
0
0
0
0
0
0
0
0
0
0
0
0
0
0
0
0
0
0
0
0
0
0
0
0
0
0
0
0
0
0
0
0
0
0
0
0
0
0
0
0
0
0
0
0
0
0
0
0
0
0
0
0
0
0
0
0
0
0
0
0
0
0
0
0
0
0
0
0
0
0
0
0
0
0
0
0
0
0
0
0
0
0
0
0
0
0
0
0
0
0
0
0
0
0
0
0
0
0
0
0
0
0
0
0
0
0
0
0
0
0
0
0
0
0
0
0
-1.60828e-07
-6.50118e-06
-2.26978e-05
-4.93417e-05
-8.66755e-05
-0.000134578
-0.000192555
-0.000259746
-0.000334934
-0.000416559
-0.000502736
-0.000591267
-0.000679657
-0.000765136
-0.000844705
-0.000915194
-0.000973336
-0.00101584
-0.00103942
-0.00104088
-0.00101711
-0.000965136
-0.00088218
-0.00076572
-0.000613549
-0.00042383
-0.000195149
7.34206e-05
0.000382242
0.00073106
0.00111898
0.0015445
0.00200562
0.00249988
0.0030244
0.00357581
0.00415016
0.00474277
0.00534834
0.005961
0.00657457
0.00718268
0.00777886
0.00835652
0.0089089
0.00942912
0.00991025
0.0103455
0.0107285
0.0110529
0.0113129
0.0115029
0.0116178
0.0116529
0.0116043
0.011469
0.0112448
0.0109305
0.0105252
0.0100288
0.00944197
0.00876612
0.00800384
0.0071586
0.00623464
0.0052367
0.00416993
0.00304004
0.00185351
0.000617753
-0.000658999
-0.00196797
-0.00330022
-0.00464694
-0.00599946
-0.00734913
-0.00868714
-0.0100045
-0.0112923
-0.0125418
-0.0137448
-0.0148936
-0.0159807
-0.0169989
-0.0179413
-0.0188015
-0.0195742
-0.0202554
-0.0208422
-0.0213326
-0.0217255
-0.0220289
-0.0222451
-0.0223735
-0.0224141
-0.0223679
-0.0222369
-0.0220236
-0.0217309
-0.0213614
-0.0209176
-0.020402
-0.0198178
-0.0191682
-0.0184571
-0.0176888
-0.0168674
-0.0159972
-0.0150827
-0.0141283
-0.0131388
-0.0121192
-0.0110743
-0.0100088
-0.00892715
-0.00783333
-0.00673131
-0.00562504
-0.0045186
-0.00341618
-0.00232196
-0.00124002
-0.000174202
0.000871926
0.00189514
0.00289252
0.00386147
0.00479957
0.00570453
0.00657406
0.00740588
0.0081978
0.00894782
0.00965431
0.010316
0.0109318
0.0115006
0.0120215
0.0124932
0.0129149
0.0132859
0.0136062
0.0138763
0.0140967
0.0142675
0.0143888
0.0144601
0.014481
0.0144514
0.0143713
0.0142414
0.0140621
0.0138337
0.0135564
0.0132307
0.0128574
0.0124382
0.0119749
0.011469
0.0109218
0.0103336
0.00970456
0.00903471
0.00832484
0.00757644
0.00679164
0.00597279
0.00512217
0.00424188
0.00333386
0.00240015
0.00144293
0.000464531
-0.000532639
-0.00154613
-0.00257332
-0.00361121
-0.00465635
-0.00570491
-0.00675297
-0.00779683
-0.00883318
-0.00985891
-0.0108708
-0.011865
-0.0128371
-0.013782
-0.0146945
-0.0155697
-0.0164031
-0.017191
-0.0179298
-0.0186158
-0.0192453
-0.0198142
-0.0203183
-0.0207535
-0.0211157
-0.0214009
-0.0216054
-0.0217261
-0.0217602
-0.0217057
-0.0215611
-0.0213254
-0.0209972
-0.0205754
-0.0200585
-0.0194453
-0.0187353
-0.0179289
-0.0170279
-0.0160348
-0.0149529
-0.0137857
-0.0125368
-0.0112097
-0.00980828
-0.00833675
-0.0068
-0.00520356
-0.0035536
-0.0018568
-0.000120314
0.00164824
0.00344065
0.00524814
0.00706144
0.00887104
0.0106675
0.0124416
0.0141845
0.0158872
0.0175407
0.0191355
0.0206616
0.0221091
0.0234681
0.0247294
0.0258843
0.0269247
0.0278428
0.0286315
0.0292836
0.0297931
0.0301541
0.0303617
0.030411
0.0302973
0.0300164
0.0295645
0.0289394
0.0281405
0.0271692
0.0260283
0.0247215
0.0232526
0.0216256
0.0198447
0.0179147
0.0158418
0.0136335
0.0112987
0.00884738
0.00628984
0.003637
0.000900133
-0.00190891
-0.00477758
-0.00769257
-0.0106399
-0.0136051
-0.0165731
-0.0195288
-0.0224563
-0.0253398
-0.0281634
-0.0309109
-0.0335665
-0.0361147
-0.0385402
-0.0408284
-0.042965
-0.0449361
-0.0467289
-0.048331
-0.0497313
-0.0509195
-0.0518868
-0.0526247
-0.053126
-0.0533836
-0.0533912
-0.0531434
-0.0526361
-0.0518675
-0.0508376
-0.0495488
-0.0480048
-0.0462103
-0.0441702
-0.0418898
-0.0393758
-0.0366363
-0.0336819
-0.0305258
-0.0271827
-0.0236684
-0.0199989
-0.0161899
-0.0122576
-0.00821885
-0.00409193
0.000103061
0.00434456
0.00861009
0.0128771
0.0171233
0.0213275
0.0254688
0.0295269
0.033481
0.0373103
0.0409933
0.0445083
0.0478346
0.0509525
0.0538441
0.0564934
0.0588863
0.0610093
0.0628497
0.0643951
0.0656337
0.0665552
0.0671514
0.0674166
0.0673478
0.0669442
0.0662064
0.0651362
0.0637364
0.0620108
0.0599648
0.057606
0.0549439
0.0519904
0.0487597
0.0452673
0.0415303
0.0375666
0.0333947
0.0290338
0.024504
0.0198265
0.0150235
0.0101192
0.00513836
0.000107013
-0.0049488
-0.0100033
-0.0150311
-0.0200077
-0.0249091
-0.0297117
-0.0343919
-0.0389267
-0.0432931
-0.0474682
-0.05143
-0.0551572
-0.0586298
-0.0618294
-0.0647397
-0.0673464
-0.0696373
-0.0716022
-0.0732331
-0.0745235
-0.0754692
-0.0760675
-0.0763178
-0.0762212
-0.0757807
-0.0750008
-0.0738879
-0.07245
-0.0706968
-0.0686394
-0.0662905
-0.0636642
-0.0607759
-0.0576421
-0.0542807
-0.0507107
-0.046952
-0.0430253
-0.0389518
-0.0347533
-0.030452
-0.0260703
-0.0216312
-0.0171574
-0.0126716
-0.00819647
-0.00375385
0.000634659
0.00494806
0.00916597
0.0132688
0.0172378
0.0210553
0.0247047
0.0281704
0.031438
0.0344944
0.0373277
0.0399273
0.0422844
0.0443915
0.0462424
0.0478325
0.0491583
0.0502181
0.0510114
0.0515393
0.0518044
0.0518104
0.0515624
0.0510666
0.0503304
0.0493622
0.0481717
0.0467693
0.0451667
0.0433759
0.0414101
0.039283
0.0370091
0.0346032
0.0320806
0.0294566
0.0267466
0.023966
0.0211301
0.0182544
0.0153545
0.0124455
0.00954237
0.00665955
0.00381089
0.00100973
-0.00173112
-0.00439943
-0.00698367
-0.00947309
-0.0118578
-0.0141289
-0.0162781
-0.0182981
-0.0201822
-0.0219248
-0.0235211
-0.0249674
-0.0262608
-0.0273993
-0.0283816
-0.0292074
-0.029877
-0.0303917
-0.0307538
-0.0309661
-0.0310324
-0.0309569
-0.0307446
-0.0304007
-0.0299311
-0.0293425
-0.0286416
-0.0278359
-0.026933
-0.0259406
-0.0248668
-0.0237198
-0.0225079
-0.0212392
-0.0199222
-0.0185651
-0.0171761
-0.0157627
-0.0143323
-0.012893
-0.0114529
-0.0100197
-0.00860058
-0.00720254
-0.00583209
-0.00449544
-0.00319839
-0.00194632
-0.000744153
0.000403705
0.00149333
0.00252132
0.00348475
0.00438123
0.0052089
0.00596638
0.00665277
0.00726755
0.00781062
0.0082823
0.00868333
0.00901491
0.00927862
0.00947639
0.00961041
0.00968305
0.0096969
0.00965477
0.00955969
0.00941485
0.00922358
0.00898925
0.0087153
0.00840519
0.00806246
0.0076907
0.00729352
0.00687447
0.00643696
0.0059843
0.00551967
0.00504617
0.00456687
0.00408473
0.00360258
0.00312303
0.00264846
0.00218107
0.00172286
0.00127567
0.000841182
0.00042087
1.60053e-05
-0.000372325
-0.000743177
-0.00109572
-0.00142926
-0.00174325
-0.00203737
-0.0023115
-0.00256572
-0.00280016
-0.00301503
-0.00321053
-0.00338699
-0.00354486
-0.0036848
-0.00380761
-0.00391416
-0.00400536
-0.00408205
-0.0041451
-0.0041954
-0.00423393
-0.00426171
-0.00427981
-0.00428926
-0.00429106
-0.00428617
-0.00427554
-0.00426008
-0.00424064
-0.004218
-0.0041928
-0.00416563
-0.00413553
-0.00410155
-0.00406399
-0.00402308
-0.00397915
-0.00393235
-0.00388097
-0.00382682
-0.00376996
-0.00371045
-0.00364834
-0.00358242
-0.00351365
-0.00344173
-0.00336632
-0.00328712
-0.0032037
-0.00311597
-0.00302363
-0.00292632
-0.00282372
-0.00271657
-0.00260371
-0.00248512
-0.00236088
-0.00223108
-0.00209794
-0.00195941
-0.00181577
-0.00166747
-0.00151509
-0.00136228
-0.00120669
-0.00104912
-0.000890441
-0.000731578
-0.00057687
-0.0004239
-0.000273823
-0.000127799
1.30235e-05
0.000144403
0.000268586
0.000384448
0.000490893
0.000586911
0.000669185
0.000739663
0.000797707
0.000842787
0.000874488
0.000891062
0.000894126
0.000883783
0.000860332
0.000824257
0.000775644
0.000716015
0.000646345
0.000567776
0.000481614
0.000389295
0.000292455
0.000192793
9.20881e-05
-7.81878e-06
-0.000105109
-0.000197943
-0.000284447
-0.000362804
-0.000431281
-0.000488947
-0.000533816
-0.000564546
-0.000579983
-0.000579186
-0.000563171
-0.000529992
-0.000479443
-0.0004116
-0.000326825
-0.000228545
-0.000115112
1.22564e-05
0.000152052
0.000302489
0.000458109
0.000620015
0.000785795
0.000952892
0.00112105
0.00128714
0.00145356
0.00161933
0.00178337
0.00194461
0.00209914
0.00224867
0.00239206
0.00252821
0.00265598
0.00277256
0.00287854
0.00297285
0.00305448
0.00312244
0.00317568
0.0032135
0.00323511
0.0032398
0.00322693
0.00319761
0.0031497
0.00308283
0.00299671
0.00289113
0.00276952
0.00262838
0.00246788
0.00228831
0.00209009
0.00187894
0.00165033
0.00140502
0.00114389
0.000867933
0.000584588
0.000288717
-1.83723e-05
-0.000335266
-0.000660444
-0.000985495
-0.00131554
-0.00164884
-0.0019836
-0.00231797
-0.00264366
-0.00296515
-0.00328046
-0.00358762
-0.00388463
-0.00416447
-0.0044303
-0.00468029
-0.00491263
-0.00512556
-0.00531446
-0.00548061
-0.0056225
-0.00573871
-0.00582797
-0.00588896
-0.00592083
-0.00592271
-0.00589384
-0.00583366
-0.00574464
-0.00562369
-0.00547078
-0.00528605
-0.0050698
-0.00482832
-0.00455647
-0.00425508
-0.00392523
-0.00356814
-0.0031934
-0.00279441
-0.00237288
-0.00193068
-0.00146982
-0.00100212
-0.000520188
-2.63738e-05
0.000476851
0.000986929
0.00149124
0.00199712
0.00250183
0.00300263
0.00349675
0.00397237
0.0044358
0.00488436
0.0053154
0.00572635
0.00610786
0.00646442
0.00679378
0.00709379
0.00736245
0.00759422
0.00779115
0.00795177
0.00807478
0.00815908
0.0082038
0.0082082
0.0081718
0.00809434
0.0079758
0.00782028
0.00762433
0.00738863
0.00711407
0.00680178
0.0064604
0.00608415
0.00567477
0.00523418
0.00476447
0.00427775
0.00376656
0.00323343
0.00268108
0.00211233
0.0015413
0.000959745
0.000370682
-0.000222849
-0.000817775
-0.0013999
-0.00197729
-0.00254692
-0.00310581
-0.00365102
-0.00417006
-0.00466982
-0.00514763
-0.00560096
-0.00602743
-0.00641788
-0.00677723
-0.00710365
-0.00739548
-0.00765124
-0.00786621
-0.00804275
-0.00817998
-0.00827726
-0.00833419
-0.00835101
-0.00832731
-0.00826334
-0.00815957
-0.00801666
-0.00783963
-0.00762541
-0.00737526
-0.00709066
-0.00677326
-0.00643209
-0.00606193
-0.00566488
-0.00524316
-0.00479911
-0.00434441
-0.00387232
-0.00338542
-0.00288636
-0.00237786
-0.00187267
-0.00136345
-0.000852903
-0.000343697
0.000161508
0.00065058
0.00113051
0.00159888
0.00205333
0.00249163
0.00290381
0.00329571
0.00366546
0.0040113
0.00433165
0.0046198
0.00487986
0.00511078
0.0053117
0.00548192
0.00561862
0.00572367
0.00579689
0.00583825
0.00584795
0.0058272
0.00577571
0.00569417
0.0055834
0.00544438
0.00528181
0.0050933
0.0048802
0.00464398
0.00438623
0.00411434
0.00382434
0.00351802
0.00319721
0.00286381
0.00252662
0.00218072
0.00182811
0.00147079
0.00111073
0.00075696
0.000404235
5.43605e-05
-0.000290889
-0.000629774
-0.000954189
-0.00126897
-0.00157262
-0.00186374
-0.00214105
-0.00239834
-0.00263953
-0.00286366
-0.00306992
-0.00325762
-0.0034231
-0.00356908
-0.00369526
-0.0038014
-0.00388738
-0.0039521
-0.00399673
-0.00402148
-0.00402667
-0.00401272
-0.00398099
-0.0039311
-0.00386368
-0.00377948
-0.00367936
-0.00356684
-0.00344041
-0.00330113
-0.00315004
-0.00298815
-0.00282016
-0.00264351
-0.00245933
-0.00226879
-0.0020731
-0.0018776
-0.00167923
-0.00147907
-0.0012782
-0.00107767
-0.000882671
-0.000690065
-0.000500779
-0.000315676
-0.000135556
3.51845e-05
0.000199448
0.000356531
0.000505783
0.000646643
0.000775885
0.00089593
0.00100649
0.00110731
0.00119812
0.00127696
0.00134535
0.00140322
0.00145059
0.0014876
0.00151382
0.00153008
0.00153654
0.00153338
0.00152081
0.00149945
0.00146933
0.00143092
0.00138471
0.00133121
0.001272
0.00120636
0.00113468
0.0010574
0.000974967
0.000889561
0.000799976
0.000706712
0.000610275
0.000511182
0.000411969
0.000311122
0.000209101
0.000106303
3.0594e-06
-9.82237e-05
-0.000199358
-0.00030001
-0.000399803
-0.000498341
-0.000593233
-0.000686212
-0.000777066
-0.000865648
-0.000951829
-0.00103364
-0.00111272
-0.00118885
-0.00126184
-0.00133151
-0.00139621
-0.00145743
-0.00151513
-0.0015693
-0.00161989
-0.00166569
-0.00170782
-0.00174626
-0.00178095
-0.00181186
-0.00183816
-0.00186064
-0.00187931
-0.00189421
-0.00190537
-0.00191246
-0.00191591
-0.00191571
-0.00191181
-0.00190412
-0.00189261
-0.00187721
-0.00185795
-0.00183491
-0.00180817
-0.0017783
-0.0017448
-0.00170765
-0.00166684
-0.00162242
-0.00157547
-0.00152513
-0.00147153
-0.00141476
-0.00135486
-0.00129327
-0.00122858
-0.00116088
-0.00109034
-0.00101717
-0.000943479
-0.000867619
-0.000789775
-0.000710124
-0.000628867
-0.000548383
-0.000466797
-0.000384394
-0.000301453
-0.000218247
-0.000137305
-5.66781e-05
2.32931e-05
0.000102232
0.00017975
0.000253337
0.000324784
0.000393774
0.000459998
0.000523144
0.000581123
0.000635387
0.000685617
0.000731494
0.000772698
0.000807752
0.000837534
0.000861794
0.000880327
0.000892961
0.000899171
0.000899175
0.000892821
0.000879974
0.000860557
0.000835101
0.000803135
0.000764632
0.000719378
0.000667491
0.00061056
0.00054737
0.000478271
0.00040375
0.000324385
0.000242947
0.000157777
6.9353e-05
-2.18543e-05
-0.000115316
-0.000207775
-0.000301174
-0.000394752
-0.000487776
-0.000579586
-0.000666889
-0.000751881
-0.000833987
-0.000912603
-0.000987138
-0.00105466
-0.0011172
-0.00117439
-0.00122591
-0.00127145
-0.00130888
-0.00133981
-0.00136406
-0.00138155
-0.00139232
-0.00139545
-0.00139217
-0.00138263
-0.00136701
-0.0013455
-0.00131809
-0.00128546
-0.001248
-0.00120615
-0.00116036
-0.0011114
-0.00105938
-0.00100482
-0.000948243
-0.00089018
-0.000831869
-0.000773024
-0.000714103
-0.000655549
-0.000597796
-0.000542121
-0.000487991
-0.000435766
-0.000385753
-0.000338209
-0.000294129
-0.000252829
-0.000214468
-0.000179167
-0.000147003
-0.000118571
-9.31871e-05
-7.07837e-05
-5.12669e-05
-3.45234e-05
-2.0762e-05
-9.43161e-06
-3.61791e-07
6.6391e-06
1.17797e-05
1.51309e-05
1.7098e-05
1.7899e-05
1.77468e-05
1.6846e-05
1.53541e-05
1.34992e-05
1.14422e-05
9.32449e-06
7.26735e-06
5.37137e-06
3.71239e-06
2.34416e-06
1.29598e-06
5.72664e-07
1.55915e-07
3.60533e-09
0
0
0
0
0
0
0
0
0
0
0
0
0
0
0
0
0
0
0
0
0
0
0
0
0
0
0
0
0
0
0
0
0
0
0
0
0
0
0
0
0
0
0
0
0
0
0
0
0
0
0
0
0
0
0
0
0
0
0
0
0
0
0
0
0
0
0
0
0
0
0
0
0
0
0
0
0
0
0
0
0
0
0
0
0
0
0
0
0
0
0
0
0
0
0
0
0
0
0
0
0
0
0
0
0
0
0
0
0
0
0
0
0
0
0
0
0
0
0
0
0
0
0
0
0
0
0
0
0
0
0
0
0
0
0
0
0
0
0
0
0
0
0
0
0
0
0
0
0
0
0
0
0
0
0
0
0
0
0
0
0
0
0
0
0
0
0
0
0
0
0
0
0
0
0
0
0
0
0
0
0
0
0
0
0
0
0
0
0
0
0
0
0
0
0
0
0
0
0
0
0
0
0
0
0
0
0
0
0
0
0
0
0
0
0
0
0
0
0
0
0
0
0
0
0
0
0
0
0
0
0
0
0
0
0
0
0
0
0
0
0
0
0
0
0
0
0
0
0
0
0
0
0
0
0
0
0
0
0
0
0
0
0
0
0
0
0
0
0
0
0
0
0
0
0
0
0
0
0
0
0
0
0
0
0
0
0
0
0
0
0
0
0
0
0
0
0
0
0
0
0
0
0
0
0
0
0
0
0
0
0
0
0
0
0
0
0
0
0
0
0
0
