-0
-0
-0
-0
-0
-0
-0
-0
-0
-0
-0
-0
-0
-0
-0
-0
-0
-0
-0
-0
-0
-0
-0
-0
-0
-0
-0
-0
-0
-0
-0
-0
-0
-0
-0
-0
-0
0
0
0
0
0
0
0
0
0
0
0
0
0
0
0
0
0
0
0
0
0
0
0
0
0
0
7.016e-07
3.54566e-05
0.000121803
0.000257939
0.000441185
0.000668048
0.000934285
0.00123498
0.00156463
0.00191721
0.00228629
0.00266507
0.00304653
0.00342349
0.00378865
0.00413474
0.00445453
0.00474093
0.00498703
0.00518616
0.00533194
0.00541833
0.00543964
0.00539062
0.00526641
0.00506261
0.00477531
0.00440104
0.00393683
0.00338019
0.0027291
0.00198203
0.00113789
0.000196062
-0.000843594
-0.00198077
-0.00321467
-0.00454402
-0.00596703
-0.00748138
-0.00908417
-0.010772
-0.0125406
-0.0143855
-0.0163011
-0.0182814
-0.0203196
-0.0224084
-0.0245395
-0.0267041
-0.0288925
-0.0310945
-0.0332991
-0.0354945
-0.0376683
-0.0398073
-0.0418975
-0.0439245
-0.045873
-0.0477274
-0.0494713
-0.051088
-0.0525608
-0.0538724
-0.0550059
-0.0559443
-0.0566712
-0.0571704
-0.0574267
-0.0574255
-0.0571534
-0.0565979
-0.0557481
-0.0545945
-0.053129
-0.0513456
-0.0492399
-0.0468098
-0.0440553
-0.0409787
-0.0375848
-0.0338811
-0.0298775
-0.0255868
-0.0210244
-0.0162084
-0.0111594
-0.00590058
-0.000457395
0.00514262
0.0108702
0.0167018
0.0226164
0.0285912
0.0346027
0.0406264
0.0466371
0.0526089
0.0585153
0.064329
0.0700225
0.0755676
0.080936
0.086099
0.091028
0.0956946
0.100071
0.104129
0.107843
0.111187
0.114138
0.116672
0.11877
0.120413
0.121584
0.12227
0.122458
0.12214
0.121308
0.119958
0.118088
0.115699
0.112794
0.109378
0.105459
0.101046
0.0961533
0.0907948
0.0849878
0.0787518
0.0721082
0.0650809
0.0576955
0.0499798
0.0419633
0.0336774
0.025155
0.0164307
0.00754029
-0.00147897
-0.0105887
-0.0197495
-0.028921
-0.0380621
-0.0471311
-0.056086
-0.0648845
-0.0734843
-0.0818435
-0.0899208
-0.0976757
-0.105069
-0.112062
-0.11862
-0.124707
-0.130293
-0.135347
-0.139842
-0.143754
-0.147062
-0.149746
-0.151792
-0.153186
-0.153919
-0.153983
-0.153374
-0.152091
-0.150136
-0.147514
-0.144233
-0.140302
-0.135736
-0.130552
-0.124768
-0.118408
-0.111497
-0.104063
-0.0961367
-0.0877522
-0.078945
-0.0697532
-0.0602172
-0.0503788
-0.040282
-0.0299722
-0.019496
-0.00890139
0.00176265
0.0124464
0.0230994
0.0336709
0.04411
0.0543658
0.0643877
0.074126
0.0835318
0.0925575
0.101157
0.109287
0.116904
0.12397
0.130449
0.136306
0.141512
0.146038
0.149863
0.152965
0.155328
0.156939
0.15779
0.157875
0.157191
0.155742
0.153533
0.150572
0.146875
0.142456
0.137337
0.131541
0.125095
0.11803
0.110379
0.102179
0.0934688
0.0842901
0.0746868
0.0647048
0.0543919
0.0437972
0.0329714
0.0219661
0.0108339
-0.000372075
-0.0115982
-0.0227907
-0.0338958
-0.04486
-0.0556303
-0.0661546
-0.0763816
-0.0862615
-0.095746
-0.104789
-0.113345
-0.121373
-0.128834
-0.135691
-0.141909
-0.14746
-0.152314
-0.156449
-0.159844
-0.162481
-0.164348
-0.165434
-0.165733
-0.165242
-0.163964
-0.161903
-0.159068
-0.155472
-0.151131
-0.146066
-0.140301
-0.133864
-0.126786
-0.119102
-0.110849
-0.102069
-0.0928037
-0.0830999
-0.0730051
-0.0625686
-0.0518415
-0.0408761
-0.0297259
-0.018445
-0.00708819
0.00428926
0.0156319
0.0268841
0.0379906
0.0488962
0.0595466
0.0698881
0.0798681
0.0894356
0.0985412
0.107138
0.11518
0.122626
0.129438
0.135578
0.141016
0.145723
0.149675
0.152851
0.155238
0.156821
0.157595
0.157555
0.156704
0.155044
0.152586
0.149341
0.145325
0.140558
0.135062
0.128865
0.121995
0.114486
0.106374
0.0976988
0.0885017
0.0788285
0.0687272
0.0582483
0.0474449
0.0363718
0.0250858
0.0136454
0.00210965
-0.00946126
-0.021007
-0.0324675
-0.0437829
-0.0548947
-0.0657454
-0.0762796
-0.0864437
-0.0961868
-0.105461
-0.114221
-0.122424
-0.130034
-0.137016
-0.143338
-0.148976
-0.153905
-0.15811
-0.161574
-0.16429
-0.166251
-0.167457
-0.16791
-0.167617
-0.166589
-0.16484
-0.162389
-0.159258
-0.155471
-0.151057
-0.146047
-0.140474
-0.134376
-0.12779
-0.120758
-0.113322
-0.105526
-0.0974157
-0.0890368
-0.0804366
-0.0716624
-0.0627621
-0.0537829
-0.044772
-0.0357759
-0.0268402
-0.0180091
-0.0093259
-0.000831918
0.00743313
0.0154315
0.0231276
0.0304881
0.0374822
0.0440813
0.0502599
0.0559948
0.0612659
0.0660557
0.0703496
0.0741361
0.0774064
0.0801546
0.0823779
0.0840759
0.0852514
0.0859097
0.0860587
0.0857091
0.0848736
0.0835678
0.0818089
0.0796166
0.0770123
0.0740193
0.0706622
0.0669672
0.0629618
0.0586743
0.0541338
0.0493703
0.0444139
0.039295
0.0340443
0.028692
0.0232682
0.0178023
0.0123233
0.00685919
0.0014372
-0.00391657
-0.00917712
-0.0143207
-0.0193249
-0.0241687
-0.0288326
-0.0332984
-0.0375497
-0.0415716
-0.0453508
-0.0488756
-0.0521361
-0.0551239
-0.0578323
-0.060256
-0.0623918
-0.0642374
-0.0657926
-0.0670582
-0.0680368
-0.068732
-0.069149
-0.0692938
-0.069174
-0.0687979
-0.068175
-0.0673156
-0.0662308
-0.0649324
-0.063433
-0.0617457
-0.0598839
-0.0578615
-0.0556929
-0.0533923
-0.0509744
-0.0484538
-0.0458451
-0.0431628
-0.0404211
-0.0376343
-0.034816
-0.0319797
-0.0291386
-0.026305
-0.0234912
-0.0207088
-0.0179686
-0.0152811
-0.0126561
-0.0101027
-0.00762929
-0.00524381
-0.0029534
-0.000764592
0.00131672
0.00328525
0.00513632
0.00686581
0.00847016
0.00994632
0.0112918
0.0125045
0.0135828
0.0145257
0.0153325
0.016003
0.0165373
0.0169362
0.0172007
0.0173322
0.0173327
0.0172045
0.0169502
0.0165727
0.0160754
0.0154619
0.0147361
0.0139019
0.0129637
0.0119259
0.0107932
0.0095702
0.00826195
0.00687343
0.00540987
0.00387661
0.0022792
0.000623365
-0.00108497
-0.00283966
-0.00463438
-0.00646255
-0.00831744
-0.0101921
-0.0120794
-0.0139722
-0.015863
-0.0177445
-0.0196093
-0.0214498
-0.0232587
-0.0250286
-0.0267522
-0.0284224
-0.0300323
-0.0315749
-0.0330437
-0.0344324
-0.0357347
-0.0369449
-0.0380575
-0.0390671
-0.039969
-0.0407588
-0.0414325
-0.0419864
-0.0424174
-0.042723
-0.0429011
-0.04295
-0.0428688
-0.0426568
-0.0423144
-0.041842
-0.041241
-0.0405132
-0.0396611
-0.0386878
-0.037597
-0.036393
-0.0350809
-0.033666
-0.0321546
-0.0305533
-0.0288693
-0.0271101
-0.0252838
-0.0233989
-0.0214639
-0.0194878
-0.0174796
-0.0154485
-0.0134037
-0.0113545
-0.00931
-0.00727932
-0.00527144
-0.0032952
-0.00135924
0.000527992
0.00235828
0.00412369
0.00581658
0.00742967
0.00895607
0.0103893
0.0117234
0.0129529
0.0140731
0.0150795
0.0159688
0.016738
0.0173849
0.0179082
0.0183071
0.0185816
0.0187325
0.0187612
0.0186697
0.0184607
0.0181374
0.0177035
0.0171635
0.0165219
0.0157839
0.014955
0.0140411
0.0130482
0.0119828
0.0108514
0.00966085
0.00841797
0.00712978
0.00580331
0.00444563
0.00306374
0.00166462
0.000255097
-0.00115811
-0.00256847
-0.00396968
-0.00535568
-0.0067207
-0.00805928
-0.00936634
-0.0106371
-0.0118674
-0.0130533
-0.0141914
-0.0152788
-0.0163131
-0.0172925
-0.0182155
-0.0190813
-0.0198895
-0.0206401
-0.0213336
-0.0219709
-0.0225534
-0.0230825
-0.0235602
-0.0239886
-0.0243699
-0.0247067
-0.0250017
-0.0252575
-0.0254771
-0.0256633
-0.0258192
-0.0259477
-0.026052
-0.0261348
-0.0261994
-0.0262483
-0.0262845
-0.0263104
-0.0263285
-0.0263408
-0.0263493
-0.0263554
-0.0263604
-0.0263651
-0.02637
-0.0263712
-0.026357
-0.0263263
-0.0262779
-0.0262108
-0.0261235
-0.0260142
-0.0258812
-0.0257224
-0.0255357
-0.025319
-0.02507
-0.0247867
-0.0244668
-0.0241085
-0.0237099
-0.0232694
-0.0227855
-0.0222572
-0.0216838
-0.0210648
-0.0204004
-0.019691
-0.0189377
-0.0181418
-0.0173055
-0.0164313
-0.0155221
-0.0145815
-0.0136134
-0.0126222
-0.0116127
-0.0105898
-0.00955899
-0.00852568
-0.00749558
-0.0064744
-0.00546791
-0.00448177
-0.00352154
-0.00259257
-0.00169997
-0.000848482
-4.25035e-05
0.000714025
0.00141765
0.00206544
0.00265502
0.0031846
0.003653
0.00405961
0.00440444
0.00468807
0.00491164
0.0050768
0.00518572
0.00524101
0.00524568
0.00520311
0.00511697
0.00499121
0.00482999
0.00463759
0.00441845
0.00417701
0.00391773
0.00364504
0.00336325
0.00307652
0.00278884
0.00250395
0.00222531
0.0019561
0.00169911
0.0014568
0.00123121
0.00102397
0.000836308
0.000669004
0.00052242
0.000396496
0.000290767
0.000204376
0.000136103
8.43866e-05
4.73595e-05
2.28806e-05
8.57358e-06
1.86603e-06
3.08087e-08
0
-0
-0
-0
-0
-0
-0
-0
-0
-0
-0
-0
-0
-0
-0
-0
-0
-0
-0
-0
-0
-0
-0
-0
-0
-0
-0
-0
-0
-0
-0
-0
-0
-0
-0
-0
-0
-0
-0
-0
-0
-0
-0
-0
-0
-0
-0
-0
-0
-0
-0
-0
-0
-0
-0
-0
-0
-0
-0
-0
-0
-0
-0
-0
0
0
0
0
0
0
0
0
0
0
0
0
0
0
0
0
0
0
0
0
0
0
0
0
0
0
0
0
0
0
0
0
0
0
0
0
0
0
0
0
0
0
0
0
0
0
0
0
0
0
0
0
0
0
0
0
0
0
0
0
0
0
0
0
0
0
0
0
0
-0
-0
-0
-0
-0
-0
-0
-0
-0
-0
-0
-0
-0
-0
-0
-0
-0
-0
-0
-0
-0
-0
-0
-0
-0
-0
-0
-0
-0
-0
-0
-0
-0
-0
-0
-0
-0
-0
-0
-0
-0
-0
-0
-0
-0
-0
0
0
0
0
0
0
0
0
0
0
0
0
0
0
0
0
0
0
0
0
0
0
1.30806e-08
5.14368e-07
1.77113e-06
3.81153e-06
6.64944e-06
1.02842e-05
1.47007e-05
1.98692e-05
2.57459e-05
3.22733e-05
3.93811e-05
4.69866e-05
5.49961e-05
6.33059e-05
7.18037e-05
8.03699e-05
8.88791e-05
9.72021e-05
0.000105207
0.000112762
0.000119735
0.000125997
0.000131425
0.0001359
0.000139311
0.000141555
0.00014254
0.000142184
0.000140419
0.000137189
0.000132451
0.000126179
0.00011836
0.000109
9.81186e-05
8.57533e-05
7.19579e-05
5.68026e-05
4.03735e-05
2.27719e-05
4.11288e-06
-1.54741e-05
-3.58482e-05
-5.68578e-05
-7.83421e-05
-0.000100134
-0.000122058
-0.000143936
-0.000165585
-0.000186821
-0.000207464
-0.000227329
-0.000246236
-0.00026401
-0.000280481
-0.00029549
-0.000308878
-0.000320503
-0.000330231
-0.000337943
-0.000343536
-0.000346916
-0.00034801
-0.000346759
-0.000343123
-0.00033708
-0.000328622
-0.000317756
-0.000304507
-0.000288915
-0.000271035
-0.000250931
-0.000228685
-0.000204386
-0.000178139
-0.00015006
-0.000120273
-8.89174e-05
-5.61408e-05
-2.21022e-05
1.3031e-05
4.90797e-05
8.58583e-05
0.000123174
0.000160831
0.000198631
0.000236371
0.000273849
0.000310869
0.000347238
0.000382784
0.000417507
0.000451352
0.000484218
0.000516006
0.000546632
0.000576003
0.000604035
0.000630649
0.00065577
0.000679336
0.000701268
0.000721503
0.000739981
0.000756645
0.000771456
0.00078436
0.00079532
0.000804306
0.000811297
0.00081629
0.000819269
0.000820238
0.00081921
0.000816203
0.000811254
0.000804388
0.000795647
0.000785076
0.000772728
0.000758664
0.00074294
0.000725623
0.000706781
0.000686488
0.000664818
0.000641856
0.000617688
0.000592405
0.000566101
0.00053886
0.000510801
0.000482034
0.000452673
0.000422834
0.000392605
0.000362143
0.000331575
0.000301029
0.000270635
0.00024047
0.000210713
0.000181492
0.000152929
0.000125146
9.81912e-05
7.22448e-05
4.74144e-05
2.3803e-05
1.50837e-06
-1.94542e-05
-3.89187e-05
-5.68021e-05
-7.30264e-05
-8.75191e-05
-0.000100291
-0.000111204
-0.000120206
-0.000127252
-0.000132308
-0.000135411
-0.000136488
-0.00013554
-0.000132583
-0.000127647
-0.000120804
-0.000112089
-0.000101579
-8.93664e-05
-7.55552e-05
-6.02334e-05
-4.3561e-05
-2.56774e-05
-6.73122e-06
1.31216e-05
3.3822e-05
5.50988e-05
7.67797e-05
9.86886e-05
0.000120646
0.000142656
0.000164348
0.000185536
0.000206035
0.000225658
0.000244492
0.000262089
0.000278276
0.000292886
0.000305766
0.000317106
0.000326446
0.000333676
0.000338703
0.000341457
0.00034225
0.000340693
0.000336778
0.000330522
0.000321964
0.000311504
0.000298879
0.000284189
0.000267549
0.000249095
0.00022923
0.000207867
0.000185183
0.000161375
0.000136648
0.000111317
8.55172e-05
5.94866e-05
3.3474e-05
7.73533e-06
-1.75983e-05
-4.21314e-05
-6.55972e-05
-8.77287e-05
-0.000108261
-0.000127337
-0.000144299
-0.000158899
-0.000170903
-0.000180089
-0.000186947
-0.00019059
-0.000190845
-0.000187566
-0.000180627
-0.000170898
-0.000157339
-0.000139911
-0.000118602
-9.34368e-05
-6.56316e-05
-3.41169e-05
9.84375e-07
3.95144e-05
8.12815e-05
0.000124842
0.000171167
0.000219978
0.00027097
0.00032381
0.000377036
0.000431386
0.000486471
0.000541881
0.000597192
0.000651167
0.000704153
0.000755693
0.000805314
0.000852542
0.000896611
0.000937324
0.000974207
0.00100679
0.00103461
0.00105763
0.00107503
0.00108641
0.0010914
0.00108969
0.00108215
0.00106736
0.00104511
0.00101524
0.000977643
0.000934226
0.000883004
0.000824014
0.000757343
0.000683129
0.000604205
0.000518161
0.000425282
0.000325903
0.000220416
0.000112322
-9.59908e-07
-0.000118896
-0.000240903
-0.000366343
-0.00049141
-0.000618513
-0.000746892
-0.000875751
-0.00100426
-0.0011288
-0.00125125
-0.00137073
-0.00148632
-0.00159712
-0.00170031
-0.00179691
-0.00188605
-0.00196686
-0.00203852
-0.00209959
-0.00214996
-0.00218892
-0.00221582
-0.00223005
-0.00223201
-0.0022203
-0.00219452
-0.00215435
-0.00209956
-0.0020326
-0.00195079
-0.00185415
-0.0017428
-0.00161693
-0.00148107
-0.00133138
-0.00116837
-0.00099259
-0.000804726
-0.000610965
-0.000406698
-0.000192832
2.96436e-05
0.000259663
0.000489989
0.000725547
0.000965102
0.00120736
0.00145099
0.00168857
0.00192475
0.00215813
0.00238728
0.00261076
0.002822
0.00302476
0.00321765
0.00339933
0.00356849
0.00372043
0.00385741
0.00397832
0.00408211
0.00416782
0.00423344
0.00427933
0.0043048
0.0043093
0.00429236
0.0042552
0.00419602
0.0041147
0.00401127
0.00388586
0.00374304
0.00357889
0.0033939
0.00318871
0.00296407
0.0027276
0.00247354
0.00220296
0.00191706
0.00161714
0.00131309
0.000997863
0.000673004
0.000340124
9.06412e-07
-0.000333652
-0.000671059
-0.00100952
-0.00134723
-0.00168232
-0.00200405
-0.0023195
-0.00262687
-0.00292437
-0.00321026
-0.00347544
-0.00372568
-0.00395942
-0.00417519
-0.00437158
-0.00454246
-0.00469147
-0.00481757
-0.00491979
-0.0049973
-0.00504781
-0.00507234
-0.00507046
-0.00504187
-0.00498642
-0.00490613
-0.00479909
-0.00466558
-0.00450599
-0.00432089
-0.00411649
-0.00388808
-0.00363661
-0.00336316
-0.00306894
-0.00276371
-0.00244045
-0.00210069
-0.00174604
-0.00137823
-0.00100945
-0.000631131
-0.000245184
0.000146442
0.000541755
0.00092765
0.00131322
0.00169645
0.00207537
0.00244799
0.00280192
0.00314576
0.00347768
0.00379594
0.00409888
0.00437641
0.00463557
0.00487499
0.00509343
0.00528975
0.00545744
0.00560111
0.00572001
0.00581352
0.00588116
0.00592077
0.00593392
0.00592053
0.00588064
0.00581443
0.00572433
0.00560865
0.00546793
0.00530287
0.00511427
0.00490884
0.00468183
0.00443435
0.00416765
0.00388307
0.00359077
0.00328351
0.00296284
0.00263038
0.00228782
0.00194744
0.0016004
0.00124842
0.000893249
0.000536636
0.000191454
-0.000151745
-0.000491309
-0.000825612
-0.00115307
-0.00146181
-0.00176071
-0.00204838
-0.0023235
-0.00258479
-0.00282278
-0.00304466
-0.00324943
-0.00343617
-0.00360406
-0.00374708
-0.00386989
-0.00397197
-0.00405292
-0.00411244
-0.00414864
-0.00416312
-0.00415592
-0.00412717
-0.00407712
-0.00400816
-0.00391869
-0.00380924
-0.00368045
-0.00353304
-0.00337327
-0.00319657
-0.00300387
-0.00279621
-0.00257466
-0.00234848
-0.00211075
-0.00186268
-0.00160555
-0.00134065
-0.00107907
-0.000812391
-0.000541969
-0.00026916
4.67331e-06
0.000268053
0.000529787
0.000788581
0.00104316
0.00129228
0.00152546
0.00175082
0.00196728
0.00217379
0.00236935
0.0025457
0.00270932
0.00285941
0.00299528
0.00311627
0.00321727
0.00330235
0.00337113
0.00342329
0.00345863
0.00347571
0.0034758
0.00345893
0.00342525
0.00337498
0.00331046
0.00323004
0.00313419
0.00302344
0.00289842
0.00276479
0.00261832
0.00245979
0.00229008
0.00211009
0.00192805
0.00173771
0.00154009
0.00133627
0.00112737
0.000923023
0.000715829
0.000506903
0.000297372
8.8355e-05
-0.000110321
-0.000306328
-0.000498647
-0.000686292
-0.000868315
-0.00103597
-0.00119628
-0.00134848
-0.00149184
-0.00162571
-0.00174346
-0.00185059
-0.00194666
-0.00203125
-0.00210404
-0.00216118
-0.00220604
-0.00223849
-0.00225846
-0.00226594
-0.00226024
-0.00224225
-0.00221215
-0.00217022
-0.00211676
-0.00205414
-0.00198079
-0.00189718
-0.00180381
-0.00170126
-0.00159447
-0.0014797
-0.00135757
-0.00122877
-0.00109397
-0.000959962
-0.000821377
-0.000678931
-0.000533357
-0.000385404
-0.000242774
-9.92501e-05
4.44346e-05
0.000187548
0.000329362
0.000462243
0.000592438
0.000719299
0.000842204
0.000960559
0.00106776
0.00116936
0.00126491
0.001354
0.00143627
0.0015069
0.00157014
0.00162577
0.00167363
0.00171359
0.00174305
0.00176449
0.0017779
0.00178333
0.00178083
0.00177012
0.00175173
0.00172581
0.00169257
0.00165223
0.00160669
0.0015546
0.00149627
0.00143205
0.0013623
0.0012907
0.00121439
0.00113378
0.00104935
0.00096155
0.00087524
0.000786531
0.000695911
0.000603873
0.000510914
0.000422372
0.000333873
0.000245875
0.000158826
7.31586e-05
-6.00974e-06
-8.30118e-05
-0.000157499
-0.000229149
-0.000297666
-0.000358746
-0.000416127
-0.000469385
-0.000518248
-0.000562499
-0.000599006
-0.00063061
-0.00065723
-0.000678823
-0.000695386
-0.000705308
-0.000710335
-0.000710585
-0.000706213
-0.000697412
-0.000684048
-0.000666743
-0.000645783
-0.000621482
-0.000594175
-0.000564929
-0.000533375
-0.000499881
-0.000464821
-0.000428567
-0.000392923
-0.000356747
-0.000320367
-0.000284095
-0.000248222
-0.00021481
-0.00018223
-0.000150691
-0.00012038
-9.14594e-05
-6.58822e-05
-4.18571e-05
-1.94711e-05
1.20878e-06
2.01352e-05
3.56942e-05
4.95559e-05
6.17301e-05
7.22416e-05
8.11289e-05
8.72206e-05
9.18895e-05
9.52103e-05
9.72669e-05
9.81504e-05
9.7129e-05
9.52011e-05
9.24707e-05
8.90433e-05
8.5025e-05
8.0043e-05
7.47239e-05
6.91651e-05
6.34601e-05
5.76971e-05
5.17456e-05
4.59164e-05
4.02745e-05
3.4877e-05
2.97724e-05
2.49568e-05
2.05102e-05
1.64539e-05
1.28009e-05
9.55662e-06
6.7571e-06
4.3489e-06
2.31826e-06
6.46812e-07
-6.87645e-07
-1.65483e-06
-2.35217e-06
-2.8079e-06
-3.05133e-06
-3.11232e-06
-2.98278e-06
-2.74504e-06
-2.42661e-06
-2.05436e-06
-1.65439e-06
-1.23941e-06
-8.54701e-07
-5.20427e-07
-2.55439e-07
-7.71751e-08
-1.56929e-09
-0
-0
-0
-0
-0
-0
-0
-0
-0
-0
-0
-0
-0
-0
-0
-0
-0
-0
-0
-0
-0
-0
-0
-0
-0
-0
-0
-0
-0
-0
-0
-0
-0
-0
-0
-0
-0
-0
-0
-0
-0
-0
-0
-0
-0
-0
-0
-0
-0
-0
-0
-0
-0
-0
-0
-0
-0
-0
-0
-0
-0
-0
-0
