0
0
0
0
0
0
0
0
0
0
0
0
0
0
0
0
0
0
0
0
0
0
0
0
0
0
0
0
0
0
0
0
0
0
0
0
0
0
0
0
0
0
0
0
0
0
0
0
0
0
0
0
0
0
0
0
0
0
0
0
0
0
0
0
0
0
0
0
0
0
0
0
0
0
0
0
0
0
0
0
0
0
0
0
0
0
0
0
0
0
0
0
0
0
0
0
0
0
0
0
0
0
0
0
0
0
0
0
0
0
0
0
0
0
0
0
0
0
0
0
0
0
0
0
0
0
0
0
0
0
0
0
0
0
0
0
0
0
0
0
0
0
0
0
0
0
0
0
0
0
0
0
0
0
0
0
0
0
0
0
0
0
0
0
0
0
0
0
0
0
0
0
0
0
0
0
0
0
0
0
0
0
0
0
0
0
0
0
0
0
0
0
0
0
0
0
0
0
0
0
0
0
0
0
0
0
0
0
0
0
0
0
0
0
0
0
0
0
0
0
0
0
0
0
0
0
0
0
0
0
0
0
0
0
0
0
-1.39414e-05
-5.10399e-05
-0.000101425
-0.000154934
-0.000201284
-0.000230245
-0.000231791
-0.000196265
-0.000114526
2.19056e-05
0.000220716
0.000488676
0.000831544
0.00125398
0.00175948
0.00235032
0.00302751
0.00379078
0.00463852
0.00556785
0.00657457
0.00765328
0.00879734
0.00999902
0.0112495
0.0125392
0.0138574
0.015193
0.0165343
0.0178692
0.0191851
0.0204693
0.0217093
0.0228924
0.024006
0.025038
0.0259764
0.0268099
0.0275275
0.0281192
0.0285755
0.0288883
0.02905
0.0290542
0.0288955
0.0285696
0.0280732
0.0274042
0.0265619
0.0255465
0.0243593
0.0230025
0.0214796
0.019795
0.0179542
0.0159638
0.013831
0.0115643
0.00917229
0.00666466
0.00405146
0.00134339
-0.0014484
-0.00431238
-0.00723676
-0.0102094
-0.0132179
-0.0162493
-0.0192905
-0.0223281
-0.0253488
-0.0283399
-0.0312888
-0.0341832
-0.0370111
-0.0397605
-0.0424194
-0.0449763
-0.0474199
-0.0497392
-0.0519237
-0.0539632
-0.0558482
-0.0575695
-0.0591193
-0.0604906
-0.0616776
-0.0626754
-0.0634794
-0.0640858
-0.0645139
-0.0647785
-0.0648784
-0.0648128
-0.0645811
-0.0641832
-0.0636187
-0.062888
-0.0619915
-0.0609304
-0.0597065
-0.0583218
-0.0567784
-0.0550785
-0.0532245
-0.0512196
-0.0490677
-0.0467736
-0.0443431
-0.0417822
-0.0390974
-0.0362953
-0.0333827
-0.030367
-0.0272563
-0.024059
-0.0207841
-0.017441
-0.0140394
-0.0105895
-0.0071019
-0.00358776
-5.83986e-05
0.00347475
0.00700027
0.0105067
0.0139824
0.0174156
0.0207943
0.0241062
0.0273394
0.0304819
0.033522
0.0364482
0.0392489
0.0419129
0.0444291
0.0467869
0.0489763
0.050988
0.0528132
0.0544436
0.0558717
0.0570904
0.0580931
0.0588741
0.0594281
0.0597507
0.0598381
0.0596878
0.059298
0.0586685
0.0578
0.0566942
0.055354
0.0537825
0.051984
0.0499637
0.0477273
0.0452817
0.0426345
0.0397938
0.0367686
0.0335685
0.0302042
0.0266871
0.0230297
0.0192447
0.0153458
0.0113465
0.00726106
0.00310416
-0.00110906
-0.00536306
-0.00964209
-0.0139304
-0.0182121
-0.0224716
-0.026693
-0.0308604
-0.034958
-0.0389701
-0.0428815
-0.0466774
-0.0503434
-0.0538657
-0.0572304
-0.0604241
-0.0634339
-0.0662474
-0.0688532
-0.0712404
-0.0733991
-0.0753199
-0.0769941
-0.0784138
-0.0795718
-0.0804621
-0.0810795
-0.0814202
-0.0814812
-0.081261
-0.0807591
-0.0799764
-0.0789148
-0.0775776
-0.0759691
-0.0740946
-0.0719603
-0.0695736
-0.0669428
-0.0640775
-0.0609882
-0.0576864
-0.0541845
-0.0504954
-0.0466328
-0.0426107
-0.0384438
-0.0341472
-0.029737
-0.0252294
-0.0206415
-0.0159909
-0.0112953
-0.00657277
-0.00184173
0.00287931
0.0075716
0.0122162
0.0167942
0.0212866
0.0256749
0.0299408
0.0340661
0.0380329
0.0418236
0.045421
0.0488082
0.0519694
0.0548897
0.0575553
0.0599534
0.062072
0.0639001
0.0654282
0.0666478
0.0675524
0.068137
0.0683981
0.0683338
0.0679438
0.067229
0.0661922
0.064838
0.0631726
0.061204
0.0589417
0.0563966
0.0535808
0.0505075
0.0471914
0.0436482
0.0398949
0.0359496
0.0318311
0.0275595
0.0231554
0.0186398
0.0140345
0.00936129
0.00464239
-0.000100042
-0.00484372
-0.00956636
-0.0142458
-0.0188602
-0.0233882
-0.0278088
-0.032102
-0.0362482
-0.0402284
-0.0440246
-0.0476198
-0.0509979
-0.0541443
-0.0570456
-0.0596897
-0.0620656
-0.0641636
-0.0659752
-0.0674936
-0.0687138
-0.0696321
-0.0702468
-0.0705574
-0.0705648
-0.0702714
-0.0696808
-0.0687983
-0.0676309
-0.0661868
-0.0644761
-0.0625097
-0.0602997
-0.0578593
-0.0552028
-0.0523454
-0.0493035
-0.0460944
-0.0427363
-0.0392479
-0.0356486
-0.031958
-0.0281959
-0.0243827
-0.0205385
-0.0166839
-0.0128395
-0.00902547
-0.00526209
-0.00156894
0.00203494
0.00553117
0.00890205
0.0121307
0.015201
0.018098
0.0208079
0.023318
0.025617
0.0276947
0.0295421
0.0311512
0.0325154
0.0336296
0.0344897
0.0350934
0.0354395
0.0355284
0.0353616
0.0349422
0.034275
0.033366
0.0322225
0.0308532
0.0292674
0.027476
0.0254904
0.0233235
0.020989
0.0185014
0.0158759
0.0131279
0.0102733
0.00732853
0.00431082
0.00123792
-0.00187195
-0.00500048
-0.00812961
-0.0112416
-0.0143191
-0.017345
-0.0203025
-0.0231749
-0.0259464
-0.0286022
-0.0311285
-0.0335126
-0.0357429
-0.0378085
-0.0396996
-0.0414076
-0.0429248
-0.0442453
-0.0453643
-0.0462784
-0.0469854
-0.047484
-0.0477744
-0.0478575
-0.0477358
-0.0474127
-0.0468927
-0.0461813
-0.045285
-0.0442115
-0.0429693
-0.0415677
-0.0400167
-0.0383269
-0.0365095
-0.0345761
-0.032539
-0.0304109
-0.0282049
-0.0259342
-0.023612
-0.0212513
-0.0188651
-0.0164664
-0.0140685
-0.0116842
-0.00932601
-0.00700607
-0.00473576
-0.00252609
-0.000387685
0.00166915
0.00363468
0.00549992
0.00725692
0.00889874
0.0104194
0.0118135
0.0130763
0.0142039
0.0151929
0.016041
0.0167469
0.0173104
0.0177318
0.0180123
0.0181537
0.0181586
0.0180302
0.0177725
0.0173901
0.0168879
0.0162713
0.0155462
0.0147192
0.0137975
0.0127888
0.0117008
0.0105413
0.00931822
0.00803933
0.00671269
0.00534666
0.00394979
0.0025306
0.00109735
-0.000342047
-0.00177996
-0.00320887
-0.00462131
-0.00600988
-0.00736755
-0.00868778
-0.00996468
-0.0111929
-0.0123676
-0.0134842
-0.0145386
-0.0155271
-0.0164467
-0.0172953
-0.018071
-0.0187725
-0.0193987
-0.0199488
-0.0204225
-0.02082
-0.021142
-0.0213898
-0.0215651
-0.0216695
-0.0217053
-0.0216752
-0.0215822
-0.0214298
-0.0212217
-0.0209614
-0.0206523
-0.0202981
-0.0199028
-0.0194707
-0.0190065
-0.0185146
-0.0179995
-0.0174652
-0.0169156
-0.0163546
-0.0157864
-0.0152152
-0.0146452
-0.0140802
-0.0135231
-0.0129768
-0.0124438
-0.0119268
-0.0114284
-0.0109512
-0.0104972
-0.0100678
-0.00966395
-0.00928634
-0.00893567
-0.00861266
-0.00831796
-0.00805181
-0.00781398
-0.00760382
-0.00742047
-0.0072631
-0.00713087
-0.00702286
-0.00693782
-0.00687415
-0.00683004
-0.00680366
-0.00679336
-0.00679769
-0.00681512
-0.00684389
-0.00688194
-0.00692706
-0.00697714
-0.00703043
-0.00708546
-0.0071408
-0.00719484
-0.00724565
-0.00729111
-0.00732922
-0.00735837
-0.00737737
-0.00738527
-0.00738113
-0.00736387
-0.00733232
-0.0072855
-0.00722275
-0.00714379
-0.00704861
-0.0069372
-0.00680949
-0.00666543
-0.00650514
-0.00632913
-0.00613823
-0.00593342
-0.00571565
-0.00548576
-0.00524461
-0.00499329
-0.00473328
-0.00446637
-0.00419436
-0.00391886
-0.00364116
-0.00336237
-0.00308377
-0.00280702
-0.00253417
-0.00226742
-0.00200883
-0.00176009
-0.00152266
-0.00129791
-0.00108746
-0.000893117
-0.000716771
-0.000560056
-0.000424182
-0.00030997
-0.000218079
-0.000149248
-0.000104379
-8.43992e-05
-8.99992e-05
-0.00012144
-0.000178547
-0.000260896
-0.000368044
-0.000499653
-0.000655431
-0.000834943
-0.00103745
-0.00126188
-0.00150692
-0.0017712
-0.00205333
-0.0023519
-0.00266534
-0.00299189
-0.00332962
-0.00367658
-0.00403096
-0.0043911
-0.0047551
-0.00511787
-0.00547578
-0.0058258
-0.00616491
-0.00649031
-0.00679946
-0.00709005
-0.00735981
-0.00760649
-0.00782785
-0.00802188
-0.00818694
-0.00832185
-0.00842587
-0.0084985
-0.00853942
-0.00854842
-0.00852546
-0.00847082
-0.0083851
-0.00826924
-0.00812445
-0.0079521
-0.00775376
-0.0075312
-0.00728638
-0.00702149
-0.00673882
-0.00644073
-0.00612955
-0.00580765
-0.00547746
-0.00514146
-0.00480221
-0.00446226
-0.00412404
-0.00378983
-0.00346176
-0.00314185
-0.00283199
-0.00253398
-0.00224942
-0.0019797
-0.0017259
-0.00148881
-0.00126898
-0.00106672
-0.000882179
-0.000715306
-0.000565892
-0.000433545
-0.000317691
-0.00021733
-0.000130354
-5.59522e-05
6.6073e-06
5.81856e-05
9.97518e-05
0.00013237
0.000157192
0.000175437
0.000188369
0.00019725
0.0002033
0.000207667
0.000211411
0.000215503
0.000220825
0.000228147
0.000238103
0.000251177
0.000267696
0.000287845
0.000311678
0.000339098
0.000369833
0.000403363
0.000439039
0.000476017
0.000513368
0.000550135
0.000585288
0.00061782
0.000646567
0.000670263
0.000687611
0.000697384
0.000698599
0.000690449
0.00067233
0.000644054
0.000604841
0.000553682
0.000489625
0.000411879
0.000319879
0.000213359
9.19465e-05
-4.45651e-05
-0.000196299
-0.000363197
-0.000544686
-0.00074038
-0.000949481
-0.00117114
-0.00140457
-0.00164855
-0.00190255
-0.0021653
-0.00243513
-0.00271003
-0.00298723
-0.00326505
-0.00354133
-0.00381394
-0.00408067
-0.00433853
-0.00458586
-0.00482033
-0.00503974
-0.00524202
-0.00542444
-0.00558579
-0.0057242
-0.00583796
-0.00592568
-0.00598571
-0.00601811
-0.00602253
-0.0059988
-0.00594682
-0.00586628
-0.00575785
-0.00562216
-0.00546011
-0.00527279
-0.00506159
-0.00482767
-0.00457263
-0.00429841
-0.00400728
-0.00370259
-0.00338611
-0.00306079
-0.0027281
-0.00238926
-0.00204738
-0.00170255
-0.00135698
-0.00101301
-0.000672759
-0.00034045
-1.47366e-05
0.000303431
0.000613042
0.00091279
0.00119779
0.00146956
0.00172645
0.0019671
0.00219049
0.00239213
0.00257495
0.00273814
0.0028808
0.00300207
0.00309763
0.00317077
0.00322145
0.00324986
0.00325631
0.00323809
0.00319843
0.00313746
0.00305539
0.00295257
0.00282798
0.00268406
0.00252174
0.00234192
0.00214532
0.00193295
0.00170479
0.00146128
0.00120285
0.000930002
0.000646244
0.000348912
3.83526e-05
-0.000285058
-0.000620832
-0.000962373
-0.00131501
-0.0016782
-0.00205159
-0.00243501
-0.00281955
-0.00321379
-0.00361726
-0.00402929
-0.00444918
-0.00486535
-0.00528848
-0.00571828
-0.00615423
-0.00659533
-0.00702793
-0.00746232
-0.00789658
-0.00832895
-0.00875792
-0.00917047
-0.00957674
-0.0099749
-0.0103627
-0.0107375
-0.0110874
-0.0114188
-0.0117291
-0.0120157
-0.012276
-0.0125028
-0.0126981
-0.012859
-0.0129825
-0.0130652
-0.0131052
-0.0130974
-0.0130387
-0.0129263
-0.0127579
-0.0125406
-0.0122639
-0.0119263
-0.0115262
-0.0110621
-0.0105499
-0.00997199
-0.00932837
-0.00861946
-0.00784613
-0.00703333
-0.00615867
-0.00522401
-0.00423184
-0.00318535
-0.00211715
-0.00100279
0.000152935
0.00134479
0.00256712
0.00378331
0.00501729
0.00626191
0.00750943
0.00875157
0.00995168
0.0111292
0.0122754
0.013382
0.0144403
0.0154209
0.0163362
0.0171771
0.0179341
0.018598
0.0191497
0.0195909
0.0199143
0.0201131
0.0201812
0.0201174
0.0199109
0.0195561
0.0190483
0.0183835
0.0175801
0.0166156
0.0154892
0.0142012
0.0127525
0.0111821
0.00945565
0.00757733
0.00555257
0.00338825
0.00114241
-0.00122576
-0.00370629
-0.00628843
-0.00896075
-0.0116535
-0.0144116
-0.0172215
-0.0200684
-0.022937
-0.0257531
-0.0285588
-0.0313378
-0.0340737
-0.0367496
-0.039298
-0.0417523
-0.0440954
-0.046311
-0.048383
-0.0502616
-0.051967
-0.0534851
-0.054802
-0.055904
-0.0567664
-0.0573903
-0.0577662
-0.057886
-0.0577431
-0.0573464
-0.0566767
-0.0557309
-0.0545075
-0.053007
-0.051274
-0.0492699
-0.0469995
-0.0444691
-0.0416864
-0.0387278
-0.0355378
-0.0321298
-0.0285187
-0.0247208
-0.0208377
-0.0168025
-0.0126341
-0.00835291
-0.00398095
0.00036661
0.00475789
0.00916852
0.0135737
0.0179481
0.0221794
0.0263289
0.0303714
0.0342817
0.0380349
0.0415376
0.044835
0.0479036
0.0507203
0.0532632
0.0554717
0.0573672
0.058933
0.060154
0.061017
0.0615069
0.0616167
0.0613383
0.0606659
0.0595959
0.0581648
0.0563356
0.0541112
0.051497
0.0485007
0.0452084
0.041557
0.0375612
0.0332381
0.0286068
0.0237943
0.0187178
0.0134024
0.00787549
0.00216631
-0.00357109
-0.00942899
-0.0153752
-0.0213766
-0.0273991
-0.0332835
-0.0391199
-0.0448739
-0.0505111
-0.0559972
-0.0611902
-0.0661657
-0.0708918
-0.0753379
-0.0794747
-0.0831985
-0.0865592
-0.0895323
-0.0920949
-0.094226
-0.0958759
-0.0970598
-0.0977648
-0.0979807
-0.0977001
-0.0969393
-0.0956751
-0.0939082
-0.0916425
-0.0888846
-0.0857171
-0.0820795
-0.0779865
-0.0734557
-0.0685068
-0.0632799
-0.0576827
-0.0517428
-0.0454903
-0.0389574
-0.0323259
-0.025483
-0.0184655
-0.0113114
-0.0040602
0.00308816
0.0102532
0.0173945
0.0244715
0.0314439
0.0381206
0.0446136
0.0508846
0.0568957
0.06261
0.0678703
0.0727646
0.0772611
0.0813305
0.0849455
0.0880062
0.0905657
0.0926045
0.0941054
0.0950542
0.0954223
0.095219
0.0944395
0.0930821
0.0911482
0.0886868
0.0856614
0.0820831
0.0779659
0.0733269
0.0682869
0.0627666
0.0567906
0.0503862
0.0435837
0.0365628
0.0292109
0.0215637
0.0136587
0.00553416
-0.00259542
-0.010864
-0.0192298
-0.02765
-0.0360811
-0.0442992
-0.0524426
-0.0604698
-0.0683396
-0.0760112
-0.0832803
-0.0902736
-0.0969546
-0.103288
-0.109241
-0.114654
-0.119626
-0.124131
-0.128143
-0.131643
-0.134536
-0.136884
-0.138674
-0.139896
-0.140545
-0.140597
-0.14007
-0.138965
-0.137288
-0.135047
-0.1323
-0.129015
-0.125208
-0.120899
-0.11611
-0.110964
-0.105388
-0.0994089
-0.0930578
-0.0863661
-0.0795098
-0.0723803
-0.065013
-0.0574439
-0.0497098
-0.0420148
-0.0342278
-0.026385
-0.0185225
-0.0106765
-0.00305508
0.00447989
0.011895
0.0191576
0.0262363
0.0329428
0.0394071
0.0456026
0.0515043
0.0570886
0.0622067
0.0669662
0.0713493
0.0753405
0.078926
0.0820108
0.0846688
0.0868921
0.0886747
0.0900123
0.0908699
0.0912804
0.091246
0.0907717
0.0898643
0.0885514
0.0868245
0.0846955
0.0821774
0.079285
0.0761
0.0725752
0.0687302
0.0645858
0.0601636
0.0555876
0.0507789
0.0457606
0.0405565
0.035191
0.0298143
0.0243253
0.0187485
0.013108
0.00742825
0.00186815
-0.00368318
-0.0092023
-0.0146665
-0.0200539
-0.0252142
-0.0302579
-0.0351666
-0.0399224
-0.0445076
-0.0487928
-0.052875
-0.05674
-0.0603753
-0.0637699
-0.0668283
-0.069628
-0.0721615
-0.0744223
-0.076405
-0.0780525
-0.0794157
-0.0804939
-0.0812877
-0.0817989
-0.0820116
-0.0819488
-0.0816157
-0.0810184
-0.0801638
-0.079073
-0.0777406
-0.0761753
-0.0743869
-0.0723859
-0.0702259
-0.0678768
-0.0653514
-0.0626626
-0.0598241
-0.0569129
-0.0538797
-0.0507383
-0.0475025
-0.0441862
-0.0408801
-0.0375198
-0.0341185
-0.0306888
-0.0272435
-0.0238785
-0.0205223
-0.0171866
-0.0138825
-0.0106207
-0.00749372
-0.0044289
-0.00143519
0.00147918
0.00430661
0.00696481
0.00952245
0.0119733
0.0143117
0.0165323
0.0185667
0.0204752
0.0222549
0.0239033
0.0254185
0.0267489
0.0279438
0.0290032
0.0299274
0.0307169
0.0313375
0.0318253
0.0321816
0.0324084
0.0325085
0.0324656
0.0323031
0.0320245
0.0316334
0.0311334
0.030524
0.0298133
0.0290058
0.028106
0.0271113
0.0260282
0.0248519
0.0235885
0.0222445
0.0208273
0.0193692
0.0178536
0.0162883
0.0146805
0.013037
0.011401
0.0097418
0.00806587
0.00638
0.00469106
0.00305255
0.00142348
-0.0001897
-0.00178077
-0.00334383
-0.00481995
-0.00625927
-0.00765744
-0.00901036
-0.010314
-0.0115079
-0.0126464
-0.0137255
-0.0147413
-0.0156904
-0.0165147
-0.0172691
-0.0179512
-0.0185595
-0.0190924
-0.0195001
-0.019833
-0.0200906
-0.0202725
-0.0203785
-0.0203704
-0.0202903
-0.0201401
-0.0199217
-0.0196376
-0.0192636
-0.0188312
-0.0183434
-0.0178036
-0.0172155
-0.0165695
-0.0158852
-0.0151677
-0.0144218
-0.0136525
-0.0128621
-0.0120594
-0.0112498
-0.0104387
-0.00963162
-0.00883812
-0.0080582
-0.00729671
-0.00655829
-0.00584729
-0.00517571
-0.0045378
-0.00393674
-0.00337523
-0.00285555
-0.00238736
-0.00196237
-0.00158142
-0.00124473
-0.000951903
-0.000707319
-0.000502411
-0.000335206
-0.000203224
-0.000103515
-3.50297e-05
9.4369e-06
3.37676e-05
4.21094e-05
3.88166e-05
2.80569e-05
1.5114e-05
4.33909e-06
0
0
0
0
0
0
0
0
0
0
0
0
0
0
0
0
0
0
0
0
0
0
0
0
0
0
0
0
0
0
0
0
0
0
0
0
0
0
0
0
0
0
0
0
0
0
0
0
0
0
0
0
0
0
0
0
0
0
0
0
0
0
0
0
0
0
0
0
0
0
0
0
0
0
0
0
0
0
0
0
0
0
0
0
0
0
0
0
0
0
0
0
0
0
0
0
0
0
0
0
0
0
0
0
0
0
0
0
0
0
0
0
0
0
0
0
0
0
0
0
0
0
0
0
0
0
0
0
0
0
0
0
0
0
0
0
0
0
0
0
0
0
0
0
0
0
0
0
0
0
0
0
0
0
0
0
0
0
0
0
0
0
0
0
0
0
0
0
0
0
0
0
0
0
0
0
0
0
0
0
0
0
0
0
0
0
0
0
0
0
0
0
0
0
0
0
0
0
0
0
0
0
0
0
0
0
0
0
0
0
0
0
0
0
0
0
0
0
0
0
0
0
0
0
0
0
0
0
0
0
0
0
0
0
0
0
