0
0
0
0
0
0
0
0
0
0
0
0
0
0
0
0
0
0
0
0
0
0
0
0
0
0
0
0
0
0
0
0
0
0
0
0
0
0
0
0
0
0
0
0
0
0
0
0
0
0
0
0
0
0
0
0
0
0
0
0
0
0
0
0
0
0
0
0
0
0
0
0
0
0
0
0
0
0
0
0
0
0
0
0
0
0
0
0
0
0
0
0
0
0
0
0
0
0
0
0
0
0
0
0
0
0
0
0
0
0
0
0
0
0
0
0
0
0
0
0
0
0
0
0
0
0
0
0
0
0
0
0
0
0
0
0
0
0
0
0
0
0
0
0
0
0
0
0
0
0
0
0
0
0
0
0
0
0
0
0
0
0
0
0
0
0
0
0
0
0
0
0
0
0
0
0
0
0
0
0
0
0
0
0
0
0
0
0
0
0
0
0
0
0
0
0
0
0
0
0
0
0
0
0
0
0
0
0
0
0
0
0
0
0
0
0
0
0
0
0
0
0
0
0
0
0
0
0
0
0
0
0
0
0
0
0
4.45412e-05
0.000199621
0.000487704
0.000926401
0.00152806
0.00229941
0.00324134
0.00434874
0.00561047
0.00700942
0.00852275
0.0101221
0.011774
0.0134401
0.0150782
0.0166426
0.0180847
0.0193548
0.020402
0.0211755
0.0216251
0.0217018
0.0213587
0.0205523
0.0192436
0.0173995
0.0149936
0.0120068
0.00842716
0.00424963
-0.00052353
-0.00588229
-0.0118078
-0.0182714
-0.0252344
-0.0326487
-0.0404574
-0.0485971
-0.056998
-0.065585
-0.0742774
-0.0829887
-0.0916276
-0.100099
-0.108307
-0.116155
-0.123549
-0.130393
-0.136597
-0.142072
-0.146733
-0.150501
-0.153308
-0.155094
-0.15581
-0.155418
-0.153886
-0.151195
-0.147336
-0.142312
-0.13614
-0.12885
-0.120489
-0.111111
-0.100787
-0.0895972
-0.0776326
-0.0649938
-0.051788
-0.0381275
-0.0241284
-0.00991041
0.00440123
0.0186753
0.0327752
0.046562
0.0598987
0.0726552
0.08471
0.095951
0.106274
0.115579
0.123775
0.130778
0.136515
0.140931
0.143983
0.145644
0.145901
0.144749
0.142245
0.138439
0.133356
0.127029
0.119503
0.110836
0.10109
0.0903362
0.0786485
0.0661082
0.052803
0.0388273
0.0242809
0.00926792
-0.00610599
-0.0217347
-0.0375118
-0.0533304
-0.0690817
-0.0846552
-0.0999394
-0.114824
-0.1292
-0.142967
-0.156027
-0.16829
-0.179672
-0.190093
-0.19948
-0.207762
-0.214877
-0.220771
-0.225395
-0.228711
-0.230686
-0.231296
-0.230527
-0.228375
-0.224844
-0.21995
-0.213719
-0.206182
-0.197382
-0.187364
-0.176185
-0.163909
-0.150608
-0.136363
-0.121264
-0.105406
-0.088889
-0.0718189
-0.0543049
-0.0364598
-0.0183995
-0.000242154
0.0178926
0.0358846
0.053614
0.070962
0.0878118
0.10405
0.119565
0.134252
0.148011
0.160746
0.17237
0.182799
0.191961
0.199787
0.206219
0.211204
0.214697
0.216659
0.217063
0.215889
0.213128
0.208784
0.202868
0.195404
0.18642
0.175957
0.164063
0.150798
0.136233
0.120449
0.103536
0.0855902
0.066715
0.0470183
0.0266129
0.00561639
-0.0158493
-0.037659
-0.0596849
-0.0817972
-0.103865
-0.125755
-0.147335
-0.168474
-0.189043
-0.20892
-0.227987
-0.246135
-0.263257
-0.279253
-0.294029
-0.307496
-0.31957
-0.330176
-0.339247
-0.346722
-0.352552
-0.356694
-0.359119
-0.359804
-0.358741
-0.355928
-0.351373
-0.345089
-0.337098
-0.327431
-0.316128
-0.303242
-0.288837
-0.272987
-0.255775
-0.237292
-0.217636
-0.196908
-0.17522
-0.152686
-0.129424
-0.105558
-0.081216
-0.0565292
-0.031633
-0.00666643
0.0182295
0.0429137
0.067247
0.0910937
0.114323
0.136809
0.158431
0.179073
0.198626
0.216989
0.234064
0.249762
0.264001
0.276705
0.287804
0.297239
0.30496
0.310929
0.315119
0.317513
0.318103
0.316891
0.313886
0.309105
0.302575
0.294333
0.284425
0.272904
0.259832
0.245278
0.229319
0.212039
0.193526
0.173876
0.153187
0.131559
0.109096
0.0859038
0.0620923
0.0377747
0.0130679
-0.0119091
-0.0370367
-0.0621961
-0.0872697
-0.112141
-0.136695
-0.160816
-0.184393
-0.207316
-0.22948
-0.250788
-0.271145
-0.290463
-0.308659
-0.325653
-0.341371
-0.355745
-0.368713
-0.380223
-0.390226
-0.398685
-0.405566
-0.410846
-0.414508
-0.416542
-0.416948
-0.415731
-0.412904
-0.408486
-0.402503
-0.394989
-0.385986
-0.375541
-0.363707
-0.350541
-0.336104
-0.320462
-0.303685
-0.285854
-0.267053
-0.247374
-0.226915
-0.205773
-0.184048
-0.161841
-0.139254
-0.116389
-0.093353
-0.0702485
-0.0471794
-0.0242474
-0.00155271
0.020805
0.0427271
0.0641156
0.0848744
0.10491
0.124132
0.142453
0.159791
0.176066
0.191205
0.205142
0.217816
0.229178
0.239181
0.247786
0.254961
0.260678
0.264913
0.267654
0.268892
0.268627
0.266865
0.263618
0.258907
0.252758
0.24521
0.236306
0.226099
0.214646
0.202009
0.188253
0.173448
0.157667
0.14099
0.123497
0.105272
0.0864001
0.0669672
0.0470623
0.0267777
0.0062089
-0.0145454
-0.0353845
-0.0562067
-0.0769098
-0.0973917
-0.117551
-0.137287
-0.156501
-0.175101
-0.192997
-0.210105
-0.226348
-0.241653
-0.255954
-0.269191
-0.281312
-0.292271
-0.302033
-0.310566
-0.317847
-0.323858
-0.32859
-0.332038
-0.334207
-0.335107
-0.334752
-0.333162
-0.330363
-0.326386
-0.321269
-0.315057
-0.307797
-0.299543
-0.290348
-0.280267
-0.26936
-0.257691
-0.245329
-0.232346
-0.218817
-0.204815
-0.190415
-0.175689
-0.160711
-0.145556
-0.130299
-0.115014
-0.0997761
-0.0846545
-0.0697176
-0.0550321
-0.0406627
-0.0266721
-0.0131194
-5.87445e-05
0.0124605
0.0243936
0.0356989
0.0463376
0.0562737
0.0654751
0.0739149
0.0815718
0.0884302
0.0944788
0.0997103
0.104121
0.107712
0.110488
0.112459
0.113639
0.114046
0.113698
0.112618
0.110833
0.10837
0.105261
0.101544
0.097253
0.0924287
0.0871109
0.0813417
0.0751648
0.0686256
0.0617699
0.0546431
0.0472895
0.0397525
0.0320743
0.024297
0.0164618
0.00860939
0.00077908
-0.0069914
-0.0146659
-0.0222097
-0.0295898
-0.0367752
-0.0437373
-0.0504505
-0.0568921
-0.0630413
-0.068879
-0.0743876
-0.0795509
-0.0843553
-0.0887901
-0.0928479
-0.0965241
-0.0998169
-0.102726
-0.105255
-0.107408
-0.10919
-0.110611
-0.111679
-0.112405
-0.1128
-0.112877
-0.112649
-0.112134
-0.111351
-0.110318
-0.109055
-0.107582
-0.105917
-0.104079
-0.102088
-0.0999636
-0.0977236
-0.0953866
-0.0929699
-0.0904913
-0.0879688
-0.0854211
-0.0828667
-0.0803227
-0.0778045
-0.0753251
-0.072896
-0.0705278
-0.0682306
-0.0660143
-0.0638877
-0.0618582
-0.0599317
-0.0581126
-0.0564044
-0.0548096
-0.0533301
-0.0519666
-0.0507185
-0.0495843
-0.0485616
-0.0476475
-0.0468385
-0.0461304
-0.0455179
-0.044994
-0.0445516
-0.0441832
-0.0438819
-0.0436414
-0.043455
-0.0433156
-0.0432146
-0.0431426
-0.04309
-0.0430482
-0.0430092
-0.0429664
-0.0429134
-0.0428436
-0.0427504
-0.0426271
-0.0424678
-0.0422673
-0.0420214
-0.0417266
-0.0413792
-0.0409758
-0.040513
-0.0399881
-0.0393996
-0.0387471
-0.0380316
-0.0372549
-0.0364192
-0.0355263
-0.0345772
-0.0335722
-0.0325112
-0.0313945
-0.030224
-0.029003
-0.0277365
-0.0264301
-0.025089
-0.0237176
-0.0223192
-0.0208971
-0.0194551
-0.0179982
-0.0165327
-0.0150653
-0.0136029
-0.0121519
-0.0107181
-0.00930726
-0.00792463
-0.0065753
-0.00526407
-0.00399573
-0.00277552
-0.0016096
-0.000504984
0.000531092
0.00149226
0.00237386
0.00317303
0.00388795
0.00451667
0.00505642
0.00550376
0.00585565
0.00611048
0.00626845
0.00633089
0.00629899
0.00617286
0.00595166
0.00563475
0.00522324
0.00472072
0.00413262
0.0034647
0.00272161
0.00190647
0.00102174
7.08103e-05
-0.000941019
-0.0020066
-0.00311816
-0.00426868
-0.00545246
-0.00666457
-0.00789952
-0.00915036
-0.0104088
-0.0116663
-0.0129156
-0.0141513
-0.0153691
-0.0165649
-0.0177331
-0.0188668
-0.0199586
-0.0210016
-0.0219907
-0.0229227
-0.0237953
-0.0246065
-0.0253542
-0.0260363
-0.0266512
-0.0271982
-0.0276768
-0.0280866
-0.0284269
-0.0286974
-0.0288987
-0.0290326
-0.0291026
-0.0291119
-0.0290635
-0.0289594
-0.0288012
-0.0285916
-0.0283345
-0.0280355
-0.0277004
-0.0273339
-0.0269389
-0.0265144
-0.0260491
-0.0255429
-0.0249987
-0.0244202
-0.0238112
-0.0231757
-0.0225178
-0.0218426
-0.0211555
-0.0204621
-0.0197673
-0.0190742
-0.0183845
-0.0176995
-0.0170212
-0.0163523
-0.015696
-0.015054
-0.0144267
-0.0138126
-0.0132099
-0.0126178
-0.0120373
-0.0114697
-0.0109166
-0.0103773
-0.00984943
-0.00932982
-0.00881618
-0.00830794
-0.00780601
-0.00731153
-0.00682463
-0.00634436
-0.0058681
-0.00539403
-0.00492168
-0.00445185
-0.00398693
-0.00352723
-0.00307306
-0.00262403
-0.00217989
-0.00174233
-0.00131162
-0.000889899
-0.000479269
-8.14511e-05
0.000300863
0.000667831
0.00101781
0.0013487
0.00165811
0.00194232
0.00220065
0.00243123
0.00263245
0.00280293
0.00294048
0.00304553
0.00311768
0.00315678
0.00316297
0.0031359
0.00307705
0.00298751
0.00286891
0.00272337
0.00255313
0.00236139
0.00215121
0.00192587
0.00168896
0.00144433
0.00119611
0.000948462
0.000705514
0.000471233
0.000249405
4.34931e-05
-0.000143302
-0.000308193
-0.000448893
-0.000563803
-0.000651718
-0.000712118
-0.000745142
-0.00075163
-0.000733467
-0.000695837
-0.000652658
-0.00060535
-0.000554053
-0.000499362
-0.000441041
-0.000379343
-0.000314571
-0.000247056
-0.000177666
-0.000106226
-3.3093e-05
4.13543e-05
0.000116707
0.000191984
0.000267295
0.000342198
0.000416248
0.000488982
0.000559416
0.000627528
0.000692797
0.000754719
0.000812828
0.000866357
0.000915223
0.000959002
0.00099726
0.00102956
0.00105542
0.00107456
0.00108666
0.00109147
0.00108876
0.00107862
0.00106059
0.00103452
0.00100034
0.000958032
0.00090834
0.000850581
0.000784827
0.000711187
0.000629836
0.000542187
0.000447389
0.000345813
0.00023786
0.000123955
6.09864e-06
-0.00011676
-0.000244064
-0.000375195
-0.000509487
-0.000644457
-0.000781192
-0.000918983
-0.0010571
-0.00119479
-0.00132946
-0.00146214
-0.00159201
-0.00171828
-0.00184014
-0.0019552
-0.00206424
-0.00216646
-0.00226109
-0.00234736
-0.00242352
-0.00248984
-0.00254563
-0.00259021
-0.00262297
-0.00264319
-0.00265056
-0.00264467
-0.00262518
-0.00259178
-0.00254514
-0.00248415
-0.00240867
-0.00231866
-0.00221415
-0.00209738
-0.00196644
-0.00182161
-0.00166329
-0.00149191
-0.00131128
-0.00111871
-0.000914835
-0.0007004
-0.000476248
-0.000247537
-1.1139e-05
0.000231791
0.000480044
0.000732388
0.000982881
0.00123495
0.00148728
0.00173844
0.00198693
0.00222658
0.00246046
0.002687
0.0029047
0.00311205
0.0033037
0.00348204
0.00364563
0.00379302
0.00392282
0.0040313
0.00411961
0.00418657
0.00423109
0.00425217
0.00424855
0.00421982
0.00416532
0.00408451
0.00397696
0.00384445
0.00368474
0.00349783
0.00328386
0.00304316
0.00278082
0.00249281
0.00217989
0.00184298
0.00148314
0.00110849
0.000713458
0.000299517
-0.000131688
-0.000578367
-0.00102998
-0.00149313
-0.00196568
-0.00244543
-0.00293007
-0.00340783
-0.00388557
-0.00436069
-0.00483054
-0.00529243
-0.00573478
-0.00616389
-0.00657718
-0.00697204
-0.00734588
-0.00768886
-0.00800575
-0.00829421
-0.00855205
-0.00877723
-0.00896342
-0.00911322
-0.00922493
-0.009297
-0.00932808
-0.00931638
-0.0092617
-0.00916337
-0.00902095
-0.00883418
-0.00860659
-0.00833479
-0.00801925
-0.00766069
-0.00726009
-0.00682636
-0.00635319
-0.0058422
-0.00529528
-0.00471454
-0.00411359
-0.00348372
-0.00282764
-0.00214819
-0.00144838
-0.000744995
-2.77112e-05
0.00070002
0.00143462
0.00217245
0.00289537
0.00361413
0.00432501
0.00502427
0.00570813
0.00635943
0.00698794
0.00759009
0.0081624
0.00870149
0.00919341
0.00964575
0.0100556
0.0104203
0.0107374
0.0109982
0.0112071
0.0113622
0.0114621
0.0115053
0.0114898
0.011416
0.0112835
0.0110922
0.0108424
0.0105391
0.0101785
0.00976159
0.00928969
0.00876447
0.0081979
0.00758212
0.00691957
0.00621293
0.00546513
0.00469379
0.00388786
0.00305093
0.00218682
0.00129952
0.00041042
-0.000493481
-0.00140785
-0.00232829
-0.00325033
-0.00415148
-0.00504528
-0.00592729
-0.00679311
-0.00763843
-0.00844244
-0.00921776
-0.00996052
-0.010667
-0.0113338
-0.0119442
-0.0125082
-0.0130229
-0.0134855
-0.0138935
-0.0142366
-0.0145208
-0.0147443
-0.0149058
-0.0150041
-0.0150367
-0.0150049
-0.0149085
-0.0147478
-0.014523
-0.0142398
-0.0138945
-0.0134886
-0.0130237
-0.0125019
-0.0119361
-0.011318
-0.0106503
-0.00993602
-0.00917827
-0.00839597
-0.00757715
-0.00672555
-0.00584515
-0.0049401
-0.00403324
-0.0031104
-0.00217594
-0.00123424
-0.000289642
0.000634162
0.00155213
0.0024599
0.00335308
0.00422735
0.00506074
0.00586698
0.00664222
0.00738265
0.00808463
0.00873052
0.00933118
0.00988361
0.0103851
0.0108332
0.0112169
0.011543
0.01181
0.0120163
0.0121608
0.0122404
0.0122569
0.0122101
0.0121
0.0119269
0.0116958
0.0114033
0.0110509
0.0106401
0.0101729
0.009662
0.00909926
0.00848729
0.0078289
0.00712719
0.00640064
0.00563768
0.00484204
0.00401759
0.00316833
0.00231633
0.0014477
0.000566659
-0.000322513
-0.00121545
-0.00208915
-0.00295791
-0.00381742
-0.00466343
-0.00549178
-0.00628144
-0.00704545
-0.00778006
-0.00848162
-0.00914666
-0.0097587
-0.0103279
-0.0108517
-0.0113274
-0.0117528
-0.0121179
-0.012429
-0.0126843
-0.0128827
-0.0130232
-0.0131035
-0.0131252
-0.0130882
-0.0129929
-0.01284
-0.012635
-0.0123745
-0.0120603
-0.0116939
-0.0112775
-0.0108235
-0.0103243
-0.00978264
-0.00920161
-0.00858454
-0.00794909
-0.00728466
-0.00659491
-0.00588356
-0.00515445
-0.0044278
-0.00369129
-0.00294893
-0.00220477
-0.00146285
-0.000743414
-3.41513e-05
0.000661053
0.00133839
0.0019942
0.00261097
0.00319956
0.00375703
0.00428062
0.00476775
0.00520596
0.00560313
0.00595738
0.00626711
0.00653101
0.00674317
0.00690772
0.00702415
0.00709224
0.00711203
0.00708462
0.00700997
0.00688898
0.00672278
0.00651268
0.00626617
0.00597901
0.00565319
0.00529094
0.00489473
0.00447734
0.00403133
0.00355949
0.00306477
0.0025502
0.00203167
0.00149957
0.000957107
0.00040749
-0.000146041
-0.000686821
-0.00122504
-0.00175748
-0.00228102
-0.00279258
-0.00327712
-0.00374403
-0.00419072
-0.0046147
-0.00501362
-0.00537612
-0.00570945
-0.0060119
-0.00628199
-0.00651844
-0.00671506
-0.00687616
-0.00700111
-0.00708957
-0.00714142
-0.00715624
-0.00713488
-0.00707787
-0.00698596
-0.00686009
-0.00670535
-0.00651918
-0.00630309
-0.00605875
-0.00578792
-0.00549995
-0.00518936
-0.00485827
-0.00450894
-0.00414371
-0.00377467
-0.00339456
-0.00300579
-0.0026108
-0.00221206
-0.00182232
-0.00143376
-0.00104883
-0.000669922
-0.000299367
5.13867e-05
0.000389473
0.000712932
0.00101993
0.00130875
0.00157104
0.00181215
0.00203079
0.00222582
0.00239628
0.00253799
0.0026538
0.00274335
0.00280645
0.00284307
0.00285364
0.00283809
0.00279682
0.00273041
0.00263965
0.00252926
0.00239649
0.00224252
0.00206864
0.0018763
0.00167351
0.00145541
0.00122371
0.00098014
0.000726476
0.000472425
0.000211828
-5.34933e-05
-0.000321638
-0.000590638
-0.000850551
-0.00110742
-0.00135942
-0.00160489
-0.00184223
-0.00206337
-0.00227344
-0.00247101
-0.00265464
-0.00282301
-0.00297081
-0.00310122
-0.00321348
-0.003307
-0.00338035
-0.00343086
-0.00345899
-0.0034645
-0.00344745
-0.00340825
-0.00334991
-0.00327102
-0.00317254
-0.00305551
-0.00292102
-0.0027753
-0.00261476
-0.00244113
-0.00225631
-0.00206223
-0.00186726
-0.00166649
-0.00146159
-0.00125434
-0.00104662
-0.000847165
-0.000651058
-0.000460138
-0.00027601
-0.000100029
6.10063e-05
0.000211878
0.000351578
0.000479136
0.000593688
0.000690896
0.000774178
0.000843356
0.000898429
0.000939526
0.000965501
0.000978153
0.000977966
0.000965576
0.000941761
0.000908114
0.000864873
0.00081308
0.000753828
0.000688255
0.00061967
0.000546959
0.000471291
0.000393805
0.000315596
0.000240465
0.00016641
9.43826e-05
2.52732e-05
-4.0113e-05
-9.84653e-05
-0.000152112
-0.000200591
-0.000243534
-0.000280658
-0.000309784
-0.000333042
-0.000350422
-0.000362022
-0.00036805
-0.00036764
-0.000362525
-0.00035312
-0.000339872
-0.000323258
-0.000303305
-0.00028113
-0.000257288
-0.000232343
-0.00020685
-0.000181264
-0.000156173
-0.000132021
-0.000109203
-8.8067e-05
-6.89521e-05
-5.20212e-05
-3.74432e-05
-2.53165e-05
-1.56676e-05
-8.46976e-06
-3.57785e-06
-8.29165e-07
0
0
0
0
0
0
0
0
0
0
0
0
0
0
0
0
0
0
0
0
0
0
0
0
0
0
0
0
0
0
0
0
0
0
0
0
0
0
0
0
0
0
0
0
0
0
0
0
0
0
0
0
0
0
0
0
0
0
0
0
0
0
0
0
0
0
0
0
0
0
0
0
0
0
0
0
0
0
0
0
0
0
0
0
0
0
0
0
0
0
0
0
0
0
0
0
0
0
0
0
0
0
0
0
0
0
0
0
0
0
0
0
0
0
0
0
0
0
0
0
0
0
0
0
0
0
0
0
0
0
0
0
0
0
0
0
0
0
0
0
0
0
0
0
0
0
0
0
0
0
0
0
0
0
0
0
0
0
0
0
0
0
0
0
0
0
0
0
0
0
0
0
0
0
0
0
0
0
0
0
0
0
0
0
0
0
0
0
0
0
0
0
0
0
0
0
0
0
0
0
0
0
0
0
0
0
0
0
0
0
0
0
0
0
0
0
0
0
0
0
0
0
0
0
0
0
0
0
0
0
0
0
0
0
0
0
