0
0
0
0
0
0
0
0
0
0
0
0
0
0
0
0
0
0
0
0
0
0
0
0
0
0
0
0
0
0
0
0
0
0
0
0
0
0
0
0
0
0
0
0
0
0
0
0
0
0
0
0
0
0
0
0
0
0
0
0
0
0
0
0
0
0
0
0
0
0
0
0
0
0
0
0
0
0
0
0
0
0
0
0
0
0
0
0
0
0
0
0
0
0
0
0
0
0
0
0
0
0
0
0
0
0
0
0
0
0
0
0
0
3.06618e-06
1.81859e-05
4.58704e-05
8.53158e-05
0.000134959
0.000192522
0.000255064
0.000319054
0.000380449
0.000434782
0.000477261
0.000502878
0.000506517
0.000483068
0.000427539
0.000335163
0.000201504
2.25682e-05
-0.000205092
-0.000484266
-0.000816988
-0.00120446
-0.00164699
-0.00214395
-0.00269376
-0.00329384
-0.00394058
-0.00462936
-0.00535454
-0.00610957
-0.00688705
-0.00767885
-0.00847615
-0.00926942
-0.0100485
-0.0108024
-0.0115198
-0.012189
-0.0127984
-0.0133363
-0.0137919
-0.0141546
-0.0144144
-0.0145618
-0.0145883
-0.0144859
-0.0142481
-0.0138695
-0.0133459
-0.0126743
-0.0118531
-0.0108821
-0.00976249
-0.0084974
-0.00709176
-0.00555223
-0.00388704
-0.00210567
-0.000218735
0.00176204
0.00382371
0.00595204
0.00813148
0.0103453
0.012576
0.0148055
0.0170154
0.019187
0.0213017
0.0233408
0.0252857
0.0271184
0.0288215
0.0303789
0.0317755
0.0329978
0.0340335
0.0348717
0.0355026
0.0359183
0.0361122
0.0360798
0.0358185
0.0353273
0.034607
0.0336596
0.0324888
0.0311
0.0295003
0.027699
0.0257123
0.0235609
0.0212547
0.0188035
0.0162177
0.0135085
0.0106876
0.00776764
0.00476134
0.00168126
-0.00146052
-0.0046523
-0.00788244
-0.011139
-0.0144093
-0.0176804
-0.0209393
-0.0241734
-0.0273705
-0.030519
-0.0336075
-0.0366247
-0.039559
-0.0423994
-0.0451349
-0.0477557
-0.0502521
-0.0526149
-0.0548349
-0.0569031
-0.058811
-0.060551
-0.0621165
-0.0635018
-0.0647018
-0.0657115
-0.066526
-0.0671408
-0.0675518
-0.0677561
-0.0677518
-0.0675376
-0.0671128
-0.0664767
-0.0656293
-0.0645708
-0.0633027
-0.0618274
-0.060148
-0.0582684
-0.0561924
-0.0539243
-0.0514691
-0.0488322
-0.0460199
-0.0430395
-0.0398986
-0.0366055
-0.0331686
-0.0295967
-0.025899
-0.022085
-0.0181645
-0.0141477
-0.0100448
-0.00586664
-0.00162451
0.00266999
0.00700502
0.0113687
0.0157489
0.0201337
0.0245103
0.0288653
0.0331847
0.0374541
0.0416596
0.045788
0.0498267
0.0537637
0.0575868
0.0612833
0.0648402
0.0682446
0.071484
0.074547
0.0774226
0.0801002
0.082569
0.0848179
0.0868363
0.0886139
0.0901414
0.0914103
0.0924127
0.0931408
0.093587
0.093744
0.0936057
0.0931675
0.0924264
0.0913807
0.0900293
0.0883719
0.0864088
0.0841415
0.0815728
0.0787073
0.075551
0.0721109
0.0683947
0.0644106
0.0601676
0.055676
0.0509468
0.0459928
0.0408275
0.0354653
0.0299218
0.0242134
0.0183579
0.0123742
0.00628258
0.000103889
-0.00614016
-0.0124272
-0.0187341
-0.0250367
-0.0313104
-0.0375297
-0.0436695
-0.0497046
-0.0556104
-0.0613628
-0.0669378
-0.0723116
-0.0774606
-0.0823619
-0.0869932
-0.0913331
-0.0953612
-0.0990579
-0.102405
-0.105385
-0.107982
-0.110182
-0.111971
-0.113338
-0.11427
-0.114759
-0.114796
-0.114376
-0.113495
-0.112151
-0.110345
-0.108079
-0.105355
-0.10218
-0.0985617
-0.0945092
-0.0900351
-0.0851536
-0.0798812
-0.0742357
-0.0682373
-0.0619075
-0.0552701
-0.0483502
-0.0411747
-0.0337715
-0.0261697
-0.0183994
-0.0104921
-0.00248
0.00560379
0.0137258
0.0218522
0.0299495
0.0379838
0.0459214
0.0537286
0.0613722
0.0688197
0.0760395
0.0830013
0.089676
0.0960355
0.102053
0.107703
0.112961
0.117806
0.122217
0.126176
0.129665
0.13267
0.135179
0.137179
0.138665
0.139628
0.140067
0.13998
0.139366
0.138231
0.136577
0.134414
0.131752
0.128604
0.124985
0.120911
0.116403
0.11148
0.106165
0.100484
0.094463
0.0881288
0.0815107
0.0746385
0.0675436
0.0602584
0.0528164
0.0452518
0.0375989
0.0298925
0.0221671
0.0144578
0.00679993
-0.000771209
-0.00822057
-0.015514
-0.0226184
-0.0295022
-0.0361351
-0.0424879
-0.0485325
-0.0542424
-0.0595923
-0.0645589
-0.0691202
-0.0732561
-0.0769483
-0.0801808
-0.08294
-0.0852154
-0.0869995
-0.0882871
-0.0890751
-0.0893618
-0.0891472
-0.0884332
-0.087224
-0.085527
-0.083352
-0.0807117
-0.0776207
-0.0740955
-0.0701543
-0.0658173
-0.0611065
-0.0560461
-0.0506618
-0.0449803
-0.0390298
-0.0328393
-0.026439
-0.0198605
-0.0131368
-0.00630163
0.000610943
0.00756692
0.0145327
0.0214754
0.0283622
0.0351614
0.0418415
0.0483721
0.0547235
0.060867
0.0667745
0.0724187
0.0777729
0.0828121
0.087513
0.0918546
0.0958184
0.0993885
0.102551
0.105295
0.10761
0.10949
0.110928
0.111922
0.112472
0.112579
0.112249
0.111487
0.110301
0.108703
0.106702
0.104314
0.101553
0.098435
0.0949791
0.0912053
0.0871349
0.0827907
0.0781961
0.0733751
0.0683527
0.0631543
0.0578063
0.0523356
0.0467692
0.0411345
0.0354584
0.029768
0.0240896
0.0184498
0.0128742
0.00738825
0.00201628
-0.00321829
-0.00829304
-0.0131866
-0.0178785
-0.0223496
-0.0265819
-0.0305587
-0.0342652
-0.0376879
-0.040815
-0.0436363
-0.0461431
-0.048328
-0.0501853
-0.0517108
-0.0529016
-0.0537566
-0.0542762
-0.0544622
-0.0543183
-0.0538495
-0.0530624
-0.0519646
-0.0505648
-0.0488729
-0.0468999
-0.044658
-0.0421606
-0.0394221
-0.0364577
-0.0332836
-0.0299162
-0.026373
-0.0226716
-0.0188305
-0.0148681
-0.0108031
-0.00665423
-0.00244012
0.00182026
0.00610772
0.010403
0.0146871
0.0189417
0.0231492
0.0272929
0.0313566
0.0353244
0.0391807
0.0429103
0.0464989
0.0499332
0.053201
0.0562911
0.0591931
0.0618971
0.0643942
0.0666768
0.0687384
0.0705738
0.0721788
0.0735499
0.074684
0.0755788
0.0762333
0.0766476
0.0768237
0.0767645
0.0764739
0.075956
0.0752155
0.0742575
0.0730885
0.0717158
0.0701479
0.0683942
0.0664644
0.0643686
0.0621173
0.0597217
0.0571936
0.0545454
0.0517899
0.0489397
0.0460075
0.0430062
0.0399492
0.0368501
0.0337229
0.0305812
0.0274387
0.024308
0.0212019
0.0181329
0.0151134
0.0121562
0.00927324
0.00647607
0.00377531
0.00118086
-0.0012978
-0.00365148
-0.00587128
-0.00794892
-0.00987692
-0.0116488
-0.0132589
-0.0147024
-0.015975
-0.0170728
-0.0179929
-0.0187335
-0.0192937
-0.0196737
-0.0198744
-0.019897
-0.0197433
-0.0194156
-0.0189174
-0.0182531
-0.0174281
-0.0164487
-0.0153216
-0.0140538
-0.0126526
-0.0111261
-0.00948317
-0.00773305
-0.00588564
-0.00395099
-0.00193921
0.000139478
0.00227461
0.00445537
0.00667064
0.00890914
0.0111597
0.0134115
0.0156537
0.0178758
0.0200675
0.0222184
0.0243185
0.026358
0.0283279
0.0302195
0.0320245
0.0337348
0.0353429
0.036842
0.0382257
0.0394889
0.0406269
0.0416358
0.0425119
0.0432518
0.0438529
0.0443133
0.0446323
0.0448102
0.0448483
0.0447483
0.0445125
0.0441434
0.0436443
0.0430188
0.0422715
0.041408
0.0404342
0.0393563
0.0381809
0.0369147
0.0355646
0.0341382
0.0326432
0.0310878
0.0294802
0.027829
0.0261426
0.0244296
0.0226986
0.0209582
0.0192173
0.0174843
0.0157675
0.0140749
0.0124143
0.010793
0.00921849
0.00769752
0.00623665
0.00484186
0.00351861
0.00227186
0.00110609
2.5341e-05
-0.000966895
-0.00186779
-0.00267527
-0.00338798
-0.00400518
-0.00452655
-0.00495211
-0.00528223
-0.00551784
-0.00566053
-0.00571271
-0.00567748
-0.00555842
-0.0053593
-0.00508396
-0.00473633
-0.00432059
-0.00384141
-0.00330403
-0.00271415
-0.00207774
-0.00140081
-0.000689308
5.09142e-05
0.000813934
0.0015937
0.00238405
0.00317885
0.00397215
0.00475834
0.00553216
0.00628858
0.00702276
0.00772999
0.00840578
0.00904603
0.0096471
0.0102059
0.0107197
0.0111862
0.0115984
0.0119522
0.0122456
0.0124776
0.0126477
0.012756
0.0128033
0.0127906
0.0127197
0.0125927
0.0124124
0.0121822
0.0119063
0.0115889
0.0112348
0.0108485
0.0104344
0.00999716
0.00954122
0.00907132
0.00859238
0.00810941
0.00762725
0.00715035
0.00668263
0.0062274
0.00578747
0.00536532
0.00496322
0.00458328
0.00422741
0.0038972
0.00359378
0.00331774
0.00306922
0.00284788
0.0026531
0.00248395
0.00233931
0.00221788
0.00211815
0.00203848
0.00197705
0.00193189
0.00190088
0.00188182
0.00187241
0.00187043
0.00187372
0.00188028
0.00188824
0.00189585
0.00190142
0.00190336
0.0019002
0.00189072
0.00187401
0.00184946
0.00181676
0.00177582
0.00172671
0.00166961
0.00160486
0.00153296
0.00145461
0.00137066
0.00128211
0.00119002
0.00109553
0.00099976
0.000903861
0.000808974
0.000716214
0.000626639
0.000541216
0.000460793
0.000386084
0.00031767
0.000255988
0.000201337
0.000153865
0.000113565
8.02706e-05
5.36624e-05
3.32754e-05
1.85141e-05
8.66731e-06
2.92302e-06
3.84673e-07
0
0
0
0
0
0
0
0
0
0
0
0
0
0
0
0
0
0
0
0
0
0
0
0
0
0
0
0
0
0
0
0
0
0
0
0
0
0
0
0
0
0
0
0
0
0
0
0
0
0
0
0
0
0
0
0
0
0
0
0
0
0
0
0
0
0
0
0
0
0
0
0
0
0
0
0
0
0
0
0
0
0
0
0
0
0
0
0
0
0
0
0
0
0
0
0
0
0
0
0
0
0
0
4.30727e-06
2.76916e-05
7.1176e-05
0.000134155
0.000215645
0.000314314
0.000428501
0.000556253
0.000695366
0.000843432
0.000997909
0.00115617
0.00131557
0.00147346
0.00162723
0.00177441
0.00191267
0.00203993
0.00215442
0.00225464
0.00233946
0.00240815
0.00246034
0.00249618
0.00251628
0.00252173
0.00251397
0.00249464
0.00246554
0.00242862
0.00238615
0.00234083
0.00229584
0.0022548
0.00222151
0.0021998
0.00219331
0.00220551
0.00223975
0.00229944
0.00238813
0.00250936
0.00266654
0.00286272
0.00310051
0.00338207
0.00370919
0.00408329
0.00450542
0.00497614
0.00549545
0.00606285
0.00667745
0.00733814
0.00804365
0.00879244
0.00958248
0.0104111
0.011275
0.0121702
0.0130928
0.0140389
0.0150049
0.0159877
0.0169841
0.0179908
0.0190042
0.0200202
0.0210348
0.022044
0.0230436
0.02403
0.025
0.0259508
0.0268808
0.0277884
0.0286726
0.029532
0.0303652
0.03117
0.0319443
0.0326862
0.0333947
0.0340693
0.03471
0.0353169
0.0358896
0.0364277
0.0369307
0.0373979
0.0378363
0.0382618
0.0386757
0.0390774
0.0394654
0.0398392
0.0401979
0.0405413
0.0408697
0.0411826
0.0414809
0.0417639
0.0420301
0.0422778
0.0425038
0.0427079
0.0428888
0.0430454
0.0431763
0.0432785
0.0433521
0.0433953
0.0434061
0.0433824
0.0433201
0.0432188
0.043077
0.0428932
0.0426666
0.0423946
0.042078
0.0417159
0.0413071
0.0408514
0.0403474
0.0397973
0.0392018
0.0385617
0.0378772
0.0371481
0.0363752
0.0355597
0.0347038
0.0338104
0.0328833
0.0319237
0.0309335
0.0299146
0.0288697
0.0278056
0.026724
0.0256303
0.0245294
0.0234263
0.0223302
0.0212413
0.0201649
0.0191071
0.0180741
0.0170785
0.016119
0.015201
0.0143303
0.0135131
0.012764
0.0120811
0.0114696
0.0109335
0.0104763
0.0101094
0.00982857
0.00963839
0.00954367
0.0095484
0.00966262
0.00988036
0.0102024
0.0106298
0.0111642
0.0118124
0.0125712
0.0134409
0.0144202
0.0155064
0.0166971
0.0179886
0.0193778
0.0208618
0.0224372
0.0240945
0.0258334
0.0276478
0.0295316
0.0314783
0.0334698
0.0355106
0.0375932
0.03971
0.0418534
0.043998
0.0461542
0.0483138
0.0504678
0.0526066
0.0546967
0.0567521
0.058764
0.0607242
0.0626246
0.0644298
0.0661579
0.0677995
0.0693454
0.0707872
0.0720907
0.0732761
0.0743374
0.0752679
0.076061
0.0766872
0.0771631
0.0774834
0.0776434
0.0776392
0.0774533
0.0770961
0.0765648
0.0758576
0.0749735
0.0739121
0.0726739
0.0712593
0.0696687
0.0679034
0.0659822
0.0638925
0.0616397
0.0592302
0.0566708
0.0540032
0.0511991
0.0482656
0.0452108
0.0420442
0.0388294
0.0355265
0.0321489
0.0287103
0.0252244
0.0217706
0.0182979
0.0148212
0.0113562
0.00791974
0.00460082
0.00134594
-0.00182646
-0.00489771
-0.0078493
-0.0105949
-0.0131857
-0.015605
-0.017836
-0.0198621
-0.0216117
-0.0231218
-0.0243754
-0.0253566
-0.026051
-0.0264167
-0.0264725
-0.0262085
-0.0256159
-0.024686
-0.0234159
-0.0217951
-0.0198203
-0.0174904
-0.0148069
-0.0118168
-0.00848106
-0.00480569
-0.000798553
0.00353018
0.008084
0.0129312
0.0180545
0.0234349
0.0290526
0.0347683
0.0406774
0.046755
0.0529733
0.0593024
0.0655697
0.0718853
0.0782177
0.0845355
0.0908063
0.0968486
0.102776
0.108553
0.114145
0.119516
0.124499
0.129195
0.133571
0.137594
0.141233
0.144355
0.147033
0.149241
0.150954
0.152151
0.152765
0.152822
0.152307
0.151205
0.149507
0.147224
0.144331
0.140826
0.136708
0.131982
0.126746
0.120917
0.11451
0.107541
0.10003
0.0921606
0.0837981
0.0749712
0.0657126
0.0560584
0.0462632
0.0361515
0.0257655
0.0151494
0.00434977
-0.00633706
-0.0171081
-0.0279113
-0.0386936
-0.0494009
-0.0597301
-0.0698753
-0.0797812
-0.0893917
-0.0986507
-0.107287
-0.115465
-0.123135
-0.130249
-0.13676
-0.14247
-0.147488
-0.151773
-0.155289
-0.158003
-0.159825
-0.160791
-0.16088
-0.160073
-0.158353
-0.155755
-0.152228
-0.147772
-0.142393
-0.1361
-0.129062
-0.121143
-0.112364
-0.102753
-0.0923459
-0.0814372
-0.069816
-0.0575315
-0.0446366
-0.0311886
-0.0175787
-0.00354168
0.0108544
0.025538
0.0404352
0.0551031
0.0698339
0.0845509
0.0991768
0.113634
0.127483
0.141011
0.154144
0.166811
0.17894
0.190152
0.200686
0.210477
0.21946
0.227577
0.234556
0.240566
0.24556
0.2495
0.25235
0.253994
0.254494
0.253834
0.252001
0.248989
0.244854
0.239544
0.23307
0.225448
0.216705
0.207073
0.196384
0.18468
0.172005
0.158407
0.144269
0.129322
0.113628
0.0972568
0.0802797
0.0631933
0.0456531
0.0277387
0.00953254
-0.00888021
-0.0269466
-0.0450481
-0.0630998
-0.0810173
-0.0987164
-0.115654
-0.132206
-0.148289
-0.163822
-0.178726
-0.192531
-0.205563
-0.217757
-0.22905
-0.239383
-0.248416
-0.256384
-0.263242
-0.268949
-0.27347
-0.276637
-0.278568
-0.279247
-0.278662
-0.276811
-0.273719
-0.269368
-0.263771
-0.256944
-0.248913
-0.239893
-0.229736
-0.218484
-0.206186
-0.192894
-0.178994
-0.164218
-0.148629
-0.132295
-0.115287
-0.0981113
-0.0804131
-0.0622708
-0.0437652
-0.0249788
-0.00648076
0.0121325
0.0307787
0.0493752
0.0678393
0.0856026
0.10307
0.120162
0.136801
0.152915
0.168002
0.182429
0.196133
0.209056
0.221141
0.232004
0.24193
0.250879
0.258814
0.265706
0.271331
0.275869
0.279306
0.281632
0.282846
0.282898
0.28185
0.279712
0.276503
0.272245
0.26706
0.260884
0.253753
0.245707
0.236793
0.227283
0.217
0.205997
0.194329
0.182053
0.169557
0.156575
0.143171
0.129404
0.115338
0.101415
0.0873135
0.0730958
0.0588233
0.0445571
0.0307549
0.0170758
0.00357484
-0.00969467
-0.0226811
-0.0349638
-0.0468676
-0.0583492
-0.0693676
-0.079885
-0.0895562
-0.0986602
-0.107169
-0.11506
-0.122313
-0.128688
-0.134397
-0.139431
-0.143783
-0.14745
-0.150307
-0.152484
-0.153989
-0.154833
-0.15503
-0.15457
-0.153497
-0.15183
-0.14959
-0.146797
-0.143541
-0.139781
-0.135545
-0.130861
-0.125758
-0.120404
-0.114692
-0.108654
-0.102319
-0.0957181
-0.089072
-0.0822228
-0.0752018
-0.0680407
-0.0607706
-0.0536386
-0.0464561
-0.0392502
-0.0320465
-0.0248696
-0.017967
-0.0111351
-0.00439264
0.00224297
0.00875557
0.0149158
0.0209228
0.0267624
0.0324212
0.037887
0.0429596
0.0478205
0.052463
0.0568811
0.0610695
0.0648667
0.0684252
0.0717422
0.0748161
0.0776467
0.0801165
0.0823458
0.0843366
0.0860912
0.0876123
0.0888247
0.089811
0.0905764
0.0911269
0.0914684
0.0915684
0.0914697
0.0911762
0.0906916
0.0900198
0.0891667
0.0881377
0.0869403
0.0855823
0.0840715
0.0824529
0.0806944
0.0788015
0.0767796
0.0746341
0.0724432
0.0701399
0.0677295
0.0652171
0.0626079
0.0600104
0.0573269
0.0545633
0.0517256
0.0488195
0.0459781
0.0430784
0.040125
0.0371227
0.0340763
0.0311346
0.0281582
0.0251516
0.0221201
0.01907
0.0161588
0.0132441
0.0103343
0.00743734
0.00456041
0.00185365
-0.000820717
-0.00345651
-0.00604668
-0.00858338
-0.0109346
-0.0132165
-0.015422
-0.0175444
-0.0195769
-0.0214208
-0.0231598
-0.0247756
-0.026253
-0.0275817
-0.028704
-0.0296613
-0.030447
-0.0310557
-0.0314831
-0.0317254
-0.0317825
-0.0316552
-0.0313463
-0.0308604
-0.0302475
-0.0294686
-0.0285309
-0.0274427
-0.0262139
-0.0249358
-0.0235379
-0.0220327
-0.0204331
-0.0187522
-0.0171039
-0.0153985
-0.0136502
-0.0118742
-0.0100862
-0.00840487
-0.00673754
-0.00509742
-0.00349654
-0.00194601
-0.000545743
0.000788568
0.00204802
0.00322446
0.00431088
0.00523657
0.00606696
0.00679981
0.00743374
0.00796798
0.00836554
0.00866663
0.00887322
0.00898857
0.00901713
0.00895343
0.00881536
0.00860935
0.00834208
0.00802047
0.00765935
0.0072576
0.00682266
0.00636194
0.00588272
0.005409
0.00492853
0.00444782
0.00397307
0.00351
0.00308146
0.00267114
0.00228252
0.00191852
0.00158161
0.00128721
0.00102094
0.000783879
0.000576507
0.000398675
0.000256971
0.000140985
4.91984e-05
-2.02039e-05
-6.93123e-05
-9.79049e-05
-0.00011206
-0.000114379
-0.000107507
-9.40531e-05
-7.61711e-05
-5.67747e-05
-3.79347e-05
-2.14759e-05
-8.94602e-06
-1.58519e-06
0
0
0
0
0
0
0
0
0
0
0
0
0
0
0
0
0
0
0
0
0
0
0
0
0
0
0
0
0
0
0
0
0
0
0
0
0
0
0
0
0
0
0
0
0
0
0
0
0
0
0
0
0
0
0
0
0
0
0
0
0
0
0
0
0
0
0
0
0
0
0
0
0
0
0
0
0
0
0
0
0
0
0
0
0
0
0
0
0
0
0
0
0
0
0
0
0
0
0
0
0
0
0
0
0
0
0
0
0
0
0
0
0
