0
0
0
0
0
0
0
0
0
0
0
0
0
0
0
0
0
0
0
0
0
0
0
0
0
0
0
0
0
0
0
0
0
0
0
0
0
0
0
0
0
0
0
0
0
0
0
0
0
0
0
0
0
0
0
0
0
0
0
0
0
0
0
-1.05768e-06
-5.49464e-05
-0.000193832
-0.000421185
-0.000738807
-0.00114692
-0.00164423
-0.00222804
-0.0028943
-0.00363774
-0.00445201
-0.00532983
-0.00626321
-0.00724362
-0.00826208
-0.00930929
-0.0103756
-0.0114513
-0.0125264
-0.013591
-0.0146357
-0.0156512
-0.0166287
-0.0175594
-0.0184348
-0.0192466
-0.0199861
-0.0206453
-0.021216
-0.0216907
-0.0220622
-0.0223237
-0.0224691
-0.0224928
-0.0223895
-0.0221544
-0.0217828
-0.0212697
-0.0206101
-0.0197987
-0.0188301
-0.0176994
-0.0164022
-0.0149344
-0.0132931
-0.0114758
-0.00948082
-0.00730696
-0.00495366
-0.00242098
0.000290095
0.00317724
0.00623626
0.00946078
0.0128423
0.0163706
0.0200343
0.0238219
0.0277212
0.0317191
0.0358006
0.0399481
0.0441404
0.0483536
0.0525611
0.0567347
0.0608455
0.0648639
0.0687601
0.0725036
0.0760635
0.0794092
0.0825101
0.0853368
0.0878606
0.0900543
0.0918914
0.093347
0.0943972
0.0950201
0.0951959
0.0949082
0.0941443
0.0928966
0.0911622
0.0889433
0.0862462
0.0830807
0.0794591
0.0753963
0.0709111
0.0660518
0.0608457
0.0553103
0.0494659
0.0433356
0.0369447
0.0303206
0.0234921
0.0164892
0.00934274
0.00208389
-0.00525563
-0.0126438
-0.0200482
-0.027436
-0.0347745
-0.0420306
-0.049171
-0.0561622
-0.06297
-0.0695597
-0.0758964
-0.081946
-0.0876757
-0.0930558
-0.0980592
-0.102662
-0.106844
-0.110588
-0.113878
-0.116702
-0.119049
-0.120909
-0.122275
-0.12314
-0.123498
-0.123347
-0.122689
-0.12153
-0.119876
-0.117736
-0.115121
-0.112041
-0.108509
-0.104543
-0.100162
-0.0953904
-0.0902531
-0.0847771
-0.0789896
-0.0729186
-0.0665933
-0.0600448
-0.0533056
-0.0464089
-0.0393876
-0.0322742
-0.0251014
-0.0179031
-0.0107141
-0.00356984
0.00349518
0.0104485
0.0172602
0.0239026
0.0303487
0.0365716
0.0425444
0.0482412
0.0536387
0.058716
0.0634554
0.0678405
0.0718566
0.0754897
0.078728
0.0815625
0.0839876
0.0860006
0.0876012
0.0887903
0.0895701
0.0899447
0.0899205
0.0895066
0.088714
0.0875554
0.0860436
0.0841926
0.0820177
0.0795364
0.0767687
0.0737354
0.0704574
0.0669541
0.0632441
0.0593453
0.055277
0.0510601
0.0467172
0.042271
0.0377436
0.0331557
0.0285272
0.0238774
0.0192261
0.0145927
0.00999644
0.00545536
0.000986796
-0.00339215
-0.00766402
-0.011811
-0.0158159
-0.0196632
-0.02334
-0.0268366
-0.030145
-0.0332588
-0.0361719
-0.0388786
-0.0413746
-0.0436573
-0.0457261
-0.0475821
-0.0492278
-0.0506667
-0.0519036
-0.0529444
-0.0537969
-0.0544696
-0.0549711
-0.0553095
-0.0554918
-0.0555247
-0.055415
-0.0551699
-0.054797
-0.0543037
-0.0536961
-0.0529794
-0.0521577
-0.0512348
-0.0502142
-0.049099
-0.0478913
-0.0465915
-0.0451982
-0.0437094
-0.0421229
-0.0404368
-0.0386499
-0.036761
-0.0347683
-0.0326694
-0.0304615
-0.0281417
-0.0257067
-0.0231531
-0.0204762
-0.0176707
-0.014731
-0.0116521
-0.00843098
-0.00506686
-0.00156045
0.00208702
0.00587487
0.0098033
0.0138729
0.0180835
0.0224338
0.0269204
0.0315383
0.0362811
0.0411411
0.0461091
0.0511742
0.0563235
0.0615431
0.0668177
0.0721319
0.0774695
0.0828133
0.0881448
0.0934436
0.098688
0.103855
0.108919
0.113857
0.118641
0.123244
0.127639
0.131799
0.135696
0.139305
0.1426
0.145556
0.148149
0.150354
0.152148
0.153508
0.154413
0.154845
0.154784
0.154214
0.153121
0.151491
0.149315
0.146588
0.143307
0.139474
0.135089
0.130158
0.124687
0.118684
0.112162
0.105138
0.0976308
0.0896654
0.0812691
0.0724731
0.0633113
0.0538196
0.0440348
0.0339951
0.0237396
0.0133097
0.00274974
-0.00789306
-0.0185688
-0.0292261
-0.0398129
-0.0502769
-0.0605648
-0.0706224
-0.0803937
-0.0898225
-0.0988532
-0.107432
-0.11551
-0.123039
-0.129976
-0.136278
-0.141906
-0.146822
-0.150991
-0.154381
-0.156964
-0.158714
-0.159608
-0.159625
-0.158751
-0.156976
-0.154296
-0.150715
-0.14624
-0.140883
-0.134664
-0.127604
-0.119731
-0.111079
-0.101685
-0.0915882
-0.0808323
-0.0694612
-0.0575223
-0.0450663
-0.0321484
-0.0188278
-0.00516711
0.00876839
0.0229116
0.0371936
0.0515433
0.0658873
0.0801507
0.0942574
0.108131
0.121698
0.134886
0.147624
0.159845
0.171487
0.182488
0.192794
0.202352
0.211119
0.219051
0.226115
0.232279
0.237517
0.241809
0.245139
0.247498
0.248881
0.249288
0.248723
0.247196
0.244723
0.241323
0.237019
0.231844
0.22583
0.219017
0.211448
0.203168
0.194224
0.184668
0.174552
0.163934
0.152873
0.14143
0.129668
0.11765
0.105438
0.0930971
0.0806892
0.0682782
0.0559275
0.0436991
0.0316532
0.0198477
0.00833827
-0.00282197
-0.013582
-0.0238934
-0.033711
-0.042993
-0.0517017
-0.059803
-0.0672665
-0.0740655
-0.080177
-0.0855822
-0.0902665
-0.0942194
-0.097434
-0.0999071
-0.101639
-0.102634
-0.102901
-0.102454
-0.101312
-0.0994943
-0.0970261
-0.0939326
-0.0902415
-0.085983
-0.0811911
-0.0759026
-0.0701569
-0.0639951
-0.0574588
-0.0505903
-0.043432
-0.0360271
-0.0284191
-0.0206518
-0.0127689
-0.00481381
0.00317017
0.0111398
0.0190525
0.0268665
0.0345424
0.042043
0.0493337
0.0563816
0.0631552
0.0696241
0.0757598
0.0815368
0.0869332
0.0919311
0.0965157
0.100675
0.104397
0.107675
0.110501
0.112875
0.114797
0.11627
0.117302
0.117898
0.118068
0.117823
0.117178
0.116149
0.114756
0.113019
0.110959
0.108596
0.105955
0.103061
0.0999385
0.0966165
0.0931212
0.0894785
0.0857133
0.0818506
0.0779165
0.0739378
0.0699415
0.0659527
0.0619945
0.0580873
0.0542504
0.0505028
0.0468637
0.0433517
0.039984
0.0367753
0.033737
0.0308786
0.0282081
0.0257327
0.023459
0.021392
0.0195347
0.0178881
0.0164511
0.0152215
0.0141964
0.0133715
0.0127413
0.0122986
0.0120345
0.0119392
0.0120024
0.0122137
0.0125624
0.0130375
0.013627
0.0143187
0.0151002
0.0159593
0.0168841
0.0178626
0.0188833
0.0199345
0.0210057
0.0220872
0.0231702
0.0242467
0.0253082
0.026346
0.0273512
0.028316
0.0292346
0.0301028
0.0309176
0.0316766
0.032377
0.0330155
0.0335897
0.0340988
0.0345436
0.0349264
0.0352496
0.0355155
0.0357259
0.0358829
0.0359897
0.0360509
0.0360714
0.0360555
0.0360068
0.0359282
0.0358231
0.0356968
0.0355562
0.0354088
0.0352611
0.0351172
0.0349794
0.0348489
0.0347281
0.0346212
0.0345338
0.0344713
0.0344371
0.0344322
0.0344559
0.0345064
0.034583
0.0346856
0.0348142
0.0349681
0.0351454
0.0353431
0.0355584
0.0357888
0.0360321
0.0362858
0.0365461
0.0368084
0.0370671
0.0373171
0.0375543
0.0377756
0.0379779
0.0381581
0.0383119
0.0384351
0.0385235
0.0385736
0.0385828
0.0385483
0.0384677
0.0383383
0.0381583
0.0379267
0.0376437
0.0373099
0.0369259
0.0364918
0.0360075
0.035474
0.0348935
0.0342701
0.0336084
0.0329129
0.0321872
0.0314344
0.0306575
0.0298603
0.029048
0.0282263
0.0274006
0.0265758
0.0257563
0.0249468
0.0241527
0.02338
0.0226352
0.0219239
0.0212507
0.02062
0.0200363
0.0195052
0.0190324
0.0186234
0.0182816
0.0180087
0.017805
0.0176712
0.0176092
0.017622
0.0177123
0.0178809
0.0181262
0.0184443
0.0188315
0.0192852
0.0198016
0.0203718
0.0209927
0.0216585
0.0223605
0.0230883
0.0238323
0.024585
0.0253412
0.0260962
0.0268442
0.0275771
0.0282851
0.0289574
0.0295847
0.0301594
0.0306757
0.0311288
0.0315138
0.0318256
0.0320592
0.0322101
0.032275
0.0322519
0.0321395
0.0319371
0.0316443
0.0312612
0.0307886
0.0302285
0.0295841
0.0288598
0.0280612
0.0271949
0.0262674
0.0252857
0.0242563
0.0231853
0.022079
0.0209437
0.0197862
0.0186139
0.0174345
0.016256
0.0150857
0.0139306
0.012797
0.0116905
0.0106165
0.00957994
0.00858529
0.00763671
0.00673778
0.00589147
0.00510002
0.00436497
0.00368721
0.00306705
0.00250435
0.00199853
0.00154857
0.00115287
0.000809245
0.000514938
0.000266846
6.172e-05
-0.000103664
-0.000232488
-0.000328009
-0.000393697
-0.00043329
-0.0004507
-0.000449811
-0.000434271
-0.000407378
-0.000372092
-0.0003311
-0.000286884
-0.000241713
-0.000197579
-0.00015613
-0.00011863
-8.59705e-05
-5.87085e-05
-3.70841e-05
-2.10243e-05
-1.0136e-05
-3.71163e-06
-7.54178e-07
-9.99205e-09
0
0
0
0
0
0
0
0
0
0
0
0
0
0
0
0
0
0
0
0
0
0
0
0
0
0
0
0
0
0
0
0
0
0
0
0
0
0
0
0
0
0
0
0
0
0
0
0
0
0
0
0
0
0
0
0
0
0
0
0
0
0
0
0
0
0
0
0
0
0
0
0
0
0
0
0
0
0
0
0
0
0
0
0
0
0
0
0
0
0
0
0
0
0
0
0
0
0
0
0
0
0
0
0
0
0
0
0
0
0
0
0
0
0
0
0
0
0
0
0
0
0
0
0
0
0
0
0
0
0
0
0
0
0
0
0
0
0
0
0
0
0
0
0
0
0
0
0
0
0
0
0
0
0
0
0
0
0
0
0
0
0
0
0
0
0
0
0
0
0
0
0
0
0
0
0
0
0
0
0
0
0
0
0
0
0
0
0
0
0
0
0
0
0
0
0
0
0
0
0
0
5.27336e-08
1.9446e-06
6.29402e-06
1.2762e-05
2.10285e-05
3.08008e-05
4.18213e-05
5.38723e-05
6.67776e-05
8.04025e-05
9.46548e-05
0.000109488
0.000124901
0.000140939
0.000157688
0.00017528
0.000193909
0.000213835
0.000235389
0.00025895
0.000284911
0.000313658
0.000345553
0.000380959
0.000420272
0.000463933
0.00051242
0.000566194
0.000625655
0.000691136
0.000762924
0.000841309
0.000926585
0.00101901
0.00111876
0.00122586
0.00134023
0.00146176
0.00159037
0.00172604
0.00186875
0.00201828
0.00217417
0.0023357
0.002502
0.00267222
0.00284559
0.00302143
0.00319901
0.00337746
0.00355575
0.00373269
0.00390711
0.00407789
0.00424395
0.00440419
0.00455739
0.00470231
0.00483782
0.00496299
0.00507712
0.00517943
0.00526912
0.00534522
0.00540673
0.00545292
0.00548332
0.00549796
0.00549711
0.00548105
0.00544998
0.00540386
0.00534282
0.0052673
0.00517806
0.00507609
0.00496225
0.00483732
0.00470206
0.00455748
0.00440504
0.00424661
0.00408425
0.00391983
0.00375485
0.00359041
0.00342772
0.00326822
0.00311367
0.00296603
0.00282697
0.00269908
0.0025834
0.00248029
0.00239015
0.00231334
0.00225087
0.00220338
0.00217126
0.00215459
0.00215294
0.00216671
0.00219596
0.00224063
0.00230033
0.0023737
0.00246016
0.00255864
0.00266839
0.00278904
0.00291974
0.00306051
0.00321017
0.00336693
0.00352869
0.00369296
0.00385883
0.00402524
0.0041913
0.00435595
0.00451735
0.00467427
0.00482504
0.00496814
0.00510229
0.00522616
0.0053387
0.00543861
0.00552462
0.00559564
0.00565116
0.00569039
0.0057129
0.00571811
0.00570534
0.00567473
0.00562514
0.0055567
0.00546991
0.00536549
0.0052454
0.00510854
0.004955
0.00478492
0.00459881
0.00439965
0.00418688
0.00396213
0.00372702
0.00348296
0.00323368
0.00297788
0.00271685
0.00245212
0.00218549
0.00192169
0.00166017
0.00140304
0.00115222
0.000909419
0.000678651
0.000458897
0.000251735
5.89433e-05
-0.00011753
-0.000273932
-0.000410316
-0.000525258
-0.000617645
-0.000686543
-0.000730457
-0.000749013
-0.000741272
-0.000706449
-0.000644041
-0.000554963
-0.000438038
-0.000293247
-0.000120532
8.01095e-05
0.000305233
0.000557405
0.000835581
0.00113846
0.00146468
0.00180759
0.0021713
0.0025544
0.00295514
0.00337134
0.0037932
0.00422556
0.00466599
0.00511213
0.00556165
0.00600332
0.00644313
0.00687822
0.00730568
0.00772263
0.0081172
0.00849547
0.00885435
0.00919065
0.00950127
0.00977538
0.0100187
0.010229
0.0104043
0.0105422
0.0106349
0.0106853
0.0106914
0.0106512
0.0105636
0.010426
0.010239
0.0100017
0.0097134
0.00937375
0.00898671
0.00854919
0.00806201
0.00752597
0.0069418
0.00632009
0.00565261
0.00494146
0.00418937
0.00339937
0.00258996
0.00174851
0.000877884
-1.86933e-05
-0.000937426
-0.00185365
-0.00278302
-0.00372092
-0.00466289
-0.00560459
-0.00651837
-0.00742245
-0.00831154
-0.00918016
-0.010023
-0.0108118
-0.0115651
-0.0122782
-0.0129461
-0.0135633
-0.014105
-0.0145859
-0.0150019
-0.0153492
-0.0156244
-0.0158107
-0.0159176
-0.0159415
-0.0158791
-0.015728
-0.0154833
-0.015147
-0.0147179
-0.0141951
-0.0135781
-0.0128756
-0.0120794
-0.011191
-0.0102123
-0.00914521
-0.00801352
-0.00679808
-0.00550211
-0.00412989
-0.0026867
-0.00121167
0.00032245
0.00190982
0.00354466
0.00522087
0.00688972
0.00858568
0.0103006
0.0120261
0.0137536
0.0154283
0.0170881
0.018724
0.0203268
0.0218874
0.0233522
0.0247579
0.0260968
0.027361
0.0285425
0.0295954
0.0305484
0.0313936
0.0321239
0.0327336
0.0331943
0.0335248
0.0337208
0.0337776
0.0336912
0.0334531
0.0330669
0.032532
0.0318484
0.0310169
0.0300534
0.0289445
0.0276925
0.0263009
0.0247741
0.0231528
0.0214071
0.019543
0.0175674
0.0154883
0.0133677
0.0111623
0.0088821
0.0065374
0.00413845
0.00176091
-0.000649981
-0.00308298
-0.00552609
-0.00796686
-0.0103228
-0.0126518
-0.0149421
-0.0171822
-0.0193605
-0.0213996
-0.0233542
-0.0252136
-0.0269672
-0.0286052
-0.0300645
-0.0313899
-0.0325732
-0.0336066
-0.0344833
-0.0351631
-0.0356748
-0.0360142
-0.0361777
-0.0361628
-0.0359586
-0.0355734
-0.0350072
-0.0342609
-0.0333361
-0.0322527
-0.0309967
-0.0295721
-0.0279844
-0.0262399
-0.0243886
-0.0223955
-0.0202687
-0.0180173
-0.0156506
-0.0132421
-0.0107388
-0.00815157
-0.00549185
-0.00277161
-8.00375e-05
0.00264744
0.0053984
0.00816048
0.0109214
0.0135878
0.0162289
0.0188327
0.0213871
0.0238798
0.0262232
0.0284828
0.0306487
0.0327116
0.0346625
0.0364303
0.0380683
0.0395682
0.0409226
0.0421255
0.0431311
0.0439767
0.0446592
0.0451757
0.0455234
0.0456843
0.045673
0.0454895
0.0451351
0.0446117
0.0439326
0.0430904
0.0420891
0.0409334
0.0396287
0.0382162
0.0366669
0.0349874
0.0331848
0.0312669
0.0292975
0.0272315
0.0250791
0.0228504
0.0205547
0.0182685
0.0159333
0.0135583
0.0111542
0.00873198
0.00637564
0.00402347
0.00168525
-0.000630018
-0.00291365
-0.00508762
-0.00721221
-0.00927847
-0.0112778
-0.0132024
-0.0149862
-0.0166819
-0.0182832
-0.019784
-0.0211782
-0.0224174
-0.0235406
-0.0245447
-0.0254275
-0.0261868
-0.0267967
-0.0272797
-0.0276347
-0.0278614
-0.0279605
-0.027929
-0.0277732
-0.0274951
-0.027097
-0.0265812
-0.0259656
-0.0252397
-0.0244083
-0.0234763
-0.0224487
-0.0213604
-0.0201863
-0.0189318
-0.0176028
-0.0162059
-0.014789
-0.0133175
-0.0117977
-0.0102359
-0.00863846
-0.00705946
-0.00545826
-0.00384164
-0.00221606
-0.000587535
0.000989619
0.00255881
0.00411462
0.00565142
0.0071635
0.00859974
0.0100006
0.0113615
0.0126784
0.0139475
0.0151264
0.0162508
0.0173175
0.0183238
0.0192671
0.0201154
0.0208962
0.0216076
0.0222481
0.0228168
0.023294
0.0236984
0.0240302
0.0242894
0.0244763
0.0245833
0.0246197
0.0245867
0.0244862
0.02432
0.0240915
0.0238012
0.0234511
0.0230437
0.0225817
0.0220783
0.0215261
0.0209279
0.0202868
0.0196057
0.018905
0.0181706
0.0174055
0.0166125
0.0157944
0.0149763
0.0141383
0.0132834
0.0124147
0.0115352
0.0106735
0.00980601
0.00893462
0.00806114
0.00718746
0.00634317
0.00550278
0.00466818
0.00384095
0.0030226
0.00224248
0.00147505
0.000722854
-1.14336e-05
-0.000725608
-0.00139187
-0.00203616
-0.00265837
-0.00325802
-0.00383381
-0.00435969
-0.00485712
-0.00532411
-0.00575963
-0.00616369
-0.00651677
-0.00683968
-0.00713244
-0.00739434
-0.00762434
-0.0078063
-0.00795516
-0.00807128
-0.00815537
-0.00820816
-0.00822097
-0.00820327
-0.00815531
-0.00807739
-0.00797001
-0.00783149
-0.00766452
-0.00746944
-0.00724652
-0.00699611
-0.00672416
-0.00642595
-0.00610218
-0.0057534
-0.00538001
-0.00499555
-0.00458719
-0.00415555
-0.00370157
-0.0032263
-0.00275148
-0.00225743
-0.00174515
-0.00121575
-0.000670612
-0.000138276
0.0004065
0.000962074
0.00152692
0.00209957
0.00264719
0.00319954
0.00375487
0.00431138
0.0048673
0.00538771
0.00590429
0.00641537
0.00691898
0.00741296
0.00786291
0.00829897
0.00871936
0.00912245
0.00950663
0.00984221
0.0101553
0.010444
0.0107067
0.0109417
0.0111273
0.011283
0.0114074
0.0114991
0.0115566
0.0115677
0.0115426
0.011481
0.0113829
0.0112486
0.011078
0.0108708
0.0106265
0.0103454
0.0100276
0.00968622
0.00930996
0.00889973
0.00845633
0.0079805
0.00749609
0.00698136
0.00643782
0.00586731
0.00527185
0.00468539
0.00407861
0.0034542
0.0028151
0.00216432
0.00154202
0.000913047
0.000279245
-0.000357636
-0.000995579
-0.00159286
-0.00218585
-0.00277151
-0.00334696
-0.00390974
-0.00442082
-0.0049145
-0.00538623
-0.00583265
-0.00625034
-0.00660548
-0.00692627
-0.00721089
-0.00745814
-0.0076671
-0.00781609
-0.00792517
-0.0079934
-0.00802015
-0.00800528
-0.00794015
-0.00783517
-0.00769177
-0.00751162
-0.00729658
-0.00705102
-0.00677475
-0.00647025
-0.0061402
-0.00578745
-0.00542704
-0.00504941
-0.00465759
-0.0042547
-0.0038438
-0.00344661
-0.00304629
-0.0026454
-0.00224657
-0.00185254
-0.00148798
-0.00113275
-0.000789309
-0.000459665
-0.000145318
0.000131269
0.000391923
0.000635837
0.000862097
0.00106976
0.00123974
0.00139113
0.00152376
0.00163773
0.00173327
0.00179708
0.00184433
0.00187552
0.00189133
0.00189263
0.00187179
0.00183936
0.00179639
0.00174389
0.00168289
0.00161016
0.00153157
0.00144827
0.00136136
0.00127193
0.00117983
0.00108733
0.000995317
0.000904637
0.000816087
0.00073088
0.000649111
0.00057136
0.000498123
0.000429801
0.000367622
0.000310602
0.000258843
0.000212362
0.000171113
0.000135666
0.000104965
7.88646e-05
5.71604e-05
3.95865e-05
2.60325e-05
1.57582e-05
8.40746e-06
3.60209e-06
9.4426e-07
1.69021e-08
0
0
0
0
0
0
0
0
0
0
0
0
0
0
0
0
0
0
0
0
0
0
0
0
0
0
0
0
0
0
0
0
0
0
0
0
0
0
0
0
0
0
0
0
0
0
0
0
0
0
0
0
0
0
0
0
0
0
0
0
0
0
0
