0
0
0
0
0
0
0
0
0
0
0
0
0
0
0
0
0
0
0
0
0
0
0
0
0
0
0
0
0
0
0
0
0
0
0
0
0
0
0
0
0
0
0
0
0
0
0
0
0
0
0
0
0
0
0
0
0
0
0
0
0
0
0
0
0
0
0
0
0
0
0
0
0
0
0
0
0
0
0
0
0
0
0
0
0
0
0
0
0
0
0
0
0
0
0
0
0
0
0
0
0
0
0
0
0
0
0
0
0
0
0
0
0
0
0
0
0
0
0
0
0
0
0
0
0
0
0
0
0
0
0
0
0
0
0
0
0
0
0
0
0
0
0
0
0
0
0
0
0
0
0
0
0
0
0
0
0
0
0
0
0
0
0
0
0
0
0
0
0
0
0
0
0
0
0
0
0
0
0
0
0
0
0
0
0
0
0
0
0
0
0
0
0
0
0
0
0
0
0
0
0
3.01251e-05
0.00011064
0.000214579
0.000314291
0.000381975
0.0003901
0.000311791
0.000121217
-0.000206047
-0.000692661
-0.00135918
-0.00222376
-0.0033018
-0.00460572
-0.00614466
-0.00792426
-0.0099465
-0.0122096
-0.0147082
-0.0174331
-0.0203717
-0.0235078
-0.0268219
-0.0302911
-0.033889
-0.0375863
-0.0413506
-0.0451472
-0.0489395
-0.0526894
-0.0563577
-0.0599047
-0.06329
-0.0664726
-0.0694111
-0.0720633
-0.0743875
-0.0763421
-0.0778876
-0.0789867
-0.0796058
-0.0797154
-0.0792904
-0.0783098
-0.0767563
-0.0746162
-0.0718794
-0.0685401
-0.064597
-0.0600546
-0.0549224
-0.0492154
-0.0429532
-0.0361598
-0.0288633
-0.0210969
-0.0128989
-0.00431311
0.00461148
0.0138217
0.0232615
0.0328726
0.0425954
0.0523688
0.06213
0.0718147
0.0813578
0.0906938
0.0997581
0.108487
0.116819
0.124693
0.132052
0.138843
0.145018
0.150533
0.15535
0.159437
0.162765
0.16531
0.167049
0.167967
0.168055
0.167311
0.165743
0.163364
0.160198
0.156268
0.151604
0.146236
0.140246
0.133703
0.12664
0.119098
0.11112
0.102754
0.0940482
0.0850474
0.0757922
0.0663204
0.0566701
0.0468831
0.037007
0.0270944
0.0172003
0.00737785
-0.00232515
-0.0118669
-0.0212105
-0.0303202
-0.0391591
-0.0476872
-0.0558632
-0.0636472
-0.0710043
-0.0779066
-0.0843334
-0.0902684
-0.0956973
-0.100604
-0.104973
-0.108784
-0.112023
-0.114677
-0.116743
-0.118222
-0.119121
-0.11945
-0.119219
-0.118441
-0.117127
-0.115292
-0.112951
-0.110127
-0.106842
-0.103123
-0.0989951
-0.0944853
-0.0896179
-0.0844182
-0.0789122
-0.0731282
-0.0670964
-0.0608484
-0.0544158
-0.0478294
-0.0411186
-0.0343111
-0.0274338
-0.0205129
-0.013574
-0.00664121
0.00026331
0.00711993
0.0139115
0.0206226
0.0272389
0.0337466
0.0401317
0.0463812
0.0524825
0.0584245
0.0641971
0.0697912
0.0751979
0.0804093
0.0854184
0.09022
0.0948107
0.0991891
0.103354
0.107306
0.111042
0.11456
0.117856
0.120926
0.123767
0.126378
0.128757
0.130902
0.132811
0.134477
0.135896
0.13706
0.137959
0.138586
0.138933
0.138997
0.138772
0.138255
0.13744
0.136319
0.134882
0.133115
0.131007
0.128544
0.125719
0.122526
0.118964
0.11503
0.110725
0.106048
0.101
0.0955813
0.0897956
0.0836473
0.077143
0.0702911
0.0631025
0.0555908
0.0477724
0.0396665
0.0312939
0.0226767
0.0138385
0.0048047
-0.00439621
-0.0137318
-0.0231656
-0.0326577
-0.0421655
-0.0516449
-0.0610506
-0.0703357
-0.0794524
-0.0883514
-0.096983
-0.105298
-0.113246
-0.120778
-0.127844
-0.134393
-0.140375
-0.145742
-0.150448
-0.154453
-0.157722
-0.160225
-0.161933
-0.16282
-0.162861
-0.162034
-0.16032
-0.157704
-0.154172
-0.149717
-0.144333
-0.138023
-0.130795
-0.122664
-0.113655
-0.103796
-0.0931247
-0.0816804
-0.0695082
-0.0566578
-0.0431844
-0.0291484
-0.014615
0.000346115
0.0156614
0.0312528
0.047038
0.0629304
0.0788398
0.0946744
0.110342
0.12575
0.140807
0.155423
0.169505
0.182963
0.19571
0.207658
0.218727
0.228841
0.237927
0.245916
0.252747
0.258363
0.262714
0.26576
0.267468
0.267811
0.266772
0.26434
0.260512
0.255292
0.248696
0.240746
0.231475
0.220922
0.209137
0.196175
0.182102
0.166988
0.150913
0.13396
0.116218
0.0977848
0.0787611
0.0592548
0.0393779
0.0192455
-0.00102616
-0.0213202
-0.0415192
-0.0615053
-0.0811599
-0.100365
-0.119003
-0.136962
-0.154133
-0.170412
-0.185699
-0.199898
-0.212915
-0.224664
-0.235065
-0.244045
-0.251542
-0.257504
-0.261883
-0.264644
-0.265757
-0.265202
-0.262971
-0.259062
-0.253484
-0.246256
-0.237405
-0.226967
-0.21499
-0.201529
-0.186649
-0.170424
-0.152934
-0.134264
-0.114509
-0.0937691
-0.0721499
-0.0497641
-0.0267284
-0.00316254
0.0208109
0.045067
0.0694787
0.0939167
0.118251
0.142351
0.16609
0.189341
0.211984
0.233901
0.254979
0.275107
0.29418
0.3121
0.328771
0.344104
0.358018
0.370438
0.381297
0.390537
0.398109
0.403972
0.408093
0.410449
0.411027
0.409822
0.406843
0.402108
0.395644
0.387488
0.377685
0.366288
0.353357
0.338962
0.32318
0.306096
0.287799
0.268384
0.247952
0.226607
0.204457
0.181616
0.158198
0.134322
0.110105
0.0856638
0.0611171
0.0365837
0.0121825
-0.0119687
-0.0357556
-0.0590679
-0.0817999
-0.10385
-0.12512
-0.145515
-0.164944
-0.183323
-0.200574
-0.216627
-0.231419
-0.244896
-0.257007
-0.267711
-0.276969
-0.284754
-0.291043
-0.295824
-0.299092
-0.300848
-0.301102
-0.299871
-0.29718
-0.293058
-0.287545
-0.280681
-0.272515
-0.263101
-0.252496
-0.240766
-0.227977
-0.214204
-0.199521
-0.184007
-0.167744
-0.150816
-0.133313
-0.115322
-0.0969347
-0.0782393
-0.0593248
-0.0402796
-0.0211919
-0.00215025
0.0167579
0.035447
0.0538348
0.0718434
0.0893987
0.10643
0.122869
0.13865
0.153711
0.167995
0.181448
0.194023
0.205678
0.216375
0.226081
0.234768
0.242413
0.249
0.254517
0.258957
0.262319
0.264606
0.265825
0.265987
0.265108
0.263211
0.26032
0.256467
0.251683
0.246007
0.239477
0.232138
0.224034
0.215215
0.205733
0.195642
0.184998
0.17386
0.162284
0.150329
0.138054
0.125518
0.11278
0.0999013
0.0869427
0.0739638
0.0610228
0.0481755
0.0354754
0.0229741
0.0107225
-0.00122911
-0.0128312
-0.0240361
-0.0347993
-0.0450802
-0.0548424
-0.0640527
-0.0726805
-0.080697
-0.0880751
-0.0947906
-0.100823
-0.106155
-0.110776
-0.114678
-0.117855
-0.120307
-0.122033
-0.123035
-0.123321
-0.122899
-0.121783
-0.119989
-0.117537
-0.114449
-0.110748
-0.10646
-0.101614
-0.0962397
-0.0903694
-0.084037
-0.0772782
-0.0701306
-0.0626334
-0.0548278
-0.0467557
-0.0384599
-0.0299828
-0.0213667
-0.0126535
-0.00388514
0.00489636
0.0136488
0.0223305
0.0309009
0.0393206
0.0475519
0.0555585
0.0633047
0.0707559
0.0778791
0.0846429
0.0910186
0.0969798
0.102502
0.107563
0.112142
0.11622
0.119779
0.122809
0.125299
0.127245
0.128643
0.129493
0.129794
0.129549
0.128761
0.12744
0.125595
0.12324
0.120392
0.117067
0.113284
0.109063
0.104427
0.0994013
0.0940122
0.0882884
0.0822598
0.0759574
0.0694134
0.0626613
0.0557354
0.0486708
0.0415025
0.0342653
0.0269933
0.0197205
0.0124807
0.00530795
-0.00176383
-0.00870138
-0.0154725
-0.0220466
-0.0283943
-0.0344883
-0.0403026
-0.045813
-0.050997
-0.0558338
-0.0603047
-0.0643923
-0.0680809
-0.0713565
-0.0742069
-0.0766222
-0.0785949
-0.08012
-0.0811946
-0.081818
-0.0819913
-0.0817176
-0.0810022
-0.0798524
-0.0782777
-0.0762898
-0.0739023
-0.0711307
-0.0679924
-0.0645067
-0.0606943
-0.0565771
-0.0521781
-0.0475204
-0.0426277
-0.0375238
-0.0322332
-0.0267812
-0.021194
-0.015499
-0.00972409
-0.00389751
0.00195264
0.00779872
0.0136139
0.0193718
0.0250472
0.0306151
0.0360512
0.0413322
0.0464356
0.0513403
0.0560262
0.0604746
0.0646682
0.0685906
0.0722269
0.0755639
0.07859
0.0812955
0.0836726
0.085715
0.0874178
0.0887778
0.0897932
0.0904639
0.0907849
0.0907178
0.0902603
0.0894198
0.0882057
0.0866302
0.0847079
0.0824561
0.0798948
0.0770457
0.0739317
0.0705768
0.0670051
0.063242
0.0593132
0.0552461
0.0510687
0.0468052
0.0424473
0.0380272
0.0335873
0.0291691
0.0248125
0.0205558
0.0164356
0.0124864
0.00874102
0.0052298
0.00198042
-0.000982612
-0.00363845
-0.0059701
-0.00796453
-0.00961254
-0.0109087
-0.0118512
-0.0124419
-0.0126864
-0.0125938
-0.0121772
-0.0114529
-0.0104405
-0.00916244
-0.00764365
-0.00591117
-0.00399385
-0.00192211
0.000272241
0.00255643
0.00489719
0.00726137
0.00961636
0.0119304
0.0141726
0.0163129
0.0183222
0.020173
0.02184
0.0233006
0.0245349
0.0255264
0.0262612
0.0267277
0.0269174
0.0268242
0.0264457
0.0257821
0.0248363
0.0236132
0.0221202
0.020368
0.0183709
0.0161471
0.0137181
0.0111068
0.00833715
0.00543274
0.0024176
-0.000683077
-0.00384235
-0.00703231
-0.0102249
-0.0133932
-0.0165117
-0.0195555
-0.0225002
-0.0253202
-0.0279901
-0.0304858
-0.0327861
-0.0348773
-0.0367563
-0.0384143
-0.0398417
-0.0410279
-0.0419655
-0.0426486
-0.0430749
-0.0432455
-0.0431626
-0.0428311
-0.0422558
-0.0414435
-0.0404028
-0.0391443
-0.0376809
-0.0360253
-0.0341922
-0.0322076
-0.0300826
-0.027828
-0.025456
-0.0229802
-0.0204141
-0.0177709
-0.0150622
-0.0123007
-0.00950043
-0.00667662
-0.00384552
-0.00101886
0.00179294
0.00458132
0.00733763
0.0100488
0.0127043
0.0152898
0.0177919
0.0202003
0.0225044
0.0247026
0.0267898
0.028759
0.0306015
0.0323029
0.0338587
0.0352613
0.0365051
0.0375863
0.0384969
0.0392402
0.0398147
0.0402191
0.0404512
0.0405027
0.0403748
0.0400646
0.0395714
0.038898
0.0380462
0.0370278
0.0358493
0.0345151
0.0330275
0.0313863
0.0295968
0.0276648
0.0255986
0.0234076
0.0211028
0.0186915
0.0161825
0.0135854
0.0109109
0.0081762
0.0053866
0.00255312
-0.000312941
-0.00319903
-0.00607964
-0.00895097
-0.0117987
-0.0146109
-0.0173783
-0.0200761
-0.0227114
-0.0252715
-0.0277403
-0.0301007
-0.0323161
-0.0343961
-0.0363323
-0.0381179
-0.0397448
-0.0411782
-0.0424297
-0.0434862
-0.0443362
-0.0449703
-0.0453563
-0.0455097
-0.0454223
-0.0450866
-0.0444971
-0.0436314
-0.0425078
-0.0411252
-0.0394806
-0.0375699
-0.0353782
-0.0329147
-0.0301818
-0.0271856
-0.023933
-0.0204328
-0.0166873
-0.0127002
-0.00847609
-0.0040223
0.000631756
0.00549352
0.0105504
0.0157892
0.0211962
0.026717
0.0323723
0.0381436
0.0440135
0.049966
0.0559293
0.061943
0.0679856
0.0740312
0.0800512
0.0859463
0.0917638
0.0974826
0.103082
0.108538
0.113741
0.118738
0.123497
0.127986
0.13218
0.13598
0.139441
0.14254
0.14525
0.147544
0.149332
0.150655
0.151493
0.151827
0.151638
0.150869
0.14954
0.147637
0.145153
0.142084
0.138428
0.134177
0.129325
0.123869
0.11781
0.111206
0.104021
0.0962701
0.0879666
0.0791242
0.0698585
0.0600889
0.0498428
0.0391538
0.0280594
0.016745
0.00510123
-0.00683355
-0.0190179
-0.0314061
-0.043766
-0.0562289
-0.0687444
-0.0812624
-0.0937321
-0.105901
-0.11791
-0.129698
-0.141201
-0.15236
-0.162925
-0.173031
-0.182623
-0.191643
-0.20003
-0.207572
-0.214366
-0.220358
-0.225499
-0.229741
-0.23295
-0.235171
-0.236364
-0.236492
-0.235526
-0.233441
-0.230216
-0.225836
-0.220288
-0.213564
-0.205764
-0.196795
-0.186669
-0.175402
-0.163016
-0.149737
-0.135398
-0.12004
-0.103715
-0.0864781
-0.0686802
-0.050097
-0.0307956
-0.010848
0.00966692
0.0303155
0.0513533
0.0726844
0.0942108
0.115832
0.13708
0.158217
0.179134
0.199722
0.219868
0.239126
0.257726
0.275562
0.292528
0.308519
0.323173
0.336652
0.348865
0.35973
0.369168
0.376964
0.383193
0.387792
0.390705
0.391889
0.391314
0.388944
0.384761
0.378752
0.370913
0.361423
0.35013
0.337063
0.322264
0.305784
0.288003
0.268668
0.247856
0.225651
0.20215
0.177891
0.152549
0.126241
0.0990933
0.071237
0.0433105
0.0149562
-0.0136813
-0.0424549
-0.0712159
-0.0993162
-0.127102
-0.154419
-0.181115
-0.207036
-0.23161
-0.255122
-0.277437
-0.298424
-0.317955
-0.335618
-0.351593
-0.365779
-0.378082
-0.388422
-0.396612
-0.402703
-0.406644
-0.408395
-0.407933
-0.405337
-0.400525
-0.393515
-0.384336
-0.373028
-0.359923
-0.344805
-0.327753
-0.308861
-0.288235
-0.26643
-0.243127
-0.218456
-0.192555
-0.165573
-0.138204
-0.110072
-0.0813413
-0.0521805
-0.0227585
0.00619542
0.0350688
0.0636905
0.0918897
0.119499
0.145856
0.171303
0.195685
0.218855
0.240669
0.260631
0.278981
0.295608
0.310415
0.323313
0.334055
0.342744
0.349323
0.353751
0.355998
0.356098
0.354006
0.349738
0.343324
0.334805
0.324494
0.312199
0.298
0.281986
0.264264
0.245377
0.225018
0.20332
0.180425
0.156481
0.132184
0.107149
0.0815378
0.0555155
0.0292533
0.00349387
-0.0221556
-0.0475217
-0.0724355
-0.0967329
-0.119749
-0.141839
-0.162857
-0.18266
-0.201111
-0.21771
-0.232713
-0.246015
-0.257524
-0.267156
-0.274665
-0.280167
-0.283617
-0.284984
-0.28425
-0.281456
-0.27657
-0.269613
-0.26062
-0.249639
-0.236989
-0.222482
-0.206202
-0.188246
-0.168717
-0.148164
-0.126273
-0.103175
-0.079006
-0.0539133
-0.0285939
-0.00265692
0.0237396
0.0504352
0.0772677
0.103498
0.129543
0.155243
0.180444
0.204992
0.228216
0.250501
0.271718
0.291743
0.310465
0.327376
0.342779
0.356582
0.368701
0.379065
0.387395
0.393869
0.398462
0.40116
0.401961
0.400854
0.397869
0.393026
0.386359
0.377914
0.367933
0.356302
0.343099
0.328412
0.312336
0.295325
0.277129
0.257859
0.23763
0.216562
0.195247
0.173336
0.150953
0.12822
0.105259
0.0827117
0.060176
0.0377683
0.015605
-0.0061977
-0.0270249
-0.0472652
-0.0668137
-0.0855737
-0.103459
-0.119974
-0.135469
-0.149881
-0.16315
-0.175219
-0.185743
-0.19497
-0.20287
-0.209424
-0.214624
-0.218335
-0.220705
-0.221748
-0.221481
-0.219926
-0.21713
-0.213112
-0.207917
-0.201596
-0.194207
-0.185962
-0.17677
-0.166692
-0.155794
-0.144144
-0.132071
-0.119386
-0.106158
-0.0924615
-0.078368
-0.0642775
-0.0499416
-0.0354378
-0.0208434
-0.00623365
0.00797552
0.0220646
0.0359748
0.0496517
0.0630445
0.0757783
0.0881337
0.100067
0.111536
0.122505
0.132662
0.142255
0.151262
0.159663
0.167445
0.174389
0.180697
0.186366
0.191396
0.195791
0.199427
0.202444
0.204856
0.206676
0.207923
0.208559
0.208664
0.208261
0.207375
0.20603
0.204255
0.202065
0.199481
0.196532
0.193247
0.18972
0.185924
0.181888
0.177636
0.173186
0.168651
0.163952
0.159111
0.154151
0.149092
0.144071
0.138983
0.133834
0.128633
0.123387
0.118243
0.113081
0.107913
0.102751
0.0976003
0.0926063
0.0876282
0.0826673
0.0777262
0.0728096
0.0680698
0.0633679
0.0587109
0.0541044
0.0495515
0.0452001
0.0409008
0.0366533
0.0324609
0.0283328
0.0244294
0.0206193
0.0169137
0.0133167
0.0098256
0.00657586
0.00342481
0.000378695
-0.00254743
-0.00533355
-0.00783275
-0.0101616
-0.0123166
-0.0142987
-0.0161086
-0.017634
-0.01897
-0.0200996
-0.021006
-0.0216766
-0.0220296
-0.0221401
-0.0220104
-0.0216411
-0.0210242
-0.0201139
-0.0189368
-0.0174865
-0.0157594
-0.0137568
-0.011504
-0.00899751
-0.00625505
-0.0032948
-0.000132303
0.00314946
0.00661283
0.0102465
0.0140342
0.0179531
0.0218544
0.0258327
0.0298618
0.0339191
0.0379848
0.0418791
0.0457428
0.0495499
0.0532736
0.0568888
0.0601928
0.0633546
0.0663562
0.0691775
0.0717968
0.0740099
0.0759908
0.0777286
0.079217
0.080452
0.081262
0.0818149
0.0821022
0.0821176
0.0818594
0.0811979
0.0802855
0.0791341
0.077755
0.0761584
0.0742609
0.0721758
0.0699184
0.0675065
0.0649586
0.0622408
0.0594266
0.0565323
0.053574
0.0505693
0.0475209
0.0444657
0.0414225
0.0384092
0.0354423
0.0325469
0.029728
0.027
0.024376
0.0218672
0.0195041
0.0172688
0.0151677
0.0132057
0.0113873
0.00973816
0.00823283
0.00687179
0.00565379
0.00457605
0.00365033
0.00285075
0.00217133
0.00160505
0.00114379
0.000785593
0.00051009
0.000307259
0.000166482
7.6688e-05
2.75729e-05
5.48141e-06
-2.31803e-07
0
0
0
0
0
0
0
0
0
0
0
0
0
0
0
0
0
0
0
0
0
0
0
0
0
0
0
0
0
0
0
0
0
0
0
0
0
0
0
0
0
0
0
0
0
0
0
0
0
0
0
0
0
0
0
0
0
0
0
0
0
0
0
0
0
0
0
0
0
0
0
0
0
0
0
0
0
0
0
0
0
0
0
0
0
0
0
0
0
0
0
0
0
0
0
0
0
0
0
0
0
0
0
0
0
0
0
0
0
0
0
0
0
0
0
0
0
0
0
0
0
0
0
0
0
0
0
0
0
0
0
0
0
0
0
0
0
0
0
0
0
0
0
0
0
0
0
0
0
0
0
0
0
0
0
0
0
0
0
0
0
0
0
0
0
0
0
0
0
0
0
0
0
0
0
0
0
0
0
0
0
0
0
0
0
0
0
0
0
0
0
0
0
0
0
0
0
0
0
0
0
