-0
-0
-0
-0
-0
-0
-0
-0
-0
-0
-0
-0
-0
-0
-0
-0
-0
-0
-0
-0
-0
-0
-0
-0
-0
-0
-0
-0
-0
-0
-0
-0
-0
-0
-0
-0
-0
-0
-0
-0
-0
0
0
0
0
0
0
0
0
0
0
0
0
0
0
0
0
0
0
0
0
0
0
0
0
0
0
0
0
0
0
0
0
0
0
0
0
0
0
0
0
0
0
0
0
0
0
0
0
-0
-0
-0
-0
-0
-0
-0
-0
-0
-0
-0
-0
-0
-0
-0
-0
-0
-0
-0
-0
-0
-0
-0
-0
-0
-0
-0
-0
-0
-0
-0
-0
-0
-0
-0
-0
-0
-0
-0
-0
-0
-0
-0
-0
-0
-0
-0
-0
0
0
0
0
0
0
0
0
0
0
0
0
0
0
0
0
0
0
0
0
0
0
0
0
0
0
0
0
0
0
0
0
0
0
0
0
0
0
0
0
0
0
0
-0
-0
-0
-0
-0
-0
-0
-0
-0
-0
-0
-0
-0
-0
-0
-0
-0
-0
-0
-0
-0
-0
-0
-0
-0
-0
-0
-0
-0
-0
-0
0
0
0
0
0
0
0
0
0
0
0
0
0
0
0
0
0
0
0
0
0
0
0
0
0
-0
-0
-0
-0
-0
-0
-0
-0
-0
-0
-0
-0
-0
-0
-0
-0
-0
-0
-0
-0
-0
-0
-0
-0
-0
-0
-0
-0
-0
-0
-0
-0
-0
-0
-0
-0
-0
-0
-0
-0
-0
-0
-0
-0
-0
-0
-0
-0
-0
-0
-0
-0
0
0
0
0
0
0
0
0
0
0
0
0
0
0
0
0
0
0
0
0
0
0
0
0
0
0
0
0
0
0
0
0
0
0
0
0
0
0
0
0
0
0
0
0
0
0
0
0
0
0
-0
-0
-0
-0
-0
-0
-0
-0
-0
-0
-0
-0
-0
-0
-0
-0
-0
-0
-0
-0
-0
-0
-0
-0
-0
-0
-0
-0
-0
-0
-0
-0
-0
-0
-0
-0
-0
-0
-0
-0
-0
-0
-0
-0
-0
-0
-3.38989e-06
-1.34094e-05
-2.4462e-05
-3.06955e-05
-2.62615e-05
-5.39839e-06
3.74746e-05
0.000107659
0.000210088
0.000349254
0.000529165
0.000753294
0.00102453
0.00134508
0.00171644
0.0021393
0.00261355
0.00313827
0.00371174
0.00433141
0.00499389
0.005695
0.00642982
0.00719281
0.00797784
0.00877821
0.00958656
0.0103948
0.0111943
0.011976
0.0127307
0.0134493
0.014123
0.014743
0.0153005
0.0157864
0.0161918
0.0165081
0.0167271
0.0168417
0.0168451
0.0167315
0.0164956
0.0161327
0.0156395
0.0150134
0.0142529
0.0133574
0.0123268
0.0111618
0.00986428
0.0084378
0.00688751
0.00522
0.00344264
0.00156304
-0.00041119
-0.00247206
-0.00461061
-0.00681645
-0.00907775
-0.0113818
-0.0137156
-0.0160665
-0.0184219
-0.0207692
-0.0230954
-0.0253871
-0.0276309
-0.0298134
-0.0319219
-0.0339439
-0.0358671
-0.0376791
-0.0393681
-0.0409233
-0.0423356
-0.0435972
-0.0447014
-0.0456417
-0.0464115
-0.0470045
-0.0474153
-0.0476405
-0.047679
-0.0475318
-0.0472005
-0.0466874
-0.0459946
-0.0451246
-0.0440927
-0.0429184
-0.0416062
-0.0401614
-0.0385892
-0.036895
-0.035084
-0.0331619
-0.0311353
-0.0290111
-0.0267965
-0.0244986
-0.022124
-0.0196799
-0.0171741
-0.014615
-0.0120117
-0.00937287
-0.00670635
-0.00401934
-0.00131892
0.00138719
0.0040902
0.0067805
0.00944851
0.0120855
0.0146839
0.0172368
0.0197373
0.0221777
0.0245494
0.0268438
0.0290525
0.0311685
0.0331858
0.0350988
0.0369018
0.038589
0.040154
0.0415908
0.0428943
0.04406
0.0450837
0.0459618
0.0466909
0.0472683
0.0476919
0.0479608
0.0480739
0.0480304
0.0478287
0.0474674
0.0469458
0.0462652
0.0454287
0.0444408
0.0433061
0.0420287
0.040611
0.0390552
0.037364
0.0355417
0.0335948
0.0315313
0.0293595
0.0270875
0.0247226
0.0222716
0.0197414
0.0171397
0.0144746
0.0117551
0.00899014
0.00618932
0.00336254
0.000520061
-0.00232796
-0.00517199
-0.00800345
-0.0108145
-0.0135973
-0.016343
-0.0190415
-0.0216813
-0.0242513
-0.0267415
-0.0291438
-0.0314518
-0.0336593
-0.0357597
-0.0377447
-0.0396055
-0.0413335
-0.0429214
-0.0443634
-0.0456551
-0.0467922
-0.0477702
-0.0485841
-0.0492289
-0.0497006
-0.0499966
-0.0501152
-0.0500557
-0.0498169
-0.0493981
-0.0487987
-0.048019
-0.0470603
-0.045925
-0.044616
-0.0431362
-0.041489
-0.0396783
-0.0377093
-0.035588
-0.0333216
-0.0309169
-0.0283805
-0.025719
-0.0229395
-0.0200507
-0.0170631
-0.0139887
-0.0108395
-0.0076267
-0.00436002
-0.00104853
0.00229803
0.00566799
0.00904734
0.0124205
0.0157719
0.0190875
0.0223551
0.0255641
0.0287036
0.0317613
0.034723
0.0375733
0.0402968
0.0428799
0.045311
0.0475801
0.0496773
0.051592
0.0533128
0.0548273
0.0561246
0.0571951
0.0580318
0.0586288
0.0589807
0.0590817
0.0589253
0.0585057
0.0578187
0.0568626
0.0556385
0.0541488
0.0523967
0.0503848
0.0481157
0.0455925
0.0428201
0.0398056
0.0365587
0.0330906
0.0294134
0.0255394
0.0214814
0.0172529
0.012869
0.00834652
0.00370331
-0.00104182
-0.00586967
-0.0107606
-0.0156942
-0.0206489
-0.0256019
-0.0305293
-0.0354071
-0.0402119
-0.0449207
-0.0495113
-0.0539612
-0.0582481
-0.0623486
-0.0662396
-0.0698978
-0.0733008
-0.0764275
-0.079258
-0.0817735
-0.0839567
-0.0857913
-0.0872624
-0.0883566
-0.0890617
-0.0893673
-0.0892643
-0.0887455
-0.0878053
-0.08644
-0.0846484
-0.0824312
-0.0797915
-0.0767345
-0.0732676
-0.0694
-0.0651431
-0.06051
-0.0555162
-0.0501791
-0.0445183
-0.0385559
-0.032316
-0.0258244
-0.0191089
-0.0121987
-0.00512435
0.00208234
0.00938852
0.0167604
0.0241635
0.0315628
0.0389226
0.0462069
0.0533793
0.0604027
0.0672404
0.0738559
0.0802135
0.0862788
0.0920187
0.0974018
0.102398
0.106977
0.111113
0.114779
0.11795
0.120607
0.122727
0.124295
0.125296
0.125718
0.125554
0.124798
0.123448
0.121507
0.118978
0.115868
0.112187
0.107947
0.103163
0.0978535
0.0920394
0.0857445
0.0789952
0.0718211
0.064254
0.0563286
0.0480817
0.039552
0.0307796
0.0218056
0.0126718
0.00342084
-0.00590437
-0.0152603
-0.0246032
-0.0338889
-0.0430732
-0.0521118
-0.0609603
-0.0695748
-0.0779117
-0.0859284
-0.0935838
-0.100838
-0.107655
-0.113998
-0.119836
-0.125139
-0.129881
-0.13404
-0.137596
-0.140533
-0.14284
-0.144507
-0.145529
-0.145903
-0.145632
-0.144718
-0.14317
-0.140998
-0.138217
-0.134843
-0.130895
-0.126396
-0.12137
-0.115845
-0.10985
-0.103418
-0.0965815
-0.089377
-0.0818415
-0.0740134
-0.0659324
-0.057639
-0.0491746
-0.0405812
-0.031901
-0.023176
-0.0144484
-0.00575955
0.00284932
0.011338
0.0196671
0.0277986
0.0356959
0.0433242
0.0506503
0.0576428
0.0642726
0.0705123
0.076337
0.0817243
0.0866542
0.0911091
0.0950743
0.0985374
0.101488
0.10392
0.105829
0.107212
0.108093
0.108505
0.108456
0.10795
0.106996
0.105601
0.103776
0.101529
0.0988717
0.095816
0.0923741
0.0885597
0.0843873
0.0798726
0.0750325
0.069885
0.0644486
0.0587433
0.0527897
0.0466097
0.0402262
0.0336635
0.0269466
0.0201017
0.0131558
0.00613685
-0.000926487
-0.00800473
-0.0150678
-0.0220852
-0.0290261
-0.0358597
-0.042555
-0.0490813
-0.0554077
-0.0615039
-0.0673403
-0.0728879
-0.0781188
-0.0830065
-0.0875258
-0.091653
-0.095366
-0.0986448
-0.101471
-0.103828
-0.105701
-0.10708
-0.107955
-0.108319
-0.10817
-0.107505
-0.106326
-0.104638
-0.102447
-0.0997636
-0.0965996
-0.0929708
-0.0888952
-0.0843933
-0.0794879
-0.0742037
-0.0685681
-0.0626108
-0.0563637
-0.0498606
-0.0431368
-0.0362285
-0.0291732
-0.022009
-0.0147754
-0.00751224
-0.000260293
0.0069397
0.0140472
0.021022
0.0278245
0.034416
0.0407587
0.0468162
0.0525539
0.0579388
0.0629399
0.0675281
0.0716759
0.075358
0.078552
0.0812383
0.0833866
0.0849683
0.0859842
0.0864388
0.0863284
0.0856528
0.0844413
0.0826756
0.0803669
0.0775297
0.0741813
0.0703894
0.066129
0.0614261
0.0563096
0.0508114
0.0450314
0.0389387
0.0325707
0.0259665
0.0191668
0.0122909
0.00530316
-0.00175338
-0.00883539
-0.0158998
-0.0228242
-0.0296476
-0.0363286
-0.0428268
-0.0491033
-0.0550502
-0.060705
-0.0660353
-0.0710106
-0.0756029
-0.0797347
-0.0834368
-0.0866897
-0.0894772
-0.0917858
-0.09358
-0.0948788
-0.0956785
-0.0959785
-0.0957818
-0.0950995
-0.0939346
-0.0922982
-0.0902039
-0.0876679
-0.0847444
-0.0814181
-0.0777121
-0.0736511
-0.0692609
-0.0646298
-0.0597225
-0.0545678
-0.0491954
-0.043635
-0.0379958
-0.032226
-0.0263546
-0.0204103
-0.0144216
-0.00850335
-0.00259284
0.00328421
0.0091032
0.0148407
0.0203892
0.0258149
0.0310977
0.0362184
0.0411593
0.04583
0.0502903
0.0545261
0.0585238
0.0622703
0.0656996
0.0688544
0.0717237
0.0742969
0.076564
0.0784875
0.0800853
0.0813477
0.0822649
0.0827902
0.0828927
0.0825607
0.0817887
0.0805736
0.0789144
0.0768503
0.0743478
0.0714132
0.0680555
0.0642858
0.0601862
0.0557038
0.0508568
0.0456655
0.0401526
0.0344353
0.0284462
0.0222127
0.0157637
0.00912999
0.00245099
-0.00434739
-0.0112311
-0.0181656
-0.0251157
-0.0319372
-0.0387033
-0.0453784
-0.0519267
-0.058313
-0.0644064
-0.0702701
-0.0758722
-0.0811815
-0.0861684
-0.090733
-0.0949205
-0.0987066
-0.102069
-0.104987
-0.107405
-0.109346
-0.110795
-0.111744
-0.112183
-0.112112
-0.111524
-0.110421
-0.108803
-0.106678
-0.104096
-0.101026
-0.0974815
-0.0934792
-0.089038
-0.0842575
-0.0790821
-0.0735368
-0.0676488
-0.0614474
-0.055068
-0.0484381
-0.0415912
-0.0345614
-0.0273841
-0.0202131
-0.0129673
-0.00568351
0.00160161
0.00885165
0.0159147
0.0228723
0.0296906
0.0363365
0.0427778
0.0488826
0.0547225
0.0602699
0.0654987
0.0703848
0.0748321
0.0788939
0.082552
0.0857904
0.0885956
0.0909182
0.0927884
0.0942004
0.0951512
0.0956401
0.0956688
0.0952412
0.0943634
0.0930439
0.0912932
0.0891607
0.086624
0.0836992
0.080405
0.0767617
0.0728593
0.0686535
0.0641687
0.0594306
0.0544653
0.0493887
0.0441393
0.0387451
0.0332343
0.0276357
0.0220759
0.0164852
0.0108917
0.00532323
-0.000192771
-0.00553455
-0.010772
-0.0158809
-0.0208386
-0.0256234
-0.0301334
-0.034431
-0.0384983
-0.0423189
-0.0458781
-0.0491035
-0.052043
-0.054687
-0.0570278
-0.0590593
-0.0607453
-0.0621152
-0.0631683
-0.0639055
-0.0643288
-0.0644387
-0.0642432
-0.0637485
-0.0629626
-0.0618947
-0.0605789
-0.0590036
-0.0571815
-0.0551263
-0.0528524
-0.0504196
-0.0477987
-0.0450058
-0.0420574
-0.0389702
-0.0358203
-0.0325659
-0.0292247
-0.0258146
-0.022353
-0.0189226
-0.0154744
-0.0120244
-0.00858791
-0.00517988
-0.00187872
0.00136522
0.00453847
0.00762833
0.010623
0.013456
0.0161729
0.0187645
0.0212223
0.0235385
0.0256642
0.027636
0.0294492
0.0311
0.0325853
0.0338761
0.0349965
0.0359452
0.0367218
0.0373271
0.0377541
0.0380147
0.0381121
0.0380495
0.0378301
0.0374644
0.036949
0.036289
0.0354908
0.0345616
0.0335301
0.0323823
0.0311245
0.0297626
0.0283025
0.0267829
0.0251802
0.0235031
0.0217603
0.0199597
0.0181466
0.0162889
0.0143935
0.0124677
0.0105201
0.00860018
0.00667527
0.00475201
0.00283582
0.000931629
-0.000915583
-0.00273903
-0.00453145
-0.00628548
-0.00799474
-0.00961917
-0.0111905
-0.0127056
-0.0141612
-0.0155527
-0.016847
-0.018067
-0.0192085
-0.0202682
-0.021244
-0.0221145
-0.0228971
-0.0235893
-0.0241888
-0.0246934
-0.0250927
-0.0253949
-0.0255992
-0.0257049
-0.0257111
-0.0256188
-0.0254265
-0.0251351
-0.0247461
-0.0242612
-0.0236934
-0.0230323
-0.022279
-0.0214351
-0.0205033
-0.0195077
-0.0184312
-0.0172775
-0.0160496
-0.0147505
-0.0134116
-0.0120089
-0.0105476
-0.00903347
-0.00747212
-0.0059017
-0.00429345
-0.00265157
-0.000980888
0.000712711
0.00238699
0.00407026
0.00575589
0.00743811
0.00911182
0.0107374
0.0123442
0.0139262
0.0154768
0.0169895
0.0184276
0.0198168
0.0211522
0.0224291
0.0236425
0.0247629
0.02581
0.0267797
0.0276683
0.0284724
0.0291724
0.0297803
0.0302924
0.0307061
0.0310195
0.0312269
0.0313332
0.0313376
0.0312389
0.0310356
0.0307324
0.0303241
0.0298122
0.0291996
0.0284893
0.0277
0.0268176
0.0258441
0.0247822
0.0236358
0.0224352
0.0211594
0.0198133
0.0184011
0.0169273
0.0154298
0.0138814
0.0122882
0.0106563
0.00899172
0.00733673
0.0056599
0.00396729
0.00226576
0.000562635
-0.00109711
-0.002745
-0.00437548
-0.00598329
-0.0075628
-0.00907247
-0.0105409
-0.0119617
-0.013329
-0.0146382
-0.0158555
-0.0170064
-0.0180863
-0.0190902
-0.0200133
-0.0208305
-0.0215597
-0.0221987
-0.0227455
-0.0231978
-0.0235424
-0.0237795
-0.023901
-0.0239062
-0.0237954
-0.0235702
-0.0232312
-0.0227802
-0.0222195
-0.0215528
-0.0207965
-0.0199445
-0.0190028
-0.017977
-0.016873
-0.0157176
-0.0144968
-0.013219
-0.011893
-0.0105281
-0.0091596
-0.00776806
-0.00636124
-0.00494713
-0.00353416
-0.00216062
-0.000804506
0.000526226
0.00182427
0.00308281
0.0042665
0.00539904
0.00647455
0.00748779
0.00843434
0.00928542
0.0100644
0.0107685
0.0113953
0.0119428
0.0123902
0.0127582
0.0130475
0.0132597
0.0133965
0.0134464
0.0134256
0.0133366
0.0131825
0.0129674
0.0126888
0.0123588
0.0119822
0.0115635
0.0111076
0.0106175
0.0101007
0.00956228
0.00900762
0.00844175
0.00787099
0.00729847
0.00672883
0.00616654
0.00561577
0.0050833
0.00456902
0.00407588
0.00360651
0.00316328
0.00275128
0.00236849
0.00201612
0.00169488
0.00140503
0.00114868
0.000922519
0.000725787
0.000557396
0.000415934
0.000300801
0.000208435
0.00013667
8.3155e-05
4.539e-05
2.10404e-05
6.92275e-06
3.80681e-07
-1.2357e-06
-5.32223e-07
-0
-0
-0
-0
-0
-0
-0
-0
-0
-0
-0
-0
-0
-0
-0
-0
-0
-0
-0
-0
-0
-0
-0
-0
-0
-0
-0
-0
-0
-0
-0
-0
-0
-0
-0
-0
-0
0
0
0
0
0
0
0
0
0
0
0
0
0
0
0
0
0
0
0
0
0
0
0
0
0
0
0
0
0
0
0
0
0
0
0
0
0
0
0
0
0
0
0
0
0
0
0
0
0
0
0
0
0
0
0
0
0
0
0
0
0
0
0
0
0
0
-0
-0
-0
-0
-0
-0
-0
-0
-0
-0
-0
-0
-0
-0
-0
-0
-0
-0
-0
-0
-0
-0
-0
-0
-0
-0
-0
-0
-0
-0
-0
-0
-0
-0
-0
-0
-0
0
0
0
0
0
0
0
0
0
0
0
0
0
0
0
0
0
0
0
0
0
0
0
0
0
0
0
0
0
0
0
0
0
0
0
0
0
0
0
0
0
0
0
0
0
0
0
0
0
0
0
0
0
0
0
0
0
0
0
0
0
0
0
0
0
0
0
0
0
0
0
0
0
0
0
0
0
0
0
0
0
0
0
0
0
0
0
0
0
0
0
0
0
0
0
0
0
0
0
0
0
0
0
0
0
0
0
0
0
0
0
0
0
0
0
-0
-0
-0
-0
-0
-0
-0
-0
-0
-0
-0
-0
-0
-0
-0
-0
-0
-0
-0
-0
-0
-0
-0
-0
-0
-0
-0
-0
-0
-0
-0
-0
-0
-0
-0
-0
-0
-0
-0
0
0
0
0
0
0
0
0
0
0
0
0
0
0
0
0
0
0
0
0
0
0
0
0
0
0
0
0
0
0
0
0
0
0
0
0
0
0
0
-0
-0
-0
-0
-0
-0
-0
-0
-0
-0
-0
-0
-0
-0
-0
-0
-0
-0
-0
-0
-0
-0
-0
-0
-0
-0
-0
-0
-0
-0
-0
-0
-0
-0
-0
-0
-0
-0
-0
-0
-0
-0
-0
-0
-0
-0
-0
-0
-0
-0
-0
