0
0
0
0
0
0
0
0
0
0
0
0
0
0
0
0
0
0
0
0
0
0
0
0
0
0
0
0
0
0
0
0
0
0
0
0
0
0
0
0
0
0
0
0
0
0
0
0
0
0
0
0
0
0
0
0
0
0
0
0
0
0
0
0
0
0
0
0
0
0
0
0
0
0
0
0
0
0
0
0
0
0
0
0
0
0
0
0
0
0
0
0
0
0
0
0
0
0
0
0
0
0
0
0
0
0
0
0
0
0
0
0
0
0
0
0
0
0
0
0
0
0
0
0
0
0
0
0
0
0
0
0
0
0
0
0
0
0
0
0
0
0
0
0
0
0
0
0
0
0
0
0
0
0
0
0
0
0
0
0
0
0
0
0
0
0
0
0
0
0
0
0
0
0
0
0
0
0
0
0
0
0
0
0
0
0
0
0
0
0
0
0
0
0
0
0
0
0
0
0
0
0
0
0
0
0
0
0
0
0
0
0
0
0
0
0
0
0
0
0
0
0
0
0
0
0
0
0
0
0
0
0
0
0
0
0
0
0
0
0
0
0
0
0
0
0
0
0
0
0
0
0
0
0
0
0
0
0
0
0
0
0
0
0
0
0
0
0
0
0
0
0
0
0
0
0
0
0
0
0
0
0
0
0
0
0
0
0
0
0
0
0
0
0
0
0
0
0
0
0
0
0
0
0
0
0
0
0
0
0
0
0
0
0
0
0
0
0
0
0
0
0
0
0
0
0
0
0
0
0
0
0
0
0
0
0
0
0
0
0
0
0
0
0
0
0
0
0
0
0
0
0
0
0
0
0
0
0
0
0
0
0
0
0
0
0
0
0
0
0
0
0
0
0
0
0
0
0
0
0
0
0
0
0
2.46209e-06
1.21433e-05
2.92287e-05
5.36074e-05
8.49751e-05
0.000122832
0.000166482
0.000215029
0.000267382
0.000322263
0.000378221
0.000433658
0.000486841
0.000535915
0.000578907
0.000613748
0.000638308
0.000650458
0.000648115
0.000629284
0.000592069
0.000534664
0.000455369
0.000352616
0.000225031
7.14908e-05
-0.000108831
-0.000316446
-0.000551546
-0.000813985
-0.00110327
-0.00141853
-0.00175853
-0.0021217
-0.00250614
-0.00290967
-0.00332975
-0.00376347
-0.00420753
-0.00465825
-0.0051117
-0.00556379
-0.00601035
-0.00644713
-0.00686968
-0.00727337
-0.00765339
-0.00800487
-0.00832306
-0.00860341
-0.00884159
-0.0090334
-0.00917477
-0.00926176
-0.00929073
-0.00925854
-0.00916264
-0.00900116
-0.00877272
-0.00847633
-0.00811137
-0.00767762
-0.00717543
-0.00660584
-0.00597066
-0.00527234
-0.00451392
-0.00369895
-0.00283147
-0.00191606
-0.000957854
3.75045e-05
0.00106397
0.00211524
0.00318477
0.00426584
0.00535146
0.0064344
0.00750723
0.00856246
0.00959272
0.0105909
0.0115501
0.012464
0.0133263
0.0141314
0.0148737
0.0155481
0.0161499
0.0166752
0.0171247
0.0175022
0.017806
0.018035
0.0181886
0.0182666
0.0182689
0.0181959
0.0180482
0.0178268
0.0175332
0.0171691
0.0167368
0.0162389
0.0156785
0.0150586
0.0143828
0.0136546
0.0128775
0.0120553
0.0111919
0.0102916
0.00935931
0.00839986
0.00741841
0.00641998
0.00540938
0.00439129
0.00337032
0.00235126
0.00133905
0.000338728
-0.000644825
-0.00160707
-0.0025439
-0.00345155
-0.00432642
-0.0051649
-0.00596334
-0.00671814
-0.00742599
-0.00808405
-0.00868999
-0.00924197
-0.00973838
-0.0101778
-0.0105587
-0.0108798
-0.0111402
-0.0113392
-0.0114768
-0.0115537
-0.0115705
-0.0115287
-0.0114292
-0.0112736
-0.011063
-0.0107993
-0.0104844
-0.0101207
-0.00971088
-0.00925768
-0.00876404
-0.00823292
-0.00766744
-0.00707094
-0.00644706
-0.00579955
-0.00513217
-0.00444848
-0.00375182
-0.00304541
-0.00233254
-0.00161669
-0.000901499
-0.000190586
0.000512656
0.00120516
0.00188411
0.00254673
0.00319008
0.00381107
0.00440666
0.00497406
0.00551103
0.00601581
0.00648699
0.0069232
0.00732301
0.00768494
0.00800767
0.00829021
0.00853196
0.00873259
0.00889189
0.00900964
0.00908566
0.00911998
0.00911288
0.00906499
0.00897707
0.0088499
0.00868418
0.00848063
0.00824015
0.00796399
0.00765373
0.00731113
0.00693794
0.0065358
0.00610628
0.00565109
0.00517216
0.00467167
0.00415184
0.00361473
0.00306216
0.00249585
0.00191768
0.00132989
0.000735114
0.000136123
-0.000464516
-0.00106468
-0.00166266
-0.0022569
-0.0028456
-0.00342654
-0.00399704
-0.00455429
-0.00509569
-0.00561901
-0.00612243
-0.00660422
-0.00706258
-0.00749538
-0.00790025
-0.00827472
-0.00861644
-0.00892328
-0.00919341
-0.00942516
-0.00961692
-0.00976706
-0.00987391
-0.00993578
-0.0099511
-0.00991844
-0.00983666
-0.00970482
-0.00952214
-0.00928787
-0.00900121
-0.00866134
-0.00826754
-0.00781935
-0.00731669
-0.00675991
-0.00614966
-0.00548674
-0.00477202
-0.00400651
-0.00319152
-0.0023289
-0.00142106
-0.000470947
0.000518229
0.00154322
0.00260084
0.00368785
0.00480074
0.00593556
0.0070878
0.00825256
0.00942468
0.0105989
0.0117701
0.0129329
0.0140818
0.0152113
0.0163155
0.0173888
0.0184252
0.019419
0.0203643
0.0212549
0.0220845
0.0228467
0.0235355
0.0241452
0.0246708
0.0251073
0.0254503
0.0256952
0.0258379
0.0258743
0.0258008
0.0256144
0.0253125
0.0248931
0.0243546
0.0236958
0.0229163
0.0220165
0.0209973
0.0198608
0.0186091
0.0172452
0.0157724
0.0141946
0.0125163
0.0107427
0.00888006
0.00693504
0.00491515
0.00282846
0.000683562
-0.00151039
-0.00374382
-0.00600675
-0.00828895
-0.0105799
-0.0128691
-0.0151453
-0.0173973
-0.0196134
-0.0217815
-0.0238897
-0.0259257
-0.027878
-0.029735
-0.0314859
-0.0331201
-0.0346276
-0.0359989
-0.0372249
-0.038297
-0.0392071
-0.0399475
-0.0405113
-0.0408922
-0.0410851
-0.0410857
-0.0408911
-0.0404995
-0.0399101
-0.0391231
-0.0381395
-0.0369615
-0.0355919
-0.0340346
-0.0322945
-0.0303776
-0.0282906
-0.0260416
-0.0236394
-0.021094
-0.0184167
-0.0156193
-0.0127148
-0.00971666
-0.00663894
-0.0034961
-0.000302975
0.00292534
0.00617358
0.00942642
0.0126685
0.0158844
0.0190585
0.0221751
0.0252182
0.0281717
0.0310198
0.0337471
0.0363388
0.0387809
0.0410601
0.043164
0.0450812
0.0468012
0.0483151
0.0496148
0.050694
0.0515475
0.0521714
0.0525629
0.0527207
0.0526444
0.0523353
0.0517958
0.0510292
0.0500404
0.0488348
0.0474193
0.0458016
0.0439908
0.0419967
0.0398303
0.0375032
0.0350276
0.0324162
0.0296826
0.0268409
0.0239058
0.0208925
0.0178167
0.0146941
0.0115402
0.00837071
0.00520107
0.00204666
-0.00107723
-0.00415556
-0.00717362
-0.0101172
-0.0129727
-0.0157272
-0.0183685
-0.020885
-0.0232661
-0.0255015
-0.0275822
-0.0294997
-0.0312467
-0.0328169
-0.0342048
-0.0354061
-0.0364175
-0.0372365
-0.0378619
-0.0382932
-0.0385313
-0.0385777
-0.0384349
-0.0381064
-0.0375962
-0.0369061
-0.0360371
-0.0349968
-0.0337937
-0.0324372
-0.0309376
-0.0293056
-0.0275525
-0.0256903
-0.0237313
-0.0216884
-0.0195745
-0.0174029
-0.0151867
-0.012939
-0.010673
-0.00840142
-0.00613692
-0.00389169
-0.00167745
0.000494629
0.00261394
0.00467041
0.00665455
0.00855748
0.010371
0.0120879
0.0137015
0.0152061
0.0165969
0.0178697
0.0190212
0.0200489
0.0209512
0.0217273
0.0223772
0.0229013
0.0233009
0.0235778
0.0237343
0.0237734
0.0236987
0.0235142
0.0232242
0.0228336
0.0223476
0.0217714
0.021111
0.0203722
0.0195614
0.0186846
0.017748
0.0167579
0.0157202
0.0146411
0.0135268
0.0123832
0.0112164
0.010032
0.0088356
0.00763266
0.00642841
0.00522793
0.00403611
0.00285754
0.00169655
0.000557236
-0.000556534
-0.00164104
-0.00269275
-0.00370834
-0.00468472
-0.0056191
-0.00650889
-0.00735168
-0.0081452
-0.00888732
-0.00957607
-0.0102097
-0.0107867
-0.0113058
-0.0117656
-0.012165
-0.012503
-0.0127783
-0.0129902
-0.0131376
-0.01322
-0.0132301
-0.0131609
-0.0130099
-0.0127754
-0.0124587
-0.012062
-0.0115901
-0.0110445
-0.0104294
-0.0097494
-0.00901004
-0.00822215
-0.00738716
-0.00651195
-0.00560377
-0.00467019
-0.00372634
-0.00277275
-0.00181762
-0.000869177
6.43727e-05
0.000966432
0.00183817
0.00267202
0.0034607
0.00419733
0.00486709
0.0054732
0.00601055
0.00647477
0.00686219
0.00716306
0.00738286
0.00752044
0.00757554
0.00754884
0.00743746
0.00724898
0.00698679
0.00665516
0.0062592
0.00580288
0.00529525
0.00474367
0.00415608
0.00354095
0.00290696
0.00226377
0.00162093
0.00098818
0.000375251
-0.000208247
-0.000753061
-0.00125003
-0.00169037
-0.00206584
-0.00237043
-0.00259622
-0.00273713
-0.002788
-0.00274467
-0.00260871
-0.00237422
-0.0020403
-0.00160723
-0.0010765
-0.000459144
0.000248511
0.00104151
0.00191375
0.00285801
0.00385455
0.00490499
0.00599948
0.00712748
0.00827779
0.00942586
0.0105719
0.0117036
0.0128086
0.0138747
0.0148784
0.0158193
0.0166865
0.0174695
0.0181587
0.0187376
0.0192063
0.0195584
0.0197886
0.0199119
0.0199366
0.0198628
0.0196895
0.0194157
0.0190414
0.0185717
0.0180026
0.0173355
0.0165724
0.0157157
0.0147797
0.0137568
0.0126507
0.011466
0.0102074
0.0088973
0.00752447
0.00609508
0.00461564
0.00309297
0.0015547
-1.24101e-05
-0.0016008
-0.00320265
-0.00481
-0.00639298
-0.00796543
-0.0095194
-0.0110469
-0.0125401
-0.0139707
-0.0153515
-0.0166749
-0.0179339
-0.0191217
-0.0202156
-0.0212258
-0.0221464
-0.0229722
-0.0236984
-0.0243108
-0.0248156
-0.0252098
-0.0254907
-0.0256563
-0.0257029
-0.025632
-0.0254435
-0.0251378
-0.0247163
-0.0241864
-0.0235444
-0.0227931
-0.021936
-0.0209769
-0.0199339
-0.0187986
-0.0175767
-0.016274
-0.0148968
-0.0134711
-0.0119847
-0.0104451
-0.00885984
-0.007237
-0.00560713
-0.00395596
-0.00229183
-0.000623165
0.00104155
0.00267096
0.00427987
0.00586034
0.0074046
0.00890513
0.0103341
0.0117053
0.0130122
0.0142489
0.0154099
0.0164741
0.0174526
0.0183412
0.019136
0.0198336
0.0204223
0.0209091
0.0212924
0.0215714
0.0217456
0.0218135
0.0217775
0.0216391
0.0214002
0.0210632
0.0206365
0.0201176
0.0195103
0.0188185
0.018047
0.0172121
0.0163076
0.015339
0.014312
0.0132326
0.0121231
0.0109739
0.00979138
0.00858218
0.00735272
0.00612741
0.00489461
0.00366065
0.00243183
0.00121438
3.19684e-05
-0.00112731
-0.002258
-0.00335488
-0.00441298
-0.00541244
-0.0063642
-0.00726442
-0.00810967
-0.00889688
-0.00961219
-0.0102643
-0.0108513
-0.0113713
-0.0118232
-0.0121998
-0.0125072
-0.0127453
-0.0129146
-0.0130158
-0.0130489
-0.0130165
-0.0129203
-0.0127624
-0.0125453
-0.0122749
-0.0119503
-0.0115746
-0.0111509
-0.0106826
-0.0101808
-0.00964179
-0.00906944
-0.00846746
-0.00783962
-0.00719922
-0.00654062
-0.00586767
-0.0051842
-0.00449397
-0.00381092
-0.00312832
-0.0024496
-0.00177812
-0.00111707
-0.000479189
0.000142565
0.000745702
0.00132791
0.00188702
0.00241286
0.00291177
0.00338216
0.00382268
0.00423221
0.00460391
0.00494291
0.00524864
0.00552074
0.0057591
0.00596056
0.00612882
0.00626436
0.00636778
0.00643971
0.00648008
0.00649065
0.00647254
0.00642702
0.00635551
0.00626069
0.00614279
0.00600332
0.00584385
0.00566608
0.00547455
0.00526821
0.00504871
0.00481763
0.0045764
0.00433023
0.00407675
0.00381746
0.00355391
0.00328763
0.00302425
0.00276083
0.00249846
0.00223808
0.00198064
0.00173124
0.00148673
0.0012481
0.00101621
0.000791737
0.000578889
0.000374282
0.000178247
-8.81092e-06
-0.000186402
-0.000350911
-0.000505077
-0.00064873
-0.00078191
-0.000904775
-0.00101508
-0.00111522
-0.00120509
-0.00128452
-0.00135345
-0.00141042
-0.00145728
-0.0014944
-0.00152208
-0.00154049
-0.00154893
-0.0015482
-0.0015384
-0.00151974
-0.00149249
-0.00145697
-0.00141333
-0.0013617
-0.00130219
-0.00123497
-0.00116112
-0.00108004
-0.000992016
-0.000897264
-0.000795957
-0.000689923
-0.000577666
-0.000459419
-0.000335459
-0.000206067
-7.39111e-05
6.31741e-05
0.000204927
0.00035103
0.000501098
0.00065171
0.00080545
0.000961934
0.00112079
0.00128161
0.00144051
0.00160026
0.00176019
0.00191965
0.00207801
0.00223131
0.00238248
0.00253097
0.00267611
0.00281715
0.00295017
0.00307755
0.00319863
0.00331282
0.00341955
0.00351576
0.00360321
0.00368118
0.00374902
0.0038061
0.00385058
0.00388335
0.00390398
0.00391202
0.00390703
0.00388867
0.00385675
0.00381125
0.00375222
0.0036797
0.00359515
0.00349697
0.00338507
0.00325955
0.00312072
0.00297211
0.0028115
0.00263963
0.00245709
0.0022644
0.00206617
0.00185886
0.00164327
0.00142042
0.00119145
0.000962398
0.000729419
0.000493494
0.00025561
1.68201e-05
-0.00021659
-0.000448585
-0.000677989
-0.000903664
-0.0011245
-0.00133464
-0.00153771
-0.00173255
-0.00191802
-0.00209305
-0.00225294
-0.00240054
-0.002535
-0.00265547
-0.00276111
-0.0028489
-0.00292048
-0.00297536
-0.00301317
-0.00303359
-0.00303589
-0.00302022
-0.00298639
-0.0029344
-0.0028644
-0.00277816
-0.00267354
-0.00255028
-0.00240897
-0.00225038
-0.00207878
-0.0018921
-0.00169173
-0.00147913
-0.00125576
-0.00102766
-0.000791715
-0.00054956
-0.000302969
-5.37728e-05
0.000191032
0.000435057
0.000676692
0.000914333
0.00114634
0.00136595
0.00157683
0.00177762
0.00196715
0.00214446
0.00230429
0.0024503
0.00258163
0.00269754
0.00279748
0.00287802
0.00294247
0.00299096
0.00302369
0.00304085
0.00304087
0.00302612
0.00299724
0.00295503
0.00290039
0.00283365
0.00275631
0.0026693
0.00257361
0.00247035
0.00236106
0.00224652
0.00212784
0.00200605
0.00188213
0.00175801
0.00163366
0.00151008
0.00138821
0.00126888
0.00115395
0.00104272
0.00093574
0.000833521
0.000736548
0.000646306
0.00056193
0.00048363
0.000411514
0.000345609
0.000286681
0.00023374
0.000186665
0.000145281
0.000109365
7.9133e-05
5.3697e-05
3.27238e-05
1.5851e-05
2.68982e-06
-6.93167e-06
-1.37196e-05
-1.80713e-05
-2.03682e-05
-2.0975e-05
-2.01652e-05
-1.83824e-05
-1.59401e-05
-1.31257e-05
-1.01939e-05
-7.35258e-06
-4.80549e-06
-2.70007e-06
-1.15069e-06
-2.38361e-07
0
0
0
0
0
0
0
0
0
0
0
0
0
0
0
0
0
0
0
0
0
0
0
0
0
0
0
0
0
0
0
0
0
0
0
0
0
0
0
0
0
0
0
0
0
0
0
0
0
0
0
0
0
0
0
0
0
0
0
0
0
0
0
0
0
0
0
0
0
0
0
0
0
0
0
0
0
0
0
0
0
0
0
0
0
0
0
0
0
0
0
0
0
0
0
0
0
0
0
0
0
0
0
0
0
0
0
0
0
0
0
0
0
0
0
0
0
0
0
0
0
0
0
0
0
0
0
0
0
0
0
0
0
0
0
0
0
0
0
0
0
0
0
0
0
0
0
0
0
0
0
0
0
0
0
0
0
0
0
0
0
0
0
0
0
0
0
0
0
0
0
0
0
0
0
0
0
0
0
0
0
0
0
0
0
0
0
0
0
0
0
0
0
0
0
0
0
0
0
0
0
0
0
0
0
0
0
0
0
0
0
0
0
0
0
0
0
0
0
0
0
0
0
0
0
0
0
0
0
0
0
0
0
0
0
0
0
0
0
0
0
0
0
0
0
0
0
0
0
0
0
0
0
0
0
0
0
0
0
0
0
0
0
0
0
0
0
0
0
0
0
0
0
0
0
0
0
0
0
0
0
0
0
0
0
0
0
0
0
0
0
0
0
0
0
0
0
0
0
0
0
0
0
0
0
0
0
0
0
0
0
0
0
0
0
0
0
0
0
0
0
0
0
0
0
0
0
0
0
0
0
0
0
0
0
0
0
0
0
0
0
0
0
0
0
0
0
0
0
0
0
0
0
0
0
0
0
0
0
0
0
0
0
0
0
0
0
0
0
0
0
0
0
0
0
0
0
0
0
0
0
0
0
0
