0
0
0
0
0
0
0
0
0
0
0
0
0
0
0
0
0
0
0
0
0
0
0
0
0
0
0
0
0
0
0
0
0
0
0
0
0
0
0
0
0
0
0
0
0
0
0
0
0
0
0
0
0
0
0
0
0
0
0
0
0
0
0
-5.81279e-08
-2.82994e-06
-9.34744e-06
-1.89917e-05
-3.10892e-05
-4.4928e-05
-5.97737e-05
-7.48854e-05
-8.95316e-05
-0.000103005
-0.000114637
-0.00012381
-0.00012997
-0.000132637
-0.000131411
-0.000125981
-0.000116125
-0.000101718
-8.27265e-05
-5.921e-05
-3.13164e-05
7.22909e-07
3.66e-05
7.59382e-05
0.000118302
0.000163206
0.000210129
0.000258525
0.000307836
0.000357507
0.000406998
0.000455801
0.000503446
0.00054952
0.000593672
0.000635625
0.000675177
0.000712211
0.00074669
0.000778662
0.000808252
0.000835661
0.000861159
0.000885075
0.000907792
0.000929737
0.00095137
0.000973175
0.00099565
0.00101929
0.00104458
0.00107199
0.00110194
0.0011348
0.00117087
0.00121037
0.00125343
0.00130006
0.00135016
0.00140349
0.00145968
0.00151822
0.00157848
0.00163966
0.00170087
0.00176107
0.00181913
0.0018738
0.00192377
0.00196764
0.00200397
0.00203126
0.00204802
0.00205273
0.0020439
0.00202008
0.00197989
0.00192205
0.00184538
0.00174887
0.00163167
0.00149313
0.00133283
0.00115059
0.000946483
0.000720853
0.000474307
0.000207716
-7.77902e-05
-0.000380838
-0.000699837
-0.00103343
-0.00138031
-0.00173896
-0.00210776
-0.00248496
-0.0028687
-0.00325701
-0.00364783
-0.00403897
-0.00442815
-0.004813
-0.00519105
-0.00555976
-0.00591653
-0.00625871
-0.00658364
-0.00688867
-0.00717117
-0.00742861
-0.00765852
-0.00785858
-0.00802661
-0.0081606
-0.00825875
-0.00831944
-0.00834129
-0.00832314
-0.00826406
-0.00816336
-0.00802057
-0.00783547
-0.00760806
-0.00733857
-0.00702747
-0.00667543
-0.00628339
-0.00585248
-0.00538406
-0.00487971
-0.00434123
-0.00377062
-0.00317011
-0.0025421
-0.00188918
-0.00121413
-0.00051991
0.000190382
0.000913483
0.00164599
0.00238439
0.00312502
0.00386415
0.00459794
0.00532249
0.00603386
0.00672807
0.00740115
0.00804917
0.00866826
0.00925462
0.00980461
0.0103147
0.0107817
0.0112024
0.011574
0.0118939
0.0121598
0.0123697
0.0125218
0.0126147
0.0126474
0.0126188
0.0125287
0.0123766
0.0121627
0.0118874
0.0115513
0.0111554
0.010701
0.0101897
0.0096234
0.00900428
0.00833485
0.00761791
0.00685653
0.00605408
0.00521414
0.00434055
0.00343734
0.00250876
0.00155918
0.000593147
-0.000384677
-0.00136954
-0.0023566
-0.00334097
-0.0043177
-0.00528183
-0.00622842
-0.00715252
-0.00804925
-0.0089138
-0.00974145
-0.0105276
-0.0112679
-0.0119581
-0.0125942
-0.0131724
-0.0136895
-0.0141421
-0.0145276
-0.0148436
-0.0150879
-0.015259
-0.0153555
-0.0153766
-0.0153217
-0.0151908
-0.0149841
-0.0147024
-0.0143465
-0.0139181
-0.0134187
-0.0128507
-0.0122164
-0.0115188
-0.0107609
-0.00994633
-0.00907875
-0.00816223
-0.00720108
-0.00619983
-0.00516321
-0.00409612
-0.00300362
-0.00189089
-0.000763198
0.000374109
0.00151564
0.00265598
0.00378971
0.00491144
0.00601581
0.00709754
0.00815142
0.00917237
0.0101554
0.0110958
0.0119889
0.0128304
0.013616
0.014342
0.0150046
0.0156007
0.0161272
0.0165815
0.0169613
0.0172648
0.0174902
0.0176364
0.0177026
0.0176882
0.0175932
0.0174178
0.0171626
0.0168286
0.0164172
0.0159299
0.015369
0.0147367
0.014036
0.0132699
0.0124419
0.0115558
0.0106156
0.00962565
0.00859064
0.00751536
0.00640485
0.00526429
0.00409903
0.00291453
0.00171631
0.000509966
-0.000698859
-0.00190452
-0.00310135
-0.00428374
-0.00544608
-0.00658283
-0.00768853
-0.0087578
-0.00978538
-0.0107662
-0.0116952
-0.0125678
-0.0133793
-0.0141257
-0.0148028
-0.015407
-0.0159352
-0.0163844
-0.016752
-0.0170361
-0.0172349
-0.0173474
-0.0173726
-0.0173103
-0.0171606
-0.0169242
-0.0166018
-0.016195
-0.0157055
-0.0151355
-0.0144876
-0.0137645
-0.0129696
-0.0121065
-0.0111789
-0.0101913
-0.00914804
-0.00805399
-0.00691425
-0.00573419
-0.00451943
-0.00327582
-0.00200941
-0.00072644
0.000566709
0.00186355
0.0031575
0.00444198
0.00571039
0.0069562
0.00817298
0.00935443
0.0104945
0.0115872
0.0126271
0.0136088
0.0145274
0.0153784
0.0161574
0.0168609
0.0174855
0.0180283
0.0184871
0.0188598
0.0191451
0.019342
0.0194503
0.0194699
0.0194014
0.0192459
0.0190049
0.0186805
0.018275
0.0177913
0.0172327
0.0166028
0.0159057
0.0151457
0.0143275
0.013456
0.0125363
0.0115739
0.0105744
0.00954334
0.00848666
0.00741024
0.00632001
0.00522194
0.00412195
0.00302592
0.00193962
0.000868722
-0.000181283
-0.00120508
-0.00219758
-0.00315393
-0.00406956
-0.0049402
-0.00576189
-0.00653103
-0.00724436
-0.00789899
-0.00849244
-0.00902259
-0.00948775
-0.0098866
-0.0102182
-0.0104822
-0.0106783
-0.0108069
-0.0108686
-0.0108645
-0.010796
-0.0106648
-0.0104729
-0.0102228
-0.00991716
-0.00955886
-0.00915115
-0.00869743
-0.00820134
-0.00766668
-0.0070974
-0.0064976
-0.00587145
-0.00522319
-0.00455711
-0.00387752
-0.00318868
-0.00249485
-0.00180021
-0.00110883
-0.000424672
0.000248431
0.000906824
0.00154703
0.00216577
0.00275999
0.00332687
0.00386385
0.00436859
0.00483907
0.00527352
0.00567044
0.00602865
0.00634721
0.0066255
0.00686317
0.00706014
0.00721658
0.00733297
0.00740999
0.00744859
0.00744993
0.00741541
0.00734659
0.00724526
0.00711337
0.006953
0.00676639
0.0065559
0.00632397
0.00607314
0.005806
0.00552516
0.00523326
0.00493292
0.00462675
0.00431729
0.00400701
0.0036983
0.00339344
0.00309459
0.00280377
0.00252285
0.00225355
0.00199743
0.00175587
0.00153008
0.00132109
0.00112974
0.000956709
0.000802473
0.000667341
0.000551439
0.000454725
0.000376985
0.000317845
0.000276778
0.000253114
0.000246049
0.000254659
0.000277908
0.000314667
0.000363723
0.000423796
0.000493549
0.000571603
0.000656549
0.000746959
0.0008414
0.000938439
0.00103666
0.00113466
0.00123109
0.00132461
0.00141395
0.0014979
0.00157531
0.0016451
0.0017063
0.00175801
0.00179944
0.00182992
0.00184887
0.00185585
0.00185055
0.00183277
0.00180243
0.0017596
0.00170445
0.00163729
0.00155852
0.00146866
0.00136834
0.00125827
0.00113926
0.00101219
0.000878012
0.000737756
0.000592499
0.000443368
0.000291531
0.000138191
-1.54305e-05
-0.000168094
-0.000318557
-0.00046558
-0.000607938
-0.000744429
-0.000873883
-0.00099517
-0.00110721
-0.00120898
-0.00129953
-0.00137795
-0.00144345
-0.0014953
-0.00153284
-0.00155554
-0.00156293
-0.00155465
-0.00153045
-0.00149017
-0.00143376
-0.00136126
-0.00127284
-0.00116876
-0.00104937
-0.000915138
-0.000766612
-0.00060444
-0.000429354
-0.000242166
-4.37653e-05
0.000164892
0.000382786
0.000608839
0.000841921
0.00108086
0.00132444
0.00157142
0.00182052
0.00207044
0.00231987
0.0025675
0.002812
0.00305207
0.00328639
0.00351371
0.00373277
0.0039424
0.00414144
0.00432882
0.00450352
0.00466462
0.00481124
0.00494264
0.00505813
0.00515714
0.00523916
0.0053038
0.00535076
0.00537983
0.00539087
0.00538386
0.00535884
0.00531594
0.00525538
0.00517746
0.00508256
0.00497113
0.0048437
0.00470088
0.00454334
0.00437182
0.00418713
0.00399012
0.0037817
0.00356281
0.00333443
0.00309758
0.00285328
0.00260256
0.00234648
0.00208609
0.00182243
0.00155654
0.00128944
0.00102216
0.000755685
0.000491007
0.000229086
-2.91359e-05
-0.000282743
-0.000530848
-0.000772594
-0.00100716
-0.00123376
-0.00145165
-0.00166014
-0.00185859
-0.00204639
-0.00222301
-0.00238795
-0.00254079
-0.00268113
-0.00280866
-0.00292307
-0.00302415
-0.0031117
-0.00318558
-0.00324566
-0.0032919
-0.00332424
-0.0033427
-0.00334731
-0.00333814
-0.00331529
-0.0032789
-0.00322915
-0.00316624
-0.0030904
-0.0030019
-0.00290105
-0.00278817
-0.00266361
-0.00252777
-0.00238106
-0.00222392
-0.00205681
-0.00188022
-0.00169467
-0.0015007
-0.00129887
-0.00108979
-0.000874058
-0.000652328
-0.000425266
-0.000193566
4.20588e-05
0.000280829
0.000521656
0.000763326
0.00100461
0.00124428
0.00148111
0.00171387
0.00194139
0.00216249
0.00237604
0.00258095
0.0027762
0.0029608
0.00313384
0.00329447
0.00344191
0.00357547
0.00369454
0.00379859
0.0038872
0.00396004
0.00401686
0.00405755
0.00408207
0.00409051
0.00408303
0.00405994
0.0040216
0.00396851
0.00390124
0.00382045
0.00372688
0.00362135
0.00350475
0.00337803
0.00324219
0.00309828
0.00294738
0.00279061
0.00262908
0.00246395
0.00229633
0.00212738
0.00195818
0.00178982
0.00162335
0.00145975
0.00129998
0.00114491
0.000995363
0.000852073
0.000715703
0.000586832
0.000465953
0.000353469
0.000249694
0.000154855
6.90867e-05
-7.56282e-06
-7.51302e-05
-0.000133734
-0.000183572
-0.000224913
-0.000258097
-0.000283525
-0.000301653
-0.000312989
-0.000318081
-0.000317515
-0.000311901
-0.000301869
-0.000288062
-0.000271124
-0.000251694
-0.000230399
-0.000207847
-0.000184615
-0.000161249
-0.000138252
-0.000116082
-9.51464e-05
-7.57956e-05
-5.83226e-05
-4.29587e-05
-2.98723e-05
-1.91678e-05
-1.08855e-05
-5.00247e-06
-1.43398e-06
-3.59167e-08
0
0
0
0
0
0
0
0
0
0
0
0
0
0
0
0
0
0
0
0
0
0
0
0
0
0
0
0
0
0
0
0
0
0
0
0
0
0
0
0
0
0
0
0
0
0
0
0
0
0
0
0
0
0
0
0
0
0
0
0
0
0
0
0
0
0
0
0
0
0
0
0
0
0
0
0
0
0
0
0
0
0
0
0
0
0
0
0
0
0
0
0
0
0
0
0
0
0
0
0
0
0
0
0
0
0
0
0
0
0
0
0
0
0
0
0
0
0
0
0
0
0
0
0
0
0
0
0
0
0
0
0
0
0
0
0
0
0
0
0
0
0
0
0
0
0
0
0
0
0
0
0
0
0
0
0
0
0
0
0
0
0
0
0
0
0
0
0
0
0
0
0
0
0
0
0
0
0
0
0
0
0
0
0
0
0
0
0
0
0
0
0
0
0
0
0
0
0
0
0
0
1.57164e-07
6.50728e-06
2.35216e-05
5.30096e-05
9.66591e-05
0.000156016
0.000232468
0.000327225
0.00044131
0.000575538
0.000730512
0.000906612
0.00110399
0.00132256
0.00156201
0.00182179
0.00210113
0.00239906
0.00271438
0.00304572
0.00339152
0.00375005
0.00411946
0.00449775
0.00488278
0.00527234
0.0056641
0.00605565
0.00644453
0.00682821
0.00720416
0.00756982
0.00792263
0.00826009
0.00857975
0.00887926
0.00915635
0.00940892
0.00963499
0.00983274
0.0100005
0.0101368
0.0102404
0.0103101
0.0103451
0.0103444
0.0103077
0.0102344
0.0101245
0.00997792
0.00979489
0.00957596
0.00932184
0.00903349
0.00871207
0.00835885
0.00797553
0.00756383
0.00712562
0.00666286
0.00617743
0.00567151
0.00514716
0.00460644
0.00405138
0.00348391
0.00290618
0.00232025
0.00172822
0.00113222
0.000534392
-6.29325e-05
-0.000657439
-0.00124679
-0.00182863
-0.00240069
-0.00296072
-0.00350663
-0.00403647
-0.00454848
-0.00504105
-0.00551286
-0.00596272
-0.00638958
-0.00679252
-0.00717052
-0.00752283
-0.00784854
-0.00814664
-0.00841604
-0.00865552
-0.0088678
-0.00905308
-0.0092101
-0.00933751
-0.00943359
-0.00949715
-0.00952675
-0.00952101
-0.00947866
-0.00939821
-0.009279
-0.00912015
-0.00892093
-0.00868073
-0.00839866
-0.00807469
-0.0077085
-0.00729982
-0.00684844
-0.00635386
-0.00581641
-0.00523615
-0.00461327
-0.00394808
-0.00324078
-0.00249239
-0.00170384
-0.000876308
-1.11985e-05
0.000889956
0.00182508
0.00279199
0.00378827
0.00481126
0.00585791
0.00692533
0.00801024
0.00910921
0.0102186
0.0113341
0.0124525
0.0135697
0.0146818
0.0157846
0.0168727
0.0179434
0.0189923
0.0200156
0.0210092
0.0219674
0.0228883
0.0237684
0.0246043
0.0253928
0.0261282
0.0268103
0.0274365
0.0280044
0.0285117
0.0289536
0.0293314
0.0296436
0.0298891
0.030067
0.0301738
0.0302121
0.0301821
0.030084
0.0299183
0.0296837
0.0293833
0.0290185
0.0285906
0.0281011
0.0275506
0.0269418
0.0262764
0.0255562
0.0247831
0.0239601
0.0230882
0.0221695
0.0212062
0.0202009
0.0191598
0.0180819
0.0169699
0.0158268
0.0146557
0.0134666
0.0122556
0.0110259
0.0097805
0.00852255
0.00726506
0.00600083
0.00473269
0.00346342
0.00219579
0.000945101
-0.000298386
-0.0015318
-0.00275214
-0.0039563
-0.00512735
-0.00627555
-0.0073974
-0.00848923
-0.00954726
-0.0105548
-0.0115209
-0.0124418
-0.0133135
-0.0141324
-0.0148851
-0.0155778
-0.0162069
-0.016769
-0.017261
-0.0176758
-0.0180141
-0.0182728
-0.0184488
-0.0185391
-0.018546
-0.0184616
-0.0182833
-0.0180087
-0.0176356
-0.0171771
-0.0166163
-0.0159517
-0.0151824
-0.0143077
-0.0133539
-0.012295
-0.0111318
-0.00986572
-0.00849892
-0.00707045
-0.00554715
-0.00393294
-0.00223246
-0.000451056
0.00136158
0.00324241
0.00518407
0.00717849
0.00921686
0.0112438
0.0132955
0.0153613
0.0174305
0.0194914
0.0214905
0.0234574
0.0253797
0.0272446
0.0290393
0.0307205
0.0323051
0.03378
0.0351319
0.0363477
0.0374037
0.0382978
0.0390177
0.0395516
0.0398881
0.0400318
0.0399578
0.0396575
0.0391232
0.0383485
0.0373731
0.0361484
0.0346724
0.0329443
0.0309651
0.0288115
0.0264133
0.0237761
0.0209072
0.0178154
0.0146108
0.0112055
0.00761315
0.00384855
-7.17134e-05
-0.00401419
-0.00807511
-0.0122338
-0.0164684
-0.0207552
-0.0249522
-0.0291515
-0.0333269
-0.0374512
-0.0414964
-0.0453307
-0.0490292
-0.0525634
-0.055905
-0.0590258
-0.0618264
-0.0643519
-0.0665766
-0.0684759
-0.070026
-0.0711807
-0.0719438
-0.0722966
-0.0722223
-0.071706
-0.0707695
-0.0693676
-0.0674924
-0.065138
-0.0623014
-0.0590807
-0.0553796
-0.0512032
-0.0465595
-0.0414594
-0.0360747
-0.0302636
-0.0240453
-0.0174418
-0.010478
-0.00338616
0.00400905
0.0116757
0.0195794
0.0276836
0.0357196
0.0438777
0.0521165
0.0603929
0.0686627
0.0766531
0.0845461
0.0922957
0.0998556
0.107179
0.114027
0.120548
0.126697
0.132432
0.13771
0.142362
0.14648
0.150028
0.152974
0.155286
0.156895
0.157819
0.158037
0.157531
0.156287
0.154354
0.151668
0.148224
0.144025
0.139077
0.133553
0.127304
0.120347
0.112706
0.104407
0.0957341
0.086468
0.0766462
0.0663102
0.0555051
0.0445988
0.0333223
0.0217286
0.0098737
-0.00218421
-0.0140361
-0.0259701
-0.0379243
-0.0498355
-0.0616398
-0.0729376
-0.0840013
-0.0947682
-0.105176
-0.115165
-0.124396
-0.133092
-0.141198
-0.148663
-0.155437
-0.161292
-0.166369
-0.170631
-0.174044
-0.176577
-0.178148
-0.178794
-0.1785
-0.177257
-0.175057
-0.171978
-0.167946
-0.162972
-0.15707
-0.15026
-0.142774
-0.134434
-0.125274
-0.115333
-0.104654
-0.0936017
-0.0819101
-0.0696334
-0.0568298
-0.0435609
-0.030282
-0.0166677
-0.00278561
0.0112947
0.0255023
0.0393474
0.0531768
0.0669191
0.0805033
0.093859
0.106524
0.118824
0.130695
0.142074
0.152901
0.162799
0.172035
0.180559
0.188326
0.195294
0.201219
0.206274
0.210433
0.213671
0.21597
0.21725
0.217568
0.216923
0.215314
0.212749
0.209319
0.20496
0.199692
0.19354
0.186534
0.178926
0.170535
0.161403
0.151575
0.1411
0.130357
0.119072
0.107301
0.0951021
0.0825352
0.0700606
0.0573417
0.0444407
0.0314206
0.0183448
0.00569544
-0.00688535
-0.0193372
-0.0316007
-0.0436174
-0.0549416
-0.0659087
-0.0764672
-0.0865678
-0.0961636
-0.104898
-0.113043
-0.120561
-0.127419
-0.133585
-0.138834
-0.143341
-0.147087
-0.150057
-0.152239
-0.153561
-0.154085
-0.153809
-0.152738
-0.150881
-0.148327
-0.145012
-0.140958
-0.136185
-0.13072
-0.124798
-0.118244
-0.111093
-0.103382
-0.0951516
-0.0867485
-0.0779108
-0.0686836
-0.059114
-0.0492504
-0.0395087
-0.0295721
-0.0194906
-0.00931479
0.000904489
0.0107353
0.0205097
0.0301793
0.0396962
0.0490135
0.0577364
0.0661712
0.0742765
0.0820129
0.0893425
0.0959538
0.10209
0.107723
0.112823
0.117366
0.12116
0.124358
0.126944
0.128906
0.130236
0.13088
0.130885
0.130252
0.128986
0.127096
0.124669
0.121643
0.118035
0.113866
0.10916
0.104129
0.0986136
0.0926441
0.0862529
0.0794747
0.0726188
0.0654499
0.058007
0.0503305
0.0424622
0.0347657
0.0269617
0.0190926
0.0112006
0.00332802
-0.00415508
-0.0115377
-0.0187814
-0.025849
-0.0327049
-0.0390196
-0.0450577
-0.0507901
-0.0561898
-0.0612321
-0.065667
-0.0697022
-0.0733203
-0.0765065
-0.079248
-0.0814002
-0.08309
-0.0843122
-0.0850643
-0.0853463
-0.0851315
-0.0844537
-0.0833203
-0.0817408
-0.0797273
-0.0773688
-0.074606
-0.0714567
-0.0679402
-0.0640775
-0.0600554
-0.0557325
-0.0511328
-0.0462813
-0.041204
-0.0361567
-0.030937
-0.0255718
-0.0200888
-0.0145161
-0.00914401
-0.00373823
0.00167362
0.00706395
0.0124054
0.0174103
0.022314
0.0270923
0.0317214
0.0361793
0.0402169
0.0440437
0.0476426
0.0509982
0.0540968
0.0567571
0.0591388
0.0612342
0.0630368
0.064542
0.0656516
0.0664591
0.0669644
0.0671686
0.0670745
0.0666713
0.0659785
0.0650023
0.0637503
0.0622311
0.0605156
0.0585536
0.0563566
0.0539377
0.0513109
0.048614
0.0457395
0.0427037
0.0395234
0.0362166
0.0329657
0.0296245
0.0262113
0.0227448
0.0192435
0.0159086
0.0125752
0.00926084
0.00598216
0.0027555
-0.000226356
-0.00312662
-0.00593217
-0.00863086
-0.0112115
-0.0135121
-0.0156733
-0.0176793
-0.0195197
-0.0211864
-0.0225614
-0.0237518
-0.0247544
-0.0255677
-0.0261916
-0.0265653
-0.0267546
-0.026764
-0.0265994
-0.0262679
-0.0257645
-0.0251127
-0.0243233
-0.023408
-0.0223795
-0.0212779
-0.0200894
-0.0188279
-0.0175074
-0.0161419
-0.0147993
-0.0134368
-0.0120666
-0.0107004
-0.00934922
-0.00809077
-0.00686364
-0.00567573
-0.00453407
-0.0034448
-0.00248144
-0.00157654
-0.000733376
4.55284e-05
0.000758388
0.00134441
0.00186651
0.00232505
0.00272096
0.0030557
0.00328515
0.003461
0.00358608
0.00366354
0.00369681
0.00365834
0.00358573
0.00348289
0.0033538
0.00320245
0.0030148
0.00281446
0.00260509
0.00239021
0.00217315
0.00194899
0.00172943
0.00151693
0.00131363
0.00112137
0.000939993
0.000772514
0.000619732
0.000482142
0.000359948
0.000254505
0.0001638
8.73166e-05
2.4362e-05
-2.59e-05
-6.23288e-05
-8.85939e-05
-0.000105759
-0.000114928
-0.000117225
-0.000112346
-0.000103391
-9.13978e-05
-7.73771e-05
-6.23124e-05
-4.66821e-05
-3.21921e-05
-1.96018e-05
-9.62103e-06
-2.90678e-06
-5.91071e-08
0
0
0
0
0
0
0
0
0
0
0
0
0
0
0
0
0
0
0
0
0
0
0
0
0
0
0
0
0
0
0
0
0
0
0
0
0
0
0
0
0
0
0
0
0
0
0
0
0
0
0
0
0
0
0
0
0
0
0
0
0
0
0
