0
0
0
0
0
0
0
0
0
0
0
0
0
0
0
0
0
0
0
0
0
0
0
0
0
0
-0
-0
-0
-0
-0
-0
-0
-0
-0
-0
-0
-0
-0
-0
-0
-0
-0
-0
-0
-0
-0
-0
-0
-0
-0
-0
-0
-0
-0
-0
-0
-0
-0
-0
-0
-0
-0
0
0
0
0
0
0
0
0
0
0
0
0
0
0
0
0
0
0
0
0
0
0
0
0
0
0
0
0
0
0
0
0
0
0
0
0
0
0
0
0
0
0
0
0
0
0
0
0
0
0
-6.6243e-10
-1.76174e-08
-7.88839e-08
-2.12309e-07
-4.44752e-07
-8.01596e-07
-1.30628e-06
-1.97985e-06
-2.84055e-06
-3.90343e-06
-5.17993e-06
-6.67754e-06
-8.39947e-06
-1.03444e-05
-1.25063e-05
-1.48741e-05
-1.74323e-05
-2.01602e-05
-2.30329e-05
-2.60204e-05
-2.90884e-05
-3.2198e-05
-3.53062e-05
-3.83658e-05
-4.13266e-05
-4.41356e-05
-4.67382e-05
-4.90784e-05
-5.11e-05
-5.27467e-05
-5.39628e-05
-5.46932e-05
-5.4884e-05
-5.44836e-05
-5.34433e-05
-5.17189e-05
-4.92716e-05
-4.6069e-05
-4.20853e-05
-3.73003e-05
-3.17001e-05
-2.52767e-05
-1.80295e-05
-9.96634e-06
-1.10464e-06
8.52841e-06
1.88965e-05
2.99555e-05
4.16539e-05
5.39332e-05
6.67273e-05
7.99614e-05
9.35517e-05
0.000107407
0.000121428
0.000135512
0.000149554
0.000163444
0.000177071
0.000190324
0.000203089
0.000215253
0.000226705
0.000237339
0.000247046
0.000255727
0.00026328
0.000269615
0.000274644
0.000278294
0.0002805
0.000281207
0.000280373
0.000277966
0.000273963
0.000268354
0.000261142
0.000252343
0.000241991
0.000230128
0.000216813
0.000202115
0.000186116
0.000168908
0.000150596
0.000131294
0.000111126
9.02234e-05
6.87255e-05
4.6775e-05
2.45243e-05
2.11177e-06
-2.03499e-05
-4.27469e-05
-6.4964e-05
-8.68857e-05
-0.000108397
-0.000129384
-0.000149736
-0.000169344
-0.000188103
-0.00020591
-0.00022267
-0.00023829
-0.000252682
-0.000265767
-0.000277469
-0.000287722
-0.000296465
-0.000303644
-0.000309216
-0.000313142
-0.000315394
-0.000315956
-0.000314819
-0.000311984
-0.000307463
-0.000301276
-0.000293449
-0.000284017
-0.000273023
-0.000260516
-0.000246556
-0.000231214
-0.000214572
-0.000196718
-0.000177749
-0.000157763
-0.000136864
-0.000115154
-9.27447e-05
-6.97508e-05
-4.62959e-05
-2.25095e-05
1.47569e-06
2.55277e-05
4.95172e-05
7.33179e-05
9.68047e-05
0.000119851
0.000142328
0.000164104
0.000185051
0.000205045
0.00022397
0.000241721
0.000258201
0.000273321
0.000286996
0.000299146
0.000309699
0.000318588
0.000325755
0.000331158
0.00033476
0.000336541
0.000336488
0.000334601
0.000330884
0.000325354
0.000318034
0.000308956
0.000298164
0.00028571
0.000271659
0.000256085
0.00023907
0.000220706
0.000201093
0.000180336
0.000158546
0.000135841
0.000112339
8.81635e-05
6.34406e-05
3.83018e-05
1.28837e-05
-1.26729e-05
-3.82249e-05
-6.36308e-05
-8.8753e-05
-0.000113459
-0.000137621
-0.000161111
-0.000183806
-0.000205578
-0.000226309
-0.000245882
-0.000264196
-0.000281156
-0.000296679
-0.000310689
-0.000323109
-0.000333869
-0.000342904
-0.000350157
-0.000355586
-0.000359163
-0.000360874
-0.000360719
-0.000358704
-0.000354846
-0.000349168
-0.000341699
-0.000332479
-0.000321558
-0.000308998
-0.000294869
-0.000279249
-0.000262224
-0.000243887
-0.000224332
-0.000203665
-0.000181992
-0.00015943
-0.0001361
-0.000112125
-8.7634e-05
-6.27526e-05
-3.76082e-05
-1.23279e-05
1.29602e-05
3.81269e-05
6.30424e-05
8.7578e-05
0.000111608
0.000135009
0.000157664
0.000179458
0.00020028
0.000220024
0.00023859
0.000255885
0.000271824
0.000286331
0.000299334
0.000310768
0.000320574
0.000328702
0.000335115
0.00033979
0.000342716
0.000343895
0.000343333
0.000341041
0.000337032
0.000331322
0.000323937
0.000314913
0.000304298
0.000292152
0.000278546
0.000263554
0.000247254
0.000229726
0.00021105
0.00019131
0.000170597
0.000149007
0.000126646
0.000103624
8.00515e-05
5.6039e-05
3.16909e-05
7.10893e-06
-1.76059e-05
-4.23495e-05
-6.70125e-05
-9.14819e-05
-0.000115644
-0.000139391
-0.000162621
-0.000185244
-0.000207173
-0.000228326
-0.000248618
-0.000267962
-0.000286272
-0.000303465
-0.000319469
-0.000334219
-0.000347664
-0.00035976
-0.000370469
-0.000379757
-0.000387589
-0.000393935
-0.000398764
-0.000402052
-0.000403781
-0.000403943
-0.000402538
-0.000399576
-0.000395073
-0.000389048
-0.000381524
-0.000372525
-0.000362085
-0.000350244
-0.000337054
-0.000322577
-0.000306878
-0.000290029
-0.000272099
-0.000253157
-0.000233271
-0.000212513
-0.000190957
-0.000168688
-0.000145792
-0.000122366
-9.85063e-05
-7.43144e-05
-4.98894e-05
-2.53299e-05
-7.3273e-07
2.38051e-05
4.81851e-05
7.23057e-05
9.60617e-05
0.000119346
0.000142052
0.000164076
0.000185321
0.000205695
0.00022511
0.000243483
0.000260729
0.000276767
0.000291517
0.000304902
0.000316853
0.000327305
0.000336203
0.000343499
0.000349156
0.000353141
0.000355432
0.00035601
0.000354863
0.000351982
0.000347366
0.000341022
0.000332964
0.000323222
0.000311833
0.000298844
0.000284309
0.000268289
0.00025085
0.00023206
0.000211998
0.000190742
0.000168382
0.000145011
0.000120729
9.5645e-05
6.98744e-05
4.35385e-05
1.67623e-05
-1.03281e-05
-3.76077e-05
-6.49534e-05
-9.22434e-05
-0.000119356
-0.000146171
-0.000172564
-0.000198414
-0.000223597
-0.000247991
-0.000271476
-0.000293933
-0.000315247
-0.000335311
-0.000354024
-0.000371296
-0.000387043
-0.000401193
-0.000413681
-0.000424451
-0.000433457
-0.000440664
-0.000446046
-0.00044959
-0.00045129
-0.000451151
-0.000449184
-0.00044541
-0.000439857
-0.000432564
-0.000423578
-0.000412955
-0.00040076
-0.000387062
-0.000371942
-0.000355483
-0.000337777
-0.000318921
-0.000299014
-0.000278161
-0.000256467
-0.000234046
-0.000211014
-0.000187489
-0.000163595
-0.000139454
-0.000115185
-9.09072e-05
-6.67391e-05
-4.27967e-05
-1.91956e-05
3.95093e-06
2.65333e-05
4.84472e-05
6.95934e-05
8.98785e-05
0.000109214
0.000127515
0.000144705
0.000160712
0.000175472
0.00018893
0.000201037
0.000211753
0.000221043
0.00022888
0.000235245
0.00024013
0.000243533
0.00024546
0.000245927
0.000244954
0.000242567
0.000238801
0.000233697
0.000227302
0.000219671
0.000210862
0.00020094
0.000189974
0.000178039
0.000165214
0.000151582
0.000137225
0.00012223
0.000106683
9.06748e-05
7.42962e-05
5.764e-05
4.07986e-05
2.38615e-05
6.91507e-06
-9.95728e-06
-2.66738e-05
-4.31534e-05
-5.9315e-05
-7.50798e-05
-9.03727e-05
-0.000105124
-0.000119272
-0.000132757
-0.000145526
-0.000157531
-0.000168726
-0.000179072
-0.000188536
-0.00019709
-0.000204713
-0.000211385
-0.000217092
-0.000221826
-0.000225582
-0.000228365
-0.000230187
-0.000231065
-0.000231019
-0.000230071
-0.000228247
-0.000225575
-0.000222091
-0.000217833
-0.000212846
-0.000207178
-0.000200875
-0.000193985
-0.000186556
-0.00017864
-0.000170291
-0.000161563
-0.000152516
-0.000143206
-0.000133689
-0.000124018
-0.000114246
-0.000104425
-9.46078e-05
-8.48445e-05
-7.51841e-05
-6.56732e-05
-5.63561e-05
-4.72752e-05
-3.84702e-05
-2.99786e-05
-2.18345e-05
-1.40685e-05
-6.70774e-06
2.23558e-07
6.70354e-06
1.27124e-05
1.82329e-05
2.32504e-05
2.7754e-05
3.17361e-05
3.51927e-05
3.81227e-05
4.05278e-05
4.24123e-05
4.37834e-05
4.46501e-05
4.50237e-05
4.4917e-05
4.43441e-05
4.33205e-05
4.18636e-05
3.99929e-05
3.77295e-05
3.50959e-05
3.21152e-05
2.8811e-05
2.52074e-05
2.13296e-05
1.72035e-05
1.2856e-05
8.31367e-06
3.60297e-06
-1.2506e-06
-6.2219e-06
-1.12857e-05
-1.64166e-05
-2.1589e-05
-2.67779e-05
-3.19595e-05
-3.71117e-05
-4.22127e-05
-4.72414e-05
-5.21765e-05
-5.69966e-05
-6.16817e-05
-6.62132e-05
-7.0575e-05
-7.47526e-05
-7.87322e-05
-8.25003e-05
-8.60429e-05
-8.93468e-05
-9.23997e-05
-9.51908e-05
-9.77112e-05
-9.99531e-05
-0.00010191
-0.000103575
-0.000104945
-0.000106016
-0.000106785
-0.000107252
-0.000107416
-0.000107276
-0.000106833
-0.000106087
-0.000105043
-0.000103705
-0.000102083
-0.000100182
-9.80131e-05
-9.55831e-05
-9.29022e-05
-8.99811e-05
-8.68323e-05
-8.34694e-05
-7.9906e-05
-7.61562e-05
-7.22343e-05
-6.81562e-05
-6.39393e-05
-5.96026e-05
-5.51656e-05
-5.0647e-05
-4.60643e-05
-4.14344e-05
-3.67747e-05
-3.21043e-05
-2.74442e-05
-2.28167e-05
-1.82436e-05
-1.37451e-05
-9.34008e-06
-5.046e-06
-8.80566e-07
3.138e-06
6.99119e-06
1.06611e-05
1.41312e-05
1.73861e-05
2.04116e-05
2.31932e-05
2.57168e-05
2.79691e-05
2.99388e-05
3.16175e-05
3.2999e-05
3.40787e-05
3.48513e-05
3.53115e-05
3.54538e-05
3.52751e-05
3.47758e-05
3.39604e-05
3.28365e-05
3.14127e-05
2.96976e-05
2.76989e-05
2.54249e-05
2.28854e-05
2.00935e-05
1.70656e-05
1.382e-05
1.03765e-05
6.75498e-06
2.97556e-06
-9.41287e-07
-4.9744e-06
-9.10213e-06
-1.33026e-05
-1.75542e-05
-2.1835e-05
-2.61224e-05
-3.03924e-05
-3.46197e-05
-3.87787e-05
-4.28443e-05
-4.67936e-05
-5.06058e-05
-5.42615e-05
-5.7742e-05
-6.10281e-05
-6.40993e-05
-6.69082e-05
-6.94219e-05
-7.16212e-05
-7.34904e-05
-7.50175e-05
-7.61931e-05
-7.7011e-05
-7.74673e-05
-7.75606e-05
-7.72919e-05
-7.6665e-05
-7.56859e-05
-7.43641e-05
-7.27126e-05
-7.0748e-05
-6.84904e-05
-6.59625e-05
-6.3188e-05
-6.01911e-05
-5.69964e-05
-5.36294e-05
-5.01171e-05
-4.64884e-05
-4.27735e-05
-3.90029e-05
-3.52061e-05
-3.14109e-05
-2.76437e-05
-2.39299e-05
-2.02943e-05
-1.67611e-05
-1.33535e-05
-1.00924e-05
-6.99685e-06
-4.08306e-06
-1.36514e-06
1.1448e-06
3.43682e-06
5.50344e-06
7.34015e-06
8.94544e-06
1.03206e-05
1.14692e-05
1.23964e-05
1.31088e-05
1.36146e-05
1.39239e-05
1.40485e-05
1.40022e-05
1.38001e-05
1.34579e-05
1.29917e-05
1.24176e-05
1.17516e-05
1.10097e-05
1.0208e-05
9.36244e-06
8.48851e-06
7.60119e-06
6.71458e-06
5.84167e-06
4.99417e-06
4.18231e-06
3.41482e-06
2.69895e-06
2.04053e-06
1.44415e-06
9.13119e-07
4.49504e-07
5.40262e-08
-2.7395e-07
-5.36359e-07
-7.36288e-07
-8.77777e-07
-9.65633e-07
-1.00528e-06
-1.00267e-06
-9.64171e-07
-8.96453e-07
-8.06356e-07
-7.00716e-07
-5.86209e-07
-4.69208e-07
-3.5566e-07
-2.50979e-07
-1.59944e-07
-8.66221e-08
-3.42946e-08
-5.4132e-09
-0
-0
-0
-0
-0
-0
-0
-0
-0
-0
-0
-0
-0
-0
-0
-0
-0
-0
-0
-0
-0
-0
-0
0
0
0
0
0
0
0
0
0
0
0
0
0
0
0
0
0
0
0
0
0
0
0
0
0
0
0
0
0
0
0
0
0
0
0
0
0
0
0
0
0
0
0
0
0
0
0
0
0
0
0
0
0
0
0
-0
-0
-0
-0
-0
-0
-0
-0
-0
-0
-0
-0
-0
-0
-0
-0
-0
-0
-0
-0
-0
-0
-0
-0
-0
-2.18132e-07
-6.91591e-07
9.94996e-08
3.83943e-06
1.22611e-05
2.71354e-05
5.02648e-05
8.34698e-05
0.000128553
0.000187247
0.000261203
0.000352016
0.000461323
0.000590904
0.000742675
0.000918619
0.00112054
0.00134988
0.00160781
0.00189533
0.00221378
0.00256491
0.00295085
0.00337378
0.00383541
0.00433692
0.00487882
0.00546128
0.00608442
0.0067484
0.00745344
0.00819954
0.00898642
0.00981372
0.010681
0.011588
0.0125338
0.0135165
0.0145329
0.0155785
0.0166484
0.017738
0.0188436
0.0199621
0.0210903
0.0222233
0.0233546
0.0244763
0.0255802
0.0266595
0.0277083
0.0287224
0.0296983
0.0306321
0.0315195
0.0323543
0.0331299
0.0338394
0.0344759
0.0350338
0.0355081
0.0358965
0.0361984
0.036415
0.0365477
0.0365958
0.0365567
0.0364273
0.0362047
0.0358897
0.0354854
0.034999
0.0344391
0.0338139
0.03313
0.0323915
0.0316027
0.0307689
0.0298982
0.0290011
0.0280891
0.0271741
0.0262664
0.0253748
0.0245063
0.0236678
0.0228662
0.022109
0.0214053
0.020764
0.0202007
0.0197337
0.0193708
0.0191172
0.0189727
0.0189403
0.0190202
0.0192132
0.0195218
0.0199455
0.0204913
0.021161
0.0219542
0.022868
0.0238927
0.0250266
0.0262633
0.0275965
0.0290208
0.0305259
0.0321117
0.0337716
0.0354967
0.0372757
0.0390904
0.0409321
0.0427882
0.0446475
0.046501
0.0483357
0.0501457
0.0519185
0.0536395
0.0552925
0.0568605
0.0583314
0.0596943
0.0609408
0.062064
0.0630593
0.0639172
0.0646294
0.0651871
0.0655817
0.0658126
0.0658662
0.0657384
0.065427
0.0649315
0.0642651
0.0634156
0.0623833
0.0611688
0.0597737
0.0582194
0.056494
0.0546056
0.052564
0.0503797
0.0480855
0.0456698
0.0431439
0.0405204
0.037813
0.0350605
0.0322541
0.0294097
0.0265439
0.0236741
0.0208412
0.0180417
0.0152941
0.0126168
0.0100283
0.00756405
0.00522846
0.00304346
0.00103116
-0.000787789
-0.0023902
-0.00376606
-0.00490179
-0.00578367
-0.00639669
-0.0067348
-0.00677172
-0.00649313
-0.00588776
-0.00494771
-0.00369641
-0.00210203
-0.000162645
0.00212226
0.00475143
0.00767365
0.0109315
0.0145181
0.0184244
0.0226392
0.027083
0.0318028
0.0367768
0.0419805
0.0473887
0.0528991
0.0585636
0.0643566
0.0702505
0.0762145
0.082135
0.0880555
0.0939383
0.0997457
0.10544
0.110915
0.116206
0.121279
0.126101
0.130635
0.134798
0.138602
0.142008
0.144982
0.147492
0.149499
0.150995
0.15196
0.152377
0.152226
0.151518
0.150202
0.148262
0.145691
0.142485
0.13873
0.134346
0.129341
0.123724
0.117506
0.110839
0.103606
0.0958297
0.0875359
0.0787531
0.06969
0.0602096
0.0503555
0.0401756
0.0297197
0.019237
0.00857784
-0.00220724
-0.0130646
-0.0239361
-0.0345614
-0.0450749
-0.055412
-0.0655087
-0.0753019
-0.0845604
-0.0933913
-0.101734
-0.109528
-0.116716
-0.123133
-0.128833
-0.133763
-0.137873
-0.141113
-0.143417
-0.144774
-0.145157
-0.144543
-0.142912
-0.140323
-0.136684
-0.131983
-0.126218
-0.119395
-0.111711
-0.103002
-0.0932907
-0.0826054
-0.0709787
-0.0587312
-0.0456273
-0.0317202
-0.0170687
-0.00173606
0.0138586
0.0299991
0.0466121
0.0636192
0.0809371
0.0980944
0.115388
0.132727
0.15002
0.167171
0.183715
0.199924
0.215705
0.230965
0.245614
0.259262
0.27212
0.2841
0.295114
0.305081
0.313739
0.321206
0.32742
0.332326
0.335869
0.33797
0.33862
0.337786
0.335445
0.331582
0.326324
0.319536
0.311225
0.301407
0.290104
0.27765
0.263785
0.248556
0.232019
0.21424
0.195732
0.176133
0.155529
0.13401
0.11167
0.0891402
0.065994
0.0423428
0.0183041
-0.00600026
-0.0298897
-0.0538011
-0.0776154
-0.101213
-0.124471
-0.14675
-0.168442
-0.189424
-0.209577
-0.228788
-0.246542
-0.263144
-0.278496
-0.292505
-0.305084
-0.315912
-0.325161
-0.33277
-0.338683
-0.342855
-0.345205
-0.345747
-0.344461
-0.341339
-0.336383
-0.32977
-0.32135
-0.311149
-0.299205
-0.28557
-0.270669
-0.254209
-0.236268
-0.216927
-0.196273
-0.174917
-0.152447
-0.128973
-0.104618
-0.0795073
-0.0543745
-0.0287446
-0.00274948
0.0234755
0.0497923
0.0754393
0.100907
0.126066
0.150796
0.174978
0.197929
0.220105
0.241394
0.261689
0.280887
0.298442
0.314712
0.329615
0.343074
0.355024
0.365134
0.373636
0.380497
0.385689
0.389192
0.390915
0.390921
0.389209
0.385788
0.380678
0.374038
0.36578
0.355951
0.344604
0.331802
0.317924
0.302728
0.286287
0.268677
0.249978
0.230735
0.210582
0.189621
0.167959
0.145706
0.12352
0.100951
0.0780948
0.0550449
0.0318968
0.00932698
-0.0131411
-0.0354047
-0.057362
-0.0789142
-0.0994234
-0.119348
-0.138609
-0.157134
-0.174858
-0.191261
-0.20674
-0.221232
-0.234675
-0.247009
-0.25786
-0.26751
-0.275936
-0.283124
-0.289065
-0.293589
-0.296841
-0.298805
-0.299466
-0.298816
-0.296874
-0.293641
-0.289143
-0.28341
-0.276472
-0.268542
-0.259469
-0.249287
-0.238033
-0.225756
-0.212838
-0.199014
-0.184351
-0.168916
-0.152774
-0.13642
-0.119468
-0.101969
-0.0839826
-0.0655769
-0.0473365
-0.0288426
-0.0101812
0.00856751
0.0273325
0.0455314
0.0636242
0.0815489
0.0992367
0.116612
0.133116
0.149153
0.164653
0.179556
0.193805
0.206957
0.21936
0.230965
0.241721
0.251574
0.260203
0.26783
0.274419
0.279947
0.284398
0.287651
0.289806
0.290847
0.290755
0.289513
0.28717
0.283678
0.279059
0.273346
0.266573
0.25899
0.2504
0.240826
0.230296
0.218849
0.206896
0.194134
0.180626
0.166437
0.15163
0.136738
0.121361
0.105567
0.0894283
0.0730196
0.0569354
0.0407289
0.0244743
0.00824702
-0.00787675
-0.0233064
-0.0384847
-0.0533422
-0.0678116
-0.0818272
-0.0948743
-0.107343
-0.119174
-0.130312
-0.140704
-0.149967
-0.158391
-0.165933
-0.172558
-0.178238
-0.182771
-0.186314
-0.188851
-0.190365
-0.190842
-0.190277
-0.188674
-0.186044
-0.18241
-0.177794
-0.172396
-0.166055
-0.158793
-0.150639
-0.141639
-0.132183
-0.122001
-0.111154
-0.0996981
-0.0876796
-0.0755931
-0.0630387
-0.0500765
-0.0367778
-0.02322
-0.00998649
0.00336229
0.0167651
0.0301628
0.0434929
0.0561842
0.068668
0.0808728
0.0927323
0.104188
0.114752
0.124816
0.134334
0.143259
0.151543
0.158825
0.165383
0.171189
0.176217
0.180447
0.183702
0.186127
0.187712
0.188448
0.188336
0.187387
0.185604
0.183001
0.179597
0.175411
0.170641
0.165137
0.15893
0.152056
0.144558
0.136796
0.128506
0.119732
0.110522
0.100918
0.0913751
0.0815392
0.071468
0.0612235
0.0508671
0.0409008
0.0309278
0.0209925
0.0111395
0.00141714
-0.00769479
-0.0165714
-0.0251633
-0.033428
-0.0413302
-0.0484835
-0.0552171
-0.0615022
-0.0673079
-0.0726034
-0.0771168
-0.0810736
-0.08446
-0.087267
-0.089488
-0.0910089
-0.0919359
-0.0922696
-0.0920147
-0.0911792
-0.089807
-0.0878767
-0.0854023
-0.0824018
-0.0788983
-0.0750833
-0.0708243
-0.066152
-0.0610953
-0.0556814
-0.0502029
-0.0444254
-0.0383851
-0.0321224
-0.025679
-0.0194209
-0.0130536
-0.00660368
-0.00010874
0.00638639
0.0124888
0.0184941
0.0243549
0.0300299
0.0354848
0.0403794
0.045005
0.0493377
0.0533521
0.0570237
0.0600886
0.0627784
0.0650838
0.0669998
0.0685236
0.0695035
0.0700962
0.0703079
0.0701491
0.0696351
0.0687285
0.0675073
0.065992
0.0642032
0.0621625
0.0599204
0.0574758
0.054857
0.0520931
0.0492115
0.0463228
0.0433607
0.0403472
0.0373045
0.0342556
0.031339
0.028455
0.0256235
0.0228618
0.0201847
0.0177237
0.0153637
0.0131157
0.0109902
0.00899591
0.00724185
0.00562047
0.00413328
0.0027807
0.00156273
0.000554517
-0.000328798
-0.00109062
-0.00173619
-0.00227215
-0.00265887
-0.00295581
-0.00316917
-0.00330472
-0.0033687
-0.00334583
-0.00327105
-0.00315363
-0.00300225
-0.00282422
-0.00261871
-0.00239886
-0.00216956
-0.00193595
-0.00170344
-0.00147821
-0.00126365
-0.00106313
-0.000878871
-0.000712197
-0.000566401
-0.000438623
-0.000329138
-0.000237779
-0.000163879
-0.000107469
-6.51135e-05
-3.5209e-05
-1.5908e-05
-5.1473e-06
-6.96131e-07
-0
-0
-0
0
0
0
0
0
0
0
0
0
0
0
0
0
0
0
0
0
0
0
0
0
0
0
0
0
0
0
0
0
0
0
0
0
0
0
0
0
0
0
0
0
0
0
0
0
0
0
0
0
0
0
0
0
0
0
0
0
0
-0
-0
-0
-0
-0
-0
-0
-0
-0
-0
-0
-0
-0
-0
-0
-0
-0
-0
-0
-0
-0
-0
-0
-0
-0
-0
-0
-0
-0
-0
-0
-0
-0
-0
-0
-0
-0
-0
-0
-0
-0
-0
-0
-0
-0
-0
-0
-0
-0
-0
-0
-0
