0
0
0
0
0
0
0
0
0
0
0
0
0
0
0
0
0
0
0
0
0
0
0
0
0
0
0
0
0
0
0
0
0
0
0
0
0
0
0
0
0
0
0
0
0
0
0
0
0
0
0
0
0
0
0
0
0
0
0
0
0
0
0
0
0
0
0
0
0
0
0
0
0
0
0
0
0
0
0
0
0
0
0
0
0
0
0
0
0
0
0
0
0
0
0
0
0
0
0
0
0
0
0
0
0
0
0
0
0
0
0
0
0
0
0
0
0
0
0
0
0
0
0
0
0
0
0
0
0
0
0
0
0
0
0
0
0
0
0
0
0
0
0
0
0
0
0
0
0
0
0
0
0
0
0
0
0
0
0
0
0
0
0
0
0
0
0
0
0
0
0
0
0
0
0
0
0
0
0
0
0
0
0
0
0
0
0
0
0
0
0
0
0
0
0
0
0
0
0
0
0
-2.54873e-06
-1.01556e-05
-2.17201e-05
-3.5969e-05
-5.1491e-05
-6.67653e-05
-8.01915e-05
-9.01213e-05
-9.48901e-05
-9.2849e-05
-8.23968e-05
-6.20114e-05
-3.02825e-05
1.4057e-05
7.20997e-05
0.000144737
0.000232635
0.000336217
0.000455647
0.000590821
0.000741348
0.000906547
0.00108544
0.00127674
0.00147891
0.00169011
0.00190826
0.00213105
0.00235593
0.00258019
0.00280091
0.00301508
0.00321954
0.00341111
0.00358655
0.00374263
0.00387618
0.00398412
0.00406347
0.00411147
0.00412554
0.00410335
0.00404285
0.00394231
0.00380033
0.00361591
0.00338841
0.00311759
0.00280362
0.0024471
0.00204907
0.00161102
0.0011349
0.000623113
7.84342e-05
-0.000495998
-0.00109672
-0.00171994
-0.00236158
-0.00301722
-0.0036822
-0.00435167
-0.00502065
-0.00568408
-0.00633692
-0.00697408
-0.00759054
-0.00818133
-0.00874163
-0.00926682
-0.00975252
-0.0101946
-0.0105894
-0.0109332
-0.011223
-0.011456
-0.0116298
-0.0117428
-0.0117937
-0.0117818
-0.0117069
-0.0115692
-0.0113692
-0.0111082
-0.0107877
-0.0104098
-0.00997708
-0.00949251
-0.00895941
-0.00838142
-0.00776507
-0.00711593
-0.00643723
-0.00573234
-0.00500471
-0.00425786
-0.00349536
-0.00272083
-0.00193787
-0.00115014
-0.00036125
0.000425227
0.00120577
0.00197693
0.00273533
0.00347771
0.00420091
0.00490192
0.00557791
0.00622616
0.00684412
0.00742934
0.00797952
0.00849259
0.00896672
0.00940038
0.00979236
0.0101417
0.0104475
0.0107092
0.0109261
0.0110979
0.0112242
0.0113051
0.0113409
0.0113323
0.0112799
0.0111847
0.0110477
0.0108698
0.010652
0.0103957
0.0101021
0.00977287
0.00940967
0.00901437
0.00858885
0.00813496
0.00765457
0.00714952
0.00662171
0.00607308
0.00550561
0.00492128
0.00432206
0.00370989
0.00308668
0.00245435
0.00181484
0.00117008
0.000522036
-0.000127395
-0.000776381
-0.00142317
-0.00206607
-0.0027034
-0.00333352
-0.00395479
-0.00456562
-0.00516452
-0.0057501
-0.00632108
-0.00687626
-0.0074145
-0.00793468
-0.00843571
-0.00891654
-0.00937613
-0.00981346
-0.0102275
-0.0106173
-0.0109819
-0.0113202
-0.0116315
-0.0119146
-0.0121689
-0.0123934
-0.0125872
-0.0127495
-0.0128794
-0.0129759
-0.0130384
-0.0130659
-0.0130578
-0.0130133
-0.0129319
-0.012813
-0.0126562
-0.0124612
-0.0122279
-0.0119561
-0.0116458
-0.0112973
-0.0109108
-0.0104867
-0.0100255
-0.00952784
-0.00899447
-0.00842623
-0.00782408
-0.00718917
-0.00652281
-0.00582653
-0.00510204
-0.00435119
-0.003576
-0.00277855
-0.00196107
-0.00112588
-0.000275444
0.000587639
0.00146065
0.00234071
0.00322479
0.00410967
0.00499199
0.00586823
0.0067348
0.00758809
0.00842449
0.00924041
0.0100322
0.0107963
0.0115288
0.012226
0.0128842
0.0134998
0.0140692
0.0145891
0.0150562
0.0154675
0.0158203
0.0161118
0.0163397
0.0165019
0.0165967
0.0166225
0.0165779
0.0164619
0.0162737
0.016013
0.0156798
0.0152745
0.014798
0.0142515
0.0136365
0.0129549
0.0122087
0.0114006
0.0105332
0.00960985
0.0086338
0.00760878
0.00653876
0.00542797
0.00428093
0.00310241
0.00189739
0.000671031
-0.000571411
-0.00182459
-0.00308309
-0.00434145
-0.00559418
-0.00683577
-0.00806072
-0.00926355
-0.0104389
-0.0115813
-0.0126856
-0.0137466
-0.0147593
-0.0157188
-0.0166206
-0.0174601
-0.0182333
-0.0189362
-0.0195654
-0.0201175
-0.02059
-0.0209803
-0.0212865
-0.021507
-0.0216405
-0.021686
-0.0216431
-0.0215115
-0.0212915
-0.0209838
-0.0205895
-0.0201099
-0.019547
-0.018903
-0.0181805
-0.0173827
-0.0165132
-0.0155756
-0.0145742
-0.0135135
-0.0123979
-0.0112327
-0.0100228
-0.00877392
-0.00749168
-0.00618198
-0.00485084
-0.00350441
-0.0021489
-0.000790619
0.000564111
0.001909
0.00323785
0.00454454
0.00582307
0.0070675
0.00827202
0.00943092
0.0105387
0.0115901
0.0125801
0.0135042
0.0143581
0.0151378
0.0158398
0.0164609
0.0169981
0.0174491
0.0178118
0.0180847
0.0182666
0.0183567
0.0183548
0.0182611
0.0180763
0.0178015
0.0174382
0.0169884
0.0164543
0.0158387
0.0151448
0.0143761
0.0135366
0.0126305
0.0116622
0.0106366
0.00955871
0.00843383
0.00726754
0.00606562
0.00483402
0.00357878
0.002306
0.0010218
-0.000267643
-0.0015562
-0.00283773
-0.00410621
-0.0053557
-0.00658042
-0.00777475
-0.00893319
-0.0100504
-0.0111213
-0.0121409
-0.0131047
-0.0140084
-0.0148479
-0.0156198
-0.0163207
-0.0169478
-0.0174986
-0.0179711
-0.0183636
-0.018675
-0.0189047
-0.0190522
-0.0191177
-0.0191017
-0.0190051
-0.0188294
-0.0185762
-0.0182476
-0.017846
-0.0173741
-0.016835
-0.0162318
-0.0155682
-0.0148481
-0.0140755
-0.0132548
-0.0123903
-0.0114866
-0.0105484
-0.00958056
-0.008588
-0.00757565
-0.00654844
-0.00551134
-0.00446926
-0.00342712
-0.0023898
-0.00136207
-0.000348577
0.000646209
0.00161802
0.00256277
0.00347656
0.00435566
0.00519652
0.00599585
0.00675059
0.00745799
0.00811559
0.0087212
0.00927293
0.00976915
0.0102085
0.0105899
0.0109126
0.011176
0.01138
0.0115246
0.0116102
0.0116376
0.0116078
0.0115218
0.0113813
0.0111877
0.0109431
0.0106494
0.010309
0.00992432
0.00949806
0.009033
0.00853206
0.00799826
0.00743472
0.00684463
0.00623122
0.00559777
0.00494754
0.00428382
0.00360991
0.00292912
0.00224476
0.00156007
0.00087818
0.000202111
-0.000465258
-0.00112116
-0.0017629
-0.00238791
-0.00299368
-0.00357791
-0.00413843
-0.0046733
-0.00518076
-0.00565921
-0.00610721
-0.00652345
-0.00690685
-0.0072565
-0.00757169
-0.00785191
-0.00809678
-0.00830605
-0.00847962
-0.00861759
-0.0087202
-0.00878793
-0.00882139
-0.00882132
-0.00878855
-0.008724
-0.0086287
-0.00850382
-0.00835065
-0.00817062
-0.00796524
-0.00773607
-0.00748469
-0.00721275
-0.00692192
-0.00661397
-0.00629067
-0.00595382
-0.00560524
-0.0052467
-0.00487999
-0.00450693
-0.00412931
-0.00374892
-0.00336748
-0.00298661
-0.00260788
-0.00223277
-0.00186275
-0.00149929
-0.00114381
-0.000797667
-0.000462123
-0.00013832
0.000172702
0.000469983
0.000752624
0.00101979
0.00127074
0.00150481
0.00172144
0.00192019
0.00210067
0.00226257
0.00240564
0.00252976
0.0026349
0.00272116
0.00278871
0.00283779
0.00286871
0.00288179
0.00287747
0.00285624
0.00281873
0.0027656
0.00269759
0.00261543
0.0025199
0.00241179
0.00229196
0.00216131
0.00202084
0.00187153
0.00171441
0.00155045
0.00138067
0.00120604
0.00102758
0.000846278
0.000663156
0.000479203
0.000295391
0.000112664
-6.80647e-05
-0.000245913
-0.000420033
-0.00058962
-0.000753904
-0.000912153
-0.00106367
-0.00120779
-0.00134391
-0.00147146
-0.00158997
-0.00169902
-0.00179823
-0.00188727
-0.00196584
-0.00203369
-0.00209064
-0.00213659
-0.00217155
-0.00219557
-0.00220878
-0.00221134
-0.00220345
-0.00218535
-0.00215739
-0.00211995
-0.00207349
-0.00201851
-0.0019555
-0.001885
-0.00180758
-0.00172382
-0.00163438
-0.00153995
-0.00144125
-0.00133903
-0.00123402
-0.00112698
-0.00101867
-0.000909847
-0.000801282
-0.000693707
-0.000587821
-0.000484295
-0.000383785
-0.00028694
-0.000194404
-0.000106792
-2.46699e-05
5.14623e-05
0.000121165
0.000184042
0.000239719
0.000287837
0.000328075
0.000360171
0.000383947
0.000399312
0.00040624
0.000404741
0.000394841
0.000376586
0.000350068
0.000315454
0.000273005
0.00022306
0.000166016
0.000102293
3.23219e-05
-4.34452e-05
-0.000124521
-0.000210365
-0.000300384
-0.000393945
-0.000490397
-0.000589082
-0.000689334
-0.000790471
-0.000891788
-0.000992564
-0.00109208
-0.00118964
-0.00128458
-0.00137625
-0.00146403
-0.0015473
-0.00162541
-0.00169776
-0.00176376
-0.0018229
-0.00187473
-0.00191885
-0.00195494
-0.00198269
-0.00200183
-0.00201214
-0.00201346
-0.00200566
-0.00198869
-0.00196254
-0.00192724
-0.00188289
-0.00182964
-0.00176759
-0.00169624
-0.00161593
-0.00152722
-0.00143071
-0.00132709
-0.00121707
-0.00110143
-0.000980999
-0.000856617
-0.000729168
-0.000599553
-0.000468693
-0.000337525
-0.000206988
-7.80045e-05
4.85381e-05
0.000170836
0.000271339
0.000324371
0.000305913
0.000193492
-3.33826e-05
-0.000392803
-0.000900114
-0.00156762
-0.00240438
-0.00341593
-0.00460414
-0.00596698
-0.00749848
-0.00918877
-0.0110243
-0.0129879
-0.0150592
-0.0172148
-0.0194281
-0.02167
-0.0239088
-0.0261112
-0.0282425
-0.0302676
-0.0321511
-0.0338578
-0.035353
-0.0366029
-0.0375751
-0.0382391
-0.0385671
-0.0385344
-0.0381202
-0.0373075
-0.0360839
-0.0344413
-0.0323763
-0.0298904
-0.0269898
-0.0236856
-0.0199933
-0.0159328
-0.0115285
-0.00680883
-0.0018064
0.00344263
0.00889903
0.0145211
0.0202658
0.0260894
0.0319475
0.0377944
0.0435832
0.0492655
0.0547919
0.0601138
0.0651851
0.069964
0.0744129
0.0784983
0.0821894
0.0854571
0.088276
0.0906229
0.0924789
0.0938299
0.0946662
0.0949845
0.0947858
0.094076
0.0928666
0.0911723
0.0890144
0.0864152
0.0833972
0.0799835
0.0761981
0.0720709
0.0676359
0.0629318
0.0579998
0.0528791
0.0476077
0.0422196
0.036747
0.0312226
0.0256803
0.0201551
0.0146798
0.00928417
0.00399324
-0.00117907
-0.00622237
-0.0111248
-0.0158745
-0.0204616
-0.0248777
-0.0291236
-0.0332001
-0.0371077
-0.0408452
-0.0444045
-0.0477876
-0.0509943
-0.0540285
-0.056897
-0.0595995
-0.0621475
-0.0645426
-0.0667849
-0.0688757
-0.0708104
-0.0726056
-0.0742699
-0.0758107
-0.0772328
-0.0785289
-0.0797134
-0.0807918
-0.0817706
-0.082656
-0.0834405
-0.084135
-0.0847371
-0.0852446
-0.0856576
-0.0859694
-0.0861919
-0.0863264
-0.0863714
-0.0863224
-0.0861703
-0.0859154
-0.085556
-0.0850913
-0.0845199
-0.083842
-0.0830512
-0.0821447
-0.0811223
-0.0799859
-0.0787506
-0.0774035
-0.0759407
-0.0743556
-0.0726413
-0.0708181
-0.0688623
-0.0667788
-0.0645735
-0.0622515
-0.059851
-0.0573373
-0.0547122
-0.0519808
-0.0491521
-0.0462838
-0.0433446
-0.0403479
-0.0373057
-0.0342286
-0.0311771
-0.0281109
-0.0250412
-0.0219811
-0.018946
-0.0160027
-0.0131225
-0.0103261
-0.00763364
-0.00506331
-0.00266939
-0.000428937
0.00164223
0.00352657
0.00520512
0.00664126
0.00783559
0.00877346
0.00944208
0.00982914
0.00993409
0.00973188
0.00921077
0.00836174
0.00717921
0.00570958
0.00390149
0.00175253
-0.000739891
-0.00357685
-0.00666576
-0.0100891
-0.0138358
-0.0178934
-0.0222508
-0.0267706
-0.0315719
-0.0366431
-0.0419673
-0.0475226
-0.0531277
-0.0589147
-0.0648612
-0.0709451
-0.0771416
-0.0832525
-0.0894093
-0.0955708
-0.101694
-0.107739
-0.113511
-0.119132
-0.124565
-0.129769
-0.1347
-0.139194
-0.143325
-0.147053
-0.150338
-0.153144
-0.155382
-0.157063
-0.158149
-0.158604
-0.158394
-0.157532
-0.155953
-0.153631
-0.150544
-0.146673
-0.142149
-0.136817
-0.130675
-0.123724
-0.115969
-0.107675
-0.0985935
-0.0887417
-0.0781461
-0.0668422
-0.0552257
-0.042988
-0.0301744
-0.0168308
-0.00300609
0.0108274
0.0250246
0.0395146
0.0542198
0.0690585
0.0835139
0.0979354
0.112237
0.126328
0.140114
0.15311
0.165611
0.177522
0.188749
0.199198
0.208495
0.216826
0.224099
0.230228
0.235134
0.238631
0.240764
0.241467
0.240677
0.238334
0.234488
0.228987
0.221796
0.212892
0.20226
0.190236
0.176479
0.161
0.143816
0.124959
0.105038
0.0835363
0.0605167
0.036051
0.0102221
-0.0161262
-0.04364
-0.0722043
-0.101695
-0.131979
-0.162064
-0.192661
-0.223618
-0.254775
-0.285964
-0.316156
-0.346028
-0.375402
-0.404101
-0.431943
-0.458015
-0.48287
-0.50633
-0.528218
-0.548358
-0.566083
-0.581735
-0.595159
-0.606209
-0.614749
-0.620484
-0.623469
-0.623607
-0.620812
-0.615011
-0.606367
-0.594608
-0.579705
-0.561647
-0.540444
-0.516757
-0.49
-0.460233
-0.427532
-0.391989
-0.35471
-0.314836
-0.272519
-0.227932
-0.181263
-0.133967
-0.084998
-0.0345809
0.0170454
0.0696277
0.121529
0.17386
0.226352
0.278733
0.330722
0.38071
0.429729
0.477486
0.523693
0.568071
0.60926
0.648093
0.684318
0.717691
0.747971
0.774241
0.796988
0.816026
0.831189
0.84233
0.849136
0.851672
0.849844
0.843582
0.83284
0.817995
0.798651
0.77483
0.746573
0.713944
0.677988
0.637868
0.593731
0.545747
0.494108
0.440446
0.383562
0.323701
0.261131
0.196142
0.130774
0.0636145
-0.00500588
-0.0747471
-0.145258
-0.214349
-0.28349
-0.352318
-0.420472
-0.48759
-0.551614
-0.613897
-0.674092
-0.731852
-0.786838
-0.837376
-0.884513
-0.927968
-0.967476
-1.00279
-1.03286
-1.0583
-1.07891
-1.09454
-1.10503
-1.11014
-1.10993
-1.10434
-1.09336
-1.07697
-1.05575
-1.0292
-0.997411
-0.9605
-0.918606
-0.873092
-0.822951
-0.768395
-0.709663
-0.647017
-0.582448
-0.514549
-0.443635
-0.370044
-0.29413
-0.218283
-0.140855
-0.0622273
0.0172095
0.097061
0.17484
0.252242
0.328873
0.404337
0.478244
0.548309
0.616063
0.681147
0.743215
0.801934
0.855509
0.905131
0.950533
0.991469
1.02771
1.05818
1.08357
1.10374
1.11855
1.12791
1.13157
1.12968
1.1222
1.10918
1.09065
1.06723
1.03849
1.00453
0.965504
0.921586
0.874158
0.822248
0.766097
0.705971
0.642155
0.576632
0.508024
0.436648
0.362836
0.28693
0.211253
0.134192
0.0561083
-0.0226327
-0.101661
-0.178591
-0.255075
-0.330754
-0.405276
-0.478298
-0.547657
-0.61487
-0.679631
-0.741647
-0.800634
-0.854886
-0.905603
-0.952566
-0.995581
-1.03447
-1.06817
-1.09744
-1.12218
-1.14228
-1.15766
-1.16801
-1.17359
-1.17441
-1.17052
-1.16196
-1.14911
-1.13176
-1.11003
-1.08405
-1.05398
-1.02082
-0.983923
-0.9435
-0.899771
-0.852976
-0.804601
-0.753667
-0.700437
-0.645179
-0.588167
-0.531146
-0.472925
-0.413781
-0.353992
-0.293835
-0.235109
-0.176557
-0.118439
-0.0610111
-0.00451555
0.0493992
0.10194
0.152909
0.202118
0.249391
0.293381
0.335114
0.374455
0.411286
0.445511
0.476203
0.504148
0.5293
0.551619
0.571084
0.587203
0.600459
0.610871
0.618467
0.623284
0.625252
0.624547
0.621239
0.61541
0.607151
0.596765
0.584154
0.569425
0.552687
0.534053
0.514096
0.492485
0.469349
0.444819
0.419026
0.39273
0.365425
0.337234
0.30828
0.278683
0.249297
0.219505
0.189417
0.159132
0.128743
0.0990982
0.0695103
0.0400538
0.0107996
-0.0181865
-0.0460919
-0.0736215
-0.100733
-0.127387
-0.153547
-0.178468
-0.202829
-0.226601
-0.249765
-0.272307
-0.293573
-0.314193
-0.334152
-0.353428
-0.372003
-0.389299
-0.405862
-0.421684
-0.436755
-0.451066
-0.464141
-0.476423
-0.487892
-0.498532
-0.508324
-0.516913
-0.524622
-0.531433
-0.537322
-0.542267
-0.546047
-0.548841
-0.550629
-0.551396
-0.551124
-0.549766
-0.547328
-0.543789
-0.53913
-0.533334
-0.526556
-0.518621
-0.509529
-0.499279
-0.487876
-0.475696
-0.462367
-0.447894
-0.432289
-0.415572
-0.398351
-0.380097
-0.360858
-0.340688
-0.319635
-0.298491
-0.276561
-0.253902
-0.230585
-0.206693
-0.183177
-0.159272
-0.13507
-0.110661
-0.0861378
-0.0624862
-0.0389076
-0.0155012
0.0076309
0.0303865
0.0518299
0.0726997
0.0928999
0.112333
0.130867
0.147664
0.163285
0.177624
0.190584
0.202082
0.211619
0.219561
0.225858
0.23047
0.233369
0.234423
0.233744
0.231344
0.227253
0.221515
0.214395
0.205752
0.195663
0.184214
0.171498
0.158098
0.143641
0.128256
0.112086
0.0952778
0.0786359
0.0616203
0.0443688
0.0270172
0.0097014
-0.00671896
-0.0228673
-0.0386153
-0.0538403
-0.0684269
-0.081594
-0.093959
-0.10544
-0.115967
-0.125482
-0.133402
-0.140263
-0.146042
-0.150725
-0.154306
-0.156439
-0.157521
-0.157583
-0.156666
-0.15482
-0.151939
-0.148265
-0.143867
-0.138818
-0.133194
-0.127063
-0.120519
-0.113646
-0.106526
-0.0992388
-0.091942
-0.084622
-0.0773511
-0.0701976
-0.0632241
-0.0565976
-0.0502401
-0.0441961
-0.0385032
-0.0331922
-0.0283811
-0.0239721
-0.019976
-0.016397
-0.0132326
-0.0105311
-0.00820493
-0.00623648
-0.00460373
-0.00328074
-0.00225955
-0.00147721
-0.000902211
-0.000502045
-0.000243882
-9.76849e-05
-2.66877e-05
-2.74463e-06
0
0
0
0
0
0
0
0
0
0
0
0
0
0
0
0
0
0
0
0
0
0
0
0
0
0
0
0
0
0
0
0
0
0
0
0
0
0
0
0
0
0
0
0
0
0
0
0
0
0
0
0
0
0
0
0
0
0
0
0
0
0
0
0
0
0
0
0
0
0
0
0
0
0
0
0
0
0
0
0
0
0
0
0
0
0
0
0
0
0
0
0
0
0
0
0
0
0
0
0
0
0
0
0
0
0
0
0
0
0
0
0
0
0
0
0
0
0
0
0
0
0
0
0
0
0
0
0
0
0
0
0
0
0
0
0
0
0
0
0
0
0
0
0
0
0
0
0
0
0
0
0
0
0
0
0
0
0
0
0
0
0
0
0
0
0
0
0
0
0
0
0
0
0
0
0
0
0
0
0
0
0
0
0
0
0
0
0
0
0
0
0
0
0
0
0
0
0
0
0
0
