0
0
0
0
0
0
0
0
0
0
0
0
0
0
0
0
0
0
0
0
0
0
0
0
0
0
0
0
0
0
0
0
0
0
0
0
0
0
0
0
0
0
0
0
0
0
0
0
0
0
0
0
0
0
0
0
0
0
0
0
0
0
0
0
0
0
0
0
0
0
0
0
0
0
0
0
0
0
0
0
0
0
0
0
0
0
0
0
0
0
0
0
0
0
0
0
0
0
0
0
0
0
0
0
0
0
0
0
0
0
0
0
0
0
0
0
0
0
0
0
0
0
0
0
0
0
0
0
0
0
0
0
0
0
0
0
0
0
0
0
0
0
0
0
0
0
0
0
0
0
0
0
0
0
0
0
0
0
0
0
0
0
0
0
0
0
0
0
0
0
0
0
0
0
0
0
0
0
0
0
0
0
0
0
0
0
0
0
0
0
0
0
0
0
0
0
0
0
0
0
0
0
0
0
0
0
0
0
0
0
0
0
0
0
0
0
0
0
0
0
0
0
0
0
0
0
0
0
0
0
0
0
0
0
0
0
7.10559e-06
2.54257e-05
4.90234e-05
7.18279e-05
8.77466e-05
9.07698e-05
7.50715e-05
3.51059e-05
-3.43006e-05
-0.00013786
-0.000279742
-0.000463499
-0.000692003
-0.000967402
-0.00129108
-0.00166364
-0.00208487
-0.00255371
-0.00306831
-0.00362599
-0.00422328
-0.00485598
-0.00551921
-0.00620742
-0.00691449
-0.00763377
-0.00835819
-0.00908034
-0.00979259
-0.0104872
-0.0111564
-0.0117924
-0.0123876
-0.0129345
-0.0134259
-0.013855
-0.0142152
-0.0145005
-0.0147054
-0.014825
-0.014855
-0.0147919
-0.014633
-0.0143763
-0.0140204
-0.0135651
-0.0130105
-0.0123579
-0.0116091
-0.0107666
-0.00983367
-0.00881414
-0.00771241
-0.00653343
-0.00528268
-0.00396611
-0.00259007
-0.00116123
0.000313451
0.00182679
0.00337151
0.00494028
0.00652583
0.00812104
0.00971888
0.0113124
0.0128948
0.0144591
0.0159986
0.0175068
0.0189778
0.0204058
0.0217859
0.0231134
0.0243837
0.0255927
0.0267364
0.0278113
0.0288141
0.0297418
0.0305915
0.0313606
0.0320464
0.0326469
0.0331605
0.0335861
0.0339234
0.0341722
0.0343326
0.0344045
0.0343999
0.0343278
0.0341881
0.0339812
0.0337071
0.033366
0.032958
0.0324828
0.0319404
0.0313307
0.0306537
0.0299095
0.029098
0.0282191
0.0272725
0.0262583
0.0251767
0.0240284
0.0228141
0.0215352
0.0201929
0.0187886
0.0173237
0.0157998
0.014219
0.0125834
0.0108956
0.00915864
0.00737562
0.00555025
0.00368656
0.00178893
-0.000138021
-0.00208945
-0.00406035
-0.00604544
-0.0080391
-0.0100353
-0.0120277
-0.0140097
-0.0159742
-0.0179143
-0.0198229
-0.0216925
-0.0235154
-0.025284
-0.0269902
-0.0286264
-0.0301847
-0.0316576
-0.0330378
-0.034318
-0.0354911
-0.0365501
-0.0374885
-0.0382995
-0.0389771
-0.0395153
-0.0399085
-0.0401517
-0.0402405
-0.0401713
-0.0399412
-0.039548
-0.0389902
-0.0382668
-0.0373776
-0.0363226
-0.0351029
-0.0337199
-0.0321759
-0.0304737
-0.0286171
-0.0266104
-0.024459
-0.0221694
-0.0197485
-0.0172043
-0.0145454
-0.0117808
-0.00892
-0.00597336
-0.00295164
0.000133845
0.00327131
0.00644864
0.00965343
0.012873
0.0160942
0.0193038
0.0224881
0.0256335
0.0287263
0.031753
0.0347003
0.0375549
0.0403037
0.0429337
0.0454324
0.0477875
0.0499873
0.0520208
0.0538775
0.0555475
0.0570217
0.0582913
0.0593487
0.0601868
0.0607994
0.0611815
0.0613289
0.0612387
0.060909
0.0603393
0.0595301
0.0584831
0.057201
0.0556877
0.0539481
0.0519884
0.0498156
0.0474381
0.0448651
0.0421067
0.0391742
0.0360793
0.0328347
0.0294538
0.0259507
0.0223399
0.0186368
0.0148569
0.0110164
0.0071319
0.00322022
-0.000701498
-0.00461594
-0.00850565
-0.0123531
-0.0161407
-0.0198511
-0.023467
-0.0269715
-0.0303482
-0.0335812
-0.0366548
-0.039554
-0.0422645
-0.0447727
-0.0470657
-0.0491319
-0.0509604
-0.0525418
-0.0538676
-0.0549305
-0.0557246
-0.0562453
-0.0564897
-0.0564561
-0.0561446
-0.0555563
-0.054694
-0.0535616
-0.0521647
-0.0505101
-0.0486064
-0.0464636
-0.0440927
-0.0415064
-0.038718
-0.0357421
-0.032594
-0.0292901
-0.0258473
-0.0222835
-0.0186173
-0.0148676
-0.0110539
-0.00719608
-0.00331401
0.000572407
0.00444339
0.00827938
0.0120611
0.0157695
0.0193863
0.0228935
0.0262739
0.0295114
0.0325905
0.0354967
0.0382163
0.040737
0.0430472
0.0451367
0.0469969
0.0486203
0.0500009
0.0511338
0.0520156
0.0526438
0.0530178
0.0531381
0.0530069
0.0526277
0.0520053
0.0511457
0.0500561
0.0487448
0.0472213
0.0454964
0.0435819
0.0414905
0.039236
0.0368325
0.0342951
0.0316392
0.0288806
0.026036
0.0231219
0.0201555
0.0171539
0.0141345
0.0111142
0.00810996
0.00513849
0.0022161
-0.000641274
-0.00341817
-0.00609972
-0.00867177
-0.011121
-0.0134349
-0.0156019
-0.0176115
-0.0194539
-0.0211207
-0.0226043
-0.0238986
-0.0249984
-0.0258999
-0.0266005
-0.0270988
-0.0273943
-0.0274878
-0.0273812
-0.0270776
-0.0265812
-0.025897
-0.0250312
-0.0239911
-0.0227847
-0.0214212
-0.0199108
-0.0182643
-0.0164933
-0.0146101
-0.0126274
-0.0105583
-0.00841647
-0.00621586
-0.00397052
-0.00169443
0.000598556
0.00289479
0.00518075
0.00744299
0.00966817
0.0118432
0.0139553
0.0159924
0.017943
0.0197961
0.0215414
0.0231693
0.0246707
0.0260377
0.0272632
0.0283414
0.0292675
0.030038
0.0306502
0.0311024
0.0313939
0.0315252
0.0314978
0.0313143
0.030978
0.0304933
0.0298653
0.0290997
0.0282032
0.027183
0.026047
0.0248039
0.0234626
0.0220325
0.0205237
0.0189462
0.0173105
0.0156273
0.0139071
0.0121605
0.0103981
0.00863031
0.00686771
0.00512058
0.00339891
0.00171232
6.99326e-05
-0.00151954
-0.00304781
-0.00450705
-0.00588993
-0.00718974
-0.00840051
-0.00951698
-0.0105345
-0.0114492
-0.0122574
-0.0129563
-0.0135439
-0.0140188
-0.0143805
-0.0146293
-0.014766
-0.0147921
-0.0147096
-0.0145212
-0.01423
-0.0138402
-0.0133562
-0.0127829
-0.0121257
-0.0113903
-0.0105827
-0.00970912
-0.00877602
-0.00779005
-0.00675791
-0.00568641
-0.00458251
-0.00345333
-0.00230613
-0.00114815
1.35163e-05
0.0011721
0.0023212
0.00345467
0.00456662
0.00565129
0.00670318
0.00771715
0.00868851
0.00961308
0.0104871
0.0113072
0.0120701
0.0127729
0.0134134
0.0139895
0.0145001
0.0149442
0.0153216
0.0156322
0.0158764
0.0160548
0.0161686
0.0162194
0.0162093
0.0161404
0.0160152
0.0158362
0.0156063
0.0153286
0.0150065
0.0146435
0.0142433
0.0138097
0.0133465
0.0128575
0.0123466
0.0118179
0.0112752
0.0107223
0.0101626
0.00959952
0.00903637
0.00847653
0.00792331
0.00737987
0.00684901
0.00633317
0.00583448
0.00535492
0.00489639
0.00446071
0.00404949
0.003664
0.00330514
0.00297346
0.00266936
0.00239318
0.00214518
0.00192547
0.00173386
0.00156983
0.00143258
0.00132124
0.0012349
0.00117271
0.00113376
0.00111696
0.00112102
0.00114449
0.00118592
0.00124392
0.00131718
0.0014044
0.00150415
0.0016149
0.00173508
0.00186321
0.00199801
0.00213835
0.00228312
0.0024311
0.00258094
0.00273128
0.00288088
0.00302882
0.00317445
0.00331727
0.00345672
0.00359214
0.00372277
0.00384792
0.00396712
0.00408014
0.00418689
0.0042873
0.00438121
0.00446839
0.00454867
0.00462203
0.00468864
0.00474874
0.00480259
0.00485035
0.00489217
0.0049282
0.00495876
0.00498424
0.00500506
0.00502155
0.00503391
0.00504226
0.00504682
0.0050479
0.00504592
0.00504123
0.00503401
0.00502419
0.00501158
0.00499603
0.00497759
0.00495649
0.00493302
0.00490735
0.00487945
0.00484912
0.00481612
0.00478033
0.00474179
0.00470059
0.00465678
0.0046102
0.00456058
0.0045076
0.00445109
0.00439105
0.00432759
0.00426082
0.00419072
0.00411717
0.00403999
0.00395912
0.00387464
0.00378675
0.0036957
0.00360167
0.0035048
0.00340518
0.00330298
0.00319843
0.00309182
0.00298338
0.00287331
0.00276174
0.00264887
0.00253501
0.00242063
0.00230604
0.00219001
0.0020728
0.00195513
0.00183769
0.00172125
0.00160666
0.00149478
0.00138637
0.00128202
0.00118214
0.0010871
0.000997242
0.000912979
0.000834723
0.000762809
0.00069741
0.000638521
0.000585987
0.000539568
0.000498981
0.000463912
0.000433989
0.000408778
0.000387784
0.000370483
0.000356349
0.000344858
0.000335471
0.000327624
0.000320727
0.000314192
0.000307483
0.000300132
0.000291756
0.000282028
0.00027067
0.000257445
0.000242179
0.000224786
0.00020528
0.000183769
0.000160425
0.00013546
0.000109109
8.16269e-05
5.32949e-05
2.44275e-05
-4.63292e-06
-3.3528e-05
-6.19009e-05
-8.94115e-05
-0.000115748
-0.000140705
-0.000164436
-0.00018676
-0.000207457
-0.00022634
-0.000243265
-0.000258144
-0.000270966
-0.000281788
-0.00029073
-0.000297959
-0.000303674
-0.00030812
-0.000311613
-0.000314562
-0.000317489
-0.000321012
-0.000325828
-0.00033269
-0.000342392
-0.000355774
-0.000373704
-0.000397056
-0.00042666
-0.000463228
-0.000507441
-0.000559877
-0.000621077
-0.000691559
-0.000771751
-0.000862021
-0.000962496
-0.00107307
-0.00119342
-0.00132308
-0.00146158
-0.00160833
-0.00176282
-0.00192553
-0.00209589
-0.00227293
-0.00245554
-0.00264263
-0.00283306
-0.00302578
-0.00321945
-0.00341271
-0.00360407
-0.00379202
-0.00397528
-0.00415227
-0.00432157
-0.00448165
-0.00463082
-0.00476754
-0.00488968
-0.00499555
-0.00508366
-0.00515271
-0.00520194
-0.0052298
-0.00523519
-0.00521708
-0.00517463
-0.00510774
-0.00501556
-0.00489795
-0.00475488
-0.00458649
-0.00439365
-0.00417645
-0.00393574
-0.00367254
-0.00338798
-0.00308364
-0.00276024
-0.00241907
-0.00206158
-0.00168948
-0.00130486
-0.000909449
-0.000505227
-9.42281e-05
0.00032143
0.000739629
0.00115795
0.00157412
0.00198596
0.00239148
0.00278932
0.00317708
0.00355355
0.0039168
0.00426485
0.00459709
0.00491099
0.00520554
0.00548001
0.00573367
0.00596736
0.00617832
0.00636552
0.00652814
0.00666572
0.00678042
0.00687019
0.00693532
0.00697607
0.00699263
0.00698777
0.00695936
0.00690804
0.00683471
0.00674045
0.00662892
0.00649882
0.0063513
0.00618755
0.00600884
0.00581865
0.00561658
0.00540441
0.00518401
0.00495724
0.00472698
0.00449383
0.00425948
0.00402568
0.0037943
0.00356701
0.00334608
0.00313341
0.00293078
0.0027398
0.00255987
0.00239449
0.00224497
0.00211249
0.00199806
0.00189843
0.00181832
0.00175833
0.00171908
0.00170113
0.00169896
0.00171878
0.00176049
0.00182373
0.00190799
0.00200525
0.00212253
0.00225931
0.00241481
0.00258788
0.00276869
0.00296361
0.00317068
0.00338799
0.00361377
0.00383842
0.00406805
0.00430064
0.00453384
0.00476509
0.00498543
0.00519847
0.00540162
0.00559238
0.00576833
0.00592385
0.00605989
0.00617415
0.00626434
0.00632809
0.00636408
0.00636909
0.00634114
0.00627866
0.00618048
0.00605188
0.00588615
0.00568281
0.00544139
0.00516162
0.00485491
0.00451022
0.00412837
0.00371059
0.00325838
0.00278965
0.0022901
0.0017619
0.00120759
0.000630105
5.23249e-05
-0.000541758
-0.00114839
-0.00176366
-0.00238351
-0.00298298
-0.00357843
-0.0041652
-0.00473841
-0.00529292
-0.00580444
-0.00628689
-0.00673531
-0.00714499
-0.00751144
-0.00781601
-0.00806882
-0.00826562
-0.00840213
-0.00847424
-0.00847155
-0.00839767
-0.0082502
-0.00802722
-0.00772713
-0.00735172
-0.0068964
-0.00636006
-0.00574209
-0.00504252
-0.00427653
-0.00343124
-0.00250865
-0.00151111
-0.000441227
0.000672955
0.00185325
0.00309579
0.00439601
0.00574865
0.00711391
0.00851939
0.0099584
0.011424
0.0129089
0.0143668
0.0158294
0.0172888
0.0187372
0.020166
0.0215275
0.0228528
0.0241339
0.0253626
0.026531
0.0275964
0.0285852
0.0294898
0.0303026
0.0310171
0.0316032
0.0320792
0.0324395
0.0326789
0.0327926
0.0327677
0.0326091
0.0323144
0.0318819
0.0313107
0.0306103
0.0297708
0.0287933
0.0276795
0.0264323
0.0250845
0.0236117
0.0220191
0.0203123
0.0184976
0.0166278
0.0146652
0.012619
0.0104988
0.00831448
0.0061339
0.00390983
0.001653
-0.000625177
-0.00291259
-0.00513417
-0.00733976
-0.00951669
-0.0116524
-0.0137343
-0.0156909
-0.0175693
-0.0193577
-0.0210446
-0.0226191
-0.0240235
-0.0252947
-0.0264226
-0.0273979
-0.0282117
-0.0288289
-0.0292702
-0.0295302
-0.0296045
-0.0294897
-0.0291811
-0.028679
-0.0279826
-0.0270925
-0.0260104
-0.0247644
-0.0233328
-0.0217202
-0.0199322
-0.0179759
-0.0159108
-0.0136945
-0.0113369
-0.00884881
-0.00624174
-0.0036
-0.000864338
0.00195157
0.00483325
0.00776567
0.0106495
0.0135534
0.0164617
0.0193589
0.0222288
0.0249705
0.0276531
0.0302608
0.0327782
0.03519
0.0374077
0.0394908
0.0414258
0.0432002
0.044802
0.0461689
0.0473427
0.0483146
0.0490765
0.0496212
0.0499217
0.0499946
0.0498367
0.0494463
0.0488228
0.047981
0.0469083
0.0456076
0.0440832
0.0423408
0.0404368
0.0383298
0.036029
0.0335446
0.0308878
0.0281507
0.0252668
0.0222505
0.0191173
0.0158831
0.0126652
0.00938015
0.00604529
0.00267858
-0.000701616
-0.00396812
-0.00721128
-0.010413
-0.0135552
-0.0166203
-0.0194884
-0.0222456
-0.0248757
-0.027363
-0.0296924
-0.0317668
-0.0336554
-0.035346
-0.0368276
-0.0380901
-0.0390737
-0.0398218
-0.040328
-0.0405867
-0.0405938
-0.0403346
-0.0398193
-0.0390478
-0.0380216
-0.0367431
-0.0352463
-0.0335063
-0.0315296
-0.0293239
-0.0268978
-0.02433
-0.021562
-0.0186052
-0.0154725
-0.0121778
-0.008836
-0.00536267
-0.00177383
0.00191413
0.00568448
0.00940145
0.0131663
0.0169612
0.0207679
0.0245676
0.0282193
0.031828
0.0353762
0.0388466
0.0422222
0.0453744
0.0483993
0.0512817
0.0540071
0.0565617
0.058845
0.0609321
0.0628117
0.0644738
0.0659093
0.0670585
0.0679673
0.0686305
0.0690435
0.0692029
0.069095
0.0687299
0.0681079
0.0672307
0.0661014
0.0647549
0.0631656
0.0613395
0.0592835
0.0570061
0.0545844
0.0519605
0.0491453
0.0461507
0.0429896
0.0397722
0.0364156
0.0329344
0.0293436
0.0256589
0.0220097
0.018298
0.0145396
0.0107507
0.00694761
0.00326429
-0.000400541
-0.00403092
-0.00761108
-0.0111255
-0.0144516
-0.0176825
-0.0208043
-0.0238037
-0.0266679
-0.0292985
-0.0317706
-0.0340739
-0.0361989
-0.038137
-0.0398241
-0.04131
-0.0425891
-0.0436561
-0.0445068
-0.0451156
-0.0455026
-0.0456669
-0.0456089
-0.0453299
-0.0448451
-0.0441449
-0.0432331
-0.0421142
-0.0407936
-0.0393219
-0.037662
-0.035822
-0.0338108
-0.0316378
-0.0293818
-0.026984
-0.0244549
-0.0218055
-0.0190477
-0.0162787
-0.0134255
-0.0105004
-0.00751592
-0.00448501
-0.00151219
0.001481
0.00448155
0.00747662
0.0104538
0.013313
0.0161313
0.0188977
0.0216014
0.0242316
0.0267011
0.0290765
0.0313485
0.0335088
0.0355498
0.0374064
0.0391307
0.0407169
0.0421595
0.0434539
0.0445595
0.0455096
0.0463017
0.0469342
0.0474065
0.0477052
0.047844
0.0478238
0.0476466
0.0473148
0.0468405
0.0462177
0.0454502
0.0445427
0.0435001
0.0423569
0.0410907
0.0397081
0.0382161
0.0366223
0.0349773
0.0332458
0.0314359
0.0295556
0.0276131
0.0256689
0.0236784
0.0216494
0.0195901
0.0175084
0.0154689
0.0134226
0.011377
0.00933957
0.00731736
0.00537317
0.00345775
0.00157732
-0.000262284
-0.00205561
-0.00374636
-0.00538082
-0.00695435
-0.00846258
-0.00990153
-0.0112242
-0.0124711
-0.0136398
-0.0147282
-0.0157343
-0.0166227
-0.0174265
-0.0181448
-0.0187775
-0.0193244
-0.0197616
-0.0201132
-0.0203796
-0.0205615
-0.0206604
-0.0206649
-0.0205903
-0.0204387
-0.0202122
-0.0199128
-0.01954
-0.0190989
-0.0185924
-0.0180234
-0.0173901
-0.0166971
-0.015941
-0.0151258
-0.0142558
-0.0133358
-0.0123878
-0.0114002
-0.0103783
-0.00932691
-0.00825051
-0.00717839
-0.0060895
-0.00498819
-0.00387895
-0.00276634
-0.00168663
-0.000611898
0.000453539
0.00150549
0.00253998
0.00351698
0.00447055
0.00539771
0.00629566
0.00716163
0.00795451
0.00871115
0.00942881
0.0101048
0.0107368
0.0112853
0.0117873
0.0122415
0.0126465
0.0130014
0.0132721
0.013493
0.0136635
0.0137832
0.0138522
0.0138441
0.0137877
0.0136841
0.0135346
0.0133408
0.0130862
0.0127921
0.0124606
0.0120938
0.0116943
0.0112555
0.0107909
0.0103036
0.00979698
0.00927457
0.00873776
0.00819255
0.00764264
0.00709174
0.00654349
0.00600447
0.00547465
0.00495734
0.00445569
0.00397266
0.0035164
0.00308302
0.00267466
0.00229317
0.0019401
0.001622
0.00133326
0.00107444
0.000845685
0.000646735
0.000480562
0.000341344
0.000227743
0.000138073
7.03294e-05
2.37996e-05
-6.41151e-06
-2.29421e-05
-2.86096e-05
-2.63725e-05
-1.90622e-05
-1.02686e-05
-2.94803e-06
0
0
0
0
0
0
0
0
0
0
0
0
0
0
0
0
0
0
0
0
0
0
0
0
0
0
0
0
0
0
0
0
0
0
0
0
0
0
0
0
0
0
0
0
0
0
0
0
0
0
0
0
0
0
0
0
0
0
0
0
0
0
0
0
0
0
0
0
0
0
0
0
0
0
0
0
0
0
0
0
0
0
0
0
0
0
0
0
0
0
0
0
0
0
0
0
0
0
0
0
0
0
0
0
0
0
0
0
0
0
0
0
0
0
0
0
0
0
0
0
0
0
0
0
0
0
0
0
0
0
0
0
0
0
0
0
0
0
0
0
0
0
0
0
0
0
0
0
0
0
0
0
0
0
0
0
0
0
0
0
0
0
0
0
0
0
0
0
0
0
0
0
0
0
0
0
0
0
0
0
0
0
0
0
0
0
0
0
0
0
0
0
0
0
0
0
0
0
0
0
0
0
0
0
0
0
0
0
0
0
0
0
0
0
0
0
0
0
0
0
0
0
0
0
0
0
0
0
0
0
0
0
0
0
0
0
