0
0
0
0
0
0
0
0
0
0
0
0
0
0
0
0
0
0
0
0
0
0
0
0
0
0
0
0
0
0
0
0
0
0
0
0
0
0
0
0
0
0
0
0
0
0
0
0
0
0
0
0
0
0
0
0
0
0
0
0
0
0
0
0
0
0
0
0
0
0
0
0
0
0
0
0
0
0
0
0
0
0
0
0
0
0
0
0
0
0
0
0
0
0
0
0
0
0
0
0
0
0
0
0
0
0
0
0
0
0
0
0
0
0
0
0
0
0
0
0
0
0
0
0
0
0
0
0
0
0
0
0
0
0
0
0
0
0
0
0
0
0
0
0
0
0
0
0
0
0
0
0
0
0
0
0
0
0
0
0
0
0
0
0
0
0
0
0
0
0
0
0
0
0
0
0
0
0
0
0
0
0
0
0
0
0
0
0
0
0
0
0
0
0
0
0
0
0
0
0
0
0
0
0
0
0
0
0
0
0
0
0
0
0
0
0
0
0
0
0
0
0
0
0
0
0
0
0
0
0
0
0
0
0
0
0
0
0
0
0
0
0
0
0
0
0
0
0
0
0
0
0
0
0
0
0
0
0
0
0
0
0
0
0
0
0
0
0
0
0
0
0
0
0
0
0
0
0
0
0
0
0
0
0
0
0
0
0
0
0
0
0
0
0
0
0
0
0
0
0
0
0
0
0
0
0
0
0
0
0
0
0
0
0
0
0
0
0
0
0
0
0
0
0
0
0
0
0
0
0
0
0
0
0
0
0
0
0
0
0
0
0
0
0
0
0
0
0
0
0
0
0
0
0
0
0
0
0
0
0
0
0
0
0
0
0
0
0
0
0
0
0
0
0
0
0
0
0
0
0
0
0
0
0
2.51439e-07
1.27538e-06
3.14817e-06
5.90748e-06
9.56218e-06
1.4092e-05
1.94477e-05
2.55516e-05
3.22987e-05
3.95579e-05
4.71741e-05
5.497e-05
6.27487e-05
7.02965e-05
7.73856e-05
8.37778e-05
8.92273e-05
9.3485e-05
9.63019e-05
9.7433e-05
9.66414e-05
9.37022e-05
8.84065e-05
8.05647e-05
7.00104e-05
5.6603e-05
4.02306e-05
2.0812e-05
-1.70178e-06
-2.73265e-05
-5.60444e-05
-8.78036e-05
-0.00012252
-0.000160075
-0.000200322
-0.00024308
-0.000288141
-0.000335269
-0.000384199
-0.00043464
-0.000486275
-0.000538761
-0.000591733
-0.000644802
-0.000697557
-0.000749571
-0.000800399
-0.000849585
-0.000896666
-0.000941173
-0.000982642
-0.00102062
-0.00105465
-0.00108431
-0.00110921
-0.00112894
-0.00114318
-0.00115159
-0.00115389
-0.00114982
-0.00113917
-0.00112174
-0.00109737
-0.00106595
-0.00102736
-0.000981553
-0.000928491
-0.000868175
-0.000800642
-0.000725965
-0.000644259
-0.000555682
-0.000460436
-0.00035877
-0.000250986
-0.000137432
-1.85074e-05
0.000105337
0.000233605
0.00036575
0.000501184
0.000639276
0.000779356
0.000920718
0.00106262
0.00120431
0.00134497
0.0014838
0.00161995
0.00175259
0.00188134
0.00200613
0.00212634
0.00224129
0.00235034
0.00245281
0.00254803
0.00263534
0.0027141
0.00278364
0.00284336
0.00289266
0.00293094
0.00295767
0.00297233
0.00297443
0.00296353
0.00293924
0.00290119
0.00284907
0.00278262
0.00270164
0.00260599
0.00249559
0.00237041
0.00223053
0.00207608
0.00190728
0.00172442
0.00152789
0.00131815
0.00109576
0.000861349
0.00061564
0.000359438
9.36235e-05
-0.000180842
-0.000462925
-0.000751518
-0.00104545
-0.00134347
-0.00164428
-0.00194653
-0.00224878
-0.00254959
-0.00284742
-0.00314074
-0.00342795
-0.00370745
-0.00397761
-0.0042368
-0.00448339
-0.00471577
-0.00493234
-0.00513157
-0.00531196
-0.00547205
-0.00561049
-0.00572599
-0.00581735
-0.00588349
-0.00592342
-0.00593626
-0.00592127
-0.00587784
-0.00580548
-0.00570386
-0.00557277
-0.00541217
-0.00522216
-0.00500302
-0.00475518
-0.00447921
-0.00417588
-0.0038461
-0.00349095
-0.00311169
-0.00270969
-0.00228652
-0.00184386
-0.00138355
-0.000907535
-0.000417904
8.31647e-05
0.000593387
0.00111039
0.00163174
0.00215491
0.00267734
0.00319642
0.0037095
0.00421391
0.00470698
0.00518603
0.00564838
0.00609141
0.00651252
0.00690916
0.00727886
0.00761925
0.00792804
0.00820309
0.00844237
0.00864403
0.00880637
0.00892787
0.00900722
0.00904329
0.00903519
0.00898223
0.00888393
0.00874006
0.0085506
0.00831576
0.00803598
0.00771193
0.00734449
0.00693478
0.00648415
0.00599414
0.00546654
0.00490334
0.00430676
0.00367922
0.00302336
0.00234199
0.00163813
0.000914991
0.000175918
-0.000575576
-0.00133585
-0.00210116
-0.00286766
-0.00363145
-0.00438857
-0.00513505
-0.00586693
-0.00658026
-0.00727116
-0.0079358
-0.00857046
-0.0091715
-0.00973545
-0.010259
-0.0107388
-0.011172
-0.0115558
-0.0118875
-0.0121647
-0.0123853
-0.0125474
-0.0126494
-0.0126898
-0.0126676
-0.0125821
-0.0124329
-0.0122197
-0.0119429
-0.0116029
-0.0112007
-0.0107375
-0.0102149
-0.00963476
-0.00899938
-0.0083113
-0.00757337
-0.00678875
-0.00596088
-0.00509345
-0.0041904
-0.0032559
-0.00229431
-0.00131021
-0.000308309
0.000706518
0.00172928
0.0027549
0.00377822
0.00479404
0.00579714
0.00678232
0.00774443
0.00867837
0.00957916
0.0104419
0.011262
0.012035
0.0127564
0.0134223
0.014029
0.0145728
0.0150508
0.0154599
0.0157977
0.016062
0.016251
0.0163632
0.0163976
0.0163535
0.0162305
0.0160287
0.0157486
0.0153911
0.0149573
0.014449
0.0138682
0.0132172
0.0124989
0.0117165
0.0108735
0.00997386
0.00902175
0.00802174
0.00697868
0.00589768
0.00478409
0.00364347
0.00248155
0.00130421
0.000117417
-0.00107278
-0.00226032
-0.00343914
-0.00460323
-0.00574667
-0.00686365
-0.00794853
-0.00899585
-0.0100004
-0.0109571
-0.0118614
-0.0127088
-0.0134952
-0.014217
-0.0148708
-0.0154536
-0.0159629
-0.0163965
-0.0167526
-0.0170299
-0.0172276
-0.0173451
-0.0173825
-0.01734
-0.0172184
-0.017019
-0.0167432
-0.0163931
-0.015971
-0.0154794
-0.0149215
-0.0143004
-0.0136199
-0.0128837
-0.012096
-0.0112611
-0.0103835
-0.00946801
-0.00851938
-0.00754262
-0.00654276
-0.00552492
-0.00449425
-0.00345589
-0.00241495
-0.00137651
-0.000345563
0.000673017
0.00167447
0.00265419
0.00360776
0.00453093
0.00541969
0.00627026
0.00707909
0.00784293
0.00855878
0.00922395
0.00983602
0.0103929
0.0108929
0.0113345
0.0117165
0.0120383
0.0122993
0.0124993
0.0126386
0.0127176
0.0127372
0.0126983
0.0126024
0.0124511
0.0122462
0.0119899
0.0116845
0.0113326
0.0109368
0.0105001
0.0100255
0.00951613
0.00897525
0.00840622
0.00781244
0.00719737
0.00656449
0.00591729
0.00525923
0.00459377
0.0039243
0.00325414
0.00258654
0.00192466
0.00127152
0.000630048
3.00353e-06
-0.000606987
-0.00119746
-0.00176613
-0.00231088
-0.00282977
-0.00332107
-0.00378324
-0.00421491
-0.00461495
-0.00498239
-0.00531648
-0.00561666
-0.00588256
-0.006114
-0.00631097
-0.00647368
-0.00660245
-0.00669782
-0.00676044
-0.00679115
-0.0067909
-0.00676078
-0.00670005
-0.00660733
-0.00648427
-0.00633276
-0.00615482
-0.00595267
-0.0057286
-0.00548503
-0.00522443
-0.00494932
-0.00466225
-0.00436574
-0.0040623
-0.0037544
-0.00344442
-0.00313467
-0.00282733
-0.00252448
-0.00222806
-0.00193985
-0.00166149
-0.00139444
-0.00113999
-0.00089925
-0.000673159
-0.000462469
-0.000267756
-8.94184e-05
7.2312e-05
0.000217367
0.000345832
0.000457937
0.000554044
0.000634639
0.000700315
0.000751764
0.000789761
0.000815153
0.000828846
0.000831795
0.000824988
0.000809438
0.000786172
0.000756217
0.000720595
0.000680309
0.000636338
0.000589624
0.000541068
0.00049152
0.000441775
0.000392565
0.000344556
0.000298344
0.000254452
0.000213326
0.000175339
0.000140788
0.000109895
8.28127e-05
5.9622e-05
4.03396e-05
2.49209e-05
1.3264e-05
5.21557e-06
5.75487e-07
-8.97384e-07
5.20385e-07
4.52258e-06
1.07792e-05
1.89422e-05
2.86515e-05
3.95406e-05
5.12423e-05
6.33941e-05
7.56434e-05
8.76526e-05
9.91035e-05
0.000109702
0.000119181
0.000127304
0.00013387
0.000138712
0.000141703
0.000142753
0.000141814
0.000138876
0.00013397
0.000127399
0.000119439
0.000110349
0.000100302
8.91846e-05
7.68647e-05
6.31974e-05
4.803e-05
3.12007e-05
1.25431e-05
-8.11102e-06
-3.08383e-05
-5.58833e-05
-8.33978e-05
-0.000113522
-0.000146379
-0.000181842
-0.000220208
-0.000261532
-0.00030584
-0.000353126
-0.000402908
-0.000455508
-0.000510804
-0.000568629
-0.000628769
-0.000690274
-0.000753475
-0.000818014
-0.000883483
-0.000949427
-0.0010144
-0.00107873
-0.00114181
-0.00120301
-0.00126165
-0.00131591
-0.00136608
-0.00141138
-0.00145103
-0.0014842
-0.00150901
-0.00152563
-0.00153324
-0.00153102
-0.00151816
-0.00149314
-0.0014559
-0.00140572
-0.00134192
-0.00126385
-0.00117095
-0.00106269
-0.000938644
-0.000798443
-0.000641819
-0.000469727
-0.000281009
-7.57103e-05
0.000146004
0.000383842
0.000634816
0.000900846
0.00118123
0.00147513
0.00178154
0.00209525
0.00241898
0.00275133
0.00309076
0.00343561
0.00377871
0.00412348
0.00446796
0.00481009
0.00514774
0.00547256
0.00578839
0.00609297
0.00638403
0.00665927
0.00691035
0.00714107
0.00734925
0.00753279
0.00768968
0.00781306
0.00790609
0.0079672
0.00799495
0.00799058
0.00795185
0.00788066
0.00777616
0.00763767
0.00746463
0.00725675
0.00701369
0.00673538
0.00642193
0.0060736
0.00569435
0.0052813
0.00483527
0.00435726
0.00384844
0.00331714
0.00275794
0.00217257
0.00156291
0.000931043
0.000289158
-0.000370319
-0.00104486
-0.00173178
-0.00242827
-0.00311936
-0.00381405
-0.00450921
-0.00520161
-0.00588797
-0.00655221
-0.00720368
-0.00783898
-0.00845473
-0.00904751
-0.00960218
-0.0101272
-0.0106194
-0.0110756
-0.0114928
-0.0118589
-0.0121804
-0.0124546
-0.0126792
-0.0128519
-0.0129658
-0.0130242
-0.0130255
-0.0129685
-0.0128522
-0.0126762
-0.0124398
-0.0121429
-0.0117856
-0.0113683
-0.010898
-0.0103697
-0.00978466
-0.00914464
-0.00845162
-0.00771939
-0.00693902
-0.00611338
-0.00524559
-0.00433906
-0.00341332
-0.00245636
-0.00147225
-0.000465299
0.000560028
0.00158061
0.00261021
0.00364399
0.00467703
0.00570432
0.00670195
0.00768382
0.00864495
0.00958041
0.0104853
0.0113381
0.012151
0.0129195
0.0136394
0.0143066
0.0149048
0.0154427
0.0159173
0.0163254
0.0166644
0.0169253
0.0171127
0.0172248
0.0172603
0.0172182
0.0170988
0.0169011
0.0166254
0.0162723
0.0158429
0.0153465
0.0147771
0.0141367
0.0134279
0.0126538
0.011832
0.0109517
0.0100168
0.00903159
0.00800049
0.00694759
0.00585856
0.00473853
0.00359284
0.002427
0.00126832
0.000100736
-0.00107007
-0.00223837
-0.00339842
-0.00452308
-0.00562823
-0.00670838
-0.00775818
-0.00877243
-0.0097276
-0.0106374
-0.0114973
-0.0123031
-0.0130507
-0.0137232
-0.0143304
-0.0148695
-0.0153377
-0.0157327
-0.0160463
-0.0162833
-0.0164427
-0.0165237
-0.0165261
-0.0164512
-0.0162983
-0.0160683
-0.0157625
-0.0153827
-0.0149393
-0.0144263
-0.0138465
-0.013203
-0.0124991
-0.0117531
-0.0109544
-0.0101072
-0.00921593
-0.0082852
-0.00733836
-0.00636179
-0.00536053
-0.0043397
-0.00330455
-0.00228047
-0.00125252
-0.000225909
0.000794224
0.00180278
0.00277553
0.0037269
0.00465226
0.00554711
0.00640717
0.00721236
0.0079749
0.00869125
0.00935816
0.00997263
0.010521
0.0110119
0.0114433
0.0118134
0.0121209
0.0123599
0.0125344
0.0126442
0.0126892
0.0126696
0.0125879
0.0124432
0.0122369
0.0119707
0.0116463
0.0112734
0.010847
0.0103698
0.00984464
0.00927467
0.00867518
0.00803761
0.00736553
0.00666267
0.00593285
0.00519479
0.00443761
0.0036653
0.00288187
0.00209136
0.00131341
0.000536358
-0.000235905
-0.000999541
-0.00175079
-0.00247155
-0.0031728
-0.00385122
-0.00450365
-0.0051271
-0.00570712
-0.00625281
-0.00676185
-0.00723212
-0.00766177
-0.00804151
-0.00837761
-0.00866894
-0.0089146
-0.00911395
-0.00926355
-0.00936625
-0.00942209
-0.00943136
-0.00939457
-0.00931404
-0.00918911
-0.00902091
-0.0088108
-0.00856032
-0.00827685
-0.00795664
-0.00760174
-0.00721438
-0.0067969
-0.00636046
-0.00589894
-0.00541499
-0.00491135
-0.00439078
-0.00386649
-0.0033309
-0.00278682
-0.00223706
-0.00168439
-0.00114226
-0.000602641
-6.81275e-05
0.000458741
0.000975505
0.00147009
0.00194995
0.00241297
0.00285711
0.00328048
0.00367364
0.00404266
0.00438608
0.00470259
0.00499106
0.00524558
0.00547028
0.00566452
0.00582786
0.00596
0.00605897
0.00612668
0.00616335
0.00616936
0.00614523
0.00609271
0.00601151
0.00590259
0.00576697
0.00560585
0.00542407
0.00521941
0.00499331
0.0047473
0.00448298
0.0042074
0.00391686
0.00361306
0.00329777
0.00297275
0.00264619
0.00231343
0.00197622
0.00163626
0.00129524
0.000961345
0.000629593
0.000301487
-2.15287e-05
-0.000338078
-0.000640912
-0.000934772
-0.00121854
-0.00149116
-0.0017517
-0.00199451
-0.00222359
-0.00243825
-0.00263791
-0.00282206
-0.0029871
-0.00313589
-0.00326822
-0.00338392
-0.00348294
-0.00356383
-0.00362815
-0.00367608
-0.00370787
-0.00372383
-0.0037245
-0.00371016
-0.00368128
-0.00363839
-0.00358209
-0.00351459
-0.00343496
-0.00334387
-0.00324207
-0.00313028
-0.00301196
-0.0028852
-0.00275081
-0.00260958
-0.00246233
-0.00231319
-0.00215887
-0.0019998
-0.00183706
-0.00167171
-0.00150834
-0.00134439
-0.00118084
-0.00101862
-0.000858623
-0.000705047
-0.000555294
-0.000410095
-0.000270129
-0.000136017
-1.11284e-05
0.000106902
0.000217646
0.000320734
0.000415865
0.000500729
0.000577281
0.000645421
0.000705109
0.00075637
0.000798024
0.000831518
0.000857047
0.000874855
0.000885229
0.000887995
0.000884034
0.000873735
0.000857511
0.000835799
0.00080918
0.000777982
0.000742681
0.000703761
0.00066171
0.000617598
0.000571305
0.000523319
0.000474122
0.00042419
0.0003748
0.00032552
0.000276772
0.000228958
0.00018245
0.000138464
9.63678e-05
5.6437e-05
1.8915e-05
-1.59904e-05
-4.73311e-05
-7.58278e-05
-0.000101381
-0.000123923
-0.000143423
-0.000159288
-0.00017221
-0.000182249
-0.000189488
-0.000194038
-0.000195657
-0.000194934
-0.000192043
-0.000187176
-0.000180538
-0.000172158
-0.000162489
-0.000151761
-0.000140209
-0.000128065
-0.000115498
-0.000102809
-9.02106e-05
-7.79038e-05
-6.60735e-05
-5.48839e-05
-4.44895e-05
-3.50182e-05
-2.65751e-05
-1.92418e-05
-1.30804e-05
-8.11468e-06
-4.35333e-06
-1.78029e-06
-3.55383e-07
0
0
0
0
0
0
0
0
0
0
0
0
0
0
0
0
0
0
0
0
0
0
0
0
0
0
0
0
0
0
0
0
0
0
0
0
0
0
0
0
0
0
0
0
0
0
0
0
0
0
0
0
0
0
0
0
0
0
0
0
0
0
0
0
0
0
0
0
0
0
0
0
0
0
0
0
0
0
0
0
0
0
0
0
0
0
0
0
0
0
0
0
0
0
0
0
0
0
0
0
0
0
0
0
0
0
0
0
0
0
0
0
0
0
0
0
0
0
0
0
0
0
0
0
0
0
0
0
0
0
0
0
0
0
0
0
0
0
0
0
0
0
0
0
0
0
0
0
0
0
0
0
0
0
0
0
0
0
0
0
0
0
0
0
0
0
0
0
0
0
0
0
0
0
0
0
0
0
0
0
0
0
0
0
0
0
0
0
0
0
0
0
0
0
0
0
0
0
0
0
0
0
0
0
0
0
0
0
0
0
0
0
0
0
0
0
0
0
0
0
0
0
0
0
0
0
0
0
0
0
0
0
0
0
0
0
0
0
0
0
0
0
0
0
0
0
0
0
0
0
0
0
0
0
0
0
0
0
0
0
0
0
0
0
0
0
0
0
0
0
0
0
0
0
0
0
0
0
0
0
0
0
0
0
0
0
0
0
0
0
0
0
0
0
0
0
0
0
0
0
0
0
0
0
0
0
0
0
0
0
0
0
0
0
0
0
0
0
0
0
0
0
0
0
0
0
0
0
0
0
0
0
0
0
0
0
0
0
0
0
0
0
0
0
0
0
0
0
0
0
0
0
0
0
0
0
0
0
0
0
0
0
0
0
0
0
0
0
0
0
0
0
0
0
0
0
0
0
0
0
0
0
0
0
