0
0
0
0
0
0
0
0
0
0
0
0
0
0
0
0
0
0
0
0
0
0
0
0
0
0
0
0
0
0
0
0
0
0
0
0
-0
-0
-0
-0
-0
-0
-0
-0
-0
-0
-0
-0
-0
-0
-0
-0
-0
-0
-0
-0
-0
-0
-0
-0
-0
-0
-0
-0
-0
-0
-0
-0
-0
-0
-0
-0
-0
-0
-0
-0
-0
-0
0
0
0
0
0
0
0
0
0
0
0
0
0
0
0
0
0
0
0
0
0
0
0
0
0
0
0
0
0
0
0
0
0
0
0
0
0
0
0
0
0
0
0
0
0
-0
-0
-0
-0
-0
-0
-0
-0
-0
-0
-0
-0
-0
-0
-0
-0
-0
-0
-0
-0
-0
-0
-0
-0
-0
-0
-0
-0
-0
-0
-0
-0
-0
-0
-0
-0
-0
-0
-0
-0
-0
-0
-0
-0
-0
-0
0
0
0
0
0
0
0
0
0
0
0
0
0
0
0
0
0
0
0
0
0
0
0
0
0
0
0
0
0
0
0
0
0
0
0
0
0
0
0
0
0
0
0
0
-0
-0
-0
-0
-0
-0
-0
-0
-0
-0
-0
-0
-0
-0
-0
-0
-0
-0
-0
-0
-0
-0
-0
-0
-0
-0
-0
-0
-0
-0
-0
-0
-0
-0
-0
-0
-0
-0
-0
-0
-0
-0
-0
-0
-0
-0
-0
0
0
0
0
0
0
0
0
0
0
0
0
0
0
0
0
0
0
0
0
0
0
0
0
0
0
0
0
0
0
0
0
0
0
0
0
0
-0
-0
-0
-0
-0
-0
-0
-0
-0
-0
-0
-0
-0
-0
-0
-0
-0
-0
-0
-0
-0
-0
-0
-0
-0
-2.87182e-07
-1.11367e-05
-3.73948e-05
-7.83474e-05
-0.000132884
-0.000199514
-0.000276381
-0.000361293
-0.000451749
-0.000544973
-0.00063795
-0.000727475
-0.000810191
-0.000882633
-0.000941277
-0.000982578
-0.00100302
-0.000999159
-0.000967692
-0.000905489
-0.000809647
-0.00067752
-0.000506748
-0.000295291
-4.1476e-05
0.00025594
0.000597705
0.000984022
0.00141453
0.00188832
0.00240395
0.00295946
0.00355238
0.00417968
0.00483775
0.00552242
0.006229
0.00695231
0.00768674
0.00842621
0.00916419
0.00989373
0.0106076
0.0112983
0.0119584
0.0125804
0.0131572
0.0136812
0.0141451
0.0145412
0.0148623
0.0151013
0.0152517
0.0153075
0.0152636
0.0151151
0.0148577
0.0144878
0.0140027
0.0134008
0.0126812
0.0118441
0.0108903
0.00982137
0.00863952
0.00734805
0.00595148
0.0044556
0.00286728
0.00119426
-0.000555195
-0.00237239
-0.00424825
-0.00617321
-0.00813715
-0.0101294
-0.0121389
-0.014154
-0.0161629
-0.0181536
-0.0201138
-0.0220312
-0.0238938
-0.0256899
-0.0274081
-0.0290376
-0.0305681
-0.0319897
-0.0332933
-0.0344703
-0.0355143
-0.0364345
-0.0372319
-0.0379028
-0.0384438
-0.0388521
-0.0391254
-0.0392619
-0.0392604
-0.0391202
-0.0388404
-0.0384207
-0.0378613
-0.037163
-0.0363275
-0.0353575
-0.0342563
-0.0330275
-0.031675
-0.030203
-0.0286161
-0.0269194
-0.0251188
-0.0232203
-0.0212307
-0.0191566
-0.0170053
-0.014784
-0.0125006
-0.0101632
-0.00778032
-0.00536052
-0.00291229
-0.000444189
0.00203504
0.00451627
0.00698993
0.0094461
0.0118747
0.0142659
0.0166097
0.0188968
0.0211179
0.0232637
0.0253256
0.0272948
0.0291631
0.0309226
0.0325655
0.0340841
0.0354709
0.0367186
0.0378202
0.0387692
0.0395595
0.0401858
0.040643
0.0409265
0.0410323
0.0409572
0.0406987
0.0402551
0.0396254
0.038809
0.0378055
0.036615
0.0352384
0.0336773
0.0319343
0.0300134
0.0279194
0.025658
0.0232352
0.0206578
0.0179329
0.0150683
0.0120727
0.00895509
0.00572543
0.00239417
-0.00102755
-0.0045279
-0.00809423
-0.0117131
-0.0153703
-0.0190513
-0.022741
-0.0264242
-0.0300853
-0.0337084
-0.0372773
-0.0407757
-0.0441869
-0.0474945
-0.0506823
-0.0537342
-0.0566345
-0.0593679
-0.061919
-0.0642732
-0.0664164
-0.0683355
-0.0700181
-0.0714527
-0.0726287
-0.0735358
-0.0741649
-0.0745075
-0.0745563
-0.0743053
-0.0737497
-0.072886
-0.0717123
-0.0702277
-0.0684332
-0.0663312
-0.0639257
-0.0612221
-0.0582277
-0.0549508
-0.0514017
-0.0475918
-0.0435345
-0.0392441
-0.0347368
-0.0300296
-0.0251411
-0.0200906
-0.0148987
-0.00958717
-0.00417856
0.00130368
0.00683552
0.0123924
0.0179494
0.0234813
0.0289624
0.0343671
0.0396696
0.0448441
0.0498654
0.054708
0.0593472
0.0637583
0.0679173
0.0718013
0.0753882
0.0786574
0.0815895
0.0841665
0.0863722
0.0881915
0.0896118
0.0906221
0.0912138
0.0913804
0.0911174
0.0904227
0.0892958
0.0877388
0.0857557
0.0833528
0.0805387
0.0773239
0.0737209
0.0697444
0.0654111
0.0607399
0.0557516
0.0504683
0.0449137
0.0391126
0.0330912
0.026877
0.0204988
0.013987
0.00737278
0.000687775
-0.00603616
-0.0127672
-0.0194737
-0.0261238
-0.0326858
-0.0391282
-0.0454203
-0.0515319
-0.0574341
-0.0630989
-0.0684994
-0.07361
-0.0784064
-0.0828657
-0.0869671
-0.0906915
-0.0940216
-0.0969418
-0.0994383
-0.101499
-0.103115
-0.104278
-0.104984
-0.105231
-0.105018
-0.104347
-0.103222
-0.101649
-0.0996379
-0.097198
-0.0943426
-0.0910867
-0.0874472
-0.0834428
-0.0790942
-0.0744236
-0.0694547
-0.0642122
-0.0587222
-0.0530117
-0.0471086
-0.0410422
-0.0348423
-0.0285397
-0.022165
-0.0157492
-0.00932296
-0.00291684
0.00343855
0.00971279
0.0158758
0.0218983
0.0277521
0.0334099
0.0388459
0.0440353
0.0489547
0.0535818
0.0578961
0.061879
0.0655136
0.0687848
0.0716794
0.074186
0.076295
0.0779991
0.0792933
0.0801751
0.0806439
0.0807012
0.0803501
0.0795954
0.0784439
0.0769042
0.0749869
0.0727048
0.0700724
0.0671059
0.063823
0.060243
0.0563865
0.0522756
0.0479331
0.0433827
0.0386484
0.0337553
0.0287288
0.0235951
0.0183809
0.0131132
0.00781873
0.00252414
-0.00274453
-0.00796171
-0.0131024
-0.0181421
-0.0230572
-0.0278252
-0.0324246
-0.036835
-0.0410373
-0.045013
-0.0487453
-0.0522184
-0.0554183
-0.0583328
-0.0609513
-0.0632654
-0.065268
-0.066954
-0.0683199
-0.0693642
-0.0700872
-0.070491
-0.0705791
-0.0703568
-0.0698302
-0.0690073
-0.0678972
-0.0665104
-0.0648588
-0.0629555
-0.0608142
-0.0584498
-0.0558778
-0.0531144
-0.0501767
-0.0470824
-0.0438497
-0.040497
-0.0370429
-0.0335059
-0.0299048
-0.0262583
-0.022585
-0.0189035
-0.0152323
-0.0115889
-0.00799087
-0.00445463
-0.000996104
0.00236957
0.00562809
0.00876603
0.011771
0.0146314
0.0173368
0.0198777
0.0222457
0.0244334
0.0264343
0.0282433
0.0298561
0.0312696
0.0324819
0.0334921
0.0343002
0.0349074
0.0353159
0.0355287
0.0355502
0.0353852
0.0350397
0.0345201
0.0338335
0.0329874
0.0319899
0.0308497
0.0295762
0.0281792
0.026669
0.0250564
0.0233519
0.0215662
0.0197102
0.0177947
0.0158306
0.013829
0.0118008
0.00975691
0.00770777
0.00566348
0.00363375
0.00162798
-0.000344809
-0.00227604
-0.00415763
-0.00598209
-0.00774249
-0.00943242
-0.011046
-0.0125777
-0.0140228
-0.0153771
-0.0166369
-0.0177996
-0.0188628
-0.0198247
-0.0206842
-0.0214402
-0.0220928
-0.0226424
-0.02309
-0.0234373
-0.0236863
-0.0238392
-0.0238988
-0.0238678
-0.0237498
-0.0235483
-0.0232677
-0.0229123
-0.0224867
-0.0219959
-0.0214447
-0.0208382
-0.0201812
-0.019479
-0.0187366
-0.0179592
-0.0171518
-0.016322
-0.0154782
-0.0146242
-0.0137636
-0.0128999
-0.0120363
-0.0111758
-0.0103216
-0.0094766
-0.00864403
-0.00782679
-0.00702758
-0.00624876
-0.00549238
-0.00476029
-0.00405423
-0.0033759
-0.00272701
-0.00210919
-0.00152394
-0.000972597
-0.00045635
2.37112e-05
0.000466577
0.000871343
0.00123729
0.00156396
0.0018512
0.00209918
0.00230828
0.00247904
0.00261212
0.00270831
0.00276854
0.00279392
0.00278573
0.00274541
0.00267448
0.00257458
0.00244744
0.00229496
0.00211923
0.00192249
0.00170707
0.00147527
0.0012293
0.000971249
0.000703151
0.000427086
0.000145241
-0.000140104
-0.00042666
-0.000712251
-0.000994907
-0.0012729
-0.00154469
-0.00180885
-0.00206405
-0.002309
-0.00254259
-0.00276393
-0.0029724
-0.0031677
-0.00334973
-0.00351856
-0.00367439
-0.0038175
-0.0039483
-0.00406739
-0.00417552
-0.00427359
-0.00436258
-0.00444356
-0.00451761
-0.00458585
-0.00464951
-0.00470998
-0.00476877
-0.00482753
-0.00488792
-0.00495154
-0.00501979
-0.00509386
-0.00517475
-0.00526332
-0.00536038
-0.00546676
-0.00558322
-0.00570939
-0.00584457
-0.00598956
-0.00614499
-0.00631061
-0.00648607
-0.00666765
-0.00685782
-0.00705553
-0.00725939
-0.00746778
-0.00767644
-0.00788626
-0.00809564
-0.00830297
-0.00850645
-0.00870271
-0.00889064
-0.0090677
-0.00923145
-0.00937962
-0.00951073
-0.00962237
-0.00971265
-0.00977957
-0.00982116
-0.00983822
-0.00982675
-0.00978581
-0.00971476
-0.0096131
-0.00948496
-0.00932509
-0.00913314
-0.00890908
-0.00865338
-0.00837335
-0.00806384
-0.00772647
-0.00736291
-0.00697494
-0.00657178
-0.00614792
-0.00570563
-0.0052474
-0.00477596
-0.00430165
-0.0038198
-0.00333353
-0.00284593
-0.00236005
-0.00188532
-0.0014177
-0.000959846
-0.000514433
-8.41989e-05
0.000323412
0.00071069
0.00107533
0.00141536
0.00172918
0.00201323
0.00226849
0.00249375
0.00268786
0.00284987
0.00297985
0.00307653
0.00313971
0.00316934
0.00316545
0.00313203
0.00306527
0.00296553
0.00283333
0.00266938
0.00248118
0.00226268
0.00201469
0.00173802
0.00143347
0.00111097
0.000762142
0.000387905
-1.07711e-05
-0.000432838
-0.000866449
-0.00132113
-0.00179553
-0.00228822
-0.00279615
-0.00330429
-0.00382085
-0.00434253
-0.00486583
-0.0053871
-0.00589209
-0.00638751
-0.00686954
-0.00733434
-0.00777801
-0.00818859
-0.00857004
-0.00891839
-0.0092298
-0.00950058
-0.00972349
-0.0098991
-0.0100243
-0.0100962
-0.010112
-0.0100707
-0.00996857
-0.00980367
-0.00957457
-0.00928017
-0.00892752
-0.00850844
-0.00802291
-0.00747133
-0.00685457
-0.00618778
-0.00545876
-0.00466959
-0.0038227
-0.00292093
-0.00198651
-0.00100398
2.26705e-05
0.00108905
0.00219037
0.00329918
0.00443243
0.00558445
0.00674929
0.00792072
0.00906934
0.0102116
0.0113409
0.0124506
0.0135339
0.0145633
0.0155528
0.0164957
0.0173854
0.0182152
0.0189636
0.0196398
0.0202378
0.0207523
0.021178
0.0215033
0.0217304
0.0218553
0.0218744
0.0217846
0.0215868
0.0212757
0.0208502
0.0203096
0.0196537
0.0188976
0.018028
0.0170467
0.0159561
0.0147594
0.0134849
0.0121123
0.0106464
0.00909302
0.00745825
0.00578172
0.00403793
0.00223466
0.00038017
-0.00151678
-0.00340969
-0.0053265
-0.00725747
-0.00919264
-0.0111218
-0.0129972
-0.014846
-0.0166575
-0.0184213
-0.0201269
-0.0217314
-0.0232573
-0.0246947
-0.0260338
-0.0272654
-0.0283576
-0.0293249
-0.0301594
-0.0308539
-0.0314017
-0.0317874
-0.032015
-0.0320798
-0.0319781
-0.0317068
-0.03127
-0.03066
-0.0298767
-0.0289202
-0.027792
-0.0265168
-0.0250753
-0.0234718
-0.0217116
-0.0198006
-0.0177823
-0.0156278
-0.0133453
-0.0109442
-0.00843469
-0.00587492
-0.00322928
-0.000509975
0.00227026
0.00509822
0.00790802
0.0107382
0.0135749
0.0164038
0.0192106
0.0219298
0.0245982
0.0272012
0.0297248
0.0321547
0.0344342
0.0365934
0.0386198
0.0405015
0.0422271
0.0437569
0.0451099
0.0462772
0.0472503
0.0480217
0.0485742
0.0489132
0.0490347
0.0489353
0.0486132
0.0480768
0.0473168
0.0463343
0.0451318
0.0437126
0.0421108
0.0403026
0.0382947
0.0360954
0.0337137
0.0312063
0.0285376
0.0257193
0.0227641
0.0196856
0.0165566
0.0133334
0.0100314
0.0066665
0.00325521
-0.000122416
-0.00351266
-0.00689837
-0.0102624
-0.0135875
-0.0167966
-0.0199334
-0.0229816
-0.0259252
-0.0287484
-0.0313861
-0.0338739
-0.036198
-0.0383456
-0.0403046
-0.042031
-0.0435475
-0.0448451
-0.0459158
-0.0467527
-0.0473384
-0.0476804
-0.0477754
-0.0476216
-0.047218
-0.0465764
-0.0456875
-0.0445546
-0.0431822
-0.041576
-0.0397751
-0.0377551
-0.0355249
-0.0330947
-0.030476
-0.0277311
-0.024823
-0.0217657
-0.0185738
-0.0152623
-0.0119088
-0.00846794
-0.00495656
-0.0013919
0.00220849
0.00576152
0.0093151
0.0128518
0.0163542
0.0198051
0.023126
0.0263619
0.0294968
0.0325154
0.0354028
0.0380949
0.0406287
0.0429919
0.0451732
0.047162
0.048916
0.0504602
0.0517877
0.0528926
0.0537704
0.0544047
0.0548061
0.0549736
0.0549075
0.0546092
0.0540898
0.0533445
0.0523781
0.0511965
0.0498069
0.0482453
0.0464926
0.0445585
0.0424535
0.0401889
0.0378204
0.035317
0.0326923
0.0299602
0.0271349
0.0242844
0.0213696
0.018405
0.0154053
0.012385
0.00941544
0.00645456
0.00351651
0.000615004
-0.00223666
-0.0049727
-0.00763372
-0.0102078
-0.0126836
-0.0150501
-0.0172539
-0.0193295
-0.0212687
-0.023064
-0.0247089
-0.0261673
-0.0274642
-0.0285957
-0.0295586
-0.0303506
-0.0309566
-0.0313899
-0.031651
-0.0317409
-0.0316619
-0.0314192
-0.0310144
-0.030452
-0.0297372
-0.0288759
-0.0278916
-0.0267738
-0.0255298
-0.0241673
-0.0226947
-0.0211498
-0.0195124
-0.0177913
-0.0159959
-0.0141353
-0.0122559
-0.0103304
-0.00836841
-0.00637955
-0.00437336
-0.0023991
-0.000425868
0.00153756
0.0034826
0.00540088
0.00724577
0.0090483
0.0108013
0.0124982
0.0141325
0.015665
0.0171237
0.0185038
0.0198008
0.0210109
0.0221055
0.023107
0.0240131
0.0248219
0.025532
0.0261268
0.0266214
0.0270159
0.0273107
0.0275064
0.0275988
0.0275946
0.0274954
0.0273036
0.0270222
0.0266589
0.0262126
0.0256868
0.0250852
0.0244117
0.0236832
0.0228911
0.0220399
0.0211341
0.0201782
0.0191963
0.0181734
0.0171141
0.0160232
0.0149058
0.0137903
0.0126578
0.0115129
0.0103596
0.0092019
0.008069
0.0069399
0.00581874
0.00470957
0.0036163
0.00256691
0.00154066
0.000540929
-0.000429051
-0.00136624
-0.00224641
-0.00308864
-0.00389078
-0.00465081
-0.00536678
-0.00601972
-0.00662506
-0.00718141
-0.0076877
-0.00814313
-0.00853545
-0.0088757
-0.00916337
-0.00939803
-0.0095795
-0.00970233
-0.00977242
-0.00979028
-0.00975651
-0.00967168
-0.00953714
-0.00935316
-0.00912095
-0.00884201
-0.00851806
-0.00815729
-0.00775503
-0.0073119
-0.00682697
-0.00630296
-0.00575442
-0.00517333
-0.00456319
-0.00392758
-0.00327018
-0.00260966
-0.00193488
-0.00124983
-0.000558595
0.000134789
0.000809711
0.00147931
0.00213987
0.00278775
0.00341937
0.00401475
0.00458773
0.0051355
0.00565547
0.00614531
0.00658802
0.00699705
0.00737075
0.00770774
0.00800686
0.00825535
0.00846486
0.00863498
0.00876554
0.00885667
0.00890073
0.00890704
0.00887675
0.00881121
0.00871193
0.0085763
0.00841071
0.00821714
0.0079977
0.00775464
0.00748935
0.00720532
0.00690508
0.00659122
0.00626637
0.00593465
0.00559683
0.00525529
0.00491233
0.00457017
0.00423403
0.00390261
0.00357786
0.00326155
0.0029553
0.00266404
0.00238518
0.00211988
0.00186912
0.00163369
0.00141732
0.00121683
0.00103244
0.000864236
0.000712155
0.00057828
0.000459611
0.000355698
0.000265955
0.000189668
0.000127341
7.64431e-05
3.60331e-05
5.11709e-06
-1.73384e-05
-3.18369e-05
-4.0198e-05
-4.34686e-05
-4.26818e-05
-3.88456e-05
-3.28034e-05
-2.56784e-05
-1.8304e-05
-1.14349e-05
-5.73806e-06
-1.78279e-06
-4.77172e-08
-0
-0
-0
-0
-0
-0
-0
-0
-0
-0
-0
-0
-0
-0
-0
-0
-0
-0
-0
-0
-0
-0
-0
-0
0
0
0
0
0
0
0
0
0
0
0
0
0
0
0
0
0
0
0
0
0
0
0
0
0
0
0
0
0
0
0
0
0
0
0
0
0
0
0
0
0
0
0
0
0
0
-0
-0
-0
-0
-0
-0
-0
-0
-0
-0
-0
-0
-0
-0
-0
-0
-0
-0
-0
-0
-0
-0
-0
-0
-0
-0
-0
-0
-0
-0
-0
-0
-0
-0
-0
-0
-0
-0
-0
-0
-0
-0
0
0
0
0
0
0
0
0
0
0
0
0
0
0
0
0
0
0
0
0
0
0
0
0
0
0
0
0
0
0
0
0
0
0
0
0
0
0
0
0
0
-0
-0
-0
-0
-0
-0
-0
-0
-0
-0
-0
-0
-0
-0
-0
-0
-0
-0
-0
-0
-0
-0
-0
-0
-0
-0
-0
-0
-0
-0
-0
-0
-0
-0
-0
-0
-0
-0
-0
-0
-0
-0
-0
-0
-0
-0
-0
-0
-0
-0
-0
-0
0
0
0
0
0
0
0
0
0
0
0
0
0
0
0
0
0
0
0
0
0
0
0
0
0
0
0
0
0
0
0
0
0
-0
-0
-0
-0
-0
-0
-0
-0
-0
-0
-0
-0
-0
-0
-0
-0
-0
-0
-0
-0
-0
-0
-0
-0
-0
-0
-0
-0
-0
-0
-0
-0
-0
-0
-0
-0
-0
-0
-0
-0
-0
-0
-0
-0
-0
-0
-0
-0
-0
-0
-0
-0
-0
-0
-0
0
0
0
0
0
0
0
0
0
0
0
0
0
0
0
0
0
0
0
0
0
0
0
0
0
0
0
0
0
