-0
-0
-0
-0
-0
-0
-0
-0
-0
-0
-0
-0
-0
-0
-0
-0
-0
-0
-0
-0
-0
0
0
0
0
0
0
0
0
0
0
0
0
0
0
0
0
0
0
0
0
0
0
0
0
0
0
0
0
0
0
0
0
0
0
0
0
0
0
0
0
0
0
0
0
0
0
0
0
0
0
0
0
0
0
0
-0
-0
-0
-0
-0
-0
-0
-0
-0
-0
-0
-0
-0
-0
-0
-0
-0
-0
-0
-0
-0
-0
-0
-0
-0
-0
-0
-0
-0
-0
-0
-0
-0
-0
-0
-0
-0
-0
-0
-0
-0
-0
-0
-0
-0
-0
-0
-0
-0
-0
-0
-0
-0
0
0
0
0
0
0
0
0
0
0
0
0
0
0
0
0
0
0
0
0
0
0
0
0
0
0
0
0
0
0
0
0
0
0
0
0
0
0
0
0
0
0
0
0
0
0
0
0
0
0
0
-0
-0
-0
-0
-0
-0
-0
-0
-0
-0
-0
-0
-0
-0
-0
-0
-0
-0
-0
-0
-0
-0
-0
-0
-0
-0
-0
-0
-0
-0
-0
-0
-0
-0
-0
-0
-0
-0
-0
-0
-0
-0
-0
-0
-0
-0
-0
-0
-0
0
0
0
0
0
0
0
0
0
0
0
0
0
0
0
0
0
0
0
0
0
0
0
0
0
0
0
0
0
0
0
0
0
0
0
0
0
0
0
0
0
0
0
0
0
0
-0
-0
-0
-0
-0
-0
-0
-0
-0
-0
-0
-0
-0
-0
-0
-0
-0
-0
-0
-0
-0
-0
-0
-0
-0
-0
-0
-0
-0
-0
-0
-0
-0
-0
-0
-0
-0
-0
-0
-0
-0
-0
-0
-0
-0
0
0
9.96813e-08
5.40249e-06
2.32954e-05
5.96749e-05
0.000119902
0.000208694
0.000330027
0.00048705
0.000682007
0.000916181
0.00118984
0.00150223
0.00185152
0.00223486
0.00264834
0.00308709
0.00354527
0.00401617
0.00449223
0.00496521
0.00542622
0.00586588
0.00627444
0.00664189
0.00695811
0.00721299
0.00739658
0.00749922
0.00751172
0.00742548
0.00723264
0.00692619
0.00650009
0.00594936
0.00527017
0.00445996
0.00351752
0.00244306
0.00123826
-9.37977e-05
-0.00154855
-0.00312001
-0.00480079
-0.00658206
-0.00845364
-0.0104041
-0.0124207
-0.0144898
-0.0165968
-0.0187262
-0.0208619
-0.0229872
-0.0250849
-0.0271379
-0.0291286
-0.0310398
-0.0328546
-0.0345563
-0.0361289
-0.0375572
-0.0388267
-0.0399242
-0.0408374
-0.0415557
-0.0420695
-0.0423708
-0.0424535
-0.0423127
-0.0419457
-0.0413513
-0.0405302
-0.0394847
-0.0382186
-0.0367375
-0.0350485
-0.0331604
-0.0310834
-0.028829
-0.02641
-0.0238404
-0.0211352
-0.0183103
-0.0153827
-0.0123698
-0.00928995
-0.00616151
-0.0030032
0.000166246
0.00332806
0.0064636
0.00955477
0.0125894
0.0155569
0.018446
0.0212464
0.0239479
0.0265411
0.0290173
0.0313681
0.0335861
0.0356645
0.037597
0.0393781
0.041003
0.0424673
0.0437672
0.0448996
0.0458621
0.0466527
0.0472701
0.0477135
0.047983
0.0480792
0.0480035
0.0477576
0.0473441
0.0467655
0.0460251
0.0451266
0.0440742
0.0428728
0.0415273
0.040043
0.0384253
0.0366795
0.0348111
0.0328258
0.0307298
0.0285294
0.0262311
0.0238414
0.0213666
0.0188132
0.0161877
0.0134968
0.0107475
0.00794702
0.00510237
0.00222067
-0.000691012
-0.00362551
-0.00657549
-0.00953347
-0.012492
-0.0154435
-0.0183808
-0.0212966
-0.0241836
-0.0270343
-0.029841
-0.0325959
-0.0352913
-0.0379199
-0.0404742
-0.0429471
-0.045331
-0.0476183
-0.0498012
-0.0518717
-0.0538224
-0.0556456
-0.0573343
-0.0588815
-0.0602802
-0.0615236
-0.0626052
-0.0635189
-0.0642587
-0.0648195
-0.0651962
-0.0653842
-0.0653792
-0.0651776
-0.0647764
-0.0641732
-0.0633665
-0.0623548
-0.0611374
-0.0597137
-0.0580838
-0.0562486
-0.0542102
-0.0519718
-0.0495376
-0.0469126
-0.0441024
-0.0411132
-0.0379521
-0.0346268
-0.0311462
-0.0275204
-0.0237603
-0.0198776
-0.0158845
-0.0117936
-0.00761822
-0.00337187
0.000931154
0.00527607
0.00964761
0.0140302
0.0184078
0.0227642
0.0270829
0.0313469
0.0355392
0.0396429
0.0436412
0.0475177
0.0512563
0.0548408
0.0582551
0.0614832
0.0645093
0.0673184
0.0698967
0.0722314
0.0743107
0.0761237
0.0776603
0.0789107
0.0798661
0.0805191
0.0808633
0.0808942
0.0806086
0.0800048
0.0790821
0.0778411
0.0762838
0.0744135
0.0722348
0.069754
0.0669785
0.0639168
0.0605789
0.0569762
0.0531214
0.0490283
0.0447119
0.0401878
0.0354721
0.0305815
0.0255334
0.0203463
0.0150398
0.00963466
0.00415198
-0.00138689
-0.00696085
-0.0125491
-0.018131
-0.0236859
-0.0291926
-0.0346298
-0.0399757
-0.0452091
-0.050309
-0.0552553
-0.0600288
-0.0646111
-0.0689845
-0.0731316
-0.0770358
-0.0806812
-0.0840527
-0.0871361
-0.0899185
-0.0923883
-0.0945348
-0.0963485
-0.0978211
-0.0989454
-0.0997154
-0.100127
-0.100176
-0.0998631
-0.0991864
-0.0981474
-0.0967483
-0.094993
-0.0928864
-0.090435
-0.0876467
-0.0845309
-0.0810978
-0.077359
-0.0733269
-0.0690155
-0.0644397
-0.0596156
-0.0545606
-0.0492929
-0.0438316
-0.0381969
-0.0324095
-0.0264912
-0.0204644
-0.0143521
-0.00817763
-0.00196449
0.00426355
0.0104825
0.0166681
0.0227959
0.0288414
0.0347802
0.0405881
0.0462412
0.0517162
0.0569901
0.0620409
0.0668475
0.0713901
0.07565
0.0796094
0.0832516
0.0865602
0.0895198
0.0921159
0.0943355
0.0961675
0.0976025
0.0986335
0.0992551
0.0994636
0.0992568
0.0986336
0.0975947
0.0961417
0.094278
0.0920088
0.0893416
0.086286
0.0828545
0.0790615
0.0749231
0.0704567
0.0656804
0.0606129
0.0552733
0.0496823
0.0438618
0.0378352
0.0316278
0.0252662
0.0187781
0.012192
0.00553679
-0.00115823
-0.0078638
-0.0145508
-0.0211903
-0.0277536
-0.0342123
-0.0405379
-0.0467023
-0.0526777
-0.0584374
-0.0639559
-0.0692091
-0.0741744
-0.0788304
-0.0831571
-0.0871355
-0.0907481
-0.093979
-0.0968143
-0.0992419
-0.101251
-0.102834
-0.103985
-0.104697
-0.104971
-0.104806
-0.104205
-0.103174
-0.101719
-0.0998513
-0.0975807
-0.0949207
-0.0918861
-0.0884936
-0.0847616
-0.0807098
-0.0763595
-0.071733
-0.066854
-0.0617474
-0.0564389
-0.050955
-0.0453227
-0.0395693
-0.0337225
-0.0278104
-0.0218612
-0.0159033
-0.00996501
-0.00407389
0.00174314
0.00745994
0.0130512
0.0184922
0.0237592
0.0288295
0.0336816
0.0382955
0.0426527
0.0467361
0.0505304
0.0540213
0.0571966
0.0600456
0.0625596
0.0647319
0.0665572
0.0680324
0.0691556
0.0699267
0.0703476
0.070422
0.0701552
0.0695544
0.0686285
0.0673874
0.0658426
0.0640069
0.0618945
0.0595207
0.056902
0.0540557
0.0510001
0.047754
0.0443368
0.0407686
0.0370701
0.033262
0.0293652
0.0254004
0.0213883
0.0173495
0.0133045
0.00927346
0.00527611
0.00133139
-0.00254262
-0.00632868
-0.0100104
-0.0135719
-0.0169983
-0.0202756
-0.0233907
-0.0263321
-0.0290893
-0.0316532
-0.0340159
-0.0361704
-0.0381112
-0.0398338
-0.0413352
-0.0426137
-0.0436686
-0.0445004
-0.0451103
-0.0455011
-0.0456761
-0.0456404
-0.0453998
-0.0449611
-0.0443319
-0.0435204
-0.0425354
-0.0413864
-0.0400837
-0.0386383
-0.0370617
-0.0353657
-0.0335622
-0.0316634
-0.0296813
-0.0276283
-0.025517
-0.0233597
-0.0211691
-0.0189572
-0.0167359
-0.0145167
-0.012311
-0.0101297
-0.00798591
-0.00589046
-0.00384743
-0.00186059
6.64764e-05
0.00193019
0.00372694
0.00545311
0.0071051
0.00867948
0.0101729
0.0115822
0.0129041
0.0141354
0.0152729
0.0163135
0.0172542
0.0180923
0.0188251
0.0194505
0.0199663
0.0203708
0.0206625
0.0208404
0.0209038
0.0208527
0.0206875
0.0204093
0.0200193
0.0195199
0.0189136
0.0182038
0.0173944
0.0164901
0.015496
0.0144178
0.0132619
0.0120349
0.0107442
0.00939754
0.00800287
0.00656865
0.0051036
0.00361665
0.00211681
0.0006131
-0.000885609
-0.00237062
-0.00383342
-0.00526573
-0.00665951
-0.00800713
-0.00930151
-0.0105362
-0.0117054
-0.0128041
-0.0138277
-0.0147721
-0.0156342
-0.0164114
-0.0171019
-0.0177051
-0.018221
-0.0186506
-0.0189951
-0.0192566
-0.0194377
-0.0195419
-0.0195732
-0.0195361
-0.0194356
-0.0192772
-0.0190664
-0.0188092
-0.018512
-0.0181813
-0.0178236
-0.0174454
-0.0170526
-0.0166509
-0.0162457
-0.0158421
-0.0154454
-0.0150603
-0.014691
-0.014341
-0.0140126
-0.0137076
-0.0134251
-0.0131644
-0.0129282
-0.0127186
-0.0125349
-0.0123756
-0.0122317
-0.012107
-0.0119981
-0.0119011
-0.0118119
-0.0117199
-0.0116261
-0.0115254
-0.0114128
-0.0112832
-0.0111279
-0.0109461
-0.0107331
-0.0104843
-0.0101949
-0.00985933
-0.00947489
-0.00903843
-0.00854746
-0.00800004
-0.0073974
-0.00673555
-0.00601365
-0.00523144
-0.00438926
-0.00349532
-0.00254411
-0.00153791
-0.000479527
0.000627797
0.00176891
0.00295099
0.00416902
0.00541738
0.00668996
0.00796549
0.00925214
0.0105428
0.0118304
0.0131072
0.0143493
0.0155659
0.0167494
0.017892
0.0189862
0.020008
0.0209669
0.021856
0.0226689
0.0233991
0.0240268
0.0245607
0.0249955
0.0253261
0.0255482
0.0256484
0.0256331
0.0254996
0.0252457
0.0248695
0.0243667
0.023739
0.022986
0.0221078
0.0211051
0.0199843
0.018742
0.01738
0.0159006
0.0143063
0.0126138
0.0108129
0.00890783
0.0069034
0.00480468
0.00263866
0.000389293
-0.00193748
-0.00433535
-0.00679759
-0.00928875
-0.0118296
-0.0144119
-0.0170272
-0.0196612
-0.0222662
-0.0248616
-0.0274343
-0.0299708
-0.0324575
-0.0348471
-0.0371589
-0.0393786
-0.0414919
-0.0434848
-0.0453139
-0.0469951
-0.0485156
-0.0498627
-0.0510245
-0.0519689
-0.0527058
-0.0532253
-0.0535183
-0.0535763
-0.0533843
-0.0529438
-0.0522497
-0.0512981
-0.0500865
-0.0486224
-0.0468969
-0.0449114
-0.0426683
-0.0401713
-0.0374521
-0.0344911
-0.0312964
-0.0278771
-0.0242437
-0.0204507
-0.0164678
-0.0123093
-0.00799073
-0.0035292
0.00100079
0.005637
0.01036
0.0151498
0.0199855
0.0247812
0.029579
0.0343562
0.0390896
0.043756
0.048267
0.0526642
0.0569243
0.0610244
0.0649415
0.0685965
0.0720252
0.0752069
0.0781218
0.080751
0.0830354
0.084999
0.0866263
0.0879033
0.0888175
0.0893401
0.08948
0.0892292
0.0885821
0.0875346
0.0860942
0.0842516
0.0820091
0.0793704
0.0763412
0.0729671
0.0692193
0.0651092
0.0606506
0.0558592
0.0508171
0.0454786
0.0398643
0.0339961
0.0278975
0.0216789
0.0152817
0.00873346
0.00206278
-0.00470107
-0.0114316
-0.0181953
-0.0249615
-0.0316988
-0.0383755
-0.0448624
-0.0512257
-0.0574348
-0.0634596
-0.0692707
-0.0747526
-0.079964
-0.0848778
-0.0894682
-0.0937108
-0.0975182
-0.100935
-0.103941
-0.106522
-0.108661
-0.11031
-0.111493
-0.112201
-0.112426
-0.112164
-0.111413
-0.110173
-0.108447
-0.106239
-0.103558
-0.100451
-0.09689
-0.0928896
-0.088465
-0.0836333
-0.0784854
-0.0729711
-0.0671138
-0.0609381
-0.0544706
-0.0478366
-0.0409671
-0.0338918
-0.026641
-0.0192459
-0.0118515
-0.00437686
0.00314522
0.0106813
0.0181976
0.0255436
0.0328035
0.0399453
0.0469381
0.0537513
0.0602478
0.0665069
0.0725012
0.0782041
0.0835905
0.08855
0.0931478
0.0973641
0.101181
0.104581
0.107493
0.109962
0.111977
0.11353
0.114614
0.115206
0.115325
0.11497
0.114142
0.112847
0.111106
0.108912
0.106274
0.103206
0.0997218
0.0958929
0.091682
0.0871074
0.0821889
0.0769477
0.0714914
0.0657594
0.0597771
0.0535711
0.0471685
0.0407031
0.0340959
0.0273748
0.0205682
0.0137052
0.00693207
0.000160791
-0.00658006
-0.0132626
-0.0198595
-0.0262286
-0.0324595
-0.0385268
-0.0444055
-0.0500718
-0.0554002
-0.0604723
-0.0652685
-0.0697704
-0.0739605
-0.0777432
-0.0811839
-0.0842701
-0.0869911
-0.0893379
-0.0912538
-0.0927828
-0.0939205
-0.0946642
-0.0950126
-0.0949515
-0.0944981
-0.0936568
-0.0924334
-0.0908352
-0.0888913
-0.0865911
-0.0839457
-0.0809674
-0.0776699
-0.074121
-0.0702841
-0.0661765
-0.0618166
-0.0572233
-0.0524957
-0.0475741
-0.0424786
-0.0372301
-0.0318501
-0.0264588
-0.0209805
-0.0154378
-0.00985266
-0.00424686
0.00125207
0.00672947
0.0121645
0.0175361
0.0228233
0.0279014
0.0328552
0.0376662
0.0423171
0.0467915
0.0509817
0.0549656
0.0587296
0.0622613
0.0655487
0.0685091
0.071205
0.073628
0.0757712
0.0776293
0.0791526
0.0803844
0.0813235
0.0819694
0.0823223
0.0823672
0.0821227
0.0815929
0.080783
0.0797001
0.0783652
0.0767735
0.074934
0.072856
0.0705496
0.0680661
0.065377
0.0624952
0.0594345
0.0562093
0.0528965
0.0494488
0.0458808
0.0422073
0.0384428
0.034679
0.0308536
0.0269814
0.0230774
0.0191567
0.015318
0.0114908
0.00768843
0.00392338
0.000207958
-0.0033624
-0.00685923
-0.0102711
-0.013587
-0.0167967
-0.0198155
-0.0227103
-0.0254734
-0.0280973
-0.0305753
-0.0328397
-0.0349469
-0.0368926
-0.0386729
-0.0402843
-0.0416801
-0.0429018
-0.0439482
-0.0448189
-0.0455143
-0.0460113
-0.0463354
-0.046488
-0.0464707
-0.0462853
-0.045931
-0.0454149
-0.0447414
-0.0439155
-0.0429422
-0.0418419
-0.0406039
-0.0392332
-0.0377355
-0.0361168
-0.0344156
-0.0326063
-0.0306951
-0.0286881
-0.0265914
-0.0244568
-0.0222453
-0.0199637
-0.0176188
-0.0152171
-0.0128199
-0.0103782
-0.00789808
-0.00538601
-0.00284887
-0.000354126
0.00215226
0.00466421
0.00717599
0.00968194
0.0121144
0.0145292
0.0169201
0.0192812
0.0216067
0.0238324
0.026012
0.0281403
0.0302118
0.0322209
0.0341102
0.0359264
0.037665
0.0393211
0.04089
0.0423251
0.0436632
0.0448993
0.0460294
0.0470494
0.0479283
0.0486906
0.049333
0.049852
0.0502448
0.0504973
0.0506192
0.0506093
0.0504665
0.0501896
0.0497839
0.0492422
0.0485647
0.0477519
0.0468054
0.0457514
0.0445679
0.0432573
0.0418222
0.0402661
0.0386341
0.0368902
0.0350398
0.0330884
0.0310419
0.028961
0.0267973
0.0245578
0.0222502
0.0198828
0.0175283
0.015131
0.0126974
0.0102331
0.00775138
0.00533409
0.00292778
0.000546535
-0.00179586
-0.00408602
-0.00624799
-0.00833287
-0.0103285
-0.0122234
-0.0140067
-0.0156177
-0.0171
-0.0184463
-0.0196501
-0.0207057
-0.0215746
-0.0222877
-0.0228432
-0.0232402
-0.0234792
-0.0235482
-0.0234639
-0.0232299
-0.0228513
-0.0223341
-0.0216918
-0.0209265
-0.020047
-0.0190629
-0.0179842
-0.0168437
-0.0156297
-0.014354
-0.0130289
-0.0116668
-0.0103121
-0.00894265
-0.00756992
-0.00620536
-0.0048601
-0.00358046
-0.0023384
-0.00114309
-2.87474e-06
0.0010747
0.00204995
0.00295263
0.00377779
0.00452141
0.00518053
0.00572734
0.00618935
0.00656657
0.00685984
0.00707083
0.00718511
0.00722504
0.0071948
0.0070992
0.00694358
0.00672509
0.00645961
0.00615346
0.00581316
0.00544534
0.0050542
0.0046492
0.00423667
0.00382269
0.00341297
0.00301359
0.00262849
0.00226202
0.00191793
0.00159933
0.00131008
0.00105011
0.000820592
0.000622056
0.000454335
0.000317307
0.000208393
0.000125655
6.66207e-05
2.83382e-05
7.4644e-06
1.67703e-07
0
0
0
0
0
0
-0
-0
-0
-0
-0
-0
-0
-0
-0
-0
-0
-0
-0
-0
-0
-0
-0
-0
-0
-0
-0
-0
-0
-0
-0
-0
-0
-0
-0
-0
-0
-0
-0
-0
-0
-0
0
0
0
0
0
0
0
0
0
0
0
0
0
0
0
0
0
0
0
0
0
0
0
0
0
0
0
0
0
0
0
0
0
0
0
0
0
0
0
0
0
0
0
0
0
0
0
0
0
0
0
0
0
-0
-0
-0
-0
-0
-0
-0
-0
-0
-0
-0
-0
-0
-0
-0
-0
-0
-0
-0
-0
-0
-0
-0
-0
-0
-0
-0
-0
-0
-0
-0
-0
-0
-0
-0
-0
-0
-0
-0
-0
0
0
0
0
0
0
0
0
0
0
0
0
0
0
0
0
0
0
0
0
0
0
0
0
0
0
0
0
0
0
0
0
0
0
0
0
0
0
0
0
0
0
0
0
0
0
0
0
0
0
0
0
0
0
0
0
-0
-0
-0
-0
-0
-0
-0
-0
-0
-0
-0
-0
-0
-0
-0
-0
-0
-0
-0
-0
-0
-0
-0
-0
-0
-0
-0
-0
-0
-0
-0
-0
-0
-0
-0
-0
-0
-0
-0
-0
0
0
0
0
0
0
0
0
0
0
0
0
0
0
0
0
0
0
0
0
0
0
0
0
0
0
0
0
0
0
0
0
0
0
0
0
0
0
0
0
0
0
0
0
0
0
0
0
0
0
0
0
0
0
0
0
0
0
0
0
0
0
0
0
0
0
0
0
0
0
0
0
0
0
0
0
0
0
0
0
0
0
0
-0
-0
-0
-0
-0
-0
-0
-0
