0
0
0
0
0
0
0
0
0
0
0
0
0
-0
-0
-0
-0
-0
-0
-0
-0
-0
-0
-0
-0
-0
-0
-0
-0
-0
-0
-0
-0
-0
-0
-0
-0
-0
-0
-0
-0
-0
-0
-0
-0
-0
-0
-0
-0
-0
-0
-0
-0
-0
-0
0
0
0
0
0
0
0
0
9.1234e-07
5.13033e-05
0.000194054
0.000448746
0.000832613
0.00136026
0.00204345
0.00289092
0.00390832
0.00509828
0.00646048
0.00799167
0.00968576
0.0115338
0.0135239
0.0156418
0.0178709
0.0201926
0.0225873
0.0250338
0.02751
0.0299927
0.0324578
0.034881
0.037238
0.0395058
0.0416624
0.0436873
0.0455612
0.047266
0.0487851
0.0501039
0.0512099
0.0520934
0.0527477
0.053169
0.0533565
0.0533126
0.053043
0.0525561
0.0518628
0.0509759
0.0499096
0.0486799
0.0473049
0.045805
0.0442035
0.0425254
0.0407976
0.0390477
0.0373039
0.0355945
0.0339474
0.032389
0.030943
0.0296293
0.0284641
0.0274605
0.0266304
0.0259846
0.0255332
0.0252837
0.0252395
0.025399
0.0257553
0.026298
0.0270138
0.0278874
0.028901
0.0300332
0.0312591
0.0325505
0.0338772
0.0352082
0.0365115
0.0377545
0.0389032
0.0399225
0.0407775
0.0414349
0.041864
0.0420365
0.0419253
0.0415034
0.0407437
0.0396201
0.0381093
0.0361923
0.0338549
0.0310872
0.0278831
0.0242488
0.0201811
0.0156734
0.0107218
0.0053249
-0.000516397
-0.00679848
-0.0135141
-0.0206506
-0.0281889
-0.0361033
-0.0443623
-0.0529309
-0.0617719
-0.0708464
-0.0801129
-0.0895266
-0.0990387
-0.108597
-0.118146
-0.127629
-0.136989
-0.146165
-0.155097
-0.163721
-0.171974
-0.179795
-0.187124
-0.1939
-0.200064
-0.205551
-0.210299
-0.214243
-0.217324
-0.219487
-0.220685
-0.220874
-0.220015
-0.218073
-0.215017
-0.210821
-0.205467
-0.198946
-0.191255
-0.182395
-0.172377
-0.161217
-0.148938
-0.135575
-0.12117
-0.105772
-0.089434
-0.0722146
-0.0541768
-0.03539
-0.0159316
0.00411409
0.0246567
0.0456021
0.0668535
0.0883111
0.109871
0.131427
0.152866
0.174077
0.194947
0.215364
0.235215
0.254387
0.272767
0.290238
0.30669
0.322015
0.336114
0.348895
0.360273
0.37017
0.37851
0.385227
0.390259
0.393559
0.395087
0.394813
0.392721
0.388803
0.383061
0.37551
0.366174
0.355088
0.342299
0.327858
0.311825
0.294268
0.275259
0.254882
0.233226
0.210394
0.186493
0.161644
0.13597
0.109601
0.082667
0.0553008
0.0276351
-0.000196001
-0.0280572
-0.0558124
-0.0833255
-0.110462
-0.137089
-0.163078
-0.1883
-0.21263
-0.235943
-0.258123
-0.279056
-0.298642
-0.316787
-0.333405
-0.348418
-0.361752
-0.373339
-0.383119
-0.391044
-0.397075
-0.401188
-0.403371
-0.403622
-0.401951
-0.398382
-0.392953
-0.385714
-0.376727
-0.366062
-0.353794
-0.340006
-0.324782
-0.308218
-0.290418
-0.271495
-0.251572
-0.230777
-0.209247
-0.187119
-0.164534
-0.141636
-0.118569
-0.0954774
-0.0725041
-0.0497912
-0.0274781
-0.00570163
0.0154061
0.0357179
0.0551125
0.0734737
0.0906896
0.106652
0.121256
0.134403
0.146005
0.155984
0.164278
0.170835
0.17562
0.178608
0.179783
0.179147
0.176711
0.172502
0.166559
0.158934
0.149692
0.138906
0.126665
0.113065
0.0982123
0.0822212
0.0652107
0.0473049
0.0286337
0.00933378
-0.0104506
-0.0305691
-0.0508679
-0.0711923
-0.0913887
-0.111305
-0.130792
-0.149701
-0.167887
-0.185212
-0.201546
-0.216768
-0.230765
-0.243432
-0.254668
-0.264381
-0.272485
-0.278911
-0.2836
-0.286507
-0.287602
-0.286862
-0.284277
-0.27985
-0.273595
-0.265546
-0.255746
-0.244254
-0.231136
-0.216468
-0.200336
-0.182836
-0.164078
-0.144181
-0.123273
-0.101488
-0.0789645
-0.0558474
-0.032287
-0.00844021
0.0155315
0.039465
0.063198
0.086571
0.109427
0.131609
0.152965
0.173341
0.19259
0.210574
0.227159
0.242223
0.255652
0.267337
0.277181
0.285096
0.291009
0.294857
0.296593
0.296179
0.293592
0.288818
0.281857
0.272723
0.261443
0.248057
0.232614
0.215174
0.195812
0.174615
0.151686
0.127144
0.101118
0.0737474
0.0451753
0.0155506
-0.0149718
-0.0462297
-0.0780544
-0.110272
-0.142707
-0.175183
-0.207527
-0.239569
-0.271137
-0.302063
-0.332179
-0.36132
-0.389329
-0.416054
-0.441351
-0.465083
-0.487121
-0.507342
-0.525632
-0.54189
-0.556025
-0.567965
-0.577646
-0.585022
-0.590061
-0.59274
-0.593053
-0.591004
-0.586614
-0.579917
-0.57096
-0.559806
-0.546525
-0.531201
-0.513924
-0.494794
-0.47392
-0.451422
-0.427429
-0.402079
-0.375514
-0.347878
-0.319319
-0.289985
-0.260029
-0.229609
-0.198885
-0.168015
-0.137159
-0.106468
-0.0760906
-0.0461732
-0.0168588
0.0117121
0.0394039
0.0660885
0.0916475
0.115972
0.138961
0.16052
0.180562
0.199006
0.215785
0.230843
0.244137
0.255633
0.265305
0.273134
0.27911
0.28323
0.285507
0.285965
0.28464
0.281575
0.27682
0.270429
0.262462
0.252987
0.242081
0.229826
0.216311
0.201627
0.185868
0.169131
0.151518
0.133135
0.114093
0.0945029
0.0744741
0.0541145
0.0335285
0.0128186
-0.00791364
-0.0285681
-0.0490461
-0.0692519
-0.0890938
-0.108485
-0.127343
-0.145592
-0.163162
-0.179989
-0.196015
-0.211188
-0.225463
-0.238797
-0.251155
-0.262507
-0.272828
-0.282103
-0.29032
-0.297476
-0.303574
-0.308622
-0.312632
-0.315622
-0.31761
-0.318622
-0.318684
-0.31783
-0.316096
-0.313524
-0.310164
-0.306063
-0.301273
-0.295842
-0.289822
-0.283261
-0.276211
-0.268725
-0.260857
-0.252662
-0.244193
-0.2355
-0.226634
-0.217641
-0.208568
-0.199461
-0.190361
-0.181311
-0.17235
-0.163516
-0.154845
-0.146372
-0.138128
-0.130141
-0.122432
-0.115021
-0.107924
-0.101157
-0.0947342
-0.0886705
-0.0829773
-0.0776619
-0.0727267
-0.0681702
-0.063988
-0.0601749
-0.0567257
-0.0536352
-0.0508981
-0.0485076
-0.046455
-0.0447291
-0.0433163
-0.0422005
-0.0413647
-0.0407923
-0.040468
-0.0403785
-0.040512
-0.0408568
-0.0413989
-0.042122
-0.0430073
-0.0440356
-0.0451892
-0.0464532
-0.0478155
-0.0492658
-0.0507935
-0.0523873
-0.054035
-0.0557245
-0.0574451
-0.0591874
-0.0609439
-0.0627081
-0.0644743
-0.0662379
-0.0679952
-0.0697431
-0.0714786
-0.0731983
-0.0748973
-0.0765708
-0.0782148
-0.0798271
-0.0814082
-0.0829598
-0.0844833
-0.0859787
-0.0874436
-0.0888745
-0.090268
-0.0916219
-0.0929355
-0.0942092
-0.095444
-0.0966408
-0.0978005
-0.0989241
-0.100013
-0.101066
-0.102085
-0.103066
-0.104006
-0.104905
-0.105761
-0.106575
-0.107348
-0.108083
-0.108778
-0.10943
-0.110037
-0.110598
-0.11111
-0.111576
-0.111994
-0.112365
-0.112689
-0.112964
-0.11319
-0.113368
-0.113498
-0.113582
-0.113619
-0.11361
-0.113557
-0.113463
-0.113333
-0.113169
-0.112971
-0.112739
-0.112471
-0.112168
-0.111831
-0.111468
-0.111084
-0.110683
-0.110267
-0.109833
-0.109377
-0.108899
-0.1084
-0.107883
-0.107352
-0.106807
-0.10625
-0.10568
-0.105098
-0.104507
-0.103908
-0.103306
-0.1027
-0.102088
-0.10147
-0.100845
-0.100215
-0.0995833
-0.0989517
-0.0983207
-0.0976887
-0.0970541
-0.0964168
-0.095779
-0.095144
-0.0945148
-0.0938921
-0.0932742
-0.0926588
-0.092045
-0.0914346
-0.0908317
-0.0902409
-0.0896652
-0.0891057
-0.0885624
-0.0880354
-0.0875266
-0.087039
-0.0865756
-0.0861381
-0.0857264
-0.0853399
-0.0849794
-0.0846485
-0.0843402
-0.0840249
-0.0837061
-0.0833867
-0.0830673
-0.0827476
-0.0824277
-0.0821094
-0.0817946
-0.0814849
-0.0811802
-0.0808789
-0.0805789
-0.0802784
-0.0799763
-0.0796713
-0.0793613
-0.0790425
-0.0787093
-0.0783556
-0.0779755
-0.0775637
-0.0771153
-0.0766252
-0.0760872
-0.0754946
-0.0748406
-0.0741192
-0.0733257
-0.0724568
-0.0715097
-0.0704819
-0.0693712
-0.0681751
-0.066892
-0.065521
-0.0640622
-0.0625171
-0.0608884
-0.0591798
-0.0573964
-0.0555439
-0.0536284
-0.0516559
-0.0496324
-0.0475637
-0.0454566
-0.0433186
-0.0411588
-0.0389872
-0.0368142
-0.03465
-0.0325043
-0.0303857
-0.0283023
-0.0262618
-0.0242714
-0.0223384
-0.0204699
-0.0186723
-0.0169518
-0.0153138
-0.0137627
-0.012302
-0.0109343
-0.00966132
-0.00848373
-0.00740151
-0.00641375
-0.00551872
-0.00471383
-0.00399561
-0.00335985
-0.00280171
-0.00231587
-0.00189669
-0.00153835
-0.00123487
-0.000980269
-0.000768645
-0.000594262
-0.000451705
-0.000336
-0.000242736
-0.000168169
-0.000109304
-6.39591e-05
-3.08066e-05
-9.41163e-06
-2.5528e-07
-0
-0
-0
-0
-0
-0
-0
-0
-0
-0
-0
-0
-0
-0
-0
-0
-0
-0
-0
-0
-0
-0
-0
-0
-0
-0
-0
-0
-0
-0
-0
-0
-0
-0
-0
-0
-0
-0
-0
-0
-0
-0
-0
-0
-0
-0
-0
-0
-0
-0
-0
-0
-0
-0
-0
-0
-0
-0
-0
-0
-0
-0
-0
-0
0
0
0
0
0
0
0
0
0
0
0
0
0
0
0
0
0
0
0
0
0
0
0
0
0
0
0
0
0
0
0
0
0
0
0
0
0
0
0
0
0
-0
-0
-0
-0
-0
-0
-0
-0
-0
-0
-0
-0
-0
-0
-0
-0
-0
-0
-0
-0
-0
-0
-0
-0
-0
-0
-0
-0
-0
-0
-0
-0
-0
-0
-0
-0
-0
-0
-0
-0
-0
-0
-0
-0
-0
-0
0
0
0
0
0
0
0
0
0
0
0
0
0
0
0
0
0
0
0
0
0
0
0
0
0
0
0
0
0
0
0
0
0
0
0
0
0
0
0
0
0
0
0
0
0
0
0
0
0
0
4.72879e-07
1.75414e-05
5.70667e-05
0.000116204
0.000192098
0.000281944
0.000383044
0.000492883
0.000609172
0.000729884
0.000853268
0.000977862
0.00110252
0.00122644
0.00134927
0.00147104
0.00159226
0.00171384
0.00183708
0.00196363
0.00209552
0.00223518
0.00238542
0.00254946
0.00273082
0.00293329
0.00316092
0.00341791
0.00370861
0.00403751
0.00440919
0.00482844
0.00530009
0.00582899
0.00641995
0.00707756
0.00780638
0.00861065
0.00949436
0.0104612
0.0115143
0.0126566
0.0138899
0.0152156
0.0166339
0.0181446
0.0197472
0.0214409
0.0232245
0.0250962
0.0270533
0.0290917
0.0312066
0.0333921
0.0356422
0.0379503
0.0403095
0.0427122
0.04515
0.0476135
0.0500932
0.0525786
0.0550598
0.0575266
0.0599684
0.0623749
0.0647347
0.0670378
0.0692752
0.0714392
0.0735232
0.0755193
0.0774191
0.0792135
0.0808931
0.0824507
0.0838806
0.0851795
0.0863457
0.0873772
0.0882712
0.0890237
0.0896318
0.0900947
0.0904149
0.090597
0.0906457
0.090565
0.0903577
0.0900266
0.0895774
0.0890547
0.0884788
0.0878564
0.0871927
0.0864904
0.0857517
0.0849785
0.0841745
0.0833456
0.0824978
0.0816399
0.0807778
0.0799158
0.0790567
0.0782018
0.0773571
0.0765274
0.0757175
0.0749313
0.0741689
0.0734362
0.0727364
0.0720733
0.0714508
0.0708681
0.0703304
0.0698377
0.0693894
0.068986
0.0686246
0.0683112
0.0680469
0.0678313
0.0676621
0.0675326
0.0674436
0.0673942
0.0673854
0.0674188
0.0674929
0.0676092
0.067765
0.0679562
0.0681787
0.0684281
0.0687014
0.0689953
0.0693073
0.0696354
0.0699813
0.0703416
0.0707156
0.0711013
0.0714946
0.0718959
0.072292
0.0726771
0.0730482
0.0734049
0.0737587
0.0740999
0.0744278
0.0747399
0.0750324
0.0753161
0.0755743
0.075806
0.0760116
0.0761919
0.0763651
0.0765151
0.0766431
0.0767503
0.0768379
0.0769248
0.0769941
0.077047
0.0770859
0.0771143
0.0771531
0.077191
0.0772321
0.0772795
0.0773358
0.0774144
0.0775091
0.0776252
0.0777688
0.0779449
0.0781587
0.0784101
0.0787001
0.0790306
0.0794056
0.0798203
0.0802915
0.0808247
0.0814236
0.0820898
0.0827989
0.0835746
0.0844163
0.0853241
0.0862982
0.0873003
0.0883686
0.0895021
0.0906982
0.0919528
0.0932094
0.0945126
0.0958555
0.0972307
0.0986309
0.0999896
0.101357
0.102725
0.104082
0.105418
0.10666
0.107859
0.109003
0.110079
0.111074
0.11192
0.112654
0.11326
0.113725
0.114038
0.114153
0.114093
0.113845
0.113396
0.112731
0.111834
0.110703
0.109331
0.107711
0.105841
0.103743
0.101384
0.0987604
0.0958721
0.0927205
0.0893779
0.0857795
0.0819307
0.0778377
0.0735089
0.0690619
0.0644031
0.0595473
0.0545104
0.0493093
0.0440991
0.0387634
0.0333253
0.0278104
0.0222459
0.0168129
0.011386
0.00599276
0.000662135
-0.0045756
-0.00953821
-0.0143441
-0.0189609
-0.0233567
-0.0274995
-0.0312316
-0.0346474
-0.0377157
-0.040406
-0.0426894
-0.0444601
-0.0457719
-0.0466009
-0.0469239
-0.0467186
-0.0459522
-0.0446205
-0.0427105
-0.0402124
-0.0371195
-0.0334935
-0.0292658
-0.0244368
-0.0190108
-0.0129965
-0.0065549
0.000446736
0.00799001
0.0160539
0.0246141
0.0334205
0.0426625
0.0523036
0.0623034
0.072619
0.0829306
0.0934668
0.104178
0.115013
0.125914
0.136527
0.147091
0.157548
0.167841
0.177909
0.187412
0.19657
0.205323
0.21361
0.221373
0.228331
0.234653
0.24029
0.245189
0.249304
0.252461
0.254753
0.256145
0.256609
0.256118
0.254638
0.252161
0.248674
0.244169
0.238646
0.232233
0.224818
0.216415
0.207047
0.196738
0.185772
0.173935
0.161271
0.147828
0.133659
0.119174
0.10408
0.0884447
0.0723401
0.0558437
0.0394538
0.0228329
0.00606264
-0.0107739
-0.0275914
-0.0438737
-0.0599629
-0.0757716
-0.0912134
-0.106203
-0.120275
-0.133731
-0.146494
-0.158488
-0.169638
-0.179594
-0.188574
-0.196519
-0.203375
-0.209096
-0.213503
-0.2167
-0.218661
-0.219365
-0.218798
-0.216981
-0.213883
-0.209508
-0.203871
-0.196997
-0.189115
-0.180065
-0.169891
-0.15864
-0.146365
-0.13347
-0.119677
-0.105061
-0.089701
-0.0736836
-0.0575398
-0.0409133
-0.0238933
-0.00657135
0.010958
0.0281136
0.0452827
0.062368
0.0792729
0.0959014
0.111702
0.127039
0.141823
0.155968
0.169392
0.181651
0.19304
0.203491
0.212942
0.221332
0.228387
0.234287
0.238997
0.242491
0.244752
0.245716
0.245427
0.243885
0.241095
0.237073
0.231972
0.225696
0.218281
0.209773
0.200219
0.189958
0.178767
0.166712
0.153867
0.140309
0.126515
0.112168
0.0973514
0.08215
0.066654
0.0514018
0.036042
0.0206682
0.00537241
-0.00975567
-0.0242026
-0.0383118
-0.0520017
-0.0651922
-0.0778056
-0.0894243
-0.100324
-0.110442
-0.119719
-0.128105
-0.13534
-0.141595
-0.146838
-0.151041
-0.154186
-0.156213
-0.157166
-0.157045
-0.155858
-0.153619
-0.150466
-0.146307
-0.141175
-0.135106
-0.128145
-0.120601
-0.112269
-0.103209
-0.0934859
-0.0831674
-0.0726831
-0.0617482
-0.0504376
-0.0388286
-0.0270006
-0.0154298
-0.00380033
0.00780793
0.0193152
0.0306424
0.0413426
0.0517113
0.0616777
0.0711744
0.0801377
0.0882239
0.095662
0.102401
0.108394
0.1136
0.117829
0.121206
0.123709
0.12532
0.126029
0.125827
0.124713
0.122691
0.119772
0.115972
0.111467
0.106134
0.100008
0.0931284
0.0855393
0.0775675
0.0689883
0.0598582
0.0502366
0.0401856
0.0301281
0.0197696
0.00917638
-0.00158394
-0.0124429
-0.0229482
-0.033419
-0.043791
-0.0540005
-0.0639838
-0.0733278
-0.0823234
-0.0909146
-0.0990495
-0.10668
-0.1135
-0.119733
-0.12534
-0.130287
-0.134543
-0.137946
-0.140616
-0.142543
-0.143719
-0.144141
-0.143816
-0.142736
-0.140907
-0.138337
-0.135043
-0.131194
-0.12667
-0.121499
-0.115715
-0.109357
-0.102729
-0.0956111
-0.0880506
-0.0800959
-0.0717958
-0.0635395
-0.0550323
-0.0463222
-0.0374597
-0.0284982
-0.019859
-0.0112269
-0.00265155
0.00582004
0.0141421
0.021929
0.0294773
0.0367437
0.0436868
0.0502688
0.0561888
0.0616853
0.0667312
0.0712993
0.0753624
0.0787333
0.0815502
0.0837956
0.0854585
0.0865338
0.0869839
0.0868479
0.0861297
0.0848354
0.0829734
0.0806402
0.0777647
0.0743641
0.0704589
0.0660723
0.0614186
0.0563382
0.0508622
0.0450244
0.0388602
0.0326645
0.0262147
0.0195472
0.0126999
0.00571235
-0.00108721
-0.00794753
-0.0148298
-0.0216957
-0.0285077
-0.0349535
-0.0412742
-0.0474366
-0.0534089
-0.0591613
-0.0644405
-0.0694485
-0.074163
-0.0785639
-0.0826323
-0.0862031
-0.0894125
-0.0922507
-0.0947109
-0.0967884
-0.0984224
-0.099671
-0.100536
-0.101022
-0.101136
-0.100918
-0.100345
-0.0994298
-0.0981839
-0.0966232
-0.0948731
-0.0928468
-0.0905665
-0.0880551
-0.0853354
-0.0825868
-0.0796715
-0.0766106
-0.0734278
-0.070149
-0.0669795
-0.0637653
-0.0605287
-0.0572899
-0.0540683
-0.0510499
-0.0480849
-0.0451907
-0.0423846
-0.0396821
-0.0372256
-0.0348954
-0.0327002
-0.0306494
-0.028753
-0.0270931
-0.025604
-0.0242894
-0.0231502
-0.0221855
-0.0214013
-0.0207889
-0.0203479
-0.020077
-0.0199734
-0.0199772
-0.0201305
-0.020414
-0.0208152
-0.0213217
-0.0218218
-0.0224066
-0.0230653
-0.0237857
-0.0245537
-0.0252314
-0.0259304
-0.0266387
-0.0273442
-0.0280351
-0.0285827
-0.0290993
-0.0295776
-0.0300096
-0.0303862
-0.0306101
-0.030766
-0.0308486
-0.0308531
-0.0307753
-0.0305689
-0.0302796
-0.0299085
-0.0294553
-0.028919
-0.0283044
-0.0276083
-0.0268345
-0.025988
-0.0250742
-0.0241459
-0.0231605
-0.0221249
-0.0210462
-0.0199319
-0.0188639
-0.0177725
-0.0166658
-0.0155508
-0.0144341
-0.0134034
-0.0123768
-0.0113606
-0.0103625
-0.00939062
-0.00852593
-0.00769406
-0.0068992
-0.00614484
-0.00543393
-0.00482275
-0.00425245
-0.00372354
-0.00323678
-0.00279305
-0.00242365
-0.00209281
-0.00179926
-0.00154187
-0.00131932
-0.00114056
-0.000989673
-0.000863276
-0.000758452
-0.000672731
-0.000602007
-0.000545432
-0.000500205
-0.000463766
-0.000433756
-0.000401646
-0.000373099
-0.000346243
-0.000319759
-0.000292786
-0.000259749
-0.000227131
-0.000194564
-0.000162013
-0.000129785
-9.68234e-05
-6.69931e-05
-4.11736e-05
-2.04954e-05
-6.30389e-06
-1.30165e-07
-0
-0
-0
-0
-0
-0
-0
-0
-0
-0
-0
-0
-0
-0
-0
-0
-0
-0
-0
-0
-0
-0
-0
-0
-0
-0
-0
-0
-0
-0
-0
-0
-0
-0
-0
-0
-0
-0
-0
-0
-0
-0
-0
-0
-0
-0
-0
-0
-0
-0
-0
-0
-0
-0
-0
-0
-0
-0
-0
-0
-0
-0
-0
