-0
-0
-0
-0
-0
-0
-0
-0
-0
-0
-0
-0
-0
-0
-0
-0
-0
-0
-0
-0
-0
-0
-0
-0
-0
-0
-0
-0
-0
-0
-0
-0
-0
-0
-0
-0
0
0
0
0
0
0
0
0
0
0
0
0
0
0
0
0
0
0
0
0
0
0
0
0
0
0
0
0
0
0
0
0
0
0
0
0
0
0
0
0
0
0
0
0
0
0
0
0
0
-0
-0
-0
-0
-0
-0
-0
-0
-0
-0
-0
-0
-0
-0
-0
-0
-0
-0
-0
-0
-0
-0
-0
-0
-0
-0
-0
-0
-1.35153e-05
-7.66059e-05
-0.000185399
-0.000331956
-0.00050685
-0.000699306
-0.00089737
-0.00108809
-0.0012577
-0.00139186
-0.00147585
-0.0014948
-0.00143392
-0.00127877
-0.00101544
-0.000630873
-0.00011308
0.000548616
0.00136336
0.00233859
0.00347987
0.00479078
0.0062727
0.00792472
0.0097435
0.0117232
0.0138555
0.0161295
0.0185321
0.0210478
0.0236589
0.0263456
0.029086
0.0318565
0.0346317
0.0373848
0.0400878
0.0427115
0.0452262
0.0476019
0.0498087
0.051817
0.0535977
0.0551229
0.0563653
0.0572993
0.0579008
0.0581482
0.0580222
0.0575065
0.0565879
0.0552559
0.0535033
0.051326
0.0487231
0.0456975
0.0422559
0.0384087
0.0341698
0.029557
0.0245914
0.019297
0.0137013
0.00783444
0.00172918
-0.00457912
-0.0110529
-0.0176524
-0.024336
-0.0310603
-0.0377811
-0.044453
-0.051031
-0.0574704
-0.0637271
-0.0697584
-0.0755225
-0.0809793
-0.0860905
-0.09082
-0.0951343
-0.099003
-0.102399
-0.105298
-0.107681
-0.109531
-0.110834
-0.111582
-0.11177
-0.111395
-0.110483
-0.109081
-0.107199
-0.104843
-0.102026
-0.0987603
-0.0950593
-0.0909393
-0.0864175
-0.0815128
-0.0762459
-0.0706389
-0.0647159
-0.058502
-0.0520237
-0.0453076
-0.0383809
-0.0312712
-0.0240063
-0.0166148
-0.00912592
-0.0015698
0.00602292
0.0136214
0.0211951
0.0287139
0.0361479
0.043468
0.050645
0.0576501
0.0644544
0.07103
0.0773496
0.0833868
0.0891165
0.0945149
0.0995594
0.104229
0.108504
0.112366
0.115798
0.118786
0.121313
0.123367
0.124936
0.126011
0.126585
0.126652
0.12621
0.125258
0.123796
0.121825
0.119348
0.116372
0.112903
0.108954
0.104536
0.0996651
0.0943569
0.0886284
0.0824981
0.0759861
0.0691146
0.0619082
0.0543931
0.0465972
0.0385494
0.0302798
0.0218192
0.0131993
0.00445284
-0.00438663
-0.0132847
-0.0222063
-0.0311156
-0.039976
-0.0487509
-0.0574034
-0.0658973
-0.0741969
-0.0822675
-0.0900748
-0.0975849
-0.104764
-0.11158
-0.118001
-0.123995
-0.129536
-0.134595
-0.139151
-0.143179
-0.146661
-0.149578
-0.151911
-0.153645
-0.154767
-0.155265
-0.155132
-0.154363
-0.152956
-0.150914
-0.14824
-0.14494
-0.14102
-0.136492
-0.131368
-0.125666
-0.119407
-0.112616
-0.105321
-0.0975492
-0.089331
-0.0806972
-0.0716803
-0.0623157
-0.0526412
-0.0426975
-0.0325267
-0.0221719
-0.0116763
-0.00108332
0.00956383
0.0202212
0.0308441
0.0413867
0.0518028
0.0620458
0.0720694
0.0818284
0.0912788
0.100378
0.109085
0.117359
0.125164
0.132461
0.139216
0.145396
0.150969
0.155908
0.160191
0.163795
0.166704
0.168904
0.170385
0.171137
0.171156
0.17044
0.168991
0.166813
0.163917
0.160314
0.156022
0.15106
0.145451
0.139218
0.132388
0.124989
0.117052
0.108613
0.0997088
0.0903813
0.080673
0.0706275
0.060289
0.0497018
0.0389109
0.027963
0.0169062
0.00579028
-0.00533405
-0.0164163
-0.0274072
-0.0382591
-0.0489259
-0.0593633
-0.0695277
-0.0793761
-0.0888665
-0.0979576
-0.10661
-0.114788
-0.122458
-0.12959
-0.136159
-0.142141
-0.147514
-0.15226
-0.156361
-0.159802
-0.162572
-0.164665
-0.166079
-0.166814
-0.166876
-0.166269
-0.165003
-0.163088
-0.160537
-0.157367
-0.153598
-0.149254
-0.144362
-0.138951
-0.133051
-0.126693
-0.119909
-0.112733
-0.105199
-0.097346
-0.0892113
-0.0808354
-0.0722595
-0.0635247
-0.0546722
-0.0457425
-0.0367756
-0.027811
-0.018888
-0.0100459
-0.00132396
0.00723922
0.0156062
0.0237413
0.0316109
0.0391838
0.0464305
0.0533232
0.0598356
0.0659428
0.0716222
0.0768529
0.0816168
0.0858982
0.0896839
0.0929632
0.0957279
0.0979725
0.0996938
0.100891
0.101566
0.101722
0.101366
0.100504
0.0991473
0.0973083
0.0950018
0.0922449
0.0890564
0.0854563
0.081466
0.077108
0.0724061
0.0673851
0.0620715
0.0564928
0.0506775
0.0446553
0.0384563
0.0321112
0.0256508
0.0191058
0.0125063
0.00588236
-0.000736708
-0.00732161
-0.0138432
-0.0202725
-0.0265812
-0.0327416
-0.0387274
-0.0445138
-0.0500773
-0.0553959
-0.060449
-0.0652174
-0.0696834
-0.0738313
-0.077647
-0.0811181
-0.0842337
-0.0869844
-0.0893621
-0.0913603
-0.0929745
-0.0942022
-0.0950433
-0.0954995
-0.0955747
-0.0952748
-0.0946073
-0.0935816
-0.0922089
-0.0905019
-0.0884747
-0.0861429
-0.0835228
-0.080632
-0.0774888
-0.0741126
-0.070524
-0.066744
-0.0627942
-0.0586965
-0.0544731
-0.050146
-0.0457378
-0.0412709
-0.0367679
-0.0322512
-0.0277429
-0.0232645
-0.018837
-0.0144809
-0.0102157
-0.00606041
-0.00203305
0.00184946
0.00557129
0.00911775
0.0124753
0.0156315
0.0185752
0.0212967
0.0237874
0.0260404
0.02805
0.0298119
0.0313228
0.032581
0.0335859
0.0343384
0.0348409
0.0350972
0.0351122
0.034892
0.0344435
0.033775
0.0328955
0.0318154
0.0305457
0.0290984
0.0274859
0.0257212
0.0238175
0.0217888
0.0196492
0.0174131
0.0150954
0.0127107
0.0102735
0.00779833
0.0052993
0.00279029
0.000284835
-0.0022039
-0.00466321
-0.00708086
-0.00944513
-0.0117449
-0.0139697
-0.0161098
-0.0181567
-0.0201023
-0.0219397
-0.0236626
-0.0252655
-0.0267434
-0.0280927
-0.0293104
-0.0303948
-0.0313454
-0.0321623
-0.0328462
-0.0333985
-0.0338212
-0.034117
-0.0342896
-0.0343435
-0.0342839
-0.0341163
-0.0338469
-0.0334817
-0.0330275
-0.0324912
-0.0318805
-0.0312031
-0.030467
-0.0296801
-0.02885
-0.0279844
-0.0270909
-0.0261768
-0.0252496
-0.0243167
-0.0233849
-0.0224609
-0.0215508
-0.0206605
-0.0197954
-0.0189605
-0.0181603
-0.0173986
-0.0166789
-0.0160041
-0.0153769
-0.0147997
-0.0142743
-0.0138024
-0.0133848
-0.0130219
-0.0127134
-0.0124586
-0.0122565
-0.0121057
-0.0120045
-0.0119508
-0.0119423
-0.0119764
-0.0120503
-0.012161
-0.0123054
-0.0124803
-0.0126819
-0.0129068
-0.0131512
-0.0134114
-0.0136839
-0.0139653
-0.014252
-0.0145406
-0.0148275
-0.0151094
-0.015383
-0.0156455
-0.0158941
-0.0161263
-0.0163401
-0.0165331
-0.0167036
-0.0168498
-0.0169703
-0.0170639
-0.0171294
-0.0171662
-0.0171738
-0.0171519
-0.0171005
-0.0170198
-0.0169102
-0.0167721
-0.016606
-0.0164129
-0.0161938
-0.01595
-0.0156831
-0.0153945
-0.0150861
-0.0147594
-0.0144165
-0.0140594
-0.01369
-0.0133104
-0.0129225
-0.0125278
-0.0121279
-0.0117245
-0.011319
-0.0109134
-0.0105094
-0.0101089
-0.00971333
-0.00932385
-0.0089415
-0.0085672
-0.00820182
-0.00784613
-0.00750088
-0.0071667
-0.00684424
-0.00653416
-0.00623714
-0.00595376
-0.00568439
-0.00542909
-0.00518772
-0.00496007
-0.00474617
-0.00454633
-0.00436109
-0.00419096
-0.00403612
-0.00389636
-0.00377118
-0.00366004
-0.00356264
-0.00347894
-0.00340905
-0.00335295
-0.00331037
-0.00328085
-0.00326395
-0.00325956
-0.0032679
-0.00328948
-0.00332477
-0.00337397
-0.003437
-0.00351367
-0.00360392
-0.003708
-0.00382641
-0.00395972
-0.00410826
-0.00427206
-0.00445096
-0.00464475
-0.00485342
-0.00507714
-0.00531612
-0.00557048
-0.00584006
-0.00612449
-0.00642325
-0.00673577
-0.00706147
-0.00739962
-0.0077493
-0.00810935
-0.00847848
-0.00885538
-0.00923878
-0.00962746
-0.0100201
-0.0104151
-0.0108108
-0.0112052
-0.0115965
-0.0119828
-0.0123625
-0.0127337
-0.0130943
-0.0134419
-0.0137741
-0.0140882
-0.0143818
-0.0146529
-0.0148994
-0.0151196
-0.0153117
-0.0154739
-0.0156046
-0.0157019
-0.0157639
-0.0157888
-0.0157749
-0.0157206
-0.0156182
-0.0154646
-0.0152599
-0.0150046
-0.0146993
-0.0143449
-0.0139424
-0.0134935
-0.0130003
-0.0124655
-0.0118921
-0.0112831
-0.0106416
-0.00997088
-0.00927436
-0.00855595
-0.00781996
-0.00707092
-0.00631337
-0.00555175
-0.00479041
-0.00403381
-0.00328653
-0.00255328
-0.00183864
-0.00114684
-0.000481565
0.000153977
0.000756868
0.00132431
0.00185357
0.00234212
0.00278785
0.00318923
0.00354527
0.00385545
0.00411944
0.00433711
0.00450859
0.00463441
0.00471567
0.00475405
0.00475168
0.00471092
0.00463422
0.00452408
0.00438313
0.00421425
0.00402064
0.0038057
0.00357301
0.00332611
0.00306845
0.00280338
0.00253413
0.00226386
0.00199563
0.00173233
0.00147663
0.00123095
0.000997432
0.000777964
0.000574158
0.000387349
0.000218578
6.85761e-05
-6.22385e-05
-0.000173754
-0.000266149
-0.000339882
-0.000395669
-0.000434467
-0.000457444
-0.000465951
-0.000461488
-0.000445682
-0.000420262
-0.000387031
-0.000347842
-0.000304559
-0.000259017
-0.000212992
-0.000168169
-0.000126118
-8.82739e-05
-5.5919e-05
-3.01602e-05
-1.19119e-05
-1.8786e-06
-0
-0
-0
-0
-0
-0
-0
-0
-0
-0
-0
-0
-0
-0
-0
-0
-0
-0
-0
-0
-0
-0
-0
-0
-0
-0
-0
0
0
0
0
0
0
0
0
0
0
0
0
0
0
0
0
0
0
0
0
0
0
0
0
0
0
0
0
0
0
0
0
0
0
0
0
0
0
0
0
0
0
0
0
0
0
0
0
0
0
0
0
0
0
0
0
0
0
0
0
0
0
0
0
-0
-0
-0
-0
-0
-0
-0
-0
-0
-0
-0
-0
-2.33177e-07
-1.55846e-06
-4.14707e-06
-8.06235e-06
-1.33214e-05
-1.98942e-05
-2.77049e-05
-3.66341e-05
-4.65202e-05
-5.71574e-05
-6.82918e-05
-7.96191e-05
-9.07869e-05
-0.000101401
-0.000111033
-0.000119221
-0.000125472
-0.000129249
-0.000129972
-0.000127025
-0.000119757
-0.000107512
-8.96263e-05
-6.54361e-05
-3.42663e-05
4.58371e-06
5.18277e-05
0.000108177
0.000174315
0.000250866
0.000338399
0.00043741
0.000548334
0.000671537
0.000807309
0.000955865
0.00111732
0.0012917
0.00147893
0.00167885
0.00189122
0.00211567
0.00235169
0.00259862
0.00285567
0.00312193
0.00339642
0.00367808
0.0039658
0.00425832
0.00455427
0.00485216
0.0051504
0.00544736
0.00574139
0.00603081
0.00631391
0.00658892
0.00685408
0.00710764
0.00734796
0.00757352
0.0077829
0.00797471
0.00814755
0.00829996
0.00843051
0.00853795
0.00862129
0.00867989
0.00871329
0.0087212
0.00870337
0.00865953
0.00858952
0.00849333
0.00837122
0.00822378
0.00805182
0.0078563
0.00763822
0.00739868
0.00713889
0.00686026
0.00656436
0.00625293
0.00592775
0.00559064
0.00524337
0.00488776
0.00452659
0.00416349
0.0038
0.00343757
0.00307744
0.00272101
0.00236954
0.00202431
0.00168671
0.00135797
0.00103959
0.000732783
0.000438577
0.000157883
-0.000108677
-0.000360038
-0.000595343
-0.000813753
-0.00101449
-0.00119712
-0.00136074
-0.00150473
-0.00162845
-0.0017313
-0.00181303
-0.00187291
-0.00191068
-0.00192618
-0.00191933
-0.00189032
-0.00183875
-0.00176454
-0.00166772
-0.00154847
-0.00140736
-0.00124466
-0.00106092
-0.000856704
-0.000632591
-0.000389276
-0.000127407
0.000152164
0.000448459
0.000760408
0.00108703
0.00142703
0.00177921
0.00214235
0.00251514
0.00289665
0.00328516
0.00367936
0.00407793
0.00447959
0.00488365
0.00528797
0.00569099
0.00609107
0.00648658
0.00687689
0.00725939
0.00763254
0.00799485
0.0083449
0.0086826
0.00900552
0.00931255
0.00960266
0.0098748
0.0101292
0.0103636
0.0105769
0.0107682
0.010937
0.011084
0.0112079
0.0113085
0.0113857
0.0114393
0.0114702
0.0114775
0.0114613
0.0114223
0.0113612
0.0112791
0.0111765
0.0110544
0.0109135
0.0107549
0.0105792
0.010388
0.0101825
0.00996405
0.00973388
0.00949198
0.00924119
0.00898313
0.00871953
0.00845213
0.00818027
0.00790791
0.00763651
0.00736743
0.00710203
0.00683834
0.00658112
0.00633173
0.00609147
0.00586147
0.00563873
0.00542815
0.00523051
0.00504652
0.00487679
0.00471762
0.00457374
0.00444552
0.00433322
0.00423696
0.00415278
0.00408429
0.00403106
0.00399254
0.00396813
0.00395438
0.0039536
0.00396515
0.0039882
0.00402168
0.00406317
0.00411242
0.00416802
0.00422864
0.00429301
0.004361
0.00443021
0.00449928
0.00456671
0.00463096
0.00469425
0.00475132
0.00480077
0.00484125
0.00487154
0.00489695
0.00491003
0.00490991
0.00489588
0.00486732
0.0048325
0.00478217
0.004716
0.00463379
0.00453549
0.00443156
0.00431193
0.00417704
0.00402747
0.00386398
0.00369824
0.00352057
0.00333214
0.0031342
0.00292808
0.0027249
0.00251655
0.00230476
0.00209152
0.00187897
0.00167644
0.00147907
0.00128911
0.00110882
0.000940521
0.000789619
0.000655352
0.000539995
0.000445743
0.000374687
0.000326768
0.000305905
0.000313872
0.000352328
0.000422791
0.00051888
0.000649502
0.000815647
0.00101809
0.00125738
0.00152051
0.00182072
0.00215772
0.00253099
0.00293982
0.00336545
0.00382464
0.00431597
0.00483759
0.00538727
0.00594171
0.00651887
0.0071159
0.00772982
0.00835751
0.00897443
0.00959819
0.010225
0.0108507
0.0114712
0.0120634
0.0126421
0.0132031
0.0137419
0.0142541
0.0147214
0.0151534
0.0155459
0.0158951
0.0161969
0.0164412
0.016631
0.016763
0.0168342
0.016842
0.0167868
0.0166636
0.0164705
0.016206
0.0158685
0.0154702
0.0149981
0.0144524
0.0138338
0.0131434
0.0124047
0.0115972
0.0107228
0.00978431
0.00878474
0.00775748
0.0066767
0.00554664
0.00437186
0.00315731
0.00194262
0.000698936
-0.000567986
-0.0018522
-0.00314757
-0.00441271
-0.00567619
-0.00693127
-0.00817102
-0.00938842
-0.0105451
-0.0116657
-0.0127435
-0.0137718
-0.014744
-0.0156301
-0.0164472
-0.0171896
-0.0178515
-0.0184279
-0.0189019
-0.0192806
-0.0195596
-0.0197347
-0.0198026
-0.0197627
-0.0196105
-0.0193441
-0.0189624
-0.0184646
-0.0178679
-0.0171552
-0.0163275
-0.0153867
-0.0143353
-0.0132084
-0.0119774
-0.0106463
-0.00921951
-0.00770233
-0.00614418
-0.00450782
-0.0028
-0.00102788
0.000801042
0.00262802
0.0044956
0.00639504
0.0083172
0.0102526
0.0121394
0.0140205
0.0158862
0.017727
0.0195328
0.021246
0.0229049
0.0245001
0.0260227
0.0274638
0.0287779
0.0299939
0.0311035
0.0320992
0.0329736
0.0336988
0.03429
0.0347418
0.0350495
0.0352091
0.035216
0.0350687
0.0347655
0.0343051
0.0336868
0.0329305
0.0320172
0.0309485
0.0297271
0.0283563
0.0268808
0.0252654
0.0235159
0.0216385
0.0196401
0.0175848
0.0154239
0.0131664
0.0108219
0.00840055
0.005981
0.00350602
0.000986495
-0.00156642
-0.00414119
-0.00665417
-0.00916484
-0.0116607
-0.014129
-0.0165571
-0.0188655
-0.0211098
-0.0232788
-0.0253615
-0.0273471
-0.02917
-0.0308748
-0.0324514
-0.0338899
-0.0351815
-0.0362822
-0.0372207
-0.0379909
-0.0385876
-0.0390065
-0.0392323
-0.039273
-0.0391257
-0.0387879
-0.0382583
-0.0375519
-0.0366549
-0.0355702
-0.0343014
-0.0328533
-0.0312711
-0.0295193
-0.0276031
-0.0255291
-0.0233047
-0.0210018
-0.0185677
-0.0160134
-0.0133503
-0.0105898
-0.00782137
-0.00497842
-0.00207282
0.000882769
0.0038749
0.00680433
0.00974218
0.0126745
0.0155875
0.018468
0.0212201
0.0239143
0.0265382
0.0290792
0.0315249
0.0337912
0.0359381
0.0379548
0.0398317
0.0415605
0.0430813
0.0444397
0.0456294
0.0466441
0.0474782
0.0480999
0.0485325
0.0487742
0.0488245
0.0486839
0.0483547
0.0478374
0.0471337
0.0462457
0.0451765
0.0439594
0.0425708
0.0410173
0.0393066
0.0374468
0.0355004
0.0334221
0.0312207
0.0289056
0.0264869
0.0240482
0.021528
0.0189381
0.0162905
0.0135972
0.0109539
0.00828866
0.00561293
0.00293823
0.000276099
-0.0022762
-0.00479331
-0.00726425
-0.00967836
-0.0120254
-0.0142169
-0.0163231
-0.0183361
-0.0202486
-0.0220536
-0.02368
-0.0251859
-0.0265653
-0.0278125
-0.0289227
-0.0298486
-0.030631
-0.0312681
-0.0317589
-0.0321026
-0.0322798
-0.0323088
-0.03219
-0.0319241
-0.0315133
-0.0309677
-0.0302841
-0.0294669
-0.0285206
-0.0274499
-0.026291
-0.0250174
-0.0236347
-0.0221494
-0.0205685
-0.0189519
-0.0172549
-0.0154851
-0.0136501
-0.0117573
-0.00988144
-0.0079627
-0.00600881
-0.0040278
-0.0020279
-9.28975e-05
0.0018449
0.00377795
0.00569896
0.0076009
0.00940052
0.0111676
0.0128955
0.0145778
0.0162082
0.0177106
0.0191495
0.0205197
0.0218167
0.023036
0.0241169
0.0251129
0.0260208
0.0268379
0.0275615
0.0281505
0.0286419
0.029034
0.0293262
0.0295182
0.0295927
0.0295678
0.0294442
0.0292225
0.0289037
0.0284943
0.0279907
0.027395
0.0267103
0.0259399
0.0251151
0.0242115
0.0232325
0.0221816
0.0210626
0.0199269
0.0187319
0.0174824
0.0161833
0.0148393
0.0135171
0.0121594
0.0107709
0.00935636
0.00792093
0.00654026
0.005149
0.00375231
0.00235549
0.00096387
-0.000345084
-0.00163844
-0.00291136
-0.0041592
-0.0053775
-0.00649545
-0.00757542
-0.0086133
-0.00960502
-0.0105466
-0.0113805
-0.0121575
-0.0128747
-0.0135296
-0.0141196
-0.0146064
-0.0150235
-0.0153686
-0.0156401
-0.0158364
-0.0159429
-0.0159724
-0.0159182
-0.0157774
-0.0155504
-0.0152489
-0.014864
-0.0143982
-0.0138545
-0.0132368
-0.0125819
-0.0118619
-0.0110818
-0.010247
-0.00936304
-0.00848526
-0.00756872
-0.00661937
-0.00564354
-0.00464797
-0.00369923
-0.0027432
-0.00178668
-0.000836328
0.000101442
0.000959618
0.00179547
0.00260372
0.00337929
0.00411731
0.00475892
0.00535675
0.00590756
0.0064087
0.00685806
0.0072122
0.00751398
0.00776284
0.00795854
0.00810126
0.00816528
0.00817971
0.00814626
0.008067
0.00794429
0.00776976
0.00755808
0.00731246
0.00703633
0.00673335
0.00640882
0.00606491
0.00570544
0.00533415
0.00495474
0.00458045
0.0042043
0.00382972
0.00346
0.00309818
0.00275983
0.00243312
0.0021203
0.00182341
0.00154423
0.00129629
0.00106692
0.000856948
0.000666916
0.000497088
0.000356361
0.000234006
0.000129663
4.27587e-05
-2.7498e-05
-7.70431e-05
-0.000113377
-0.000137733
-0.000151437
-0.000155885
-0.000150495
-0.000139506
-0.000124315
-0.000106294
-8.67716e-05
-6.65944e-05
-4.76037e-05
-3.07822e-05
-1.69874e-05
-6.93943e-06
-1.20791e-06
-0
-0
-0
-0
-0
-0
-0
-0
-0
-0
-0
-0
-0
-0
-0
-0
-0
-0
-0
-0
-0
-0
-0
-0
-0
-0
-0
0
0
0
0
0
0
0
0
0
0
0
0
0
0
0
0
0
0
0
0
0
0
0
0
0
0
0
0
0
0
0
0
0
0
0
0
0
0
0
0
0
-0
-0
-0
-0
-0
-0
-0
-0
-0
-0
-0
-0
-0
-0
-0
-0
-0
-0
-0
-0
-0
-0
-0
-0
-0
-0
-0
-0
-0
-0
-0
-0
-0
-0
-0
-0
-0
-0
-0
-0
-0
-0
-0
-0
-0
