-0
-0
-0
-0
-0
-0
-0
-0
-0
-0
-0
-0
-0
-0
-0
0
0
0
0
0
0
0
0
0
0
0
0
0
0
0
0
0
0
0
0
0
0
0
0
0
0
0
0
0
0
0
0
0
0
0
0
0
0
0
0
0
0
0
0
0
0
0
0
0
0
0
0
0
0
0
0
0
0
0
0
0
0
0
-0
-0
-0
-0
-0
-0
-0
-0
-0
-0
-0
-0
-0
-0
-0
-0
-0
-0
-0
-0
-0
-0
-0
-0
-0
-0
-0
-0
-0
-0
-0
-0
-0
-0
-0
-0
-0
-0
-0
-0
-0
-0
-0
-0
-0
-0
-0
-0
-0
-0
-0
-0
0
0
0
0
0
0
0
0
0
0
0
0
0
0
0
0
0
0
0
0
0
0
0
0
0
0
0
0
0
0
0
0
0
0
0
0
0
0
0
0
0
0
0
0
0
0
0
0
0
0
0
0
0
0
0
0
0
0
0
0
0
0
0
0
0
0
0
0
0
0
0
0
0
0
0
0
0
0
0
-0
-0
-0
-0
-0
-0
-0
-0
-0
-0
-0
-0
-0
-0
-0
-0
-0
-0
-0
-0
-0
-0
-0
-0
-0
-0
-0
-0
-0
-0
-0
-0
-0
-0
-0
-0
-0
-0
-0
-0
-0
-0
-0
-0
-0
-0
-0
-0
-0
-0
0
0
0
0
0
0
0
0
0
0
0
0
0
0
0
0
0
0
0
0
0
0
0
0
0
0
0
0
0
0
0
0
0
0
0
0
0
0
0
0
0
0
0
0
0
0
0
0
0
0
-0
-0
-0
-0
-0
-0
-0
-0
-0
-0
-0
-0
-0
-3.34643e-07
-1.38478e-05
-4.95235e-05
-0.000110379
-0.000199048
-0.000317753
-0.000468294
-0.000652035
-0.000869888
-0.00112228
-0.0014091
-0.00172971
-0.00208291
-0.00246697
-0.00287967
-0.00331832
-0.00377975
-0.00426031
-0.00475584
-0.0052617
-0.0057728
-0.00628359
-0.00678812
-0.00728005
-0.00775274
-0.00819935
-0.00861297
-0.00898664
-0.00931335
-0.00958594
-0.00979714
-0.00993959
-0.0100062
-0.00999009
-0.00988524
-0.00968603
-0.00938725
-0.00898403
-0.00847178
-0.00784637
-0.00710443
-0.00624343
-0.00526174
-0.00415856
-0.0029339
-0.00158876
-0.000125442
0.00145232
0.0031394
0.00492964
0.00681623
0.00879179
0.0108481
0.0129756
0.0151629
0.017397
0.0196641
0.0219506
0.0242437
0.0265312
0.0288005
0.0310381
0.0332283
0.0353547
0.0374005
0.0393505
0.0411907
0.0429089
0.044493
0.0459306
0.0472091
0.0483163
0.0492412
0.0499753
0.0505117
0.0508453
0.0509715
0.0508866
0.0505878
0.0500743
0.049347
0.0484091
0.0472648
0.0459197
0.0443796
0.0426515
0.040744
0.0386673
0.0364332
0.0340545
0.0315452
0.028931
0.0262256
0.0234379
0.0205772
0.0176531
0.0146761
0.0116564
0.00860473
0.00553177
0.00244849
-0.000634174
-0.00370563
-0.00675599
-0.00977616
-0.0127575
-0.0156914
-0.0185687
-0.02138
-0.0241161
-0.0267686
-0.0293304
-0.0317957
-0.0341595
-0.0364169
-0.0385624
-0.0405902
-0.0424949
-0.0442719
-0.0459183
-0.0474328
-0.0488148
-0.0500641
-0.0511799
-0.052161
-0.0530061
-0.0537141
-0.0542847
-0.0547188
-0.055018
-0.0551848
-0.0552223
-0.0551342
-0.0549245
-0.0545975
-0.0541571
-0.0536067
-0.0529491
-0.0521867
-0.0513225
-0.0503601
-0.0493045
-0.0481608
-0.0469345
-0.0456297
-0.0442494
-0.0427958
-0.041271
-0.0396782
-0.0380218
-0.0363072
-0.0345398
-0.0327241
-0.0308638
-0.0289615
-0.0270199
-0.0250425
-0.0230333
-0.0209969
-0.0189375
-0.0168589
-0.0147638
-0.012655
-0.0105353
-0.00840775
-0.00627556
-0.00414193
-0.00201001
0.000116717
0.002234
0.00433665
0.00641901
0.00847583
0.0105031
0.0124982
0.0144594
0.0163843
0.0182689
0.0201074
0.0218929
0.0236187
0.0252801
0.0268739
0.0283987
0.0298527
0.0312332
0.0325361
0.0337562
0.0348888
0.0359299
0.0368766
0.0377267
0.0384782
0.0391289
0.0396773
0.0401217
0.0404612
0.0406948
0.0408211
0.0408381
0.0407439
0.0405375
0.0402199
0.0397941
0.0392648
0.0386367
0.0379137
0.0370984
0.0361928
0.0351993
0.034122
0.032967
0.0317415
0.0304526
0.0291068
0.0277089
0.0262634
0.0247748
0.023249
0.021693
0.0201146
0.0185214
0.0169201
0.015316
0.013713
0.0121142
0.0105221
0.00893902
0.00736664
0.00580656
0.00426018
0.00272895
0.0012145
-0.000281432
-0.00175742
-0.00321284
-0.00464833
-0.00606594
-0.00746877
-0.00886044
-0.0102443
-0.0116233
-0.0129998
-0.0143764
-0.0157567
-0.0171454
-0.0185482
-0.0199715
-0.0214205
-0.0228989
-0.0244083
-0.0259494
-0.0275221
-0.0291277
-0.0307684
-0.0324474
-0.0341675
-0.0359298
-0.0377332
-0.0395743
-0.0414482
-0.0433503
-0.0452765
-0.0472232
-0.0491867
-0.0511621
-0.0531421
-0.0551174
-0.0570768
-0.0590081
-0.0608994
-0.0627387
-0.0645139
-0.0662129
-0.0678227
-0.0693296
-0.0707195
-0.0719779
-0.0730899
-0.0740399
-0.074812
-0.0753896
-0.0757571
-0.0758999
-0.0758058
-0.0754643
-0.074866
-0.0740013
-0.0728595
-0.0714295
-0.0697003
-0.0676634
-0.0653143
-0.0626526
-0.0596813
-0.0564045
-0.052826
-0.0489481
-0.044773
-0.0403042
-0.0355493
-0.0305209
-0.0252365
-0.0197165
-0.0139822
-0.00805365
-0.00194981
0.00431069
0.0107074
0.0172161
0.0238081
0.0304511
0.0371106
0.0437523
0.050344
0.0568555
0.0632581
0.0695231
0.0756194
0.0815135
0.0871693
0.09255
0.0976199
0.102347
0.106703
0.110663
0.114203
0.117301
0.119934
0.122077
0.123708
0.124806
0.125356
0.125347
0.124772
0.12363
0.121919
0.119641
0.116795
0.113386
0.109419
0.104905
0.0998561
0.0942921
0.0882355
0.0817121
0.0747499
0.0673784
0.0596275
0.0515285
0.0431142
0.03442
0.0254843
0.0163486
0.00705711
-0.00234453
-0.0118102
-0.021294
-0.0307509
-0.0401368
-0.0494083
-0.0585228
-0.0674383
-0.076113
-0.0845051
-0.0925726
-0.100273
-0.107566
-0.114408
-0.120763
-0.126596
-0.131875
-0.136575
-0.140673
-0.144152
-0.146999
-0.149203
-0.150758
-0.151661
-0.151912
-0.151515
-0.150475
-0.148803
-0.146511
-0.143615
-0.140133
-0.136087
-0.131502
-0.126404
-0.120823
-0.114789
-0.108336
-0.101501
-0.0943205
-0.0868344
-0.0790822
-0.0711046
-0.0629425
-0.0546377
-0.0462324
-0.0377689
-0.0292896
-0.0208361
-0.0124491
-0.00416819
0.00396799
0.0119222
0.0196584
0.0271423
0.0343413
0.0412251
0.0477658
0.0539377
0.0597179
0.0650859
0.0700236
0.0745156
0.0785488
0.0821127
0.0851995
0.0878038
0.0899229
0.0915568
0.0927083
0.0933827
0.0935881
0.0933349
0.0926357
0.0915052
0.0899602
0.0880191
0.0857018
0.08303
0.0800264
0.0767152
0.0731215
0.0692712
0.0651907
0.0609068
0.0564467
0.0518375
0.0471068
0.0422822
0.0373911
0.0324611
0.0275188
0.0225903
0.0177001
0.0128715
0.00812669
0.00348637
-0.00102968
-0.0054027
-0.00961506
-0.0136505
-0.0174945
-0.0211346
-0.02456
-0.0277622
-0.0307336
-0.0334684
-0.0359615
-0.0382094
-0.0402102
-0.0419638
-0.0434718
-0.0447376
-0.0457659
-0.046562
-0.0471325
-0.0474846
-0.0476265
-0.0475676
-0.0473183
-0.0468896
-0.0462929
-0.0455398
-0.0446422
-0.0436123
-0.0424629
-0.0412071
-0.0398583
-0.0384299
-0.0369346
-0.0353849
-0.0337927
-0.0321696
-0.0305271
-0.0288763
-0.0272363
-0.0256271
-0.0240549
-0.022525
-0.0210422
-0.0196107
-0.0182342
-0.0169156
-0.0156579
-0.0144633
-0.0133343
-0.0122732
-0.0112821
-0.0103628
-0.00951614
-0.00874256
-0.00804147
-0.0074118
-0.00685215
-0.00636098
-0.00593657
-0.00557693
-0.0052796
-0.00504156
-0.00485932
-0.00472897
-0.00464626
-0.00460669
-0.00460535
-0.00463699
-0.00469602
-0.00477669
-0.00487321
-0.00497983
-0.00509077
-0.00520003
-0.00530129
-0.00538802
-0.00545373
-0.00549236
-0.00549859
-0.00546781
-0.00539595
-0.00527913
-0.00511354
-0.00489559
-0.00462229
-0.00429173
-0.00390323
-0.0034572
-0.00295474
-0.00239718
-0.00178602
-0.00112315
-0.000411463
0.000344765
0.00113973
0.0019665
0.00281757
0.00368541
0.0045625
0.00544106
0.00631256
0.00716743
0.00799527
0.00878542
0.00952757
0.0102121
0.0108299
0.0113719
0.0118287
0.0121902
0.0124466
0.0125888
0.0126095
0.0125028
0.0122641
0.0118895
0.0113752
0.0107178
0.00991437
0.00896396
0.00786758
0.00662836
0.00525107
0.00374145
0.00210577
0.000350757
-0.00151586
-0.00348406
-0.00554284
-0.00768093
-0.00988547
-0.0121425
-0.0144214
-0.0167225
-0.0190299
-0.0213279
-0.023601
-0.0258225
-0.0279893
-0.0300865
-0.0320982
-0.0340079
-0.0357935
-0.0374433
-0.0389418
-0.0402749
-0.0414306
-0.0424031
-0.043178
-0.0437469
-0.0441017
-0.0442355
-0.0441585
-0.0438508
-0.0433104
-0.0425369
-0.0415321
-0.0403263
-0.0388972
-0.0372516
-0.0353974
-0.0333443
-0.0311389
-0.0287564
-0.0262096
-0.0235131
-0.0206824
-0.0177762
-0.0147698
-0.0116817
-0.00853113
-0.00533752
-0.0021627
0.00101699
0.00418204
0.00731295
0.0103902
0.0133576
0.0162341
0.0190015
0.0216422
0.0241397
0.0264524
0.0285922
0.0305458
0.0323006
0.033845
0.0351588
0.0362426
0.0370882
0.0376885
0.0380373
0.0381393
0.0379814
0.0375616
0.0368789
0.0359332
0.0347553
0.0333168
0.0316203
0.0296695
0.0274691
0.0250743
0.0224415
0.0195778
0.0164911
0.0131899
0.00974911
0.00611302
0.00229304
-0.00169852
-0.00584862
-0.010068
-0.0144185
-0.0188853
-0.0234525
-0.0280945
-0.0327039
-0.0373323
-0.0419525
-0.0465367
-0.0510565
-0.055414
-0.0596502
-0.0637363
-0.0676435
-0.0713428
-0.0747559
-0.0779048
-0.0807625
-0.0833029
-0.0855009
-0.0873133
-0.0887378
-0.0897544
-0.0903446
-0.0904921
-0.0902002
-0.0894381
-0.0881951
-0.0864634
-0.0842378
-0.0815756
-0.0784177
-0.0747674
-0.0706308
-0.0660168
-0.061036
-0.0556034
-0.0497361
-0.0434538
-0.0367791
-0.0298679
-0.0226172
-0.0150576
-0.00722223
0.000853232
0.00898268
0.0172754
0.0256911
0.0341876
0.0427219
0.0511008
0.0594277
0.0676567
0.0757415
0.0836359
0.0911659
0.0984157
0.105342
0.111901
0.11805
0.123659
0.128779
0.133373
0.137406
0.140847
0.143631
0.145769
0.147236
0.148013
0.148082
0.14746
0.146108
0.144023
0.141201
0.137645
0.133454
0.128545
0.122931
0.11663
0.109663
0.102211
0.0941478
0.0855069
0.0763232
0.0666359
0.0566831
0.0463149
0.0355793
0.0245267
0.0132091
0.00189567
-0.00957482
-0.0211463
-0.0327612
-0.0443604
-0.0556751
-0.0668559
-0.0778446
-0.0885838
-0.0990166
-0.108911
-0.11839
-0.127401
-0.135895
-0.143825
-0.151026
-0.157577
-0.163439
-0.168578
-0.172963
-0.176516
-0.179264
-0.181188
-0.182275
-0.182512
-0.181927
-0.180484
-0.178186
-0.175041
-0.171061
-0.16637
-0.160883
-0.154623
-0.147621
-0.139907
-0.131691
-0.122838
-0.113392
-0.103398
-0.0929056
-0.0821791
-0.0710586
-0.0596
-0.0478615
-0.0359028
-0.0240128
-0.0120224
9.60888e-06
0.0120251
0.0239665
0.0355609
0.0469685
0.0581343
0.0690036
0.0795233
0.089464
0.0989561
0.107955
0.11642
0.124313
0.131481
0.138014
0.143885
0.14907
0.153549
0.157251
0.160214
0.16243
0.163892
0.164602
0.164582
0.163822
0.162334
0.160131
0.157233
0.153743
0.149601
0.144834
0.139473
0.13355
0.127234
0.120432
0.113183
0.10553
0.0975145
0.0893395
0.0808874
0.0722029
0.0633319
0.0543216
0.0453875
0.0364066
0.0274226
0.0184768
0.00960911
0.00101463
-0.00742306
-0.0156649
-0.0236728
-0.0314107
-0.0387196
-0.0456976
-0.0523199
-0.0585645
-0.0644113
-0.0697541
-0.0746626
-0.0791209
-0.0831157
-0.0866371
-0.0896353
-0.0921526
-0.0941909
-0.0957545
-0.0968492
-0.0974777
-0.0976495
-0.0973722
-0.0966564
-0.0955162
-0.0940004
-0.0920993
-0.0898345
-0.0872271
-0.0842972
-0.0811184
-0.0776568
-0.0739351
-0.0699783
-0.0658132
-0.0615331
-0.0570967
-0.0525278
-0.0478492
-0.0430836
-0.0383229
-0.0335216
-0.0287024
-0.0238869
-0.0190948
-0.014408
-0.00978179
-0.00523442
-0.000783412
0.0035553
0.00771593
0.0117402
0.0156194
0.019345
0.0229081
0.0262588
0.0294279
0.0324076
0.0351932
0.037783
0.0401485
0.0423192
0.0442955
0.0460765
0.0476615
0.0490305
0.0502053
0.0511901
0.051991
0.052615
0.053055
0.0533312
0.0534491
0.0534136
0.0532299
0.0528931
0.0524213
0.0518224
0.0511045
0.0502753
0.0493318
0.0482897
0.0471548
0.0459331
0.0446312
0.043248
0.0417994
0.0402924
0.0387339
0.0371307
0.0354832
0.033805
0.0321027
0.0303824
0.0286488
0.026903
0.025152
0.0234007
0.0216559
0.0199252
0.0182182
0.0165378
0.0148874
0.0132691
0.0116855
0.0101499
0.00865828
0.00721687
0.00583095
0.00450363
0.00325247
0.00206087
0.00092922
-0.000140629
-0.0011456
-0.00205971
-0.0029035
-0.00367627
-0.00437836
-0.00501018
-0.00554462
-0.00600831
-0.00640128
-0.00672479
-0.00698147
-0.00714582
-0.00724928
-0.00729323
-0.00727804
-0.00720433
-0.00704682
-0.00683796
-0.0065844
-0.00629303
-0.0059693
-0.00559248
-0.00518842
-0.00475896
-0.00430748
-0.00383952
-0.00334335
-0.00284502
-0.00235062
-0.00186456
-0.00139
-0.000916902
-0.000461637
-2.84949e-05
0.00037776
0.000752484
0.00109902
0.00140645
0.00167161
0.0018915
0.00206341
0.00218839
0.00226229
0.00228502
0.00225698
0.00217837
0.00204904
0.0018678
0.00163398
0.0013481
0.00101249
0.000630118
0.000206995
-0.000252185
-0.000743785
-0.00126524
-0.00181577
-0.00239076
-0.00298543
-0.00359319
-0.00420646
-0.0048194
-0.00542378
-0.00601419
-0.00658586
-0.00713387
-0.00765512
-0.00814063
-0.00858363
-0.00897755
-0.00931629
-0.00959883
-0.00981509
-0.00995979
-0.010028
-0.0100158
-0.00992865
-0.00975636
-0.00949732
-0.00914929
-0.00870911
-0.00818643
-0.00756533
-0.00684492
-0.00602657
-0.00511335
-0.00412763
-0.00305352
-0.00189305
-0.000647916
0.000679385
0.0020605
0.00351386
0.00503268
0.00661009
0.00823968
0.00988703
0.0115742
0.0132941
0.0150388
0.0168
0.0185398
0.0202809
0.0220127
0.0237165
0.02538
0.0269623
0.028481
0.0299259
0.0312886
0.0325618
0.0337143
0.0347625
0.0356985
0.0365145
0.0372043
0.0377474
0.0381582
0.0384357
0.0385789
0.0385871
0.0384534
0.0381864
0.0377896
0.0372679
0.0366267
0.0358741
0.0350134
0.0340509
0.0329945
0.0318535
0.0306487
0.0293794
0.0280551
0.026684
0.0252739
0.0238491
0.0224031
0.0209464
0.0194898
0.0180427
0.0166314
0.0152427
0.0138826
0.012557
0.0112725
0.0100539
0.00888778
0.00777877
0.00673015
0.00574412
0.0048381
0.0039964
0.00322014
0.00250987
0.0018654
0.001298
0.000792568
0.000347095
-4.06517e-05
-0.00037312
-0.000644577
-0.000867659
-0.00104581
-0.00118263
-0.00128167
-0.00134123
-0.00137051
-0.00137285
-0.00135168
-0.00131052
-0.00125034
-0.00117745
-0.00109492
-0.0010055
-0.000911673
-0.000814823
-0.000718153
-0.000623557
-0.000532715
-0.00044706
-0.000367644
-0.000295517
-0.000231307
-0.000175395
-0.000127925
-8.88938e-05
-5.79066e-05
-3.44854e-05
-1.7952e-05
-7.4339e-06
-1.87977e-06
-3.97e-08
-0
-0
-0
-0
0
0
0
0
0
0
0
0
0
0
0
0
0
0
0
0
0
0
0
0
0
0
0
0
0
0
0
0
0
0
0
0
0
0
0
0
0
0
0
0
0
0
0
0
0
0
0
0
0
0
0
0
0
0
0
0
0
0
0
0
0
0
0
0
0
0
0
0
0
0
0
0
0
0
0
0
0
0
0
0
0
0
0
0
0
0
0
0
0
0
0
0
0
0
0
0
0
0
0
0
0
0
0
0
0
0
0
0
0
0
0
0
0
0
0
0
0
0
0
0
0
0
0
0
0
0
0
0
0
0
0
0
0
0
0
0
0
0
0
0
0
0
0
0
0
0
0
0
0
0
0
0
0
0
0
0
0
0
0
0
0
0
0
0
0
0
0
0
0
0
0
0
0
0
0
0
0
0
0
0
0
0
0
0
0
0
0
0
0
0
0
0
0
0
0
0
0
0
0
0
0
0
0
0
0
0
0
0
0
0
0
0
0
0
0
0
0
0
0
0
0
0
0
0
0
0
0
0
0
0
0
0
0
0
0
0
0
0
0
0
0
0
0
0
0
0
0
0
0
0
0
0
0
0
0
0
0
0
0
0
0
0
0
0
0
0
0
0
0
0
0
0
0
0
0
0
0
0
0
0
0
0
0
0
0
0
0
0
0
0
0
0
0
0
0
0
0
0
0
-0
-0
-0
-0
-0
-0
-0
-0
-0
-0
-0
-0
-0
-0
-0
-0
-0
-0
-0
