-0
-0
-0
-0
-0
-0
-0
-0
-0
-0
-0
-0
0
0
0
0
0
0
0
0
0
0
0
0
0
0
0
0
0
0
0
0
0
0
0
0
0
0
0
0
0
0
0
0
0
0
0
0
0
0
0
0
0
0
0
0
0
0
0
0
0
0
0
0
0
0
0
-0
-0
-0
-0
-0
-0
-0
-0
-0
-0
-0
-0
-0
-0
-0
-0
-0
-0
-0
-0
-0
-0
-0
-0
-0
-0
-0
-0
-0
-0
-0
-0
-0
-0
-0
-0
-0
-0
-0
-0
-0
-0
-0
-0
-0
-0
-0
-0
0
0
0
0
0
0
0
0
0
0
0
0
0
0
0
0
0
0
0
0
0
0
0
0
0
0
0
0
0
0
0
0
0
0
0
0
0
0
0
0
0
0
0
0
0
0
0
-0
-0
-0
-0
-0
-0
-0
-0
-0
-0
-0
-0
-0
-0
-0
-0
-0
-0
-0
-0
-0
-0
-0
-0
-0
-0
-0
-0
-0
-0
-0
-0
-0
-0
-0
-0
-0
-0
-0
-0
-0
-0
-0
-0
-0
-0
0
0
0
0
0
0
0
0
0
0
0
0
0
0
0
0
0
0
0
0
0
0
0
0
0
0
0
0
0
0
0
0
0
0
0
0
-0
-0
-0
-0
-0
-0
-0
-0
-0
-0
-0
-0
-0
-0
-0
-0
-0
-0
-0
-0
-0
-0
-0
0
0
0
0
0
0
0
0
0
0
0
0
0
0
0
0
0
0
0
0
0
0
0
0
0
0
0
0
0
0
0
0
0
0
0
0
0
-0
-0
-0
-0
-0
-0
-0
-0
-0
-0
-0
-0
-0
-0
-0
-0
-0
-0
-6.14364e-07
-2.4684e-05
-8.58366e-05
-0.00018622
-0.000327095
-0.000508794
-0.000730691
-0.000991186
-0.00128772
-0.00161679
-0.001974
-0.0023541
-0.00275098
-0.00315774
-0.00356681
-0.00397005
-0.00435893
-0.00472467
-0.00505833
-0.00535082
-0.00559299
-0.00577567
-0.00588993
-0.00592728
-0.00587983
-0.00574047
-0.00550289
-0.00516159
-0.00471193
-0.00415019
-0.00347363
-0.00268057
-0.00177034
-0.000743331
0.000398909
0.00165354
0.00301627
0.00448131
0.00604159
0.00768898
0.00941476
0.0112097
0.0130642
0.014968
0.0169098
0.0188775
0.0208584
0.0228392
0.0248065
0.0267469
0.0286472
0.0304943
0.0322758
0.0339797
0.0355947
0.0371102
0.0385161
0.0398029
0.0409613
0.0419827
0.0428593
0.0435847
0.0441536
0.0445613
0.0448039
0.0448775
0.0447794
0.0445076
0.0440622
0.0434447
0.0426584
0.041707
0.0405948
0.0393262
0.0379057
0.0363381
0.0346289
0.0327842
0.0308101
0.0287131
0.0264998
0.0241774
0.0217537
0.0192371
0.0166363
0.0139601
0.0112171
0.00841582
0.00556524
0.00267462
-0.000246437
-0.00319
-0.00615197
-0.00912926
-0.0121191
-0.0151184
-0.0181234
-0.0211292
-0.0241306
-0.027122
-0.030098
-0.033054
-0.0359852
-0.0388868
-0.0417536
-0.0445796
-0.0473584
-0.0500828
-0.0527449
-0.0553363
-0.0578477
-0.0602697
-0.0625929
-0.0648082
-0.0669071
-0.0688811
-0.0707213
-0.072418
-0.0739604
-0.0753376
-0.0765391
-0.0775555
-0.0783784
-0.0790007
-0.0794156
-0.0796166
-0.0795968
-0.0793496
-0.0788687
-0.0781487
-0.0771848
-0.075973
-0.0745104
-0.0727946
-0.0708249
-0.0686017
-0.0661269
-0.063404
-0.0604375
-0.0572329
-0.0537971
-0.050138
-0.0462655
-0.0421912
-0.037928
-0.0334903
-0.0288929
-0.0241512
-0.0192816
-0.0143016
-0.00923021
-0.00408838
0.00110179
0.00631744
0.0115356
0.0167337
0.0218894
0.0269804
0.031984
0.0368771
0.041636
0.046237
0.0506565
0.0548719
0.058861
0.0626028
0.0660773
0.0692652
0.0721488
0.0747112
0.0769368
0.0788115
0.0803227
0.0814595
0.0822131
0.0825766
0.0825455
0.0821172
0.0812907
0.0800664
0.0784458
0.0764324
0.0740317
0.0712519
0.0681046
0.0646042
0.0607679
0.0566149
0.0521658
0.0474429
0.0424696
0.0372712
0.0318745
0.0263079
0.0206012
0.0147853
0.00889174
0.0029526
-0.00299964
-0.00893231
-0.0148126
-0.0206079
-0.0262856
-0.0318133
-0.0371593
-0.0422923
-0.0471823
-0.0518011
-0.0561228
-0.0601239
-0.0637836
-0.0670829
-0.0700044
-0.0725319
-0.0746508
-0.0763485
-0.0776152
-0.0784445
-0.0788332
-0.0787815
-0.0782922
-0.0773704
-0.0760232
-0.0742598
-0.0720923
-0.0695354
-0.0666069
-0.0633273
-0.0597195
-0.0558081
-0.0516195
-0.0471818
-0.0425243
-0.0376781
-0.032675
-0.0275482
-0.0223312
-0.0170588
-0.0117663
-0.00648985
-0.00126623
0.00386823
0.00887816
0.0137298
0.0183909
0.0228303
0.0270175
0.0309221
0.0345144
0.0377663
0.0406526
0.0431516
0.0452456
0.0469199
0.0481622
0.0489615
0.0493084
0.0491956
0.0486186
0.0475771
0.046075
0.0441199
0.0417226
0.0388963
0.0356563
0.0320199
0.0280071
0.0236402
0.0189449
0.0139496
0.00868561
0.00318686
-0.00251062
-0.00836924
-0.0143505
-0.0204156
-0.0265257
-0.0326417
-0.0387239
-0.0447313
-0.0506218
-0.0563525
-0.0618808
-0.0671654
-0.0721673
-0.0768504
-0.0811808
-0.0851268
-0.0886577
-0.091744
-0.0943573
-0.096471
-0.0980613
-0.099108
-0.0995954
-0.0995122
-0.0988513
-0.097609
-0.0957837
-0.0933759
-0.0903876
-0.0868241
-0.0826946
-0.0780138
-0.0728022
-0.0670851
-0.0608915
-0.054252
-0.0471977
-0.0397601
-0.0319725
-0.0238711
-0.015497
-0.00689567
0.00188351
0.0107895
0.0197715
0.0287798
0.0377663
0.0466834
0.0554829
0.0641145
0.0725262
0.0806653
0.0884797
0.09592
0.102941
0.109501
0.115561
0.121085
0.126036
0.13038
0.134081
0.137108
0.139433
0.141037
0.141905
0.142026
0.141396
0.140011
0.137873
0.134981
0.131343
0.126968
0.12187
0.116071
0.109597
0.102475
0.0947401
0.0864272
0.0775746
0.0682227
0.0584147
0.0481967
0.0376181
0.0267316
0.0155926
0.00425864
-0.00721169
-0.0187592
-0.0303249
-0.0418497
-0.053275
-0.0645423
-0.0755938
-0.0863723
-0.0968221
-0.106889
-0.116519
-0.125662
-0.134267
-0.142288
-0.14968
-0.156403
-0.162421
-0.167702
-0.172222
-0.175959
-0.178896
-0.181021
-0.182326
-0.182805
-0.182459
-0.181291
-0.17931
-0.176529
-0.172966
-0.168643
-0.163587
-0.157826
-0.151394
-0.144325
-0.136657
-0.128432
-0.119693
-0.110488
-0.100868
-0.0908833
-0.0805875
-0.0700342
-0.0592782
-0.0483743
-0.0373782
-0.0263455
-0.0153319
-0.00439231
0.00641889
0.0170486
0.0274449
0.0375575
0.047338
0.0567405
0.0657217
0.074241
0.0822607
0.089746
0.096665
0.102989
0.108693
0.113757
0.118161
0.121894
0.124945
0.127309
0.128982
0.129966
0.130265
0.129888
0.128847
0.127156
0.124836
0.121907
0.118395
0.114326
0.109732
0.104643
0.099095
0.0931235
0.0867668
0.0800645
0.0730579
0.0657891
0.0583013
0.0506378
0.042842
0.034957
0.0270258
0.0190909
0.0111943
0.00337724
-0.0043201
-0.0118591
-0.0192027
-0.026316
-0.0331659
-0.0397211
-0.0459526
-0.0518337
-0.0573401
-0.0624505
-0.0671462
-0.0714114
-0.0752328
-0.0785995
-0.0815034
-0.0839389
-0.0859036
-0.087398
-0.0884255
-0.088992
-0.0891058
-0.0887768
-0.0880173
-0.0868417
-0.0852669
-0.0833121
-0.0809987
-0.0783495
-0.0753885
-0.0721404
-0.068631
-0.064887
-0.0609362
-0.0568068
-0.0525279
-0.0481283
-0.0436365
-0.0390809
-0.0344897
-0.0298924
-0.0253178
-0.0207912
-0.0163363
-0.0119756
-0.00773013
-0.00362001
0.000335604
0.00411832
0.00771094
0.0110979
0.0142658
0.017203
0.0198998
0.0223478
0.0245399
0.02647
0.0281338
0.029529
0.0306552
0.0315139
0.0321081
0.0324419
0.0325208
0.0323515
0.0319419
0.0313018
0.0304419
0.0293742
0.0281113
0.026667
0.0250558
0.0232934
0.0213961
0.0193811
0.0172654
0.015066
0.0128001
0.0104848
0.00813797
0.00577736
0.00342075
0.00108515
-0.0012135
-0.00346027
-0.00564092
-0.00774155
-0.00974851
-0.0116487
-0.0134304
-0.0150831
-0.0165984
-0.0179695
-0.0191906
-0.0202567
-0.0211638
-0.0219091
-0.022491
-0.0229098
-0.0231671
-0.0232657
-0.0232094
-0.0230033
-0.0226534
-0.0221672
-0.0215534
-0.0208216
-0.019982
-0.0190451
-0.0180217
-0.0169235
-0.0157631
-0.0145537
-0.0133094
-0.0120437
-0.0107699
-0.00950023
-0.00824669
-0.00702089
-0.00583439
-0.00469848
-0.0036238
-0.00261995
-0.00169535
-0.000857367
-0.000112542
0.000533335
0.00107537
0.00150951
0.00183289
0.00204478
0.00214614
0.00213907
0.00202667
0.0018202
0.00151779
0.0011263
0.000654201
0.000111344
-0.000486307
-0.00113282
-0.00181679
-0.00252671
-0.00325088
-0.00397556
-0.00469081
-0.00538486
-0.00604622
-0.00666382
-0.00722952
-0.00773098
-0.00815927
-0.00850666
-0.00876677
-0.00894166
-0.00902023
-0.00899963
-0.00887794
-0.00865429
-0.00834051
-0.00792698
-0.00741743
-0.00681705
-0.00613206
-0.00538366
-0.00456443
-0.00368243
-0.00274647
-0.00176622
-0.000767407
0.000255333
0.00129115
0.00232929
0.00335914
0.00435597
0.00532482
0.00625607
0.00714075
0.00797074
0.00872747
0.00941675
0.0100331
0.0105717
0.0110286
0.0113938
0.0116731
0.0118657
0.011972
0.0119934
0.0119295
0.0117856
0.0115651
0.0112722
0.0109116
0.0104909
0.0100132
0.00948435
0.00890999
0.00829592
0.00765372
0.00698262
0.00628786
0.00557424
0.004846
0.0041152
0.00337599
0.00263094
0.00188207
0.00113076
0.000387576
-0.000357976
-0.00110672
-0.00186008
-0.00261998
-0.00337796
-0.00414738
-0.00493087
-0.0057311
-0.0065389
-0.00733253
-0.00811805
-0.00889057
-0.00964509
-0.0103765
-0.0110701
-0.0117306
-0.012353
-0.0129325
-0.0134645
-0.0139375
-0.014354
-0.0147099
-0.0150014
-0.0152249
-0.0153744
-0.0154494
-0.0154472
-0.0153655
-0.0152022
-0.0149588
-0.0146316
-0.0142201
-0.0137241
-0.0131439
-0.0124886
-0.0117508
-0.0109324
-0.0100357
-0.00906337
-0.00803255
-0.00693296
-0.00576862
-0.00454402
-0.00326417
-0.00195269
-0.000597233
0.000796084
0.0022209
0.00367057
0.0051176
0.0065753
0.00803617
0.00949247
0.0109364
0.0123397
0.0137151
0.0150551
0.0163518
0.0175975
0.018767
0.0198703
0.0209005
0.0218508
0.0227147
0.0234739
0.024135
0.0246928
0.0251422
0.025479
0.0256947
0.0257907
0.0257645
0.0256142
0.0253385
0.0249409
0.0244173
0.0237685
0.0229956
0.0221008
0.0210997
0.0199826
0.0187533
0.0174165
0.0159774
0.0144631
0.0128587
0.0111713
0.00940833
0.00757772
0.00571491
0.00380166
0.00184701
-0.000139714
-0.0021489
-0.00414108
-0.00613602
-0.00812372
-0.0100942
-0.0120375
-0.0139151
-0.0157462
-0.0175212
-0.0192307
-0.0208655
-0.0223927
-0.0238278
-0.0251629
-0.0263905
-0.0275036
-0.0284799
-0.0293297
-0.0300479
-0.0306301
-0.0310724
-0.031366
-0.0315144
-0.0315161
-0.0313703
-0.0310769
-0.030642
-0.030062
-0.0293393
-0.0284769
-0.0274786
-0.0263646
-0.025124
-0.0237628
-0.0222876
-0.0207057
-0.0190496
-0.017303
-0.015475
-0.0135746
-0.0116114
-0.00962544
-0.00759687
-0.00553609
-0.0034535
-0.00135954
0.000703927
0.00275816
0.00479299
0.00679832
0.00876417
0.0106518
0.0124808
0.0142422
0.0159275
0.0175283
0.0190142
0.0204009
0.0216824
0.0228528
0.0239072
0.0248272
0.0256229
0.0262912
0.0268296
0.0272362
0.0275061
0.0276433
0.0276483
0.027523
0.0272694
0.0268969
0.0264023
0.0257891
0.0250616
0.0242245
0.0232987
0.0222751
0.0211607
0.0199632
0.0186905
0.0173723
0.0159946
0.0145652
0.0130919
0.011583
0.0100718
0.00854254
0.00700452
0.00546673
0.00393782
0.00244976
0.000986252
-0.000445449
-0.00183818
-0.00318477
-0.00445825
-0.00567171
-0.00681884
-0.00789403
-0.00889254
-0.00979706
-0.0106178
-0.011352
-0.0119972
-0.0125513
-0.0130067
-0.0133675
-0.013633
-0.0138036
-0.0138806
-0.0138685
-0.0137675
-0.0135804
-0.0133099
-0.012959
-0.0125405
-0.0120491
-0.0114894
-0.0108671
-0.0101882
-0.00947295
-0.00871338
-0.00791537
-0.00708475
-0.00622744
-0.00536564
-0.00448981
-0.00360662
-0.00272281
-0.001845
-0.000994516
-0.000162231
0.000646329
0.00142593
0.00217158
0.00286698
0.00351903
0.00412339
0.00467608
0.00517354
0.00560673
0.00597925
0.00628929
0.00653554
0.00671724
0.00683426
0.00688638
0.00687397
0.00679774
0.00665881
0.00646508
0.00621237
0.00590341
0.00554144
0.00513013
0.0046844
0.00419709
0.00367213
0.00311364
0.00252605
0.00192801
0.00131091
0.000680223
4.14793e-05
-0.000599919
-0.00122472
-0.00184211
-0.00244729
-0.00303537
-0.00360143
-0.0041287
-0.00462438
-0.0050841
-0.00550381
-0.0058798
-0.00620111
-0.00647224
-0.00669047
-0.0068535
-0.00695942
-0.00700489
-0.00699048
-0.00691526
-0.00677866
-0.00658055
-0.00632581
-0.00601092
-0.00563731
-0.00520672
-0.00472108
-0.00419276
-0.00361382
-0.00298702
-0.00231559
-0.0016033
-0.000868955
-0.0001022
0.0006926
0.00151107
0.00234878
0.0031841
0.00402949
0.00488012
0.00573102
0.00657718
0.00739638
0.00820107
0.00898659
0.00974845
0.0104823
0.011169
0.0118195
0.0124302
0.0129972
0.0135173
0.0139766
0.0143833
0.0147352
0.0150306
0.015268
0.0154406
0.0155529
0.0156039
0.0155933
0.015521
0.0153882
0.015195
0.0149428
0.014633
0.0142676
0.0138552
0.0133915
0.012879
0.0123202
0.0117179
0.0110865
0.0104178
0.00971547
0.00898312
0.00822459
0.00745842
0.00667351
0.00587343
0.00506178
0.00424226
0.00343498
0.00262747
0.00182348
0.00102661
0.000240263
-0.000516389
-0.00125629
-0.00197652
-0.00267426
-0.00334683
-0.00397767
-0.00457849
-0.00514712
-0.00568148
-0.00617965
-0.00662913
-0.00703942
-0.00740955
-0.00773887
-0.00802698
-0.0082667
-0.00846468
-0.00862077
-0.00873503
-0.00880779
-0.00883698
-0.00882618
-0.00877643
-0.00868889
-0.00856478
-0.00840663
-0.00821463
-0.00799033
-0.00773539
-0.00745156
-0.0071452
-0.0068136
-0.00645866
-0.00608229
-0.00568644
-0.00527999
-0.00485767
-0.00442113
-0.00397204
-0.00351212
-0.0030518
-0.00258434
-0.00211163
-0.00163541
-0.00115722
-0.000687766
-0.000218949
0.000248051
0.000712042
0.00117181
0.00161678
0.00205518
0.00248595
0.00290818
0.00332112
0.00371538
0.00409938
0.00447284
0.00483549
0.00518701
0.00551902
0.005839
0.00614559
0.00643553
0.00670803
0.00695575
0.00718525
0.0073962
0.00758825
0.00776106
0.00790886
0.0080371
0.0081458
0.00823503
0.00830486
0.00835127
0.00837842
0.00838644
0.00837559
0.00834626
0.00829643
0.00822926
0.00814525
0.0080449
0.00792868
0.0077961
0.0076488
0.00748746
0.00731278
0.00712547
0.00692674
0.00671689
0.00649677
0.00626732
0.00602953
0.00578619
0.00553654
0.00528167
0.00502264
0.00476054
0.00449917
0.00423677
0.0039744
0.00371316
0.00345408
0.00320145
0.00295278
0.002709
0.00247098
0.00223958
0.00201897
0.00180629
0.00160228
0.00140766
0.00122306
0.00105205
0.000891631
0.000742072
0.000603546
0.00047617
0.000362473
0.000259725
0.000167869
8.67635e-05
1.61679e-05
-4.25535e-05
-9.1754e-05
-0.000131914
-0.000163577
-0.000187339
-0.000202872
-0.000211989
-0.000215368
-0.00021369
-0.000207637
-0.000197474
-0.000184407
-0.000169114
-0.000152257
-0.000134471
-0.000116235
-9.82197e-05
-8.08865e-05
-6.46352e-05
-4.98041e-05
-3.66705e-05
-2.54414e-05
-1.62543e-05
-9.17115e-06
-4.17715e-06
-1.18431e-06
-2.89541e-08
-0
-0
-0
-0
-0
-0
-0
-0
-0
-0
-0
-0
0
0
0
0
0
0
0
0
0
0
0
0
0
0
0
0
0
0
0
0
0
0
0
0
0
0
0
0
0
0
0
0
0
0
0
0
0
0
0
0
0
0
0
0
0
0
0
0
0
0
0
0
0
0
0
0
0
0
0
0
0
0
0
0
0
0
0
0
0
0
0
0
0
0
0
0
0
0
0
0
0
0
0
0
0
0
0
0
0
0
0
0
0
0
0
0
0
0
0
0
0
0
0
0
-0
-0
-0
-0
-0
-0
-0
-0
-0
-0
-0
-0
-0
-0
-0
-0
-0
-0
-0
-0
-0
-0
-0
-0
-0
-0
-0
-0
-0
-0
-0
-0
-0
0
0
0
0
0
0
0
0
0
0
0
0
0
0
0
0
0
0
0
0
0
0
0
0
0
0
0
0
0
0
0
0
0
0
0
0
0
0
0
0
0
0
0
0
0
0
0
0
0
0
0
0
0
0
0
0
0
-0
-0
-0
-0
-0
-0
-0
-0
-0
-0
-0
-0
-0
-0
-0
-0
-0
-0
-0
-0
-0
-0
-0
-0
-0
-0
-0
-0
-0
-0
-0
-0
-0
-0
-0
-0
-0
-0
-0
-0
-0
-0
-0
0
0
0
0
0
0
0
0
0
0
0
0
0
0
0
0
0
0
0
0
0
0
0
0
0
0
0
0
0
0
0
0
0
0
0
0
0
0
0
0
0
0
0
0
0
0
0
0
0
0
0
0
0
0
0
0
0
0
0
0
0
0
0
0
0
0
0
0
-0
-0
-0
-0
-0
