0
0
0
0
0
0
-0
-0
-0
-0
-0
-0
-0
-0
-0
-0
-0
-0
-0
-0
-0
-0
-0
-0
-0
-0
-0
-0
-0
-0
-0
-0
-0
-0
-0
-0
-0
-0
-0
-0
-0
-0
-0
-0
-0
-0
-0
-0
0
0
0
0
0
0
0
0
0
0
0
0
0
0
0
0
0
0
0
0
0
0
0
0
0
0
0
0
0
0
0
0
0
0
0
0
0
0
0
0
0
0
0
0
0
0
0
0
0
0
0
0
0
0
0
0
0
0
0
0
0
0
0
0
0
0
0
-0
-0
-0
-0
-0
-0
-0
-0
-0
-0
-0
-0
-0
-0
-0
-0
-0
-0
-0
-0
-0
-0
-0
-0
-0
-0
-0
-0
-0
-0
-0
-0
-0
-0
-0
-0
-0
-0
-0
-0
-0
-0
-0
-0
-0
-0
-0
-0
-0
-0
-0
-0
-0
-0
-0
-0
-0
-0
-0
-0
-0
-0
-0
-0
-0
-0
0
0
0
0
0
0
0
0
0
0
0
0
0
0
0
0
0
0
0
0
-0
-0
-0
-0
-0
-0
-0
-0
0
0
0
0
0
0
0
0
0
0
0
0
0
0
0
0
0
0
0
0
0
0
0
0
0
0
0
1.0269e-06
4.38816e-06
1.03136e-05
1.89788e-05
3.04966e-05
4.49076e-05
6.21713e-05
8.21585e-05
0.000104643
0.000129299
0.000155695
0.000183301
0.000211485
0.000239517
0.000266569
0.000291719
0.000313956
0.000332195
0.000345294
0.000352069
0.000351307
0.000341771
0.000322205
0.000291345
0.00024794
0.000190785
0.000118761
3.08607e-05
-7.3792e-05
-0.000195942
-0.000336203
-0.000495058
-0.000672831
-0.000869662
-0.00108547
-0.00131992
-0.00157244
-0.00184224
-0.00212827
-0.0024293
-0.00274385
-0.00307018
-0.0034063
-0.00374997
-0.00409874
-0.00444997
-0.0048009
-0.00514861
-0.0054901
-0.00582226
-0.00614191
-0.00644584
-0.00673083
-0.00699369
-0.00723128
-0.00744051
-0.00761836
-0.00776193
-0.0078685
-0.00793559
-0.00796103
-0.00794292
-0.00787969
-0.00777006
-0.00761305
-0.00740802
-0.00715467
-0.00685308
-0.0065037
-0.00610735
-0.00566515
-0.00517857
-0.00464949
-0.00408019
-0.00347339
-0.00283223
-0.00216017
-0.0014609
-0.000738288
3.6673e-06
0.000760766
0.00152857
0.00230238
0.0030773
0.00384833
0.00461053
0.00535912
0.00608952
0.00679727
0.00747802
0.00813028
0.00875278
0.00934252
0.00989668
0.0104127
0.010888
0.0113204
0.0117076
0.0120474
0.0123377
0.0125769
0.0127637
0.012897
0.0129763
0.0130008
0.0129702
0.0128838
0.0127413
0.0125427
0.0122883
0.0119791
0.0116163
0.0112014
0.0107358
0.0102211
0.00965893
0.0090511
0.0083998
0.00770749
0.00697687
0.00621077
0.00541215
0.00458404
0.00372966
0.00285243
0.00195594
0.0010439
0.000120035
-0.000811996
-0.00174861
-0.00268626
-0.00362141
-0.00455047
-0.00546984
-0.00637587
-0.00726496
-0.00813354
-0.00897809
-0.00979518
-0.0105815
-0.0113337
-0.0120489
-0.012724
-0.0133562
-0.013943
-0.0144819
-0.0149706
-0.0154071
-0.0157897
-0.0161169
-0.0163873
-0.0165998
-0.0167533
-0.0168469
-0.0168801
-0.0168524
-0.016764
-0.0166152
-0.0164067
-0.0161394
-0.0158146
-0.0154336
-0.0149981
-0.01451
-0.0139714
-0.0133843
-0.012751
-0.0120739
-0.0113556
-0.0105988
-0.00980651
-0.00898208
-0.00812888
-0.00725041
-0.00635023
-0.00543195
-0.00449921
-0.0035557
-0.00260511
-0.00165113
-0.000697484
0.000252101
0.00119384
0.00212388
0.00303839
0.00393355
0.00480569
0.00565131
0.00646713
0.00725005
0.0079971
0.00870545
0.00937239
0.00999538
0.010572
0.0111002
0.0115779
0.0120034
0.0123752
0.0126922
0.0129535
0.0131585
0.0133069
0.0133988
0.0134343
0.0134141
0.0133388
0.0132095
0.0130275
0.0127943
0.0125117
0.0121817
0.0118064
0.0113879
0.0109285
0.0104307
0.00989693
0.00932989
0.00873242
0.00810746
0.00745806
0.00678739
0.00609867
0.00539518
0.00468023
0.00395708
0.0032289
0.00249873
0.00176951
0.00104411
0.000325278
-0.000384265
-0.00108193
-0.00176528
-0.00243207
-0.0030803
-0.00370815
-0.00431396
-0.00489623
-0.00545356
-0.00598468
-0.00648851
-0.00696411
-0.00741077
-0.00782795
-0.00821525
-0.00857245
-0.00889948
-0.00919649
-0.00946378
-0.00970191
-0.00991155
-0.0100935
-0.0102487
-0.0103781
-0.0104826
-0.0105632
-0.0106211
-0.0106574
-0.0106734
-0.0106703
-0.0106497
-0.0106127
-0.010561
-0.0104958
-0.0104183
-0.0103299
-0.0102315
-0.0101241
-0.0100086
-0.00988571
-0.00975607
-0.00962027
-0.00947883
-0.00933224
-0.00918095
-0.00902529
-0.00886549
-0.00870155
-0.00853327
-0.00836026
-0.00818199
-0.00799785
-0.00780721
-0.0076094
-0.00740373
-0.00718942
-0.00696561
-0.00673139
-0.00648582
-0.00622796
-0.00595684
-0.00567154
-0.00537109
-0.00505457
-0.00472111
-0.00436996
-0.00400053
-0.00361237
-0.0032052
-0.00277884
-0.00233324
-0.00186849
-0.00138483
-0.000882681
-0.000362645
0.000174532
0.000727959
0.00129659
0.00187917
0.00247419
0.00307986
0.0036941
0.00431465
0.0049391
0.00556495
0.00618962
0.00681043
0.00742459
0.00802923
0.00862135
0.00919792
0.00975588
0.010292
0.0108032
0.0112859
0.0117369
0.0121526
0.01253
0.0128658
0.0131572
0.0134014
0.0135959
0.0137384
0.0138266
0.0138586
0.0138329
0.0137479
0.0136024
0.0133956
0.0131265
0.0127947
0.0123998
0.011942
0.0114219
0.0108405
0.0101989
0.00949911
0.00874312
0.0079335
0.00707318
0.00616536
0.00521351
0.00422126
0.00319242
0.00213099
0.00104117
-7.26072e-05
-0.00120566
-0.00235314
-0.00350999
-0.00467103
-0.00583095
-0.00698426
-0.00812538
-0.00924862
-0.0103483
-0.0114187
-0.0124542
-0.0134494
-0.014399
-0.015298
-0.0161416
-0.0169254
-0.0176453
-0.0182978
-0.0188795
-0.0193877
-0.01982
-0.0201743
-0.020449
-0.020643
-0.0207556
-0.0207865
-0.020736
-0.0206045
-0.0203931
-0.0201031
-0.0197364
-0.0192949
-0.0187812
-0.0181982
-0.017549
-0.0168372
-0.0160667
-0.0152415
-0.014366
-0.0134445
-0.0124819
-0.0114829
-0.0104527
-0.00939636
-0.00831913
-0.00722625
-0.00612292
-0.00501433
-0.00390566
-0.00280208
-0.0017087
-0.000630515
0.000427666
0.00146126
0.00246591
0.00343746
0.00437192
0.00526555
0.00611482
0.00691655
0.00766788
0.00836632
0.00900967
0.00959605
0.0101239
0.0105918
0.010999
0.0113449
0.0116291
0.0118518
0.0120133
0.0121141
0.0121551
0.0121375
0.012063
0.0119332
0.0117503
0.0115163
0.0112336
0.0109048
0.0105324
0.0101195
0.00966908
0.00918429
0.00866835
0.0081245
0.00755601
0.00696623
0.00635852
0.00573625
0.00510272
0.00446112
0.00381456
0.00316609
0.00251873
0.00187544
0.00123907
0.000612302
-2.44402e-06
-0.000602942
-0.00118712
-0.00175303
-0.00229877
-0.00282262
-0.00332305
-0.00379879
-0.00424884
-0.00467239
-0.0050688
-0.00543753
-0.00577814
-0.00609037
-0.00637413
-0.00662952
-0.00685677
-0.00705625
-0.00722838
-0.00737369
-0.00749284
-0.0075866
-0.00765588
-0.0077016
-0.00772476
-0.00772637
-0.00770747
-0.00766921
-0.00761279
-0.00753946
-0.00745041
-0.00734677
-0.00722959
-0.00709993
-0.00695883
-0.0068074
-0.00664674
-0.00647788
-0.00630174
-0.00611913
-0.00593081
-0.00573751
-0.00554002
-0.00533909
-0.00513544
-0.00492967
-0.00472225
-0.00451357
-0.00430399
-0.00409388
-0.00388359
-0.00367345
-0.00346372
-0.0032546
-0.00304629
-0.00283899
-0.00263293
-0.00242832
-0.00222533
-0.00202405
-0.00182456
-0.00162696
-0.00143143
-0.00123821
-0.0010476
-0.000859833
-0.000675063
-0.000493384
-0.000314884
-0.000139725
3.18386e-05
0.000199488
0.000362901
0.000521806
0.000675977
0.000825194
0.000969184
0.00110759
0.00124001
0.00136603
0.00148529
0.00159746
0.00170228
0.00179945
0.00188865
0.00196954
0.00204181
0.00210518
0.00215945
0.0022044
0.00223982
0.00226549
0.0022812
0.00228678
0.00228218
0.00226743
0.00224258
0.00220772
0.00216291
0.00210824
0.00204387
0.00197004
0.00188707
0.00179534
0.00169522
0.00158712
0.00147145
0.00134871
0.00121948
0.0010844
0.000944116
0.000799272
0.000650467
0.0004983
0.000343416
0.000186535
2.84544e-05
-0.000130001
-0.000288027
-0.000444878
-0.000599871
-0.000752352
-0.000901674
-0.00104717
-0.00118819
-0.00132409
-0.00145427
-0.00157818
-0.00169529
-0.0018051
-0.00190715
-0.00200099
-0.00208626
-0.00216267
-0.00223003
-0.00228817
-0.00233728
-0.00238022
-0.00241785
-0.00245031
-0.00247767
-0.0025
-0.00251733
-0.00252963
-0.00253683
-0.00253878
-0.00253535
-0.0025264
-0.00251184
-0.00249165
-0.00246587
-0.00243455
-0.00239779
-0.00235564
-0.00230816
-0.00225545
-0.0021977
-0.00213522
-0.00206846
-0.00199801
-0.00192447
-0.00184849
-0.00177068
-0.00169166
-0.00161212
-0.00153283
-0.00145468
-0.00137863
-0.00130566
-0.00123669
-0.00117263
-0.0011143
-0.0010625
-0.00101798
-0.00098144
-0.00095349
-0.000934644
-0.000925319
-0.000925852
-0.000936489
-0.000957349
-0.000988369
-0.00102926
-0.00107948
-0.00113832
-0.00120493
-0.00127842
-0.00135783
-0.00144212
-0.00153006
-0.00162005
-0.00171047
-0.00179966
-0.00188585
-0.00196719
-0.00204181
-0.00210783
-0.00216343
-0.00220693
-0.0022368
-0.00225171
-0.00225043
-0.00223179
-0.00219462
-0.00213785
-0.00206061
-0.00196238
-0.00184301
-0.00170269
-0.00154185
-0.00136104
-0.00116089
-0.000942141
-0.000705637
-0.000452628
-0.000184559
9.68801e-05
0.000389789
0.00069211
0.0010016
0.00131591
0.00163262
0.00194929
0.00226345
0.00257285
0.00287516
0.00316822
0.003451
0.00372154
0.00397813
0.00421897
0.00444244
0.00464707
0.0048312
0.00499405
0.00513467
0.00525225
0.00534613
0.00541523
0.00545951
0.00547846
0.00547169
0.00543902
0.00537999
0.0052957
0.00518684
0.00505419
0.00489847
0.00471966
0.00451904
0.00429739
0.00405577
0.00379553
0.00351766
0.0032244
0.00291737
0.00259815
0.00226825
0.0019288
0.00158174
0.00122862
0.000870972
0.000510338
0.000148227
-0.000213629
-0.00057352
-0.000929756
-0.00128077
-0.00162482
-0.00196108
-0.00228845
-0.00260579
-0.00291186
-0.00320439
-0.00348304
-0.00374669
-0.00399443
-0.00422555
-0.0044379
-0.0046323
-0.00480742
-0.00496259
-0.00509733
-0.00520914
-0.00529995
-0.00536958
-0.00541793
-0.00544493
-0.00544808
-0.00543014
-0.00539148
-0.0053326
-0.005254
-0.00515354
-0.00503437
-0.00489697
-0.0047419
-0.00456979
-0.00437899
-0.00417273
-0.0039519
-0.00371739
-0.00347001
-0.00320895
-0.0029365
-0.00265332
-0.00236005
-0.00205737
-0.00174574
-0.00142621
-0.00109956
-0.000766499
-0.000427639
-8.50211e-05
0.000262411
0.000614159
0.000969674
0.00132839
0.0016861
0.00204598
0.00240757
0.00277038
0.00313385
0.00349153
0.00384857
0.00420436
0.00455841
0.00491025
0.00525168
0.00558976
0.00592365
0.00625238
0.00657498
0.00688169
0.00718057
0.0074708
0.00775136
0.00802103
0.00826936
0.00850384
0.00872297
0.00892525
0.00910913
0.00926517
0.00939932
0.0095097
0.00959447
0.00965192
0.00967546
0.00966844
0.0096291
0.00955545
0.00944542
0.00929627
0.00910709
0.00887651
0.00860342
0.00828672
0.00792987
0.00752707
0.0070773
0.00657983
0.00603435
0.00545148
0.00482102
0.00414347
0.00341946
0.00264991
0.00185229
0.00101215
0.000131628
-0.000786795
-0.0017404
-0.00270554
-0.00369964
-0.00471903
-0.00575951
-0.00681649
-0.00786202
-0.00891424
-0.00996801
-0.0110179
-0.0120581
-0.0130598
-0.0140392
-0.0149898
-0.0159054
-0.0167794
-0.0175867
-0.0183397
-0.019032
-0.0196569
-0.0202079
-0.0206669
-0.0210397
-0.0213208
-0.0215047
-0.0215863
-0.0215588
-0.0214194
-0.0211642
-0.0207898
-0.0202936
-0.0196835
-0.0189479
-0.0180858
-0.0170969
-0.0159817
-0.0147638
-0.0134229
-0.0119617
-0.0103838
-0.00869318
-0.00692828
-0.00506127
-0.00309853
-0.0010472
0.00108485
0.00324776
0.00547384
0.00775337
0.010076
0.0124306
0.0147612
0.0171008
0.0194376
0.0217596
0.0240543
0.0262663
0.0284253
0.0305185
0.0325329
0.0344559
0.0362406
0.0379097
0.0394515
0.0408547
0.0421084
0.0431811
0.0440844
0.0448095
0.0453486
0.0456947
0.0458381
0.0457771
0.0455076
0.0450262
0.0443307
0.043436
0.0423264
0.0410034
0.0394696
0.0377287
0.0358206
0.0337169
0.0314248
0.0289528
0.0263103
0.0235577
0.020656
0.0176175
0.0144552
0.0111835
0.00787773
0.00449268
0.00104403
-0.002452
-0.00597872
-0.00945511
-0.0129276
-0.0163783
-0.0197896
-0.0231436
-0.0263636
-0.029492
-0.0325121
-0.0354077
-0.038163
-0.0407157
-0.0430985
-0.0452978
-0.0473011
-0.0490966
-0.0506444
-0.0519639
-0.0530463
-0.0538846
-0.0544728
-0.0547998
-0.0548691
-0.0546788
-0.0542279
-0.0535169
-0.0525638
-0.0513554
-0.0498962
-0.0481923
-0.0462512
-0.0441188
-0.0417673
-0.0392074
-0.0364509
-0.0335108
-0.030455
-0.0272447
-0.0238956
-0.0204245
-0.0168486
-0.0132491
-0.00958104
-0.00586279
-0.00211311
0.00164928
0.00534062
0.00900813
0.0126342
0.0162015
0.0196932
0.0230337
0.0262668
0.029378
0.0323533
0.03518
0.0377991
0.040247
0.0425138
0.0445907
0.0464696
0.0481134
0.0495461
0.0507632
0.0517613
0.0525385
0.0530833
0.053407
0.0535112
0.0533989
0.053074
0.05255
0.0518248
0.0509055
0.0498001
0.0485169
0.0470893
0.0455028
0.0437676
0.0418947
0.0398957
0.0378183
0.0356385
0.0333685
0.0310209
0.0286084
0.0261863
0.0237253
0.0212378
0.0187361
0.0162316
0.0137788
0.0113452
0.00894116
0.00657666
0.00426111
0.00204261
-0.000109986
-0.0021891
-0.00418773
-0.00609951
-0.00788687
-0.00957732
-0.0111673
-0.0126541
-0.0140357
-0.0152876
-0.0164315
-0.0174671
-0.0183947
-0.0192154
-0.0199172
-0.0205163
-0.0210152
-0.0214165
-0.0217236
-0.0219344
-0.0220589
-0.022102
-0.0220688
-0.0219644
-0.0217943
-0.0215626
-0.0212741
-0.0209338
-0.0205468
-0.0201229
-0.0196622
-0.019169
-0.0186471
-0.0181005
-0.0175397
-0.0169617
-0.01637
-0.0157676
-0.0151569
-0.0145472
-0.0139321
-0.0133128
-0.0126903
-0.0120655
-0.0114469
-0.010827
-0.0102054
-0.0095819
-0.00895567
-0.00833455
-0.00770891
-0.00707741
-0.00643841
-0.00579004
-0.00514054
-0.00447795
-0.00380063
-0.00310711
-0.00239596
-0.00167869
-0.000941162
-0.000182272
0.000598939
0.00140332
0.00221531
0.00305205
0.00391412
0.0048018
0.00571476
0.00663201
0.00757226
0.00853385
0.00951501
0.0105139
0.0115053
0.0125099
0.013525
0.0145471
0.015573
0.0165744
0.0175723
0.0185633
0.0195429
0.0205068
0.0214263
0.0223202
0.0231838
0.0240127
0.0248021
0.0255272
0.026203
0.0268243
0.027386
0.0278835
0.0282992
0.0286429
0.028911
0.0291002
0.0292072
0.0292249
0.0291552
0.0289965
0.0287476
0.0284076
0.0279823
0.0274645
0.0268537
0.0261502
0.025355
0.0244876
0.0235326
0.0224926
0.0213709
0.0201707
0.018924
0.017607
0.0162246
0.0147822
0.0132853
0.0117757
0.010224
0.00863688
0.00702132
0.00538425
0.00377251
0.00215284
0.000531898
-0.00108354
-0.00268645
-0.00422968
-0.00574607
-0.00722866
-0.00867072
-0.0100658
-0.0113721
-0.0126193
-0.0138019
-0.0149148
-0.0159532
-0.0168853
-0.0177346
-0.018497
-0.0191689
-0.0197467
-0.0202118
-0.0205778
-0.0208436
-0.0210081
-0.021071
-0.0210293
-0.0208858
-0.0206409
-0.0202957
-0.0198517
-0.0193219
-0.0186976
-0.0179812
-0.0171756
-0.0162839
-0.0153332
-0.0143048
-0.0132037
-0.0120351
-0.0108045
-0.0095503
-0.00824534
-0.00689549
-0.0055068
-0.00408541
-0.00267627
-0.0012463
0.000198617
0.00165239
0.00310864
0.00452016
0.00592123
0.0073058
0.00866817
0.0100029
0.0112668
0.0124924
0.0136746
0.0148082
0.0158888
0.0168808
0.0178122
0.0186797
0.0194799
0.0202095
0.020844
0.0214023
0.0218825
0.0222833
0.0226035
0.0228322
0.0229785
0.0230421
0.0230229
0.0229221
0.0227433
0.0224863
0.0221534
0.0217463
0.0212672
0.0207317
0.0201288
0.0194615
0.0187336
0.0179494
0.017136
0.0162752
0.0153712
0.0144282
0.0134504
0.0124709
0.011465
0.0104376
0.00939363
0.00833636
0.00730082
0.00626185
0.00522548
0.00419746
0.00318352
0.00221977
0.00128161
0.000374645
-0.000496112
-0.00132646
-0.0020877
-0.00280238
-0.00346751
-0.00408006
-0.00463714
-0.00511879
-0.00554193
-0.00590635
-0.00621248
-0.00646093
-0.00664294
-0.00676858
-0.00683874
-0.00685501
-0.00681986
-0.00673504
-0.00660536
-0.00643418
-0.00622469
-0.00598011
-0.00570869
-0.00540927
-0.00508591
-0.00474272
-0.00438356
-0.00402058
-0.00364831
-0.00327027
-0.00289016
-0.0025117
-0.00214815
-0.00179221
-0.00144651
-0.00111341
-0.000795075
-0.000502542
-0.000228061
2.68306e-05
0.000261033
0.000473867
0.00065807
0.000820867
0.000962046
0.00108151
0.00117943
0.00125199
0.00130499
0.00133961
0.00135715
0.00135886
0.00134381
0.0013157
0.00127592
0.00122602
0.00116764
0.0011018
0.00103076
0.000955922
0.000878583
0.000799982
0.000721449
0.000643989
0.000568662
0.000496381
0.000427897
0.000364082
0.000305037
0.000251123
0.000202601
0.000159624
0.000122394
9.06187e-05
6.4151e-05
4.27641e-05
2.61635e-05
1.40219e-05
5.89398e-06
1.36524e-06
0
0
0
0
0
0
0
0
0
0
0
0
0
0
0
0
0
0
0
0
0
0
0
0
0
0
0
0
0
0
0
0
0
0
0
0
0
0
0
0
0
0
0
0
0
0
0
0
0
0
0
0
0
0
0
0
0
0
0
0
0
0
0
0
0
0
0
0
0
0
0
-0
-0
-0
-0
-0
-0
-0
-0
-0
-0
-0
-0
-0
-0
-0
-0
-0
-0
-0
-0
-0
-0
-0
-0
-0
-0
-0
-0
-0
-0
-0
-0
-0
0
0
0
0
0
0
0
0
0
0
0
0
0
0
0
0
0
0
0
0
0
0
0
0
0
0
0
0
0
0
0
0
0
0
0
0
0
0
0
0
0
0
0
0
0
0
0
0
0
0
0
0
0
0
0
0
0
0
0
0
0
0
0
0
-0
-0
-0
-0
-0
-0
-0
-0
-0
-0
-0
-0
-0
-0
-0
-0
-0
-0
-0
-0
-0
-0
-0
-0
-0
-0
-0
-0
-0
-0
-0
-0
-0
-0
-0
-0
-0
-0
-0
-0
-0
-0
-0
-0
-0
-0
-0
-0
-0
-0
-0
-0
-0
-0
-0
-0
-0
-0
-0
-0
-0
-0
-0
-0
-0
-0
-0
-0
