-0
-0
-0
-0
-0
-0
-0
-0
-0
-0
-0
-0
-0
-0
-0
-0
-0
-0
-0
-0
-0
-0
-0
-0
-0
-0
-0
-0
-0
-0
-0
-0
-0
-0
-0
-0
-0
-0
-0
-0
-0
-0
-0
-0
-0
-0
-0
-0
-0
0
0
0
0
0
0
0
0
0
0
0
0
0
0
0
0
0
0
0
0
0
0
0
0
0
0
0
0
0
0
0
0
0
0
0
0
0
0
0
0
0
0
0
0
0
0
0
0
-0
-0
-0
-0
-0
-0
-0
-0
-0
-0
-0
-0
-0
-0
-0
-0
-0
-0
-0
-0
-0
-0
-0
-0
-0
-0
-0
-0
-0
-0
-0
-0
-0
-0
-0
-0
-0
-0
-0
-0
-0
-0
-0
-0
-0
-0
-0
-0
-0
0
0
0
0
0
0
0
0
0
0
0
0
0
0
0
0
0
0
0
0
0
0
0
0
0
0
0
0
0
0
0
0
0
0
0
0
0
0
0
0
0
0
0
0
0
0
0
0
0
0
-0
-0
-0
-0
-0
-0
-0
-0
-0
-0
-0
-0
-0
-0
-0
-0
-0
-0
-0
-0
-0
-0
-0
-0
-0
-0
-0
-0
-0
-0
-0
-0
-0
-0
-0
-0
-0
-0
-0
-0
-0
-0
-0
-0
-0
-0
-0
-0
-0
-0
-0
-0
-0
0
0
0
0
0
0
0
0
0
0
0
0
0
0
0
0
0
0
0
0
0
0
0
0
0
0
0
0
0
0
0
0
0
0
0
0
0
0
0
0
0
0
0
0
0
0
0
0
0
0
0
0
0
-0
-0
-0
-0
-0
-0
-0
-0
-0
-0
-0
-0
-0
-0
-0
-0
-0
-0
-0
-0
-0
-0
-0
-0
-0
-0
-0
-0
-0
-0
-0
-0
-0
-0
-0
-0
-0
-0
-0
-0
-0
-0
-0
-0
-0
-0
-0
-0
-0
-0
-0
-0
-0
-0
-0
-0
-0
-0
-0
-0
-0
-0
-0
-0
-0
-0
-0
-0
-0
-0
-0
-0
-0
-0
-0
-0
-0
-0
0
0
0
0
7.91897e-07
4.8737e-06
1.40964e-05
3.02868e-05
5.5235e-05
9.06558e-05
0.000138148
0.000199155
0.000274928
0.000366486
0.000474583
0.000599676
0.000741896
0.000901023
0.00107647
0.00126726
0.00147203
0.00168902
0.00191608
0.00215067
0.00238992
0.00263058
0.00286912
0.00310175
0.00332441
0.00353292
0.00372292
0.00389002
0.00402981
0.00413792
0.00421011
0.00424234
0.00423081
0.00417202
0.00406289
0.00390075
0.00368348
0.00340947
0.00307778
0.00268807
0.00224075
0.00173692
0.00117842
0.000567868
-9.13735e-05
-0.000795199
-0.00153878
-0.00231658
-0.00312243
-0.00394954
-0.0047906
-0.00563781
-0.00648298
-0.00731763
-0.00813305
-0.00892042
-0.00967092
-0.0103758
-0.0110266
-0.0116152
-0.0121337
-0.0125751
-0.0129327
-0.0132007
-0.0133743
-0.0134494
-0.0134229
-0.0132927
-0.0130579
-0.0127185
-0.0122756
-0.0117315
-0.0110894
-0.0103535
-0.00952904
-0.00862216
-0.00763982
-0.00658978
-0.00548055
-0.00432127
-0.00312169
-0.00189203
-0.000642914
0.000614712
0.0018697
0.0031108
0.00432679
0.00550658
0.00663934
0.00771462
0.00872478
0.00966461
0.010527
0.0113056
0.0119942
0.0125875
0.0130809
0.0134702
0.0137523
0.0139246
0.0139852
0.0139331
0.0137681
0.0134908
0.0131024
0.012605
0.0120017
0.0112961
0.0104926
0.00959642
0.00861343
0.00755017
0.00641378
0.00521194
0.00395282
0.00264497
0.00129726
-8.12162e-05
-0.00148119
-0.00289333
-0.00430832
-0.0057169
-0.00710995
-0.00847854
-0.00981397
-0.0111078
-0.012352
-0.0135388
-0.0146609
-0.0157112
-0.0166834
-0.0175715
-0.0183701
-0.0190744
-0.0196802
-0.0201839
-0.0205827
-0.0208745
-0.021058
-0.0211325
-0.0210981
-0.0209556
-0.0207065
-0.0203529
-0.0198976
-0.0193436
-0.0186947
-0.017955
-0.0171289
-0.0162211
-0.0152366
-0.0141807
-0.0130587
-0.0118761
-0.0106388
-0.00935262
-0.00802347
-0.00665745
-0.0052607
-0.00383938
-0.00239968
-0.000947734
0.000510397
0.00196877
0.00342162
0.00486338
0.00628872
0.0076926
0.00907026
0.0104173
0.0117295
0.013003
0.0142345
0.0154205
0.0165583
0.0176451
0.0186785
0.0196564
0.0205768
0.0214381
0.0222388
0.0229778
0.023654
0.0242666
0.0248152
0.0252993
0.0257186
0.0260731
0.0263626
0.0265871
0.0267466
0.026841
0.0268702
0.0268338
0.0267315
0.0265628
0.0263272
0.0260239
0.0256522
0.0252113
0.0247007
0.0241195
0.0234674
0.0227437
0.0219484
0.0210812
0.0201422
0.0191316
0.0180498
0.0168971
0.0156742
0.0143817
0.0130203
0.0115908
0.0100942
0.00853158
0.00690411
0.00521333
0.00346106
0.00164948
-0.000218766
-0.00214054
-0.00411212
-0.00612918
-0.00818676
-0.0102792
-0.0124003
-0.0145431
-0.0167001
-0.0188634
-0.0210242
-0.0231738
-0.0253028
-0.0274014
-0.0294598
-0.0314679
-0.0334154
-0.0352917
-0.0370864
-0.0387889
-0.0403884
-0.0418743
-0.043236
-0.044463
-0.0455449
-0.0464716
-0.0472332
-0.0478204
-0.0482241
-0.0484361
-0.0484487
-0.048255
-0.0478489
-0.0472254
-0.0463802
-0.0453104
-0.0440139
-0.04249
-0.040739
-0.0387623
-0.0365627
-0.0341443
-0.0315121
-0.0286727
-0.0256337
-0.0224043
-0.0189946
-0.0154163
-0.0116823
-0.00780666
-0.00380472
0.000306983
0.00451084
0.0087882
0.0131195
0.0174844
0.0218619
0.0262303
0.0305678
0.0348521
0.039061
0.0431723
0.047164
0.0510143
0.0547021
0.0582066
0.0615078
0.0645864
0.067424
0.070003
0.0723068
0.0743197
0.0760275
0.0774168
0.0784758
0.0791939
0.079562
0.0795725
0.0792196
0.0784992
0.077409
0.0759486
0.0741196
0.0719258
0.0693729
0.0664687
0.0632233
0.0596488
0.0557594
0.0515711
0.0471022
0.0423726
0.0374039
0.0322194
0.0268436
0.0213027
0.0156235
0.00983399
0.00396293
-0.00196052
-0.00790679
-0.0138462
-0.019749
-0.0255858
-0.0313275
-0.0369456
-0.0424125
-0.0477011
-0.0527858
-0.0576418
-0.0622458
-0.0665759
-0.0706116
-0.0743341
-0.0777262
-0.0807728
-0.0834603
-0.0857772
-0.087714
-0.089263
-0.0904188
-0.091178
-0.0915391
-0.0915028
-0.0910719
-0.0902511
-0.089047
-0.0874683
-0.0855254
-0.0832304
-0.080597
-0.0776407
-0.0743782
-0.0708277
-0.0670085
-0.0629411
-0.058647
-0.0541484
-0.0494685
-0.0446309
-0.0396599
-0.0345802
-0.0294165
-0.0241939
-0.0189373
-0.0136718
-0.0084219
-0.00321192
0.0019344
0.00699391
0.0119442
0.0167638
0.021432
0.0259294
0.0302375
0.0343393
0.0382189
0.0418616
0.0452545
0.0483858
0.0512453
0.0538241
0.0561152
0.0581126
0.0598121
0.061211
0.0623079
0.063103
0.0635978
0.0637954
0.0637001
0.0633176
0.0626547
0.0617196
0.0605216
0.0590711
0.0573795
0.0554591
0.0533231
0.0509856
0.0484612
0.0457652
0.0429134
0.039922
0.0368076
0.033587
0.0302771
0.0268951
0.0234578
0.0199822
0.0164851
0.0129828
0.00949155
0.00602704
0.00260456
-0.000761105
-0.00405573
-0.00726572
-0.0103781
-0.0133806
-0.0162617
-0.0190106
-0.0216172
-0.0240725
-0.0263681
-0.0284965
-0.0304511
-0.0322265
-0.0338182
-0.0352225
-0.0364366
-0.0374585
-0.0382872
-0.0389225
-0.0393651
-0.0396167
-0.0396796
-0.0395571
-0.0392531
-0.0387723
-0.0381201
-0.0373027
-0.0363267
-0.0351994
-0.0339288
-0.0325232
-0.0309916
-0.0293433
-0.0275881
-0.0257364
-0.0237985
-0.0217853
-0.019708
-0.0175778
-0.0154062
-0.0132046
-0.0109846
-0.00875764
-0.0065352
-0.00432851
-0.00214867
-6.48897e-06
0.00208748
0.00412304
0.00609033
0.00797991
0.00978275
0.0114903
0.0130945
0.0145878
0.0159631
0.0172141
0.0183347
0.0193197
0.0201645
0.020865
0.021418
0.0218209
0.0220717
0.0221693
0.0221134
0.0219044
0.0215434
0.0210325
0.0203744
0.0195728
0.0186321
0.0175574
0.0163546
0.0150305
0.0135925
0.0120486
0.0104075
0.00867849
0.00687152
0.00499691
0.00306549
0.00108844
-0.000922655
-0.00295597
-0.00499944
-0.00704081
-0.00906772
-0.0110677
-0.0130284
-0.0149374
-0.0167825
-0.0185515
-0.0202327
-0.0218146
-0.0232859
-0.0246361
-0.0258551
-0.0269333
-0.0278618
-0.0286241
-0.0292036
-0.0295936
-0.0297889
-0.0297858
-0.0295821
-0.029182
-0.0285825
-0.0277866
-0.0267991
-0.0256265
-0.0242856
-0.0227773
-0.0211124
-0.0193036
-0.0173643
-0.0153216
-0.0131789
-0.0109526
-0.00866012
-0.00631941
-0.00396338
-0.00159561
0.000765241
0.00310061
0.00539216
0.00760708
0.00974359
0.0117853
0.0137166
0.0155232
0.0171789
0.0186855
0.0200329
0.0212125
0.0222174
0.0230332
0.0236664
0.0241154
0.0243808
0.0244646
0.0243664
0.0240965
0.0236622
0.0230722
0.0223368
0.0214682
0.0204781
0.0193798
0.0181878
0.0169168
0.0155874
0.0142093
0.012798
0.0113689
0.00993705
0.00852505
0.00713787
0.00578856
0.00448924
0.00325095
0.0020924
0.00101219
1.74832e-05
-0.000885953
-0.00169384
-0.00239555
-0.00299877
-0.00350367
-0.00391185
-0.00422628
-0.00444553
-0.00458174
-0.00464143
-0.00463203
-0.00456177
-0.00443616
-0.00426856
-0.00406853
-0.00384573
-0.00360973
-0.0033683
-0.00313217
-0.00290949
-0.00270766
-0.00253309
-0.00239062
-0.00228491
-0.00221866
-0.00219292
-0.00217717
-0.00215039
-0.00211234
-0.00206299
-0.00200233
-0.00193044
-0.00184822
-0.00175508
-0.00165129
-0.00153714
-0.00141301
-0.00128075
-0.00113944
-0.000989612
-0.000831875
-0.00066688
-0.000497283
-0.000321876
-0.000141446
4.31764e-05
0.000231126
0.000419202
0.000608788
0.000798944
0.000988709
0.00117711
0.00136077
0.0015411
0.00171712
0.00188787
0.00205237
0.00220753
0.0023546
0.00249268
0.00262092
0.00273851
0.00284305
0.00293543
0.003015
0.00308113
0.00313327
0.00317013
0.0031921
0.00319883
0.00319006
0.00316558
0.00312549
0.00306955
0.00299781
0.00291041
0.00280756
0.00269082
0.00255931
0.00241348
0.00225388
0.00208113
0.00189815
0.00170347
0.0014979
0.00128236
0.00105779
0.000828201
0.000591655
0.000349253
0.000102139
-0.000148506
-0.00039804
-0.000648672
-0.000899162
-0.00114826
-0.00139471
-0.00163382
-0.00186781
-0.00209546
-0.00231559
-0.00252703
-0.00272565
-0.0029134
-0.00308926
-0.00325228
-0.00340154
-0.00353401
-0.00365114
-0.00375224
-0.00383671
-0.00390404
-0.00395271
-0.00398347
-0.00399608
-0.00399037
-0.00396631
-0.00392411
-0.00386372
-0.00378536
-0.00368936
-0.00357613
-0.00344764
-0.00330302
-0.00314292
-0.00296811
-0.0027794
-0.0025803
-0.00236918
-0.00214706
-0.00191502
-0.00167421
-0.00142919
-0.00117779
-0.000921252
-0.000660841
-0.000397847
-0.000137333
0.000123177
0.000382402
0.000639068
0.000891921
0.00113605
0.00137395
0.00160449
0.00182657
0.00203913
0.00223804
0.00242553
0.00260077
0.00276297
0.00291144
0.00304327
0.00316021
0.00326182
0.00334773
0.00341767
0.00347028
0.00350663
0.00352671
0.00353059
0.00351844
0.00349052
0.00344712
0.00338862
0.00331549
0.00322827
0.00312871
0.00301631
0.00289176
0.00275584
0.00260936
0.00245524
0.00229229
0.00212142
0.00194357
0.00175971
0.00157352
0.00138328
0.00118998
0.000994598
0.00079811
0.000604446
0.000411575
0.000220406
3.18197e-05
-0.000153338
-0.000331391
-0.000504451
-0.000671807
-0.000832797
-0.000986807
-0.00113081
-0.00126677
-0.00139425
-0.00151285
-0.00162224
-0.0017203
-0.00180866
-0.00188715
-0.00195568
-0.00201419
-0.00206159
-0.00209903
-0.00212662
-0.00214452
-0.00215292
-0.00215174
-0.00214159
-0.00212278
-0.00209568
-0.00206067
-0.0020185
-0.00196925
-0.00191337
-0.00185131
-0.00178354
-0.00171147
-0.00163466
-0.00155361
-0.00146879
-0.00138071
-0.00129113
-0.00119923
-0.00110547
-0.00101031
-0.000914172
-0.000818968
-0.000723611
-0.000628475
-0.000533915
-0.000440263
-0.000349339
-0.000259908
-0.000172223
-8.65112e-05
-2.9741e-06
7.67971e-05
0.000154066
0.000228707
0.000300612
0.000369697
0.000434663
0.000496694
0.000555756
0.000611831
0.000664913
0.000714005
0.000760125
0.000803298
0.000843556
0.000880938
0.000914733
0.000945745
0.000974027
0.000999634
0.00102262
0.00104253
0.00105993
0.00107487
0.00108741
0.00109758
0.00110515
0.00111044
0.00111347
0.00111428
0.00111288
0.00110923
0.00110339
0.00109537
0.00108517
0.00107278
0.00105837
0.00104176
0.00102294
0.00100193
0.000978692
0.00095361
0.00092631
0.000896799
0.000865084
0.000831181
0.000795682
0.000758043
0.000718299
0.000676494
0.000632682
0.000587689
0.000540825
0.000492176
0.000441836
0.000389914
0.000337443
0.00028364
0.000228646
0.000172617
0.000115716
5.91246e-05
2.02092e-06
-5.54037e-05
-0.000112949
-0.000170409
-0.00022655
-0.000282178
-0.000337074
-0.000391018
-0.000443787
-0.00049422
-0.000543038
-0.000590024
-0.000634968
-0.00067766
-0.000717133
-0.000753962
-0.000787964
-0.000818965
-0.000846805
-0.000870829
-0.000891411
-0.000908437
-0.000921806
-0.000931436
-0.000937075
-0.000938869
-0.000936794
-0.000930845
-0.000921038
-0.000907561
-0.000890316
-0.000869377
-0.000844837
-0.000816807
-0.000785892
-0.000751761
-0.000714578
-0.000674519
-0.00063178
-0.000587311
-0.000540589
-0.000491848
-0.000441331
-0.000389293
-0.000336915
-0.000283544
-0.000229451
-0.000174909
-0.000120193
-6.65622e-05
-1.32977e-05
3.93386e-05
9.10917e-05
0.000141715
0.000190038
0.000236773
0.000281712
0.000324659
0.000365432
0.000403086
0.000438254
0.000470803
0.00050062
0.000527606
0.000551134
0.00057149
0.000588457
0.000601983
0.00061205
0.000618403
0.00062134
0.000620926
0.000617249
0.000610422
0.000600608
0.000587936
0.000572581
0.000554734
0.000534602
0.000512672
0.000488896
0.000463508
0.000436747
0.000408857
0.000380514
0.000351515
0.000322094
0.000292484
0.000262907
0.000234087
0.000205699
0.000177931
0.000150956
0.000124935
0.000100503
7.72702e-05
5.53413e-05
3.4805e-05
1.57326e-05
-1.40405e-06
-1.70078e-05
-3.10593e-05
-4.35543e-05
-5.45029e-05
-6.36239e-05
-7.12769e-05
-7.75105e-05
-8.23832e-05
-8.59628e-05
-8.814e-05
-8.91954e-05
-8.9217e-05
-8.82973e-05
-8.65317e-05
-8.39366e-05
-8.0697e-05
-7.69099e-05
-7.26704e-05
-6.8071e-05
-6.31943e-05
-5.81309e-05
-5.296e-05
-4.77549e-05
-4.25828e-05
-3.75407e-05
-3.26428e-05
-2.79374e-05
-2.34659e-05
-1.92636e-05
-1.54084e-05
-1.18665e-05
-8.65476e-06
-5.78448e-06
-3.2613e-06
-1.12872e-06
6.69243e-07
2.14139e-06
3.3008e-06
4.16444e-06
4.72471e-06
5.04047e-06
5.13724e-06
5.0426e-06
4.78576e-06
4.38429e-06
3.88719e-06
3.32519e-06
2.72898e-06
2.12877e-06
1.5511e-06
1.02944e-06
5.90081e-07
2.57642e-07
5.48973e-08
0
0
0
0
0
0
0
0
0
0
0
0
0
0
0
0
0
0
0
0
0
0
0
0
0
0
0
0
0
0
0
0
0
0
0
0
0
0
0
0
0
0
0
-0
-0
-0
-0
-0
-0
-0
-0
-0
-0
-0
-0
-0
-0
-0
-0
-0
-0
-0
-0
-0
-0
-0
-0
-0
-0
-0
-0
-0
-0
-0
-0
-0
-0
-0
-0
-0
-0
0
0
0
0
0
0
0
0
0
0
0
0
0
0
0
0
0
0
0
0
0
0
0
0
0
0
0
0
0
0
0
0
0
0
0
0
0
0
0
0
0
0
0
0
0
0
0
0
0
0
0
0
0
0
0
-0
-0
-0
-0
-0
-0
-0
-0
-0
-0
-0
-0
-0
-0
-0
-0
-0
-0
-0
-0
-0
-0
-0
-0
-0
-0
-0
-0
-0
-0
-0
-0
-0
-0
-0
-0
-0
-0
-0
-0
-0
-0
-0
-0
-0
0
0
0
0
0
0
0
0
0
0
0
0
0
0
0
0
0
0
0
0
0
0
0
0
0
0
0
0
0
0
0
0
0
0
0
0
0
0
0
0
0
0
0
0
0
0
0
0
0
0
0
0
0
0
0
0
0
0
0
0
0
0
0
0
-0
-0
-0
-0
-0
-0
-0
-0
-0
-0
-0
-0
-0
-0
-0
-0
-0
-0
-0
-0
-0
-0
-0
-0
-0
-0
-0
-0
-0
-0
-0
-0
-0
-0
-0
-0
0
0
0
0
0
0
0
0
0
0
0
0
0
0
0
0
0
0
0
0
0
0
0
0
0
0
0
0
0
0
0
0
0
0
0
0
0
0
0
0
0
0
0
0
0
0
0
0
0
0
0
0
0
0
0
0
-0
-0
-0
-0
-0
-0
-0
-0
-0
-0
-0
-0
-0
-0
-0
-0
-0
-0
-0
-0
-0
-0
-0
-0
-0
-0
-0
-0
-0
-0
-0
-0
-0
-0
-0
-0
-0
-0
-0
-0
-0
-0
-0
-0
-0
-0
-0
