-0
-0
-0
-0
-0
-0
-0
-0
-0
-0
-0
-0
-0
-0
-0
-0
-0
-0
-0
-0
-0
-0
-0
-0
-0
0
0
0
0
0
0
0
0
0
0
0
0
0
0
0
0
0
0
0
0
0
0
0
0
0
0
0
0
0
0
0
0
0
0
0
0
0
0
5.31806e-08
-1.87035e-07
-1.06973e-05
-4.43846e-05
-0.000113936
-0.000231525
-0.000408512
-0.000655137
-0.000980243
-0.00139102
-0.0018928
-0.00248885
-0.00318018
-0.00396541
-0.0048406
-0.00579919
-0.00683206
-0.00792752
-0.00907145
-0.0102474
-0.0114367
-0.0126188
-0.0137711
-0.0148695
-0.0158886
-0.0168017
-0.0175812
-0.0181993
-0.0186283
-0.0188414
-0.0188125
-0.0185175
-0.0179336
-0.0170399
-0.0158178
-0.0142515
-0.0123281
-0.0100386
-0.00737749
-0.00434293
-0.000936929
0.00283452
0.00696097
0.0114271
0.0162127
0.021293
0.0266392
0.0322189
0.037997
0.0439349
0.0499908
0.0561197
0.0622736
0.0684024
0.0744548
0.080379
0.0861227
0.0916341
0.0968614
0.101754
0.106262
0.110338
0.113938
0.11702
0.119546
0.12148
0.122793
0.123459
0.123455
0.122768
0.121386
0.119304
0.116519
0.113038
0.108871
0.104034
0.0985543
0.09246
0.0857865
0.0785723
0.0708594
0.0626936
0.0541244
0.0452055
0.0359938
0.0265493
0.0169337
0.00720988
-0.00255916
-0.0123106
-0.0219829
-0.0315294
-0.0409103
-0.0500844
-0.059011
-0.0676493
-0.0759588
-0.0839001
-0.0914353
-0.0985295
-0.105151
-0.111271
-0.116864
-0.121908
-0.126382
-0.130268
-0.133549
-0.136212
-0.138247
-0.139645
-0.140402
-0.140516
-0.13999
-0.138828
-0.137039
-0.134633
-0.131621
-0.12802
-0.123845
-0.119116
-0.113857
-0.108093
-0.101849
-0.0951565
-0.0880445
-0.0805452
-0.0726922
-0.0645209
-0.0560686
-0.0473741
-0.0384777
-0.0294205
-0.020244
-0.0109904
-0.00170133
0.00758146
0.0168168
0.0259638
0.0349822
0.043832
0.052474
0.0608693
0.0689802
0.0767702
0.084204
0.091248
0.0978706
0.104042
0.109736
0.114928
0.119594
0.123716
0.127276
0.130256
0.132643
0.134426
0.135598
0.136155
0.136095
0.135421
0.134136
0.132247
0.129763
0.126694
0.123055
0.118864
0.114138
0.108901
0.103174
0.0969825
0.0903529
0.0833138
0.0758959
0.0681318
0.060056
0.0517042
0.0431136
0.0343231
0.0253723
0.0163017
0.00715245
-0.00203421
-0.0112167
-0.0203528
-0.0293997
-0.0383139
-0.0470521
-0.0555712
-0.0638297
-0.0717878
-0.0794074
-0.0866525
-0.093489
-0.0998846
-0.105809
-0.111235
-0.116135
-0.120485
-0.124263
-0.12745
-0.130027
-0.131981
-0.133301
-0.133982
-0.134019
-0.133413
-0.132166
-0.130285
-0.127778
-0.124658
-0.120941
-0.116647
-0.111796
-0.106414
-0.100526
-0.0941636
-0.0873594
-0.0801495
-0.0725719
-0.0646662
-0.0564729
-0.0480334
-0.0393905
-0.0305881
-0.0216717
-0.0126875
-0.00368229
0.00529696
0.0142035
0.0229906
0.0316122
0.0400225
0.0481769
0.0560321
0.0635465
0.0706802
0.0773949
0.0836538
0.089422
0.0946664
0.0993571
0.103467
0.106973
0.109856
0.1121
0.113691
0.114621
0.11488
0.114467
0.113379
0.111618
0.109192
0.106111
0.102389
0.0980455
0.0931019
0.0875844
0.0815218
0.0749459
0.0678912
0.0603949
0.0524966
0.0442382
0.0356633
0.0268175
0.0177479
0.00850329
-0.000865927
-0.0103083
-0.019772
-0.0292051
-0.0385564
-0.0477756
-0.0568133
-0.0656208
-0.0741504
-0.0823556
-0.0901916
-0.0976155
-0.104587
-0.111068
-0.117022
-0.122416
-0.127219
-0.131405
-0.134949
-0.137831
-0.140035
-0.141551
-0.142369
-0.142485
-0.141897
-0.140608
-0.138621
-0.135945
-0.132593
-0.128581
-0.123929
-0.11866
-0.112803
-0.106387
-0.099446
-0.0920148
-0.0841314
-0.0758358
-0.0671709
-0.0581815
-0.0489144
-0.0394179
-0.0297411
-0.0199344
-0.0100489
-0.000136757
0.00974946
0.0195571
0.0292338
0.0387285
0.0479912
0.0569732
0.0656278
0.0739096
0.0817754
0.089184
0.0960967
0.102477
0.10829
0.113505
0.118092
0.122025
0.125282
0.127843
0.129695
0.130826
0.131231
0.130907
0.129856
0.128081
0.125592
0.122402
0.118525
0.113979
0.108785
0.102967
0.0965524
0.0895706
0.0820554
0.0740433
0.0655731
0.0566859
0.0474248
0.0378349
0.0279634
0.0178593
0.007573
-0.00284453
-0.013342
-0.0238686
-0.0343737
-0.0448075
-0.0551205
-0.0652637
-0.0751889
-0.0848489
-0.0941979
-0.103192
-0.111788
-0.119945
-0.127625
-0.134791
-0.141409
-0.147446
-0.152876
-0.157672
-0.161814
-0.165283
-0.168067
-0.170155
-0.17154
-0.172221
-0.172199
-0.171481
-0.170075
-0.167993
-0.165251
-0.161869
-0.157867
-0.153272
-0.148111
-0.142414
-0.136214
-0.129546
-0.122447
-0.114954
-0.107109
-0.0989532
-0.0905296
-0.0818817
-0.0730535
-0.0640891
-0.055033
-0.0459299
-0.0368245
-0.0277612
-0.0187832
-0.00993231
-0.00124892
0.00722818
0.0154617
0.0234159
0.0310569
0.0383529
0.0452745
0.0517945
0.057888
0.0635322
0.0687071
0.073395
0.0775816
0.0812557
0.0844092
0.0870365
0.0891343
0.0907017
0.09174
0.0922536
0.0922502
0.0917403
0.0907374
0.0892565
0.0873146
0.0849298
0.0821222
0.0789137
0.0753282
0.0713914
0.0671304
0.0625732
0.0577489
0.0526868
0.0474169
0.0419693
0.0363741
0.0306608
0.0248588
0.0189972
0.0131053
0.00721296
0.00134936
-0.0044571
-0.0101798
-0.0157943
-0.0212777
-0.0266088
-0.0317666
-0.0367311
-0.0414829
-0.0460045
-0.0502804
-0.0542975
-0.0580449
-0.0615133
-0.0646949
-0.0675834
-0.0701742
-0.0724646
-0.074454
-0.076143
-0.0775335
-0.0786287
-0.0794329
-0.0799523
-0.080195
-0.0801709
-0.0798913
-0.079368
-0.0786128
-0.0776378
-0.0764557
-0.0750799
-0.0735252
-0.0718068
-0.0699406
-0.067942
-0.0658261
-0.0636082
-0.0613033
-0.058927
-0.0564948
-0.0540216
-0.0515218
-0.0490085
-0.0464943
-0.0439913
-0.0415115
-0.0390667
-0.0366679
-0.034325
-0.0320462
-0.0298383
-0.0277074
-0.0256589
-0.0236984
-0.0218311
-0.0200617
-0.0183936
-0.0168289
-0.0153683
-0.0140117
-0.0127584
-0.0116078
-0.0105585
-0.00960923
-0.0087575
-0.00800016
-0.00733341
-0.0067531
-0.00625511
-0.00583543
-0.0054901
-0.0052149
-0.0050052
-0.0048559
-0.00476164
-0.00471713
-0.00471747
-0.00475821
-0.00483536
-0.00494519
-0.00508415
-0.00524881
-0.00543601
-0.00564292
-0.0058671
-0.00610641
-0.00635884
-0.00662245
-0.00689545
-0.00717633
-0.00746416
-0.00775862
-0.00805994
-0.00836866
-0.00868534
-0.00901039
-0.00934409
-0.00968679
-0.0100392
-0.0104023
-0.0107779
-0.0111679
-0.0115742
-0.0119985
-0.0124424
-0.012907
-0.0133931
-0.0139016
-0.0144334
-0.0149895
-0.0155709
-0.0161787
-0.0168136
-0.0174758
-0.0181652
-0.0188816
-0.0196247
-0.0203939
-0.021189
-0.022009
-0.0228529
-0.0237187
-0.0246041
-0.0255067
-0.0264238
-0.027353
-0.0282916
-0.0292362
-0.0301833
-0.0311288
-0.0320684
-0.0329982
-0.0339145
-0.0348137
-0.0356922
-0.0365458
-0.03737
-0.0381597
-0.0389102
-0.0396169
-0.0402754
-0.0408813
-0.0414304
-0.0419181
-0.0423402
-0.0426926
-0.0429722
-0.0431759
-0.0433008
-0.0433441
-0.0433031
-0.0431752
-0.0429586
-0.0426526
-0.0422566
-0.0417705
-0.0411942
-0.0405277
-0.0397717
-0.0389277
-0.037998
-0.0369858
-0.0358941
-0.0347258
-0.0334831
-0.0321689
-0.0307869
-0.0293422
-0.027841
-0.0262901
-0.0246955
-0.0230629
-0.0213972
-0.0197042
-0.0179905
-0.0162637
-0.0145322
-0.012804
-0.0110865
-0.0093865
-0.00771056
-0.0060659
-0.00446026
-0.00290155
-0.00139717
4.65322e-05
0.0014241
0.00273046
0.00396021
0.00510743
0.00616596
0.00713016
0.00799555
0.00875891
0.0094179
0.00997033
0.0104138
0.0107456
0.0109618
0.0110559
0.0110272
0.0108769
0.0106067
0.0102193
0.00971772
0.00910585
0.00838847
0.0075714
0.00666123
0.00566511
0.00459056
0.00344554
0.00223864
0.00097924
-0.00032272
-0.00165707
-0.00301381
-0.0043833
-0.00575616
-0.00712304
-0.00847447
-0.00980098
-0.0110934
-0.0123434
-0.0135432
-0.0146856
-0.0157641
-0.016772
-0.0177033
-0.0185525
-0.0193149
-0.019987
-0.0205661
-0.0210502
-0.0214376
-0.0217277
-0.0219203
-0.0220165
-0.0220183
-0.0219284
-0.02175
-0.0214864
-0.0211417
-0.0207201
-0.0202271
-0.0196683
-0.01905
-0.0183787
-0.0176608
-0.0169025
-0.0161103
-0.0152911
-0.0144515
-0.0135984
-0.0127382
-0.0118769
-0.0110202
-0.0101734
-0.00934206
-0.0085312
-0.00774563
-0.00698956
-0.00626652
-0.00557943
-0.00493069
-0.00432237
-0.00375615
-0.00323331
-0.00275457
-0.00232006
-0.00192936
-0.00158155
-0.00127538
-0.00100927
-0.000781313
-0.000589299
-0.00043067
-0.000302591
-0.000202019
-0.000125774
-7.05947e-05
-3.3172e-05
-1.01809e-05
1.6779e-06
5.62726e-06
4.76186e-06
2.0038e-06
6.67653e-08
0
0
0
0
0
0
0
0
0
0
0
0
0
0
0
0
0
0
0
0
0
0
0
0
0
0
0
0
0
0
0
0
-0
-0
-0
-0
-0
-0
-0
-0
-0
-0
-0
-0
-0
-0
-0
-0
-0
-0
-0
-0
-0
-0
-0
-0
-0
-0
-0
-0
-0
-0
-0
-0
-0
-0
-0
-0
-0
-0
-0
-0
-0
-0
-0
-0
-0
-0
-0
-0
-0
-0
-0
-0
-0
-0
-0
-0
-0
0
0
0
0
0
0
0
0
0
0
0
0
0
0
0
0
0
0
0
0
0
0
0
0
0
0
0
0
0
0
0
0
0
0
0
0
0
0
0
0
0
0
0
0
0
0
-0
-0
-0
-0
-0
-0
-0
-0
-0
-0
-0
-0
-0
-0
-0
-0
-0
-0
-0
-0
-0
-0
-0
-0
-0
-0
-0
-0
-0
-0
-0
-0
0
0
0
0
0
0
0
0
0
0
0
0
0
0
0
0
0
0
0
0
0
0
0
0
0
0
0
0
0
0
0
0
0
0
3.84973e-07
1.51362e-05
5.21934e-05
0.000112648
0.000197372
0.000307008
0.000441982
0.000602501
0.000788552
0.00099989
0.00123603
0.00149625
0.00177963
0.00208509
0.00241139
0.00275721
0.00312109
0.00350149
0.00389676
0.00430526
0.00472528
0.00515519
0.00559333
0.00603807
0.00648782
0.00694117
0.00739701
0.00785457
0.00831332
0.00877288
0.0092328
0.00969275
0.0101526
0.0106128
0.0110744
0.0115394
0.0120102
0.012489
0.0129778
0.0134783
0.0139921
0.0145216
0.0150697
0.0156403
0.0162372
0.016864
0.0175239
0.0182191
0.018952
0.0197245
0.0205391
0.0213976
0.022302
0.0232535
0.0242535
0.0253033
0.0264037
0.0275557
0.0287589
0.0300121
0.0313132
0.0326589
0.034047
0.0354752
0.036942
0.0384451
0.0399804
0.0415422
0.0431238
0.0447183
0.0463203
0.0479243
0.0495257
0.0511189
0.0526971
0.0542527
0.0557766
0.0572609
0.0586987
0.060084
0.0614115
0.062675
0.0638684
0.0649853
0.06602
0.0669676
0.0678237
0.0685837
0.0692432
0.0697973
0.0702438
0.0706117
0.0709121
0.0711459
0.071314
0.0714144
0.0714464
0.0714077
0.0712967
0.0711136
0.0708584
0.0705362
0.0701498
0.0697016
0.0691935
0.0686249
0.0680014
0.067327
0.0666063
0.0658437
0.0650395
0.0642001
0.0633293
0.0624313
0.0615117
0.060573
0.0596242
0.0586695
0.0577123
0.0567556
0.0557996
0.0548517
0.0539165
0.0529986
0.052102
0.0512279
0.0503811
0.0495655
0.0487859
0.0480477
0.0473562
0.0467147
0.0461249
0.0455868
0.0451
0.0446672
0.0442863
0.0439587
0.0436849
0.0434649
0.0433034
0.0431928
0.0431319
0.0431206
0.0431595
0.0432586
0.0434078
0.0436056
0.0438498
0.0441388
0.0444845
0.0448739
0.0453067
0.0457816
0.0462957
0.0468598
0.0474543
0.0480753
0.0487205
0.0493887
0.0500946
0.0508221
0.0515694
0.0523348
0.0531164
0.0539257
0.0547489
0.0555851
0.0564331
0.0572917
0.0581677
0.0590521
0.0599454
0.0608485
0.0617628
0.0626892
0.0636279
0.0645784
0.0655404
0.066514
0.0674894
0.0684785
0.0694821
0.0705004
0.0715332
0.0725579
0.0735981
0.0746552
0.0757311
0.0768268
0.0779073
0.0790054
0.0801184
0.0812437
0.0823794
0.0834794
0.0845872
0.0857007
0.0868163
0.0879293
0.0889839
0.0900264
0.0910524
0.0920574
0.0930355
0.0939293
0.0947806
0.0955806
0.0963202
0.0969908
0.0975418
0.0980067
0.0983762
0.0986401
0.0987889
0.0987883
0.098657
0.0983885
0.0979758
0.0974105
0.0966811
0.0957786
0.0946934
0.0934184
0.0919489
0.0903116
0.0884757
0.0864398
0.0842017
0.0817597
0.0791748
0.0763856
0.0733946
0.0702062
0.0668265
0.0633562
0.059711
0.0559011
0.0519384
0.047836
0.0437256
0.0395046
0.0351895
0.0307988
0.0263533
0.0220051
0.0176476
0.0133042
0.00899811
0.00475288
0.000718662
-0.00320508
-0.00699127
-0.0106114
-0.0140364
-0.0171338
-0.01998
-0.0225485
-0.0248141
-0.0267526
-0.0282781
-0.029432
-0.0301945
-0.030547
-0.0304718
-0.0299461
-0.0289615
-0.0275056
-0.0255692
-0.0231461
-0.0202934
-0.0169507
-0.0131194
-0.00880221
-0.00400372
0.00114044
0.00674741
0.0128021
0.0192856
0.0261757
0.0332585
0.0406961
0.0484592
0.0565162
0.0648329
0.0731405
0.0816345
0.0902761
0.0990244
0.107836
0.116416
0.124966
0.133438
0.141781
0.149948
0.157649
0.165076
0.172184
0.178925
0.185254
0.190935
0.196117
0.200757
0.204814
0.20825
0.210914
0.212887
0.214142
0.214651
0.214394
0.213334
0.211472
0.208797
0.2053
0.20098
0.195932
0.190068
0.183397
0.175934
0.167696
0.158907
0.149393
0.139183
0.128314
0.116825
0.105051
0.0927449
0.0799545
0.0667335
0.0531389
0.0395848
0.0257777
0.0117803
-0.00234353
-0.0165273
-0.0303292
-0.0440537
-0.0576311
-0.0709925
-0.0840702
-0.0964523
-0.10842
-0.119909
-0.130856
-0.141199
-0.150605
-0.159293
-0.167212
-0.174314
-0.180554
-0.185729
-0.189962
-0.193218
-0.195471
-0.196702
-0.196874
-0.195998
-0.194065
-0.191069
-0.187009
-0.182014
-0.175973
-0.168906
-0.160842
-0.151812
-0.142115
-0.131527
-0.120089
-0.107851
-0.094866
-0.0815626
-0.0676335
-0.0531445
-0.0381649
-0.022768
-0.00746426
0.00810309
0.0238553
0.039713
0.0555969
0.0709824
0.0862343
0.101271
0.116011
0.130372
0.143877
0.156853
0.169232
0.180949
0.191942
0.201847
0.210907
0.219067
0.226276
0.23249
0.237509
0.241462
0.244323
0.246072
0.246694
0.24618
0.24453
0.241748
0.237843
0.232827
0.226878
0.219862
0.211811
0.202765
0.192769
0.182176
0.170733
0.158495
0.145519
0.131868
0.118018
0.103634
0.0887896
0.0735604
0.0580233
0.0427148
0.0272558
0.0117275
-0.00378757
-0.0192076
-0.0340033
-0.0485492
-0.0627721
-0.0765988
-0.0899559
-0.102388
-0.11421
-0.125356
-0.135769
-0.145395
-0.153921
-0.161568
-0.168296
-0.174069
-0.178859
-0.182526
-0.185168
-0.186774
-0.187335
-0.186848
-0.185367
-0.182849
-0.179308
-0.174769
-0.169259
-0.163021
-0.155879
-0.147869
-0.139034
-0.12942
-0.119418
-0.108748
-0.0974695
-0.0856471
-0.0733454
-0.0610516
-0.0484112
-0.0354935
-0.0223712
-0.00911896
0.00374013
0.0165803
0.0293294
0.0419169
0.0542733
0.0659158
0.0771941
0.0880446
0.0984056
0.108217
0.117096
0.125316
0.132832
0.1396
0.145583
0.150553
0.154679
0.157939
0.160311
0.161781
0.162293
0.161886
0.160561
0.158326
0.155192
0.151292
0.146533
0.140941
0.13455
0.127395
0.119774
0.111473
0.102539
0.0930208
0.0829688
0.0728004
0.0622075
0.0512468
0.0399772
0.0284594
0.017177
0.00576931
-0.00570205
-0.0171757
-0.0285912
-0.0394638
-0.0501641
-0.0606381
-0.0708322
-0.0806933
-0.0897931
-0.0984605
-0.106652
-0.114328
-0.121454
-0.127719
-0.133374
-0.138394
-0.142754
-0.146433
-0.14926
-0.151374
-0.152767
-0.153436
-0.15338
-0.152599
-0.151105
-0.148913
-0.146036
-0.142493
-0.138442
-0.13377
-0.128503
-0.12267
-0.116306
-0.109709
-0.102653
-0.0951776
-0.0873235
-0.079132
-0.071001
-0.0626199
-0.0540337
-0.0452883
-0.0364286
-0.0279021
-0.0193454
-0.0107982
-0.0023005
0.00610644
0.0139743
0.0216689
0.0291511
0.0363838
0.0433329
0.0496038
0.055533
0.0610963
0.0662719
0.0710402
0.0751027
0.0787259
0.0818967
0.0846033
0.0868359
0.0884171
0.0895131
0.090123
0.0902488
0.0898941
0.0890209
0.0876772
0.0858689
0.0836038
0.0808912
0.0778303
0.0743472
0.0704571
0.0661764
0.0615225
0.0567201
0.0515811
0.0461255
0.0403744
0.0343509
0.0283823
0.0221909
0.0158026
0.00924368
0.00254007
-0.0039159
-0.0104666
-0.017087
-0.0237512
-0.0304312
-0.0367057
-0.0429406
-0.0491102
-0.055191
-0.0611613
-0.0666212
-0.0719317
-0.0770743
-0.0820297
-0.0867791
-0.0909764
-0.0949335
-0.0986354
-0.102067
-0.105216
-0.107823
-0.110122
-0.112105
-0.113765
-0.115096
-0.115961
-0.116493
-0.116687
-0.116544
-0.116063
-0.115236
-0.114077
-0.112591
-0.110782
-0.108653
-0.106321
-0.103679
-0.100733
-0.097496
-0.0939779
-0.0904152
-0.086595
-0.0825283
-0.0782269
-0.0737043
-0.06929
-0.0646862
-0.0599094
-0.0549755
-0.0499006
-0.0450725
-0.0401308
-0.0350836
-0.0299622
-0.0247998
-0.0200153
-0.0152462
-0.0105163
-0.0058479
-0.00126361
0.00285517
0.00684676
0.0106879
0.014356
0.0178305
0.0208048
0.0235565
0.0260717
0.0283381
0.0303457
0.0318961
0.0331802
0.0341959
0.0349422
0.0354189
0.0355443
0.0354096
0.0350234
0.0343977
0.0335471
0.032503
0.0312635
0.0298427
0.0282547
0.0265146
0.024734
0.0228342
0.0208365
0.0187624
0.0166324
0.0146066
0.0125533
0.0104898
0.00843382
0.00640362
0.0045726
0.0027909
0.00107318
-0.000567729
-0.00212057
-0.00343274
-0.00465043
-0.0057661
-0.00677309
-0.00766592
-0.00832843
-0.00888208
-0.00932643
-0.00966248
-0.00989253
-0.00994508
-0.00990899
-0.00978963
-0.0095929
-0.00932523
-0.00895276
-0.00853018
-0.00806548
-0.00756687
-0.00704251
-0.00648428
-0.00591898
-0.00535381
-0.00479561
-0.00425091
-0.00372327
-0.00322123
-0.00274932
-0.00231114
-0.00190948
-0.00154813
-0.00122598
-0.000943836
-0.000701872
-0.000499518
-0.000336577
-0.00020913
-0.00011482
-5.08013e-05
-1.3818e-05
-2.56253e-07
-0
-0
-0
-0
-0
-0
-0
-0
-0
-0
-0
-0
-0
-0
-0
-0
-0
-0
-0
0
0
0
0
0
0
0
0
0
0
0
0
0
0
0
0
0
0
0
0
0
0
0
0
0
0
0
0
0
0
0
0
0
0
0
0
0
0
0
0
0
0
0
0
