0
0
0
0
0
0
0
0
0
0
0
0
0
0
0
0
0
0
0
0
0
0
0
0
0
0
0
0
0
0
0
0
0
0
0
0
0
0
0
0
0
0
0
0
0
0
0
0
0
0
0
0
0
0
0
0
0
0
0
0
0
0
0
0
0
0
0
0
0
0
0
0
0
0
0
0
0
0
0
0
0
0
0
0
0
0
0
0
0
0
0
0
0
0
0
0
0
0
0
0
0
0
0
0
0
0
0
0
0
0
0
0
0
0
0
0
0
0
0
0
0
0
0
0
0
0
0
0
0
0
0
0
0
0
0
0
0
0
0
0
0
0
0
0
0
0
0
0
0
0
0
0
0
0
0
0
0
0
0
0
0
0
0
0
0
0
0
0
0
0
0
0
0
0
0
0
0
0
0
0
0
0
0
0
0
0
0
0
0
0
0
0
0
0
0
0
0
0
0
0
0
0
0
0
0
0
0
0
0
0
0
0
0
0
0
0
0
0
0
0
0
0
0
0
0
0
0
0
0
0
0
0
0
0
0
0
0
0
0
0
0
0
0
0
0
0
0
0
0
0
0
0
0
0
0
0
0
0
0
0
0
0
0
0
0
0
0
0
0
0
0
0
0
0
0
0
0
0
0
0
0
0
0
0
0
0
0
0
0
0
0
0
0
0
0
0
0
0
0
0
0
0
0
0
0
0
0
0
0
0
0
0
0
0
0
0
0
0
0
0
0
0
0
0
0
0
0
0
0
0
0
0
0
0
0
0
0
0
0
0
0
0
0
0
0
0
0
0
0
0
0
0
0
0
0
0
0
0
0
0
0
0
0
0
0
0
0
0
0
0
0
0
0
0
0
0
0
0
0
0
0
0
0
0
1.63285e-05
8.60894e-05
0.000220164
0.000426994
0.000713091
0.00108292
0.00153881
0.00208086
0.00270693
0.0034126
0.00419122
0.00503403
0.00593029
0.00686738
0.00783097
0.0088051
0.00977239
0.0107143
0.0116116
0.0124444
0.0131927
0.0138366
0.014356
0.0147317
0.0149448
0.0149775
0.0148133
0.0144378
0.0138381
0.0130037
0.0119265
0.0106005
0.00902249
0.00719177
0.00511036
0.00278301
0.000217254
-0.00257658
-0.00558529
-0.00879279
-0.0121802
-0.0157258
-0.0194056
-0.0231933
-0.0270606
-0.0309773
-0.0349125
-0.0388338
-0.0427089
-0.0465045
-0.0501874
-0.0537239
-0.0570806
-0.0602243
-0.0631233
-0.0657473
-0.0680684
-0.0700605
-0.0716999
-0.0729646
-0.0738352
-0.0742951
-0.0743309
-0.0739328
-0.0730948
-0.0718142
-0.070092
-0.0679323
-0.065343
-0.0623352
-0.0589239
-0.055127
-0.0509651
-0.0464618
-0.0416432
-0.0365383
-0.0311795
-0.0256015
-0.0198416
-0.0139378
-0.00792899
-0.00185391
0.00424841
0.0103388
0.0163779
0.0223267
0.0281471
0.0338021
0.0392563
0.0444759
0.0494417
0.0541464
0.0585705
0.0626966
0.0665095
0.0699956
0.0731424
0.0759386
0.0783733
0.0804374
0.082124
0.0834294
0.0843524
0.0848944
0.0850579
0.0848463
0.0842631
0.0833131
0.0820027
0.0803408
0.0783387
0.0760099
0.0733694
0.0704335
0.0672193
0.063745
0.0600297
0.0560934
0.0519566
0.0476401
0.043165
0.0385529
0.0338266
0.0290098
0.0241274
0.0192041
0.0142642
0.00933094
0.00442649
-0.000427062
-0.0052073
-0.00989137
-0.0144566
-0.0188813
-0.0231458
-0.0272325
-0.0311251
-0.0348082
-0.0382659
-0.0414828
-0.0444441
-0.0471372
-0.049552
-0.0516809
-0.0535179
-0.0550578
-0.0562957
-0.0572277
-0.0578513
-0.0581665
-0.0581753
-0.0578817
-0.0572908
-0.0564083
-0.0552404
-0.0537947
-0.0520805
-0.0501091
-0.0478932
-0.0454468
-0.0427848
-0.0399226
-0.0368769
-0.0336653
-0.0303062
-0.0268181
-0.0232192
-0.0195276
-0.0157615
-0.0119407
-0.00808636
-0.00422061
-0.000365435
0.00345865
0.00723317
0.0109412
0.0145663
0.0180913
0.0214978
0.0247673
0.0278817
0.0308247
0.0335821
0.0361408
0.0384889
0.0406149
0.0425082
0.0441596
0.0455621
0.0467106
0.0476012
0.048231
0.0485972
0.0486982
0.0485339
0.0481065
0.0474203
0.0464805
0.045293
0.0438641
0.0422006
0.040311
0.038206
0.0358986
0.0334026
0.0307321
0.0279005
0.0249212
0.0218079
0.018576
0.0152428
0.0118269
0.00834706
0.00482164
0.00126838
-0.00229492
-0.00584949
-0.00937523
-0.0128512
-0.0162568
-0.0195731
-0.0227832
-0.0258726
-0.0288278
-0.0316352
-0.0342805
-0.0367487
-0.0390247
-0.0410943
-0.0429448
-0.0445655
-0.0459468
-0.04708
-0.0479566
-0.0485686
-0.0489086
-0.0489705
-0.0487503
-0.0482463
-0.0474589
-0.0463903
-0.0450437
-0.0434231
-0.0415335
-0.0393808
-0.0369726
-0.0343177
-0.0314261
-0.0283085
-0.024976
-0.0214405
-0.0177146
-0.0138131
-0.00975286
-0.00555238
-0.00123147
0.00318992
0.00769222
0.0122562
0.0168628
0.021492
0.0261233
0.0307349
0.0353048
0.0398105
0.0442299
0.0485411
0.0527223
0.0567521
0.0606095
0.0642741
0.0677265
0.0709477
0.0739196
0.0766245
0.0790451
0.0811651
0.0829693
0.0844438
0.0855762
0.0863558
0.086773
0.0868201
0.0864909
0.0857804
0.0846854
0.0832036
0.0813343
0.0790781
0.0764376
0.0734176
0.0700253
0.0662702
0.0621638
0.0577193
0.0529515
0.0478768
0.0425129
0.0368796
0.0309975
0.0248889
0.0185771
0.0120871
0.00544563
-0.00131833
-0.00817402
-0.0150894
-0.022032
-0.0289696
-0.0358703
-0.0427024
-0.049434
-0.0560325
-0.0624651
-0.0686987
-0.0747002
-0.0804371
-0.0858777
-0.0909907
-0.0957463
-0.100116
-0.104074
-0.107596
-0.110661
-0.113249
-0.115342
-0.116923
-0.117977
-0.118491
-0.118454
-0.117858
-0.116699
-0.114977
-0.112693
-0.109851
-0.106461
-0.102533
-0.0980814
-0.0931219
-0.0876728
-0.0817547
-0.0753904
-0.0686051
-0.061427
-0.053887
-0.0460182
-0.037856
-0.0294376
-0.0208024
-0.0119913
-0.00304684
0.00598739
0.0150675
0.0241499
0.0331911
0.0421481
0.0509785
0.0596397
0.0680897
0.0762871
0.0841907
0.0917607
0.0989575
0.105743
0.11208
0.117934
0.123273
0.128066
0.132288
0.135915
0.138928
0.141313
0.143055
0.144149
0.14459
0.144379
0.143519
0.142017
0.139885
0.137136
0.133788
0.129861
0.125377
0.120364
0.114849
0.108863
0.102438
0.0956106
0.0884179
0.0808987
0.0730934
0.0650432
0.0567902
0.0483776
0.0398492
0.0312488
0.0226207
0.0140083
0.00545451
-0.00299853
-0.0113094
-0.0194376
-0.0273438
-0.0349906
-0.0423422
-0.0493652
-0.0560284
-0.0623024
-0.0681605
-0.0735781
-0.0785337
-0.0830087
-0.0869872
-0.0904564
-0.0934058
-0.0958277
-0.0977173
-0.099073
-0.0998962
-0.100192
-0.0999669
-0.0992313
-0.0979967
-0.0962773
-0.0940896
-0.0914527
-0.0883882
-0.0849076
-0.0810212
-0.0767596
-0.0721556
-0.0672437
-0.0620601
-0.0566426
-0.0510297
-0.0452605
-0.0393738
-0.0334083
-0.0274021
-0.0213928
-0.0154172
-0.00951072
-0.00370756
0.00196001
0.00746158
0.0127687
0.0178552
0.0226969
0.0272725
0.031563
0.0355524
0.0392272
0.0425765
0.0455919
0.0482675
0.0505997
0.0525877
0.0542329
0.0555391
0.0565121
0.0571597
0.0574917
0.0575193
0.0572555
0.0567143
0.055911
0.0548618
0.0535837
0.0520942
0.0504115
0.048554
0.0465402
0.0443883
0.0421165
0.0397426
0.0372839
0.0347575
0.03218
0.0295671
0.0269337
0.0242937
0.0216602
0.0190452
0.0164602
0.0139156
0.0114209
0.00898472
0.00661442
0.00431659
0.00209694
-3.95611e-05
-0.00208864
-0.00404673
-0.00591099
-0.0076793
-0.00935013
-0.0109225
-0.012396
-0.0137704
-0.0150462
-0.0162239
-0.0173044
-0.0182886
-0.0191774
-0.0199718
-0.0206728
-0.0212813
-0.0217983
-0.0222247
-0.0225615
-0.0228091
-0.0229679
-0.0230379
-0.023019
-0.0229106
-0.022696
-0.022359
-0.0218914
-0.0212868
-0.0205488
-0.0196825
-0.0186981
-0.017599
-0.0163937
-0.0150919
-0.0137044
-0.0122528
-0.01074
-0.00918003
-0.00758746
-0.00597744
-0.00437949
-0.00279482
-0.00123964
0.000269648
0.00171661
0.00306967
0.00432992
0.00548245
0.00651314
0.00740877
0.00814345
0.0087217
0.00913415
0.00937312
0.00943273
0.00929978
0.00898351
0.00848412
0.00780396
0.00694767
0.00591847
0.00473125
0.00339773
0.00193191
0.000349969
-0.00132931
-0.00308488
-0.0048946
-0.00673468
-0.00857987
-0.0104027
-0.0121766
-0.0138735
-0.015465
-0.0169227
-0.0182226
-0.0193338
-0.0202298
-0.0208852
-0.0212764
-0.0213959
-0.0212118
-0.020707
-0.0198676
-0.0186828
-0.0171734
-0.0153091
-0.0130892
-0.0105172
-0.00760029
-0.00439342
-0.000870524
0.00294976
0.00704498
0.0113889
0.0158969
0.0205884
0.0254276
0.0303762
0.0353935
0.0403784
0.045344
0.0502457
0.0550379
0.0596752
0.0640605
0.0682009
0.0720542
0.0755801
0.0787406
0.0814658
0.0837582
0.08559
0.0869374
0.0878372
0.0883046
0.0883388
0.0879319
0.0870778
0.0857727
0.0840345
0.0818447
0.0792066
0.0761259
0.0726109
0.0687206
0.0644204
0.0597263
0.0546564
0.049231
0.0435449
0.0375498
0.0312721
0.0247398
0.017983
0.0111227
0.00410227
-0.00304438
-0.0102824
-0.0175761
-0.0247933
-0.0319931
-0.0391385
-0.0461922
-0.0531172
-0.0597863
-0.0662541
-0.0724857
-0.0784471
-0.0841054
-0.0893559
-0.0942421
-0.0987362
-0.102812
-0.106445
-0.109568
-0.112208
-0.114347
-0.115972
-0.11707
-0.117621
-0.11763
-0.117095
-0.116017
-0.114396
-0.112262
-0.1096
-0.106421
-0.102738
-0.0985678
-0.0939858
-0.0889569
-0.0835048
-0.0776556
-0.0714379
-0.0649652
-0.0581865
-0.0511354
-0.0438469
-0.0363578
-0.0288051
-0.0211276
-0.0133642
-0.00555396
0.00226373
0.00994593
0.0175584
0.0250633
0.0324237
0.0396033
0.0464717
0.0530915
0.0594314
0.0654618
0.0711549
0.0764083
0.0812737
0.0857293
0.089755
0.0933338
0.0964033
0.0989991
0.101112
0.102735
0.103863
0.104482
0.104607
0.104241
0.103392
0.102069
0.100299
0.0980788
0.0954218
0.0923459
0.0888706
0.0850659
0.0809061
0.0764154
0.0716198
0.0665465
0.061295
0.0558236
0.0501619
0.04434
0.0383883
0.0324212
0.0263849
0.0203097
0.014226
0.00816385
0.00223911
-0.00360621
-0.00934467
-0.0149498
-0.0203962
-0.0255811
-0.0305609
-0.0353148
-0.0398237
-0.0440699
-0.0479752
-0.0515873
-0.0548937
-0.0578831
-0.0605465
-0.0628363
-0.0647875
-0.0663967
-0.0676624
-0.0685847
-0.0691505
-0.0693787
-0.0692743
-0.0688438
-0.0680946
-0.067045
-0.065696
-0.0640594
-0.0621485
-0.0599779
-0.0575939
-0.0549818
-0.0521581
-0.0491399
-0.0459449
-0.042638
-0.0391906
-0.0356214
-0.0319487
-0.0281913
-0.0244241
-0.0206091
-0.016765
-0.0129097
-0.00906115
-0.00529503
-0.00156896
0.00210133
0.00570052
0.00921378
0.0125724
0.0158177
0.0189375
0.0219206
0.0247566
0.027391
0.0298599
0.0321556
0.0342712
0.036201
0.0379091
0.0394232
0.0407405
0.0418586
0.0427762
0.0434768
0.0439767
0.0442774
0.0443814
0.0442924
0.044015
0.0435535
0.0429134
0.0421007
0.041122
0.0399994
0.0387256
0.0373084
0.0357562
0.0340775
0.0323082
0.0304305
0.0284546
0.026391
0.0242508
0.0220806
0.0198556
0.0175861
0.015282
0.0129532
0.0106496
0.00834255
0.00604315
0.00376223
0.00150978
-0.000666206
-0.00279683
-0.00487427
-0.00689022
-0.00883574
-0.0106671
-0.0124101
-0.0140571
-0.0156018
-0.0170388
-0.0183366
-0.0195166
-0.0205739
-0.0215037
-0.0223026
-0.0229524
-0.0234675
-0.023847
-0.02409
-0.0241953
-0.0241588
-0.023984
-0.0236724
-0.0232266
-0.02265
-0.0219552
-0.0211365
-0.0201972
-0.0191413
-0.0179734
-0.0167195
-0.0153662
-0.0139204
-0.0123891
-0.0107792
-0.00912683
-0.00741072
-0.00563899
-0.00382018
-0.00196301
-0.000110477
0.00176321
0.00364927
0.00553852
0.00742152
0.00925318
0.0110604
0.0128351
0.0145697
0.0162567
0.0178555
0.019391
0.0208548
0.0222391
0.0235366
0.024715
0.025795
0.0267716
0.0276402
0.0283964
0.0290205
0.0295246
0.0299059
0.0301621
0.0302914
0.0302889
0.0301577
0.0298976
0.0295099
0.0289962
0.0283686
0.0276202
0.0267538
0.0257728
0.0246809
0.0235045
0.0222276
0.0208562
0.0193971
0.0178569
0.0162738
0.0146231
0.0129123
0.0111495
0.00934359
0.0075414
0.00571398
0.00386977
0.00201699
0.000163943
-0.00164107
-0.00342853
-0.00518908
-0.00691358
-0.00859339
-0.010184
-0.0117145
-0.0131777
-0.014566
-0.0158716
-0.0170581
-0.0181478
-0.019135
-0.0200149
-0.0207833
-0.0214185
-0.0219347
-0.0223283
-0.0225961
-0.0227358
-0.0227415
-0.0226164
-0.0223602
-0.0219731
-0.021456
-0.0208213
-0.0200613
-0.0191792
-0.018179
-0.0170644
-0.0158636
-0.0145565
-0.013148
-0.0116441
-0.010052
-0.00841496
-0.00670257
-0.00492283
-0.00308655
-0.00120506
0.000666639
0.00255924
0.00445987
0.00635572
0.00823438
0.0100393
0.011804
0.013517
0.0151669
0.0167429
0.0181948
0.0195547
0.0208146
0.0219671
0.0230054
0.0238922
0.024654
0.025287
0.0257886
0.026158
0.0263765
0.0264641
0.0264226
0.0262543
0.0259629
0.0255477
0.0250202
0.0243869
0.0236549
0.0228313
0.0219305
0.0209544
0.0199123
0.0188137
0.0176686
0.0165014
0.0153057
0.014091
0.0128667
0.0116425
0.0104473
0.00926915
0.00811603
0.00699533
0.00591375
0.00489749
0.00393059
0.00301823
0.00216494
0.00137436
0.000666512
2.44938e-05
-0.000550357
-0.00105739
-0.00149669
-0.00185669
-0.00215313
-0.00238836
-0.00256523
-0.00268696
-0.00274965
-0.00276578
-0.00273959
-0.00267565
-0.00257876
-0.00245056
-0.00229989
-0.0021316
-0.00195045
-0.00176109
-0.00156721
-0.0013739
-0.00118492
-0.00100361
-0.000832871
-0.000675406
-0.000532905
-0.000406905
-0.000298412
-0.000207873
-0.000135378
-7.99608e-05
-4.05309e-05
-1.55115e-05
-2.86258e-06
0
0
0
0
0
0
0
0
0
0
0
0
0
0
0
0
0
0
0
0
0
0
0
0
0
0
0
0
0
0
0
0
0
0
0
0
0
0
0
0
0
0
0
0
0
0
0
0
0
0
0
0
0
0
0
0
0
0
0
0
0
0
0
0
0
0
0
0
0
0
0
0
0
0
0
0
0
0
0
0
0
0
0
0
0
0
0
0
0
0
0
0
0
0
0
0
0
0
0
0
0
0
0
0
0
0
0
0
0
0
0
0
0
0
0
0
0
0
0
0
0
0
0
0
0
0
0
0
0
0
0
0
0
0
0
0
0
0
0
0
0
0
0
0
0
0
0
0
0
0
0
0
0
0
0
0
0
0
0
0
0
0
0
0
0
0
0
0
0
0
0
0
0
0
0
0
0
0
0
0
0
0
0
0
0
0
0
0
0
0
0
0
0
0
0
0
0
0
0
0
0
0
0
0
0
0
0
0
0
0
0
0
0
0
0
0
0
0
0
0
0
0
0
0
0
0
0
0
0
0
0
0
0
0
0
0
0
0
0
0
0
0
0
0
0
0
0
0
0
0
0
0
0
0
0
0
0
0
0
0
0
0
0
0
0
0
0
0
0
0
0
0
0
0
0
0
0
0
0
0
0
0
0
0
0
0
0
0
0
0
0
0
0
0
0
0
0
0
0
0
0
0
0
0
0
0
0
0
0
0
0
0
0
0
0
0
0
0
0
0
0
0
0
0
0
0
0
0
0
0
0
0
0
0
0
0
0
0
0
0
0
0
0
0
0
0
0
0
0
0
0
0
0
0
0
0
0
0
0
0
0
0
0
0
0
0
0
0
0
0
0
0
0
0
0
0
0
0
0
0
0
0
0
0
