0
0
0
0
0
0
0
0
0
0
0
0
0
0
0
0
0
0
0
0
0
0
0
0
0
0
0
0
0
0
0
0
0
0
0
0
0
0
0
0
0
0
0
0
-0
-0
-0
-0
-0
-0
-0
-0
-0
-0
-0
-0
-0
-0
-0
-0
-0
-0
-0
-0
-0
-0
-0
-0
-0
-0
-0
-0
-0
-0
-0
-0
-0
-0
-0
-0
-0
-0
-0
-0
-0
-0
-0
2.98686e-08
6.63832e-06
3.87743e-05
0.000116937
0.000261888
0.000494266
0.000834192
0.00130087
0.00191218
0.0026843
0.00363134
0.00476498
0.00609412
0.00762462
0.00935896
0.011296
0.013431
0.0157552
0.0182559
0.0209166
0.0237166
0.0266317
0.0296334
0.0326902
0.0357669
0.0388255
0.0418251
0.0447228
0.0474738
0.0500322
0.0523514
0.054385
0.0560872
0.0574131
0.0583193
0.058764
0.0587077
0.0581138
0.0569494
0.0551862
0.0528009
0.0497759
0.0460998
0.041767
0.0367784
0.031141
0.0248681
0.0179792
0.0104999
0.00246199
-0.00609646
-0.0151312
-0.0245919
-0.0344224
-0.0445614
-0.0549428
-0.065497
-0.0761512
-0.0868305
-0.0974582
-0.107957
-0.118249
-0.128257
-0.137903
-0.14711
-0.155801
-0.163902
-0.171342
-0.178053
-0.183977
-0.18906
-0.193255
-0.196523
-0.198829
-0.200146
-0.200453
-0.199735
-0.197988
-0.195215
-0.191425
-0.186638
-0.18088
-0.174185
-0.166595
-0.158156
-0.148924
-0.138958
-0.128321
-0.117081
-0.10531
-0.0930843
-0.0805161
-0.0676825
-0.0546413
-0.0414505
-0.0281678
-0.0148513
-0.00155973
0.0116474
0.0247109
0.0375726
0.0501777
0.0624745
0.0744155
0.0859564
0.0970557
0.107674
0.117775
0.127324
0.136289
0.144639
0.152347
0.159386
0.165732
0.171365
0.176269
0.180431
0.183845
0.186508
0.188422
0.189589
0.190017
0.189714
0.188693
0.186966
0.184549
0.181459
0.177716
0.173339
0.168353
0.162785
0.156662
0.150016
0.142878
0.135281
0.127257
0.118837
0.110052
0.100935
0.0915189
0.0818364
0.0719222
0.0618108
0.051537
0.0411353
0.0306397
0.0200835
0.0094988
-0.00108316
-0.0116325
-0.0221201
-0.0325173
-0.0427953
-0.052925
-0.0628772
-0.072623
-0.0821341
-0.0913838
-0.100347
-0.109
-0.117321
-0.125291
-0.132889
-0.140098
-0.146902
-0.153286
-0.159236
-0.164739
-0.169784
-0.174357
-0.178447
-0.182044
-0.185138
-0.187721
-0.189788
-0.191331
-0.192349
-0.192837
-0.192795
-0.192222
-0.191122
-0.189496
-0.187347
-0.184682
-0.181503
-0.177818
-0.173633
-0.168954
-0.16379
-0.158146
-0.152031
-0.145455
-0.138431
-0.130975
-0.123108
-0.114855
-0.10624
-0.0972899
-0.0880319
-0.0784918
-0.0686961
-0.0586724
-0.0484496
-0.0380579
-0.0275284
-0.0168927
-0.00618295
0.0045681
0.0153269
0.0260594
0.0367314
0.0473089
0.0577584
0.0680461
0.0781376
0.0879975
0.0975888
0.106874
0.115817
0.124382
0.132534
0.14024
0.147468
0.154186
0.160364
0.165972
0.170984
0.175374
0.179119
0.182196
0.184583
0.18626
0.18721
0.187417
0.18687
0.185564
0.183493
0.180657
0.177055
0.172693
0.167576
0.161713
0.155117
0.147802
0.139787
0.131091
0.121739
0.111758
0.101181
0.0900442
0.0783858
0.0662464
0.0536676
0.0406922
0.027365
0.0137323
-0.000157537
-0.0142546
-0.0285078
-0.0428647
-0.0572718
-0.0716745
-0.0860168
-0.100243
-0.114297
-0.128124
-0.141671
-0.154885
-0.167715
-0.18011
-0.19202
-0.203398
-0.214198
-0.224376
-0.233887
-0.24269
-0.250745
-0.258013
-0.26446
-0.270055
-0.274771
-0.278586
-0.28148
-0.283434
-0.284436
-0.284473
-0.283538
-0.281626
-0.278736
-0.274869
-0.27003
-0.264225
-0.257469
-0.249779
-0.241177
-0.23169
-0.221348
-0.210183
-0.19823
-0.185529
-0.172122
-0.158054
-0.143374
-0.128132
-0.112381
-0.0961763
-0.079577
-0.0626462
-0.04545
-0.0280563
-0.0105342
0.00704689
0.024617
0.0421054
0.0594402
0.0765496
0.0933624
0.109809
0.125821
0.141332
0.156276
0.170585
0.184193
0.197036
0.209049
0.220175
0.230357
0.239544
0.247687
0.254741
0.260667
0.265429
0.269
0.271356
0.272481
0.272359
0.27098
0.268339
0.264435
0.259273
0.252864
0.245225
0.236377
0.226348
0.215172
0.20289
0.18955
0.175204
0.159913
0.14374
0.126752
0.109022
0.0906252
0.0716407
0.0521501
0.0322371
0.0119865
-0.00851528
-0.0291803
-0.0499182
-0.0706366
-0.0912415
-0.111638
-0.131731
-0.151427
-0.170631
-0.18925
-0.207194
-0.224375
-0.240707
-0.256112
-0.270516
-0.283849
-0.296047
-0.307051
-0.316808
-0.325272
-0.332404
-0.338174
-0.342559
-0.345544
-0.347118
-0.347281
-0.346038
-0.343402
-0.339393
-0.334035
-0.327362
-0.319411
-0.310227
-0.29986
-0.288367
-0.275808
-0.262251
-0.247763
-0.232418
-0.216292
-0.199467
-0.182025
-0.164055
-0.145643
-0.126881
-0.107858
-0.0886632
-0.0693887
-0.0501251
-0.0309627
-0.0119907
0.0067039
0.0250364
0.0429248
0.0602902
0.0770571
0.0931541
0.108514
0.123076
0.13678
0.149574
0.161407
0.172236
0.182021
0.19073
0.198339
0.204829
0.210185
0.214401
0.21747
0.219397
0.220187
0.219856
0.218424
0.215917
0.212365
0.207802
0.202266
0.195801
0.188453
0.180275
0.171321
0.161648
0.151315
0.140385
0.12892
0.116988
0.104656
0.0919959
0.0790751
0.0659618
0.0527226
0.0394234
0.0261298
0.0129069
-0.000180862
-0.0130707
-0.0257022
-0.0380179
-0.0499631
-0.0614863
-0.0725392
-0.0830768
-0.0930579
-0.102445
-0.111204
-0.119304
-0.126719
-0.133426
-0.139407
-0.144648
-0.149141
-0.15288
-0.155864
-0.158096
-0.159581
-0.160329
-0.160354
-0.159675
-0.15831
-0.156284
-0.153623
-0.150353
-0.146507
-0.142118
-0.137222
-0.131858
-0.126066
-0.119885
-0.113358
-0.106526
-0.0994306
-0.0921154
-0.0846226
-0.0769951
-0.0692756
-0.0615066
-0.0537304
-0.0459878
-0.0383184
-0.0307595
-0.023347
-0.0161152
-0.00909754
-0.00232632
0.00416767
0.010356
0.0162133
0.0217175
0.0268494
0.0315924
0.035932
0.0398552
0.0433516
0.0464129
0.049033
0.0512086
0.0529384
0.0542238
0.0550689
0.0554807
0.0554691
0.0550461
0.0542251
0.0530205
0.0514474
0.0495219
0.0472625
0.0446897
0.0418257
0.0386937
0.0353172
0.0317195
0.0279241
0.0239549
0.0198367
0.0155945
0.011253
0.00683612
0.00236711
-0.00213082
-0.00663383
-0.0111174
-0.0155573
-0.0199304
-0.024216
-0.0283962
-0.0324543
-0.0363747
-0.040141
-0.043737
-0.0471471
-0.0503575
-0.0533567
-0.0561351
-0.0586845
-0.0609972
-0.0630663
-0.064886
-0.0664523
-0.0677628
-0.0688163
-0.0696122
-0.0701504
-0.0704314
-0.0704576
-0.0702335
-0.0697659
-0.0690625
-0.0681307
-0.066977
-0.065608
-0.0640311
-0.0622562
-0.0602957
-0.0581635
-0.0558737
-0.0534388
-0.0508701
-0.0481779
-0.0453735
-0.0424694
-0.0394796
-0.0364186
-0.0333004
-0.0301379
-0.0269437
-0.0237305
-0.0205114
-0.0172997
-0.0141082
-0.0109489
-0.00783308
-0.00477153
-0.00177518
0.00114494
0.00397832
0.00671579
0.00934986
0.0118743
0.0142835
0.0165709
0.0187299
0.0207535
0.022636
0.0243736
0.0259637
0.0274048
0.0286952
0.0298328
0.0308157
0.0316428
0.0323144
0.0328323
0.0331988
0.0334159
0.0334855
0.0334098
0.0331918
0.032836
0.0323476
0.0317324
0.0309949
0.030139
0.0291686
0.0280883
0.0269042
0.0256239
0.0242551
0.0228049
0.0212792
0.0196835
0.0180231
0.0163049
0.0145363
0.0127251
0.0108787
0.00900342
0.00710505
0.00518962
0.00326389
0.00133528
-0.000588888
-0.0025022
-0.00439946
-0.00627631
-0.00812834
-0.00995041
-0.0117365
-0.0134786
-0.0151636
-0.0167833
-0.0183313
-0.0198016
-0.0211884
-0.0224858
-0.0236883
-0.0247907
-0.025789
-0.0266799
-0.0274607
-0.0281295
-0.0286848
-0.029126
-0.0294534
-0.0296683
-0.0297721
-0.0297662
-0.0296522
-0.0294318
-0.0291078
-0.0286841
-0.028166
-0.0275591
-0.0268693
-0.0261019
-0.0252624
-0.0243562
-0.0233894
-0.0223685
-0.0213007
-0.0201931
-0.0190529
-0.0178872
-0.0167031
-0.0155077
-0.0143075
-0.0131088
-0.0119175
-0.0107391
-0.0095791
-0.0084434
-0.00733793
-0.00626837
-0.00523967
-0.00425586
-0.00332017
-0.00243535
-0.001604
-0.000828628
-0.000111472
0.000545781
0.00114215
0.0016773
0.00215134
0.0025646
0.00291762
0.00321129
0.00344703
0.00362689
0.00375345
0.00382964
0.00385853
0.0038433
0.00378728
0.0036941
0.00356771
0.00341231
0.00323223
0.00303181
0.00281533
0.00258704
0.00235111
0.00211164
0.00187257
0.00163763
0.00141021
0.00119339
0.000989904
0.00080214
0.000632113
0.000481411
0.000351154
0.000241971
0.000154004
8.69116e-05
3.98791e-05
1.16219e-05
3.94726e-07
0
0
0
0
0
0
0
0
0
0
0
0
-0
-0
-0
-0
-0
-0
-0
-0
-0
-0
-0
-0
-0
-0
-0
-0
-0
-0
-0
-0
-0
-0
-0
-0
-0
-0
-0
-0
-0
-0
-0
-0
-0
-0
-0
-0
-0
-0
-0
-0
-0
0
0
0
0
0
0
0
0
0
0
0
0
0
0
0
0
0
0
0
0
0
0
0
0
0
0
0
0
0
0
0
0
0
0
0
0
0
0
0
0
0
0
0
0
0
0
0
0
0
0
-0
-0
-0
-0
-0
-0
-0
-0
-0
-0
-0
-0
-0
-0
-0
-0
-0
-0
-0
-0
-0
-0
-0
-0
-0
-0
-0
-0
-0
-0
-0
-0
-0
-0
-0
-0
-0
-0
-0
-0
-0
-0
-0
-0
-0
-0
-0
0
0
0
2.38515e-07
8.32581e-06
3.26249e-05
7.92254e-05
0.000153763
0.000261329
0.000406383
0.000592687
0.000823227
0.00110015
0.00142471
0.00179723
0.0022171
0.00268279
0.00319182
0.00374085
0.00432562
0.00494097
0.00558091
0.00623866
0.00690683
0.00757744
0.00824198
0.0088914
0.00951613
0.0101064
0.0106521
0.0111433
0.0115703
0.0119236
0.0121938
0.0123718
0.0124486
0.012416
0.0122662
0.0119926
0.0115896
0.0110524
0.0103771
0.0095604
0.00860037
0.00749637
0.00624941
0.00486202
0.00333795
0.00168156
-0.000102179
-0.00200759
-0.00402772
-0.00615382
-0.00837555
-0.0106811
-0.0130579
-0.0154935
-0.0179752
-0.0204907
-0.0230262
-0.0255671
-0.0280971
-0.0305993
-0.0330577
-0.0354564
-0.0377805
-0.040015
-0.0421446
-0.0441546
-0.0460307
-0.0477599
-0.0493311
-0.0507345
-0.0519619
-0.053005
-0.0538553
-0.0545047
-0.0549466
-0.0551776
-0.0551971
-0.0550066
-0.0546088
-0.054006
-0.0532006
-0.052195
-0.0509925
-0.0495988
-0.0480223
-0.0462738
-0.0443658
-0.0423119
-0.0401262
-0.0378232
-0.0354175
-0.0329367
-0.0303949
-0.027801
-0.0251657
-0.022498
-0.0198091
-0.0171104
-0.0144128
-0.0117281
-0.00906322
-0.00642676
-0.00382775
-0.00127606
0.00121517
0.00363876
0.005986
0.00824971
0.0104237
0.0124985
0.014471
0.016334
0.018081
0.0197065
0.0212031
0.0225722
0.0238114
0.0249178
0.0258878
0.0267144
0.0273984
0.0279391
0.0283376
0.0285954
0.0287119
0.0286894
0.0285283
0.0282295
0.0277956
0.0272306
0.0265386
0.0257229
0.0247856
0.0237279
0.022555
0.0212679
0.019873
0.0183788
0.0167936
0.0151316
0.0133925
0.0115818
0.0097052
0.00776897
0.00579056
0.00376646
0.00170363
-0.000390799
-0.00250903
-0.00462826
-0.00675311
-0.0088745
-0.0109848
-0.013078
-0.015133
-0.0171609
-0.0191553
-0.0211078
-0.023009
-0.0248333
-0.0265893
-0.0282708
-0.0298718
-0.0313861
-0.0327925
-0.034098
-0.0352959
-0.0363804
-0.037347
-0.0381828
-0.0388914
-0.0394672
-0.0399043
-0.040198
-0.0403452
-0.0403441
-0.0401934
-0.0398916
-0.0394358
-0.0388349
-0.0380747
-0.0371545
-0.0360754
-0.0348396
-0.0334743
-0.0319567
-0.0302889
-0.0284738
-0.0265159
-0.0244591
-0.0222717
-0.0199601
-0.0175301
-0.0149882
-0.0123908
-0.00969857
-0.00692292
-0.00407609
-0.0011702
0.00172821
0.00466267
0.00762071
0.0105881
0.0135489
0.0164326
0.0192776
0.0220692
0.0247928
0.0274332
0.0299286
0.0323057
0.0345463
0.0366331
0.0385507
0.0402587
0.0417693
0.0430677
0.0441386
0.0449669
0.0455404
0.0458474
0.045879
0.0456269
0.0450821
0.0442696
0.0431464
0.0417066
0.0399479
0.037871
0.0355488
0.0329137
0.0299684
0.0267165
0.0231641
0.019425
0.0154088
0.0111314
0.00660921
0.00185894
-0.00297339
-0.00799784
-0.0131925
-0.0185323
-0.0239899
-0.0293969
-0.0348663
-0.0403699
-0.045878
-0.051358
-0.056641
-0.0618263
-0.0668798
-0.0717686
-0.076461
-0.0808167
-0.0849102
-0.0887067
-0.0921714
-0.0952715
-0.0979156
-0.100139
-0.101916
-0.103221
-0.104031
-0.104321
-0.10407
-0.103262
-0.101885
-0.0999302
-0.0974657
-0.0944121
-0.0907658
-0.0865264
-0.0816982
-0.0764377
-0.0706107
-0.0642334
-0.0573237
-0.0499022
-0.0422038
-0.0340459
-0.025461
-0.0164856
-0.0071585
0.00222582
0.0118821
0.0217676
0.0318359
0.0420363
0.0520448
0.0620774
0.0720799
0.0819987
0.0917798
0.101117
0.110207
0.118993
0.127421
0.135437
0.142791
0.149632
0.155914
0.16159
0.166615
0.170836
0.174327
0.177052
0.178982
0.180087
0.180338
0.17972
0.178215
0.175816
0.172517
0.168432
0.163451
0.157579
0.150827
0.143208
0.134973
0.125922
0.116087
0.105508
0.0942268
0.0826089
0.0703814
0.057596
0.0443086
0.0305792
0.0168505
0.00280702
-0.0114847
-0.0259558
-0.0405347
-0.0547524
-0.0689304
-0.0829945
-0.0968713
-0.110488
-0.123411
-0.135932
-0.147982
-0.159493
-0.170395
-0.180341
-0.189554
-0.197978
-0.205558
-0.212247
-0.217831
-0.222437
-0.22603
-0.22858
-0.230061
-0.230426
-0.229686
-0.22783
-0.224854
-0.220758
-0.215673
-0.209491
-0.202228
-0.19391
-0.184564
-0.174483
-0.163446
-0.151499
-0.138689
-0.125071
-0.111069
-0.0963769
-0.081056
-0.0651731
-0.048798
-0.032439
-0.0157343
0.0012401
0.0184066
0.0356861
0.0525451
0.0693601
0.0860541
0.102551
0.118778
0.134239
0.149286
0.163851
0.177866
0.191268
0.203656
0.215314
0.226189
0.236233
0.245399
0.253425
0.260496
0.266577
0.271642
0.275668
0.278559
0.280381
0.281129
0.280802
0.279404
0.277014
0.273576
0.269108
0.263633
0.257176
0.249977
0.241861
0.232869
0.223041
0.212425
0.201389
0.189661
0.177294
0.164341
0.150861
0.137311
0.123357
0.109062
0.0944885
0.0797002
0.06519
0.0505883
0.0359558
0.021354
0.00684496
-0.00709155
-0.0208132
-0.0342614
-0.0473795
-0.0601129
-0.0720466
-0.0834935
-0.0944058
-0.104738
-0.114446
-0.123219
-0.131291
-0.138631
-0.145209
-0.151
-0.155823
-0.159819
-0.162972
-0.165272
-0.166711
-0.167254
-0.166928
-0.165736
-0.163683
-0.160781
-0.15714
-0.152685
-0.147438
-0.141422
-0.134662
-0.127389
-0.119426
-0.110806
-0.101566
-0.0917454
-0.0816804
-0.0711199
-0.0601076
-0.0486891
-0.0369123
-0.0251755
-0.01318
-0.000975018
0.0113906
0.0238685
0.0360414
0.0482286
0.0603792
0.0724414
0.0843638
0.0957445
0.10689
0.117756
0.128297
0.13847
0.147927
0.156931
0.165446
0.173438
0.18088
0.187516
0.19355
0.198957
0.203717
0.20781
0.21109
0.213679
0.215571
0.216762
0.217248
0.217
0.216053
0.214417
0.212109
0.209146
0.205619
0.201475
0.196735
0.191418
0.185552
0.179328
0.172615
0.165449
0.157863
0.149895
0.141812
0.133417
0.124748
0.115842
0.106737
0.0977487
0.0886316
0.0794198
0.0701501
0.0608612
0.0518932
0.0429828
0.0341644
0.0254692
0.016926
0.00885451
0.000991201
-0.00663551
-0.0139982
-0.0210718
-0.0275784
-0.0337562
-0.0395884
-0.0450582
-0.0501487
-0.054644
-0.0587314
-0.0624013
-0.0656469
-0.0684624
-0.0707134
-0.0725234
-0.0738878
-0.0748046
-0.0752752
-0.0752541
-0.0747973
-0.073911
-0.0726014
-0.070876
-0.0687751
-0.0662832
-0.0634189
-0.0602029
-0.0566551
-0.0528961
-0.0488367
-0.0444905
-0.0398728
-0.0350023
-0.0300651
-0.0249188
-0.0195843
-0.0140804
-0.0084247
-0.00284473
0.00284862
0.00863237
0.0144818
0.0203729
0.0260494
0.0317272
0.0373899
0.0430206
0.0486013
0.0538739
0.0590584
0.0641367
0.0690929
0.0739126
0.0783587
0.0826414
0.0867469
0.0906612
0.0943707
0.0976734
0.100749
0.103587
0.106181
0.108522
0.110465
0.112147
0.113566
0.114722
0.115616
0.116164
0.116446
0.116459
0.116204
0.115682
0.11488
0.113821
0.112515
0.110967
0.109184
0.10722
0.105033
0.102626
0.100009
0.0971892
0.0942888
0.0912073
0.087955
0.0845416
0.0809772
0.0774339
0.0737616
0.0699722
0.0660773
0.0620882
0.0582132
0.054264
0.0502514
0.0461879
0.0420882
0.0381846
0.034276
0.0303767
0.0264992
0.0226549
0.01907
0.0155414
0.0120818
0.00870405
0.00542008
0.00243202
-0.000445305
-0.00320547
-0.00584114
-0.00834284
-0.0105477
-0.0125947
-0.0144701
-0.0161576
-0.0176484
-0.0188423
-0.01983
-0.0206082
-0.0211744
-0.0215274
-0.0216401
-0.0215443
-0.0212452
-0.0207485
-0.0200601
-0.0192239
-0.0182086
-0.0170237
-0.0156817
-0.0141977
-0.0126815
-0.0110518
-0.00932254
-0.00750709
-0.00561952
-0.00380749
-0.00195088
-6.59908e-05
0.00183181
0.00372876
0.00546408
0.00718026
0.00886508
0.0105051
0.0120865
0.0134531
0.0147436
0.0159494
0.0170643
0.0180831
0.0188815
0.0195812
0.0201781
0.0206691
0.0210524
0.0212415
0.0213283
0.0213142
0.0212015
0.0209937
0.0206459
0.0202172
0.0197136
0.0191413
0.018506
0.0177956
0.0170357
0.0162328
0.0153946
0.0145296
0.0136501
0.0127592
0.011864
0.0109707
0.0100856
0.00923015
0.00839337
0.00758148
0.00680002
0.00605361
0.00536255
0.00471002
0.00409854
0.00353029
0.00300711
0.00254271
0.00212239
0.0017462
0.00141349
0.00112304
0.000879555
0.00067245
0.000499637
0.000358675
0.000246775
0.000162671
0.000100145
5.60421e-05
2.71536e-05
1.0275e-05
2.3009e-06
2.06961e-08
0
0
0
-0
-0
-0
-0
-0
-0
-0
-0
-0
-0
-0
-0
-0
-0
-0
-0
-0
-0
-0
-0
-0
-0
-0
-0
-0
-0
-0
-0
-0
-0
-0
-0
-0
-0
-0
0
0
0
0
0
0
0
0
0
0
0
0
0
0
0
0
0
0
0
0
0
0
0
0
0
0
0
0
0
0
0
0
0
0
0
0
0
0
0
0
0
0
0
0
0
0
0
0
0
