0
0
0
0
0
0
0
0
0
0
0
0
0
0
0
0
0
0
0
0
0
0
0
0
0
0
0
0
0
0
0
0
0
0
0
0
0
0
0
0
0
0
0
0
0
0
0
0
0
0
0
0
0
0
0
0
0
0
0
0
0
0
0
0
0
0
0
0
0
0
0
0
0
0
0
0
0
0
0
0
0
0
0
0
0
0
0
0
0
0
0
0
0
0
0
0
0
0
0
0
0
0
0
0
0
0
0
0
0
0
0
0
0
0
0
0
0
0
0
0
0
0
0
0
0
0
0
0
0
0
0
0
0
0
0
0
0
0
0
0
0
0
0
0
0
0
0
0
0
0
0
0
0
0
0
0
0
0
0
0
0
0
0
0
0
0
0
0
0
0
0
0
0
0
0
0
0
0
0
0
0
0
0
0
0
0
0
0
0
0
0
0
0
0
0
0
0
0
0
0
0
-9.26014e-06
-4.03736e-05
-9.51084e-05
-0.000174876
-0.000280714
-0.000413244
-0.000572627
-0.000758521
-0.000970052
-0.00120578
-0.00146366
-0.00174109
-0.0020348
-0.00234096
-0.00265511
-0.00297216
-0.00328641
-0.00359153
-0.00388063
-0.00414628
-0.00438059
-0.00457537
-0.00472215
-0.00481228
-0.00483705
-0.00478775
-0.00465575
-0.00443265
-0.00411038
-0.00368132
-0.00313845
-0.00247549
-0.00168699
-0.000768489
0.000283446
0.00147111
0.00279558
0.00425662
0.00585246
0.00757975
0.00943337
0.0114065
0.0134907
0.0156759
0.0179507
0.0203022
0.0227161
0.0251765
0.027666
0.030166
0.0326571
0.0351187
0.03753
0.0398693
0.0421149
0.0442444
0.0462356
0.0480668
0.0497168
0.0511655
0.0523937
0.0533831
0.0541164
0.0545775
0.0547524
0.0546288
0.0541977
0.0534526
0.05239
0.0510091
0.0493111
0.0472997
0.0449807
0.0423619
0.0394542
0.0362711
0.0328294
0.0291489
0.0252518
0.0211628
0.0169077
0.0125137
0.00800905
0.00342325
-0.00121268
-0.00586616
-0.0105034
-0.0150901
-0.0195926
-0.0239783
-0.0282258
-0.032319
-0.0362374
-0.0399612
-0.0434713
-0.0467494
-0.049778
-0.0525412
-0.0550241
-0.0572138
-0.0590989
-0.0606699
-0.0619192
-0.0628411
-0.0634316
-0.063688
-0.0636091
-0.063195
-0.0624477
-0.0613714
-0.0599732
-0.0582625
-0.0562512
-0.0539526
-0.0513817
-0.0485543
-0.0454871
-0.0421981
-0.0387062
-0.0350319
-0.0311963
-0.027222
-0.0231324
-0.0189518
-0.0147051
-0.0104174
-0.00611382
-0.0018188
0.00244351
0.00664925
0.0107746
0.014796
0.0186901
0.022435
0.0260101
0.0293971
0.0325798
0.0355434
0.0382746
0.0407607
0.04299
0.0449521
0.0466381
0.0480411
0.0491564
0.0499814
0.0505157
0.0507611
0.0507213
0.050402
0.0498104
0.0489548
0.047845
0.0464921
0.0449085
0.0431089
0.0411098
0.0389297
0.0365883
0.0341059
0.031503
0.0288
0.0260171
0.0231747
0.020294
0.0173964
0.0145041
0.0116393
0.0088241
0.00607984
0.00342724
0.000885954
-0.00152543
-0.00378951
-0.00589013
-0.0078124
-0.00954276
-0.011069
-0.0123803
-0.0134674
-0.0143228
-0.0149407
-0.0153172
-0.0154501
-0.0153391
-0.0149855
-0.0143923
-0.0135644
-0.012508
-0.0112316
-0.00974487
-0.0080595
-0.00618855
-0.00414646
-0.00194901
0.000386886
0.00284321
0.00540103
0.0080407
0.0107421
0.0134846
0.0162477
0.0190105
0.0217519
0.0244509
0.0270863
0.0296374
0.0320841
0.0344072
0.0365888
0.0386121
0.0404612
0.0421215
0.043579
0.0448213
0.045837
0.0466165
0.0471515
0.0474357
0.0474642
0.0472339
0.0467436
0.0459944
0.0449897
0.0437349
0.0422375
0.0405067
0.038553
0.0363885
0.0340266
0.0314825
0.0287725
0.0259141
0.0229257
0.0198262
0.016635
0.0133724
0.0100591
0.00671693
0.00336795
3.43897e-05
-0.00326184
-0.00649933
-0.00965721
-0.0127152
-0.0156533
-0.0184524
-0.0210938
-0.0235601
-0.0258347
-0.0279025
-0.0297492
-0.0313622
-0.0327301
-0.0338433
-0.0346938
-0.0352757
-0.0355851
-0.0356194
-0.0353779
-0.0348619
-0.0340745
-0.0330211
-0.0317093
-0.030149
-0.0283517
-0.0263307
-0.0241004
-0.0216774
-0.0190793
-0.0163257
-0.0134373
-0.0104361
-0.00734435
-0.00418501
-0.000981249
0.00224339
0.00546503
0.00865963
0.0118033
0.0148728
0.0178456
0.0207003
0.0234164
0.0259748
0.0283574
0.0305477
0.0325309
0.0342937
0.0358249
0.0371149
0.0381559
0.0389416
0.0394679
0.0397325
0.0397355
0.0394791
0.0389677
0.0382075
0.0372064
0.0359741
0.034522
0.0328634
0.0310136
0.0289893
0.026809
0.024492
0.0220588
0.0195309
0.0169302
0.0142797
0.0116027
0.00892252
0.00626282
0.00364692
0.00109791
-0.00136148
-0.00370902
-0.0059232
-0.00798353
-0.00987068
-0.0115666
-0.0130547
-0.0143196
-0.0153473
-0.0161256
-0.0166441
-0.0168946
-0.016871
-0.0165694
-0.0159878
-0.0151264
-0.0139869
-0.0125733
-0.0108917
-0.00895001
-0.00675852
-0.00432926
-0.00167605
0.00118561
0.00423857
0.00746406
0.0108418
0.0143503
0.0179669
0.0216682
0.0254301
0.0292279
0.0330363
0.0368295
0.0405817
0.0442671
0.0478607
0.0513376
0.0546739
0.0578459
0.0608309
0.063607
0.0661536
0.0684515
0.0704837
0.0722348
0.0736914
0.0748419
0.075677
0.0761891
0.0763731
0.0762261
0.0757472
0.0749379
0.0738014
0.0723432
0.0705706
0.0684931
0.0661219
0.0634703
0.0605529
0.0573859
0.0539867
0.0503741
0.0465686
0.0425913
0.0384648
0.0342122
0.0298572
0.0254239
0.0209369
0.016421
0.0119014
0.0074029
0.00295037
-0.00143203
-0.00572075
-0.00989296
-0.0139266
-0.0178005
-0.0214947
-0.0249904
-0.0282701
-0.0313181
-0.0341198
-0.0366622
-0.0389339
-0.040925
-0.0426274
-0.0440347
-0.0451424
-0.0459477
-0.0464493
-0.0466479
-0.0465458
-0.0461469
-0.0454568
-0.0444828
-0.0432335
-0.0417191
-0.0399511
-0.0379425
-0.0357076
-0.0332614
-0.0306199
-0.0277997
-0.0248178
-0.0216924
-0.018442
-0.0150863
-0.0116447
-0.00813724
-0.00458326
-0.00100208
0.00258713
0.00616525
0.00971326
0.0132125
0.0166451
0.0199941
0.0232436
0.0263784
0.0293841
0.032247
0.0349543
0.0374946
0.039858
0.042036
0.0440212
0.0458072
0.047388
0.0487588
0.0499164
0.0508589
0.0515866
0.0521006
0.0524035
0.0524979
0.0523874
0.0520766
0.0515709
0.0508776
0.0500048
0.0489613
0.0477566
0.0464006
0.0449036
0.0432768
0.0415323
0.0396823
0.0377391
0.0357149
0.0336216
0.0314713
0.0292768
0.0270509
0.024807
0.0225576
0.0203149
0.01809
0.0158935
0.0137358
0.0116274
0.00957843
0.00759852
0.00569635
0.00387956
0.00215489
0.000528476
-0.000994047
-0.00240758
-0.0037078
-0.00489134
-0.00595579
-0.00689946
-0.00772119
-0.00842023
-0.00899633
-0.00945002
-0.00978269
-0.0099966
-0.0100946
-0.01008
-0.00995634
-0.00972762
-0.00939843
-0.00897409
-0.00846042
-0.00786355
-0.00718957
-0.00644447
-0.00563437
-0.0047657
-0.00384541
-0.00288081
-0.00187928
-0.000847901
0.000206671
0.00127815
0.00236038
0.00344713
0.00453211
0.00560915
0.0066724
0.00771644
0.00873616
0.00972664
0.0106831
0.0116008
0.0124756
0.0133038
0.0140825
0.0148089
0.0154809
0.0160965
0.016654
0.0171521
0.0175902
0.0179685
0.0182872
0.0185468
0.0187474
0.0188894
0.0189737
0.0190015
0.0189748
0.0188963
0.0187688
0.0185949
0.0183772
0.0181182
0.0178206
0.0174872
0.0171209
0.016725
0.0163025
0.0158568
0.0153913
0.0149096
0.0144157
0.0139131
0.0134052
0.0128952
0.0123858
0.0118797
0.0113797
0.0108886
0.0104092
0.00994419
0.009496
0.00906682
0.00865876
0.0082738
0.00791378
0.00758024
0.00727442
0.00699727
0.00674965
0.00653243
0.00634645
0.00619239
0.00607047
0.00598038
0.00592138
0.0058925
0.00589286
0.00592172
0.00597836
0.00606181
0.00617062
0.00630283
0.00645617
0.00662828
0.00681685
0.00701959
0.00723409
0.00745773
0.00768763
0.00792088
0.00815466
0.00838634
0.00861334
0.00883303
0.00904261
0.00923922
0.00942011
0.00958289
0.0097255
0.00984606
0.00994264
0.010013
0.0100549
0.010066
0.0100443
0.00998852
0.00989753
0.00977065
0.00960723
0.00940674
0.0091689
0.00889383
0.0085821
0.00823459
0.00785225
0.00743599
0.00698671
0.0065055
0.00599388
0.00545389
0.00488802
0.00429891
0.00368915
0.00306121
0.00241754
0.00176073
0.00109364
0.000419451
-0.000258481
-0.000936689
-0.00161164
-0.00227971
-0.0029371
-0.00357992
-0.00420427
-0.00480642
-0.0053829
-0.00593043
-0.00644587
-0.00692603
-0.00736714
-0.0077624
-0.00810773
-0.00840013
-0.00863722
-0.00881715
-0.00893846
-0.00900007
-0.00900125
-0.00894171
-0.00882167
-0.0086419
-0.00840373
-0.00810896
-0.00775987
-0.00735921
-0.00691015
-0.00641357
-0.00585173
-0.00523054
-0.00456353
-0.00386572
-0.00315347
-0.00244417
-0.00175599
-0.0011075
-0.000517381
-4.20684e-06
0.000413844
0.000719275
0.00089563
0.000927856
0.000802604
0.000508436
3.59967e-05
-0.000621779
-0.00146941
-0.00250862
-0.00373822
-0.00515414
-0.00674969
-0.00851562
-0.0104401
-0.0125086
-0.0147034
-0.0170042
-0.0193877
-0.021829
-0.0243018
-0.0267789
-0.0292321
-0.0316324
-0.03395
-0.0361549
-0.0382177
-0.0401098
-0.0418037
-0.0432729
-0.0444922
-0.0454383
-0.0460901
-0.0464301
-0.0464442
-0.0461217
-0.0454546
-0.0444366
-0.0430641
-0.0413368
-0.0392588
-0.0368389
-0.0340893
-0.0310256
-0.0276662
-0.0240319
-0.0201469
-0.0160385
-0.0117371
-0.00727461
-0.00268331
0.00200458
0.00675594
0.0115354
0.0163045
0.0210225
0.0256493
0.0301468
0.0344818
0.0386251
0.042549
0.046226
0.0496273
0.052728
0.0555044
0.0579384
0.0600195
0.06174
0.0630956
0.064082
0.0646956
0.064936
0.0648053
0.0643127
0.0634728
0.0623038
0.0608272
0.0590631
0.0570339
0.0547686
0.0523182
0.0497129
0.0469783
0.0441402
0.0412236
0.0382517
0.0352474
0.0322324
0.0292291
0.0262604
0.0233498
0.0205206
0.0177963
0.0151987
0.0127473
0.0104594
0.00834857
0.00643153
0.00472291
0.00323713
0.00198724
0.000979841
0.000224153
-0.000278323
-0.000529133
-0.000531066
-0.000291959
0.00019076
0.00091359
0.0018706
0.00305261
0.0044408
0.00602794
0.00779955
0.00974089
0.0118363
0.0140607
0.0164017
0.0188377
0.0213463
0.023906
0.0264887
0.0290828
0.031668
0.0342232
0.0367258
0.0391469
0.041471
0.0436785
0.0457512
0.0476717
0.0494201
0.0509825
0.0523434
0.0534892
0.0544092
0.0550975
0.0555459
0.0557498
0.0557054
0.0554102
0.0548724
0.0540845
0.0530501
0.0517743
0.0502642
0.0485447
0.0466082
0.0444658
0.0421304
0.0396163
0.0369644
0.034166
0.0312388
0.0282021
0.0250767
0.0219172
0.0187144
0.0154917
0.0122718
0.00907667
0.00596377
0.00291729
-4.24038e-05
-0.00289439
-0.00561652
-0.00814963
-0.010504
-0.0126542
-0.0145755
-0.0162461
-0.0176193
-0.0187083
-0.0194994
-0.0199781
-0.0201282
-0.0199171
-0.0193421
-0.0183886
-0.0170461
-0.0153093
-0.0131818
-0.0106575
-0.00773608
-0.00441721
-0.000700731
0.00338044
0.00785511
0.0127183
0.0179629
0.0235797
0.0294962
0.0357568
0.0423416
0.0492282
0.0563926
0.0637243
0.0712883
0.0790624
0.0870228
0.0951413
0.103277
0.1115
0.119771
0.128047
0.136289
0.144336
0.152265
0.160032
0.167592
0.174896
0.181786
0.188324
0.194465
0.200161
0.205366
0.209947
0.213947
0.217322
0.220033
0.222038
0.223257
0.223698
0.223326
0.22211
0.220023
0.217055
0.213173
0.208364
0.202616
0.195927
0.18838
0.179892
0.17047
0.160125
0.148876
0.136907
0.124089
0.11046
0.0960611
0.0809412
0.0653761
0.0491984
0.0324698
0.0152574
-0.00236651
-0.0200571
-0.0380028
-0.0561206
-0.0743234
-0.0925201
-0.110334
-0.127949
-0.145266
-0.162185
-0.178606
-0.194172
-0.209043
-0.223124
-0.236318
-0.248531
-0.259478
-0.269263
-0.277801
-0.28501
-0.290813
-0.295046
-0.297734
-0.298822
-0.298262
-0.296014
-0.292084
-0.286407
-0.278964
-0.269745
-0.258749
-0.246165
-0.231837
-0.2158
-0.198097
-0.178778
-0.158217
-0.136167
-0.112707
-0.0879265
-0.0619262
-0.0352369
-0.00755066
0.0210129
0.0503279
0.080261
0.110188
0.140446
0.170881
0.201338
0.231661
0.261209
0.290307
0.318799
0.346527
0.373332
0.398641
0.422723
0.445429
0.46662
0.486159
0.503627
0.519192
0.532746
0.544188
0.553431
0.560284
0.564793
0.566901
0.566564
0.563752
0.558539
0.550834
0.540649
0.528013
0.512967
0.495859
0.476463
0.45486
0.431146
0.405427
0.378283
0.349383
0.318867
0.286886
0.253605
0.219767
0.184976
0.149414
0.113266
0.0767268
0.040599
0.00447537
-0.0314443
-0.066961
-0.101879
-0.13545
-0.168043
-0.199474
-0.22956
-0.258128
-0.284589
-0.309213
-0.331862
-0.35241
-0.370743
-0.386523
-0.399889
-0.410761
-0.419075
-0.424785
-0.427854
-0.428276
-0.426054
-0.421205
-0.413762
-0.403989
-0.391736
-0.377084
-0.360129
-0.340983
-0.320168
-0.297422
-0.272891
-0.246739
-0.219136
-0.19078
-0.161336
-0.130993
-0.099943
-0.0683868
-0.0370785
-0.00567329
0.0256242
0.0566127
0.0870963
0.116394
0.144818
0.172193
0.198353
0.223136
0.246039
0.267278
0.286726
0.30427
0.31981
0.333101
0.344239
0.353177
0.359884
0.364346
0.366615
0.366648
0.364469
0.36012
0.353658
0.345409
0.335212
0.323171
0.309399
0.294022
0.277571
0.259789
0.24083
0.220854
0.200033
0.17901
0.157494
0.135665
0.113706
0.0917997
0.0705805
0.0497741
0.0295523
0.0100815
-0.00847687
-0.0256207
-0.0415473
-0.0561168
-0.0692003
-0.0806831
-0.0902923
-0.0981164
-0.104084
-0.108134
-0.110219
-0.110342
-0.108445
-0.104528
-0.0986033
-0.0907023
-0.0811155
-0.069656
-0.0563964
-0.0414233
-0.0248368
-0.0071645
0.0118887
0.0321922
0.0536048
0.0759745
0.0986223
0.121897
0.145623
0.169626
0.193728
0.217224
0.240472
0.263299
0.28553
0.306994
0.327072
0.346053
0.363789
0.380138
0.394971
0.40788
0.419047
0.428377
0.435788
0.441212
0.444517
0.445738
0.444849
0.441835
0.436701
0.429625
0.420485
0.409334
0.396236
0.381271
0.364896
0.346841
0.327219
0.30615
0.283768
0.260736
0.236675
0.211736
0.186074
0.159851
0.133827
0.107565
0.0812288
0.0549787
0.0289762
0.00395922
-0.0204922
-0.0442249
-0.0670916
-0.0889542
-0.109218
-0.128232
-0.145888
-0.162084
-0.176721
-0.189428
-0.200414
-0.209617
-0.216989
-0.222495
-0.226048
-0.227698
-0.227442
-0.225293
-0.221275
-0.215595
-0.208142
-0.198983
-0.188194
-0.175861
-0.162439
-0.14767
-0.131662
-0.114529
-0.0963893
-0.0778574
-0.0585656
-0.0386441
-0.0182302
0.00253347
0.0229604
0.0434501
0.063865
0.0840727
0.103945
0.122855
0.141183
0.158814
0.175634
0.191535
0.206035
0.219426
0.231626
0.242557
0.252155
0.260158
0.266732
0.271847
0.275486
0.277634
0.278286
0.277443
0.275119
0.271338
0.266141
0.259775
0.252108
0.243206
0.233137
0.221976
0.210155
0.197406
0.183824
0.16951
0.154569
0.139557
0.124135
0.108412
0.0925034
0.0765271
0.0610655
0.0457665
0.0307356
0.0160714
0.0018679
-0.0113805
-0.0239859
-0.035858
-0.0469086
-0.0570558
-0.0659532
-0.0738146
-0.0805895
-0.0862359
-0.0907183
-0.0939072
-0.0958828
-0.0966319
-0.0961496
-0.0944387
-0.0915973
-0.0875552
-0.0823397
-0.075989
-0.0685523
-0.0603505
-0.051183
-0.0411146
-0.030211
-0.0185395
-0.00656722
0.00602639
0.0191585
0.0327395
0.0466748
0.0604003
0.0742883
0.0882439
0.102172
0.115976
0.129097
0.141911
0.154336
0.166289
0.177695
0.188081
0.197776
0.206717
0.214842
0.222098
0.228163
0.233268
0.237375
0.240451
0.242469
0.243299
0.24304
0.241691
0.239259
0.23576
0.231282
0.225784
0.219297
0.211858
0.203503
0.194505
0.184677
0.174069
0.162735
0.150691
0.138327
0.125379
0.111944
0.0981197
0.084001
0.0701103
0.056109
0.0420918
0.0281565
0.0144016
0.00135815
-0.0113258
-0.023569
-0.0352975
-0.0464443
-0.0565666
-0.0660018
-0.0747045
-0.0826366
-0.0897677
-0.0957878
-0.100978
-0.105331
-0.108848
-0.111538
-0.113246
-0.114174
-0.114353
-0.113814
-0.112593
-0.110668
-0.108149
-0.105087
-0.101537
-0.0975551
-0.0932263
-0.0885746
-0.0836519
-0.0785099
-0.0732012
-0.0678657
-0.0624644
-0.0570474
-0.0516611
-0.0463472
-0.0412563
-0.0363036
-0.0315226
-0.0269444
-0.0225953
-0.0186076
-0.0148752
-0.0114084
-0.00821481
-0.00530017
-0.00276127
-0.000497689
0.00149176
0.00321224
0.00467277
0.00581876
0.00673877
0.00744667
0.00795668
0.00828365
0.00840254
0.00837793
0.00822725
0.00796806
0.00761742
0.00717061
0.00666839
0.00612506
0.00555432
0.00496917
0.00437359
0.00378936
0.00322612
0.00269222
0.00219473
0.00173762
0.00132868
0.000971602
0.000669051
0.000422705
0.000233155
0.000100434
2.33897e-05
0
0
0
0
0
0
0
0
0
0
0
0
0
0
0
0
0
0
0
0
0
0
0
0
0
0
0
0
0
0
0
0
0
0
0
0
0
0
0
0
0
0
0
0
0
0
0
0
0
0
0
0
0
0
0
0
0
0
0
0
0
0
0
0
0
0
0
0
0
0
0
0
0
0
0
0
0
0
0
0
0
0
0
0
0
0
0
0
0
0
0
0
0
0
0
0
0
0
0
0
0
0
0
0
0
0
0
0
0
0
0
0
0
0
0
0
0
0
0
0
0
0
0
0
0
0
0
0
0
0
0
0
0
0
0
0
0
0
0
0
0
0
0
0
0
0
0
0
0
0
0
0
0
0
0
0
0
0
0
0
0
0
0
0
0
0
0
0
0
0
0
0
0
0
0
0
0
0
0
0
0
0
0
0
0
0
0
0
0
0
0
0
0
0
0
0
0
0
0
0
0
