-0
-0
-0
-0
-0
-0
-0
-0
-0
-0
-0
0
0
0
0
0
0
0
0
0
0
0
0
0
0
0
0
0
0
0
0
0
0
0
0
0
0
0
0
0
0
0
0
0
0
0
0
0
0
0
0
0
0
0
0
0
0
-0
-0
-0
-0
-0
-0
-0
-0
-0
-0
-0
-0
-0
-0
-0
-0
-0
-0
-0
-0
-0
-0
-0
-0
-0
-0
-0
-0
-0
-0
-0
-0
-0
-0
-0
-0
-0
-0
-0
-0
-0
0
0
0
0
0
0
0
0
0
0
0
0
0
0
0
0
0
0
0
0
0
0
0
0
0
0
0
0
0
0
0
0
-0
-0
-0
-0
-0
-0
-0
-0
-0
-0
-0
-0
-0
-0
-0
-0
-0
-0
-0
-0
-0
-0
-0
-0
-0
-0
-0
-0
-0
-0
-0
-0
-0
-0
-0
-0
-0
-0
0
0
0
0
0
0
0
0
0
0
0
0
0
0
0
0
0
0
0
0
0
0
0
0
0
0
0
0
0
0
0
0
0
0
0
0
0
0
0
0
0
0
0
0
-0
-0
-0
-0
-0
-0
-0
-0
-0
-0
-0
-0
-0
-0
-0
-0
-0
-0
-0
-0
-0
-0
-0
-0
-0
-0
-0
-0
-0
-0
-0
-0
-0
-0
-0
-0
-0
-0
-0
-0
-0
-0
-0
-0
-0
-0
-0
0
0
0
0
0
0
0
0
0
0
0
0
0
0
0
0
0
0
0
0
0
0
0
0
0
0
0
0
0
0
0
0
0
0
0
0
0
0
0
0
0
0
0
0
0
-0
-0
-0
-0
-0
-0
-0
-0
-0
-0
-0
-0
-0
-0
-0
-0
-0
-0
-0
-0
-0
-0
-0
-0
-0
-0
-0
-0
-0
-0
-0
-0
-0
-0
-0
-0
-0
-0
-0
-0
-0
-0
-0
-0
-0
-0
-0
-0
-0
0
0
0
0
0
0
0
0
0
0
0
0
0
0
0
0
0
0
0
0
0
0
0
0
0
0
0
0
0
0
0
1.09288e-05
5.0752e-05
0.000114709
0.000196883
0.000290809
0.000389579
0.000485943
0.000572424
0.000641426
0.000685359
0.000696756
0.000668389
0.000593374
0.00046527
0.000278179
2.68391e-05
-0.000293276
-0.000685878
-0.0011538
-0.00169897
-0.00232234
-0.00302395
-0.00380281
-0.00465697
-0.00558352
-0.0065786
-0.00763752
-0.00875479
-0.0099241
-0.0111384
-0.0123897
-0.0136694
-0.0149681
-0.016276
-0.0175826
-0.0188773
-0.0201491
-0.0213865
-0.0225781
-0.0237124
-0.0247779
-0.0257634
-0.0266582
-0.027452
-0.0281348
-0.0286975
-0.0291311
-0.0294278
-0.0295805
-0.0295832
-0.0294308
-0.0291195
-0.0286466
-0.0280109
-0.0272125
-0.0262529
-0.0251349
-0.0238619
-0.0224383
-0.020869
-0.0191603
-0.0173196
-0.0153556
-0.0132788
-0.0111002
-0.00883218
-0.00648723
-0.00407866
-0.00162045
0.000872583
0.00338477
0.00589979
0.00840087
0.010871
0.0132928
0.0156489
0.0179218
0.020094
0.0221487
0.0240696
0.0258417
0.0274505
0.0288827
0.0301257
0.0311682
0.0320005
0.0326147
0.033005
0.0331675
0.0331
0.0328104
0.0323104
0.0316011
0.0306845
0.0295638
0.0282431
0.0267276
0.0250233
0.0231369
0.021076
0.0188492
0.0164658
0.0139361
0.0112711
0.00848264
0.00558346
0.0025876
-0.000489661
-0.0036319
-0.00682182
-0.0100415
-0.0132724
-0.0164954
-0.0196907
-0.0228375
-0.0259144
-0.0289
-0.031773
-0.0345128
-0.0370994
-0.0395132
-0.041735
-0.0437462
-0.045529
-0.0470666
-0.0483437
-0.0493463
-0.0500618
-0.0504787
-0.0505868
-0.0503775
-0.0498444
-0.0489827
-0.0477896
-0.0462639
-0.0444054
-0.0422151
-0.0396959
-0.0368526
-0.0336926
-0.0302258
-0.0264642
-0.0224219
-0.0181144
-0.013559
-0.00877534
-0.0037852
0.00138687
0.00671396
0.0121672
0.0177161
0.0233287
0.0289718
0.0346109
0.0402104
0.0457336
0.0511438
0.0564037
0.0614765
0.0663251
0.0709128
0.0752035
0.0791618
0.0827537
0.085947
0.0887114
0.0910182
0.0928409
0.0941546
0.0949369
0.0951678
0.0948302
0.09391
0.0923958
0.0902793
0.0875548
0.08422
0.0802758
0.0757267
0.0705811
0.0648511
0.0585525
0.0517047
0.0443307
0.036457
0.0281137
0.0193347
0.0101569
0.000620633
-0.0092305
-0.0193499
-0.029688
-0.0401925
-0.0508086
-0.0614797
-0.0721477
-0.0827534
-0.0932363
-0.103535
-0.11359
-0.123338
-0.13272
-0.141676
-0.15015
-0.158086
-0.165431
-0.172135
-0.17815
-0.183431
-0.187937
-0.191631
-0.194481
-0.196457
-0.197534
-0.197694
-0.19692
-0.195202
-0.192536
-0.18892
-0.18436
-0.178864
-0.172447
-0.165128
-0.156931
-0.147885
-0.138023
-0.127386
-0.116017
-0.103964
-0.0912792
-0.0780189
-0.0642431
-0.0500155
-0.0354034
-0.0204774
-0.00531073
0.0100208
0.0254396
0.0408673
0.0562243
0.0714307
0.0864066
0.101072
0.115348
0.129157
0.142423
0.155075
0.167042
0.17826
0.188668
0.198209
0.206829
0.214482
0.221126
0.226725
0.231249
0.234676
0.236988
0.238173
0.238229
0.237156
0.234965
0.23167
0.227293
0.221862
0.215408
0.207971
0.199594
0.190326
0.180219
0.169332
0.157724
0.14546
0.132607
0.119235
0.105415
0.0912213
0.0767277
0.0620091
0.0471403
0.0321962
0.0172509
0.0023781
-0.01235
-0.026863
-0.0410931
-0.0549753
-0.0684474
-0.0814506
-0.093929
-0.105831
-0.117108
-0.127716
-0.137619
-0.14678
-0.155172
-0.162768
-0.16955
-0.175503
-0.180615
-0.184883
-0.188305
-0.190887
-0.192637
-0.193567
-0.193693
-0.193036
-0.191621
-0.189476
-0.186631
-0.183121
-0.178982
-0.174254
-0.168977
-0.163196
-0.156953
-0.150295
-0.143266
-0.135912
-0.12828
-0.120416
-0.112367
-0.104179
-0.0958965
-0.0875625
-0.0792187
-0.0709045
-0.0626578
-0.0545145
-0.0465088
-0.0386725
-0.031035
-0.0236233
-0.0164616
-0.00957155
-0.00297241
0.00331896
0.00928835
0.0149243
0.020218
0.0251634
0.0297571
0.0339978
0.037886
0.0414245
0.0446179
0.0474728
0.0499976
0.0522028
0.0540999
0.0557019
0.0570224
0.0580759
0.0588774
0.0594424
0.0597866
0.0599264
0.0598783
0.0596589
0.0592848
0.0587721
0.0581366
0.057393
0.0565556
0.0556375
0.054651
0.0536077
0.0525183
0.0513922
0.0502383
0.0490639
0.0478754
0.046678
0.0454758
0.0442719
0.0430683
0.0418664
0.0406666
0.0394684
0.0382706
0.0370709
0.0358662
0.0346527
0.033426
0.0321815
0.0309142
0.0296192
0.0282917
0.0269266
0.0255191
0.0240643
0.0225574
0.0209941
0.0193703
0.0176826
0.0159282
0.0141052
0.012212
0.010248
0.00821302
0.00610785
0.00393391
0.00169344
-0.000610524
-0.00297421
-0.00539317
-0.00786224
-0.0103755
-0.0129263
-0.015507
-0.0181092
-0.0207239
-0.0233417
-0.0259526
-0.0285467
-0.031114
-0.033644
-0.0361263
-0.0385504
-0.0409059
-0.0431824
-0.0453698
-0.0474579
-0.0494363
-0.051295
-0.0530239
-0.0546138
-0.0560563
-0.0573447
-0.0584725
-0.0594345
-0.0602255
-0.0608411
-0.061277
-0.0615302
-0.0615983
-0.0614806
-0.061177
-0.0606886
-0.060017
-0.059165
-0.0581357
-0.0569337
-0.0555642
-0.0540333
-0.0523479
-0.0505148
-0.0485417
-0.0464366
-0.0442082
-0.041866
-0.0394196
-0.0368794
-0.0342557
-0.0315592
-0.0288008
-0.0259922
-0.0231452
-0.0202717
-0.017383
-0.0144901
-0.0116034
-0.00873303
-0.00588938
-0.00308286
-0.00032388
0.00237756
0.0050122
0.00757163
0.0100481
0.0124344
0.0147234
0.0169085
0.0189834
0.0209426
0.0227811
0.0244946
0.0260791
0.0275311
0.0288477
0.0300265
0.0310663
0.0319663
0.0327263
0.0333463
0.0338262
0.0341661
0.0343666
0.0344291
0.0343556
0.0341486
0.0338111
0.033346
0.0327566
0.0320465
0.0312199
0.0302816
0.0292368
0.0280904
0.0268473
0.0255125
0.0240909
0.0225878
0.0210091
0.0193612
0.0176507
0.0158842
0.0140684
0.0122097
0.0103146
0.00838965
0.00644096
0.00447471
0.00249711
0.000514615
-0.00146548
-0.00343319
-0.00537784
-0.00728923
-0.00915789
-0.010975
-0.0127382
-0.0144332
-0.0160518
-0.0175859
-0.0190283
-0.0203799
-0.0216279
-0.0227677
-0.0237949
-0.0247054
-0.0255032
-0.0261775
-0.0267266
-0.0271504
-0.02745
-0.0276343
-0.0276976
-0.027642
-0.0274702
-0.027186
-0.0267999
-0.0263116
-0.0257274
-0.0250538
-0.0242971
-0.0234676
-0.0225689
-0.0216088
-0.0205958
-0.0195389
-0.0184478
-0.0173297
-0.0161924
-0.0150439
-0.0138919
-0.0127432
-0.011606
-0.0104875
-0.00939408
-0.00833181
-0.00730389
-0.00631814
-0.00537928
-0.00449137
-0.00365767
-0.00287754
-0.00215625
-0.00149512
-0.000895023
-0.000356327
0.000124293
0.00054426
0.000905059
0.00120869
0.00145754
0.00165686
0.00180678
0.00191062
0.00197209
0.00199517
0.00198578
0.0019461
0.0018803
0.00179255
0.00168693
0.00156852
0.00144001
0.00130517
0.00116749
0.00103015
0.000896481
0.00076836
0.000647925
0.000536924
0.000436674
0.000348235
0.000271732
0.000207097
0.000153806
0.00011089
7.7024e-05
5.02732e-05
2.83991e-05
8.77561e-06
-1.11958e-05
-3.19988e-05
-5.36352e-05
-7.60286e-05
-9.90918e-05
-0.00012273
-0.000146761
-0.000171166
-0.000195842
-0.000220679
-0.000245564
-0.000270276
-0.000294786
-0.000318965
-0.000342684
-0.000365813
-0.000388107
-0.000409542
-0.000429975
-0.000449264
-0.000467266
-0.00048374
-0.000498651
-0.000511865
-0.000523245
-0.000532652
-0.000539887
-0.000544879
-0.000547502
-0.00054764
-0.000545183
-0.000540057
-0.00053214
-0.000521349
-0.000507608
-0.000490857
-0.000471207
-0.00044846
-0.000422591
-0.000393585
-0.000361444
-0.000326526
-0.000288526
-0.000247497
-0.00020351
-0.000156655
-0.00010758
-5.58578e-05
-1.62725e-06
5.49518e-05
0.000113698
0.000173665
0.000235377
0.000298598
0.000363075
0.000428539
0.000493811
0.000559478
0.00062522
0.000690702
0.000755576
0.000818539
0.000880176
0.00094012
0.000997992
0.00105341
0.00110511
0.00115358
0.00119844
0.00123932
0.00127585
0.00130702
0.00133312
0.00135384
0.00136883
0.00137781
0.00138021
0.00137605
0.0013651
0.00134714
0.00132201
0.00128979
0.00125013
0.00120295
0.00114822
0.00108592
0.00101692
0.000940474
0.000856689
0.000765732
0.000667808
0.000564582
0.00045493
0.000339186
0.000217724
9.09631e-05
-3.872e-05
-0.000172744
-0.000310571
-0.000451622
-0.000595287
-0.000738679
-0.000883381
-0.00102871
-0.00117394
-0.00131836
-0.00145888
-0.00159708
-0.00173217
-0.00186339
-0.00198998
-0.00210909
-0.00222205
-0.00232814
-0.00242663
-0.00251684
-0.00259655
-0.00266669
-0.00272667
-0.00277594
-0.002814
-0.00283964
-0.0028532
-0.00285434
-0.00284277
-0.00281826
-0.0027809
-0.00273034
-0.00266654
-0.00258954
-0.00249944
-0.00239773
-0.00228336
-0.00215665
-0.00201799
-0.00186784
-0.001709
-0.00153978
-0.00136082
-0.00117285
-0.000976649
-0.000776058
-0.000568928
-0.000356174
-0.000138754
8.23336e-05
0.000302621
0.000524503
0.000746914
0.000968776
0.001189
0.00140304
0.00161326
0.00181858
0.00201795
0.00221033
0.0023917
0.00256412
0.00272664
0.00287839
0.00301853
0.00314408
0.00325653
0.00335523
0.00343961
0.00350917
0.0035624
0.00360002
0.00362177
0.00362746
0.003617
0.00359059
0.00354812
0.00348975
0.00341572
0.00332636
0.00322356
0.00310634
0.00297528
0.00283103
0.00267432
0.00250844
0.00233171
0.00214502
0.00194934
0.00174566
0.00153831
0.00132507
0.00110703
0.000885281
0.00066095
0.000438783
0.000216294
-5.39527e-06
-0.000225181
-0.00044198
-0.000651249
-0.000855473
-0.00105368
-0.00124492
-0.0014283
-0.00160003
-0.00176227
-0.00191429
-0.00205545
-0.00218515
-0.0023008
-0.00240401
-0.00249439
-0.00257163
-0.0026355
-0.00268484
-0.00272055
-0.0027426
-0.00275106
-0.00274605
-0.00272793
-0.0026968
-0.00265299
-0.00259688
-0.00252893
-0.00245083
-0.00236194
-0.00226285
-0.00215423
-0.00203677
-0.00191324
-0.00178236
-0.00164491
-0.00150169
-0.00135354
-0.00120384
-0.00105088
-0.000895514
-0.000738589
-0.000580939
-0.00042607
-0.000272097
-0.000119796
3.00823e-05
0.000176818
0.00031724
0.000453193
0.00058408
0.00070934
0.000828458
0.000938962
0.00104245
0.00113856
0.00122698
0.00130746
0.00137845
0.00144113
0.00149538
0.00154115
0.00157842
0.00160666
0.00162653
0.00163817
0.00164174
0.00163744
0.00162567
0.00160655
0.00158039
0.00154754
0.00150836
0.00146404
0.0014142
0.00135929
0.00129975
0.00123605
0.00116985
0.00110044
0.0010283
0.000953903
0.000877738
0.000801695
0.000724832
0.000647607
0.000570463
0.000493828
0.000419515
0.000346501
0.00027515
0.000205804
0.000138782
7.55965e-05
1.5283e-05
-4.19318e-05
-9.58502e-05
-0.000146302
-0.000192233
-0.000234437
-0.000272824
-0.000307331
-0.000337918
-0.00036404
-0.000386235
-0.000404534
-0.000418988
-0.000429668
-0.000436515
-0.000439788
-0.000439611
-0.000436124
-0.000429475
-0.00042001
-0.000407723
-0.000392804
-0.000375455
-0.000355889
-0.000334749
-0.000311827
-0.000287342
-0.000261512
-0.000234557
-0.000207263
-0.000179288
-0.000150849
-0.000122156
-9.34056e-05
-6.53784e-05
-3.76505e-05
-1.03812e-05
1.62789e-05
4.21874e-05
6.66784e-05
9.01662e-05
0.000112546
0.000133728
0.000153637
0.000171806
0.00018859
0.000203946
0.000217839
0.00023024
0.000240891
0.000249934
0.0002573
0.000262994
0.00026704
0.000269412
0.000270223
0.000269531
0.000267401
0.000263907
0.000259218
0.000253338
0.000246365
0.000238404
0.00022957
0.000220174
0.000210128
0.000199546
0.000188539
0.000177216
0.000165944
0.00015456
0.000143167
0.000131857
0.000120718
0.000110092
9.97749e-05
8.98249e-05
8.02931e-05
7.12243e-05
6.28854e-05
5.50724e-05
4.78108e-05
4.11181e-05
3.50045e-05
2.96405e-05
2.48492e-05
2.06257e-05
1.69619e-05
1.38456e-05
1.13565e-05
9.36753e-06
7.84995e-06
6.77249e-06
6.10324e-06
5.84286e-06
5.92446e-06
6.31389e-06
6.97408e-06
7.86517e-06
8.92755e-06
1.01409e-05
1.1467e-05
1.28701e-05
1.4316e-05
1.57215e-05
1.71095e-05
1.84491e-05
1.97116e-05
2.08718e-05
2.18456e-05
2.26848e-05
2.33736e-05
2.38987e-05
2.42495e-05
2.43601e-05
2.42941e-05
2.40509e-05
2.36328e-05
2.30447e-05
2.22494e-05
2.13087e-05
2.02339e-05
1.90387e-05
1.77392e-05
1.6327e-05
1.48544e-05
1.33413e-05
1.18085e-05
1.02781e-05
8.7619e-06
7.29865e-06
5.9112e-06
4.62197e-06
3.45263e-06
2.42165e-06
1.55226e-06
8.617e-07
3.65206e-07
7.56805e-08
0
0
0
0
0
0
0
0
0
0
0
0
0
0
0
0
0
0
0
0
0
0
0
0
0
0
0
0
0
0
0
0
0
0
0
0
-0
-0
-0
-0
-0
-0
-0
-0
-0
-0
-0
-0
-0
-0
-0
-0
-0
-0
-0
-0
-0
-0
-0
-0
-0
-0
-0
-0
-0
-0
-0
-0
0
0
0
0
0
0
0
0
0
0
0
0
0
0
0
0
0
0
0
0
0
0
0
0
0
0
0
0
0
0
0
0
0
0
0
0
0
0
0
0
0
0
0
0
0
0
0
0
0
0
0
0
0
0
0
0
0
0
0
-0
-0
-0
-0
-0
-0
-0
-0
-0
-0
-0
-0
-0
-0
-0
-0
-0
-0
-0
-0
-0
-0
-0
-0
-0
-0
-0
-0
-0
-0
-0
-0
-0
-0
-0
0
0
0
0
0
0
0
0
0
0
0
0
0
0
0
0
0
0
0
0
0
0
0
0
0
0
0
0
0
0
0
0
0
0
0
0
0
0
0
0
0
0
0
0
0
0
0
0
0
0
0
0
0
0
0
0
0
0
0
0
0
0
0
0
0
0
0
0
0
0
0
0
0
0
0
0
0
-0
-0
0
0
0
0
0
0
0
0
0
0
0
0
0
0
0
0
0
0
0
0
0
0
0
0
0
0
0
0
0
0
0
0
0
0
0
0
0
0
0
0
0
0
0
0
0
0
0
0
0
0
0
0
0
0
0
0
0
0
0
0
0
0
0
0
0
0
0
0
0
0
0
0
0
0
0
0
0
0
0
0
0
0
0
0
0
0
0
0
0
0
0
0
0
0
0
0
0
0
0
0
0
0
0
0
0
0
0
0
0
0
0
0
0
0
0
0
0
0
0
0
0
0
0
0
0
0
0
0
0
0
0
0
0
0
0
0
0
0
0
0
0
0
0
