-0
-0
-0
-0
-0
-0
-0
-0
-0
-0
-0
-0
-0
-0
-0
-0
-0
-0
-0
-0
0
0
0
0
0
0
0
0
0
0
0
0
0
0
0
0
0
0
0
0
0
0
0
0
0
0
0
0
0
0
0
0
0
0
0
0
0
0
0
0
0
0
0
0
0
0
0
0
0
0
0
0
-0
-0
-0
-0
-0
-0
-0
-0
-0
-0
-0
-0
-0
-0
-0
-0
-0
-0
-0
-0
-0
-0
-0
-0
-0
-0
-0
-0
-0
-0
-0
-0
-0
-0
-0
-0
-0
0
0
0
0
1.95341e-06
1.41315e-05
4.21878e-05
9.11634e-05
0.000165636
0.000269609
0.00040642
0.000578648
0.000788056
0.00103553
0.00132105
0.00164364
0.00200135
0.00239125
0.00280949
0.00325126
0.00371093
0.00418206
0.00465749
0.0051294
0.00558947
0.00602899
0.00643898
0.00681039
0.00713418
0.00740146
0.00760361
0.00773247
0.00778049
0.00774089
0.00760782
0.00737638
0.00704272
0.00660403
0.00605868
0.00540628
0.00464783
0.00378578
0.00282403
0.00176785
0.000623887
-0.000599934
-0.00189444
-0.00324929
-0.00465308
-0.00609354
-0.00755769
-0.00903203
-0.0105026
-0.0119549
-0.0133746
-0.0147468
-0.0160571
-0.0172915
-0.0184367
-0.0194799
-0.0204093
-0.021214
-0.021884
-0.0224109
-0.0227876
-0.0230089
-0.0230711
-0.0229719
-0.0227108
-0.0222884
-0.0217069
-0.02097
-0.020083
-0.0190525
-0.0178865
-0.0165939
-0.015185
-0.0136715
-0.0120662
-0.0103831
-0.00863688
-0.00684244
-0.00501472
-0.00316848
-0.00131833
0.000521248
0.00233603
0.00411229
0.00583707
0.00749842
0.0090853
0.0105876
0.0119959
0.0133018
0.0145008
0.0155939
0.0165786
0.0174535
0.018218
0.0188723
0.0194174
0.0198552
0.0201889
0.0204227
0.020562
0.0206129
0.0205817
0.0204757
0.0203022
0.0200694
0.0197863
0.0194623
0.0191073
0.0187309
0.018343
0.017953
0.0175707
0.0172058
0.0168678
0.0165655
0.0163072
0.0161
0.0159507
0.0158656
0.0158507
0.0159119
0.016054
0.0162808
0.0165945
0.0169961
0.0174854
0.0180614
0.0187222
0.0194649
0.0202853
0.0211774
0.022134
0.0231469
0.0242066
0.0253035
0.026427
0.0275657
0.0287075
0.0298394
0.0309481
0.0320196
0.0330399
0.0339945
0.0348688
0.0356476
0.0363155
0.0368576
0.0372593
0.0375067
0.0375867
0.0374865
0.0371942
0.036698
0.0359875
0.0350532
0.0338869
0.0324822
0.0308337
0.0289377
0.0267919
0.024396
0.0217512
0.0188607
0.0157296
0.0123645
0.00877364
0.00496689
0.000955989
-0.00324542
-0.00762177
-0.0121558
-0.0168286
-0.0216203
-0.0265095
-0.0314737
-0.036489
-0.0415302
-0.0465709
-0.0515839
-0.0565412
-0.0614147
-0.0661756
-0.0707954
-0.0752452
-0.0794963
-0.0835204
-0.0872898
-0.0907775
-0.0939575
-0.0968048
-0.0992959
-0.101409
-0.103122
-0.104419
-0.105281
-0.105694
-0.105647
-0.105128
-0.104131
-0.102649
-0.100681
-0.0982252
-0.095285
-0.0918652
-0.0879737
-0.083621
-0.07882
-0.0735865
-0.0679386
-0.061897
-0.0554848
-0.0487277
-0.041654
-0.0342941
-0.0266809
-0.0188486
-0.0108335
-0.00267327
0.00559299
0.0139246
0.0222799
0.0306163
0.0388909
0.047061
0.0550842
0.0629182
0.0705215
0.0778528
0.0848719
0.0915398
0.0978197
0.103677
0.109078
0.113994
0.118397
0.122261
0.125563
0.128284
0.130406
0.131916
0.132804
0.133062
0.132685
0.131675
0.130032
0.127764
0.124879
0.12139
0.117312
0.112663
0.107466
0.101744
0.0955252
0.0888393
0.0817191
0.0741992
0.0663162
0.0581088
0.0496174
0.0408844
0.0319532
0.0228681
0.0136737
0.00441498
-0.00486311
-0.0141153
-0.0232964
-0.0323616
-0.0412671
-0.0499704
-0.0584308
-0.0666092
-0.0744681
-0.0819714
-0.089085
-0.0957766
-0.102017
-0.107779
-0.11304
-0.117778
-0.121977
-0.125621
-0.128698
-0.131197
-0.133112
-0.134441
-0.135182
-0.135338
-0.134917
-0.133925
-0.132375
-0.130282
-0.127662
-0.124536
-0.120924
-0.116851
-0.112343
-0.107427
-0.102133
-0.096494
-0.0905411
-0.0843084
-0.0778303
-0.0711417
-0.0642783
-0.0572766
-0.0501733
-0.0430054
-0.0358096
-0.0286219
-0.0214775
-0.0144108
-0.00745505
-0.000642564
0.00599561
0.0124297
0.0186313
0.0245737
0.0302315
0.0355813
0.040602
0.0452747
0.0495828
0.0535124
0.0570517
0.0601907
0.0629214
0.0652375
0.0671351
0.0686121
0.0696694
0.0703097
0.0705385
0.0703632
0.0697929
0.0688388
0.0675135
0.0658312
0.0638072
0.0614581
0.0588017
0.0558568
0.0526437
0.049184
0.0454999
0.0416147
0.0375515
0.0333336
0.0289842
0.0245266
0.0199843
0.0153809
0.01074
0.00608493
0.00143834
-0.00317779
-0.00774216
-0.0122341
-0.0166337
-0.0209218
-0.0250806
-0.0290934
-0.0329449
-0.0366212
-0.040109
-0.0433964
-0.0464725
-0.0493279
-0.0519545
-0.0543459
-0.0564969
-0.0584035
-0.0600628
-0.0614732
-0.0626346
-0.0635486
-0.0642182
-0.0646482
-0.0648442
-0.0648124
-0.0645599
-0.0640944
-0.0634244
-0.0625597
-0.0615109
-0.0602894
-0.0589068
-0.0573752
-0.055707
-0.053915
-0.0520122
-0.0500121
-0.0479278
-0.0457727
-0.0435595
-0.0413011
-0.0390101
-0.0366993
-0.034381
-0.0320671
-0.0297687
-0.0274962
-0.0252594
-0.0230679
-0.0209307
-0.0188568
-0.0168543
-0.0149304
-0.0130914
-0.0113426
-0.00968868
-0.00813414
-0.0066829
-0.00533833
-0.00410288
-0.00297799
-0.00196416
-0.00106127
-0.000268763
0.000414225
0.00098901
0.00145754
0.00182252
0.00208727
0.00225556
0.0023313
0.00231853
0.00222145
0.00204467
0.00179331
0.00147289
0.00108912
0.000647618
0.000153789
-0.000387132
-0.000969889
-0.00158905
-0.00223902
-0.00291416
-0.00360906
-0.0043187
-0.00503845
-0.00576399
-0.00649123
-0.00721619
-0.00793507
-0.00864433
-0.00934071
-0.0100212
-0.0106831
-0.0113239
-0.0119415
-0.0125342
-0.0131008
-0.0136407
-0.0141534
-0.0146386
-0.0150961
-0.0155256
-0.0159272
-0.0163015
-0.0166493
-0.016972
-0.0172706
-0.0175466
-0.0178012
-0.0180358
-0.0182522
-0.0184526
-0.0186389
-0.0188134
-0.0189779
-0.019134
-0.0192835
-0.0194283
-0.0195704
-0.019712
-0.0198548
-0.0200003
-0.0201495
-0.0203036
-0.0204638
-0.0206314
-0.0208076
-0.0209934
-0.021189
-0.0213942
-0.0216086
-0.0218315
-0.0220627
-0.0223016
-0.0225476
-0.0227995
-0.0230557
-0.0233143
-0.0235736
-0.023832
-0.024088
-0.0243397
-0.0245851
-0.0248216
-0.0250466
-0.0252575
-0.0254524
-0.0256295
-0.0257869
-0.0259225
-0.0260337
-0.0261178
-0.0261721
-0.0261944
-0.0261832
-0.0261373
-0.0260553
-0.025936
-0.025778
-0.0255802
-0.0253416
-0.0250621
-0.0247418
-0.0243809
-0.0239799
-0.0235393
-0.0230595
-0.0225418
-0.0219875
-0.0213984
-0.0207763
-0.0201229
-0.0194402
-0.0187302
-0.0179955
-0.017239
-0.0164637
-0.0156728
-0.0148692
-0.0140556
-0.013235
-0.0124108
-0.0115865
-0.0107657
-0.00995202
-0.00914861
-0.00835844
-0.00758439
-0.00682945
-0.00609681
-0.00538968
-0.00471116
-0.0040641
-0.00345109
-0.00287459
-0.00233703
-0.0018407
-0.00138764
-0.000979433
-0.000617211
-0.0003018
-3.40035e-05
0.000185205
0.000354727
0.000473598
0.000541314
0.00055801
0.000524364
0.000441291
0.000309639
0.000130071
-9.67814e-05
-0.000370015
-0.000688214
-0.00104943
-0.00145141
-0.00189183
-0.00236851
-0.00287931
-0.00342193
-0.00399377
-0.0045919
-0.00521328
-0.00585503
-0.00651456
-0.00718944
-0.00787715
-0.00857486
-0.00927933
-0.00998717
-0.0106951
-0.0114001
-0.0120995
-0.0127907
-0.013471
-0.0141376
-0.0147875
-0.015418
-0.0160265
-0.016611
-0.0171697
-0.0177008
-0.0182023
-0.0186721
-0.0191086
-0.0195102
-0.0198756
-0.0202037
-0.0204936
-0.0207441
-0.0209545
-0.0211239
-0.0212522
-0.0213396
-0.0213864
-0.0213927
-0.0213587
-0.0212843
-0.0211697
-0.0210154
-0.0208221
-0.020591
-0.020323
-0.020019
-0.0196798
-0.0193063
-0.0188995
-0.0184606
-0.0179911
-0.0174922
-0.0169653
-0.0164115
-0.015832
-0.0152284
-0.0146026
-0.0139565
-0.0132918
-0.0126102
-0.0119131
-0.0112021
-0.0104791
-0.00974641
-0.0090064
-0.00826134
-0.00751313
-0.00676333
-0.00601339
-0.00526485
-0.00451787
-0.00377508
-0.00304022
-0.00231678
-0.0016079
-0.000916438
-0.00024514
0.000403159
0.00102553
0.00161907
0.00218109
0.00270922
0.00320139
0.00365578
0.00407073
0.0044448
0.00477683
0.005066
0.00531182
0.00551401
0.00567232
0.00578653
0.00585651
0.00588247
0.00586516
0.0058059
0.00570645
0.0055688
0.00539496
0.00518687
0.0049465
0.00467604
0.00437802
0.00405535
0.00371127
0.00334914
0.00297233
0.0025842
0.00218807
0.00178724
0.00138506
0.000984801
0.000589693
0.000202845
-0.000172756
-0.000534266
-0.000879001
-0.00120449
-0.00150851
-0.00178915
-0.00204477
-0.00227402
-0.00247577
-0.00264916
-0.00279359
-0.00290877
-0.00299476
-0.00305201
-0.00308126
-0.00308353
-0.00306012
-0.00301253
-0.00294248
-0.00285189
-0.00274286
-0.00261761
-0.00247846
-0.00232781
-0.00216808
-0.00200175
-0.00183127
-0.00165909
-0.00148754
-0.00131886
-0.00115507
-0.000998067
-0.000849511
-0.000710881
-0.000583422
-0.000468131
-0.000365725
-0.00027663
-0.000200976
-0.000138602
-8.90658e-05
-5.1658e-05
-2.54083e-05
-9.10094e-06
-1.29204e-06
-0
-0
-0
-0
-0
-0
-0
-0
0
0
0
0
0
0
0
0
0
0
0
0
0
0
0
0
0
0
0
0
0
0
0
0
0
0
0
0
0
0
0
0
0
0
0
0
0
0
0
0
0
0
0
0
0
0
0
0
0
0
0
-0
-0
-0
-0
-0
-0
-0
-0
-0
-0
-0
-0
-0
-0
-0
-0
-0
-0
-0
-0
-0
-0
-0
-0
-0
-0
-0
-0
-0
-0
-0
-0
-0
-0
-0
-0
-0
-0
-0
-0
0
0
0
0
2.01951e-06
1.58419e-05
4.79807e-05
0.000104031
0.000189025
0.000307346
0.000462666
0.000657917
0.000895278
0.00117616
0.00150119
0.00187017
0.00228209
0.00273518
0.00322695
0.00375434
0.00431379
0.0049013
0.00551248
0.00614251
0.00678635
0.00743877
0.00809452
0.0087485
0.00939578
0.0100319
0.0106526
0.0112544
0.0118341
0.0123891
0.0129175
0.0134177
0.0138888
0.0143305
0.0147431
0.0151279
0.0154869
0.015823
0.0161396
0.0164406
0.0167302
0.0170128
0.0172928
0.0175749
0.0178633
0.0181626
0.018477
0.018811
0.019169
0.0195554
0.0199745
0.0204297
0.020924
0.0214595
0.0220379
0.0226604
0.0233281
0.0240419
0.0248022
0.0256088
0.0264605
0.0273554
0.0282903
0.0292615
0.0302641
0.0312925
0.0323405
0.0334019
0.0344701
0.0355386
0.0366005
0.0376484
0.0386743
0.0396698
0.0406267
0.0415369
0.0423928
0.0431868
0.0439116
0.0445598
0.0451246
0.0456006
0.0459844
0.0462747
0.0464712
0.0465731
0.0465793
0.0464875
0.0462963
0.0460056
0.0456264
0.0451825
0.0446804
0.0441253
0.0435217
0.0428744
0.042189
0.0414726
0.0407337
0.0399808
0.0392228
0.0384664
0.0377173
0.0369814
0.0362651
0.0355795
0.0349352
0.0343424
0.0338088
0.0333377
0.032934
0.0326008
0.0323426
0.0321649
0.0320718
0.0320706
0.0321645
0.0323551
0.0326428
0.033026
0.0335079
0.0340897
0.0347713
0.0355512
0.0364241
0.0373883
0.0384398
0.0395749
0.04079
0.0420793
0.043439
0.044863
0.0463449
0.0478792
0.0494604
0.0510833
0.0527413
0.0544264
0.0561295
0.0578437
0.0595603
0.0612745
0.062983
0.0646822
0.0663708
0.0680371
0.069672
0.0712669
0.0728148
0.0743178
0.075767
0.0771602
0.0784943
0.0797647
0.0809744
0.0821094
0.083165
0.0841379
0.0850256
0.0858355
0.0865557
0.087184
0.0877188
0.0881595
0.0885161
0.0887784
0.0889464
0.08902
0.0889994
0.0888946
0.0886994
0.0884173
0.0880518
0.0876064
0.0870892
0.0864973
0.0858337
0.0851029
0.0843102
0.0834618
0.0825627
0.0816171
0.0806287
0.0796014
0.0785337
0.0774388
0.0763247
0.0751997
0.0740709
0.0729296
0.0717942
0.0706681
0.0695552
0.0684603
0.0673672
0.0663036
0.0652748
0.064285
0.0633379
0.0624086
0.0615294
0.0607039
0.0599355
0.0592258
0.058543
0.0579184
0.057351
0.0568398
0.0563842
0.0559514
0.0555722
0.0552438
0.0549617
0.054721
0.0544896
0.0542909
0.0541217
0.0539784
0.0538558
0.0537299
0.0536086
0.0534827
0.0533434
0.0531831
0.0529943
0.0527725
0.0525112
0.052203
0.0518394
0.0514305
0.0509507
0.0503941
0.0497555
0.0490302
0.0482527
0.0473791
0.0464057
0.0453302
0.0441524
0.0429328
0.0416136
0.0401968
0.0386846
0.0370796
0.0354613
0.0337598
0.0319821
0.0301364
0.0282312
0.0263593
0.0244472
0.0225065
0.0205515
0.0185981
0.0167448
0.0149269
0.0131604
0.0114612
0.00984619
0.0084004
0.00707662
0.00589544
0.00487712
0.00404053
0.00344288
0.00305996
0.00290768
0.00300286
0.00336297
0.00400754
0.00494915
0.00620008
0.00776988
0.00966607
0.0118529
0.0143782
0.0172467
0.0204615
0.0240229
0.02784
0.0319967
0.0364862
0.0412999
0.0464272
0.0517243
0.057305
0.0631497
0.069236
0.07554
0.0818762
0.0883787
0.0950195
0.101767
0.108587
0.115268
0.121946
0.128581
0.135137
0.141572
0.147686
0.153599
0.159269
0.16465
0.169698
0.174244
0.178374
0.18205
0.185235
0.187891
0.189915
0.191341
0.192141
0.192284
0.191746
0.190509
0.188548
0.185845
0.182389
0.17817
0.173274
0.167612
0.161186
0.154007
0.146086
0.137616
0.128444
0.118595
0.1081
0.0969915
0.085554
0.0735825
0.0611237
0.0482294
0.0349565
0.0216576
0.00810157
-0.00564911
-0.0195303
-0.0334755
-0.0471109
-0.0606697
-0.074078
-0.0872607
-0.100142
-0.112371
-0.124152
-0.135411
-0.146076
-0.156078
-0.165139
-0.173402
-0.180803
-0.187283
-0.192785
-0.197158
-0.200452
-0.202626
-0.203643
-0.203473
-0.202125
-0.199548
-0.195728
-0.190658
-0.184339
-0.176955
-0.168345
-0.158535
-0.147554
-0.135438
-0.122543
-0.108601
-0.0936661
-0.0778008
-0.061074
-0.0439827
-0.0261836
-0.00775944
0.011202
0.0306075
0.049873
0.0693827
0.0890321
0.108716
0.128329
0.147274
0.16594
0.184218
0.202001
0.21918
0.235215
0.250435
0.264742
0.278041
0.290243
0.300951
0.310393
0.318494
0.325184
0.330401
0.333956
0.335936
0.3363
0.335014
0.332052
0.327473
0.321196
0.313222
0.303565
0.292245
0.279582
0.26532
0.249503
0.232187
0.213435
0.193808
0.172898
0.150794
0.12759
0.10339
0.0789392
0.0537118
0.0278246
0.00139859
-0.0254401
-0.0518449
-0.0783988
-0.104965
-0.131405
-0.15758
-0.182642
-0.207167
-0.231023
-0.254079
-0.276204
-0.29666
-0.315933
-0.333908
-0.350474
-0.36553
-0.378551
-0.38988
-0.399437
-0.407148
-0.412946
-0.41659
-0.418222
-0.41781
-0.415334
-0.410781
-0.404242
-0.395631
-0.384966
-0.372277
-0.357602
-0.341362
-0.323248
-0.303329
-0.281683
-0.258398
-0.234181
-0.208524
-0.181538
-0.153343
-0.124065
-0.0946232
-0.0643677
-0.0334392
-0.0019825
0.0298548
0.0610555
0.0923393
0.123557
0.154558
0.185192
0.214462
0.243067
0.270865
0.297718
0.323491
0.347333
0.369848
0.390923
0.410452
0.428337
0.443975
0.4578
0.469742
0.47974
0.487745
0.49347
0.497132
0.498714
0.498209
0.495622
0.491017
0.484368
0.47571
0.465084
0.452546
0.438489
0.422657
0.405129
0.385996
0.365353
0.343869
0.321084
0.29711
0.272066
0.246076
0.219992
0.193218
0.165885
0.138124
0.110069
0.0826481
0.0551974
0.0278454
0.000718282
-0.0260605
-0.0516041
-0.0765657
-0.100835
-0.124306
-0.146877
-0.1678
-0.187641
-0.206323
-0.223777
-0.23994
-0.254283
-0.267235
-0.278757
-0.288821
-0.297404
-0.304238
-0.309572
-0.31341
-0.315761
-0.316644
-0.316055
-0.314054
-0.310678
-0.30597
-0.299979
-0.292937
-0.284721
-0.275394
-0.26502
-0.25367
-0.241757
-0.229014
-0.21552
-0.201353
-0.186594
-0.171769
-0.156516
-0.140918
-0.125056
-0.109008
-0.0933324
-0.0776224
-0.0619505
-0.0463869
-0.031
-0.0163114
-0.00192415
0.0121069
0.0257311
0.0389019
0.0511906
0.0629458
0.0741342
0.084727
0.0947003
0.103749
0.112144
0.119875
0.126937
0.133326
0.138868
0.143745
0.147968
0.151549
0.154505
0.156783
0.158478
0.159614
0.160219
0.160321
0.159959
0.159155
0.157941
0.156347
0.154408
0.152216
0.149745
0.147027
0.144093
0.140972
0.137778
0.134453
0.131025
0.127521
0.123968
0.120473
0.116974
0.113488
0.110029
0.106609
0.10331
0.100074
0.096911
0.0938291
0.0908319
0.0879688
0.0851896
0.0824915
0.0798712
0.0773246
0.074883
0.0725022
0.0701723
0.0678815
0.0656176
0.0634077
0.061203
0.0589939
0.0567707
0.0545226
0.0522957
0.0500196
0.0476824
0.0452735
0.0427839
0.0402979
0.0377148
0.0350267
0.0322261
0.029307
0.0264015
0.0233726
0.0202217
0.0169511
0.0135638
0.0102402
0.00680719
0.0032694
-0.000360005
-0.00406297
-0.00761466
-0.0112013
-0.0148037
-0.0184026
-0.0219782
-0.0253024
-0.0285632
-0.0317383
-0.0348052
-0.0377429
-0.0403527
-0.0428005
-0.0450703
-0.0471455
-0.0490091
-0.0505203
-0.051792
-0.0528132
-0.0535762
-0.0540764
-0.0542607
-0.05418
-0.0538344
-0.0532257
-0.0523581
-0.0512659
-0.0499327
-0.0483721
-0.0465987
-0.0446279
-0.0425672
-0.0403361
-0.0379524
-0.0354362
-0.0328095
-0.0302302
-0.0275788
-0.0248778
-0.022149
-0.0194138
-0.0168427
-0.0142977
-0.0118
-0.00936991
-0.00702652
-0.00492328
-0.00292719
-0.00105112
0.000693524
0.00229672
0.00364461
0.00484694
0.0058997
0.00680107
0.00755131
0.00808545
0.00848247
0.00874761
0.00888734
0.00890942
0.00879085
0.00857845
0.00828301
0.00791575
0.00748802
0.00700375
0.00648311
0.00593717
0.00537667
0.00481193
0.00425693
0.00371536
0.00319537
0.00270396
0.00224702
0.00183499
0.00146359
0.00113543
0.00085193
0.00061333
0.000421215
0.000269554
0.000155832
7.66346e-05
2.77474e-05
4.30204e-06
0
0
0
0
0
0
0
0
0
-0
-0
-0
-0
-0
-0
-0
-0
-0
-0
-0
-0
-0
-0
-0
-0
-0
-0
-0
-0
-0
-0
-0
-0
-0
-0
-0
-0
-0
-0
-0
-0
-0
-0
0
0
0
0
0
0
0
0
0
0
0
0
0
0
0
0
0
0
0
0
0
0
0
0
0
0
0
0
0
0
0
0
0
0
0
0
0
0
0
0
0
0
0
0
0
0
0
0
0
0
0
-0
-0
-0
-0
-0
-0
-0
-0
-0
-0
-0
-0
-0
-0
-0
-0
-0
-0
-0
