-0
-0
-0
-0
-0
-0
-0
-0
-0
-0
-0
-0
-0
-0
-0
-0
-0
-0
-0
-0
-0
-0
-0
-0
-0
-0
-0
-0
-0
-0
-0
-0
-0
-0
0
0
0
0
0
0
0
0
0
0
0
0
0
0
0
0
0
0
0
0
0
0
0
0
0
0
0
0
0
0
0
0
0
0
0
0
0
0
0
0
0
-0
-0
-0
-0
0
0
0
0
0
0
0
0
0
0
0
0
0
0
0
0
0
0
0
0
0
0
0
0
0
0
0
0
0
0
0
0
0
0
0
0
0
0
0
0
0
0
0
0
0
0
0
0
-0
-0
-0
-0
-0
-0
-0
-0
-0
-0
-0
-0
-0
-0
-0
-0
-0
-0
-0
-0
-0
-0
-0
-0
-0
-0
-0
-0
-0
-0
-0
-0
-0
-0
-0
-0
-0
-0
-0
-0
-0
-0
-0
-0
-0
-0
0
0
0
0
0
0
0
0
0
0
0
0
0
0
0
0
0
0
0
0
0
0
0
0
0
0
0
0
0
0
0
0
0
0
0
0
0
0
0
0
0
0
0
0
0
0
0
0
0
-0
-0
-0
-0
-0
-0
-0
-0
-0
-0
-0
-0
-0
-0
-0
-0
-0
-0
-0
-0
-0
-0
-0
-0
-0
-0
-0
-0
-0
-0
-0
-0
-0
-0
-0
-0
-0
-0
-0
-0
-0
-0
-0
-0
-0
-0
-0
-0
-0
-0
-0
-0
-0
-0
-0
-0
-0
-0
-0
-0
-0
-0
-0
0
0
0
0
0
0
0
0
0
0
0
0
0
0
0
0
0
0
0
0
0
0
0
0
0
0
0
0
0
0
0
0
0
0
0
0
0
3.28672e-07
1.21452e-05
3.87716e-05
7.70066e-05
0.000123368
0.000174155
0.000225519
0.000273526
0.000314232
0.000343759
0.000358359
0.000354479
0.000328803
0.000278309
0.000200325
9.26089e-05
-4.65732e-05
-0.000218396
-0.000423465
-0.000661845
-0.000933106
-0.00123635
-0.00157021
-0.00193286
-0.00232197
-0.00273478
-0.0031681
-0.00361834
-0.00408149
-0.00455313
-0.00502845
-0.0055024
-0.00596994
-0.00642627
-0.00686703
-0.00728827
-0.00768633
-0.00805769
-0.00839888
-0.00870652
-0.00897751
-0.00920921
-0.00939959
-0.00954728
-0.00965164
-0.00971283
-0.00973196
-0.00971113
-0.00965336
-0.00956235
-0.00944213
-0.00929676
-0.00913019
-0.00894634
-0.00874926
-0.00854332
-0.00833324
-0.00812417
-0.00792162
-0.00773148
-0.00755996
-0.00741339
-0.00729786
-0.00721874
-0.00718026
-0.00718544
-0.00723621
-0.00733391
-0.00747963
-0.00767442
-0.00791922
-0.00821466
-0.0085609
-0.00895759
-0.00940385
-0.00989811
-0.0104378
-0.011019
-0.0116361
-0.0122823
-0.0129499
-0.0136315
-0.0143198
-0.0150082
-0.0156904
-0.0163595
-0.0170083
-0.0176288
-0.0182134
-0.0187543
-0.019245
-0.0196869
-0.0200766
-0.0204073
-0.0206724
-0.0208654
-0.0209806
-0.0210132
-0.0209591
-0.0208143
-0.0205752
-0.0202381
-0.0197996
-0.0192567
-0.0186071
-0.0178484
-0.0169787
-0.0159964
-0.0149002
-0.0136898
-0.0123657
-0.0109297
-0.00938368
-0.00773028
-0.00597218
-0.00411252
-0.00215514
-0.000104781
0.0020329
0.00425147
0.00654391
0.00890261
0.0113194
0.0137852
0.0162906
0.0188254
0.0213795
0.0239426
0.026504
0.0290526
0.0315761
0.0340616
0.036495
0.0388626
0.0411505
0.0433449
0.045432
0.0473975
0.0492264
0.0509033
0.0524131
0.0537412
0.054874
0.0557982
0.0565012
0.0569706
0.0571939
0.0571591
0.0568549
0.0562708
0.0553974
0.054226
0.0527487
0.0509589
0.0488508
0.0464207
0.0436664
0.0405876
0.0371857
0.0334637
0.0294261
0.0250793
0.0204313
0.0154924
0.0102746
0.00479204
-0.000939503
-0.00690236
-0.0130772
-0.0194431
-0.0259772
-0.0326554
-0.0394515
-0.0463379
-0.0532855
-0.0602637
-0.0672411
-0.0741854
-0.0810636
-0.0878421
-0.0944861
-0.10096
-0.107228
-0.113255
-0.119004
-0.12444
-0.12953
-0.13424
-0.138538
-0.142392
-0.145769
-0.148642
-0.150982
-0.152763
-0.153963
-0.154558
-0.154531
-0.153865
-0.152547
-0.150567
-0.147918
-0.144596
-0.140602
-0.135938
-0.13061
-0.124627
-0.118005
-0.110761
-0.102918
-0.0945007
-0.0855371
-0.0760579
-0.0660973
-0.055693
-0.0448861
-0.0337204
-0.0222428
-0.0105022
0.0014503
0.0135611
0.0257747
0.0380337
0.0502797
0.0624535
0.0744955
0.0863455
0.0979422
0.109224
0.120128
0.130595
0.140565
0.149981
0.158789
0.166937
0.174376
0.181057
0.186938
0.191977
0.196141
0.199399
0.201726
0.2031
0.203506
0.202933
0.201375
0.198833
0.195313
0.190827
0.18539
0.179024
0.171755
0.163614
0.15464
0.144874
0.134362
0.123154
0.111302
0.0988643
0.0858996
0.0724717
0.0586465
0.0444923
0.0300788
0.0154766
0.000757338
-0.0140067
-0.0287426
-0.0433778
-0.05784
-0.0720586
-0.0859639
-0.0994881
-0.112565
-0.12513
-0.137121
-0.14848
-0.159152
-0.169087
-0.178238
-0.186561
-0.194017
-0.200571
-0.206191
-0.210853
-0.214538
-0.21723
-0.218921
-0.219607
-0.219286
-0.217966
-0.215656
-0.212371
-0.208132
-0.202965
-0.196898
-0.189967
-0.18221
-0.173671
-0.164397
-0.154438
-0.143847
-0.13268
-0.120994
-0.108851
-0.0963131
-0.0834473
-0.0703206
-0.0570012
-0.0435573
-0.0300565
-0.0165662
-0.0031533
0.0101158
0.0231755
0.0359615
0.0484114
0.060465
0.0720649
0.0831567
0.0936897
0.103617
0.112894
0.121483
0.129347
0.136454
0.142775
0.148285
0.152964
0.156796
0.15977
0.161879
0.163124
0.163506
0.163035
0.161722
0.159583
0.156639
0.152914
0.148437
0.143237
0.137351
0.130817
0.123673
0.115964
0.107735
0.0990317
0.0899039
0.0804019
0.0705772
0.0604825
0.0501709
0.0396958
0.0291104
0.0184679
0.0078208
-0.00277892
-0.0132805
-0.0236344
-0.0337925
-0.0437086
-0.0533381
-0.0626384
-0.0715696
-0.080095
-0.0881809
-0.0957972
-0.102917
-0.109516
-0.115572
-0.121068
-0.125986
-0.130315
-0.134047
-0.137174
-0.139694
-0.141608
-0.142917
-0.143627
-0.143746
-0.143283
-0.142252
-0.140668
-0.13855
-0.135916
-0.132788
-0.12919
-0.125147
-0.120686
-0.115834
-0.11062
-0.105073
-0.099223
-0.093101
-0.0867396
-0.0801718
-0.07343
-0.066546
-0.059551
-0.0524753
-0.0453493
-0.0382033
-0.0310677
-0.0239718
-0.016944
-0.010011
-0.00319832
0.00346948
0.00996879
0.016277
0.022373
0.028237
0.0338511
0.0391987
0.0442643
0.0490333
0.0534926
0.0576305
0.0614378
0.0649074
0.0680338
0.070813
0.0732418
0.0753177
0.0770397
0.0784082
0.0794255
0.0800958
0.0804244
0.0804176
0.0800822
0.0794257
0.0784561
0.0771827
0.0756157
0.073766
0.0716456
0.0692668
0.0666428
0.0637874
0.0607148
0.0574398
0.0539769
0.0503409
0.0465469
0.0426101
0.0385464
0.0343723
0.0301045
0.0257596
0.021354
0.0169034
0.0124235
0.0079296
0.00343702
-0.00103914
-0.00548395
-0.00988279
-0.0142213
-0.0184853
-0.0226612
-0.0267356
-0.0306958
-0.0345298
-0.0382259
-0.041773
-0.0451602
-0.0483769
-0.0514133
-0.0542602
-0.0569096
-0.0593546
-0.0615886
-0.0636056
-0.0653996
-0.066965
-0.0682972
-0.0693926
-0.070249
-0.070865
-0.0712406
-0.0713757
-0.071271
-0.0709277
-0.0703476
-0.0695335
-0.0684893
-0.0672198
-0.0657309
-0.0640295
-0.0621357
-0.0600744
-0.0578513
-0.0554719
-0.0529416
-0.0502655
-0.0474495
-0.0444997
-0.0414235
-0.0382287
-0.034924
-0.0315178
-0.0280189
-0.024436
-0.0207783
-0.0170557
-0.0132787
-0.00945896
-0.00560847
-0.00173984
0.00213409
0.00600022
0.00984522
0.0136554
0.0174165
0.0211137
0.0247315
0.0282532
0.031662
0.0349406
0.0380722
0.0410405
0.0438298
0.0464249
0.0488103
0.0509705
0.0528899
0.0545535
0.0559475
0.0570596
0.0578789
0.0583957
0.0586009
0.0584863
0.0580448
0.0572714
0.0561634
0.0547202
0.0529436
0.0508367
0.0484044
0.0456529
0.0425907
0.0392286
0.0355795
0.0316586
0.0274823
0.0230684
0.0184358
0.0136054
0.0086
0.00344472
-0.00183362
-0.00720717
-0.0126478
-0.0181275
-0.0236184
-0.0290927
-0.0345221
-0.039878
-0.045131
-0.050252
-0.0552122
-0.059984
-0.0645414
-0.0688603
-0.0729187
-0.076696
-0.0801732
-0.0833319
-0.0861552
-0.0886275
-0.0907357
-0.0924697
-0.0938229
-0.0947921
-0.0953765
-0.0955779
-0.0953837
-0.0947836
-0.0937988
-0.0924526
-0.0907574
-0.0887282
-0.0863732
-0.0837202
-0.0807902
-0.0776054
-0.0741889
-0.0705541
-0.0667343
-0.0627532
-0.0586348
-0.054404
-0.0500765
-0.0456889
-0.0412669
-0.0368352
-0.0324172
-0.0280261
-0.0236916
-0.0194336
-0.0152711
-0.0112217
-0.00729563
-0.0035128
0.000114094
0.00357356
0.00685541
0.00995167
0.0128551
0.0155612
0.0180676
0.0203732
0.0224722
0.0243697
0.0260662
0.0275637
0.0288659
0.0299674
0.0308863
0.0316299
0.0322054
0.03262
0.0328649
0.032965
0.0329297
0.0327685
0.0324911
0.0320865
0.0315835
0.0309904
0.0303152
0.0295661
0.0287302
0.0278365
0.0268914
0.0259004
0.0248682
0.0237801
0.0226617
0.0215181
0.0203536
0.0191711
0.0179568
0.0167274
0.0154834
0.0142254
0.0129543
0.0116619
0.0103576
0.00904093
0.00771051
0.00636463
0.00500106
0.00361863
0.00221581
0.000790946
-0.000657865
-0.00212342
-0.0036174
-0.00514204
-0.00669961
-0.00829244
-0.0099034
-0.0115545
-0.0132479
-0.0149849
-0.0167589
-0.0185326
-0.0203312
-0.0221504
-0.0239854
-0.0258313
-0.0276459
-0.0294593
-0.0312645
-0.0330534
-0.034818
-0.0365092
-0.038159
-0.0397582
-0.0412969
-0.0427648
-0.0441125
-0.0453678
-0.0465203
-0.0475593
-0.0484745
-0.0492244
-0.0498292
-0.0502781
-0.0505608
-0.0506672
-0.0505707
-0.050279
-0.0497831
-0.0490745
-0.0481452
-0.0469907
-0.0456035
-0.04398
-0.0421176
-0.0400151
-0.0376958
-0.035136
-0.032337
-0.0293015
-0.026034
-0.0225873
-0.0189237
-0.0150535
-0.0109884
-0.00674162
-0.00239223
0.00210985
0.00674817
0.0115047
0.0163595
0.0212136
0.0261219
0.0310608
0.0360056
0.0409309
0.0457297
0.0504559
0.0550823
0.0595808
0.063923
0.0680078
0.0718798
0.0755115
0.078876
0.081947
0.0846467
0.0870043
0.088997
0.0906034
0.0918025
0.0925523
0.0928576
0.0927029
0.0920751
0.0909642
0.0893771
0.0872947
0.0847144
0.0816357
0.078061
0.0740494
0.0695552
0.0645898
0.0591679
0.053307
0.0471181
0.0405332
0.0335782
0.0262818
0.0186755
0.0109118
0.00290832
-0.00529713
-0.0136648
-0.0221532
-0.030587
-0.0390537
-0.0475078
-0.0559032
-0.0641928
-0.0722016
-0.0800105
-0.0875722
-0.0948397
-0.101766
-0.108201
-0.114207
-0.119741
-0.124765
-0.12924
-0.133063
-0.136268
-0.138824
-0.140704
-0.141885
-0.142333
-0.142046
-0.141011
-0.139219
-0.136665
-0.133397
-0.129372
-0.124599
-0.119092
-0.112866
-0.106049
-0.0985623
-0.0904356
-0.0817046
-0.0724089
-0.0627439
-0.0526028
-0.0420342
-0.0310898
-0.0198246
-0.00847895
0.00306981
0.0147598
0.0265273
0.0383077
0.0498466
0.0612676
0.0725052
0.0834942
0.0941696
0.104298
0.113988
0.123178
0.13181
0.139828
0.147056
0.153569
0.159321
0.164273
0.168387
0.171571
0.173856
0.175218
0.175639
0.175106
0.173627
0.171183
0.167777
0.163417
0.158117
0.151993
0.144972
0.137084
0.128365
0.118854
0.108764
0.0979777
0.0865488
0.074534
0.0619939
0.0492089
0.0360287
0.0225224
0.00876227
-0.00517763
-0.0189818
-0.0328148
-0.0466009
-0.0602642
-0.073729
-0.0866888
-0.0993022
-0.111498
-0.123206
-0.13436
-0.144703
-0.154364
-0.163287
-0.171417
-0.178704
-0.184978
-0.190325
-0.194711
-0.198105
-0.200483
-0.201782
-0.202033
-0.201226
-0.199362
-0.196445
-0.192534
-0.187596
-0.18165
-0.174723
-0.166846
-0.158195
-0.148676
-0.138334
-0.127223
-0.115396
-0.103117
-0.0902423
-0.0768382
-0.0629728
-0.048717
-0.0343918
-0.0198224
-0.00508349
0.00974912
0.0245989
0.0391301
0.0535271
0.0677165
0.0816264
0.0951865
0.108091
0.12051
0.132382
0.143646
0.154244
0.16394
0.172873
0.180998
0.188279
0.19468
0.200059
0.204504
0.207996
0.210521
0.212071
0.212616
0.212185
0.210785
0.208429
0.205135
0.200984
0.195945
0.19005
0.183335
0.17584
0.167743
0.158958
0.149535
0.139528
0.128992
0.118176
0.106949
0.0953715
0.0835062
0.0714153
0.0593798
0.0472435
0.0350676
0.0229129
0.0108391
-0.00087592
-0.0123953
-0.0236649
-0.0346326
-0.0452488
-0.0552725
-0.0648549
-0.0739565
-0.0825409
-0.0905753
-0.0978822
-0.104584
-0.110657
-0.116084
-0.120849
-0.124854
-0.128179
-0.130824
-0.132787
-0.134072
-0.134664
-0.134594
-0.133877
-0.132529
-0.13057
-0.128062
-0.124991
-0.121385
-0.117273
-0.112686
-0.107747
-0.1024
-0.0966799
-0.0906235
-0.0842671
-0.077772
-0.0710524
-0.0641468
-0.057093
-0.0499285
-0.0428293
-0.03569
-0.0285447
-0.021427
-0.0143705
-0.0075462
-0.000846565
0.00570007
0.0120678
0.0182327
0.0240513
0.0296244
0.0349324
0.0399579
0.0446856
0.0490099
0.0530138
0.0566897
0.0600314
0.0630342
0.0656366
0.0678963
0.0698142
0.0713935
0.0726389
0.0735332
0.0741063
0.0743668
0.0743245
0.0739914
0.0733899
0.072525
0.0714109
0.0700621
0.068493
0.0667535
0.0648249
0.0627239
0.0604681
0.0580747
0.0556123
0.0530445
0.0503864
0.0476531
0.0448597
0.0420819
0.0392746
0.0364524
0.0336289
0.0308169
0.0280886
0.0253948
0.022746
0.0201522
0.0176223
0.0152184
0.0128938
0.0106544
0.00850577
0.00645263
0.00454245
0.00273555
0.00103505
-0.000556465
-0.00203703
-0.00337488
-0.00460018
-0.00571334
-0.00671541
-0.00760783
-0.00837466
-0.00903545
-0.00959241
-0.0100482
-0.010406
-0.0106634
-0.0108303
-0.010911
-0.0109096
-0.0108304
-0.0106808
-0.0104626
-0.0101805
-0.00983872
-0.0094416
-0.00900198
-0.00851526
-0.00798473
-0.00741232
-0.00680385
-0.00617697
-0.00552492
-0.00485235
-0.00416374
-0.00346379
-0.00276983
-0.00207462
-0.00138293
-0.000698667
-2.48343e-05
0.000625447
0.00126074
0.00187827
0.00247472
0.00304669
0.00358295
0.00408989
0.00456637
0.00501186
0.005426
0.00580266
0.00614742
0.00646029
0.00674178
0.00699293
0.00721119
0.00740163
0.00756501
0.00770178
0.00781234
0.0078946
0.0079526
0.00798786
0.00800208
0.00799695
0.00797147
0.00792972
0.00787295
0.00780231
0.00771883
0.00762055
0.00751111
0.0073911
0.00726118
0.00712213
0.00697182
0.00681447
0.00665096
0.00648202
0.00630823
0.00612697
0.00594183
0.00575287
0.00556005
0.00536321
0.00515963
0.00495224
0.00474127
0.00452712
0.0043103
0.00408944
0.00386713
0.00364376
0.00341978
0.0031957
0.00297116
0.00274807
0.00252721
0.00230941
0.00209553
0.00188621
0.00168292
0.0014868
0.00129897
0.00112053
0.000952494
0.000795757
0.000651174
0.000519551
0.000401639
0.000298175
0.000209615
0.000136393
7.87948e-05
3.69529e-05
1.08464e-05
2.76363e-07
0
0
0
0
0
0
0
0
0
0
0
0
0
0
0
0
0
0
0
0
0
0
0
0
0
0
0
0
0
0
0
0
0
0
0
0
0
0
0
0
0
0
0
0
0
0
0
0
0
0
0
0
0
0
0
0
0
0
0
0
0
0
0
0
0
0
0
0
0
0
0
0
0
0
0
0
0
0
0
0
0
0
0
0
0
0
0
0
0
0
0
0
0
0
0
0
0
0
0
0
0
0
0
0
0
0
0
0
0
0
0
0
0
0
0
0
0
0
0
0
0
0
0
0
0
0
0
0
0
0
0
0
0
0
0
0
0
0
0
0
0
0
0
0
0
0
0
0
0
0
0
0
0
0
0
0
0
0
0
0
0
0
0
0
0
0
0
0
0
0
0
0
0
0
0
0
0
-0
-0
-0
-0
-0
-0
0
0
0
0
0
0
0
0
0
0
0
0
0
0
0
0
0
0
0
0
0
0
0
0
0
0
0
0
0
0
0
0
0
0
0
0
0
0
0
0
0
0
0
0
0
0
0
0
0
0
0
0
0
0
0
0
0
0
0
0
0
0
0
0
0
0
0
0
0
0
0
0
0
0
0
0
0
0
0
0
0
0
0
0
0
0
0
0
0
0
0
0
0
0
0
0
0
0
0
0
0
0
0
0
0
0
0
0
0
0
0
0
0
0
0
0
0
0
0
0
0
0
0
0
0
0
0
0
0
0
0
0
0
0
0
0
0
0
0
