-0
-0
-0
-0
-0
-0
-0
-0
-0
-0
-0
-0
-0
-0
-0
-0
-0
-0
-0
-0
-0
-0
-0
-0
-0
-0
-0
-0
-0
-0
-0
-0
-0
-0
-0
-0
-0
-0
-0
-0
-0
0
0
0
0
0
0
0
0
0
0
0
0
0
0
0
0
0
0
0
0
0
0
0
0
0
0
0
0
0
0
0
0
0
0
0
0
0
0
0
0
0
0
0
0
0
0
0
0
0
0
-0
-0
-0
-0
-0
-0
-0
-0
-0
-0
-0
-0
-0
-0
-0
-0
-0
-0
-0
-0
-0
-0
-1.47779e-06
-8.61507e-06
-2.14741e-05
-3.96746e-05
-6.26615e-05
-8.97148e-05
-0.000119961
-0.000152386
-0.000185853
-0.000219114
-0.000250836
-0.000279615
-0.000304002
-0.000322521
-0.000333695
-0.000336069
-0.000328236
-0.000308864
-0.000276717
-0.000230674
-0.000169748
-9.31031e-05
-7.14213e-08
0.000109825
0.000236858
0.00038108
0.000542317
0.000720168
0.000914009
0.001123
0.00134607
0.00158196
0.00182916
0.00208599
0.00235055
0.00262074
0.00289432
0.00316889
0.00344193
0.00371083
0.00397294
0.00422557
0.00446602
0.0046916
0.00489961
0.00508741
0.00525246
0.00539234
0.00550482
0.00558784
0.0056396
0.00565849
0.00564312
0.00559234
0.00550525
0.00538126
0.00522008
0.00502176
0.00478666
0.00451545
0.0042091
0.00386888
0.00349634
0.00309329
0.00266184
0.00220434
0.00172338
0.00122182
0.000702733
0.000169393
-0.000374743
-0.000926095
-0.00148101
-0.00203579
-0.00258676
-0.00313024
-0.0036626
-0.00418026
-0.00467972
-0.00515758
-0.00561063
-0.00603583
-0.00643038
-0.00679169
-0.00711748
-0.00740567
-0.00765448
-0.00786238
-0.00802808
-0.00815061
-0.00823093
-0.00827202
-0.00827395
-0.00823688
-0.00816115
-0.00804721
-0.0078957
-0.00770734
-0.00748301
-0.00722376
-0.00693079
-0.00660547
-0.00624935
-0.00586407
-0.00545138
-0.00501307
-0.00455096
-0.00406694
-0.00356293
-0.00304096
-0.00250314
-0.00195171
-0.00138896
-0.000817259
-0.000238941
0.00034366
0.000928235
0.00151248
0.00209409
0.0026707
0.00323995
0.00379948
0.00434696
0.00488011
0.00539676
0.00589477
0.00637212
0.00682685
0.00725708
0.00766102
0.00803697
0.00838329
0.00869839
0.00898079
0.0092291
0.00944212
0.00961881
0.00975831
0.00985991
0.009923
0.00994703
0.00993156
0.00987627
0.00978103
0.00964597
0.00947143
0.00925791
0.00900605
0.00871656
0.00839022
0.00802796
0.00763083
0.00720012
0.00673729
0.00624395
0.00572184
0.0051728
0.00459874
0.0040017
0.0033838
0.00274728
0.00209451
0.0014279
0.000749977
6.33588e-05
-0.000629271
-0.00132517
-0.00202156
-0.0027157
-0.00340486
-0.00408636
-0.0047575
-0.00541555
-0.00605777
-0.0066814
-0.00728371
-0.00786211
-0.00841415
-0.00893751
-0.00943003
-0.00988961
-0.0103142
-0.0107019
-0.0110508
-0.0113591
-0.0116251
-0.0118474
-0.0120248
-0.0121562
-0.0122408
-0.012278
-0.0122674
-0.0122086
-0.0121014
-0.0119459
-0.0117422
-0.011491
-0.0111932
-0.01085
-0.0104627
-0.0100327
-0.00956141
-0.00905055
-0.0085018
-0.00791717
-0.00729888
-0.0066494
-0.00597133
-0.00526738
-0.00454025
-0.00379271
-0.00302758
-0.00224777
-0.00145633
-0.000656465
0.000148511
0.000955191
0.00176011
0.00255981
0.00335084
0.00412977
0.00489325
0.00563798
0.00636065
0.00705803
0.00772691
0.00836415
0.00896675
0.00953189
0.010057
0.0105398
0.0109781
0.01137
0.0117139
0.0120081
0.0122513
0.0124421
0.0125796
0.0126632
0.0126923
0.012667
0.0125875
0.0124541
0.0122673
0.012028
0.0117368
0.011395
0.0110037
0.0105646
0.0100797
0.00955126
0.00898164
0.00837333
0.00772888
0.00705092
0.00634223
0.0056058
0.00484488
0.00406295
0.00326362
0.00245058
0.00162746
0.000797815
-3.48505e-05
-0.000867067
-0.00169534
-0.00251613
-0.00332583
-0.00412087
-0.00489773
-0.00565303
-0.00638363
-0.0070866
-0.00775924
-0.00839897
-0.00900333
-0.00956991
-0.0100964
-0.0105807
-0.0110208
-0.0114154
-0.0117631
-0.012063
-0.0123144
-0.0125167
-0.0126694
-0.0127721
-0.0128248
-0.0128276
-0.012781
-0.0126859
-0.0125434
-0.0123548
-0.0121213
-0.0118445
-0.0115261
-0.0111676
-0.0107712
-0.0103389
-0.00987305
-0.00937615
-0.00885085
-0.0082999
-0.00772609
-0.00713225
-0.00652122
-0.00589583
-0.00525898
-0.00461364
-0.00396287
-0.00330978
-0.00265746
-0.00200894
-0.00136714
-0.000734811
-0.000114635
0.000490802
0.00107896
0.00164736
0.00219359
0.00271539
0.00321065
0.00367742
0.00411395
0.00451865
0.00489011
0.00522708
0.00552849
0.00579344
0.00602121
0.0062112
0.00636301
0.00647643
0.00655146
0.0065883
0.00658737
0.00654925
0.00647469
0.00636451
0.00621969
0.00604131
0.0058306
0.00558891
0.00531777
0.00501883
0.00469384
0.00434468
0.00397336
0.00358193
0.00317256
0.00274741
0.00230866
0.00185848
0.00139904
0.000932532
0.000461206
-1.26444e-05
-0.000486706
-0.000958684
-0.00142635
-0.00188754
-0.00234021
-0.00278238
-0.00321213
-0.00362768
-0.00402729
-0.0044094
-0.00477254
-0.00511532
-0.00543648
-0.00573478
-0.00600906
-0.00625831
-0.00648163
-0.00667834
-0.00684797
-0.00699021
-0.00710491
-0.00719206
-0.00725178
-0.00728431
-0.00729004
-0.00726953
-0.00722345
-0.00715263
-0.00705797
-0.00694048
-0.00680125
-0.00664147
-0.00646242
-0.00626544
-0.00605194
-0.00582339
-0.00558127
-0.00532712
-0.00506251
-0.00478902
-0.0045083
-0.00422194
-0.00393157
-0.00363878
-0.00334515
-0.00305222
-0.00276153
-0.00247457
-0.00219274
-0.0019174
-0.0016498
-0.00139112
-0.00114244
-0.00090481
-0.000679156
-0.000466335
-0.000267098
-8.20889e-05
8.81477e-05
0.00024316
0.000382585
0.000506152
0.00061369
0.00070514
0.00078055
0.000840065
0.000883915
0.000912399
0.000925889
0.000924833
0.000909762
0.000881294
0.000840117
0.000786974
0.000722643
0.000647932
0.000563673
0.000470735
0.00037002
0.00026246
0.000149006
3.06139e-05
-9.17648e-05
-0.000217193
-0.000344749
-0.000473536
-0.000602686
-0.000731366
-0.00085878
-0.000984161
-0.00110677
-0.0012259
-0.00134089
-0.00145112
-0.00155608
-0.00165531
-0.00174844
-0.00183515
-0.00191516
-0.00198823
-0.00205417
-0.00211285
-0.00216425
-0.00220842
-0.00224548
-0.00227559
-0.00229895
-0.0023158
-0.0023264
-0.0023311
-0.0023303
-0.00232445
-0.00231401
-0.00229944
-0.00228123
-0.00225984
-0.0022358
-0.00220964
-0.00218193
-0.00215323
-0.00212408
-0.00209498
-0.00206641
-0.00203883
-0.00201267
-0.00198837
-0.00196632
-0.00194692
-0.0019305
-0.00191737
-0.00190783
-0.00190208
-0.00190033
-0.00190267
-0.00190916
-0.00191982
-0.00193459
-0.00195343
-0.00197627
-0.00200299
-0.00203346
-0.00206747
-0.00210479
-0.00214512
-0.00218815
-0.00223354
-0.00228093
-0.00232993
-0.0023801
-0.00243101
-0.00248218
-0.00253316
-0.00258348
-0.00263268
-0.00268028
-0.00272579
-0.00276874
-0.00280864
-0.00284507
-0.0028776
-0.00290585
-0.00292946
-0.00294806
-0.0029613
-0.00296887
-0.00297048
-0.00296589
-0.00295494
-0.00293748
-0.00291344
-0.00288277
-0.00284546
-0.00280152
-0.00275102
-0.00269405
-0.00263073
-0.00256124
-0.00248579
-0.00240463
-0.00231805
-0.0022264
-0.00213003
-0.00202932
-0.0019247
-0.00181661
-0.00170554
-0.00159198
-0.00147645
-0.0013595
-0.00124165
-0.00112345
-0.00100544
-0.00088819
-0.000772267
-0.000658222
-0.000546583
-0.000437847
-0.000332492
-0.000230985
-0.0001338
-4.1409e-05
4.57302e-05
0.000127195
0.000202614
0.000271665
0.000334067
0.000389571
0.000437953
0.000479014
0.000512586
0.000538532
0.000556743
0.000567129
0.000569629
0.000564218
0.000550933
0.000529875
0.000501205
0.000465116
0.0004218
0.000371437
0.000314207
0.000250322
0.000180061
0.000103781
2.19025e-05
-6.51359e-05
-0.000156908
-0.000253011
-0.000353052
-0.00045661
-0.000563219
-0.000672369
-0.000783539
-0.000896229
-0.00100998
-0.00112434
-0.00123888
-0.00135314
-0.00146661
-0.00157878
-0.00168919
-0.00179741
-0.00190304
-0.00200573
-0.00210508
-0.00220069
-0.00229215
-0.00237906
-0.00246107
-0.00253789
-0.00260925
-0.0026749
-0.0027346
-0.00278808
-0.00283513
-0.00287556
-0.00290922
-0.002936
-0.00295581
-0.00296859
-0.00297429
-0.0029729
-0.00296444
-0.00294897
-0.00292657
-0.0028973
-0.00286126
-0.00281856
-0.00276933
-0.00271379
-0.00265218
-0.00258477
-0.00251184
-0.00243365
-0.00235044
-0.0022625
-0.0021701
-0.00207358
-0.00197331
-0.00186965
-0.00176302
-0.0016538
-0.00154239
-0.00142919
-0.0013146
-0.001199
-0.00108278
-0.000966334
-0.000849725
-0.000733425
-0.000618088
-0.000504345
-0.000392781
-0.000283935
-0.00017832
-7.64346e-05
2.12164e-05
0.000114139
0.000201875
0.000284038
0.000360319
0.000430483
0.000494341
0.000551734
0.000602526
0.00064662
0.000683983
0.000714654
0.000738727
0.000756332
0.000767615
0.000772734
0.000771881
0.000765308
0.000753335
0.000736339
0.000714725
0.000688895
0.000659241
0.000626149
0.00059003
0.000551327
0.000510511
0.000468057
0.000424412
0.000379986
0.000335159
0.000290294
0.000245765
0.000201948
0.000159213
0.000117895
7.82731e-05
4.05759e-05
4.9893e-06
-2.83236e-05
-5.92116e-05
-8.7537e-05
-0.000113186
-0.00013608
-0.000156182
-0.000173491
-0.000188034
-0.000199862
-0.000209045
-0.00021567
-0.00021985
-0.000221715
-0.000221417
-0.000219118
-0.000214989
-0.000209208
-0.000201958
-0.000193427
-0.000183808
-0.000173293
-0.000162072
-0.000150333
-0.000138256
-0.000126015
-0.000113773
-0.000101681
-8.98763e-05
-7.84846e-05
-6.7617e-05
-5.73718e-05
-4.78348e-05
-3.90784e-05
-3.11605e-05
-2.41239e-05
-1.79964e-05
-1.27913e-05
-8.50804e-06
-5.13359e-06
-2.64255e-06
-9.97758e-07
-1.50639e-07
-0
-0
-0
-0
-0
-0
-0
-0
-0
-0
-0
-0
-0
-0
-0
-0
-0
-0
-0
-0
0
0
0
0
0
0
0
0
0
0
0
0
0
0
0
0
0
0
0
0
0
0
0
0
0
0
0
0
0
0
0
0
0
0
0
0
0
0
0
0
0
0
0
0
0
0
0
0
0
0
0
0
0
0
0
0
0
0
0
-0
-0
-0
-0
-0
-0
-0
-0
-0
-0
-0
-0
-0
-0
-0
-0
-0
-0
-0
-0
-0
-0
-0
-0
-7.69885e-06
-4.80623e-05
-0.000119486
-0.000216821
-0.000333688
-0.000462566
-0.000594926
-0.000721387
-0.000831878
-0.000915781
-0.00096206
-0.000959416
-0.000896486
-0.000762084
-0.000545453
-0.000236436
0.00017439
0.000695653
0.0013351
0.00209944
0.00299414
0.00402315
0.00518877
0.0064916
0.00793059
0.00950324
0.0112055
0.0130316
0.0149742
0.0170238
0.0191692
0.0213976
0.0236944
0.0260443
0.0284306
0.0308356
0.0332411
0.0356279
0.0379767
0.0402681
0.042483
0.0446022
0.0466067
0.0484779
0.0501975
0.0517484
0.053115
0.0542835
0.0552417
0.0559789
0.0564859
0.0567548
0.0567796
0.0565566
0.0560845
0.0553645
0.0543997
0.0531953
0.0517583
0.0500979
0.0482262
0.0461579
0.0439102
0.0415012
0.0389499
0.0362746
0.0334943
0.0306294
0.0277026
0.024739
0.0217647
0.0188059
0.0158875
0.0130324
0.0102623
0.0075979
0.00506079
0.00267278
0.000455198
-0.00157217
-0.0033924
-0.00499116
-0.00635642
-0.00747792
-0.00834717
-0.00895762
-0.0093056
-0.00939059
-0.00921489
-0.00878335
-0.0081025
-0.00718139
-0.00602574
-0.00464224
-0.00304027
-0.00122886
0.000780858
0.00297749
0.00534973
0.00788447
0.0105712
0.0133962
0.0163443
0.0193996
0.0225434
0.0257627
0.0290427
0.0323694
0.0357287
0.0391033
0.042482
0.0458508
0.0491966
0.0525071
0.0557668
0.0589669
0.062095
0.0651388
0.0680873
0.0709281
0.073657
0.0762677
0.0787546
0.081112
0.0833312
0.0854082
0.0873372
0.0891139
0.0907352
0.0921984
0.0935032
0.0946486
0.0956344
0.0964611
0.0971317
0.0976477
0.0980127
0.0982312
0.0983077
0.0982516
0.0980642
0.0977517
0.0973211
0.0967794
0.096141
0.0954047
0.094576
0.09366
0.0926616
0.0915963
0.0904592
0.0892557
0.0879917
0.0866734
0.0853203
0.0839266
0.0824997
0.081047
0.0795751
0.0781032
0.0766218
0.0751349
0.0736469
0.0721634
0.0707044
0.0692642
0.0678499
0.0664674
0.065121
0.0638242
0.0625712
0.0613669
0.060218
0.059132
0.0581201
0.057185
0.0563323
0.0555663
0.0548912
0.0543068
0.0538219
0.0534404
0.0531657
0.0530002
0.0529315
0.0529767
0.0531387
0.053421
0.0538269
0.0543331
0.0549651
0.0557216
0.0565997
0.0575965
0.0586737
0.0598636
0.0611628
0.0625667
0.0640693
0.0656205
0.0672535
0.0689585
0.0707248
0.0725413
0.0743517
0.0761894
0.0780424
0.0798987
0.0817453
0.0835271
0.0852702
0.0869586
0.0885761
0.0901071
0.0915068
0.0927922
0.0939505
0.0949679
0.0958294
0.0965068
0.0969963
0.0972831
0.0973539
0.097198
0.0968174
0.0961915
0.0953115
0.0941687
0.0927549
0.0911026
0.0891665
0.086943
0.0844301
0.0816277
0.078606
0.075301
0.0717191
0.067869
0.0637613
0.0595008
0.0550088
0.0503006
0.0453934
0.0403066
0.0351704
0.0298984
0.0245148
0.0190454
0.0135179
0.00807428
0.00263173
-0.00277873
-0.00812539
-0.0133762
-0.0183964
-0.0232553
-0.027919
-0.0323523
-0.0365201
-0.0403123
-0.0437704
-0.0468623
-0.049557
-0.0518248
-0.0536043
-0.0549011
-0.0556903
-0.0559491
-0.055658
-0.0548213
-0.0534033
-0.0513926
-0.0487803
-0.0455606
-0.0418125
-0.0374553
-0.0324928
-0.0269328
-0.0207868
-0.0142103
-0.00708313
0.000571245
0.00872587
0.0173511
0.0262267
0.0355064
0.0451516
0.0551197
0.0653632
0.075613
0.0860351
0.0965764
0.107183
0.1178
0.128147
0.138391
0.14847
0.158324
0.167892
0.176913
0.185529
0.19368
0.20131
0.208359
0.214624
0.2202
0.225036
0.229085
0.232305
0.234586
0.235961
0.236397
0.235867
0.23435
0.231857
0.228348
0.223811
0.218244
0.211646
0.20416
0.195667
0.186187
0.175749
0.164384
0.15236
0.139483
0.125797
0.111352
0.0962037
0.0807283
0.0646764
0.0481163
0.0311196
0.013762
-0.00351578
-0.0209955
-0.038595
-0.0562309
-0.0738188
-0.0909036
-0.107769
-0.124329
-0.140495
-0.156179
-0.170964
-0.185101
-0.198508
-0.211109
-0.222827
-0.233343
-0.242835
-0.25124
-0.258501
-0.264567
-0.269266
-0.272679
-0.274766
-0.275495
-0.27484
-0.272808
-0.269363
-0.264503
-0.258229
-0.250549
-0.241665
-0.231412
-0.219823
-0.206939
-0.192807
-0.177818
-0.161696
-0.144502
-0.126308
-0.107189
-0.0876868
-0.0674283
-0.0465018
-0.0249985
-0.00301172
0.0188261
0.0409522
0.0632634
0.0856529
0.108011
0.129675
0.151089
0.172145
0.192735
0.212753
0.23159
0.249651
0.266842
0.283073
0.298257
0.311918
0.324365
0.33552
0.345306
0.353656
0.360285
0.365365
0.368851
0.370708
0.370907
0.369412
0.366222
0.361328
0.354731
0.346433
0.336659
0.325219
0.312145
0.297475
0.281261
0.263983
0.245283
0.225232
0.203904
0.181382
0.158352
0.13431
0.109358
0.0836049
0.0571659
0.0308747
0.00413198
-0.0229449
-0.0502366
-0.0776205
-0.104214
-0.130643
-0.156778
-0.182483
-0.207629
-0.231376
-0.254317
-0.276336
-0.297324
-0.317172
-0.335193
-0.351865
-0.367087
-0.380761
-0.3928
-0.402749
-0.410915
-0.417246
-0.421694
-0.424223
-0.424682
-0.423164
-0.419647
-0.414114
-0.40656
-0.39715
-0.385749
-0.372392
-0.357128
-0.340014
-0.321536
-0.301324
-0.279445
-0.25597
-0.230986
-0.205254
-0.178225
-0.150017
-0.120753
-0.0905572
-0.0603751
-0.0295054
0.00192515
0.0337825
0.0659245
0.0973048
0.128675
0.159889
0.190805
0.221286
0.250324
0.278667
0.306189
0.332761
0.358256
0.381794
0.404012
0.424804
0.444073
0.461736
0.477169
0.490858
0.50274
0.512757
0.520851
0.526692
0.530532
0.532353
0.532153
0.529941
0.525745
0.519571
0.511439
0.501375
0.489413
0.475904
0.460603
0.443581
0.42492
0.404709
0.383608
0.361139
0.337398
0.312485
0.286508
0.260349
0.233361
0.205666
0.177393
0.148667
0.120497
0.0921222
0.0636618
0.0352357
0.00696311
-0.020132
-0.0468394
-0.073046
-0.0986418
-0.123521
-0.146752
-0.169078
-0.190417
-0.210694
-0.229836
-0.247095
-0.263083
-0.277737
-0.290999
-0.302817
-0.312692
-0.321053
-0.327884
-0.333172
-0.336907
-0.338885
-0.3393
-0.338152
-0.335453
-0.331223
-0.325569
-0.318455
-0.30993
-0.300039
-0.288832
-0.27669
-0.263335
-0.248824
-0.233225
-0.216613
-0.199619
-0.181772
-0.163151
-0.143837
-0.123907
-0.104151
-0.0839378
-0.0633488
-0.0424694
-0.0213866
-0.000984897
0.0194496
0.0398367
0.0600993
0.0801627
0.0991483
0.117792
0.136023
0.153774
0.170977
0.186831
0.202014
0.216473
0.230159
0.243026
0.254432
0.264941
0.274522
0.283144
0.290779
0.296994
0.302178
0.306316
0.309399
0.311424
0.312211
0.311949
0.310644
0.308305
0.304941
0.300623
0.295309
0.289025
0.281801
0.273673
0.264971
0.255438
0.245109
0.234021
0.222216
0.210234
0.197626
0.184444
0.170738
0.156559
0.142609
0.128285
0.113636
0.0987121
0.0835679
0.0690015
0.0543233
0.0395879
0.024851
0.0101691
-0.00364073
-0.017286
-0.0307156
-0.0438807
-0.056734
-0.0685287
-0.0799227
-0.0908726
-0.101336
-0.11127
-0.120067
-0.128265
-0.135832
-0.142741
-0.148965
-0.154101
-0.158501
-0.162143
-0.165007
-0.167078
-0.168202
-0.168513
-0.167941
-0.166455
-0.164061
-0.16088
-0.156819
-0.151905
-0.146169
-0.139651
-0.132743
-0.125146
-0.116916
-0.108109
-0.0987826
-0.0895217
-0.079852
-0.0698361
-0.0595409
-0.0490373
-0.0390279
-0.0289415
-0.0188499
-0.00882348
0.00107024
0.0101242
0.0189426
0.0274699
0.0356524
0.0434387
0.0502078
0.0565151
0.0623264
0.0676135
0.0723544
0.0760906
0.0792745
0.0819
0.0839647
0.0854704
0.0861459
0.0862981
0.0859452
0.085109
0.0838144
0.081973
0.0797398
0.0771484
0.0742352
0.0710386
0.0676147
0.0639864
0.0601939
0.0562767
0.0522739
0.0483249
0.0443564
0.0404046
0.036504
0.0326866
0.029117
0.0256701
0.0223697
0.0192374
0.016292
0.0136762
0.0112563
0.00904103
0.00703614
0.00524441
0.00375971
0.00246883
0.00136798
0.000451115
-0.000290111
-0.000812825
-0.00119616
-0.00145312
-0.0015977
-0.00164463
-0.00158776
-0.00147183
-0.00131156
-0.00112143
-0.000915463
-0.000702589
-0.000502232
-0.00032476
-0.000179221
-7.32129e-05
-1.27438e-05
-0
-0
-0
-0
-0
-0
-0
-0
-0
-0
-0
-0
-0
-0
-0
-0
-0
-0
-0
-0
-0
-0
-0
-0
-0
-0
-0
0
0
0
0
0
0
0
0
0
0
0
0
0
0
0
0
0
0
0
0
0
0
0
0
0
0
0
0
0
0
0
0
0
0
0
0
0
0
0
0
0
-0
-0
-0
-0
-0
-0
-0
-0
-0
-0
-0
-0
-0
-0
-0
-0
-0
-0
-0
-0
-0
-0
-0
-0
-0
-0
-0
-0
-0
-0
-0
-0
-0
-0
-0
-0
-0
-0
-0
-0
-0
-0
-0
-0
-0
