0
0
0
0
0
0
0
0
0
0
0
0
0
0
0
0
0
0
0
0
0
0
0
0
0
0
0
0
0
0
0
0
0
0
0
0
0
0
0
0
0
0
0
0
0
0
0
0
0
0
0
0
0
0
0
-0
-0
-0
-0
-0
-0
-0
-0
-0
-0
-0
-0
-0
-0
-0
-0
-0
-0
-0
-0
-0
-0
-0
-0
-0
-0
-0
-0
-0
-0
-0
-0
0
0
0
0
0
0
0
0
0
0
0
0
0
0
0
0
0
0
0
0
0
0
0
0
0
0
0
0
0
0
0
0
0
0
0
0
0
0
0
0
0
0
0
-0
-0
-0
-0
-0
-0
-0
-0
-0
-0
-0
-0
-0
-0
-0
-0
-0
-0
-0
-0
-0
-0
-0
-0
-0
-0
-0
-0
-0
-0
-0
-0
-0
-0
-0
-0
-0
-0
-0
-0
-0
-0
0
0
0
0
0
0
0
0
0
0
0
0
0
0
0
0
0
0
0
0
0
0
0
0
0
0
0
0
0
6.02978e-06
2.50479e-05
5.61661e-05
9.8189e-05
0.000149646
0.000208803
0.000273668
0.000341997
0.00041129
0.000478802
0.000541553
0.000596365
0.000639909
0.000668768
0.000679475
0.000668526
0.000632343
0.000567228
0.000469335
0.000334699
0.000159318
-6.07298e-05
-0.000329191
-0.000649586
-0.00102521
-0.00145914
-0.00195424
-0.00251305
-0.00313776
-0.00383007
-0.00459116
-0.00542174
-0.00632201
-0.00729164
-0.00832966
-0.00943431
-0.010603
-0.0118321
-0.0131173
-0.0144536
-0.015835
-0.017255
-0.0187057
-0.0201781
-0.0216621
-0.0231464
-0.024619
-0.0260673
-0.027478
-0.0288373
-0.0301303
-0.0313413
-0.0324537
-0.0334513
-0.0343182
-0.0350397
-0.0356015
-0.0359896
-0.0361896
-0.0361864
-0.0359654
-0.0355132
-0.0348186
-0.0338735
-0.0326716
-0.0312085
-0.0294795
-0.0274808
-0.0252094
-0.022665
-0.0198511
-0.0167753
-0.0134488
-0.00988482
-0.00609738
-0.00210142
0.00208671
0.00644799
0.0109599
0.0155967
0.0203299
0.0251301
0.0299675
0.034812
0.0396327
0.0443975
0.0490727
0.0536239
0.0580171
0.0622196
0.0662222
0.0700178
0.0735834
0.0768952
0.0799295
0.0826636
0.0850773
0.0871529
0.0888754
0.090231
0.0912065
0.0917886
0.0919644
0.0917224
0.0910537
0.0899531
0.0884184
0.0864505
0.0840521
0.0812271
0.077981
0.0743214
0.0702585
0.0658052
0.060977
0.0557912
0.0502666
0.0444229
0.0382815
0.0318658
0.0252021
0.0183191
0.0112476
0.00401878
-0.00333614
-0.0107864
-0.0183012
-0.0258489
-0.0333962
-0.0409084
-0.0483498
-0.0556849
-0.0628789
-0.0698986
-0.0767114
-0.0832851
-0.0895875
-0.0955866
-0.101251
-0.106553
-0.111463
-0.115958
-0.120016
-0.123615
-0.126739
-0.12937
-0.131493
-0.133098
-0.134175
-0.134717
-0.134718
-0.134175
-0.133087
-0.131455
-0.129284
-0.126583
-0.123363
-0.119639
-0.115425
-0.110742
-0.105608
-0.100045
-0.0940774
-0.0877318
-0.0810362
-0.0740204
-0.0667158
-0.0591546
-0.0513704
-0.0433978
-0.0352726
-0.0270315
-0.0187121
-0.0103525
-0.00199093
0.00633425
0.0145851
0.022724
0.0307141
0.0385194
0.0461054
0.0534391
0.0604897
0.0672283
0.0736281
0.0796636
0.0853108
0.0905471
0.0953515
0.0997052
0.103592
0.106998
0.109912
0.112327
0.114236
0.115634
0.116522
0.116898
0.116768
0.116136
0.11501
0.113401
0.111322
0.108787
0.105815
0.102426
0.0986419
0.0944879
0.0899888
0.0851704
0.0800595
0.0746835
0.069071
0.0632516
0.0572562
0.0511165
0.0448647
0.0385326
0.032152
0.0257533
0.019366
0.0130184
0.0067382
0.000552057
-0.00551384
-0.0114342
-0.0171849
-0.0227436
-0.0280905
-0.0332076
-0.0380799
-0.0426941
-0.0470392
-0.0511061
-0.0548875
-0.0583783
-0.0615751
-0.0644765
-0.0670825
-0.0693948
-0.0714171
-0.0731549
-0.074616
-0.0758098
-0.0767474
-0.0774409
-0.0779034
-0.0781486
-0.0781909
-0.0780459
-0.0777297
-0.077259
-0.0766508
-0.075922
-0.075089
-0.0741683
-0.0731758
-0.0721272
-0.0710377
-0.0699214
-0.0687917
-0.0676608
-0.0665398
-0.0654387
-0.0643664
-0.0633304
-0.0623362
-0.0613876
-0.0604865
-0.0596336
-0.0588282
-0.0580687
-0.0573527
-0.0566766
-0.0560352
-0.055422
-0.0548287
-0.0542451
-0.0536598
-0.0530603
-0.0524326
-0.0517626
-0.0510352
-0.0502354
-0.0493484
-0.0483592
-0.0472538
-0.0460182
-0.0446394
-0.0431045
-0.0414014
-0.0395186
-0.037445
-0.0351707
-0.0326867
-0.0299857
-0.0270618
-0.0239111
-0.0205315
-0.0169225
-0.0130854
-0.00902289
-0.00473998
-0.00024373
0.00445618
0.00934732
0.0144144
0.0196395
0.0250023
0.0304801
0.0360487
0.0416823
0.0473541
0.0530364
0.0587006
0.0643174
0.0698567
0.0752871
0.0805768
0.0856929
0.0906023
0.0952713
0.0996666
0.103755
0.107505
0.110886
0.113868
0.116424
0.118528
0.120155
0.121283
0.121891
0.121958
0.121469
0.120408
0.118764
0.11653
0.1137
0.110275
0.106257
0.101652
0.09647
0.090723
0.0844272
0.0776014
0.070267
0.0624483
0.0541727
0.0454708
0.0363765
0.0269269
0.0171623
0.00712562
-0.00313792
-0.0135814
-0.0241567
-0.0348151
-0.0455076
-0.0561849
-0.0667978
-0.0772967
-0.0876319
-0.0977533
-0.107611
-0.117156
-0.126339
-0.135113
-0.143432
-0.151249
-0.158523
-0.165211
-0.171275
-0.176679
-0.18139
-0.185381
-0.188627
-0.191109
-0.192813
-0.19373
-0.193854
-0.193184
-0.191723
-0.189478
-0.186462
-0.182689
-0.178181
-0.172962
-0.167058
-0.160501
-0.153324
-0.145564
-0.13726
-0.128455
-0.119195
-0.109526
-0.0994978
-0.0891588
-0.0785607
-0.0677564
-0.0567997
-0.0457451
-0.034647
-0.023559
-0.0125336
-0.00162285
0.00912207
0.0196506
0.0299133
0.0398629
0.0494546
0.0586467
0.0674002
0.0756784
0.0834471
0.0906748
0.0973328
0.103396
0.108844
0.113659
0.117827
0.121338
0.124186
0.126366
0.12788
0.128732
0.12893
0.128483
0.127406
0.125714
0.123427
0.120569
0.117163
0.113239
0.108826
0.103956
0.0986619
0.0929786
0.0869435
0.0805953
0.0739732
0.0671169
0.0600658
0.0528592
0.0455366
0.0381381
0.0307034
0.0232718
0.0158814
0.00856873
0.00136862
-0.0056852
-0.0125603
-0.0192257
-0.0256526
-0.0318148
-0.0376886
-0.0432527
-0.0484878
-0.0533759
-0.0579016
-0.0620516
-0.0658159
-0.0691875
-0.0721622
-0.0747376
-0.0769132
-0.0786903
-0.0800724
-0.0810656
-0.0816781
-0.0819202
-0.0818037
-0.0813415
-0.0805479
-0.0794392
-0.0780333
-0.0763502
-0.0744103
-0.0722347
-0.0698443
-0.0672602
-0.0645041
-0.0615986
-0.0585667
-0.0554316
-0.0522153
-0.048939
-0.0456229
-0.0422868
-0.0389508
-0.0356345
-0.0323565
-0.029134
-0.0259824
-0.0229157
-0.0199468
-0.0170883
-0.0143523
-0.0117494
-0.00928827
-0.0069756
-0.00481644
-0.00281491
-0.000974682
0.000701151
0.00221065
0.00355366
0.00473196
0.00574887
0.0066085
0.00731521
0.0078735
0.00828846
0.00856614
0.00871365
0.00873886
0.00864981
0.00845448
0.00816089
0.0077776
0.00731398
0.00678008
0.00618595
0.00554097
0.00485347
0.00413104
0.00338117
0.00261189
0.00183169
0.00104907
0.000271636
-0.00049428
-0.00124358
-0.00197185
-0.00267481
-0.00334819
-0.00398804
-0.00459128
-0.00515588
-0.00568069
-0.00616491
-0.0066077
-0.00700815
-0.00736576
-0.00768088
-0.00795496
-0.00819018
-0.00838894
-0.00855335
-0.00868527
-0.0087867
-0.00886025
-0.00890923
-0.0089374
-0.00894838
-0.00894528
-0.00893068
-0.00890699
-0.00887688
-0.00884335
-0.00880944
-0.00877787
-0.00875077
-0.00872981
-0.0087166
-0.00871289
-0.00872055
-0.00874115
-0.00877554
-0.00882384
-0.00888577
-0.00896119
-0.00905037
-0.00915383
-0.00927176
-0.00940349
-0.00954738
-0.00970126
-0.0098631
-0.0100314
-0.0102051
-0.010383
-0.0105633
-0.0107435
-0.0109209
-0.011093
-0.011258
-0.0114148
-0.011562
-0.0116978
-0.0118194
-0.0119242
-0.0120097
-0.0120745
-0.012118
-0.0121398
-0.0121388
-0.0121139
-0.0120634
-0.0119865
-0.0118832
-0.0117541
-0.0116001
-0.0114216
-0.0112186
-0.0109909
-0.0107392
-0.010465
-0.0101704
-0.00985718
-0.00952673
-0.00917964
-0.0088164
-0.00843816
-0.00804701
-0.00764574
-0.00723717
-0.00682347
-0.00640616
-0.00598652
-0.0055662
-0.00514754
-0.00473323
-0.00432577
-0.00392691
-0.00353778
-0.00315935
-0.00279312
-0.0024413
-0.00210642
-0.00179062
-0.00149512
-0.00122021
-0.000965857
-0.000732408
-0.000520942
-0.000332974
-0.000169784
-3.1848e-05
8.12377e-05
0.000170305
0.000236015
0.000278554
0.000297836
0.000294014
0.000267866
0.000220707
0.000154201
6.97489e-05
-3.17133e-05
-0.00014942
-0.000282226
-0.000428237
-0.000584902
-0.000749535
-0.000919879
-0.00109435
-0.00127182
-0.00145111
-0.00163065
-0.00180845
-0.00198241
-0.00215077
-0.00231288
-0.00246798
-0.00261519
-0.00275348
-0.00288181
-0.00299935
-0.00310568
-0.00320076
-0.00328467
-0.00335736
-0.00341857
-0.00346801
-0.00350563
-0.00353175
-0.00354696
-0.00355185
-0.00354675
-0.00353175
-0.00350689
-0.00347246
-0.00342912
-0.00337778
-0.00331934
-0.00325448
-0.00318364
-0.00310722
-0.00302574
-0.0029399
-0.00285045
-0.00275794
-0.00266267
-0.00256481
-0.00246459
-0.00236256
-0.00225949
-0.00215612
-0.00205286
-0.00194967
-0.00184624
-0.00174233
-0.00163812
-0.0015342
-0.00143139
-0.00133028
-0.00123105
-0.00113344
-0.00103702
-0.000941556
-0.000847046
-0.000753659
-0.000661486
-0.000570323
-0.000479844
-0.00038966
-0.000299572
-0.000209623
-0.000119872
-3.03713e-05
5.91895e-05
0.00014934
0.000240588
0.000333286
0.000427269
0.000522305
0.000618255
0.000715254
0.000813802
0.000914217
0.00101676
0.00112143
0.00122806
0.00133661
0.00144664
0.00155693
0.00166699
0.00177626
0.0018841
0.00198962
0.00209222
0.00219143
0.00228687
0.002378
0.00246395
0.00254372
0.00261639
0.00268139
0.00273841
0.00278743
0.00282824
0.00286048
0.00288466
0.00289997
0.00290619
0.00290322
0.00289126
0.00287051
0.00284065
0.0028021
0.0027549
0.00269919
0.00263523
0.00256258
0.00248186
0.00239284
0.00229529
0.00218926
0.00207447
0.00195261
0.00182461
0.00169109
0.00155223
0.00140701
0.00125621
0.00110003
0.000939082
0.000774292
0.00060582
0.000435381
0.000263783
9.18341e-05
-7.95901e-05
-0.000250169
-0.000418529
-0.000584041
-0.000746175
-0.000904301
-0.00105763
-0.00120484
-0.00134464
-0.00147598
-0.00159823
-0.00171056
-0.00181337
-0.00190623
-0.00198834
-0.00205861
-0.00211458
-0.00215685
-0.00218504
-0.00219899
-0.00219855
-0.0021811
-0.00214852
-0.00210045
-0.00203674
-0.00195746
-0.00185964
-0.0017466
-0.00161842
-0.00147524
-0.00131738
-0.00114171
-0.000952874
-0.000751727
-0.000538912
-0.000314842
-7.58436e-05
0.000173565
0.000432595
0.000700229
0.00097541
0.00126084
0.00155211
0.00184848
0.00214911
0.00245302
0.00276172
0.00307181
0.00338265
0.00369379
0.0040047
0.00431527
0.00462384
0.00492935
0.00523097
0.00552834
0.00581946
0.00610629
0.00638857
0.00666574
0.006937
0.00719671
0.00744964
0.00769601
0.00793629
0.00817087
0.00839169
0.00860681
0.00881588
0.00901849
0.00921426
0.00939175
0.00956159
0.00972345
0.00987712
0.0100226
0.0101472
0.0102638
0.0103722
0.0104717
0.0105612
0.0106261
0.0106791
0.0107196
0.0107475
0.0107624
0.0107516
0.0107258
0.0106834
0.0106232
0.0105439
0.0104366
0.0103084
0.0101582
0.00998469
0.00978628
0.00955932
0.00930512
0.00902291
0.00871195
0.0083713
0.00800506
0.00760686
0.00717575
0.00671121
0.00621308
0.00569511
0.00514362
0.00455851
0.00393962
0.00328694
0.00262291
0.00192641
0.00119888
0.000442247
-0.000341276
-0.00112042
-0.00192179
-0.00274304
-0.00358171
-0.00443504
-0.00526677
-0.00610621
-0.00694901
-0.00779039
-0.0086254
-0.00941593
-0.0101908
-0.0109456
-0.0116757
-0.0123759
-0.0130117
-0.0136062
-0.0141536
-0.0146479
-0.0150837
-0.0154357
-0.0157188
-0.0159278
-0.016058
-0.0161048
-0.0160576
-0.0159188
-0.0156846
-0.0153511
-0.014915
-0.0143833
-0.0137441
-0.0129964
-0.0121398
-0.0111743
-0.0101277
-0.00897312
-0.00771161
-0.00634509
-0.00487648
-0.00335304
-0.00173584
-2.99265e-05
0.00175909
0.00362498
0.00550498
0.00744761
0.00944504
0.0114891
0.0135714
0.0156205
0.0176894
0.0197681
0.0218455
0.0239106
0.0258905
0.0278363
0.0297375
0.0315836
0.0333636
0.0350133
0.0365745
0.038036
0.0393876
0.0406195
0.0416859
0.0426139
0.0433946
0.0440197
0.0444817
0.0447603
0.0448636
0.0447866
0.0445251
0.0440756
0.043448
0.0426288
0.0416182
0.0404176
0.039029
0.0374939
0.0357766
0.033881
0.031813
0.0295797
0.0272519
0.0247773
0.022166
0.0194287
0.0165765
0.0137001
0.0107337
0.00769131
0.00458718
0.00143608
-0.00166101
-0.00477507
-0.00789066
-0.0109919
-0.014063
-0.0170049
-0.0198861
-0.022692
-0.0254079
-0.0280191
-0.0304403
-0.0327277
-0.0348684
-0.0368504
-0.0386631
-0.0402481
-0.041645
-0.0428449
-0.0438398
-0.0446228
-0.0451673
-0.0454906
-0.0455902
-0.0454643
-0.0451122
-0.0445432
-0.0437498
-0.0427352
-0.041504
-0.0400617
-0.0384523
-0.036645
-0.0346477
-0.0324698
-0.0301219
-0.0276777
-0.0250879
-0.022365
-0.0195219
-0.0165714
-0.0136046
-0.0105588
-0.00744935
-0.00429185
-0.00110179
0.00202259
0.00514962
0.00826454
0.0113525
0.0143987
0.0173099
0.0201519
0.0229122
0.0255785
0.0281391
0.030516
0.0327648
0.0348762
0.0368422
0.0386565
0.040267
0.0417148
0.042995
0.0441031
0.0450357
0.0457681
0.0463238
0.0467042
0.0469115
0.0469478
0.0468156
0.0465184
0.0460608
0.0454489
0.04469
0.0438126
0.0428038
0.0416717
0.0404248
0.0390726
0.037661
0.036164
0.0345913
0.0329525
0.0312569
0.0295593
0.0278246
0.0260631
0.0242852
0.0225007
0.0207658
0.0190411
0.0173341
0.0156523
0.0140033
0.0124382
0.0109199
0.0094538
0.0080448
0.00669696
0.00544985
0.00427056
0.00316153
0.00212438
0.00116001
0.00029493
-0.000496809
-0.00121525
-0.00186091
-0.00243523
-0.0029245
-0.00334882
-0.00371255
-0.00402013
-0.00427568
-0.00447458
-0.00462914
-0.00474362
-0.00482277
-0.00487161
-0.00489152
-0.00489041
-0.00487242
-0.0048417
-0.00480267
-0.00475821
-0.00471427
-0.00467447
-0.00464163
-0.00461791
-0.00460285
-0.00460094
-0.00461434
-0.00464494
-0.00469381
-0.00475624
-0.00483572
-0.00493051
-0.00503877
-0.00515884
-0.00528257
-0.00541498
-0.00555398
-0.00569693
-0.0058406
-0.0059743
-0.0061011
-0.00621662
-0.00631611
-0.00639461
-0.00644264
-0.0064604
-0.00644381
-0.00638886
-0.0062913
-0.00614755
-0.00595178
-0.00569948
-0.00538689
-0.00501117
-0.00458004
-0.00408181
-0.00351445
-0.00287572
-0.00216351
-0.00139695
-0.000554911
0.000362194
0.00135332
0.00241708
0.00352005
0.004692
0.00593011
0.00723073
0.00858951
0.0099604
0.0113803
0.0128444
0.0143479
0.0158846
0.0174002
0.0189349
0.0204809
0.0220307
0.0235769
0.0250634
0.0265311
0.0279717
0.0293766
0.0307374
0.0320024
0.0332077
0.034346
0.0354097
0.0363911
0.0372501
0.0380126
0.0386725
0.0392248
0.0396645
0.03997
0.0401528
0.0402081
0.040132
0.039922
0.0395795
0.0391011
0.0384863
0.0377347
0.0368463
0.0358456
0.0347113
0.0334465
0.0320556
0.0305432
0.0289564
0.0272574
0.0254518
0.023546
0.0215478
0.0195229
0.0174221
0.0152534
0.0130254
0.010747
0.00849439
0.00621172
0.00390943
0.00159766
-0.000713983
-0.00294856
-0.00516427
-0.00735106
-0.00949829
-0.0115953
-0.0135708
-0.0154771
-0.0173056
-0.0190481
-0.0206962
-0.0221939
-0.0235806
-0.0248494
-0.0259947
-0.0270119
-0.0278684
-0.0285886
-0.0291683
-0.0296041
-0.0298933
-0.0300288
-0.0300168
-0.0298581
-0.0295533
-0.0291031
-0.0285251
-0.0278051
-0.0269467
-0.0259549
-0.0248355
-0.0236312
-0.0223105
-0.0208791
-0.0193429
-0.0177092
-0.0160387
-0.0142877
-0.0124652
-0.0105795
-0.008639
-0.00671347
-0.0047503
-0.00275905
-0.000749779
0.00126739
0.00321959
0.00516086
0.00708241
0.00897552
0.0108314
0.0125837
0.0142819
0.015918
0.017485
0.0189761
0.0203396
0.0216154
0.0227982
0.0238832
0.0248658
0.0257128
0.0264496
0.0270731
0.0275812
0.0279724
0.028236
0.0283828
0.0284137
0.0283295
0.0281316
0.0278299
0.0274191
0.0269027
0.0262849
0.0255699
0.0247864
0.0239144
0.0229592
0.0219267
0.0208244
0.0196963
0.0185137
0.0172833
0.0160108
0.0146975
0.0133887
0.0120506
0.0106935
0.0093282
0.00796511
0.00665704
0.00536834
0.00410641
0.00287852
0.00169199
0.000592198
-0.000453352
-0.00143948
-0.00236211
-0.0032179
-0.0039749
-0.00465998
-0.00527088
-0.00580616
-0.00626565
-0.00663258
-0.00692716
-0.00715161
-0.00730801
-0.00739836
-0.00741806
-0.00737736
-0.00728044
-0.00713236
-0.00693858
-0.00670634
-0.00643838
-0.00613891
-0.00581194
-0.00546165
-0.0051004
-0.00472494
-0.00434031
-0.00395125
-0.00356195
-0.00318637
-0.00281635
-0.00245454
-0.0021035
-0.00176579
-0.00145427
-0.0011599
-0.000884434
-0.000629126
-0.000394806
-0.0001906
-7.37278e-06
0.000154801
0.000296066
0.000416848
0.000511805
0.00058866
0.000648551
0.000692671
0.000722216
0.000734801
0.000735756
0.000726404
0.000708122
0.000682282
0.000648499
0.000609957
0.000567768
0.000522981
0.000476606
0.000429063
0.000381902
0.000335903
0.000291729
0.000249923
0.00021089
0.000175026
0.000142582
0.000113709
8.84597e-05
6.6859e-05
4.87051e-05
3.38424e-05
2.20731e-05
1.31592e-05
6.83921e-06
2.76348e-06
6.00622e-07
0
0
0
0
0
0
0
0
0
0
0
0
-0
-0
-0
-0
-0
-0
-0
-0
-0
-0
-0
-0
-0
-0
-0
-0
-0
-0
-0
-0
-0
-0
-0
-0
-0
-0
-0
-0
-0
-0
-0
-0
-0
-0
-0
-0
-0
-0
-0
-0
-0
-0
-0
-0
-0
-0
-0
-0
-0
-0
-0
-0
-0
-0
-0
-0
-0
-0
-0
-0
-0
-0
-0
-0
-0
-0
-0
-0
-0
-0
-0
-0
-0
-0
-0
0
0
0
0
0
0
0
0
0
0
0
0
0
0
0
0
0
0
0
0
0
0
0
0
0
0
0
0
0
0
0
0
0
0
0
0
0
0
0
0
0
0
0
0
0
0
0
0
0
0
0
0
0
0
0
0
0
0
0
0
0
0
0
0
0
0
0
0
0
0
0
0
0
0
0
0
0
0
0
0
0
0
0
0
0
0
0
0
0
0
0
0
0
0
0
0
0
0
0
0
0
0
0
0
0
0
0
0
0
0
0
0
0
0
