0
0
0
0
0
0
0
0
0
0
0
0
0
0
0
0
0
0
0
0
0
0
0
0
0
0
0
0
0
0
0
0
0
0
0
0
0
0
0
0
0
-0
-0
-0
-0
-0
-0
-0
-0
-0
-0
-0
-0
-0
-0
-0
-0
-0
-0
-0
-0
-0
-0
-0
-0
-0
-0
-0
-0
-0
-0
-0
-0
-0
-0
-0
-0
-0
-0
-0
-0
-0
-0
-0
-0
-0
-0
-0
-0
-0
-0
0
0
0
0
0
0
0
0
0
0
0
0
0
0
0
0
0
0
0
0
0
0
0
0
0
0
0
0
0
0
0
0
0
0
0
0
0
0
0
0
0
0
0
0
0
0
0
0
0
0
0
0
-0
-0
-0
-0
-0
-0
-0
-0
-0
-0
-0
-0
-0
-0
-0
-0
-0
-0
-0
-0
-0
-0
-0
-0
-0
-0
-0
-0
-0
-0
-0
-0
-0
-0
-0
-0
-0
-0
-0
-0
-0
-0
-0
-0
-0
-0
-0
-0
-0
-0
-0
-0
-0
-0
-0
-0
-0
0
0
0
0
0
0
0
0
0
0
0
0
0
0
0
0
0
0
0
0
0
0
0
0
0
0
0
0
0
0
0
0
0
0
0
0
8.82345e-07
3.51218e-06
7.68906e-06
1.31741e-05
1.96927e-05
2.69378e-05
3.45723e-05
4.2233e-05
4.95348e-05
5.60743e-05
6.1435e-05
6.51918e-05
6.69161e-05
6.61812e-05
6.25674e-05
5.56672e-05
4.50909e-05
3.04714e-05
1.14692e-05
-1.22225e-05
-4.08732e-05
-7.47114e-05
-0.00011392
-0.000158632
-0.00020893
-0.000264839
-0.000326327
-0.000393303
-0.000465615
-0.000543046
-0.00062532
-0.000712097
-0.000802977
-0.000897499
-0.000995144
-0.00109534
-0.00119746
-0.00130083
-0.00140474
-0.00150843
-0.0016111
-0.00171193
-0.00181008
-0.00190467
-0.00199484
-0.0020797
-0.00215837
-0.00222996
-0.00229362
-0.0023485
-0.00239381
-0.00242876
-0.00245263
-0.00246474
-0.00246449
-0.00245132
-0.00242476
-0.00238441
-0.00232997
-0.00226121
-0.002178
-0.0020803
-0.00196818
-0.00184179
-0.00170139
-0.00154735
-0.00138013
-0.00120027
-0.00100845
-0.000805406
-0.000591997
-0.000369159
-0.000137917
0.000100621
0.00034527
0.000594776
0.000847821
0.00110303
0.001359
0.00161427
0.00186736
0.00211679
0.00236106
0.0025987
0.00282825
0.00304828
0.00325741
0.0034543
0.0036377
0.00380643
0.00396075
0.00410089
0.00422613
0.00433583
0.00442939
0.00450626
0.00456595
0.00460805
0.00463218
0.00463804
0.0046254
0.00459411
0.00454408
0.00447529
0.00438781
0.00428177
0.0041574
0.00401498
0.0038549
0.0036776
0.0034836
0.00327353
0.00304804
0.00280791
0.00255394
0.00228705
0.00200819
0.00171838
0.00141871
0.00111031
0.000794385
0.000472163
0.000144924
-0.000186021
-0.000519326
-0.000853624
-0.00118753
-0.00151963
-0.00184853
-0.00217281
-0.00249104
-0.00280184
-0.00310381
-0.00339556
-0.00367576
-0.00394306
-0.0041962
-0.0044339
-0.00465499
-0.0048583
-0.00504277
-0.00520736
-0.00535114
-0.00547325
-0.00557292
-0.00564948
-0.00570235
-0.00573106
-0.00573524
-0.00571467
-0.00566919
-0.0055988
-0.00550361
-0.00538383
-0.0052398
-0.005072
-0.00488098
-0.00466745
-0.0044322
-0.00417613
-0.00390027
-0.00360574
-0.00329373
-0.00296556
-0.00262263
-0.00226641
-0.00189846
-0.00152039
-0.00113391
-0.000740743
-0.000342695
5.84087e-05
0.000460708
0.000862322
0.00126136
0.00165593
0.00204414
0.00242414
0.00279407
0.00315214
0.00349659
0.00382571
0.00413787
0.00443148
0.00470504
0.00495715
0.00518648
0.0053918
0.00557199
0.00572604
0.00585306
0.00595227
0.00602305
0.00606488
0.00607741
0.00606041
0.00601382
0.00593771
0.0058323
0.00569799
0.00553527
0.00534484
0.00512748
0.00488413
0.00461588
0.00432389
0.00400948
0.00367406
0.00331914
0.00294632
0.00255729
0.00215382
0.00173776
0.00131102
0.000875577
0.000433467
-1.3229e-05
-0.000462387
-0.000911849
-0.00135943
-0.00180294
-0.00224017
-0.00266893
-0.00308705
-0.00349241
-0.00388292
-0.00425655
-0.00461137
-0.00494552
-0.00525725
-0.00554489
-0.00580693
-0.00604196
-0.00624869
-0.006426
-0.00657286
-0.00668842
-0.00677195
-0.00682286
-0.00684072
-0.00682523
-0.00677626
-0.00669381
-0.00657803
-0.00642925
-0.00624793
-0.00603471
-0.00579036
-0.00551585
-0.00521228
-0.00488091
-0.00452316
-0.00414059
-0.0037349
-0.00330793
-0.00286162
-0.00239804
-0.00191936
-0.00142782
-0.000925755
-0.000415543
0.000100373
0.000619519
0.00113939
0.00165747
0.00217125
0.0026782
0.00317583
0.00366169
0.00413335
0.00458846
0.00502472
0.00543992
0.00583192
0.00619872
0.0065384
0.0068492
0.00712947
0.00737772
0.00759261
0.00777297
0.00791779
0.00802624
0.00809765
0.00813155
0.00812765
0.0080858
0.00800609
0.00788874
0.00773417
0.00754298
0.00731591
0.00705393
0.00675811
0.00642975
0.00607026
0.00568123
0.00526442
0.0048217
0.0043551
0.00386678
0.00335902
0.00283419
0.00229479
0.00174339
0.00118262
0.000615191
4.38329e-05
-0.000528688
-0.0010996
-0.00166614
-0.00222556
-0.00277516
-0.00331229
-0.00383439
-0.00433896
-0.00482361
-0.00528607
-0.00572419
-0.00613594
-0.00651948
-0.0068731
-0.00719524
-0.00748455
-0.00773982
-0.00796006
-0.00814444
-0.00829232
-0.00840326
-0.008477
-0.00851348
-0.00851281
-0.00847528
-0.00840138
-0.00829176
-0.00814723
-0.00796877
-0.00775753
-0.00751478
-0.00724195
-0.00694059
-0.00661238
-0.0062591
-0.00588266
-0.00548501
-0.00506824
-0.00463446
-0.00418585
-0.00372465
-0.00325311
-0.00277351
-0.00228814
-0.00179928
-0.00130919
-0.000820118
-0.000334265
0.000146216
0.00061923
0.00108275
0.00153482
0.00197357
0.00239723
0.00280413
0.00319269
0.00356148
0.00390915
0.0042345
0.00453645
0.00481406
0.00506651
0.00529313
0.00549338
0.00566687
0.00581332
0.0059326
0.00602471
0.00608978
0.00612804
0.00613988
0.00612576
0.00608626
0.00602209
0.00593402
0.00582293
0.00568977
0.00553559
0.00536149
0.00516865
0.0049583
0.00473172
0.00449024
0.00423522
0.00396805
0.00369014
0.0034029
0.00310777
0.00280617
0.0024995
0.00218916
0.00187653
0.00156293
0.00124968
0.000938045
0.000629236
0.000324427
2.47371e-05
-0.000268771
-0.000555093
-0.000833283
-0.00110246
-0.0013618
-0.00161056
-0.00184804
-0.00207363
-0.00228677
-0.00248698
-0.00267382
-0.00284696
-0.0030061
-0.003151
-0.00328152
-0.00339753
-0.003499
-0.00358593
-0.00365837
-0.00371646
-0.00376033
-0.00379021
-0.00380633
-0.00380899
-0.00379851
-0.00377524
-0.00373959
-0.00369196
-0.00363281
-0.0035626
-0.00348183
-0.003391
-0.00329063
-0.00318126
-0.00306343
-0.00293772
-0.00280468
-0.00266488
-0.0025189
-0.00236733
-0.00221074
-0.00204972
-0.00188485
-0.00171671
-0.00154588
-0.00137294
-0.00119845
-0.00102298
-0.000847093
-0.000671332
-0.000496241
-0.000322352
-0.000150189
1.97372e-05
0.000186923
0.000350878
0.000511123
0.000667191
0.000818626
0.000964989
0.00110585
0.00124081
0.00136946
0.00149144
0.00160638
0.00171396
0.00181386
0.0019058
0.00198952
0.00206477
0.00213137
0.00218911
0.00223786
0.00227749
0.00230791
0.00232906
0.0023409
0.00234344
0.00233668
0.0023207
0.00229558
0.00226143
0.0022184
0.00216668
0.00210647
0.00203802
0.00196161
0.00187754
0.00178616
0.00168784
0.00158298
0.00147201
0.00135539
0.00123361
0.00110718
0.00097662
0.000842481
0.000705328
0.000565739
0.000424303
0.000281617
0.000138286
-5.08275e-06
-0.000147881
-0.0002895
-0.000429336
-0.000566793
-0.000701282
-0.000832227
-0.000959064
-0.00108125
-0.00119826
-0.00130959
-0.00141476
-0.00151332
-0.00160484
-0.00168895
-0.00176528
-0.0018335
-0.00189333
-0.00194452
-0.00198686
-0.00202018
-0.00204435
-0.00205928
-0.00206492
-0.00206127
-0.00204838
-0.00202634
-0.00199527
-0.00195535
-0.00190681
-0.0018499
-0.00178495
-0.00171228
-0.00163229
-0.0015454
-0.00145206
-0.00135274
-0.00124797
-0.00113826
-0.00102418
-0.000906273
-0.000785138
-0.00066136
-0.000535541
-0.000408286
-0.000280208
-0.000151917
-2.40261e-05
0.000102855
0.000228122
0.000351179
0.000471437
0.000588325
0.000701285
0.00080978
0.000913295
0.00101134
0.00110346
0.00118922
0.00126824
0.00134015
0.00140463
0.00146142
0.00151027
0.00155099
0.00158343
0.00160747
0.00162305
0.00163014
0.00162875
0.00161893
0.00160078
0.00157443
0.00154005
0.00149785
0.00144808
0.001391
0.00132695
0.00125627
0.00117933
0.00109657
0.0010084
0.000915312
0.000817787
0.00071638
0.000611954
0.000504926
0.000395596
0.000284265
0.00017124
5.68333e-05
-5.86331e-05
-0.000174827
-0.000291405
-0.000408008
-0.000524265
-0.000639785
-0.000754161
-0.00086697
-0.000977767
-0.00108609
-0.00119147
-0.0012934
-0.00139138
-0.00148488
-0.00157338
-0.00165635
-0.00173323
-0.00180351
-0.00186663
-0.0019221
-0.00196939
-0.00200802
-0.00203753
-0.00205749
-0.00206749
-0.00206719
-0.00205626
-0.00203444
-0.00200151
-0.00195732
-0.00190178
-0.00183486
-0.00175661
-0.00166714
-0.00156665
-0.0014554
-0.00133375
-0.00120212
-0.00106103
-0.000911051
-0.000752853
-0.000587168
-0.000414798
-0.000236609
-5.35251e-05
0.000133478
0.000323366
0.000514927
0.000706882
0.000897947
0.00108683
0.00127225
0.00145296
0.0016277
0.00179529
0.00195459
0.0021045
0.002244
0.00237214
0.00248806
0.00259097
0.00268019
0.00275515
0.00281536
0.00286047
0.00289022
0.00290449
0.00290324
0.00288659
0.00285474
0.00280803
0.00274689
0.00267187
0.0025836
0.00248282
0.00237035
0.00224708
0.00211398
0.00197206
0.00182239
0.00166609
0.0015043
0.00133816
0.00116891
0.000997999
0.000826452
0.000655199
0.000485137
0.000317129
0.000151996
-9.47896e-06
-0.000166571
-0.0003186
-0.000464939
-0.000605014
-0.000738301
-0.000864347
-0.00098275
-0.00109316
-0.0011953
-0.00128891
-0.00137384
-0.00144995
-0.00151718
-0.0015755
-0.00162492
-0.00166553
-0.00169744
-0.00172079
-0.00173578
-0.00174261
-0.00174153
-0.00173283
-0.00171681
-0.00169377
-0.00166404
-0.00162798
-0.00158594
-0.0015383
-0.00148541
-0.00142766
-0.00136541
-0.00129905
-0.00122896
-0.0011555
-0.00107903
-0.000999911
-0.000918507
-0.000835156
-0.000750197
-0.000663956
-0.000576751
-0.000488889
-0.000400667
-0.000312373
-0.000224298
-0.000136683
-4.97925e-05
3.60085e-05
0.00012036
0.000202885
0.000283286
0.000361248
0.000436476
0.000508692
0.000577587
0.000642973
0.000704631
0.000762364
0.000815994
0.000865297
0.000910208
0.000950615
0.000986428
0.00101758
0.00104393
0.00106555
0.00108243
0.00109457
0.00110202
0.00110473
0.00110286
0.00109651
0.00108575
0.00107072
0.00105146
0.00102819
0.00100105
0.000970197
0.000935805
0.000898002
0.000857011
0.000813014
0.000766203
0.000716769
0.000664925
0.000610852
0.000554751
0.000496821
0.000437263
0.000376368
0.000314244
0.000251086
0.000187091
0.00012245
5.75357e-05
-7.6489e-06
-7.29204e-05
-0.000138099
-0.000203006
-0.000267191
-0.000330758
-0.000393535
-0.000455352
-0.00051604
-0.000575071
-0.000632631
-0.000688549
-0.000742651
-0.000794763
-0.000844303
-0.000891499
-0.000936174
-0.000978149
-0.00101725
-0.00105289
-0.00108531
-0.00111434
-0.00113982
-0.00116157
-0.00117914
-0.0011927
-0.00120212
-0.00120727
-0.00120804
-0.00120416
-0.00119571
-0.00118261
-0.00116479
-0.00114221
-0.00111488
-0.00108273
-0.00104575
-0.00100394
-0.000957341
-0.000906363
-0.000850707
-0.00079046
-0.000725732
-0.000656655
-0.000584087
-0.000507504
-0.000427108
-0.000343127
-0.000255814
-0.00016647
-7.43728e-05
2.01532e-05
0.000116758
0.000215067
0.000313408
0.000412642
0.000512334
0.000612028
0.000711252
0.00080812
0.00090353
0.000996973
0.00108793
0.00117586
0.00125892
0.00133789
0.00141224
0.00148145
0.00154498
0.00160129
0.0016509
0.00169333
0.00172811
0.00175479
0.00177243
0.00178116
0.0017806
0.00177045
0.00175041
0.00172045
0.00168017
0.00162941
0.00156809
0.00149615
0.00141472
0.00132276
0.00122041
0.00110786
0.000985369
0.000855262
0.000715898
0.000567713
0.000411203
0.000246927
7.83485e-05
-9.67087e-05
-0.000277518
-0.000463298
-0.000653213
-0.000842947
-0.00103501
-0.00122845
-0.00142226
-0.0016154
-0.00180318
-0.00198817
-0.00216927
-0.00234541
-0.00251546
-0.00267498
-0.00282624
-0.00296819
-0.00309979
-0.00322003
-0.00332537
-0.00341744
-0.00349536
-0.00355829
-0.00360546
-0.00363493
-0.00364729
-0.00364199
-0.00361854
-0.00357654
-0.0035162
-0.00343678
-0.00333819
-0.0032204
-0.00308352
-0.00293019
-0.00275826
-0.00256814
-0.00236035
-0.00213553
-0.00189877
-0.00164654
-0.00137976
-0.00109948
-0.000806815
-0.000508937
-0.000201182
0.000115086
0.000438423
0.000767317
0.00109323
0.00142153
0.00175055
0.0020786
0.00240395
0.00271772
0.00302532
0.00332503
0.00361511
0.00389386
0.00415318
0.00439788
0.00462637
0.00483714
0.00502874
0.00519508
0.00533959
0.0054611
0.00555853
0.00563089
0.00567511
0.00569268
0.00568299
0.00564558
0.0055801
0.0054872
0.00536599
0.00521658
0.00503922
0.0048343
0.00460645
0.00435228
0.00407264
0.0037685
0.003441
0.00309847
0.0027352
0.00235272
0.00195264
0.00153671
0.00111614
0.000683472
0.000240701
-0.000210096
-0.000666773
-0.00111647
-0.00156763
-0.00201802
-0.00246537
-0.0029074
-0.00333117
-0.00374512
-0.00414706
-0.00453483
-0.00490633
-0.00525019
-0.0055738
-0.00587531
-0.00615296
-0.0064051
-0.00662349
-0.00681347
-0.00697376
-0.00710328
-0.00720104
-0.00726312
-0.00729201
-0.00728722
-0.00724845
-0.00717557
-0.00706959
-0.00692972
-0.00675633
-0.00654998
-0.00631138
-0.0060465
-0.00575127
-0.00542686
-0.0050746
-0.00469597
-0.00430133
-0.00388365
-0.00344479
-0.0029867
-0.00251146
-0.0020326
-0.00154097
-0.00103885
-0.000528616
-1.26623e-05
0.000493923
0.00100135
0.00150719
0.00200899
0.00250434
0.00297845
0.00344139
0.00389091
0.00432482
0.00474099
0.00512678
0.00549091
0.0058316
0.00614716
0.00643605
0.00668929
0.00691318
0.00710661
0.00726862
0.00739839
0.00749168
0.00755161
0.00757786
0.00757028
0.0075289
0.00745468
0.00734717
0.0072069
0.00703451
0.00683085
0.0066019
0.00634374
0.0060576
0.00574485
0.00540698
0.00505422
0.00467964
0.00428502
0.00387224
0.00344328
0.00301127
0.00256717
0.0021131
0.00165122
0.00118372
0.000725077
0.000265223
-0.000193653
-0.000649377
-0.0010998
-0.0015309
-0.00195255
-0.00236279
-0.00275972
-0.00314151
-0.00349624
-0.00383247
-0.0041487
-0.00444351
-0.0047156
-0.00495648
-0.00517242
-0.00536251
-0.00552594
-0.00566207
-0.00576667
-0.00584304
-0.00589092
-0.0059102
-0.00590089
-0.0058634
-0.00579775
-0.00570435
-0.00558374
-0.00543661
-0.00526775
-0.00507405
-0.00485649
-0.0046162
-0.00435438
-0.00407955
-0.00378587
-0.00347477
-0.00314778
-0.00280647
-0.00246195
-0.0021064
-0.00174153
-0.00136905
-0.000990719
-0.000618843
-0.000244618
0.000130223
0.000503953
0.00087486
0.00123086
0.00158074
0.00192291
0.00225585
0.00257807
0.00287908
0.00316663
0.00343946
0.00369642
0.00393638
0.00415152
0.00434776
0.00452427
0.00468033
0.00481532
0.00492485
0.00501238
0.00507758
0.00512026
0.00514032
0.00513717
0.00511151
0.00506357
0.00499364
0.00490215
0.00479225
0.00466189
0.00451176
0.00434264
0.00415538
0.00395633
0.00374105
0.00351057
0.003266
0.0030085
0.00274682
0.00247465
0.00219323
0.00190386
0.00160785
0.00131533
0.00101883
0.000719687
0.000419223
0.00011877
-0.000171346
-0.000458865
-0.00074254
-0.00102115
-0.0012935
-0.00155017
-0.00179835
-0.002037
-0.00226512
-0.0024818
-0.00267947
-0.00286401
-0.00303468
-0.00319082
-0.00333182
-0.00345274
-0.00355753
-0.0036458
-0.00371724
-0.00377162
-0.003807
-0.00382506
-0.00382578
-0.0038092
-0.00377547
-0.00372576
-0.00365936
-0.00357659
-0.00347788
-0.00336367
-0.00323806
-0.00309807
-0.00294436
-0.0027776
-0.00259855
-0.00241364
-0.00221804
-0.00201261
-0.00179823
-0.00157582
-0.00135342
-0.0011249
-0.000891203
-0.000653328
-0.000412273
-0.00017681
5.98381e-05
0.000296681
0.000532728
0.000766994
0.000990889
0.00121109
0.00142668
0.00163677
0.00184047
0.00203028
0.00221209
0.00238516
0.00254879
0.00270233
0.00284005
0.00296652
0.00308125
0.00318379
0.00327377
0.00334775
0.00340856
0.00345596
0.0034898
0.00350996
0.00351559
0.0035075
0.00348575
0.00345046
0.0034018
0.00334148
0.0032683
0.00318262
0.0030848
0.00297453
0.00285491
0.00272318
0.00258021
0.0024269
0.00226425
0.00209837
0.00192523
0.00174593
0.00156161
0.00137343
0.00118847
0.00100189
0.000814842
0.000628449
0.000443833
0.000268095
9.61273e-05
-7.10899e-05
-0.000232624
-0.000387601
-0.000529785
-0.000664036
-0.000789718
-0.000906272
-0.00101323
-0.00110587
-0.0011884
-0.00126062
-0.00132242
-0.00137377
-0.00141181
-0.00143973
-0.00145777
-0.0014662
-0.00146539
-0.00145423
-0.00143479
-0.0014076
-0.00137322
-0.00133226
-0.00128504
-0.00123255
-0.00117546
-0.00111446
-0.00105023
-0.000984057
-0.000915983
-0.000846674
-0.000776772
-0.000706892
-0.000638691
-0.000571547
-0.000505967
-0.000442418
-0.000381321
-0.000324257
-0.000270215
-0.000219474
-0.000172264
-0.000128767
-9.01844e-05
-5.53916e-05
-2.443e-05
2.70233e-06
2.60495e-05
4.49101e-05
6.03208e-05
7.2433e-05
8.1428e-05
8.75143e-05
9.04509e-05
9.10632e-05
8.96119e-05
8.63688e-05
8.16131e-05
7.54085e-05
6.83209e-05
6.06218e-05
5.25753e-05
4.44344e-05
3.63735e-05
2.87112e-05
2.16454e-05
1.53529e-05
9.9877e-06
5.67326e-06
2.52592e-06
6.1932e-07
0
0
0
0
0
0
0
0
0
0
0
0
0
0
0
0
0
0
0
0
0
0
0
0
0
0
0
0
0
0
0
0
0
0
0
-0
-0
-0
-0
-0
-0
-0
-0
-0
-0
-0
-0
-0
-0
-0
-0
-0
-0
-0
-0
-0
-0
-0
-0
-0
-0
-0
-0
-0
-0
-0
-0
-0
-0
-0
-0
-0
-0
-0
-0
-0
-0
-0
0
0
0
0
0
0
0
0
0
0
0
0
0
0
0
0
0
0
0
0
0
0
0
0
0
0
0
0
0
0
0
0
0
0
0
0
0
0
0
0
0
0
0
0
0
0
0
0
0
0
0
0
0
0
0
0
0
0
0
0
0
0
0
-0
-0
-0
-0
-0
-0
-0
-0
-0
-0
-0
-0
-0
-0
-0
-0
-0
-0
-0
-0
-0
-0
-0
-0
-0
-0
-0
-0
-0
-0
-0
-0
-0
-0
-0
-0
-0
-0
-0
-0
-0
-0
-0
0
0
0
0
0
0
0
0
0
0
0
0
0
0
0
0
0
0
0
0
0
0
0
0
0
0
0
0
0
0
0
0
0
0
0
0
0
0
0
0
0
0
0
0
0
0
0
0
0
0
0
0
