0
0
0
0
0
0
0
0
0
0
0
0
0
0
0
0
0
0
0
0
0
0
0
0
0
0
0
0
0
0
0
0
0
0
0
0
0
0
0
0
0
0
0
0
0
0
0
0
0
0
0
0
0
0
0
0
0
0
0
0
0
0
0
0
0
0
0
0
0
0
0
0
0
0
0
0
0
0
0
0
0
0
0
0
0
0
0
0
0
0
0
0
0
0
0
0
0
0
0
0
0
0
0
0
0
0
0
0
0
0
0
0
0
0
0
0
0
0
0
0
0
0
0
0
0
0
0
0
0
0
0
0
0
0
0
0
0
0
0
0
0
0
0
0
0
0
0
0
0
0
0
0
0
0
0
0
0
0
0
0
0
0
0
0
0
0
0
0
0
0
0
0
0
0
0
0
0
0
0
0
0
0
0
0
0
0
0
0
0
0
0
0
0
0
0
0
0
0
0
0
0
0
0
0
0
0
0
0
0
0
0
0
0
0
0
0
0
0
0
0
0
0
0
0
0
0
0
0
0
0
0
0
0
0
0
0
0
0
0
0
0
0
0
0
0
0
0
0
0
0
0
0
0
0
0
0
0
0
0
0
0
0
0
0
0
0
0
0
0
0
0
0
0
0
0
0
0
0
0
0
0
0
0
0
0
0
0
0
0
0
0
0
0
0
0
0
0
0
0
0
0
0
0
0
0
0
0
0
0
0
0
0
0
0
0
0
0
0
0
0
0
0
-3.02321e-09
-1.54489e-07
-6.42759e-07
-1.60628e-06
-3.16785e-06
-5.43234e-06
-8.48476e-06
-1.23888e-05
-1.71857e-05
-2.28945e-05
-2.95113e-05
-3.70097e-05
-4.53407e-05
-5.44331e-05
-6.4194e-05
-7.45104e-05
-8.52514e-05
-9.62701e-05
-0.000107406
-0.000118489
-0.000129337
-0.000139764
-0.000149578
-0.00015859
-0.000166609
-0.000173448
-0.000178929
-0.000182878
-0.000185136
-0.000185556
-0.000184011
-0.000180393
-0.000174608
-0.000166582
-0.000156253
-0.000143579
-0.000128538
-0.000111135
-9.14029e-05
-6.93989e-05
-4.52036e-05
-1.89145e-05
9.35588e-06
3.94803e-05
7.13145e-05
0.000104696
0.000139446
0.00017537
0.000212264
0.000249916
0.000288111
0.000326627
0.000365239
0.000403718
0.000441835
0.000479362
0.00051607
0.000551736
0.000586141
0.00061907
0.000650323
0.00067971
0.000707058
0.000732206
0.000755
0.000775296
0.000792949
0.000807828
0.000819816
0.00082882
0.000834773
0.000837633
0.000837378
0.000834
0.000827498
0.000817878
0.000805153
0.000789344
0.000770487
0.000748628
0.000723834
0.000696188
0.000665792
0.000632762
0.000597226
0.000559312
0.000519154
0.000476885
0.000432653
0.00038662
0.000338981
0.000290069
0.000240075
0.000189137
0.000137382
8.49314e-05
3.1896e-05
-2.16141e-05
-7.54853e-05
-0.000129597
-0.000183822
-0.000238029
-0.00029208
-0.000345838
-0.000399154
-0.000451878
-0.000503845
-0.000554889
-0.000604832
-0.000653491
-0.000700676
-0.00074619
-0.000789834
-0.000831418
-0.000870763
-0.000907712
-0.000942118
-0.000973839
-0.00100272
-0.0010286
-0.0010513
-0.00107063
-0.0010864
-0.00109848
-0.00110672
-0.00111102
-0.00111125
-0.00110731
-0.00109911
-0.00108654
-0.00106953
-0.00104803
-0.001022
-0.000991433
-0.000956315
-0.000916667
-0.00087252
-0.000823929
-0.000770967
-0.000713723
-0.000652301
-0.000586821
-0.000517426
-0.000444285
-0.0003676
-0.0002876
-0.000204528
-0.000118636
-3.0173e-05
6.06007e-05
0.000153411
0.000247954
0.0003439
0.00044089
0.000538551
0.000636504
0.000734365
0.000831744
0.00092824
0.00102344
0.00111693
0.00120829
0.00129711
0.00138296
0.00146544
0.00154414
0.00161863
0.00168851
0.00175342
0.00181298
0.00186687
0.00191476
0.00195631
0.00199122
0.00201917
0.0020399
0.00205317
0.00205881
0.00205669
0.00204671
0.00202875
0.00200276
0.00196867
0.00192647
0.00187619
0.0018179
0.00175174
0.00167788
0.00159651
0.00150786
0.00141221
0.00130987
0.00120116
0.00108644
0.000966124
0.000840615
0.000710375
0.000575896
0.000437705
0.000296349
0.000152386
6.37524e-06
-0.000141123
-0.000289541
-0.00043829
-0.000586762
-0.000734325
-0.000880337
-0.00102416
-0.00116516
-0.00130275
-0.00143632
-0.00156531
-0.00168914
-0.00180725
-0.00191908
-0.00202408
-0.0021217
-0.00221146
-0.00229289
-0.00236559
-0.00242919
-0.00248336
-0.00252779
-0.00256221
-0.00258639
-0.00260013
-0.00260328
-0.00259576
-0.00257754
-0.00254864
-0.00250913
-0.00245911
-0.00239875
-0.00232823
-0.00224776
-0.00215761
-0.00205807
-0.00194947
-0.0018322
-0.00170669
-0.00157343
-0.00143292
-0.00128571
-0.00113233
-0.000973306
-0.000809206
-0.000640614
-0.000468164
-0.000292535
-0.000114429
6.5452e-05
0.000246427
0.000427843
0.000609062
0.000789445
0.000968327
0.00114502
0.00131882
0.00148902
0.00165495
0.00181596
0.00197146
0.00212085
0.00226359
0.00239914
0.00252695
0.00264652
0.00275734
0.00285894
0.00295089
0.0030328
0.00310432
0.00316516
0.00321508
0.00325385
0.00328128
0.00329721
0.00330149
0.00329401
0.00327472
0.00324361
0.00320075
0.00314628
0.00308037
0.00300324
0.0029151
0.00281619
0.00270677
0.00258714
0.00245767
0.00231877
0.00217096
0.00201479
0.00185085
0.00167971
0.00150195
0.00131813
0.00112884
0.000934729
0.000736507
0.000534954
0.000330884
0.000125109
-8.15818e-05
-0.000288438
-0.000494727
-0.000699709
-0.000902614
-0.00110263
-0.00129892
-0.00149062
-0.00167693
-0.00185704
-0.00203023
-0.00219581
-0.0023531
-0.00250148
-0.00264031
-0.00276895
-0.0028868
-0.00299327
-0.00308784
-0.00317006
-0.00323953
-0.00329596
-0.00333907
-0.00336862
-0.00338441
-0.00338625
-0.003374
-0.0033476
-0.00330707
-0.00325252
-0.00318414
-0.00310217
-0.00300692
-0.00289868
-0.00277784
-0.00264479
-0.00250001
-0.00234404
-0.00217747
-0.00200097
-0.00181526
-0.00162111
-0.00141933
-0.00121074
-0.000996219
-0.000776627
-0.000552865
-0.000325849
-9.65262e-05
0.000134125
0.000365099
0.000595372
0.00082392
0.00104973
0.00127181
0.00148921
0.00170097
0.00190619
0.00210397
0.00229344
0.00247376
0.0026441
0.00280368
0.00295173
0.00308757
0.00321054
0.00332006
0.00341565
0.00349688
0.00356343
0.00361504
0.00365153
0.00367279
0.00367874
0.00366942
0.0036449
0.00360535
0.00355101
0.00348217
0.0033992
0.00330254
0.00319267
0.00307015
0.0029356
0.00278968
0.00263312
0.00246667
0.00229113
0.00210734
0.00191617
0.0017185
0.00151527
0.00130744
0.00109598
0.000881875
0.000666116
0.000449684
0.000233556
1.86996e-05
-0.000193929
-0.000403387
-0.000608748
-0.000809113
-0.00100361
-0.00119141
-0.00137172
-0.00154379
-0.00170692
-0.00186046
-0.00200379
-0.00213638
-0.00225771
-0.00236735
-0.00246492
-0.00255009
-0.0026226
-0.00268225
-0.00272891
-0.00276249
-0.00278299
-0.00279045
-0.00278496
-0.00276671
-0.0027359
-0.00269282
-0.00263779
-0.00257118
-0.00249342
-0.00240496
-0.00230635
-0.00219815
-0.00208096
-0.00195543
-0.00182223
-0.00168205
-0.00153561
-0.00138367
-0.00122698
-0.00106631
-0.000902457
-0.000736201
-0.000568333
-0.000399645
-0.00023092
-6.29306e-05
0.000103565
0.000267829
0.000429148
0.000586827
0.000740198
0.000888617
0.00103147
0.00116818
0.0012982
0.00142105
0.00153626
0.00164341
0.00174212
0.00183205
0.00191292
0.00198447
0.00204653
0.00209895
0.00214161
0.00217446
0.00219749
0.00221074
0.0022143
0.00220831
0.00219294
0.0021684
0.00213494
0.00209284
0.00204242
0.00198404
0.00191811
0.00184506
0.00176535
0.00167946
0.00158787
0.00149108
0.00138964
0.00128408
0.00117499
0.00106293
0.000948341
0.00083169
0.000713668
0.000594971
0.00047629
0.000358305
0.000241675
0.000127039
1.50098e-05
-9.38247e-05
-0.000198903
-0.000299697
-0.000395718
-0.000486522
-0.000571715
-0.00065095
-0.000723922
-0.000790378
-0.000850109
-0.000902965
-0.000948849
-0.00098772
-0.00101958
-0.00104448
-0.0010625
-0.00107376
-0.00107842
-0.0010767
-0.00106884
-0.00105515
-0.00103594
-0.00101154
-0.000982305
-0.000948603
-0.000910822
-0.000869368
-0.00082466
-0.000777121
-0.000727171
-0.000675223
-0.000621683
-0.000566952
-0.000511418
-0.000455456
-0.000399424
-0.000343657
-0.000288472
-0.000234162
-0.000181004
-0.000129252
-7.91396e-05
-3.0872e-05
1.53724e-05
5.94407e-05
0.000101202
0.000140546
0.000177383
0.000211644
0.000243288
0.000272296
0.000298674
0.000322445
0.000343642
0.00036231
0.000378504
0.000392293
0.000403757
0.000412991
0.000420096
0.00042518
0.000428352
0.000429722
0.000429402
0.000427504
0.000424144
0.000419433
0.000413483
0.000406399
0.000398285
0.000389241
0.000379364
0.000368747
0.000357479
0.000345643
0.000333316
0.000320569
0.000307469
0.00029408
0.000280266
0.000265926
0.000251072
0.00023574
0.00022007
0.000204201
0.000188216
0.000172294
0.000156555
0.000141108
0.000126055
0.000111447
9.74142e-05
8.40297e-05
7.13567e-05
5.94445e-05
4.83054e-05
3.79903e-05
2.85156e-05
1.98908e-05
1.21185e-05
5.19197e-06
-8.98034e-07
-6.17077e-06
-1.06517e-05
-1.43706e-05
-1.73434e-05
-1.96238e-05
-2.12476e-05
-2.22517e-05
-2.26726e-05
-2.25197e-05
-2.18586e-05
-2.0721e-05
-1.91367e-05
-1.71334e-05
-1.47168e-05
-1.19384e-05
-8.81849e-06
-5.37433e-06
-1.62112e-06
2.42362e-06
6.73792e-06
1.13083e-05
1.61216e-05
2.1164e-05
2.63826e-05
3.17854e-05
3.73527e-05
4.30601e-05
4.88783e-05
5.46996e-05
6.05441e-05
6.63662e-05
7.21138e-05
7.77275e-05
8.30505e-05
8.80906e-05
9.27699e-05
9.70047e-05
0.000100705
0.000103703
0.000105967
0.000107398
0.000107897
0.000107366
0.000105697
0.00010281
9.86156e-05
9.30306e-05
8.59776e-05
7.7487e-05
6.74111e-05
5.57092e-05
4.23561e-05
2.73418e-05
1.09138e-05
-7.13848e-06
-2.67743e-05
-4.79342e-05
-7.054e-05
-9.41024e-05
-0.000118889
-0.000144764
-0.000171566
-0.000199117
-0.000226702
-0.000254625
-0.000282669
-0.000310611
-0.000338439
-0.000365554
-0.000392383
-0.000418764
-0.000444529
-0.000469504
-0.000492944
-0.00051524
-0.000536215
-0.00055569
-0.000573485
-0.000588945
-0.000602381
-0.000613635
-0.000622556
-0.000629003
-0.000632537
-0.000633329
-0.000631256
-0.000626202
-0.000618069
-0.000606724
-0.000592162
-0.000574343
-0.00055324
-0.000528836
-0.00050137
-0.000470618
-0.000436616
-0.000399424
-0.000359128
-0.000316382
-0.000270763
-0.000222412
-0.000171491
-0.000118178
-6.34993e-05
-6.83977e-06
5.15685e-05
0.000111478
0.000172624
0.000233692
0.000295428
0.000357531
0.000419688
0.000481581
0.000541756
0.000601027
0.000659073
0.000715564
0.000770171
0.000821463
0.000870213
0.000916105
0.000958838
0.000998126
0.00103278
0.00106346
0.00108991
0.00111191
0.00112923
0.0011411
0.00114795
0.00114963
0.00114603
0.00113704
0.00112245
0.00110235
0.00107673
0.00104561
0.00100903
0.000967407
0.000920512
0.00086847
0.000811436
0.000749594
0.000683988
0.000614023
0.000539963
0.000462098
0.00038074
0.000297483
0.000211421
0.000122924
3.23834e-05
-5.97946e-05
-0.000151632
-0.00024427
-0.000337279
-0.000430224
-0.000522662
-0.000612457
-0.000700859
-0.000787429
-0.000871732
-0.000953341
-0.00103021
-0.00110356
-0.00117299
-0.00123812
-0.0012986
-0.00135272
-0.00140154
-0.00144478
-0.00148216
-0.00151346
-0.00153755
-0.00155517
-0.00156617
-0.00157042
-0.00156786
-0.00155808
-0.0015414
-0.00151785
-0.00148746
-0.00145031
-0.00140681
-0.00135681
-0.00130049
-0.00123805
-0.00116973
-0.00109668
-0.00101829
-0.000934865
-0.000846738
-0.00075428
-0.00065931
-0.000560812
-0.000459208
-0.000354931
-0.00024842
-0.000141913
-3.40663e-05
7.46634e-05
0.000183813
0.000292915
0.00039954
0.000505188
0.000609403
0.000711732
0.00081173
0.000907054
0.000999207
0.0010878
0.00117245
0.00125282
0.0013269
0.00139602
0.00145989
0.00151822
0.00157076
0.00161608
0.0016552
0.00168797
0.00171424
0.0017339
0.00174621
0.00175175
0.0017505
0.00174247
0.00172768
0.00170621
0.00167813
0.00164354
0.00160258
0.00155539
0.00150277
0.00144432
0.00138028
0.00131091
0.00123649
0.00115845
0.00107594
0.00098924
0.00089869
0.000804639
0.000709044
0.000610697
0.000509984
0.000407294
0.000303015
0.000199373
9.49193e-05
-9.95244e-06
-0.000114839
-0.000219328
-0.000321122
-0.000421706
-0.000520696
-0.000617717
-0.000712413
-0.000802686
-0.000889951
-0.000973873
-0.00105412
-0.00113038
-0.00120091
-0.00126686
-0.00132801
-0.00138412
-0.00143499
-0.00147945
-0.00151831
-0.00155141
-0.00157861
-0.0015998
-0.00161442
-0.00162289
-0.00162519
-0.00162132
-0.00161128
-0.0015952
-0.00157302
-0.00154481
-0.00151065
-0.00147066
-0.00142564
-0.00137513
-0.00131932
-0.00125841
-0.00119264
-0.00112334
-0.00104966
-0.000971889
-0.00089031
-0.00080524
-0.000718444
-0.000628827
-0.000536739
-0.000442539
-0.000346592
-0.000250886
-0.000154167
-5.68032e-05
4.08314e-05
0.000138356
0.000233743
0.000328252
0.0004215
0.000513116
0.000602738
0.00068852
0.000771629
0.000851742
0.00092854
0.00100171
0.00106975
0.00113358
0.00119297
0.00124769
0.00129754
0.0013415
0.00138025
0.00141363
0.0014415
0.00146377
0.00147998
0.00149046
0.00149518
0.00149415
0.00148741
0.00147513
0.00145727
0.00143391
0.00140518
0.00137124
0.00133281
0.00128951
0.00124156
0.0011892
0.00113267
0.00107318
0.00101009
0.000943697
0.000874313
0.000802256
0.000729045
0.000653827
0.000576952
0.000498774
0.000419654
0.000341255
0.000262611
0.000184058
0.000105923
2.85323e-05
-4.64997e-05
-0.000120147
-0.000192102
-0.000262069
-0.000329769
-0.000393804
-0.000455075
-0.000513361
-0.000568458
-0.000620174
-0.000667451
-0.000711018
-0.000750739
-0.000786499
-0.000818199
-0.000845205
-0.000868024
-0.000886628
-0.000901009
-0.000911181
-0.000916969
-0.00091862
-0.000916195
-0.000909767
-0.000899435
-0.000885458
-0.000867837
-0.00084673
-0.00082231
-0.000794757
-0.000764693
-0.000731862
-0.000696452
-0.000658663
-0.000618706
-0.000577469
-0.000534521
-0.000490095
-0.000444422
-0.000397722
-0.000351007
-0.000303689
-0.000255976
-0.000208078
-0.000160207
-0.000113405
-6.70351e-05
-2.12818e-05
2.36812e-05
6.76925e-05
0.000109812
0.000150691
0.000190203
0.000228232
0.000264667
0.000298732
0.000331005
0.000361399
0.000389838
0.000416266
0.000440132
0.000461935
0.000481673
0.000499343
0.000514943
0.000528134
0.000539256
0.000548325
0.000555379
0.000560472
0.000563513
0.000564723
0.000564163
0.000561895
0.000557984
0.000552509
0.000545542
0.000537167
0.000527468
0.000516526
0.000504564
0.000491526
0.000477503
0.000462588
0.000446869
0.00043067
0.000413816
0.000396371
0.000378404
0.000359993
0.000341535
0.000322802
0.000303866
0.000284783
0.000265593
0.000246686
0.000227746
0.000208818
0.000189958
0.000171217
0.000153021
0.000135024
0.000117254
9.97374e-05
8.25056e-05
6.59788e-05
4.97902e-05
3.39546e-05
1.84797e-05
3.37208e-06
-1.09656e-05
-2.49025e-05
-3.84073e-05
-5.14288e-05
-6.39287e-05
-7.55042e-05
-8.65095e-05
-9.69188e-05
-0.0001067
-0.000115815
-0.000123894
-0.000131257
-0.000137893
-0.000143798
-0.000148965
-0.000153101
-0.000156474
-0.000159067
-0.000160872
-0.00016189
-0.00016193
-0.000161202
-0.000159712
-0.000157466
-0.000154476
-0.000150671
-0.000146173
-0.000141014
-0.000135225
-0.000128832
-0.000121884
-0.000114388
-0.000106388
-9.79377e-05
-8.90973e-05
-8.00555e-05
-7.0737e-05
-6.11953e-05
-5.14836e-05
-4.16591e-05
-3.19938e-05
-2.23329e-05
-1.27431e-05
-3.28827e-06
5.97072e-06
1.47196e-05
2.31721e-05
3.12706e-05
3.89596e-05
4.61898e-05
5.26595e-05
5.86137e-05
6.40213e-05
6.88532e-05
7.30827e-05
7.6461e-05
7.92198e-05
8.13513e-05
8.28556e-05
8.37396e-05
8.38481e-05
8.33841e-05
8.23685e-05
8.0828e-05
7.8795e-05
7.62072e-05
7.32223e-05
6.98855e-05
6.62445e-05
6.23487e-05
5.82056e-05
5.3919e-05
4.95415e-05
4.51251e-05
4.07205e-05
3.637e-05
3.21286e-05
2.80403e-05
2.41452e-05
2.04796e-05
1.70816e-05
1.39675e-05
1.1158e-05
8.66784e-06
6.50582e-06
4.67991e-06
3.17784e-06
1.99049e-06
1.10273e-06
4.93816e-07
1.37971e-07
3.32855e-09
0
0
0
0
0
0
0
0
0
0
0
0
0
0
0
0
0
0
0
0
0
0
0
0
0
0
0
0
0
0
0
0
0
0
0
0
0
0
0
0
0
0
0
0
0
0
0
0
0
0
0
0
0
0
0
0
0
0
0
0
0
0
0
0
0
0
0
0
0
0
0
0
0
0
0
0
0
0
0
0
0
0
0
0
0
0
0
0
0
0
0
0
0
0
0
0
0
0
0
0
0
0
0
0
0
0
0
0
0
0
0
0
0
0
0
0
0
0
0
0
0
0
0
0
0
0
0
0
0
0
0
0
0
0
0
0
0
0
0
0
0
0
0
0
0
0
0
0
0
0
0
0
0
0
0
0
0
0
0
0
0
0
0
0
0
0
0
0
0
0
0
0
0
0
0
0
0
0
0
0
0
0
0
0
0
0
0
0
0
0
0
0
0
0
0
0
0
0
0
0
0
0
0
0
0
0
0
0
0
0
0
0
0
0
0
0
0
0
0
0
0
0
0
0
0
0
0
0
0
0
0
0
0
0
0
0
0
0
0
0
0
0
0
0
0
0
0
0
0
0
0
0
0
0
0
0
0
0
0
0
0
0
0
0
0
0
0
0
0
0
0
0
0
0
0
0
0
0
0
0
0
0
0
0
0
0
0
0
0
0
0
0
0
0
0
0
0
0
0
0
0
0
0
0
0
0
0
0
0
0
0
0
0
0
0
0
0
0
0
0
0
0
