0
0
0
0
0
0
0
0
0
0
0
0
0
0
0
0
0
0
0
0
0
0
0
0
0
0
0
0
0
0
0
0
0
0
0
0
0
0
0
0
0
0
0
0
0
-0
-0
-0
-0
-0
-0
-0
-0
-0
-0
-0
-0
-0
-0
-0
-0
-0
-0
-0
-0
-0
-0
-0
-0
-0
-0
-0
-0
-0
-0
-0
-0
-0
-0
-0
-0
-0
-0
-0
-0
-0
-0
-0
-0
-0
-0
-0
-0
-0
-0
0
0
0
0
0
0
0
0
0
0
0
0
0
0
0
0
0
0
0
0
0
0
0
0
0
0
0
0
0
0
0
0
0
0
0
0
0
0
0
0
0
0
0
0
0
0
0
0
0
0
0
0
0
0
0
0
-0
-0
-0
-0
-0
-0
-0
-0
-0
-0
-0
-0
-0
-0
-0
-0
-0
-0
-0
-0
-0
-0
-0
-0
-0
-0
-0
-0
-0
-0
-0
-0
-0
-0
-0
-0
-0
-0
-0
-0
-0
-0
-0
-0
-0
-0
-0
-0
-0
-0
-0
-0
-0
-0
-0
-0
-0
0
0
0
0
0
0
0
0
0
0
0
0
0
0
0
0
0
0
0
0
0
0
0
0
0
0
0
0
2.1786e-06
8.93019e-06
2.01464e-05
3.56037e-05
5.49648e-05
7.77796e-05
0.000103488
0.000131424
0.000160821
0.00019082
0.000220481
0.000248785
0.000274656
0.000296967
0.000314555
0.000326236
0.000330823
0.000327136
0.000314024
0.000290379
0.000255151
0.000207367
0.000146146
7.07137e-05
-1.95836e-05
-0.000125263
-0.000246695
-0.00038409
-0.000537492
-0.000706768
-0.000891602
-0.00109149
-0.00130575
-0.0015335
-0.00177367
-0.00202501
-0.00228609
-0.00255532
-0.00283093
-0.00311101
-0.0033935
-0.00367624
-0.00395692
-0.00423317
-0.00450255
-0.00476253
-0.00501057
-0.00524413
-0.00546066
-0.00565765
-0.00583266
-0.00598332
-0.00610739
-0.00620273
-0.00626739
-0.00629958
-0.00629771
-0.0062604
-0.00618653
-0.0060752
-0.00592579
-0.00573794
-0.0055116
-0.00524697
-0.00494456
-0.00460519
-0.00422993
-0.00382019
-0.00337761
-0.00290416
-0.00240203
-0.00187371
-0.00132189
-0.000749514
-0.000159715
0.000444183
0.00105869
0.0016802
0.00230497
0.0029292
0.00354903
0.00416058
0.00475998
0.00534343
0.00590718
0.0064476
0.00696119
0.00744464
0.0078948
0.0083088
0.00868697
0.00902966
0.00933526
0.00960233
0.00982958
0.0100159
0.0101603
0.010262
0.0103205
0.0103352
0.010306
0.0102328
0.0101157
0.00995502
0.00975126
0.00950509
0.00921739
0.00888917
0.00852167
0.00811625
0.00767448
0.00719807
0.00668887
0.00614891
0.00558032
0.00498541
0.00436656
0.0037263
0.00306724
0.0023921
0.00170365
0.00100476
0.000298346
-0.000412642
-0.00112521
-0.00183635
-0.00254305
-0.0032423
-0.0039311
-0.00460648
-0.00526553
-0.00590537
-0.00652318
-0.00711624
-0.00768188
-0.00821755
-0.00872078
-0.00918924
-0.0096207
-0.0100131
-0.0103644
-0.010673
-0.0109371
-0.0111553
-0.0113265
-0.0114494
-0.0115233
-0.0115476
-0.0115217
-0.0114456
-0.0113192
-0.0111428
-0.010917
-0.0106425
-0.0103203
-0.00995146
-0.00953755
-0.00908018
-0.0085812
-0.00804266
-0.00746682
-0.0068561
-0.00621311
-0.00554062
-0.00484154
-0.00411894
-0.00337601
-0.00261604
-0.00184243
-0.00105867
-0.000268308
0.000525038
0.00131772
0.00210609
0.00288645
0.00365517
0.00440863
0.00514324
0.00585552
0.00654204
0.00719949
0.00782466
0.00841448
0.00896601
0.0094765
0.00994334
0.0103641
0.0107366
0.0110588
0.0113289
0.0115455
0.0117071
0.0118127
0.0118616
0.0118532
0.0117874
0.0116642
0.0114839
0.0112472
0.010955
0.0106084
0.0102091
0.00975861
0.00925899
0.00871245
0.00812141
0.00748853
0.00681662
0.00610872
0.005368
0.00459779
0.00380158
0.00298297
0.00214569
0.00129356
0.000430506
-0.000439458
-0.00131227
-0.00218379
-0.00304988
-0.00390637
-0.00474908
-0.00557389
-0.00637672
-0.00715356
-0.00790051
-0.00861379
-0.00928977
-0.009925
-0.0105162
-0.0110603
-0.0115545
-0.0119963
-0.0123831
-0.012713
-0.0129841
-0.0131948
-0.0133439
-0.0134302
-0.0134532
-0.0134122
-0.0133071
-0.013138
-0.0129052
-0.0126094
-0.0122517
-0.0118331
-0.0113553
-0.0108201
-0.0102297
-0.00958637
-0.0088929
-0.00815223
-0.00736758
-0.00654243
-0.00568046
-0.00478557
-0.00386185
-0.00291356
-0.0019451
-0.000960973
3.41878e-05
0.00103569
0.0020388
0.00303872
0.00403069
0.00500993
0.00597171
0.00691136
0.00782429
0.00870601
0.00955218
0.0103586
0.0111212
0.0118361
0.0124998
0.0131088
0.01366
0.0141505
0.0145777
0.0149394
0.0152336
0.0154587
0.0156132
0.0156962
0.015707
0.0156454
0.0155112
0.0153048
0.0150268
0.0146784
0.0142607
0.0137753
0.0132244
0.0126101
0.0119349
0.0112019
0.0104142
0.00957533
0.00868896
0.00775919
0.00679028
0.00578676
0.00475335
0.00369498
0.00261673
0.00152382
0.000421572
-0.000684618
-0.00178931
-0.00288705
-0.00397242
-0.00504007
-0.00608471
-0.0071012
-0.00808455
-0.00902996
-0.00993284
-0.0107888
-0.0115939
-0.0123441
-0.0130361
-0.0136666
-0.0142329
-0.0147323
-0.0151629
-0.0155228
-0.0158106
-0.0160254
-0.0161664
-0.0162335
-0.0162267
-0.0161465
-0.0159938
-0.0157698
-0.015476
-0.0151143
-0.014687
-0.0141966
-0.0136458
-0.0130379
-0.0123762
-0.0116643
-0.010906
-0.0101055
-0.00926683
-0.00839446
-0.00749287
-0.00656668
-0.00562058
-0.0046593
-0.00368764
-0.00271037
-0.00173227
-0.000758048
0.000207618
0.00116016
0.0020951
0.00300811
0.003895
0.00475175
0.00557455
0.00635979
0.00710407
0.00780427
0.00845751
0.00906118
0.00961297
0.0101109
0.0105531
0.0109384
0.0112655
0.0115338
0.0117427
0.0118921
0.0119822
0.0120133
0.0119864
0.0119023
0.0117624
0.0115683
0.0113218
0.0110249
0.0106798
0.0102892
0.00985551
0.00938176
0.00887089
0.00832607
0.00775056
0.00714774
0.0065211
0.00587415
0.00521049
0.00453371
0.00384744
0.00315528
0.00246078
0.00176746
0.00107875
0.000398018
-0.000271512
-0.000926714
-0.00156461
-0.00218235
-0.00277728
-0.0033469
-0.00388888
-0.00440109
-0.00488161
-0.0053287
-0.00574085
-0.00611674
-0.00645529
-0.00675562
-0.00701706
-0.00723917
-0.00742172
-0.00756468
-0.00766824
-0.0077328
-0.00775892
-0.00774738
-0.00769913
-0.00761528
-0.00749711
-0.00734605
-0.00716365
-0.00695161
-0.00671172
-0.00644587
-0.00615605
-0.00584432
-0.00551278
-0.0051636
-0.00479896
-0.00442107
-0.00403217
-0.00363445
-0.00323014
-0.0028214
-0.00241038
-0.00199917
-0.00158983
-0.00118434
-0.000784611
-0.000392484
-9.70955e-06
0.000362053
0.000721244
0.00106641
0.0013962
0.0017094
0.00200489
0.00228169
0.00253895
0.00277592
0.00299202
0.00318676
0.0033598
0.0035109
0.00363995
0.00374695
0.00383201
0.00389536
0.00393728
0.0039582
0.00395859
0.00393902
0.00390014
0.00384266
0.00376735
0.00367505
0.00356665
0.00344309
0.00330536
0.00315448
0.00299152
0.00281755
0.00263369
0.00244106
0.00224079
0.00203401
0.00182185
0.00160542
0.00138582
0.00116412
0.000941359
0.000718546
0.00049665
0.000276601
5.92853e-05
-0.000154453
-0.000363816
-0.000568049
-0.000766444
-0.000958337
-0.00114311
-0.00132018
-0.00148902
-0.00164915
-0.00180012
-0.00194152
-0.00207302
-0.00219429
-0.00230509
-0.0024052
-0.00249444
-0.00257271
-0.00263993
-0.00269608
-0.00274115
-0.00277523
-0.00279839
-0.00281077
-0.00281254
-0.00280389
-0.00278503
-0.00275622
-0.00271772
-0.0026698
-0.00261277
-0.00254695
-0.00247267
-0.00239026
-0.0023001
-0.00220254
-0.00209798
-0.00198682
-0.00186947
-0.00174635
-0.00161791
-0.00148461
-0.0013469
-0.00120527
-0.0010602
-0.00091217
-0.000761691
-0.000609261
-0.000455383
-0.000300563
-0.000145307
9.88128e-06
0.000164497
0.000318037
0.000470001
0.00061989
0.000767207
0.000911457
0.00105215
0.00118879
0.00132089
0.00144798
0.00156957
0.0016852
0.00179442
0.00189677
0.00199181
0.00207914
0.00215835
0.00222905
0.0022909
0.00234355
0.00238669
0.00242006
0.00244339
0.00245648
0.00245915
0.00245125
0.0024327
0.00240342
0.00236342
0.00231271
0.0022514
0.00217959
0.00209749
0.00200531
0.00190335
0.00179191
0.00167139
0.00154221
0.00140482
0.00125975
0.00110754
0.000948781
0.000784091
0.000614128
0.000439578
0.000261157
7.96054e-05
-0.000104312
-0.000289809
-0.000476092
-0.000662513
-0.000848442
-0.00103321
-0.00121615
-0.00139656
-0.00157376
-0.00174702
-0.00191564
-0.0020789
-0.00223607
-0.00238643
-0.00252926
-0.00266386
-0.00278951
-0.00290552
-0.00301122
-0.00310596
-0.0031891
-0.00326003
-0.00331817
-0.00336301
-0.00339402
-0.00341076
-0.00341284
-0.00339989
-0.00337163
-0.00332783
-0.00326834
-0.00319307
-0.003102
-0.00299519
-0.0028728
-0.00273503
-0.0025822
-0.0024147
-0.00223298
-0.00203762
-0.00182923
-0.00160854
-0.00137634
-0.00113352
-0.000881033
-0.000619909
-0.000351257
-7.62564e-05
0.000203848
0.000487749
0.000774081
0.00106143
0.00134833
0.00163331
0.00191483
0.00219123
0.00246011
0.00271949
0.00296758
0.00320264
0.00342302
0.00362717
0.00381364
0.00398114
0.00412847
0.00425461
0.00435867
0.00443994
0.00449786
0.00453204
0.00454226
0.00452847
0.0044908
0.00442954
0.00434516
0.0042383
0.00410974
0.00396046
0.00379155
0.00360426
0.00339997
0.00318019
0.00294654
0.00270072
0.00244451
0.00217977
0.00190838
0.00163227
0.00135336
0.00107357
0.000794798
0.000518895
0.000247662
-1.721e-05
-0.000274288
-0.000522258
-0.000759902
-0.000986112
-0.00119989
-0.00140035
-0.00158673
-0.00175837
-0.00191476
-0.00205547
-0.00218021
-0.00228882
-0.00238122
-0.00245747
-0.00251772
-0.00256223
-0.00259137
-0.00260557
-0.00260537
-0.00259138
-0.00256424
-0.00252469
-0.00247351
-0.00241149
-0.00233948
-0.00225829
-0.00216879
-0.00207184
-0.00196827
-0.0018589
-0.00174452
-0.00162589
-0.00150374
-0.00137878
-0.00125165
-0.00112294
-0.000993216
-0.000863008
-0.000732781
-0.000602963
-0.000473933
-0.000346044
-0.000219604
-9.48872e-05
2.7862e-05
0.000148424
0.000266606
0.000382228
0.000495126
0.000605139
0.000712101
0.000815689
0.000914914
0.00100922
0.00109815
0.00118123
0.00125808
0.0013283
0.00139157
0.00144755
0.00149593
0.00153652
0.00156912
0.00159357
0.00160976
0.00161754
0.00161696
0.00160803
0.00159081
0.00156538
0.0015318
0.00149033
0.00144119
0.0013846
0.00132086
0.00125019
0.00117301
0.0010897
0.00100066
0.000906297
0.000807001
0.00070331
0.000595717
0.000484736
0.000370894
0.000254696
0.000136737
1.75827e-05
-0.000102197
-0.000222028
-0.000341323
-0.00045953
-0.000576086
-0.000690444
-0.000802066
-0.000910342
-0.00101486
-0.00111514
-0.00121073
-0.00130118
-0.00138592
-0.00146474
-0.00153729
-0.00160324
-0.0016623
-0.00171394
-0.00175819
-0.00179487
-0.00182382
-0.00184491
-0.0018577
-0.00186251
-0.0018593
-0.00184812
-0.00182902
-0.00180171
-0.00176672
-0.00172421
-0.00167439
-0.00161748
-0.00155335
-0.00148268
-0.00140578
-0.00132298
-0.00123463
-0.00114079
-0.00104217
-0.000939183
-0.000832242
-0.00072179
-0.000608113
-0.000491838
-0.000373434
-0.000253381
-0.000132158
-1.03188e-05
0.000111719
0.000233473
0.000354464
0.000474224
0.000591934
0.000707505
0.000820501
0.000930504
0.00103711
0.00113925
0.00123725
0.00133075
0.00141942
0.00150296
0.00158007
0.00165148
0.00171694
0.0017762
0.00182906
0.00187408
0.00191231
0.00194361
0.00196785
0.00198491
0.00199334
0.00199442
0.00198813
0.00197441
0.00195328
0.00192344
0.00188623
0.0018417
0.00178991
0.00173094
0.00166389
0.00158987
0.00150902
0.00142147
0.0013274
0.00122644
0.00111932
0.00100621
0.000887353
0.000762978
0.000633551
0.00049914
0.000360039
0.000216564
6.90487e-05
-8.10884e-05
-0.000234542
-0.000390924
-0.000549827
-0.000710831
-0.000871537
-0.00103346
-0.00119613
-0.00135907
-0.0015218
-0.00168104
-0.00183904
-0.00199527
-0.0021492
-0.00230025
-0.00244453
-0.0025848
-0.00272046
-0.00285091
-0.00297554
-0.00309019
-0.00319778
-0.0032977
-0.00338933
-0.00347204
-0.00354197
-0.0036018
-0.00365094
-0.00368886
-0.003715
-0.00372639
-0.00372502
-0.00371045
-0.00368228
-0.00364014
-0.0035825
-0.00351029
-0.00342328
-0.00332129
-0.0032042
-0.00307246
-0.00292558
-0.00276363
-0.00258678
-0.00239522
-0.00219165
-0.00197404
-0.00174286
-0.00149861
-0.00124192
-0.000977708
-0.000702488
-0.000417099
-0.000122454
0.000180458
0.000484796
0.000795229
0.00111058
0.0014296
0.00175099
0.00206664
0.00238192
0.00269541
0.00300565
0.00331114
0.00360342
0.00388793
0.00416316
0.00442758
0.0046797
0.00491179
0.00512863
0.00532882
0.00551099
0.00567382
0.00581146
0.00592733
0.00602033
0.00608944
0.00613375
0.00615026
0.00614043
0.00610364
0.00603943
0.00594743
0.00582822
0.00568089
0.00550549
0.0053022
0.00507135
0.00481736
0.00453688
0.00423067
0.00389963
0.00354481
0.00317425
0.00278239
0.00237068
0.00194069
0.0014941
0.00104184
0.000576674
0.000100603
-0.000384298
-0.000875865
-0.00136151
-0.00184933
-0.00233702
-0.00282223
-0.00330258
-0.00376533
-0.00421848
-0.0046597
-0.00508667
-0.0054971
-0.00587974
-0.00624147
-0.00658025
-0.00689411
-0.00718116
-0.00743313
-0.00765492
-0.00784504
-0.00800215
-0.00812506
-0.0082097
-0.00825825
-0.00827005
-0.00824458
-0.00818155
-0.00808177
-0.00794436
-0.00776956
-0.00755783
-0.00730979
-0.00703125
-0.00671821
-0.00637186
-0.00599355
-0.00558481
-0.00515581
-0.00469989
-0.00421901
-0.0037153
-0.00319099
-0.00265949
-0.00211221
-0.00155166
-0.000980478
-0.000401342
0.000170726
0.000745261
0.0013195
0.00189067
0.00245601
0.00300072
0.00353417
0.00405374
0.00455688
0.00504111
0.00549373
0.0059228
0.0063262
0.00670192
0.00704809
0.00735564
0.00763038
0.00787094
0.00807609
0.00824482
0.00837279
0.00846283
0.0085145
0.00852751
0.00850181
0.00843828
0.00833646
0.00819684
0.00802013
0.00780718
0.00756393
0.00728669
0.00697683
0.00663586
0.00626546
0.0058758
0.00546045
0.00502143
0.00456091
0.00408114
0.00359525
0.00309485
0.0025824
0.00206039
0.00153139
0.00100985
0.000486444
-3.62951e-05
-0.000555834
-0.00106967
-0.00156378
-0.00204737
-0.00251813
-0.00297386
-0.0034124
-0.00382185
-0.0042102
-0.00457566
-0.00491659
-0.00523145
-0.00551176
-0.00576339
-0.00598527
-0.00617647
-0.00633624
-0.00646037
-0.00655202
-0.00661091
-0.00663693
-0.00663013
-0.00659097
-0.00651956
-0.00641641
-0.00628217
-0.00611767
-0.00592772
-0.00570949
-0.00546412
-0.00519291
-0.00489725
-0.00458564
-0.00425265
-0.00389993
-0.00352922
-0.00314233
-0.00275032
-0.00234593
-0.00193109
-0.00150782
-0.00107813
-0.000654308
-0.000228137
0.000198373
0.000623221
0.00104443
0.00144996
0.00184806
0.00223691
0.00261478
0.00297998
0.0033221
0.00364846
0.00395768
0.00424843
0.0045195
0.00476313
0.00498495
0.00518405
0.00535962
0.00551099
0.00563382
0.00573139
0.00580338
0.00584957
0.00586984
0.00586366
0.00583172
0.0057743
0.00569178
0.00558465
0.00545607
0.00530421
0.00512989
0.004934
0.00471757
0.00448696
0.00423805
0.00397207
0.0036903
0.00339411
0.00309224
0.00277878
0.0024552
0.00212301
0.00178373
0.00144745
0.00110717
0.000764433
0.000420788
7.77683e-05
-0.00025435
-0.000582847
-0.000906281
-0.00122324
-0.00153236
-0.00182428
-0.00210579
-0.00237571
-0.00263292
-0.00287637
-0.00309859
-0.0033052
-0.00349537
-0.00366839
-0.00382361
-0.00395621
-0.00407001
-0.00416464
-0.00423982
-0.00429536
-0.00432945
-0.00434379
-0.00433844
-0.00431357
-0.00426942
-0.00420727
-0.00412657
-0.00402779
-0.00391148
-0.00377827
-0.00363229
-0.00347084
-0.00329473
-0.00310481
-0.00290199
-0.00269272
-0.00247248
-0.00224227
-0.00200314
-0.00175615
-0.00150927
-0.00125669
-0.000999491
-0.000738761
-0.000475597
-0.000218637
3.85979e-05
0.000295052
0.00054968
0.000801446
0.00104194
0.00127759
0.00150746
0.00173062
0.00194619
0.00214684
0.00233827
0.00251974
0.00269056
0.00285009
0.00299277
0.00312304
0.00324045
0.00334458
0.0034351
0.00350873
0.00356823
0.00361345
0.00364428
0.0036607
0.00366193
0.00364884
0.00362157
0.00358031
0.00352532
0.00345834
0.00337829
0.0032856
0.00318072
0.00306336
0.00293658
0.00279782
0.00264798
0.00248807
0.00231913
0.00214719
0.00196841
0.00178395
0.00159498
0.00140268
0.00121399
0.00102425
0.000834615
0.000646206
0.000460127
0.000283286
0.000110718
-5.66308e-05
-0.000217872
-0.000372177
-0.000513519
-0.000646651
-0.000770988
-0.000886027
-0.000991348
-0.00108242
-0.00116334
-0.00123398
-0.00129425
-0.00134417
-0.00138097
-0.00140782
-0.00142493
-0.00143264
-0.0014313
-0.00141985
-0.00140034
-0.00137329
-0.00133926
-0.00129885
-0.00125239
-0.00120084
-0.00114486
-0.00108513
-0.00102232
-0.000957659
-0.0008912
-0.000823587
-0.00075544
-0.000687355
-0.000620937
-0.000555578
-0.000491766
-0.000429951
-0.000370538
-0.00031506
-0.000262531
-0.000213219
-0.000167345
-0.000125084
-8.76013e-05
-5.3803e-05
-2.37283e-05
2.62559e-06
2.5302e-05
4.36202e-05
5.85875e-05
7.03508e-05
7.90866e-05
8.49974e-05
8.78493e-05
8.84437e-05
8.7034e-05
8.3884e-05
7.92651e-05
7.3239e-05
6.63552e-05
5.88777e-05
5.10626e-05
4.31559e-05
3.5327e-05
2.78852e-05
2.10226e-05
1.49112e-05
9.70034e-06
5.51003e-06
2.45325e-06
6.01502e-07
0
0
0
0
0
0
0
0
0
0
0
0
0
0
0
0
0
0
0
0
0
0
0
0
0
0
0
0
0
0
0
0
0
0
0
-0
-0
-0
-0
-0
-0
-0
-0
-0
-0
-0
-0
-0
-0
-0
-0
-0
-0
-0
-0
-0
-0
-0
-0
-0
-0
-0
-0
-0
-0
-0
-0
-0
-0
-0
-0
-0
-0
-0
-0
-0
-0
-0
0
0
0
0
0
0
0
0
0
0
0
0
0
0
0
0
0
0
0
0
0
0
0
0
0
0
0
0
0
0
0
0
0
0
0
0
0
0
0
0
0
0
0
0
0
0
0
0
0
0
0
0
0
0
0
0
0
0
0
0
0
0
0
-0
-0
-0
-0
-0
-0
-0
-0
-0
-0
-0
-0
-0
-0
-0
-0
-0
-0
-0
-0
-0
-0
-0
-0
-0
-0
-0
-0
-0
-0
-0
-0
-0
-0
-0
-0
-0
-0
-0
-0
-0
-0
-0
0
0
0
0
0
0
0
0
0
0
0
0
0
0
0
0
0
0
0
0
0
0
0
0
0
0
0
0
0
0
0
0
0
0
0
0
0
0
0
0
0
0
0
0
0
0
0
0
0
0
0
0
