0
0
0
0
0
0
0
0
0
0
0
0
0
0
0
0
0
0
0
0
0
0
0
0
0
0
0
0
0
0
0
0
0
0
0
0
0
0
0
0
0
0
0
0
0
0
0
0
0
0
0
0
0
0
0
0
0
0
0
0
0
0
0
0
0
0
0
0
0
0
0
0
0
0
0
0
0
0
0
0
0
0
0
0
0
0
0
0
0
0
0
0
0
0
0
0
0
0
0
0
0
0
0
0
0
0
0
0
0
0
0
0
0
0
0
0
0
0
0
0
0
0
0
0
0
0
0
0
0
0
0
0
0
0
0
0
0
0
0
0
0
0
0
0
0
0
0
0
0
0
0
0
0
0
0
0
0
0
0
0
0
0
0
0
0
0
0
0
0
0
0
0
0
0
0
0
0
0
0
0
0
0
0
0
0
0
0
0
0
0
0
0
0
0
0
0
0
0
0
0
0
-1.79414e-05
-5.46675e-05
-7.69668e-05
-5.22505e-05
5.08799e-05
0.000262173
0.000609303
0.00111749
0.00180915
0.00270361
0.00381686
0.00516132
0.00674567
0.00857462
0.0106487
0.0129644
0.0155135
0.0182843
0.0212608
0.0244238
0.0277506
0.0312159
0.0347912
0.0384455
0.0421453
0.045855
0.0495373
0.0531539
0.0566661
0.0600352
0.0632227
0.066191
0.0689034
0.0713241
0.0734181
0.075152
0.0764931
0.0774109
0.0778771
0.0778669
0.0773601
0.0763413
0.0748005
0.0727323
0.0701349
0.0670097
0.0633604
0.0591938
0.0545203
0.049355
0.0437179
0.0376341
0.031132
0.0242428
0.0169998
0.00943809
0.00159549
-0.00648701
-0.0147648
-0.0231904
-0.0317142
-0.0402863
-0.0488572
-0.0573783
-0.0658019
-0.0740806
-0.0821675
-0.090016
-0.0975805
-0.104817
-0.111682
-0.118138
-0.124146
-0.129673
-0.134688
-0.139168
-0.143091
-0.14644
-0.149202
-0.151366
-0.152924
-0.153868
-0.154197
-0.153911
-0.15302
-0.15154
-0.149489
-0.146893
-0.143775
-0.140159
-0.136112
-0.131691
-0.126915
-0.121807
-0.116397
-0.110721
-0.104811
-0.0986987
-0.0924076
-0.0859561
-0.0793604
-0.0726383
-0.0658136
-0.0589164
-0.0519813
-0.0450423
-0.038129
-0.0312641
-0.0244639
-0.0177414
-0.0111104
-0.0045883
0.00180364
0.0080426
0.0141078
0.0199836
0.025661
0.0311364
0.0364086
0.0414751
0.0463303
0.0509649
0.0553679
0.0595289
0.0634417
0.0671047
0.0705209
0.0736959
0.0766351
0.0793425
0.0818198
0.0840675
0.0860865
0.0878793
0.0894505
0.0908061
0.0919518
0.0928923
0.0936299
0.0941655
0.0944994
0.0946323
0.0945658
0.0943021
0.0938434
0.0931905
0.092343
0.0912988
0.090055
0.0886082
0.0869542
0.0850881
0.0830033
0.080691
0.0781413
0.075344
0.0722894
0.0689701
0.0653803
0.0615156
0.0573719
0.0529446
0.0482291
0.0432213
0.0379183
0.0323198
0.0264274
0.0202444
0.0137751
0.00702375
-4.57117e-06
-0.00730353
-0.0148643
-0.0226745
-0.0307183
-0.0389763
-0.0474261
-0.0560436
-0.0648027
-0.0736756
-0.0826325
-0.0916416
-0.100668
-0.109674
-0.118621
-0.127467
-0.136168
-0.144684
-0.152972
-0.16099
-0.168694
-0.176041
-0.182983
-0.18947
-0.195452
-0.200881
-0.20571
-0.209898
-0.213408
-0.216206
-0.218261
-0.219543
-0.220026
-0.219686
-0.218499
-0.216446
-0.213514
-0.209692
-0.204973
-0.199359
-0.192857
-0.185478
-0.177239
-0.16816
-0.158266
-0.147585
-0.13615
-0.124003
-0.111192
-0.0977711
-0.0838007
-0.0693449
-0.0544713
-0.0392507
-0.0237569
-0.00806703
0.00773918
0.0235796
0.03937
0.0550249
0.0704567
0.085577
0.100297
0.114531
0.128194
0.141208
0.153497
0.164992
0.175623
0.185326
0.194037
0.201696
0.208249
0.213645
0.217839
0.220793
0.222472
0.22285
0.221911
0.219645
0.216054
0.211149
0.204948
0.197478
0.188772
0.178873
0.16783
0.1557
0.142546
0.128439
0.113456
0.0976785
0.0811983
0.0641121
0.0465232
0.0285391
0.0102703
-0.00817169
-0.026674
-0.0451229
-0.063404
-0.081402
-0.0990024
-0.116093
-0.132563
-0.148306
-0.163221
-0.177208
-0.190174
-0.202032
-0.212703
-0.222118
-0.230214
-0.236938
-0.242246
-0.246103
-0.248481
-0.249361
-0.248736
-0.246606
-0.242982
-0.237885
-0.231346
-0.223405
-0.214114
-0.203531
-0.191724
-0.178769
-0.164746
-0.149747
-0.133868
-0.117213
-0.0998943
-0.0820262
-0.0637276
-0.0451193
-0.0263241
-0.00746697
0.0113258
0.0299275
0.0482128
0.0660593
0.0833482
0.0999645
0.115797
0.130736
0.144677
0.157521
0.169174
0.179553
0.188583
0.196197
0.202339
0.206959
0.210017
0.211485
0.211342
0.209579
0.206197
0.201206
0.194626
0.186488
0.176832
0.165712
0.153187
0.139327
0.124208
0.107915
0.0905385
0.0721775
0.0529378
0.0329312
0.0122741
-0.00891356
-0.0305093
-0.052388
-0.0744221
-0.0964819
-0.118437
-0.140159
-0.161521
-0.182399
-0.202674
-0.222231
-0.240955
-0.258741
-0.275486
-0.291092
-0.30547
-0.318536
-0.330216
-0.34044
-0.349148
-0.35629
-0.361823
-0.365713
-0.367937
-0.36848
-0.367336
-0.364512
-0.360022
-0.353896
-0.346172
-0.336896
-0.326123
-0.313918
-0.300349
-0.285494
-0.26944
-0.252278
-0.234105
-0.215023
-0.195138
-0.174558
-0.153396
-0.131764
-0.109781
-0.0875632
-0.0652263
-0.0428861
-0.0206567
0.00134923
0.0230208
0.0442497
0.0649319
0.0849677
0.104263
0.122729
0.140282
0.156844
0.172342
0.186711
0.199893
0.211838
0.222503
0.231852
0.239856
0.246493
0.251747
0.255611
0.258085
0.259177
0.258902
0.257281
0.254343
0.250123
0.244662
0.238008
0.230214
0.221337
0.211436
0.200578
0.188829
0.176263
0.162955
0.148981
0.13442
0.119351
0.103854
0.0880115
0.0719046
0.055615
0.0392231
0.0228069
0.0064423
-0.00979667
-0.0258371
-0.0416076
-0.0570388
-0.0720648
-0.0866244
-0.100661
-0.114124
-0.126965
-0.139141
-0.150608
-0.161332
-0.17128
-0.180424
-0.188744
-0.196221
-0.202843
-0.2086
-0.213486
-0.217498
-0.22064
-0.222917
-0.224342
-0.224929
-0.224694
-0.223659
-0.221848
-0.219288
-0.216009
-0.212045
-0.207429
-0.202196
-0.196384
-0.190028
-0.18317
-0.175848
-0.168105
-0.159983
-0.151526
-0.142776
-0.133775
-0.124567
-0.115193
-0.105693
-0.096109
-0.0864798
-0.0768454
-0.0672446
-0.057715
-0.0482923
-0.0390094
-0.0298973
-0.0209846
-0.012299
-0.00386725
0.00428441
0.0121312
0.0196502
0.0268213
0.033627
0.0400518
0.046082
0.0517049
0.0569089
0.061684
0.0660225
0.0699195
0.0733726
0.0763814
0.0789468
0.0810704
0.0827542
0.0840012
0.0848158
0.0852045
0.0851755
0.084739
0.0839064
0.0826901
0.0811033
0.07916
0.0768748
0.0742633
0.0713418
0.0681271
0.0646369
0.0608897
0.0569049
0.052703
0.0483049
0.0437317
0.0390044
0.0341436
0.0291694
0.0241024
0.0189633
0.0137729
0.00855217
0.00332175
-0.00189844
-0.00708889
-0.0122302
-0.0173027
-0.0222871
-0.0271642
-0.0319163
-0.0365272
-0.0409823
-0.0452681
-0.0493712
-0.0532782
-0.0569761
-0.0604525
-0.0636969
-0.0667007
-0.0694571
-0.0719604
-0.0742053
-0.0761866
-0.0778997
-0.0793415
-0.0805104
-0.0814065
-0.0820315
-0.0823877
-0.0824776
-0.0823045
-0.0818719
-0.081185
-0.0802504
-0.079076
-0.0776711
-0.0760452
-0.074209
-0.0721735
-0.0699511
-0.0675545
-0.0649975
-0.0622938
-0.0594573
-0.0565019
-0.0534417
-0.0502914
-0.0470663
-0.043782
-0.0404539
-0.037097
-0.0337257
-0.0303538
-0.0269952
-0.0236633
-0.0203717
-0.0171338
-0.0139625
-0.0108704
-0.00786951
-0.00497133
-0.00218671
0.000474202
0.00300215
0.00538873
0.00762626
0.00970764
0.0116262
0.013376
0.0149516
0.0163487
0.0175644
0.0185967
0.0194449
0.020109
0.0205899
0.020889
0.0210089
0.0209528
0.0207247
0.0203291
0.0197708
0.019055
0.018187
0.0171729
0.016019
0.0147329
0.0133223
0.0117958
0.0101621
0.00843012
0.00660877
0.00470727
0.00273525
0.000702916
-0.00137892
-0.003499
-0.00564593
-0.00780846
-0.00997572
-0.0121372
-0.0142827
-0.0164019
-0.0184846
-0.0205206
-0.0224997
-0.0244121
-0.0262488
-0.0280007
-0.0296597
-0.0312174
-0.0326661
-0.0339987
-0.0352082
-0.0362859
-0.0372086
-0.0379663
-0.0385524
-0.0389613
-0.0391888
-0.0392323
-0.0390918
-0.038769
-0.0382673
-0.0375912
-0.0367454
-0.0357354
-0.0345668
-0.0332465
-0.0317825
-0.0301844
-0.0284628
-0.0266274
-0.024691
-0.0226679
-0.0205725
-0.018419
-0.016222
-0.0139956
-0.0117548
-0.0095146
-0.00729032
-0.00509734
-0.00295067
-0.000864566
0.00114769
0.00307387
0.0049028
0.00662422
0.00822876
0.00970799
0.0110545
0.0122618
0.013325
0.0142402
0.0150051
0.0156187
0.0160814
0.0163947
0.0165612
0.0165849
0.0164709
0.0162261
0.0158586
0.0153777
0.0147939
0.0141182
0.0133614
0.0125348
0.0116497
0.0107179
0.00975155
0.00876326
0.00776568
0.00677138
0.00579258
0.00484099
0.00392773
0.00306328
0.0022573
0.00151854
0.000854733
0.000272607
-0.000222149
-0.000624923
-0.000932282
-0.00114207
-0.00125347
-0.00126695
-0.00118417
-0.00100792
-0.000742069
-0.000391631
3.72383e-05
0.000537344
0.0011006
0.00171825
0.00238099
0.00307897
0.00380185
0.00453874
0.00527839
0.00600952
0.00672105
0.00740666
0.00807653
0.00872835
0.00935781
0.00996041
0.0105318
0.0110679
0.0115648
0.012019
0.0124271
0.0127862
0.0130933
0.0133458
0.0135416
0.0136791
0.0137571
0.0137749
0.0137328
0.0136368
0.0134875
0.0132847
0.0130289
0.0127204
0.0123599
0.0119484
0.0114869
0.0109767
0.0104196
0.00981778
0.00917373
0.00848967
0.00776786
0.00701054
0.00622014
0.00539975
0.0045524
0.00368172
0.00279143
0.00188511
0.000966531
3.85507e-05
-0.000895512
-0.00183214
-0.00276759
-0.0036975
-0.0046185
-0.00552678
-0.00641864
-0.0072904
-0.00813788
-0.0089581
-0.00974761
-0.0105031
-0.0112211
-0.011898
-0.0125311
-0.0131173
-0.0136539
-0.0141388
-0.0145697
-0.0149456
-0.015265
-0.0155263
-0.0157279
-0.0158682
-0.0159463
-0.0159617
-0.0159143
-0.0158043
-0.0156325
-0.0153993
-0.0151055
-0.0147522
-0.0143409
-0.0138737
-0.0133521
-0.0127782
-0.0121543
-0.0114832
-0.0107695
-0.0100152
-0.00922397
-0.00839918
-0.00754407
-0.00666372
-0.00575988
-0.00483666
-0.00389866
-0.00295076
-0.00200006
-0.00104863
-0.000100502
0.000840479
0.00177034
0.00268221
0.00357424
0.0044419
0.00528079
0.00608673
0.00685307
0.00757849
0.00825914
0.00889135
0.00947184
0.00999557
0.0104621
0.010869
0.0112138
0.0114939
0.0117057
0.0118485
0.011921
0.0119225
0.0118528
0.0117119
0.0114994
0.0112154
0.0108603
0.0104346
0.00994178
0.00938127
0.00875492
0.00806481
0.00731337
0.00650767
0.00564682
0.00473448
0.00377441
0.0027704
0.00173254
0.000658807
-0.000446099
-0.00157693
-0.00272813
-0.00388636
-0.00505425
-0.00622684
-0.0073991
-0.00856552
-0.00971128
-0.0108385
-0.0119407
-0.0130117
-0.0140458
-0.0150295
-0.0159662
-0.0168508
-0.0176777
-0.0184415
-0.01913
-0.0197457
-0.0202845
-0.0207425
-0.0211161
-0.0213976
-0.0215879
-0.0216844
-0.0216851
-0.0215884
-0.0213934
-0.0210986
-0.020703
-0.020206
-0.019608
-0.0189155
-0.0181251
-0.0172389
-0.0162593
-0.0151888
-0.0140413
-0.0128092
-0.0114972
-0.0101104
-0.00865472
-0.0071522
-0.00559276
-0.00398264
-0.00232857
-0.000637891
0.00106156
0.00278174
0.00451466
0.00625243
0.00798708
0.00968854
0.0113698
0.0130216
0.0146347
0.0162
0.0176881
0.0191116
0.0204624
0.0217323
0.0229129
0.0239792
0.0249404
0.0257891
0.0265188
0.0271233
0.0275872
0.0279147
0.0281011
0.0281424
0.0280354
0.0277774
0.027367
0.0268029
0.0260846
0.0252123
0.0241978
0.0230324
0.0217189
0.0202606
0.0186614
0.0169477
0.015103
0.0131336
0.0110468
0.00885099
0.00658642
0.00423067
0.00179313
-0.000716269
-0.0032869
-0.00586929
-0.00848944
-0.0111349
-0.0137929
-0.0164509
-0.0190558
-0.0216349
-0.0241752
-0.0266633
-0.029086
-0.0313931
-0.033609
-0.0357212
-0.0377174
-0.0395858
-0.0412861
-0.0428361
-0.0442258
-0.0454456
-0.0464872
-0.0473272
-0.047974
-0.0484214
-0.0486642
-0.0486981
-0.048521
-0.0481296
-0.0475228
-0.0467002
-0.0456626
-0.0444305
-0.0429887
-0.0413417
-0.0394953
-0.0374562
-0.035267
-0.0329014
-0.0303688
-0.02768
-0.0248469
-0.0219296
-0.0188939
-0.0157534
-0.0125229
-0.00921767
-0.00590858
-0.00255741
0.000819029
0.00420379
0.00757983
0.0108756
0.0141285
0.0173212
0.0204364
0.0234569
0.0263195
0.029055
0.0316483
0.0340849
0.0363511
0.0384014
0.0402557
0.041903
0.0433331
0.0445371
0.0454947
0.0462118
0.0466827
0.0469034
0.0468713
0.0465952
0.0460661
0.0452858
0.0442576
0.0429857
0.0415064
0.039796
0.037863
0.0357174
0.0333706
0.0308832
0.0282201
0.0253953
0.0224239
0.0193221
0.0161658
0.0129138
0.00958428
0.00619558
0.00276651
-0.000622796
-0.00401441
-0.00738914
-0.0107278
-0.0140113
-0.0171667
-0.0202305
-0.0231848
-0.0260127
-0.0286974
-0.0311834
-0.033496
-0.0356217
-0.0375487
-0.0392659
-0.0407447
-0.0419952
-0.0430095
-0.0437815
-0.0443067
-0.044587
-0.0446162
-0.0443943
-0.0439228
-0.0432048
-0.0422728
-0.0411043
-0.0397065
-0.038088
-0.0362588
-0.0342773
-0.0321087
-0.0297663
-0.0272647
-0.0246192
-0.0219053
-0.0190803
-0.0161613
-0.013166
-0.010113
-0.0070835
-0.00403472
-0.000985907
0.00204388
0.00503601
0.00791673
0.010724
0.0134406
0.0160495
0.0185341
0.0208383
0.0229879
0.0249697
0.0267713
0.0283816
0.029771
0.0309499
0.031911
0.0326481
0.0331567
0.0334388
0.0334879
0.0333038
0.0328877
0.032242
0.031399
0.0303358
0.029059
0.0275766
0.0258978
0.0240805
0.0220882
0.0199332
0.0176289
0.0151896
0.0126903
0.0100869
0.00739536
0.00463244
0.00181504
-0.000976471
-0.00378816
-0.00660291
-0.00940359
-0.0121733
-0.014838
-0.0174393
-0.0199621
-0.022392
-0.0247154
-0.0268754
-0.0289035
-0.0307879
-0.0325175
-0.0340825
-0.0354498
-0.0366367
-0.0376377
-0.0384487
-0.0390665
-0.0394871
-0.0397109
-0.0397373
-0.0395673
-0.039203
-0.0386683
-0.037948
-0.0370481
-0.0359753
-0.0347375
-0.0333818
-0.0318782
-0.0302367
-0.0284677
-0.0265824
-0.024644
-0.0226131
-0.0205019
-0.0183228
-0.0160885
-0.0138685
-0.011618
-0.00934951
-0.00707527
-0.00480791
-0.0026148
-0.000453659
0.00166355
0.00372558
0.00572207
0.00759782
0.00939003
0.0110905
0.0126914
0.0141847
0.0155313
0.0167567
0.0178556
0.0188242
0.0196597
0.0203455
0.0208957
0.0213101
0.0215887
0.0217321
0.0217434
0.0216231
0.0213744
0.0210011
0.0205078
0.0199165
0.0192154
0.0184102
0.0175069
0.0165117
0.0154598
0.0143295
0.0131278
0.0118617
0.0105386
0.00920154
0.00782275
0.00641022
0.00497206
0.00351627
0.0020883
0.000657452
-0.000769676
-0.0021869
-0.00358833
-0.00493257
-0.00624991
-0.00753512
-0.00878319
-0.00998945
-0.0111194
-0.0121995
-0.0132267
-0.0141981
-0.0151115
-0.0159423
-0.0167118
-0.0174189
-0.0180628
-0.0186433
-0.019146
-0.0195856
-0.0199627
-0.0202781
-0.0205332
-0.020723
-0.0208557
-0.0209331
-0.0209573
-0.0209303
-0.0208549
-0.0207319
-0.0205635
-0.0203521
-0.0201009
-0.0198196
-0.0195052
-0.0191605
-0.0187879
-0.0183894
-0.0179772
-0.0175425
-0.0170877
-0.016615
-0.0161269
-0.0156384
-0.0151377
-0.0146258
-0.0141035
-0.0135719
-0.0130472
-0.0125162
-0.0119805
-0.0114417
-0.0109004
-0.0103728
-0.00984377
-0.00931354
-0.00878266
-0.00825182
-0.00773791
-0.0072259
-0.00671675
-0.00621125
-0.00570992
-0.00522913
-0.0047527
-0.00428074
-0.00381379
-0.00335302
-0.00291613
-0.00248888
-0.00207261
-0.00166791
-0.00127458
-0.000907551
-0.0005513
-0.000206586
0.000124869
0.000440809
0.000725085
0.000990418
0.00123636
0.001463
0.00167037
0.00184614
0.00200072
0.00213222
0.0022388
0.00231905
0.00236405
0.00238203
0.00237321
0.00233772
0.00227466
0.00217905
0.00205383
0.0018983
0.00171207
0.00149532
0.00125084
0.000978256
0.000679544
0.000356717
1.1502e-05
-0.000346987
-0.000725552
-0.00112293
-0.00153731
-0.00196617
-0.0023932
-0.00282875
-0.00326991
-0.00371421
-0.00415945
-0.00458594
-0.0050091
-0.00542607
-0.00583391
-0.00622987
-0.00659175
-0.00693805
-0.00726679
-0.00757579
-0.00786266
-0.00810504
-0.008322
-0.00851232
-0.00867533
-0.00881057
-0.00889928
-0.00895983
-0.00899131
-0.00899299
-0.00896471
-0.00889227
-0.00879235
-0.00866626
-0.00851522
-0.00834037
-0.00813257
-0.00790422
-0.00765701
-0.00739287
-0.00711384
-0.00681621
-0.00650802
-0.00619105
-0.00586708
-0.00553802
-0.00520418
-0.00486959
-0.00453633
-0.00420633
-0.00388141
-0.00356433
-0.00325561
-0.00295686
-0.0026695
-0.00239475
-0.00213596
-0.00189117
-0.00166106
-0.0014462
-0.00124706
-0.00106646
-0.000901607
-0.000752554
-0.000619167
-0.00050114
-0.000399761
-0.000312195
-0.00023779
-0.000175774
-0.00012526
-8.60331e-05
-5.58617e-05
-3.3649e-05
-1.8232e-05
-8.39838e-06
-3.0196e-06
-6.00289e-07
2.53856e-08
0
0
0
0
0
0
0
0
0
0
0
0
0
0
0
0
0
0
0
0
0
0
0
0
0
0
0
0
0
0
0
0
0
0
0
0
0
0
0
0
0
0
0
0
0
0
0
0
0
0
0
0
0
0
0
0
0
0
0
0
0
0
0
0
0
0
0
0
0
0
0
0
0
0
0
0
0
0
0
0
0
0
0
0
0
0
0
0
0
0
0
0
0
0
0
0
0
0
0
0
0
0
0
0
0
0
0
0
0
0
0
0
0
0
0
0
0
0
0
0
0
0
0
0
0
0
0
0
0
0
0
0
0
0
0
0
0
0
0
0
0
0
0
0
0
0
0
0
0
0
0
0
0
0
0
0
0
0
0
0
0
0
0
0
0
0
0
0
0
0
0
0
0
0
0
0
0
0
0
0
0
0
0
0
0
0
0
0
0
0
0
0
0
0
0
0
0
0
0
0
0
