0
0
0
0
0
0
0
0
0
0
0
0
0
0
0
0
0
0
0
0
0
0
0
0
0
0
0
0
0
0
0
0
0
0
0
0
0
0
0
0
0
0
0
0
0
0
0
0
0
0
0
0
0
0
0
0
0
0
0
0
0
0
0
0
0
0
0
0
0
0
0
0
0
0
0
0
0
0
0
0
0
0
0
0
0
0
0
0
0
0
0
0
0
0
0
0
0
0
0
0
0
0
0
0
0
0
0
0
0
0
0
0
0
0
0
0
0
0
0
0
0
0
0
0
0
0
0
0
0
0
0
0
0
0
0
0
0
0
0
0
0
0
0
0
0
0
0
0
0
0
0
0
0
0
0
0
0
0
0
0
0
0
0
0
0
0
0
0
0
0
0
0
0
0
0
0
0
0
0
0
0
0
0
0
0
0
0
0
0
0
0
0
0
0
0
0
0
0
0
0
0
0
0
0
0
0
0
0
0
0
0
0
0
0
0
0
0
0
0
0
0
0
0
0
0
0
0
0
0
0
0
0
0
0
0
0
0
0
0
0
0
0
0
0
0
0
0
0
0
0
0
0
0
0
0
0
0
0
0
0
0
0
0
0
0
0
0
0
0
0
0
0
0
0
0
0
0
0
0
0
0
0
0
0
0
0
0
0
0
0
0
0
0
0
0
0
0
0
0
0
0
0
0
0
0
0
0
0
0
0
0
0
0
0
0
0
0
0
0
0
0
0
-5.81447e-07
-2.25264e-05
-7.55625e-05
-0.000158152
-0.00026797
-0.000401943
-0.000556303
-0.000726646
-0.000907998
-0.00109489
-0.00128145
-0.00146146
-0.00162849
-0.00177596
-0.00189725
-0.00198578
-0.00203512
-0.0020391
-0.00199184
-0.00188791
-0.00172236
-0.00149081
-0.00118952
-0.000815458
-0.00036634
0.0001593
0.000762082
0.00144174
0.00219712
0.00302613
0.00392574
0.00489204
0.00592019
0.00700447
0.00813835
0.00931448
0.0105248
0.0117606
0.0130126
0.0142709
0.0155254
0.0167656
0.0179805
0.0191594
0.0202912
0.0213651
0.0223704
0.0232966
0.0241334
0.0248712
0.0255008
0.0260135
0.0264015
0.0266577
0.0267758
0.0267505
0.0265775
0.0262535
0.0257765
0.0251453
0.0243602
0.0234225
0.0223347
0.0211006
0.019725
0.0182141
0.0165749
0.0148157
0.0129457
0.0109752
0.00891535
0.00677822
0.00457658
0.00232392
3.4358e-05
-0.00227754
-0.00459681
-0.00690824
-0.00919654
-0.0114464
-0.0136428
-0.0157708
-0.0178163
-0.0197654
-0.0216052
-0.0233235
-0.0249092
-0.0263521
-0.0276431
-0.0287742
-0.0297397
-0.0305471
-0.0311979
-0.0316897
-0.0320209
-0.0321904
-0.0321978
-0.0320433
-0.0317278
-0.0312528
-0.0306206
-0.029834
-0.0288966
-0.0278126
-0.0265869
-0.0252251
-0.0237335
-0.0221187
-0.0203883
-0.0185501
-0.0166127
-0.0145849
-0.0124761
-0.010296
-0.00805463
-0.00576228
-0.00342956
-0.00106724
0.0013137
0.00370215
0.00608687
0.00845659
0.0108
0.0131057
0.0153626
0.0175596
0.0196857
0.0217304
0.0236834
0.0255349
0.0272756
0.0288965
0.0303897
0.0317475
0.0329633
0.034031
0.0349454
0.0357022
0.0362977
0.0367291
0.0369947
0.0370933
0.0370246
0.0367893
0.0363887
0.0358252
0.0351018
0.0342224
0.0331917
0.0320154
0.0306995
0.0292513
0.0276784
0.0259893
0.0241928
0.0222984
0.0203159
0.0182557
0.0161281
0.0139437
0.0117132
0.00944731
0.00715665
0.00485176
0.00254302
0.000240634
-0.00204537
-0.00430521
-0.0065293
-0.00870833
-0.0108332
-0.0128952
-0.0148859
-0.016797
-0.018621
-0.0203506
-0.021979
-0.0235
-0.0249079
-0.0261978
-0.0273653
-0.0284067
-0.029319
-0.0300998
-0.0307473
-0.0312604
-0.0316383
-0.0318809
-0.0319884
-0.0319614
-0.0318009
-0.0315081
-0.0310846
-0.0305322
-0.0298531
-0.0290496
-0.0281247
-0.0270812
-0.0259228
-0.0246532
-0.0232767
-0.0217977
-0.0202211
-0.0185522
-0.0167963
-0.0149593
-0.013047
-0.0110653
-0.0090204
-0.00691841
-0.00476553
-0.00256794
-0.000331873
0.00193641
0.00423062
0.00654435
0.00887112
0.0112043
0.013537
0.0158624
0.0181731
0.0204619
0.0227212
0.0249432
0.02712
0.0292437
0.0313062
0.0332995
0.0352154
0.037046
0.0387832
0.0404193
0.0419464
0.0433569
0.0446432
0.0457981
0.0468142
0.0476846
0.0484025
0.0489613
0.0493547
0.0495766
0.0496217
0.0494845
0.0491606
0.0486457
0.0479363
0.0470295
0.0459231
0.0446157
0.0431066
0.0413959
0.0394846
0.0373747
0.0350689
0.032571
0.0298856
0.0270187
0.0239768
0.0207679
0.0174008
0.0138856
0.0102334
0.00645637
0.00256773
-0.00141827
-0.00548641
-0.00962057
-0.0138038
-0.0180185
-0.0222464
-0.0264686
-0.0306658
-0.0348184
-0.0389065
-0.04291
-0.0468087
-0.0505826
-0.0542114
-0.0576751
-0.0609541
-0.0640289
-0.0668805
-0.0694904
-0.0718409
-0.073915
-0.0756965
-0.0771705
-0.0783234
-0.0791426
-0.0796175
-0.0797388
-0.0794992
-0.0788931
-0.0779168
-0.0765687
-0.0748492
-0.0727604
-0.0703068
-0.0674946
-0.0643317
-0.0608283
-0.0569959
-0.0528482
-0.0484002
-0.0436688
-0.0386725
-0.0334311
-0.0279662
-0.0223008
-0.0164593
-0.0104676
-0.00435278
0.00185689
0.00813195
0.014442
0.020756
0.0270419
0.0332678
0.039401
0.0454094
0.0512607
0.0569234
0.0623668
0.0675609
0.0724773
0.0770887
0.0813698
0.0852968
0.0888481
0.0920041
0.0947475
0.0970634
0.0989393
0.100365
0.101333
0.101839
0.10188
0.101456
0.10057
0.099227
0.0974354
0.095205
0.0925483
0.0894801
0.0860173
0.0821788
0.0779857
0.0734608
0.0686286
0.063515
0.0581476
0.0525552
0.0467675
0.0408153
0.03473
0.0285439
0.0222892
0.0159986
0.0097048
0.00344019
-0.00276318
-0.00887382
-0.014861
-0.0206949
-0.0263469
-0.0317895
-0.0369967
-0.041944
-0.0466086
-0.0509694
-0.0550073
-0.0587051
-0.0620476
-0.0650218
-0.0676167
-0.0698236
-0.071636
-0.0730496
-0.0740622
-0.0746741
-0.0748875
-0.0747071
-0.0741394
-0.0731932
-0.0718792
-0.07021
-0.0682
-0.0658656
-0.0632245
-0.0602959
-0.0571004
-0.05366
-0.0499975
-0.0461367
-0.0421021
-0.0379189
-0.0336127
-0.0292093
-0.0247347
-0.0202149
-0.0156757
-0.0111425
-0.00664023
-0.00219331
0.00217467
0.00644094
0.0105837
0.0145824
0.0184175
0.0220709
0.0255256
0.0287664
0.0317795
0.0345524
0.0370745
0.0393368
0.0413318
0.0430537
0.0444986
0.0456639
0.0465489
0.0471546
0.0474833
0.0475391
0.0473277
0.0468561
0.0461326
0.0451672
0.0439707
0.0425555
0.0409347
0.0391226
0.0371341
0.034985
0.0326919
0.0302714
0.0277409
0.025118
0.0224204
0.0196657
0.0168717
0.0140558
0.0112355
0.00842751
0.00564841
0.00291415
0.000240082
-0.00235909
-0.00486943
-0.00727781
-0.00957197
-0.0117406
-0.0137733
-0.0156609
-0.0173951
-0.0189686
-0.0203756
-0.0216111
-0.0226712
-0.0235534
-0.0242562
-0.024779
-0.0251224
-0.0252882
-0.025279
-0.0250984
-0.0247509
-0.0242418
-0.0235773
-0.0227643
-0.0218105
-0.020724
-0.0195139
-0.0181894
-0.0167604
-0.0152371
-0.0136301
-0.0119502
-0.0102084
-0.0084159
-0.00658386
-0.00472344
-0.0028457
-0.000961548
0.000918336
0.00278355
0.00462402
0.00643007
0.00819205
0.00990026
0.0115459
0.0131205
0.0146166
0.016027
0.0173453
0.0185658
0.0196835
0.0206941
0.0215938
0.0223799
0.02305
0.0236029
0.0240375
0.0243541
0.024553
0.0246356
0.0246038
0.02446
0.0242073
0.0238494
0.0233903
0.0228344
0.0221868
0.0214526
0.0206376
0.0197476
0.0187886
0.0177671
0.0166893
0.0155618
0.0143912
0.013184
0.0119469
0.0106863
0.00940868
0.0081203
0.00682734
0.00553575
0.00425135
0.00297969
0.00172611
0.000495716
-0.000706674
-0.0018765
-0.00300947
-0.00410162
-0.00514926
-0.006149
-0.00709778
-0.00799285
-0.00883179
-0.0096125
-0.0103332
-0.0109924
-0.011589
-0.0121221
-0.0125914
-0.0129964
-0.0133373
-0.0136145
-0.0138285
-0.0139801
-0.0140705
-0.0141008
-0.0140726
-0.0139874
-0.013847
-0.0136534
-0.0134086
-0.0131147
-0.012774
-0.0123889
-0.0119619
-0.0114954
-0.0109922
-0.0104547
-0.00988591
-0.00928844
-0.00866514
-0.00801884
-0.00735238
-0.00666859
-0.00597029
-0.00526023
-0.00454115
-0.00381569
-0.00308528
-0.00235235
-0.00162082
-0.000894706
-0.000178082
0.000525148
0.00121191
0.00187803
0.00252023
0.00313544
0.00372084
0.00427416
0.00479282
0.00527478
0.00571832
0.00612199
0.00648444
0.00680508
0.0070834
0.00731922
0.00751265
0.00766331
0.00777277
0.00784204
0.00787238
0.00786528
0.00782107
0.00774307
0.00763333
0.00749402
0.0073274
0.00713401
0.00691814
0.00668222
0.00642866
0.0061599
0.00587642
0.00558265
0.00528093
0.00497353
0.00466265
0.00434866
0.00403551
0.00372512
0.00341931
0.00311979
0.00282686
0.0025434
0.00227075
0.00201008
0.00176245
0.00152812
0.00130869
0.00110488
0.000917254
0.000746303
0.000592234
0.000455576
0.000336545
0.000235275
0.000151829
8.62348e-05
3.83326e-05
7.96869e-06
-5.08242e-06
-1.11968e-06
1.9322e-05
5.58323e-05
0.000107884
0.000174868
0.000256086
0.000349968
0.00045625
0.000573979
0.000702107
0.000839491
0.000983228
0.00113349
0.00128887
0.00144792
0.00160907
0.0017682
0.00192601
0.00208079
0.0022308
0.00237426
0.00250644
0.00262847
0.00273864
0.00283533
0.00292261
0.00300068
0.00307162
0.00313471
0.0031892
0.00323434
0.00326726
0.00328932
0.00329978
0.0032979
0.00328299
0.00325348
0.00320962
0.00315083
0.00307654
0.00298627
0.00288028
0.00275745
0.00261746
0.00246004
0.00228499
0.00209485
0.00188693
0.0016613
0.0014181
0.0011576
0.000884748
0.000595421
0.00029021
-3.01728e-05
-0.000364886
-0.000706673
-0.00106075
-0.0014259
-0.0018008
-0.00218399
-0.00256648
-0.00295403
-0.00334486
-0.00373711
-0.0041288
-0.00451018
-0.00488685
-0.00525663
-0.00561728
-0.00596653
-0.00629513
-0.00660768
-0.00690186
-0.00717534
-0.00742579
-0.00764593
-0.00783855
-0.00800151
-0.00813271
-0.00823018
-0.00828999
-0.00831244
-0.00829592
-0.00823899
-0.00814035
-0.0080006
-0.00781713
-0.00758922
-0.0073164
-0.00699841
-0.00664107
-0.00623878
-0.00579204
-0.00530162
-0.00476854
-0.00420391
-0.0035995
-0.00295718
-0.00227906
-0.00156754
-0.000838193
-8.09544e-05
0.000701073
0.00150455
0.00232594
0.00314672
0.00397777
0.00481505
0.00565436
0.00649138
0.00730685
0.00811113
0.0088997
0.00966799
0.0104114
0.0111125
0.0117797
0.0124085
0.0129948
0.0135342
0.0140138
0.0144387
0.0148054
0.0151106
0.0153511
0.0155205
0.01562
0.0156474
0.015601
0.0154793
0.015284
0.0150118
0.0146622
0.0142354
0.0137321
0.0131625
0.0125186
0.0118023
0.0110156
0.0101612
0.00925762
0.00829279
0.0072705
0.00619491
0.00507054
0.00392203
0.00273471
0.00151396
0.000265429
-0.001005
-0.00226939
-0.00354344
-0.00482086
-0.00609524
-0.00736012
-0.00858774
-0.00979295
-0.0109694
-0.0121107
-0.0132108
-0.0142456
-0.0152273
-0.0161502
-0.017009
-0.0177987
-0.0185023
-0.0191275
-0.0196706
-0.0201277
-0.0204958
-0.0207674
-0.0209449
-0.0210267
-0.0210113
-0.0208982
-0.0206904
-0.0203848
-0.0199821
-0.0194836
-0.0188911
-0.0182183
-0.0174565
-0.016609
-0.0156795
-0.0146721
-0.0136095
-0.0124786
-0.0112847
-0.0100335
-0.00873096
-0.00740607
-0.00604271
-0.00464759
-0.00322762
-0.00178984
-0.000365672
0.00106203
0.00248616
0.0038996
0.00529532
0.0066434
0.00796017
0.00923916
0.0104741
0.011659
0.0127692
0.0138184
0.0148016
0.0157142
0.0165522
0.0172989
0.0179638
0.0185441
0.0190373
0.0194415
0.0197501
0.0199671
0.0200922
0.0201251
0.0200663
0.0199195
0.0196831
0.019359
0.0189492
0.0184565
0.0178941
0.0172551
0.0165434
0.015763
0.0149184
0.0140302
0.0130875
0.0120953
0.0110591
0.00998423
0.00889597
0.0077804
0.00664321
0.00549014
0.00432691
0.00317987
0.00203394
0.000894602
-0.000232757
-0.00134289
-0.00241139
-0.00345272
-0.00446222
-0.00543545
-0.00636822
-0.00724076
-0.00806528
-0.00883846
-0.00955731
-0.0102191
-0.0108108
-0.0113411
-0.0118083
-0.0122113
-0.0125489
-0.0128159
-0.0130167
-0.0131514
-0.0132205
-0.0132247
-0.013166
-0.0130447
-0.0128625
-0.012621
-0.0123225
-0.0119757
-0.0115768
-0.0111284
-0.0106335
-0.0100952
-0.00952742
-0.0089228
-0.0082848
-0.00761695
-0.00692287
-0.00621955
-0.00549729
-0.00475976
-0.00401061
-0.00325346
-0.00250622
-0.00175808
-0.00101246
-0.000272713
0.000457901
0.00116261
0.00185205
0.00252337
0.00317387
0.00380098
0.00439073
0.00495252
0.00548432
0.00598431
0.00645087
0.00687409
0.00726121
0.0076112
0.00792323
0.00819665
0.00842626
0.00861653
0.00876733
0.00887874
0.00895098
0.00898359
0.00897794
0.0089347
0.00885468
0.00873884
0.00859108
0.00840979
0.00819629
0.00795204
0.00767859
0.00738347
0.00706256
0.00671765
0.00635064
0.00596348
0.00556625
0.00515287
0.00472537
0.00428581
0.00383625
0.00338802
0.00293385
0.00247574
0.00201567
0.0015556
0.00110692
0.000662034
0.000222756
-0.000209127
-0.000631879
-0.00103516
-0.00142604
-0.00180298
-0.00216453
-0.0025093
-0.00282899
-0.00312942
-0.00340951
-0.00366826
-0.00390478
-0.00411349
-0.00429849
-0.00445923
-0.00459522
-0.00470612
-0.00478948
-0.00484735
-0.00487969
-0.00488655
-0.00486811
-0.00482513
-0.00475749
-0.00466566
-0.00455023
-0.00441186
-0.00425426
-0.00407536
-0.00387608
-0.00365745
-0.0034206
-0.00317169
-0.00290698
-0.00262779
-0.00233547
-0.00203145
-0.00172359
-0.00140697
-0.00108308
-0.000753455
-0.000419632
-9.02602e-05
0.000240246
0.000570376
0.000898635
0.00122355
0.00153661
0.00184349
0.00214286
0.00243341
0.0027139
0.00297684
0.00322746
0.00346474
0.00368774
0.00389562
0.00408261
0.00425307
0.00440642
0.0045422
0.00466006
0.00475646
0.0048345
0.0048941
0.00493529
0.00495816
0.0049616
0.00494716
0.00491519
0.00486608
0.00480029
0.004719
0.00462211
0.00451022
0.00438398
0.0042441
0.0040938
0.00393134
0.00375749
0.00357307
0.00337891
0.00317988
0.00297279
0.0027581
0.00253567
0.0023067
0.00207761
0.00184454
0.00160877
0.00137156
0.00113415
0.000903415
0.000674807
0.00044945
0.000228427
1.27724e-05
-0.000190914
-0.000387431
-0.000575932
-0.000755634
-0.000925818
-0.00108078
-0.00122513
-0.00135841
-0.00148021
-0.00159022
-0.00168409
-0.0017659
-0.0018356
-0.0018932
-0.00193879
-0.00196962
-0.00198895
-0.00199708
-0.00199437
-0.00198124
-0.00195652
-0.00192243
-0.00187955
-0.00182846
-0.00176979
-0.00170379
-0.00163158
-0.00155388
-0.00147139
-0.00138486
-0.00129558
-0.00120368
-0.00110989
-0.00101493
-0.000919494
-0.000825521
-0.00073231
-0.000640489
-0.000550656
-0.000463373
-0.000380758
-0.000301551
-0.000226199
-0.000155101
-8.86152e-05
-2.86452e-05
2.63322e-05
7.61077e-05
0.000120524
0.000159478
0.000191577
0.000218363
0.000239892
0.000256276
0.000267677
0.000273356
0.000274696
0.000271993
0.000265583
0.000255839
0.00024262
0.000227023
0.000209486
0.000190458
0.000170397
0.000149539
0.000128637
0.000108126
8.8423e-05
6.99228e-05
5.29428e-05
3.78943e-05
2.50639e-05
1.46951e-05
6.98345e-06
2.07224e-06
5.32977e-08
0
0
0
0
0
0
0
0
0
0
0
0
0
0
0
0
0
0
0
0
0
0
0
0
0
0
0
0
0
0
0
0
0
0
0
0
0
0
0
0
0
0
0
0
0
0
0
0
0
0
0
0
0
0
0
0
0
0
0
0
0
0
0
0
0
0
0
0
0
0
0
0
0
0
0
0
0
0
0
0
0
0
0
0
0
0
0
0
0
0
0
0
0
0
0
0
0
0
0
0
0
0
0
0
0
0
0
0
0
0
0
0
0
0
0
0
0
0
0
0
0
0
0
0
0
0
0
0
0
0
0
0
0
0
0
0
0
0
0
0
0
0
0
0
0
0
0
0
0
0
0
0
0
0
0
0
0
0
0
0
0
0
0
0
0
0
0
0
0
0
0
0
0
0
0
0
0
0
0
0
0
0
0
0
0
0
0
0
0
0
0
0
0
0
0
0
0
0
0
0
0
0
0
0
0
0
0
0
0
0
0
0
0
0
0
0
0
0
0
0
0
0
0
0
0
0
0
0
0
0
0
0
0
0
0
0
0
0
0
0
0
0
0
0
0
0
0
0
0
0
0
0
0
0
0
0
0
0
0
0
0
0
0
0
0
0
0
0
0
0
0
0
0
0
0
0
0
0
0
0
0
0
0
0
0
0
0
0
0
0
0
0
0
0
0
0
0
0
0
0
0
0
0
0
0
0
0
0
0
0
0
0
0
0
0
0
0
0
0
0
0
0
