0
0
0
0
0
0
0
0
0
0
0
0
0
0
0
0
0
0
0
0
0
0
0
0
0
0
0
0
0
0
0
0
0
0
0
0
0
0
0
0
0
0
0
0
0
0
0
0
0
0
0
0
0
0
0
0
0
0
0
0
0
0
0
-2.0704e-07
-9.70446e-06
-3.06856e-05
-5.92437e-05
-9.12621e-05
-0.000122486
-0.000148598
-0.000165289
-0.000168333
-0.000153653
-0.00011738
-5.59216e-05
3.3972e-05
0.000155136
0.000309924
0.000500155
0.000727087
0.000991408
0.00129322
0.00163204
0.00200671
0.00241542
0.00285561
0.00332408
0.00381701
0.00433008
0.00485847
0.00539688
0.00593952
0.00648004
0.00701161
0.00752703
0.00801882
0.00847938
0.00890099
0.00927584
0.00959604
0.00985374
0.0100413
0.0101513
0.0101771
0.0101122
0.00995077
0.00968735
0.00931702
0.00883552
0.0082394
0.00752618
0.00669437
0.0057434
0.00467361
0.00348627
0.00218366
0.000769235
-0.000752424
-0.00237559
-0.00409349
-0.0058984
-0.00778162
-0.00973341
-0.0117431
-0.0137989
-0.0158884
-0.0179986
-0.020116
-0.0222264
-0.0243152
-0.0263675
-0.0283678
-0.0303005
-0.0321503
-0.0339022
-0.0355416
-0.0370542
-0.0384262
-0.0396442
-0.0406957
-0.0415687
-0.0422526
-0.042738
-0.0430165
-0.0430813
-0.0429273
-0.042551
-0.0419509
-0.0411273
-0.040082
-0.0388182
-0.0373404
-0.0356546
-0.033769
-0.0317062
-0.0294791
-0.0270956
-0.0245647
-0.0218962
-0.0191008
-0.0161901
-0.0131765
-0.0100729
-0.00689279
-0.00364956
-0.000357024
0.00297064
0.00631863
0.00967139
0.0130127
0.0163261
0.0195948
0.0228022
0.0259319
0.028968
0.0318945
0.0346962
0.0373585
0.0398676
0.0422102
0.044374
0.0463473
0.0481189
0.0496785
0.0510167
0.0521254
0.0529975
0.0536272
0.0540095
0.0541408
0.0540185
0.053641
0.0530083
0.0521216
0.0509832
0.049597
0.0479682
0.0461033
0.0440102
0.0416981
0.0391775
0.0364597
0.0335569
0.0304822
0.0272498
0.0238747
0.0203731
0.016762
0.0130594
0.0092836
0.00545343
0.00158795
-0.00229367
-0.00617228
-0.0100289
-0.0138447
-0.0176008
-0.0212787
-0.0248595
-0.0283249
-0.0316569
-0.0348382
-0.0378528
-0.0406857
-0.043323
-0.0457518
-0.0479603
-0.049938
-0.0516756
-0.0531654
-0.0544012
-0.0553776
-0.0560906
-0.0565374
-0.0567164
-0.0566277
-0.0562732
-0.0556564
-0.0547821
-0.0536563
-0.0522856
-0.0506777
-0.0488412
-0.046786
-0.0445231
-0.0420645
-0.0394231
-0.0366127
-0.0336477
-0.0305438
-0.0273174
-0.0239858
-0.0205665
-0.017077
-0.0135347
-0.00995696
-0.00636106
-0.00276471
0.000814103
0.0043573
0.00784697
0.0112655
0.0145959
0.0178217
0.020927
0.0238968
0.0267169
0.0293743
0.0318568
0.034153
0.0362523
0.0381446
0.0398208
0.0412732
0.0424956
0.0434835
0.0442341
0.044746
0.0450188
0.0450537
0.0448527
0.0444194
0.0437581
0.0428748
0.0417762
0.0404704
0.0389666
0.0372754
0.035409
0.0333804
0.0312036
0.0288932
0.0264643
0.0239326
0.0213145
0.0186265
0.0158861
0.0131106
0.0103175
0.00752423
0.00474847
0.00200799
-0.00067944
-0.00329627
-0.00582551
-0.00825089
-0.0105569
-0.0127288
-0.0147524
-0.0166144
-0.0183025
-0.0198057
-0.0211144
-0.0222201
-0.0231153
-0.0237933
-0.0242488
-0.0244776
-0.0244773
-0.0242473
-0.0237887
-0.023104
-0.0221966
-0.0210711
-0.0197331
-0.0181896
-0.0164492
-0.0145222
-0.01242
-0.0101551
-0.00774107
-0.00519278
-0.00252608
0.000242102
0.00309414
0.00601208
0.0089778
0.011973
0.0149788
0.0179759
0.0209442
0.0238634
0.0267132
0.0294741
0.0321271
0.0346538
0.0370365
0.0392576
0.0413007
0.0431498
0.0447904
0.0462088
0.0473922
0.0483284
0.0490063
0.0494163
0.0495504
0.0494027
0.0489691
0.0482473
0.0472365
0.0459372
0.0443522
0.0424859
0.0403451
0.0379386
0.035276
0.0323681
0.0292266
0.0258642
0.0222955
0.0185371
0.0146073
0.0105261
0.00631424
0.00199354
-0.00241335
-0.00688274
-0.01139
-0.0159097
-0.0204165
-0.0248851
-0.0292908
-0.0336087
-0.0378138
-0.041881
-0.0457849
-0.0495006
-0.0530044
-0.0562736
-0.0592866
-0.0620229
-0.0644629
-0.0665882
-0.0683824
-0.0698312
-0.0709227
-0.0716468
-0.0719955
-0.0719619
-0.0715409
-0.0707295
-0.0695267
-0.067934
-0.0659547
-0.0635937
-0.0608578
-0.0577559
-0.0542992
-0.0505019
-0.0463809
-0.0419553
-0.0372457
-0.0322743
-0.0270641
-0.0216397
-0.0160273
-0.0102543
-0.00434941
0.00165834
0.00773958
0.0138647
0.0200036
0.0261257
0.0321996
0.0381941
0.0440776
0.0498192
0.0553884
0.060755
0.0658895
0.0707632
0.0753488
0.0796208
0.083556
0.0871334
0.0903338
0.0931399
0.0955368
0.0975118
0.099055
0.10016
0.100821
0.101038
0.10081
0.10014
0.0990329
0.0974953
0.0955371
0.0931706
0.0904095
0.0872698
0.083769
0.0799263
0.0757632
0.0713026
0.0665692
0.0615885
0.0563874
0.0509932
0.0454343
0.0397401
0.0339405
0.028066
0.0221467
0.0162128
0.0102941
0.00442029
-0.00137906
-0.00707488
-0.0126389
-0.0180441
-0.0232649
-0.028277
-0.0330576
-0.0375848
-0.0418383
-0.0457995
-0.0494516
-0.05278
-0.0557718
-0.0584158
-0.0607026
-0.0626244
-0.0641756
-0.065353
-0.0661556
-0.0665846
-0.066643
-0.0663351
-0.0656673
-0.0646478
-0.0632867
-0.0615961
-0.0595898
-0.0572831
-0.0546921
-0.0518344
-0.0487284
-0.0453942
-0.0418526
-0.0381256
-0.0342352
-0.0302039
-0.0260546
-0.0218103
-0.0174948
-0.0131318
-0.00874517
-0.00435786
7.74638e-06
0.0043299
0.00858729
0.0127589
0.0168244
0.0207641
0.0245597
0.0281945
0.0316527
0.03492
0.0379829
0.040829
0.0434476
0.0458293
0.0479669
0.0498542
0.0514867
0.0528607
0.0539739
0.0548256
0.0554165
0.0557495
0.0558285
0.0556587
0.055246
0.0545972
0.0537202
0.0526243
0.0513203
0.0498199
0.0481355
0.0462799
0.0442662
0.0421079
0.0398192
0.037415
0.0349106
0.0323215
0.0296629
0.0269498
0.0241972
0.0214202
0.0186339
0.015853
0.0130917
0.0103637
0.00768165
0.00505792
0.0025046
3.34594e-05
-0.00234429
-0.00461839
-0.00677968
-0.00882015
-0.0107327
-0.0125108
-0.0141485
-0.0156409
-0.0169834
-0.018173
-0.0192072
-0.0200848
-0.0208049
-0.0213676
-0.0217737
-0.0220251
-0.0221245
-0.0220753
-0.0218818
-0.0215481
-0.0210794
-0.020481
-0.0197591
-0.0189207
-0.017973
-0.0169238
-0.0157806
-0.0145512
-0.0132437
-0.0118666
-0.0104287
-0.00893913
-0.00740702
-0.00584116
-0.00425008
-0.00264218
-0.00102583
0.000590539
0.00219861
0.00379028
0.00535783
0.00689386
0.00839128
0.00984324
0.0112432
0.0125852
0.0138637
0.015074
0.016212
0.0172736
0.0182553
0.0191535
0.0199652
0.0206881
0.0213202
0.0218606
0.0223086
0.0226643
0.0229279
0.0231002
0.0231825
0.0231762
0.0230835
0.0229064
0.0226474
0.0223094
0.0218961
0.0214113
0.0208596
0.0202452
0.0195727
0.0188464
0.0180706
0.0172505
0.0163912
0.0154987
0.0145786
0.0136365
0.0126774
0.0117064
0.0107286
0.00974939
0.0087742
0.00780837
0.00685692
0.00592443
0.00501524
0.00413358
0.00328367
0.00246959
0.00169505
0.000963235
0.00027688
-0.000361555
-0.000949652
-0.001485
-0.00196541
-0.00238921
-0.00275545
-0.00306384
-0.00331442
-0.00350725
-0.00364225
-0.00371941
-0.0037391
-0.00370232
-0.0036107
-0.00346626
-0.00327109
-0.00302717
-0.00273655
-0.00240159
-0.00202516
-0.00161062
-0.00116151
-0.000681225
-0.000172922
0.000360346
0.000915276
0.00148811
0.00207469
0.00267084
0.00327275
0.00387711
0.00448096
0.00508128
0.0056747
0.00625745
0.0068257
0.00737598
0.00790547
0.00841185
0.00889301
0.00934671
0.00977054
0.0101621
0.0105192
0.0108405
0.0111248
0.0113713
0.011579
0.0117469
0.0118742
0.0119605
0.0120062
0.0120119
0.0119787
0.011907
0.0117973
0.011648
0.0114551
0.0112199
0.010945
0.0106332
0.0102876
0.00991068
0.00950525
0.00907406
0.00862022
0.00814721
0.00765859
0.0071579
0.00664853
0.00613383
0.00561729
0.00510256
0.00459328
0.00409277
0.00360387
0.0031289
0.00266993
0.00222906
0.00180852
0.00141059
0.0010373
0.000690168
0.000370122
7.76042e-05
-0.000187178
-0.000424083
-0.000633022
-0.000814079
-0.000967641
-0.00109444
-0.00119546
-0.00127183
-0.00132473
-0.00135543
-0.00136533
-0.00135605
-0.00132933
-0.00128692
-0.00123054
-0.00116176
-0.00108219
-0.000993544
-0.00089768
-0.000796569
-0.000692127
-0.000586074
-0.000479872
-0.000374777
-0.000271943
-0.000172501
-7.75699e-05
1.18144e-05
9.47751e-05
0.000170639
0.000238918
0.00029926
0.000351405
0.000395183
0.00043054
0.000457566
0.000476499
0.000487689
0.000491563
0.000488597
0.000479317
0.000464313
0.000444249
0.000419855
0.000391897
0.000361145
0.000328349
0.000294239
0.000259524
0.000224897
0.000191026
0.00015854
0.000128011
9.99478e-05
7.47879e-05
5.28983e-05
3.45728e-05
2.00293e-05
9.40617e-06
2.76089e-06
7.09694e-08
0
0
0
0
0
0
0
0
0
0
0
0
0
0
0
0
0
0
0
0
0
0
0
0
0
0
0
0
0
0
0
0
0
0
0
0
0
0
0
0
0
0
0
0
0
0
0
0
0
0
0
0
0
0
0
0
0
0
0
0
0
0
0
0
0
0
0
0
0
0
0
0
0
0
0
0
0
0
0
0
0
0
0
0
0
0
0
0
0
0
0
0
0
0
0
0
0
0
0
0
0
0
0
0
0
0
0
0
0
0
0
0
0
0
0
0
0
0
0
0
0
0
0
0
0
0
0
0
0
0
0
0
0
0
0
0
0
0
0
0
0
0
0
0
0
0
0
0
0
0
0
0
0
0
0
0
0
0
0
0
0
0
0
0
0
0
0
0
0
0
0
0
0
0
0
0
0
0
0
0
0
0
0
0
0
0
0
0
0
0
0
0
0
0
0
0
0
0
0
0
0
9.13311e-08
3.7598e-06
1.35193e-05
3.03169e-05
5.50133e-05
8.83701e-05
0.000131039
0.000183549
0.000246289
0.000319501
0.000403269
0.000497524
0.000602037
0.000716407
0.000840054
0.000972216
0.001112
0.0012584
0.00141037
0.00156681
0.00172653
0.00188821
0.00205039
0.00221147
0.00236987
0.00252411
0.00267293
0.00281528
0.0029502
0.00307674
0.00319386
0.00330056
0.00339588
0.00347908
0.00354968
0.00360745
0.00365242
0.00368477
0.0037049
0.00371344
0.00371125
0.00369934
0.00367884
0.00365092
0.0036168
0.00357789
0.00353577
0.00349231
0.00344952
0.0034094
0.00337379
0.00334407
0.00332147
0.00330713
0.00330227
0.00330851
0.00332731
0.00336037
0.00340925
0.00347521
0.00355935
0.00366187
0.00378287
0.00392223
0.00407983
0.00425597
0.00445056
0.00466376
0.00489541
0.00514482
0.0054109
0.00569134
0.00598386
0.00628626
0.00659664
0.00691368
0.00723551
0.00756045
0.00788657
0.00821174
0.008534
0.00885104
0.00916085
0.00946148
0.00975099
0.0100275
0.0102892
0.0105346
0.0107624
0.0109715
0.0111608
0.0113344
0.0114929
0.0116357
0.0117621
0.0118709
0.0119626
0.0120369
0.0120935
0.0121319
0.0121504
0.0121503
0.0121319
0.0120953
0.0120407
0.0119661
0.011873
0.0117612
0.011631
0.0114827
0.0113146
0.0111295
0.0109273
0.0107077
0.0104705
0.0102131
0.00993771
0.00964461
0.00933389
0.00900551
0.00865728
0.00829133
0.007908
0.00750792
0.00709189
0.00665936
0.00621206
0.00575036
0.00527482
0.00478631
0.00428632
0.00377609
0.00325694
0.00272998
0.00219609
0.0016585
0.00111625
0.000570972
2.44291e-05
-0.00052167
-0.00106114
-0.00159709
-0.00212769
-0.00265067
-0.00316333
-0.00365577
-0.00413269
-0.0045921
-0.0050323
-0.00545144
-0.0058378
-0.00619789
-0.00652864
-0.0068273
-0.00709168
-0.0073094
-0.00748965
-0.00763047
-0.00772923
-0.00778286
-0.00777759
-0.00772173
-0.00761354
-0.00745174
-0.0072351
-0.00695324
-0.00661351
-0.00621433
-0.00575442
-0.00523287
-0.0046441
-0.00399273
-0.00327841
-0.00250089
-0.0016603
-0.000758289
0.000205082
0.00122851
0.00231072
0.00345046
0.0046374
0.00587842
0.00717076
0.00851103
0.00989556
0.011303
0.0127477
0.0142263
0.0157348
0.0172684
0.018795
0.0203347
0.021881
0.0234276
0.024968
0.026462
0.0279363
0.0293834
0.0307961
0.032167
0.0334516
0.0346797
0.0358431
0.036933
0.0379404
0.0388204
0.0396012
0.040276
0.0408383
0.0412815
0.041569
0.0417224
0.0417341
0.0415975
0.0413077
0.040845
0.0402221
0.0394357
0.0384822
0.0373577
0.0360623
0.0345915
0.032945
0.0311241
0.0291306
0.0269929
0.0246877
0.0222191
0.0195926
0.0168155
0.0139468
0.0109441
0.00781617
0.00457193
0.00122139
-0.00215067
-0.0056046
-0.00912615
-0.0127005
-0.0163126
-0.0198577
-0.0234106
-0.0269553
-0.0304745
-0.0339501
-0.0372664
-0.0405017
-0.0436376
-0.0466557
-0.0495375
-0.052173
-0.0546345
-0.0569036
-0.0589621
-0.0607926
-0.0623067
-0.0635594
-0.064535
-0.0652189
-0.0655975
-0.0656211
-0.0653169
-0.0646757
-0.0636892
-0.0623501
-0.0606592
-0.0586058
-0.0561883
-0.0534071
-0.0502643
-0.0468215
-0.0430263
-0.0388858
-0.0344092
-0.0296084
-0.0246057
-0.0193083
-0.0137334
-0.00789969
-0.00182759
0.00430856
0.0106357
0.017127
0.0237541
0.0304877
0.0371179
0.0437952
0.0504886
0.0571659
0.0637934
0.070148
0.0763832
0.0824649
0.088359
0.0940322
0.0992797
0.104241
0.108884
0.113179
0.117094
0.120472
0.123415
0.125898
0.127898
0.129393
0.130296
0.130658
0.130465
0.129705
0.12837
0.126463
0.123973
0.120899
0.117245
0.113017
0.108319
0.10307
0.0972844
0.0909814
0.0841824
0.0770835
0.06954
0.0615811
0.0532382
0.0445447
0.03577
0.0267186
0.0174307
0.00794861
-0.00168386
-0.0111528
-0.0206825
-0.0302274
-0.0397408
-0.0491752
-0.05821
-0.0670713
-0.0757128
-0.0840886
-0.0921537
-0.0996219
-0.106692
-0.113324
-0.119479
-0.125119
-0.130033
-0.134369
-0.138098
-0.141193
-0.143632
-0.145303
-0.146282
-0.146558
-0.146122
-0.14497
-0.14311
-0.140534
-0.137248
-0.133262
-0.128591
-0.123367
-0.117497
-0.111006
-0.10392
-0.0962687
-0.0882903
-0.0798179
-0.0708915
-0.0615531
-0.0518467
-0.042086
-0.0320488
-0.0217831
-0.0113389
-0.000767413
0.00957932
0.019951
0.0302976
0.0405694
0.0507166
0.0603951
0.0698518
0.0790403
0.0879159
0.0964358
0.104307
0.111743
0.118708
0.125169
0.131095
0.136278
0.140875
0.144867
0.148237
0.150969
0.152964
0.154303
0.15498
0.154995
0.154352
0.153072
0.151148
0.148595
0.145425
0.141659
0.137429
0.132649
0.127348
0.121555
0.115301
0.108807
0.101921
0.0946791
0.0871213
0.079287
0.071453
0.0634229
0.0552377
0.0469393
0.0385707
0.030429
0.0223022
0.0142308
0.00625376
-0.00159108
-0.00902885
-0.0162615
-0.023254
-0.0299726
-0.0363857
-0.0422717
-0.0477975
-0.0529398
-0.0576778
-0.0619924
-0.0657416
-0.0690372
-0.0718683
-0.0742269
-0.0761073
-0.0774591
-0.0783287
-0.0787182
-0.0786322
-0.078078
-0.0770967
-0.0756682
-0.0738059
-0.0715254
-0.068845
-0.0658851
-0.0625692
-0.0589224
-0.054971
-0.0507421
-0.0464122
-0.0418602
-0.0371145
-0.0322049
-0.0271615
-0.0221887
-0.0171421
-0.0120507
-0.00694356
-0.00184999
0.00302805
0.00783501
0.0125435
0.0171271
0.0215611
0.025674
0.0295915
0.0332923
0.0367569
0.0399674
0.042805
0.0453596
0.0476197
0.0495751
0.0512174
0.0524923
0.0534425
0.054066
0.0543636
0.0543382
0.0540065
0.0533619
0.0524114
0.0511633
0.0496282
0.0478848
0.0458812
0.043633
0.0411567
0.0384698
0.0356979
0.032753
0.0296555
0.0264263
0.023087
0.0197892
0.016424
0.0130133
0.00957993
0.00614709
0.00287102
-0.000360176
-0.00352675
-0.00661022
-0.0095926
-0.0123397
-0.0149498
-0.0174055
-0.0196904
-0.0217904
-0.0236113
-0.0252252
-0.0266231
-0.027796
-0.0287352
-0.029397
-0.029813
-0.0299813
-0.029902
-0.0295771
-0.0290227
-0.0282282
-0.0271972
-0.0259346
-0.0244468
-0.0228041
-0.0209535
-0.0189047
-0.0166685
-0.0142573
-0.0117865
-0.00916992
-0.00642414
-0.00356566
-0.000610277
0.00230037
0.00527865
0.0083092
0.0113749
0.0144572
0.0174027
0.0203285
0.0232193
0.0260609
0.02884
0.0314183
0.0339057
0.0362871
0.0385483
0.0406767
0.0425643
0.0442991
0.0458722
0.0472745
0.0484967
0.0494732
0.0502544
0.0508356
0.0512138
0.0513872
0.0513445
0.0510939
0.050635
0.0499687
0.0490971
0.0480625
0.0468299
0.045403
0.0437857
0.0419832
0.0400846
0.0380174
0.0357927
0.0334224
0.0309179
0.028404
0.0257768
0.0230477
0.0202302
0.0173399
0.0145249
0.01167
0.00878998
0.0058984
0.00300841
0.000265845
-0.00244741
-0.00511663
-0.00772737
-0.0102664
-0.0126051
-0.0148502
-0.0169914
-0.0190182
-0.0209197
-0.0225976
-0.0241305
-0.025511
-0.0267335
-0.0277936
-0.0286385
-0.029314
-0.0298178
-0.030149
-0.0303081
-0.0302905
-0.0301049
-0.0297533
-0.0292378
-0.0285609
-0.0277613
-0.0268105
-0.0257163
-0.0244878
-0.0231341
-0.0217328
-0.0202218
-0.0186085
-0.016901
-0.0151092
-0.0133374
-0.0115034
-0.00961811
-0.00769137
-0.00573231
-0.00385471
-0.00196301
-6.72873e-05
0.00182167
0.00369296
0.00543308
0.00713609
0.00879392
0.0103994
0.0119459
0.013338
0.0146603
0.0159087
0.0170792
0.0181681
0.0191046
0.0199497
0.0206914
0.021326
0.0218509
0.022225
0.0224884
0.0226419
0.0226879
0.0226294
0.0224601
0.0221958
0.0218421
0.0214045
0.0208881
0.0203127
0.0196688
0.0189625
0.0182004
0.01739
0.0165722
0.0157212
0.0148449
0.0139507
0.0130456
0.0121785
0.0113115
0.0104495
0.00959737
0.00875929
0.00798382
0.00722907
0.00649913
0.00579774
0.00512791
0.00453136
0.00396761
0.0034371
0.00294004
0.00247668
0.00207854
0.00171252
0.00137821
0.00107468
0.000800598
0.000576109
0.000376571
0.000200668
4.72133e-05
-8.50139e-05
-0.000184643
-0.000267261
-0.000334695
-0.000388686
-0.000430757
-0.000456271
-0.000472984
-0.000481983
-0.00048424
-0.000480629
-0.000470467
-0.000456255
-0.000438801
-0.000418892
-0.000397279
-0.000375439
-0.000352999
-0.000330288
-0.000307419
-0.000284396
-0.00026276
-0.000240872
-0.000218991
-0.000197398
-0.000176341
-0.000157286
-0.000138763
-0.000120907
-0.000103854
-8.77506e-05
-7.34542e-05
-6.01229e-05
-4.78955e-05
-3.68858e-05
-2.71958e-05
-1.91205e-05
-1.23916e-05
-7.09595e-06
-3.2766e-06
-9.31349e-07
-1.81752e-08
0
0
0
0
0
0
0
0
0
0
0
0
0
0
0
0
0
0
0
0
0
0
0
0
0
0
0
0
0
0
0
0
0
0
0
0
0
0
0
0
0
0
0
0
0
0
0
0
0
0
0
0
0
0
0
0
0
0
0
0
0
0
0
