-0.481357
-0.481731
-0.480605
-0.478023
-0.474041
-0.468723
-0.462143
-0.454382
-0.445525
-0.435664
-0.424893
-0.413317
-0.401046
-0.388196
-0.374883
-0.361221
-0.347319
-0.333287
-0.31923
-0.305252
-0.291454
-0.277935
-0.264782
-0.252074
-0.239883
-0.228274
-0.217307
-0.207039
-0.197516
-0.188777
-0.180849
-0.17375
-0.167485
-0.162054
-0.157447
-0.153647
-0.150628
-0.148355
-0.146784
-0.145865
-0.145541
-0.145753
-0.146434
-0.147513
-0.148914
-0.150558
-0.152362
-0.154245
-0.156122
-0.157905
-0.159504
-0.160826
-0.161779
-0.162271
-0.162213
-0.161521
-0.160114
-0.157911
-0.154838
-0.150824
-0.145806
-0.139731
-0.132556
-0.124246
-0.114777
-0.104129
-0.092293
-0.0792702
-0.0650726
-0.0497248
-0.0332641
-0.0157393
0.00278967
0.0222525
0.0425688
0.0636478
0.085389
0.107683
0.130412
0.153449
0.17666
0.199903
0.223028
0.245882
0.268308
0.290147
0.311238
0.331421
0.350533
0.368414
0.384908
0.399862
0.413129
0.42457
0.434052
0.441447
0.446637
0.449513
0.44998
0.447954
0.443368
0.436169
0.426315
0.413779
0.398548
0.380624
0.360027
0.336795
0.31098
0.282651
0.251889
0.218789
0.183463
0.146036
0.10665
0.0654617
0.0226379
-0.0216423
-0.0671892
-0.113802
-0.161267
-0.209361
-0.257851
-0.306498
-0.355056
-0.403278
-0.450915
-0.497717
-0.543433
-0.587817
-0.630623
-0.671613
-0.710553
-0.747219
-0.781394
-0.812871
-0.84146
-0.866983
-0.889276
-0.908195
-0.923609
-0.935406
-0.943496
-0.947808
-0.948293
-0.944922
-0.937686
-0.92659
-0.911659
-0.892939
-0.870497
-0.844423
-0.81483
-0.781847
-0.745618
-0.706299
-0.66406
-0.619088
-0.571583
-0.521768
-0.469876
-0.416151
-0.360846
-0.304215
-0.24652
-0.188027
-0.129009
-0.0697401
-0.0104992
0.0484372
0.106794
0.164302
0.220693
0.27571
0.329103
0.380636
0.430084
0.47723
0.521869
0.563801
0.602837
0.6388
0.671534
0.700904
0.726797
0.749116
0.767781
0.782724
0.793895
0.801261
0.804811
0.804559
0.800537
0.792795
0.781394
0.766415
0.747951
0.726115
0.701039
0.672872
0.641772
0.607909
0.571463
0.532624
0.491595
0.448593
0.403844
0.357582
0.31004
0.261457
0.212071
0.162127
0.111874
0.0615613
0.0114373
-0.0382552
-0.0872811
-0.135412
-0.182424
-0.228098
-0.27222
-0.314587
-0.355006
-0.3933
-0.429306
-0.462875
-0.493866
-0.522152
-0.547618
-0.570165
-0.589714
-0.606202
-0.61958
-0.629816
-0.636891
-0.640801
-0.641559
-0.639198
-0.633765
-0.625323
-0.613942
-0.599707
-0.582712
-0.563064
-0.540889
-0.516327
-0.489529
-0.460655
-0.42987
-0.397344
-0.363249
-0.327766
-0.291081
-0.253388
-0.214882
-0.175763
-0.136228
-0.0964734
-0.0566964
-0.0170932
0.0221415
0.0608172
0.0987499
0.135764
0.171692
0.206374
0.239654
0.271385
0.301426
0.329644
0.355921
0.38015
0.402235
0.422094
0.439653
0.454845
0.467618
0.477931
0.48576
0.491098
0.493953
0.494345
0.492307
0.487881
0.48112
0.472086
0.460854
0.447512
0.432158
0.414897
0.395844
0.375118
0.352847
0.329164
0.30421
0.278133
0.251082
0.223213
0.194679
0.165636
0.136242
0.106657
0.0770397
0.0475511
0.0183468
-0.0104218
-0.0386083
-0.0660701
-0.0926679
-0.118266
-0.142734
-0.16595
-0.187798
-0.208177
-0.226993
-0.244161
-0.259604
-0.273254
-0.285052
-0.29495
-0.302911
-0.308909
-0.312927
-0.314956
-0.314998
-0.313066
-0.309184
-0.303389
-0.295728
-0.286256
-0.275032
-0.262122
-0.2476
-0.231547
-0.214056
-0.195228
-0.175173
-0.154006
-0.131843
-0.108801
-0.0850031
-0.0605715
-0.035634
-0.0103207
0.015237
0.0409079
0.0665615
0.0920688
0.117302
0.142138
0.166455
0.19014
0.213082
0.235178
0.256327
0.276432
0.295399
0.313139
0.329571
0.344625
0.35824
0.370365
0.380952
0.389964
0.397366
0.403133
0.40725
0.409711
0.410522
0.4097
0.407264
0.403241
0.397661
0.39056
0.381984
0.371986
0.360627
0.347978
0.334115
0.319116
0.303065
0.286048
0.268156
0.249482
0.230122
0.210177
0.189751
0.168948
0.147873
0.126634
0.105336
0.0840847
0.0629853
0.0421406
0.0216511
0.00161502
-0.0178726
-0.0367203
-0.0548403
-0.0721488
-0.0885662
-0.104017
-0.11843
-0.131739
-0.143883
-0.154808
-0.164465
-0.172813
-0.179817
-0.185449
-0.189688
-0.192521
-0.193937
-0.193935
-0.192519
-0.189702
-0.185501
-0.179946
-0.173069
-0.164912
-0.155521
-0.144948
-0.133249
-0.120486
-0.106725
-0.0920356
-0.0764906
-0.0601675
-0.043147
-0.0255141
-0.00735717
0.0112324
0.0301616
0.0493375
0.0686677
0.0880605
0.107424
0.126667
0.145696
0.164417
0.182739
0.200573
0.217835
0.234447
0.250335
0.265427
0.279655
0.292956
0.305268
0.316538
0.326718
0.335768
0.343655
0.350349
0.355829
0.360079
0.36309
0.364858
0.36539
0.364698
0.362798
0.359713
0.355472
0.350108
0.343662
0.336179
0.327709
0.318309
0.308034
0.296945
0.285106
0.272586
0.259458
0.245803
0.231703
0.217243
0.202507
0.187579
0.172539
0.157471
0.142457
0.127581
0.112926
0.0985769
0.0846137
0.0711147
0.0581541
0.0458026
0.0341267
0.0231882
0.0130438
0.00374465
-0.00466317
-0.0121377
-0.0186406
-0.0241375
-0.0285987
-0.0320009
-0.0343281
-0.0355718
-0.03573
-0.0348059
-0.0328071
-0.0297456
-0.0256388
-0.0205111
-0.0143941
-0.00732647
0.00064774
0.00948061
0.0191214
0.0295166
0.0406088
0.0523367
0.0646342
0.0774321
0.0906588
0.104242
0.118109
0.132186
0.146399
0.160672
0.174932
0.189102
0.203109
0.216883
0.230354
0.243454
0.256117
0.268281
0.279887
0.29088
0.301212
0.310834
0.319705
0.327786
0.335041
0.341442
0.346968
0.351601
0.35533
0.358149
0.360055
0.36105
0.361141
0.360342
0.358672
0.356153
0.35281
0.348611
0.343445
0.337353
0.33039
0.322616
0.3141
0.304912
0.295125
0.284811
0.274047
0.262907
0.251472
0.239819
0.228029
0.216178
0.204342
0.192592
0.181
0.169632
0.158551
0.147815
0.137472
0.127567
0.118139
0.109223
0.10085
0.0930471
0.0858325
0.0792171
0.0732036
0.0677882
0.0629629
0.0587173
0.0550375
0.0519057
0.0492981
0.0471852
0.0455321
0.0443013
0.043454
0.0429513
0.0427535
0.0428191
0.0431049
0.0435659
0.0441569
0.0448346
0.0455582
0.0462902
0.0469963
0.0476444
0.0482049
0.0486511
0.048959
0.0491086
0.0490834
0.0488711
0.048463
0.047854
0.0470431
0.0460329
0.0448295
0.0434418
0.0418817
0.0401629
0.0383012
0.0363145
0.0342222
0.032045
0.0298046
0.0275229
0.0252218
0.022923
0.0206478
0.0184172
0.0162509
0.014168
0.0121855
0.0103189
0.00858197
0.00698638
0.00554207
0.0042571
0.0031376
0.00218777
0.00140986
0.000804329
0.000369883
0.000103691
1.51425e-06
0
0
0
0
0
0
0
0
0
0
0
0
0
0
0
0
0
0
0
0
0
0
0
0
0
0
0
0
0
0
0
0
0
0
0
0
0
0
0
0
0
0
0
0
0
0
0
0
0
0
0
0
0
0
0
0
0
0
0
0
0
0
0
0
0
0
0
0
0
0
0
0
0
0
0
0
0
0
0
0
0
0
0
0
0
0
0
0
0
0
0
0
0
0
0
0
0
0
0
0
0
0
0
0
0
0
0
0
0
0
0
0
0
0
0
0
0
0
0
0
0
0
0
0
0
0
0
0
0
0
0
0
0
0
0
0
0
0
0
0
0
0
0
0
0
0
0
0
0
0
0
0
0
0
0
0
0
0
0
0
0
0
0
0
0
0
0
0
0
0
0
0
0
0
0
0
0
0
0
0
0
0
0
0
0
0
0
0
0
0
0
0
0
0
0
0
0
0
0
0
0
0
0
0
0
0
0
0
0
0
0
0
0
0
0
0
0
0
0
0
0
0
0
0
0
0
0
0
0
0
0
0
0
0
0
0
0
0
0
0
0
0
0
0
0
0
0
0
0
0
0
0
0
0
0
0
0
0
0
0
0
0
0
0
0
0
0
0
0
0
0
0
0
0
0
0
0
0
0
0
0
0
0
0
0
0
0
0
0
0
0
0
0
0
0
0
0
0
0
0
0
0
0
0
0
0
0
0
0
0
0
0
0
0
0
0
0
0
0
0
0
0
0
0
0
0
0
0
0
0
0
0
0
0
0
0
0
0
0
0
0
0
0
0
0
0
0
0
0
0
0
0
0
0
0
0
0
0
0
0
0
0
0
0
0
0
0
0
0
0
0
0
0
0
0
0
0
0
0
0
0
0
0
0
0
0
0
0
0
0
0
0
0
0
0
0
0
0
0
0
0
0
0
0
0
0
0
0
0
0
0
0
0
0
0
0
0
0
0
0
0
0
0
0
0
0
0
0
0
0
0
0
0
0
0
0
0
0
0
0
0
0
0
0
0
0
0
0
0
0
0
0
0
0
0
0
0
0
0
0
0
0
0
0
0
0
0
0
0
0
0
0
0
0
0
0
0
0
0
0
0
0
0
0
0
0
0
0
0
0
0
0
0
0
0
0
0
0
0
0
0
0
0
0
0
0
0
0
0
0
0
0
0
0
0
0
0
0
0
0
0
2.51087e-06
0.000168921
0.000592646
0.00126901
0.00219308
0.00335972
0.00476365
0.00639952
0.00826198
0.0103458
0.0126458
0.0151571
0.0178749
0.0207946
0.0239114
0.0272209
0.0307187
0.0344003
0.0382615
0.0422979
0.0465056
0.0508806
0.0554196
0.0601196
0.064978
0.0699924
0.0751603
0.0804789
0.085945
0.0915553
0.0973067
0.103197
0.109223
0.115384
0.121676
0.128096
0.134638
0.141297
0.148066
0.154938
0.161909
0.168972
0.176124
0.18336
0.190675
0.198064
0.205521
0.213041
0.220614
0.228232
0.235883
0.243553
0.251231
0.258906
0.26657
0.274214
0.281832
0.289414
0.296949
0.304423
0.311822
0.319132
0.326341
0.333439
0.340412
0.34725
0.353935
0.360452
0.366785
0.372921
0.378851
0.384568
0.390063
0.395327
0.400346
0.405102
0.409579
0.41376
0.417632
0.421186
0.424414
0.427309
0.429859
0.432054
0.433881
0.435332
0.436401
0.437086
0.437391
0.437319
0.436879
0.436256
0.435527
0.434694
0.433759
0.432725
0.431595
0.430368
0.429044
0.42762
0.426092
0.424461
0.42273
0.420903
0.418987
0.416986
0.414907
0.412757
0.41054
0.408259
0.405913
0.403506
0.401038
0.398508
0.395918
0.393264
0.390557
0.3878
0.384998
0.382151
0.379255
0.376316
0.37334
0.370333
0.367307
0.364261
0.361207
0.358143
0.355063
0.351963
0.348834
0.345683
0.342519
0.339346
0.336169
0.332986
0.329798
0.326599
0.323388
0.320165
0.316932
0.313686
0.310423
0.307138
0.303823
0.300483
0.297114
0.293721
0.290311
0.286889
0.283465
0.280024
0.276559
0.273068
0.269554
0.266038
0.262507
0.258963
0.255407
0.251836
0.248273
0.244697
0.241117
0.237541
0.233978
0.23046
0.226965
0.223493
0.220047
0.21663
0.213274
0.20996
0.206693
0.203475
0.200309
0.197221
0.194196
0.191241
0.188361
0.185562
0.182856
0.180225
0.177664
0.175171
0.172747
0.170401
0.168143
0.16598
0.163917
0.161957
0.160079
0.158297
0.156612
0.155021
0.153527
0.152088
0.150745
0.149494
0.148335
0.147267
0.146232
0.145287
0.144429
0.143652
0.142943
0.142217
0.141538
0.140895
0.140283
0.139695
0.139036
0.13838
0.13771
0.137006
0.136249
0.135337
0.134338
0.133239
0.132027
0.130687
0.129128
0.127404
0.125492
0.123373
0.121032
0.118412
0.115546
0.112427
0.109046
0.105393
0.101453
0.0972192
0.0926814
0.0878301
0.0826575
0.0772026
0.0714171
0.0653
0.0588528
0.0520798
0.0450857
0.0377781
0.0301639
0.0222499
0.0140438
0.00570567
-0.00290247
-0.0117644
-0.0208606
-0.0301695
-0.0394782
-0.0489577
-0.0585885
-0.0683507
-0.0782225
-0.0879654
-0.0977629
-0.107582
-0.117387
-0.127142
-0.136603
-0.145943
-0.155131
-0.164135
-0.17292
-0.18128
-0.189358
-0.19712
-0.204536
-0.211577
-0.218104
-0.224201
-0.229841
-0.235002
-0.239661
-0.243783
-0.247369
-0.250402
-0.252868
-0.254751
-0.256128
-0.256891
-0.257028
-0.256533
-0.255407
-0.253867
-0.251722
-0.248991
-0.245697
-0.241864
-0.237828
-0.233299
-0.228305
-0.222878
-0.217053
-0.211263
-0.205159
-0.198787
-0.19219
-0.185418
-0.178942
-0.172394
-0.165831
-0.159315
-0.15291
-0.147081
-0.141482
-0.136168
-0.131192
-0.126609
-0.122798
-0.11949
-0.116736
-0.114587
-0.11309
-0.112479
-0.112603
-0.113499
-0.115205
-0.117756
-0.121195
-0.125537
-0.130803
-0.137004
-0.144148
-0.152039
-0.160871
-0.17064
-0.181335
-0.192947
-0.205056
-0.218038
-0.231864
-0.246494
-0.261885
-0.277415
-0.293606
-0.310405
-0.327752
-0.345584
-0.363141
-0.381046
-0.399225
-0.417603
-0.436101
-0.453916
-0.471692
-0.489344
-0.506784
-0.523919
-0.539995
-0.55558
-0.570588
-0.584935
-0.598542
-0.610841
-0.622256
-0.632717
-0.642154
-0.650499
-0.657447
-0.663181
-0.66765
-0.67081
-0.672624
-0.673143
-0.672264
-0.669973
-0.666261
-0.661127
-0.654998
-0.647461
-0.63853
-0.628229
-0.616592
-0.604411
-0.590992
-0.576398
-0.560702
-0.543984
-0.527332
-0.509824
-0.491544
-0.47258
-0.453027
-0.434134
-0.414853
-0.39529
-0.375558
-0.355773
-0.337199
-0.318801
-0.300687
-0.28297
-0.265758
-0.250149
-0.235258
-0.221191
-0.208054
-0.195953
-0.185669
-0.176617
-0.168886
-0.162552
-0.157687
-0.154593
-0.153082
-0.153197
-0.154977
-0.158452
-0.163372
-0.17002
-0.178399
-0.188504
-0.200318
-0.213025
-0.227381
-0.243342
-0.26085
-0.279839
-0.298982
-0.319448
-0.341146
-0.363977
-0.38783
-0.411006
-0.434964
-0.459575
-0.484704
-0.510212
-0.534229
-0.55834
-0.582403
-0.606272
-0.629798
-0.651184
-0.671943
-0.691938
-0.711033
-0.729095
-0.744637
-0.758892
-0.771743
-0.783076
-0.792784
-0.799901
-0.8052
-0.808601
-0.810029
-0.809419
-0.806483
-0.801414
-0.794185
-0.784779
-0.77319
-0.759882
-0.744412
-0.726803
-0.707092
-0.685322
-0.662672
-0.638086
-0.61164
-0.583425
-0.553542
-0.52377
-0.492565
-0.460051
-0.426365
-0.391644
-0.358045
-0.323695
-0.288736
-0.253319
-0.217602
-0.183863
-0.150148
-0.116622
-0.0834494
-0.0507966
-0.0207793
0.00840301
0.0366021
0.0636736
0.0894779
0.112336
0.133672
0.153372
0.171331
0.18745
0.200699
0.21195
0.221141
0.228221
0.233148
0.23566
0.235971
0.234074
0.229977
0.223701
0.215779
0.205762
0.193707
0.179684
0.163768
0.147192
0.128895
0.108972
0.087531
0.06469
0.0422158
0.0186015
-0.00601447
-0.0314891
-0.0576767
-0.0825248
-0.107801
-0.133366
-0.159082
-0.184813
-0.208495
-0.231923
-0.254971
-0.277511
-0.29942
-0.318874
-0.337481
-0.355147
-0.371788
-0.387326
-0.400389
-0.412217
-0.422752
-0.431946
-0.439759
-0.4454
-0.449609
-0.452374
-0.453692
-0.453566
-0.451831
-0.448679
-0.444131
-0.438218
-0.430978
-0.422828
-0.413442
-0.402877
-0.391193
-0.378456
-0.365552
-0.351738
-0.337088
-0.321679
-0.305588
-0.289997
-0.273884
-0.257331
-0.240422
-0.22324
-0.207074
-0.190795
-0.174479
-0.158197
-0.14202
-0.127158
-0.112532
-0.0982054
-0.0842337
-0.0706685
-0.0584906
-0.046801
-0.0356318
-0.0250122
-0.014969
-0.00616702
0.00201607
0.00956717
0.0164792
0.0227517
0.0280762
0.0327789
0.0368743
0.0403784
0.0433075
0.045668
0.0474923
0.0488035
0.0496262
0.0499863
0.0501337
0.0498762
0.0492451
0.0482709
0.0469833
0.0457714
0.0443041
0.0426083
0.0407075
0.0386217
0.0367645
0.0347598
0.0326267
0.030384
0.0280503
0.0259854
0.0238704
0.0217274
0.0195781
0.0174434
0.0155667
0.0137453
0.0119971
0.0103364
0.00877303
0.0073919
0.00611777
0.00495284
0.00389918
0.0029597
0.00208372
0.0013307
0.000705516
0.00021232
-0.000146683
-0.000519642
-0.000765111
-0.000891496
-0.000908557
-0.00082681
-0.000836869
-0.000775052
-0.000656934
-0.000496978
-0.000307884
-0.000245573
-0.000177627
-0.000112684
-5.40291e-05
