0
0
0
0
0
0
0
0
0
0
0
0
0
0
0
0
0
0
0
0
0
0
0
0
0
0
0
0
0
0
0
0
0
0
0
0
0
0
0
0
0
0
0
0
0
0
0
0
0
0
0
0
0
0
0
0
0
0
0
0
0
0
0
0
0
0
0
0
0
0
0
0
0
0
0
0
0
0
0
0
0
0
0
0
0
0
0
0
0
0
0
0
0
0
0
0
0
0
0
0
0
0
0
0
0
0
0
0
0
0
0
0
0
0
0
0
0
0
0
0
0
0
0
0
0
0
0
0
0
0
0
0
0
0
0
0
0
0
0
0
0
0
0
0
0
0
0
0
0
0
0
0
0
0
0
0
0
0
0
0
0
0
0
0
0
0
0
0
0
0
0
0
0
0
0
0
0
0
0
0
0
0
0
0
0
0
0
0
0
0
0
0
0
0
0
0
0
0
0
0
0
0
0
0
0
0
0
0
0
0
0
0
0
0
0
0
0
0
0
0
0
0
0
0
0
0
0
0
0
0
0
0
0
0
0
0
3.08283e-06
1.34266e-05
3.20327e-05
5.9649e-05
9.67629e-05
0.000143597
0.000200112
0.000266008
0.000340734
0.000423505
0.000513311
0.000608942
0.000709004
0.000811946
0.000916079
0.00101961
0.00112065
0.00121729
0.00130762
0.00138972
0.00146175
0.00152193
0.00156853
0.00159996
0.0016147
0.00161144
0.00158906
0.00154669
0.0014837
0.00139969
0.00129448
0.00116808
0.00102067
0.000852659
0.000664715
0.000457745
0.0002329
-8.47967e-06
-0.000264916
-0.000534834
-0.000816575
-0.00110838
-0.00140836
-0.00171453
-0.00202479
-0.00233704
-0.00264915
-0.00295909
-0.00326481
-0.00356436
-0.00385577
-0.00413718
-0.00440679
-0.00466293
-0.0049041
-0.00512891
-0.00533611
-0.00552457
-0.00569328
-0.00584134
-0.00596802
-0.00607271
-0.00615491
-0.00621421
-0.00625027
-0.0062629
-0.00625203
-0.00621777
-0.00616035
-0.00608013
-0.0059775
-0.00585287
-0.00570673
-0.00553968
-0.00535252
-0.00514617
-0.0049217
-0.0046801
-0.00442232
-0.00414918
-0.00386157
-0.00356055
-0.00324746
-0.00292398
-0.00259199
-0.00225334
-0.00190972
-0.00156259
-0.00121325
-0.000863033
-0.000513616
-0.000166451
0.00017713
0.00051573
0.000848028
0.00117284
0.00148905
0.00179555
0.00209107
0.00237423
0.00264362
0.00289789
0.00313586
0.00335651
0.00355882
0.00374171
0.00390391
0.0040441
0.004161
0.00425355
0.00432101
0.00436293
0.00437902
0.00436903
0.00433267
0.00426962
0.00417964
0.00406264
0.00391877
0.00374839
0.00355201
0.00333029
0.00308395
0.00281387
0.0025211
0.00220689
0.0018727
0.00152012
0.0011509
0.000766895
0.000370069
-3.74708e-05
-0.000453467
-0.000875507
-0.00130104
-0.00172741
-0.0021519
-0.00257178
-0.00298436
-0.00338702
-0.0037772
-0.00415238
-0.00451005
-0.00484771
-0.00516282
-0.00545294
-0.00571581
-0.00594939
-0.00615196
-0.00632208
-0.0064585
-0.00656017
-0.00662616
-0.00665565
-0.00664802
-0.00660283
-0.00651987
-0.00639918
-0.00624103
-0.00604602
-0.00581505
-0.00554934
-0.00525045
-0.00492015
-0.00456038
-0.0041732
-0.00376073
-0.00332524
-0.0028692
-0.0023953
-0.00190649
-0.00140592
-0.000896917
-0.000382887
0.000132707
0.000646391
0.0011547
0.00165421
0.00214154
0.00261336
0.00306642
0.00349752
0.00390361
0.00428177
0.00462932
0.00494384
0.00522319
0.00546553
0.00566926
0.00583303
0.0059558
0.00603681
0.00607568
0.00607236
0.00602714
0.00594063
0.00581373
0.00564762
0.0054438
0.00520408
0.00493057
0.00462568
0.00429201
0.00393242
0.00354994
0.00314791
0.00272984
0.00229947
0.00186066
0.0014173
0.000973247
0.000532329
9.82918e-05
-0.000325182
-0.00073451
-0.00112624
-0.0014971
-0.00184398
-0.00216392
-0.00245409
-0.00271175
-0.00293436
-0.00311964
-0.00326568
-0.00337101
-0.00343463
-0.00345596
-0.00343482
-0.00337139
-0.00326619
-0.00312007
-0.00293424
-0.00271021
-0.0024498
-0.00215514
-0.00182871
-0.00147334
-0.00109228
-0.000689151
-0.000267908
0.000167262
0.000612014
0.00106191
0.00151241
0.00195893
0.00239682
0.00282141
0.00322803
0.00361208
0.003969
0.00429433
0.00458364
0.00483265
0.00503729
0.00519375
0.00529858
0.00534874
0.00534155
0.00527473
0.00514635
0.0049549
0.00469931
0.00437903
0.00399406
0.00354496
0.00303285
0.00245943
0.00182695
0.00113815
0.00039627
-0.000395003
-0.00123161
-0.00210913
-0.0030228
-0.00396749
-0.0049377
-0.00592759
-0.00693091
-0.00794111
-0.00895132
-0.00995441
-0.0109431
-0.0119099
-0.0128475
-0.0137484
-0.0146053
-0.0154113
-0.0161593
-0.0168427
-0.0174551
-0.0179902
-0.0184422
-0.0188056
-0.0190754
-0.0192469
-0.019316
-0.0192793
-0.0191338
-0.0188775
-0.0185089
-0.0180274
-0.0174332
-0.0167271
-0.0159106
-0.0149857
-0.0139551
-0.0128224
-0.0115915
-0.0102673
-0.00885532
-0.00736177
-0.00579363
-0.00415853
-0.00246471
-0.00072089
0.00106378
0.00287987
0.00471769
0.00656734
0.00841873
0.0102616
0.0120855
0.0138801
0.0156348
0.0173392
0.018983
0.0205559
0.0220479
0.0234495
0.0247514
0.0259449
0.0270219
0.0279749
0.0287972
0.0294826
0.0300257
0.0304219
0.0306673
0.0307588
0.0306941
0.0304717
0.0300911
0.0295524
0.0288568
0.0280064
0.0270041
0.0258541
0.0245611
0.023131
0.0215703
0.0198864
0.0180875
0.0161823
0.0141801
0.0120907
0.00992452
0.0076922
0.00540499
0.00307447
0.000712516
-0.00166871
-0.00405683
-0.00643934
-0.00880358
-0.0111368
-0.0134265
-0.0156599
-0.0178249
-0.0199097
-0.0219026
-0.0237929
-0.0255702
-0.0272249
-0.0287482
-0.0301322
-0.0313697
-0.0324546
-0.0333816
-0.0341464
-0.0347456
-0.0351767
-0.0354385
-0.0355303
-0.0354526
-0.0352069
-0.0347953
-0.0342209
-0.0334878
-0.0326009
-0.0315659
-0.0303892
-0.029078
-0.0276401
-0.026084
-0.0244187
-0.0226538
-0.0207993
-0.0188659
-0.0168643
-0.0148055
-0.0127008
-0.0105617
-0.00839949
-0.00622578
-0.00405201
-0.00188948
0.000250746
0.00235786
0.00442136
0.00643106
0.00837715
0.0102503
0.0120418
0.0137434
0.0153476
0.0168475
0.0182369
0.0195103
0.0206629
0.0216903
0.0225894
0.0233576
0.023993
0.0244946
0.0248621
0.0250959
0.0251972
0.0251678
0.0250104
0.0247281
0.024325
0.0238053
0.0231742
0.0224372
0.0216002
0.0206699
0.019653
0.0185569
0.0173891
0.0161575
0.01487
0.0135347
0.0121598
0.0107534
0.00932392
0.00787937
0.00642789
0.00497743
0.0035357
0.00211018
0.000708067
-0.00066376
-0.00199873
-0.00329061
-0.00453358
-0.00572224
-0.00685167
-0.00791742
-0.00891552
-0.00984248
-0.0106953
-0.0114714
-0.0121689
-0.0127863
-0.0133226
-0.0137774
-0.0141506
-0.0144426
-0.0146543
-0.0147871
-0.0148428
-0.0148236
-0.014732
-0.0145709
-0.0143433
-0.0140527
-0.0137026
-0.0132971
-0.0128403
-0.0123366
-0.0117904
-0.0112063
-0.0105888
-0.00994254
-0.00927204
-0.00858193
-0.0078768
-0.00716114
-0.00643934
-0.00571567
-0.00499429
-0.00427917
-0.00357412
-0.00288271
-0.00220829
-0.00155395
-0.000922574
-0.000316862
0.00026073
0.000808006
0.00132308
0.0018044
0.00225071
0.00266099
0.00303442
0.00337039
0.00366845
0.00392843
0.00415041
0.00433476
0.00448204
0.00459301
0.00466858
0.00470984
0.00471805
0.00469462
0.00464113
0.00455921
0.00445057
0.00431696
0.00416024
0.00398237
0.00378545
0.00357162
0.00334299
0.00310162
0.00284945
0.00258841
0.00232042
0.00204741
0.00177135
0.00149413
0.00121752
0.000943183
0.000672674
0.000407482
0.000149045
-0.000101286
-0.000342293
-0.000572929
-0.000792296
-0.000999593
-0.00119405
-0.00137493
-0.00154153
-0.00169331
-0.00182993
-0.00195127
-0.00205732
-0.00214817
-0.00222391
-0.00228462
-0.00233047
-0.00236173
-0.00237885
-0.00238237
-0.00237288
-0.002351
-0.00231734
-0.00227254
-0.00221733
-0.00215253
-0.00207901
-0.00199768
-0.00190942
-0.00181508
-0.00171552
-0.00161163
-0.00150434
-0.00139457
-0.00128323
-0.00117111
-0.00105899
-0.00094759
-0.000837652
-0.000729935
-0.000625185
-0.000524092
-0.000427262
-0.000335224
-0.000248457
-0.000167422
-9.25582e-05
-2.42653e-05
3.71366e-05
9.14196e-05
0.000138433
0.000178071
0.000210245
0.000234888
0.000251983
0.000261596
0.000263756
0.000257422
0.000242712
0.000220327
0.000191207
0.000156552
0.000117844
7.68268e-05
3.54466e-05
-4.2391e-06
-4.01358e-05
-7.01519e-05
-9.22104e-05
-0.000104261
-0.000104315
-9.05103e-05
-6.11763e-05
-1.48904e-05
4.94928e-05
0.000132822
0.000235622
0.000358065
0.000499932
0.000660611
0.000839103
0.00103405
0.00124372
0.001466
0.00169837
0.00193788
0.00218119
0.00242466
0.00266445
0.00289651
0.00311665
0.0033205
0.00350351
0.00366105
0.00378847
0.00388122
0.00393486
0.00394519
0.00390828
0.00382055
0.00367891
0.00348083
0.00322438
0.00290811
0.002531
0.00209243
0.00159225
0.00103099
0.000410062
-0.000268135
-0.00100038
-0.00178285
-0.00261122
-0.00348081
-0.00438648
-0.00532253
-0.00628248
-0.00725905
-0.00824428
-0.00922973
-0.0102068
-0.0111668
-0.012101
-0.0130006
-0.0138567
-0.0146602
-0.0154023
-0.0160742
-0.0166675
-0.0171742
-0.017587
-0.017899
-0.0181042
-0.0181976
-0.0181748
-0.0180327
-0.0177691
-0.0173831
-0.0168745
-0.0162436
-0.015492
-0.0146221
-0.0136375
-0.0125429
-0.0113448
-0.0100504
-0.00866843
-0.00721099
-0.00568463
-0.00409679
-0.00245446
-0.00076501
0.000963729
0.00272467
0.00450764
0.00630329
0.00810205
0.00989437
0.0116728
0.0134268
0.0151474
0.0168261
0.0184539
0.0200239
0.0215242
0.0229461
0.024281
0.0255214
0.026663
0.0276973
0.0286184
0.0294212
0.0301008
0.0306557
0.0310803
0.0313719
0.0315288
0.0315494
0.0314347
0.031183
0.0307953
0.0302741
0.0296227
0.0288457
0.0279475
0.0269332
0.025808
0.0245781
0.0232487
0.0218291
0.0203281
0.0187548
0.0171187
0.0154254
0.0136889
0.0119192
0.0101263
0.00832083
0.00650608
0.00469956
0.00291163
0.00115204
-0.000569849
-0.00225458
-0.00388396
-0.00544966
-0.00694368
-0.00835842
-0.00969834
-0.0109458
-0.0120954
-0.0131431
-0.0140856
-0.0149322
-0.0156691
-0.0162948
-0.0168086
-0.0172108
-0.0175131
-0.0177067
-0.0177944
-0.0177801
-0.0176685
-0.0174725
-0.0171914
-0.0168324
-0.0164027
-0.01591
-0.0153628
-0.0147678
-0.0141333
-0.0134684
-0.0127827
-0.0120789
-0.0113731
-0.010674
-0.00999001
-0.00932985
-0.00868631
-0.00808525
-0.00753574
-0.00704576
-0.0066217
-0.00624246
-0.00593832
-0.00571318
-0.00557084
-0.00551459
-0.00551212
-0.00559856
-0.00577289
-0.00603291
-0.00637579
-0.00675857
-0.00721736
-0.00774731
-0.00834191
-0.00899301
-0.00965116
-0.010347
-0.011071
-0.0118133
-0.0125633
-0.0132747
-0.0139692
-0.014633
-0.015252
-0.0158126
-0.0162794
-0.0166606
-0.0169422
-0.0171098
-0.0171489
-0.0170435
-0.016784
-0.0163599
-0.0157614
-0.0149795
-0.0140267
-0.0128734
-0.0115128
-0.00993999
-0.00815172
-0.00619483
-0.0040209
-0.00163097
0.000972469
0.00378503
0.00672647
0.00986205
0.0131816
0.0166733
0.0203243
0.0240263
0.0278573
0.0317992
0.0358324
0.0399357
0.0439826
0.0480546
0.0521278
0.0561772
0.0601763
0.0639962
0.0677111
0.0712935
0.0747161
0.0779515
0.0808884
0.0835831
0.0860082
0.0881373
0.0899447
0.0913561
0.0923994
0.0930532
0.0932977
0.0931144
0.0924831
0.0913936
0.0898344
0.0877964
0.0852726
0.0823093
0.0788538
0.0749075
0.0704745
0.0655628
0.0602897
0.0545616
0.0483944
0.0418071
0.0348215
0.0276192
0.0200712
0.012208
0.00406225
-0.00433056
-0.0127413
-0.0213219
-0.0300306
-0.0388239
-0.0476568
-0.0562786
-0.0648474
-0.0733156
-0.0816346
-0.0897546
-0.0974346
-0.104817
-0.111854
-0.118499
-0.124705
-0.130279
-0.135328
-0.139812
-0.143694
-0.146939
-0.14943
-0.151223
-0.152291
-0.152613
-0.152168
-0.150941
-0.148923
-0.146107
-0.142492
-0.138078
-0.132965
-0.127069
-0.120408
-0.113
-0.10487
-0.0962253
-0.0869191
-0.0769873
-0.0664704
-0.055413
-0.0441139
-0.0323745
-0.0202493
-0.0077951
0.00492885
0.0175682
0.0303521
0.0432153
0.056091
0.0689118
0.0813108
0.0935209
0.105476
0.117109
0.128353
0.138876
0.148883
0.158314
0.167112
0.175222
0.182397
0.188788
0.194351
0.19905
0.202848
0.205617
0.207432
0.208274
0.208128
0.206984
0.204853
0.201722
0.1976
0.192499
0.186436
0.179562
0.171776
0.163111
0.153604
0.143302
0.132482
0.120966
0.10881
0.0960732
0.0828181
0.0694129
0.0556231
0.0415187
0.0271715
0.0126552
-0.00161981
-0.0159144
-0.0301539
-0.0442641
-0.0581719
-0.0714807
-0.0844473
-0.0970049
-0.109088
-0.120632
-0.131303
-0.141317
-0.150624
-0.159173
-0.166924
-0.17365
-0.179504
-0.184457
-0.188486
-0.191572
-0.193624
-0.194712
-0.194833
-0.193991
-0.192195
-0.189498
-0.185883
-0.181373
-0.175999
-0.169793
-0.162941
-0.155337
-0.147027
-0.138061
-0.128494
-0.118611
-0.10824
-0.0974425
-0.0862801
-0.0748179
-0.0633988
-0.0518113
-0.0401205
-0.0283914
-0.0166892
-0.00536424
0.00580575
0.0167586
0.0274341
0.0377753
0.0474735
0.0567354
0.065515
0.0737686
0.0814549
0.088343
0.0945921
0.100174
0.105064
0.109245
0.112593
0.115209
0.117087
0.118226
0.118629
0.118288
0.117233
0.115479
0.113047
0.109961
0.106322
0.102089
0.0972968
0.0919828
0.086187
0.080091
0.0736003
0.0667615
0.0596232
0.0522347
0.0448262
0.0372662
0.029604
0.0218887
0.0141698
0.00668698
-0.000703333
-0.00795573
-0.0150266
-0.0218745
-0.0282886
-0.0344035
-0.0401849
-0.0456017
-0.0506254
-0.0551034
-0.0591413
-0.0627204
-0.0658251
-0.0684437
-0.0704999
-0.0720585
-0.0731192
-0.0736847
-0.0737602
-0.0733483
-0.0724651
-0.0711251
-0.0693468
-0.0671523
-0.0646177
-0.0617174
-0.0584792
-0.0549324
-0.0511081
-0.0471328
-0.0429464
-0.0385831
-0.0340779
-0.029466
-0.0248984
-0.0202971
-0.0156989
-0.0111406
-0.00665733
-0.0023955
0.00172799
0.00568439
0.00944567
0.0129843
0.0161822
0.0191069
0.0217374
0.0240556
0.0260464
0.0276425
0.0288887
0.0297772
0.0303028
0.030463
0.030247
0.0296682
0.0287309
0.0274415
0.0258093
0.0238791
0.0216337
0.0190912
0.0162715
0.0131956
0.00995317
0.00649911
0.00285758
-0.00094552
-0.00488296
-0.00883809
-0.0128724
-0.0169586
-0.021069
-0.0251752
-0.0291547
-0.0330722
-0.0369
-0.0406121
-0.0441841
-0.0475117
-0.050654
-0.0535894
-0.0562973
-0.058759
-0.0609029
-0.0627713
-0.0643535
-0.06564
-0.0666226
-0.0672734
-0.0676098
-0.0676304
-0.0673368
-0.0667326
-0.0658383
-0.0646438
-0.063156
-0.0613844
-0.059341
-0.05709
-0.0545992
-0.051886
-0.0489682
-0.0458638
-0.0426658
-0.0393207
-0.035851
-0.0322796
-0.02863
-0.0250113
-0.0213589
-0.0176944
-0.01404
-0.0104176
-0.00693458
-0.00352518
-0.000207629
0.00300126
0.00608539
0.00895629
0.0116709
0.0142143
0.0165729
0.0187346
0.02064
0.0223304
0.0237987
0.0250391
0.0260468
0.026798
0.0273128
0.0275915
0.0276362
0.0274495
0.0270446
0.0264175
0.0255748
0.0245246
0.0232761
0.0218761
0.020298
0.0185531
0.0166537
0.0146134
0.0125051
0.0102834
0.00796141
0.00555152
0.00306679
0.000593846
-0.00192425
-0.00447138
-0.00703202
-0.00959216
-0.0120631
-0.0145104
-0.0169234
-0.0192904
-0.0215998
-0.0237688
-0.02586
-0.0278661
-0.0297807
-0.0315973
-0.0332501
-0.0347896
-0.0362086
-0.0375021
-0.0386673
-0.0396647
-0.0405323
-0.0412682
-0.0418687
-0.0423293
-0.0426317
-0.0427895
-0.0428044
-0.0426803
-0.0424217
-0.0420444
-0.0415405
-0.0409124
-0.0401629
-0.0392952
-0.0383505
-0.0372965
-0.0361386
-0.0348825
-0.0335254
-0.0321234
-0.0306247
-0.0290384
-0.0273743
-0.0256431
-0.0239331
-0.0221778
-0.0203875
-0.0185718
-0.0167395
-0.0149849
-0.013232
-0.0114926
-0.00977927
-0.00810423
-0.00656022
-0.00506968
-0.00363797
-0.00227056
-0.000974458
0.000171387
0.00123075
0.00219667
0.00306489
0.00383364
0.00445261
0.00497186
0.00538872
0.00569972
0.00590232
0.00597276
0.00593884
0.00580571
0.00557898
0.0052636
0.0048664
0.00438872
0.00383575
0.00321419
0.00253196
0.00182266
0.00106776
0.000275373
-0.000545993
-0.00138705
-0.00219743
-0.00301023
-0.00381574
-0.00460517
-0.00537052
-0.00605787
-0.00670948
-0.0073171
-0.00787282
-0.00836983
-0.00875985
-0.00908694
-0.00934833
-0.00954163
-0.00966461
-0.00968196
-0.00963117
-0.00951305
-0.00932983
-0.00908492
-0.00876088
-0.00838735
-0.00796913
-0.00751154
-0.00702066
-0.00649275
-0.00594789
-0.00539352
-0.004837
-0.00428547
-0.00374272
-0.00321935
-0.00272149
-0.0022548
-0.00182432
-0.00143437
-0.00108849
-0.000789314
-0.000538551
-0.000336913
-0.000184272
-7.8912e-05
-1.85809e-05
0
0
0
0
0
0
0
0
0
0
0
0
0
0
0
0
0
0
0
0
0
0
0
0
0
0
0
0
0
0
0
0
0
0
0
0
0
0
0
0
0
0
0
0
0
0
0
0
0
0
0
0
0
0
0
0
0
0
0
0
0
0
0
0
0
0
0
0
0
0
0
0
0
0
0
0
0
0
0
0
0
0
0
0
0
0
0
0
0
0
0
0
0
0
0
0
0
0
0
0
0
0
0
0
0
0
0
0
0
0
0
0
0
0
0
0
0
0
0
0
0
0
0
0
0
0
0
0
0
0
0
0
0
0
0
0
0
0
0
0
0
0
0
0
0
0
0
0
0
0
0
0
0
0
0
0
0
0
0
0
0
0
0
0
0
0
0
0
0
0
0
0
0
0
0
0
0
0
0
0
0
0
0
0
0
0
0
0
0
0
0
0
0
0
0
0
0
0
0
0
0
0
0
0
0
0
0
0
0
0
0
0
0
0
0
0
0
0
0
0
0
0
0
0
0
0
0
0
0
0
0
0
0
0
0
0
