0
0
0
0
0
0
0
0
0
0
0
0
0
0
0
0
0
0
0
0
0
0
0
0
0
0
0
0
0
0
0
0
0
0
0
0
0
0
0
0
0
0
0
0
0
0
0
0
0
0
0
0
0
0
0
0
0
0
0
0
0
0
0
0
0
0
0
0
0
0
0
0
0
0
0
0
0
0
0
0
0
0
0
0
0
0
0
0
0
0
0
0
0
0
0
0
0
0
0
0
0
0
0
0
0
0
0
0
0
0
0
0
0
0
0
0
0
0
0
0
0
0
0
0
0
0
0
0
0
0
0
0
0
0
0
0
0
0
0
0
0
0
0
0
0
0
0
0
0
0
0
0
0
0
0
0
0
0
0
0
0
0
0
0
0
0
0
0
0
0
0
0
0
0
0
0
0
0
0
0
0
0
0
0
0
0
0
0
0
0
0
0
0
0
0
0
0
0
0
0
0
0
0
0
0
0
0
0
0
0
0
0
0
0
0
0
0
0
0
0
0
0
0
0
0
0
0
0
0
0
0
0
0
0
0
0
0
0
0
0
0
0
0
0
0
0
0
0
0
0
0
0
0
0
0
0
0
0
0
0
0
0
0
0
0
0
0
0
0
0
0
0
0
0
0
0
0
0
0
0
0
0
0
0
0
0
0
0
0
0
0
0
0
0
0
0
0
0
0
0
0
0
0
0
0
0
0
0
0
0
0
0
0
0
0
0
0
0
0
0
0
0
1.59025e-08
6.03585e-07
1.98487e-06
4.07494e-06
6.77552e-06
9.97628e-06
1.35564e-05
1.73861e-05
2.13283e-05
2.52398e-05
2.8973e-05
3.23776e-05
3.53037e-05
3.76042e-05
3.91378e-05
3.97706e-05
3.93768e-05
3.78386e-05
3.5047e-05
3.09048e-05
2.53292e-05
1.82566e-05
9.64461e-06
-5.26544e-07
-1.22542e-05
-2.55133e-05
-4.02567e-05
-5.64133e-05
-7.3888e-05
-9.25615e-05
-0.000112291
-0.000132913
-0.000154244
-0.000176079
-0.0001982
-0.00022037
-0.000242341
-0.000263855
-0.000284649
-0.000304449
-0.000322978
-0.000339948
-0.000355064
-0.000368027
-0.000378542
-0.000386321
-0.000391098
-0.000392632
-0.000390713
-0.000385165
-0.000375844
-0.000362634
-0.000345447
-0.00032422
-0.000298927
-0.000269591
-0.000236294
-0.000199186
-0.000158478
-0.000114432
-6.73437e-05
-1.7532e-05
3.46664e-05
8.88915e-05
0.00014475
0.000201809
0.000259589
0.000317573
0.000375207
0.000431913
0.000487105
0.000540197
0.000590625
0.000637854
0.000681377
0.000720708
0.00075537
0.000784882
0.000808768
0.000826578
0.00083792
0.000842488
0.000840078
0.000830572
0.000813924
0.00079013
0.000759223
0.000721282
0.000676455
0.000624982
0.00056722
0.000503814
0.000435242
0.000361907
0.000284221
0.000202596
0.000117458
2.927e-05
-6.14532e-05
-0.000154133
-0.000248134
-0.000342784
-0.000437404
-0.000531325
-0.000623908
-0.000714529
-0.000802563
-0.00088737
-0.000968286
-0.00104463
-0.00111574
-0.00118098
-0.00123976
-0.00129154
-0.00133581
-0.00137211
-0.00139996
-0.00141895
-0.00142869
-0.00142885
-0.00141917
-0.00139945
-0.00136954
-0.00132939
-0.00127898
-0.00121839
-0.00114774
-0.00106721
-0.000977039
-0.000877459
-0.000768756
-0.000651261
-0.000525383
-0.000391614
-0.000250534
-0.000102794
5.09068e-05
0.000209832
0.000373218
0.000540274
0.000710181
0.000882085
0.00105511
0.00122833
0.00140081
0.00157159
0.00173968
0.0019041
0.00206389
0.00221813
0.00236595
0.00250649
0.00263891
0.00276239
0.00287607
0.00297918
0.00307096
0.00315078
0.00321807
0.00327232
0.0033131
0.00333997
0.00335256
0.00335052
0.0033336
0.00330162
0.0032545
0.00319225
0.00311494
0.00302276
0.00291595
0.00279484
0.00265981
0.0025113
0.0023498
0.00217585
0.00199008
0.00179322
0.00158608
0.00136954
0.0011445
0.000911864
0.000672517
0.000427367
0.000177377
-7.63931e-05
-0.000332786
-0.000590571
-0.000848492
-0.00110531
-0.00135984
-0.00161094
-0.0018575
-0.00209844
-0.00233265
-0.00255905
-0.00277655
-0.00298408
-0.00318059
-0.00336508
-0.00353659
-0.00369425
-0.00383729
-0.00396501
-0.00407683
-0.00417221
-0.00425067
-0.00431179
-0.00435524
-0.00438078
-0.00438828
-0.00437775
-0.00434926
-0.00430297
-0.00423903
-0.00415763
-0.004059
-0.00394341
-0.00381126
-0.00366307
-0.00349948
-0.0033212
-0.00312902
-0.00292373
-0.0027061
-0.00247692
-0.00223702
-0.00198724
-0.00172853
-0.00146189
-0.00118833
-0.000908907
-0.000624633
-0.000336506
-4.55011e-05
0.000247423
0.000541307
0.000835191
0.0011281
0.00141905
0.00170703
0.00199105
0.0022701
0.00254324
0.00280959
0.00306836
0.00331881
0.00356021
0.00379185
0.00401293
0.00422267
0.00442031
0.00460519
0.00477675
0.00493455
0.00507821
0.00520732
0.00532147
0.00542018
0.00550301
0.00556958
0.00561962
0.00565298
0.00566958
0.00566938
0.00565233
0.0056184
0.00556756
0.00549982
0.00541524
0.00531395
0.00519612
0.00506201
0.00491192
0.00474621
0.00456532
0.00436971
0.00415982
0.0039361
0.003699
0.00344901
0.00318671
0.0029128
0.00262807
0.0023334
0.00202966
0.0017177
0.00139831
0.00107228
0.000740449
0.000403725
6.31478e-05
-0.000280156
-0.000625012
-0.000970261
-0.0013148
-0.00165757
-0.00199759
-0.0023338
-0.00266512
-0.00299036
-0.00330822
-0.0036174
-0.00391662
-0.00420468
-0.00448049
-0.00474304
-0.00499135
-0.00522444
-0.00544125
-0.00564069
-0.00582165
-0.00598309
-0.00612409
-0.00624386
-0.00634175
-0.00641719
-0.00646967
-0.00649868
-0.00650371
-0.00648428
-0.00643998
-0.00637056
-0.00627591
-0.00615614
-0.00601148
-0.00584226
-0.00564889
-0.00543177
-0.00519135
-0.00492818
-0.0046429
-0.00433635
-0.00400954
-0.00366364
-0.00329991
-0.00291968
-0.00252429
-0.00211513
-0.00169362
-0.00126129
-0.000819774
-0.0003708
8.38028e-05
0.000542145
0.00100229
0.00146231
0.00192023
0.00237417
0.00282222
0.00326254
0.00369331
0.00411268
0.00451879
0.00490975
0.00528371
0.00563883
0.00597343
0.00628592
0.00657489
0.00683908
0.00707731
0.00728852
0.0074717
0.00762596
0.00775044
0.00784443
0.00790731
0.00793864
0.00793811
0.00790564
0.00784135
0.00774554
0.00761869
0.00746146
0.00727461
0.00705907
0.0068159
0.00654631
0.00625163
0.00593335
0.00559304
0.0052324
0.00485318
0.00445723
0.00404646
0.00362285
0.00318844
0.00274527
0.00229544
0.00184105
0.00138423
0.000927091
0.000471749
2.02822e-05
-0.000425276
-0.000862942
-0.00129078
-0.00170692
-0.00210953
-0.00249688
-0.00286734
-0.0032194
-0.00355168
-0.00386291
-0.00415194
-0.00441768
-0.00465918
-0.00487559
-0.00506624
-0.00523058
-0.00536826
-0.00547904
-0.00556283
-0.00561962
-0.00564957
-0.00565296
-0.00563022
-0.00558193
-0.00550878
-0.00541156
-0.00529114
-0.00514847
-0.0049846
-0.00480068
-0.00459794
-0.00437769
-0.00414132
-0.00389022
-0.00362585
-0.00334967
-0.0030632
-0.00276798
-0.0024656
-0.00215764
-0.00184567
-0.00153126
-0.00121591
-0.000901105
-0.000588303
-0.000278909
2.57111e-05
0.000324244
0.000615436
0.000898101
0.00117113
0.00143348
0.00168423
0.00192251
0.00214757
0.00235873
0.0025554
0.00273705
0.00290326
0.00305367
0.00318803
0.00330618
0.00340806
0.0034937
0.00356323
0.00361682
0.00365471
0.00367721
0.00368468
0.00367756
0.00365635
0.00362163
0.00357401
0.00351417
0.00344278
0.00336056
0.00326825
0.0031666
0.00305637
0.00293834
0.0028133
0.00268202
0.00254529
0.00240388
0.00225856
0.00211012
0.00195929
0.00180682
0.0016534
0.00149967
0.00134625
0.00119372
0.00104266
0.000893593
0.000743583
0.000591019
0.000441056
0.000298579
0.000168109
5.37788e-05
-4.06958e-05
-0.000112049
-0.000157492
-0.000174731
-0.000161975
-0.000117934
-4.1813e-05
6.66979e-05
0.000207438
0.000379799
0.000582761
0.000814921
0.00107452
0.00135943
0.00166721
0.0019951
0.00234008
0.00269893
0.00306833
0.00344484
0.0038249
0.00420483
0.0045808
0.00494888
0.00530512
0.00564562
0.00596658
0.00626428
0.0065351
0.00677544
0.00698181
0.00715082
0.00727925
0.00736408
0.00740241
0.0073915
0.00732879
0.00721194
0.00703894
0.00680818
0.00651836
0.00616846
0.00575763
0.00528521
0.00475081
0.00415446
0.00349667
0.00277847
0.00200126
0.00116676
0.000276893
-0.000666159
-0.00165988
-0.00270135
-0.00378716
-0.00491349
-0.00607614
-0.00727055
-0.0084918
-0.0097346
-0.0109933
-0.012262
-0.0135346
-0.0148049
-0.0160665
-0.0173131
-0.018538
-0.0197345
-0.0208958
-0.0220153
-0.0230868
-0.024104
-0.0250609
-0.0259515
-0.0267701
-0.0275113
-0.0281701
-0.0287421
-0.0292233
-0.02961
-0.0298988
-0.030087
-0.0301725
-0.0301543
-0.0300414
-0.0298433
-0.0295599
-0.0291913
-0.0287318
-0.0281877
-0.0275599
-0.0268496
-0.0260585
-0.0251834
-0.0242314
-0.0232049
-0.0221062
-0.0209384
-0.0197013
-0.0184019
-0.017044
-0.0156316
-0.0141687
-0.0126591
-0.0111077
-0.00951949
-0.00789953
-0.00625298
-0.00458857
-0.00290796
-0.00121663
0.000479581
0.00217453
0.00385366
0.00551895
0.00716435
0.00878401
0.0103721
0.0119096
0.0134034
0.0148473
0.0162352
0.0175612
0.0188025
0.0199708
0.0210607
0.0220668
0.0229839
0.0237873
0.024492
0.0250937
0.0255882
0.0259714
0.0262193
0.0263485
0.0263559
0.0262391
0.0259961
0.0256074
0.025089
0.0244394
0.0236576
0.0227431
0.021685
0.0204954
0.0191756
0.0177272
0.0161523
0.0144515
0.01263
0.0106918
0.00864175
0.00648484
0.00423672
0.00189274
-0.000541013
-0.00305774
-0.00564985
-0.00828537
-0.0109792
-0.0137223
-0.0165055
-0.0193191
-0.0221168
-0.0249242
-0.0277304
-0.0305236
-0.0332922
-0.0359774
-0.0386144
-0.0411912
-0.0436953
-0.046115
-0.0483859
-0.0505481
-0.0525898
-0.054499
-0.056264
-0.0578212
-0.0592114
-0.0604233
-0.0614462
-0.0622697
-0.06284
-0.0631916
-0.0633157
-0.0632043
-0.06285
-0.0622184
-0.0613324
-0.0601877
-0.0587809
-0.0571096
-0.0551662
-0.0529569
-0.0504829
-0.0477468
-0.0447525
-0.0415252
-0.038051
-0.0343374
-0.0303933
-0.0262287
-0.021903
-0.0173805
-0.0126748
-0.00780093
-0.00277519
0.00231156
0.00751382
0.012812
0.0181857
0.0236138
0.0289823
0.0343605
0.039725
0.0450514
0.0503151
0.0553902
0.0603534
0.0651801
0.0698458
0.0743257
0.0784971
0.0824345
0.0861149
0.0895163
0.0926175
0.095316
0.0976747
0.0996751
0.1013
0.102535
0.103312
0.103673
0.103609
0.103112
0.102174
0.100775
0.0989284
0.0966342
0.0938945
0.0907135
0.0871238
0.083107
0.0786736
0.0738361
0.0686095
0.0630805
0.0571987
0.0509851
0.0444621
0.0376541
0.0306937
0.0235027
0.0161107
0.00854873
0.000848769
-0.00682411
-0.0145693
-0.0223531
-0.0301406
-0.0378966
-0.0454413
-0.0528833
-0.060188
-0.0673206
-0.0742472
-0.0807959
-0.087073
-0.0930474
-0.0986896
-0.103972
-0.108751
-0.11312
-0.117056
-0.120538
-0.123547
-0.125987
-0.127922
-0.129341
-0.130235
-0.130597
-0.13039
-0.129644
-0.12836
-0.126541
-0.12419
-0.121334
-0.117967
-0.114102
-0.109754
-0.104942
-0.0997515
-0.0941385
-0.0881258
-0.0817391
-0.0750059
-0.068064
-0.0608369
-0.0533571
-0.0456578
-0.0377729
-0.0298728
-0.0218548
-0.0137528
-0.0056013
0.00256516
0.0105625
0.0185058
0.0263613
0.0340955
0.041676
0.0489255
0.0559605
0.0627528
0.0692761
0.0755051
0.0812895
0.0867333
0.0918158
0.0965181
0.100824
0.104624
0.108002
0.110949
0.113457
0.115522
0.117084
0.118197
0.118859
0.119072
0.118842
0.118162
0.117054
0.115527
0.113592
0.111264
0.108584
0.105539
0.102146
0.0984229
0.0943897
0.0901316
0.0856057
0.0808334
0.0758366
0.0706373
0.0653486
0.0599029
0.0543234
0.0486335
0.0428561
0.0371199
0.0313403
0.0255386
0.0197359
0.0139536
0.00832344
0.00275422
-0.00273565
-0.00812919
-0.0134107
-0.0184592
-0.0233664
-0.0281182
-0.0327008
-0.0371014
-0.041216
-0.0451282
-0.0488307
-0.0523173
-0.0555825
-0.0585471
-0.06128
-0.0637768
-0.0660339
-0.0680496
-0.0697715
-0.0712526
-0.0724944
-0.0734985
-0.0742661
-0.0747706
-0.0750423
-0.0750845
-0.0749016
-0.0744994
-0.0738792
-0.0730514
-0.0720215
-0.0707944
-0.0693756
-0.0677885
-0.0660223
-0.0640842
-0.0619816
-0.0597215
-0.0573477
-0.0548301
-0.0521759
-0.049393
-0.0464897
-0.0435283
-0.0404622
-0.0372983
-0.0340433
-0.0307044
-0.0273566
-0.0239412
-0.0204672
-0.0169432
-0.0133776
-0.00985416
-0.00630291
-0.00273067
0.000854916
0.0044451
0.00794914
0.0114387
0.0149046
0.0183385
0.0217329
0.0250001
0.0282125
0.0313617
0.034438
0.0374315
0.0402588
0.0429846
0.0456014
0.0481021
0.0504802
0.0526678
0.0547185
0.0566245
0.0583779
0.0599715
0.0613563
0.0625693
0.0636054
0.0644598
0.0651284
0.0655869
0.0658523
0.0659215
0.0657922
0.0654624
0.0649354
0.0642055
0.0632732
0.0621406
0.0608115
0.0593205
0.0576418
0.0557797
0.0537383
0.0515223
0.0491911
0.046699
0.0440553
0.0412702
0.0383542
0.0353888
0.0323128
0.0291368
0.0258723
0.0225323
0.019213
0.0158458
0.0124448
0.00902335
0.00559524
0.00225908
-0.00105671
-0.00433891
-0.00757476
-0.0107519
-0.0137792
-0.0167232
-0.0195711
-0.0223097
-0.0249264
-0.0273452
-0.0296213
-0.0317469
-0.0337149
-0.0355184
-0.0371066
-0.0385161
-0.0397405
-0.0407748
-0.0416155
-0.0422414
-0.0426707
-0.0429033
-0.042939
-0.0427786
-0.0424299
-0.0418892
-0.0411603
-0.0402478
-0.0391572
-0.0379244
-0.0365263
-0.0349703
-0.0332651
-0.0314198
-0.0294928
-0.0274446
-0.0252847
-0.0230233
-0.0206712
-0.0183012
-0.0158642
-0.0133726
-0.0108382
-0.00827265
-0.00575282
-0.00322359
-0.000695924
0.00181885
0.00430919
0.00670084
0.00904605
0.0113349
0.0135584
0.015708
0.0177224
0.0196476
0.0214764
0.0232021
0.0248187
0.026282
0.0276262
0.0288478
0.0299438
0.0309125
0.0317312
0.0324207
0.0329811
0.033413
0.0337173
0.0338913
0.033941
0.0338686
0.0336773
0.0333708
0.0329656
0.032455
0.0318444
0.0311397
0.030347
0.0294965
0.0285701
0.0275739
0.0265143
0.0253985
0.0242658
0.0230915
0.0218827
0.0206464
0.0193889
0.0181517
0.0169052
0.0156553
0.0144082
0.0131706
0.0119829
0.0108172
0.00967684
0.0085627
0.00747948
0.00646064
0.00548154
0.00454704
0.00366234
0.00283245
0.0020829
0.00139476
0.00076919
0.000206282
-0.000294333
-0.000720124
-0.00108422
-0.00138677
-0.00162853
-0.00181124
-0.00193287
-0.00200205
-0.00202275
-0.00199882
-0.00193377
-0.00183224
-0.00169603
-0.00152864
-0.00133399
-0.00111628
-0.000885257
-0.000639483
-0.000382838
-0.000118859
0.000149255
0.000411357
0.000672388
0.000929879
0.00118147
0.00142489
0.00165063
0.00186435
0.00206416
0.00224844
0.0024159
0.00255945
0.00268525
0.00279317
0.00288335
0.00295599
0.00300677
0.00304091
0.00305871
0.00306065
0.0030474
0.00301696
0.00297368
0.00291873
0.00285321
0.0027781
0.0026927
0.00259956
0.0024995
0.00239343
0.00228228
0.0021664
0.00204734
0.00192595
0.00180303
0.00167944
0.00155599
0.00143357
0.00131297
0.00119489
0.00107995
0.000968871
0.00086191
0.000759542
0.000662221
0.000570367
0.000484537
0.000404827
0.000331544
0.000264971
0.000205372
0.000153068
0.00010815
7.0811e-05
4.12151e-05
1.94993e-05
5.78252e-06
1.49058e-07
0
0
0
0
0
0
0
0
0
0
0
0
0
0
0
0
0
0
0
0
0
0
0
0
0
0
0
0
0
0
0
0
0
0
0
0
0
0
0
0
0
0
0
0
0
0
0
0
0
0
0
0
0
0
0
0
0
0
0
0
0
0
0
0
0
0
0
0
0
0
0
0
0
0
0
0
0
0
0
0
0
0
0
0
0
0
0
0
0
0
0
0
0
0
0
0
0
0
0
0
0
0
0
0
0
0
0
0
0
0
0
0
0
0
0
0
0
0
0
0
0
0
0
0
0
0
0
0
0
0
0
0
0
0
0
0
0
0
0
0
0
0
0
0
0
0
0
0
0
0
0
0
0
0
0
0
0
0
0
0
0
0
0
0
0
0
0
0
0
0
0
0
0
0
0
0
0
0
0
0
0
0
0
0
0
0
0
0
0
0
0
0
0
0
0
0
0
0
0
0
0
0
0
0
0
0
0
0
0
0
0
0
0
0
0
0
0
0
0
0
0
0
0
0
0
0
0
0
0
0
0
0
0
0
0
0
0
0
0
0
0
0
0
0
0
0
0
0
0
0
0
0
0
0
0
0
0
0
0
0
0
0
0
0
0
0
0
0
0
0
0
0
0
0
0
0
0
0
0
0
0
0
0
0
0
0
0
0
0
0
0
0
0
0
0
0
0
0
0
0
0
0
0
0
0
0
0
0
0
0
0
0
0
0
0
0
0
0
0
0
0
0
