-0
-0
-0
-0
-0
-0
-0
-0
-0
-0
-0
-0
-0
-0
-0
-0
-0
-0
-0
-0
-0
-0
-0
0
0
0
0
0
0
0
0
0
0
0
0
0
0
0
0
0
0
0
0
0
0
0
0
0
0
0
0
0
0
0
0
0
0
0
0
0
0
0
0
0
0
0
0
0
0
0
0
0
-0
-0
-0
-0
-0
-0
-0
-0
-0
-0
-0
-0
-0
-0
-0
-0
-0
-0
-0
-0
-0
-0
-0
-0
-0
-0
-0
-0
-0
-0
-0
-0
-0
-0
-0
-0
-0
-0
-0
-0
-0
-0
0
0
0
0
0
0
0
0
0
0
0
0
0
0
0
0
0
0
0
0
0
0
0
0
0
0
0
0
0
0
0
0
0
0
0
0
0
0
-0
-0
-0
-0
-0
-0
-0
-0
-0
-0
-0
-0
-0
-0
-0
-0
-0
-0
-0
-0
-0
0
0
0
0
0
0
0
0
0
0
0
0
0
0
0
0
0
0
0
0
0
0
0
0
0
0
0
0
3.14277e-05
0.000124013
0.000261198
0.000422769
0.00058526
0.000722309
0.000805091
0.00080283
0.000683393
0.000413941
-3.83707e-05
-0.000705695
-0.00161879
-0.00280634
-0.00429425
-0.00610496
-0.00825665
-0.0107625
-0.0136302
-0.0168613
-0.0204508
-0.0243873
-0.0286525
-0.0332208
-0.0380594
-0.0431274
-0.0483769
-0.0537529
-0.0591945
-0.0646357
-0.0700061
-0.0752313
-0.0802327
-0.0849281
-0.0892323
-0.0930588
-0.0963209
-0.0989335
-0.100814
-0.101885
-0.102071
-0.101303
-0.0995175
-0.0966603
-0.0926858
-0.087559
-0.0812565
-0.0737667
-0.0650896
-0.0552373
-0.0442337
-0.0321143
-0.0189264
-0.00472916
0.0104064
0.0263971
0.0431477
0.0605523
0.0784953
0.0968534
0.115497
0.134289
0.153089
0.171749
0.190115
0.208031
0.225341
0.24189
0.257531
0.272123
0.285534
0.297638
0.30832
0.317472
0.325002
0.330828
0.334882
0.33711
0.337472
0.335939
0.3325
0.327157
0.319932
0.31086
0.299995
0.287401
0.273158
0.257357
0.240101
0.221506
0.201767
0.181049
0.159457
0.137095
0.114073
0.0905009
0.0664915
0.0421585
0.017616
-0.00702188
-0.0316421
-0.0561324
-0.0803814
-0.104279
-0.127718
-0.150594
-0.172808
-0.194265
-0.214875
-0.234552
-0.253213
-0.270783
-0.287191
-0.302372
-0.316272
-0.32884
-0.340032
-0.349809
-0.358138
-0.364988
-0.370341
-0.374183
-0.376511
-0.37733
-0.376651
-0.374493
-0.370877
-0.365833
-0.359392
-0.351592
-0.342475
-0.332088
-0.32048
-0.307709
-0.293836
-0.278926
-0.263051
-0.246285
-0.228705
-0.210392
-0.191425
-0.171886
-0.151857
-0.131421
-0.110659
-0.089655
-0.068491
-0.0472519
-0.0260228
-0.00488867
0.0160667
0.0367616
0.0571165
0.0770544
0.0964998
0.11538
0.133624
0.151165
0.16794
0.183888
0.19895
0.213069
0.226187
0.23825
0.249207
0.259016
0.267642
0.275055
0.281235
0.286162
0.289821
0.2922
0.293288
0.293081
0.291579
0.288787
0.284712
0.279367
0.272768
0.264937
0.2559
0.245693
0.234352
0.221922
0.208448
0.193983
0.178583
0.16231
0.145231
0.12742
0.108953
0.089906
0.070359
0.0503907
0.0300811
0.00951143
-0.0112352
-0.0320735
-0.0529156
-0.0736714
-0.0942492
-0.114557
-0.134503
-0.153997
-0.172953
-0.191285
-0.208909
-0.225743
-0.241707
-0.256723
-0.270716
-0.283619
-0.295368
-0.305906
-0.315183
-0.323152
-0.329773
-0.33501
-0.338837
-0.341233
-0.342182
-0.34168
-0.339728
-0.336336
-0.331523
-0.325315
-0.317747
-0.308862
-0.298707
-0.287336
-0.274805
-0.261179
-0.246526
-0.230922
-0.214447
-0.19719
-0.179242
-0.1607
-0.141663
-0.122233
-0.102514
-0.0826135
-0.0626382
-0.0426981
-0.0229041
-0.0033676
0.0158004
0.0344907
0.0525973
0.070018
0.0866558
0.102418
0.11722
0.130979
0.143624
0.155088
0.165313
0.174249
0.181855
0.188098
0.192953
0.196408
0.198456
0.199104
0.198363
0.196256
0.192815
0.18808
0.182101
0.174937
0.166655
0.157329
0.147039
0.135869
0.123908
0.111247
0.0979838
0.0842178
0.0700507
0.0555851
0.0409245
0.0261726
0.0114333
-0.00319068
-0.0175987
-0.0316944
-0.045386
-0.0585869
-0.071215
-0.0831921
-0.0944443
-0.104903
-0.114507
-0.123203
-0.130948
-0.137707
-0.143452
-0.148159
-0.151814
-0.154409
-0.155943
-0.156429
-0.155886
-0.154342
-0.151834
-0.148404
-0.144102
-0.138983
-0.133108
-0.126542
-0.119357
-0.111625
-0.103423
-0.0948333
-0.0859413
-0.0768368
-0.0676111
-0.0583552
-0.0491575
-0.0401043
-0.0312799
-0.0227673
-0.014649
-0.00700555
8.56479e-05
0.00655235
0.0123283
0.0173537
0.0215749
0.0249442
0.0274209
0.0289717
0.0295715
0.0292032
0.0278578
0.0255339
0.0222369
0.01798
0.012784
0.00667767
-0.000303103
-0.00811577
-0.0167119
-0.0260372
-0.0360315
-0.0466277
-0.0577529
-0.0693281
-0.0812706
-0.0934948
-0.105914
-0.118439
-0.13098
-0.143448
-0.155752
-0.167803
-0.179513
-0.190796
-0.201569
-0.211749
-0.221256
-0.230015
-0.237953
-0.245004
-0.251108
-0.256209
-0.26026
-0.26322
-0.265053
-0.265737
-0.265253
-0.263596
-0.260765
-0.25677
-0.251626
-0.245357
-0.237993
-0.229574
-0.220146
-0.209762
-0.198481
-0.186364
-0.173482
-0.159908
-0.145721
-0.131002
-0.115836
-0.100308
-0.0845066
-0.0685217
-0.052445
-0.0363697
-0.0203886
-0.00459315
0.0109273
0.0260853
0.0407951
0.0549731
0.0685386
0.0814161
0.0935362
0.104836
0.115257
0.124747
0.133255
0.140737
0.147156
0.15248
0.156689
0.15977
0.161715
0.162518
0.162182
0.160716
0.158135
0.154467
0.149745
0.144008
0.137296
0.129653
0.121127
0.111775
0.101659
0.0908515
0.0794245
0.0674523
0.0550084
0.042166
0.029001
0.0155923
0.00202169
-0.0116288
-0.0252792
-0.0388526
-0.0522745
-0.0654714
-0.0783699
-0.0908982
-0.102988
-0.114577
-0.125608
-0.136031
-0.145797
-0.154859
-0.163172
-0.170696
-0.1774
-0.183258
-0.188254
-0.192376
-0.195615
-0.197962
-0.199414
-0.199975
-0.199655
-0.198474
-0.196456
-0.193626
-0.190013
-0.185649
-0.180572
-0.174823
-0.16845
-0.161503
-0.154033
-0.146091
-0.137728
-0.129
-0.119966
-0.110687
-0.101223
-0.0916343
-0.0819785
-0.0723111
-0.0626883
-0.0531674
-0.043806
-0.0346604
-0.0257827
-0.01722
-0.00901467
-0.00120595
0.00616883
0.0130739
0.0194757
0.0253444
0.0306543
0.0353841
0.0395158
0.0430346
0.0459289
0.0481916
0.0498207
0.0508194
0.0511952
0.0509586
0.0501225
0.0487015
0.0467133
0.0441792
0.0411243
0.0375778
0.0335716
0.0291399
0.0243189
0.0191469
0.0136645
0.00791339
0.00193638
-0.00422369
-0.010524
-0.0169213
-0.0233719
-0.0298312
-0.036255
-0.0426007
-0.0488276
-0.0548976
-0.0607742
-0.0664213
-0.0718034
-0.0768858
-0.0816365
-0.0860268
-0.0900321
-0.0936308
-0.0968037
-0.0995333
-0.101804
-0.103602
-0.104918
-0.105749
-0.106091
-0.105947
-0.105321
-0.104217
-0.102643
-0.100612
-0.0981364
-0.0952349
-0.0919265
-0.0882319
-0.0841731
-0.0797741
-0.0750616
-0.0700646
-0.0648136
-0.0593392
-0.0536723
-0.0478434
-0.0418841
-0.0358276
-0.0297086
-0.0235624
-0.0174232
-0.0113237
-0.00529473
0.000633897
0.00643213
0.0120695
0.0175156
0.0227418
0.0277216
0.0324319
0.0368516
0.0409611
0.0447415
0.0481749
0.0512456
0.0539407
0.0562511
0.0581708
0.0596956
0.0608222
0.061548
0.0618718
0.0617945
0.0613203
0.0604568
0.0592141
0.0576039
0.0556388
0.0533323
0.0506989
0.047755
0.044519
0.0410111
0.0372528
0.033266
0.0290729
0.0246961
0.0201584
0.0154839
0.0106971
0.00582313
0.000887165
-0.00408623
-0.00907326
-0.0140509
-0.018997
-0.0238899
-0.0287088
-0.0334336
-0.0380452
-0.0425251
-0.046856
-0.0510209
-0.0550036
-0.0587886
-0.0623614
-0.0657088
-0.068819
-0.0716817
-0.0742883
-0.0766314
-0.0787051
-0.0805049
-0.0820278
-0.0832717
-0.0842355
-0.0849187
-0.0853214
-0.0854449
-0.0852919
-0.0848666
-0.0841751
-0.0832247
-0.0820232
-0.0805786
-0.0788989
-0.0769924
-0.074868
-0.0725359
-0.0700074
-0.0672949
-0.0644118
-0.061372
-0.05819
-0.0548807
-0.0514588
-0.0479387
-0.044334
-0.0406573
-0.03692
-0.0331335
-0.0293068
-0.0254407
-0.0215518
-0.0176594
-0.0137823
-0.00993873
-0.00614629
-0.00242207
0.00121736
0.00475614
0.00817954
0.0114743
0.0146287
0.0176328
0.0204778
0.0231562
0.0256617
0.0279915
0.0301631
0.0321841
0.0340578
0.0357872
0.037375
0.038824
0.0401377
0.0413202
0.042376
0.0433094
0.0441244
0.0448241
0.0454115
0.0458895
0.0462616
0.0465316
0.0467032
0.0467795
0.0467628
0.0466544
0.0464551
0.0461656
0.0457862
0.0453169
0.0447574
0.0441066
0.0433633
0.0425262
0.0415946
0.0405676
0.0394439
0.038221
0.0368955
0.0354631
0.0339197
0.0322624
0.0304895
0.0286004
0.0265951
0.0244733
0.0222342
0.0198764
0.0173989
0.014801
0.0120828
0.00924537
0.00628999
0.00321945
3.69962e-05
-0.00325346
-0.00664757
-0.010141
-0.0137288
-0.017406
-0.0211663
-0.0250019
-0.0289024
-0.0328554
-0.0368471
-0.0408628
-0.0448884
-0.0489093
-0.0529112
-0.0568782
-0.0607928
-0.0646354
-0.0683847
-0.072019
-0.0755163
-0.0788544
-0.0820119
-0.0849666
-0.0876902
-0.0901282
-0.0922529
-0.0940404
-0.0954676
-0.0965146
-0.0971635
-0.0973994
-0.0972097
-0.0965832
-0.0955124
-0.0939911
-0.0920163
-0.0895892
-0.0867151
-0.0834049
-0.0796725
-0.0755403
-0.0710585
-0.066245
-0.0611145
-0.0556833
-0.0499699
-0.0439934
-0.0377738
-0.0313305
-0.0246844
-0.0178584
-0.0108783
-0.00377311
0.00343017
0.0107046
0.0180251
0.0253673
0.0327037
0.0400088
0.0472514
0.0543991
0.0614198
0.0682806
0.0749593
0.0814321
0.0876761
0.0936672
0.0993755
0.10478
0.109855
0.114578
0.118928
0.122881
0.126427
0.129551
0.132242
0.134492
0.136286
0.13762
0.138484
0.138868
0.138763
0.138164
0.137075
0.135503
0.133456
0.130944
0.127972
0.124549
0.120684
0.116387
0.111674
0.106566
0.101081
0.0952402
0.0890653
0.0825793
0.0758135
0.0687883
0.0615311
0.0540689
0.0464282
0.0386475
0.0307432
0.0227461
0.014689
0.00660453
-0.00145845
-0.00948837
-0.0174575
-0.0253376
-0.033098
-0.0406835
-0.0480827
-0.0552638
-0.0621988
-0.0688629
-0.0752084
-0.081237
-0.0869236
-0.0922423
-0.0971677
-0.101653
-0.105705
-0.109308
-0.11245
-0.115115
-0.117271
-0.118925
-0.120067
-0.120691
-0.120792
-0.120358
-0.119398
-0.11791
-0.115893
-0.11335
-0.110291
-0.106721
-0.102653
-0.0981006
-0.0930746
-0.0876089
-0.0816969
-0.0753561
-0.0686076
-0.061475
-0.0540245
-0.0462409
-0.0381497
-0.0297766
-0.0211483
-0.0123532
-0.00336121
0.00579689
0.0150898
0.024486
0.0338784
0.0433098
0.0527461
0.0621515
0.0714888
0.0806367
0.0896404
0.0984625
0.107066
0.115413
0.123388
0.131033
0.138314
0.145195
0.151641
0.157553
0.162963
0.167839
0.172152
0.17587
0.178931
0.181346
0.183091
0.184146
0.184493
0.184125
0.183021
0.181172
0.178567
0.175201
0.171129
0.166296
0.160708
0.154374
0.147308
0.139634
0.131258
0.122202
0.11249
0.10215
0.0913724
0.0800361
0.0681788
0.0558414
0.043068
0.030099
0.0167932
0.00320636
-0.0106027
-0.0245728
-0.0384359
-0.0523356
-0.0662078
-0.0799858
-0.0936002
-0.106787
-0.119665
-0.132164
-0.144212
-0.155741
-0.166535
-0.176676
-0.186099
-0.194739
-0.202532
-0.209342
-0.21519
-0.220024
-0.223795
-0.226458
-0.227988
-0.228331
-0.227455
-0.225337
-0.221958
-0.21743
-0.211623
-0.204538
-0.196179
-0.18656
-0.175928
-0.164083
-0.15106
-0.136903
-0.121662
-0.105705
-0.0887807
-0.070957
-0.0523085
-0.0329169
-0.0132367
0.00700595
0.0277138
0.0487851
0.0701148
0.0912198
0.112366
0.133441
0.154328
0.174907
0.194726
0.213994
0.232594
0.25041
0.267333
0.283018
0.297606
0.310997
0.323099
0.333818
0.342968
0.350575
0.356575
0.360913
0.363542
0.364482
0.363645
0.361009
0.356562
0.350302
0.342462
0.332837
0.321458
0.308364
0.293607
0.277621
0.260106
0.241145
0.220826
0.199246
0.176981
0.153668
0.129427
0.104386
0.0786836
0.0529808
0.0269055
0.00060467
-0.0257734
-0.0520786
-0.0776711
-0.102889
-0.127583
-0.151606
-0.174812
-0.196673
-0.217442
-0.236989
-0.25519
-0.271929
-0.286868
-0.300142
-0.311664
-0.321355
-0.329145
-0.334939
-0.33872
-0.340452
-0.340115
-0.337703
-0.3334
-0.327045
-0.318666
-0.308297
-0.295989
-0.282167
-0.266548
-0.249224
-0.2303
-0.209888
-0.188606
-0.166084
-0.142456
-0.117866
-0.092465
-0.0669729
-0.0409885
-0.0146746
0.0118033
0.0382776
0.0640397
0.0894644
0.114389
0.138653
0.162102
0.184149
0.205087
0.224778
0.243091
0.259904
0.274841
0.288067
0.299497
0.309054
0.316672
0.32225
0.325798
0.32729
0.326715
0.324076
0.319563
0.31303
0.304518
0.294083
0.281793
0.268099
0.252724
0.235772
0.217356
0.197602
0.177153
0.155641
0.133218
0.110037
0.0862572
0.0626073
0.0386825
0.0146484
-0.00932557
-0.0330676
-0.0558719
-0.0781071
-0.0996132
-0.120236
-0.139829
-0.157833
-0.17453
-0.189794
-0.203508
-0.215567
-0.22565
-0.233908
-0.240273
-0.244692
-0.247118
-0.247515
-0.245869
-0.242177
-0.23645
-0.228715
-0.219233
-0.207832
-0.194578
-0.179548
-0.16283
-0.144941
-0.125572
-0.104841
-0.0828719
-0.0598009
-0.0363192
-0.0120303
0.0129089
0.0383373
0.0640914
0.0894131
0.114735
0.139893
0.164724
0.189062
0.212193
0.23451
0.255865
0.276114
0.295122
0.31234
0.328074
0.342215
0.354665
0.365338
0.373929
0.380609
0.385333
0.388066
0.388785
0.387476
0.384147
0.378816
0.371513
0.362283
0.351404
0.33872
0.32431
0.30826
0.29067
0.272063
0.252137
0.231012
0.208816
0.185681
0.162297
0.138254
0.113695
0.0887666
0.0636159
0.0389953
0.0144398
-0.00991125
-0.0339201
-0.0574511
-0.0797928
-0.101397
-0.122142
-0.141914
-0.160606
-0.177646
-0.193417
-0.207836
-0.220828
-0.232323
-0.241957
-0.249985
-0.256368
-0.261079
-0.2641
-0.265324
-0.264853
-0.262695
-0.25887
-0.253404
-0.24645
-0.237936
-0.227916
-0.21645
-0.203609
-0.189779
-0.174735
-0.158566
-0.141362
-0.123218
-0.104688
-0.085408
-0.0654769
-0.0449996
-0.0240856
-0.00339613
0.0175095
0.0385265
0.0595541
0.080495
0.100684
0.120595
0.140131
0.159197
0.177699
0.19503
0.211629
0.227416
0.242321
0.256273
0.268804
0.280265
0.290608
0.299798
0.307802
0.314346
0.319656
0.323711
0.326499
0.328012
0.328187
0.327097
0.324757
0.321185
0.316403
0.31056
0.303562
0.295446
0.286254
0.276031
0.265119
0.253281
0.240574
0.227061
0.212813
0.198323
0.183238
0.167629
0.151564
0.135114
0.118858
0.102362
0.0857046
0.0689621
0.0522114
0.0360567
0.0200402
0.00423288
-0.0112938
-0.0264691
-0.0407334
-0.0545161
-0.0677596
-0.0804096
-0.092413
-0.103319
-0.113471
-0.122819
-0.131316
-0.138922
-0.145345
-0.150818
-0.155317
-0.158823
-0.161321
-0.162708
-0.163066
-0.162394
-0.160693
-0.157968
-0.154317
-0.149665
-0.144031
-0.137441
-0.129927
-0.12178
-0.11278
-0.102964
-0.0923728
-0.0810481
-0.0694311
-0.0571828
-0.0443606
-0.0310244
-0.017234
-0.00353002
0.0105111
0.0248294
0.0393611
0.0540387
0.0682797
0.0825277
0.0967145
0.110773
0.124637
0.137759
0.150558
0.162973
0.174943
0.186361
0.196705
0.206302
0.215089
0.22301
0.230016
0.235807
0.240605
0.24438
0.247114
0.248795
0.249334
0.248827
0.247289
0.244743
0.241217
0.236822
0.231521
0.225362
0.2184
0.210699
0.202532
0.193758
0.18445
0.17468
0.164522
0.154341
0.143915
0.13332
0.122638
0.111949
0.101642
0.0914659
0.0814865
0.0717652
0.062357
0.0535962
0.0452259
0.0372853
0.02981
0.0228311
0.0165952
0.0108844
0.0057083
0.00106927
-0.0030362
-0.00647462
-0.00940889
-0.0118526
-0.0138221
-0.0153379
-0.0163599
-0.0169889
-0.0172587
-0.0172057
-0.0168671
-0.0162725
-0.0154672
-0.0144869
-0.0133667
-0.0121408
-0.0108676
-0.00955099
-0.00822134
-0.00690626
-0.00563006
-0.0044475
-0.00333613
-0.00231025
-0.00138158
-0.000559518
0.000121108
0.00068977
0.0011449
0.00148813
0.0017241
0.00184434
0.00187827
0.00183599
0.0017287
0.00156868
0.00136372
0.00113568
0.000898325
0.000665357
0.000450004
0.000264206
0.000120745
2.9747e-05
0
0
0
0
0
0
0
0
0
0
0
0
0
0
0
0
0
0
0
0
0
0
0
0
0
0
0
0
0
0
0
0
0
0
0
0
0
0
0
0
0
0
0
0
0
0
0
0
0
0
0
0
0
0
0
0
0
0
0
0
0
0
0
0
0
0
0
0
0
0
0
0
0
0
0
0
0
0
0
0
0
0
0
0
0
0
0
0
0
0
0
0
0
0
0
0
0
0
0
0
0
0
0
0
0
0
0
0
0
0
0
0
0
0
0
0
0
0
0
0
0
0
0
0
0
0
0
0
0
0
0
0
0
0
0
0
0
0
0
0
0
0
0
0
0
0
0
0
0
0
0
0
0
0
0
0
0
0
0
0
0
0
0
0
0
0
0
0
0
0
0
0
0
0
0
0
0
0
0
0
0
0
0
0
0
0
0
0
0
0
0
0
0
0
0
0
-0
-0
-0
-0
-0
