0
0
0
0
0
0
0
0
0
0
0
0
0
0
0
0
0
0
0
0
0
0
0
0
0
0
-0
-0
-0
-0
-0
-0
-0
-0
-0
-0
-0
-0
-0
-0
-0
-0
-0
-0
-0
-0
-0
-0
-0
-0
-0
-0
-0
-0
-0
-0
-0
-0
-0
-0
-0
-0
-0
1.14978e-07
1.83611e-05
0.000106534
0.000318583
0.000705944
0.00131639
0.00219293
0.00337274
0.00488613
0.00675567
0.00899539
0.0116103
0.0145959
0.0179382
0.0216131
0.0255868
0.0298155
0.0342455
0.0388142
0.0434506
0.048076
0.0526054
0.0569479
0.0610078
0.0646866
0.0678836
0.0704988
0.0724337
0.073593
0.0738861
0.0732282
0.0715415
0.0687571
0.0648166
0.059673
0.0532923
0.0456544
0.0367543
0.026603
0.0152291
0.00267868
-0.0109851
-0.0256826
-0.0413191
-0.0577845
-0.0749537
-0.092686
-0.110826
-0.129204
-0.147641
-0.165947
-0.183928
-0.201383
-0.218103
-0.23388
-0.248504
-0.261771
-0.273487
-0.283466
-0.291539
-0.297545
-0.301334
-0.302769
-0.301729
-0.298116
-0.291856
-0.282901
-0.27123
-0.256848
-0.23978
-0.220077
-0.197815
-0.173093
-0.146032
-0.116774
-0.0854826
-0.0523379
-0.0175427
0.0186784
0.0560795
0.0943976
0.133358
0.172678
0.212074
0.251257
0.289938
0.327824
0.364621
0.400041
0.433805
0.465655
0.495549
0.523373
0.548946
0.572102
0.592685
0.610562
0.625621
0.637768
0.64693
0.653049
0.656082
0.656002
0.652802
0.646491
0.637101
0.62468
0.609289
0.591009
0.569937
0.546186
0.519893
0.491206
0.460289
0.427314
0.392459
0.355912
0.317867
0.278531
0.238118
0.196849
0.154948
0.112637
0.0701373
0.0276705
-0.0145421
-0.0562786
-0.0973191
-0.137448
-0.176457
-0.214148
-0.250332
-0.28483
-0.317475
-0.348108
-0.376583
-0.402766
-0.426537
-0.447788
-0.466428
-0.482386
-0.495608
-0.506062
-0.513739
-0.518644
-0.520803
-0.520253
-0.517048
-0.511254
-0.502953
-0.492243
-0.479233
-0.464046
-0.446818
-0.427696
-0.406839
-0.384417
-0.360611
-0.335611
-0.309611
-0.282807
-0.255399
-0.227586
-0.199566
-0.17154
-0.1437
-0.116236
-0.089326
-0.0631378
-0.0378294
-0.0135479
0.00956907
0.031395
0.0518153
0.070728
0.0880445
0.103688
0.117593
0.129704
0.139981
0.148395
0.154936
0.159613
0.162453
0.163501
0.162817
0.160476
0.156559
0.151162
0.144386
0.136339
0.127137
0.116904
0.105771
0.0938777
0.081372
0.0684062
0.0551361
0.0417167
0.0283011
0.0150387
0.00207544
-0.0104462
-0.0223878
-0.0336165
-0.0440065
-0.0534401
-0.0618092
-0.0690147
-0.074967
-0.0795875
-0.0828097
-0.0845821
-0.0848685
-0.0836486
-0.0809163
-0.076678
-0.0709512
-0.0637643
-0.0551575
-0.0451838
-0.0339094
-0.021413
-0.0077844
0.00687673
0.0224613
0.0388505
0.0559145
0.073513
0.091496
0.109706
0.127983
0.146164
0.164088
0.181594
0.198523
0.214718
0.230022
0.244283
0.257352
0.269086
0.279353
0.28803
0.295003
0.300174
0.303452
0.304762
0.304039
0.301235
0.296313
0.289256
0.280064
0.268752
0.25535
0.239902
0.222463
0.203096
0.181879
0.158904
0.134278
0.108121
0.0805684
0.0517623
0.0218533
-0.00900162
-0.0406383
-0.0728837
-0.105557
-0.138471
-0.171437
-0.204267
-0.236776
-0.268783
-0.300111
-0.330581
-0.360017
-0.388247
-0.415106
-0.440441
-0.46411
-0.48598
-0.50593
-0.523848
-0.53963
-0.553184
-0.564436
-0.573323
-0.579801
-0.583837
-0.58541
-0.584513
-0.58115
-0.575342
-0.567126
-0.556555
-0.543695
-0.528626
-0.511434
-0.492219
-0.471089
-0.448168
-0.42359
-0.397501
-0.370055
-0.341409
-0.311729
-0.281182
-0.249941
-0.218184
-0.186094
-0.153853
-0.121647
-0.0896551
-0.0580574
-0.0270281
0.00326232
0.0326489
0.0609732
0.088084
0.113838
0.138099
0.160741
0.181647
0.200713
0.217846
0.23297
0.246018
0.256939
0.265688
0.272235
0.276558
0.278652
0.278524
0.276199
0.271713
0.265114
0.256459
0.245818
0.233271
0.21891
0.202839
0.185174
0.166036
0.145552
0.123852
0.101071
0.0773495
0.052833
0.0276714
0.00201698
-0.0239779
-0.0501629
-0.0763902
-0.102515
-0.128395
-0.153892
-0.178868
-0.203193
-0.22674
-0.249387
-0.271022
-0.291536
-0.310832
-0.328824
-0.345432
-0.36059
-0.374238
-0.386327
-0.396813
-0.405664
-0.412856
-0.418378
-0.422227
-0.424415
-0.424959
-0.423885
-0.421228
-0.417028
-0.411335
-0.404203
-0.395694
-0.385873
-0.374814
-0.362595
-0.349301
-0.335025
-0.319867
-0.303926
-0.287305
-0.270105
-0.252427
-0.23437
-0.216036
-0.197531
-0.178958
-0.16042
-0.142018
-0.123843
-0.105986
-0.0885312
-0.0715597
-0.0551509
-0.0393807
-0.024321
-0.0100383
0.00340706
0.015962
0.0275803
0.0382233
0.0478589
0.056461
0.0640089
0.070486
0.0758802
0.0801844
0.0833977
0.0855261
0.0865832
0.0865889
0.0855679
0.0835486
0.0805624
0.0766444
0.0718338
0.0661746
0.0597149
0.0525052
0.0445976
0.0360447
0.0269002
0.01722
0.00706294
-0.00350962
-0.0144351
-0.0256517
-0.0370994
-0.0487201
-0.0604569
-0.072253
-0.0840516
-0.0957967
-0.107435
-0.118915
-0.13019
-0.141216
-0.151949
-0.162347
-0.17237
-0.181979
-0.191141
-0.199826
-0.20801
-0.215669
-0.222782
-0.229328
-0.235292
-0.240658
-0.245417
-0.249564
-0.253098
-0.256016
-0.258323
-0.26002
-0.261115
-0.261617
-0.261539
-0.260895
-0.259701
-0.257973
-0.255728
-0.252987
-0.249772
-0.246109
-0.242024
-0.237543
-0.232693
-0.227498
-0.221983
-0.216176
-0.210105
-0.2038
-0.19729
-0.190607
-0.183782
-0.176849
-0.169838
-0.162783
-0.155714
-0.148656
-0.141636
-0.134676
-0.1278
-0.121033
-0.114401
-0.107929
-0.10164
-0.0955555
-0.0896938
-0.0840721
-0.0787073
-0.0736166
-0.0688163
-0.0643216
-0.0601454
-0.0562983
-0.0527889
-0.0496243
-0.0468094
-0.0443473
-0.0422388
-0.040483
-0.0390785
-0.0380244
-0.0373208
-0.0369676
-0.0369635
-0.0373037
-0.0379797
-0.03898
-0.0402912
-0.0418998
-0.0437924
-0.045955
-0.0483727
-0.0510285
-0.0539044
-0.0569815
-0.0602409
-0.0636637
-0.0672297
-0.0709166
-0.0747
-0.078555
-0.0824578
-0.0863876
-0.0903266
-0.0942585
-0.098166
-0.10203
-0.105828
-0.109539
-0.113142
-0.116619
-0.119955
-0.123137
-0.126148
-0.128975
-0.131601
-0.13401
-0.136192
-0.138136
-0.139835
-0.141281
-0.142471
-0.143398
-0.144058
-0.144452
-0.144579
-0.14444
-0.144037
-0.143373
-0.142451
-0.141277
-0.139862
-0.138218
-0.136359
-0.1343
-0.132054
-0.129636
-0.127063
-0.124354
-0.121531
-0.118615
-0.115628
-0.11259
-0.10952
-0.106439
-0.103369
-0.100333
-0.0973549
-0.094456
-0.0916554
-0.08897
-0.0864159
-0.0840102
-0.0817707
-0.0797152
-0.0778596
-0.0762163
-0.074795
-0.0736027
-0.0726463
-0.0719323
-0.0714672
-0.0712558
-0.0712999
-0.0715983
-0.0721469
-0.0729395
-0.0739691
-0.0752274
-0.076705
-0.0783909
-0.0802724
-0.0823355
-0.0845644
-0.0869424
-0.089451
-0.0920706
-0.0947809
-0.097562
-0.100395
-0.10326
-0.106137
-0.109005
-0.111837
-0.114608
-0.117293
-0.119871
-0.122323
-0.124639
-0.126805
-0.128808
-0.130629
-0.132251
-0.133657
-0.134831
-0.135767
-0.136456
-0.136893
-0.137073
-0.136987
-0.136631
-0.136003
-0.135106
-0.133947
-0.132533
-0.130871
-0.128967
-0.126827
-0.124458
-0.12187
-0.119076
-0.116091
-0.11293
-0.109608
-0.106123
-0.102447
-0.098603
-0.0946167
-0.0905143
-0.086321
-0.0820613
-0.0777593
-0.0734403
-0.0691302
-0.0648549
-0.0606383
-0.0565011
-0.0524606
-0.0485331
-0.0447347
-0.0410824
-0.0375928
-0.03428
-0.0311537
-0.0282187
-0.0254767
-0.0229279
-0.020573
-0.0184132
-0.016449
-0.0146789
-0.0130989
-0.011703
-0.0104847
-0.00943707
-0.0085534
-0.00782568
-0.00724392
-0.00679602
-0.00646869
-0.00624878
-0.00612419
-0.00608386
-0.00611704
-0.00621259
-0.00635896
-0.00654482
-0.00675985
-0.00699508
-0.0072423
-0.00749308
-0.00773818
-0.00796787
-0.00817324
-0.00834772
-0.00848781
-0.00859272
-0.00866294
-0.00869868
-0.00869907
-0.0086624
-0.0085871
-0.00847277
-0.00832054
-0.0081328
-0.00791241
-0.00766211
-0.00738434
-0.00708149
-0.00675626
-0.0064118
-0.00605163
-0.00567928
-0.0052981
-0.00491125
-0.00452181
-0.00413283
-0.00374738
-0.00336842
-0.00299864
-0.0026405
-0.00229629
-0.00196831
-0.00165884
-0.00137015
-0.00110435
-0.000863349
-0.000648816
-0.000462293
-0.000305268
-0.000179203
-8.55237e-05
-2.55861e-05
-6.72425e-07
-0
-0
-0
-0
-0
-0
-0
-0
-0
-0
-0
-0
-0
-0
-0
-0
-0
-0
-0
-0
-0
-0
-0
-0
-0
-0
-0
-0
-0
-0
-0
-0
-0
-0
-0
-0
-0
-0
-0
-0
-0
-0
-0
-0
-0
-0
-0
-0
-0
-0
-0
-0
-0
-0
-0
-0
-0
-0
0
0
0
0
0
0
0
0
0
0
0
0
0
0
0
0
0
0
0
0
0
0
0
0
0
0
0
0
0
0
0
0
0
0
0
0
0
0
0
0
0
0
0
0
0
0
0
0
0
0
0
0
0
0
0
0
0
0
0
0
0
0
0
0
0
0
0
0
-0
-0
-0
-0
-0
-0
-0
-0
-0
-0
-0
-0
-0
-0
-0
-0
-0
-0
-0
-0
-0
-0
-0
-0
-0
-0
0
0
0
0
0
0
0
0
0
0
0
0
0
0
0
0
0
0
0
0
0
0
0
0
0
0
0
0
0
0
0
0
0
0
0
0
0
0
0
0
0
0
0
0
0
0
0
0
0
1.86038e-06
7.05655e-05
0.00023475
0.000488811
0.00082627
0.00123983
0.00172144
0.00226243
0.00285363
0.00348557
0.00414851
0.00483252
0.00552754
0.00622342
0.00691028
0.00757869
0.00821986
0.00882564
0.00938836
0.00990073
0.010356
0.0107482
0.0110728
0.0113268
0.011509
0.0116197
0.0116603
0.0116329
0.0115405
0.011387
0.0111774
0.0109181
0.0106173
0.0102846
0.0099315
0.00957068
0.00921622
0.00888261
0.00858451
0.00833657
0.00815361
0.00805182
0.00804857
0.00816266
0.00841373
0.00882098
0.00940305
0.0101766
0.0111567
0.0123569
0.01379
0.0154686
0.0174045
0.0196086
0.0220899
0.0248547
0.0279069
0.0312468
0.0348708
0.0387721
0.0429409
0.0473663
0.0520359
0.0569359
0.0620506
0.0673616
0.0728485
0.0784878
0.0842539
0.0901193
0.0960541
0.102026
0.108
0.113937
0.1198
0.125549
0.131149
0.136564
0.141758
0.146693
0.151334
0.155643
0.159589
0.163144
0.166287
0.168997
0.171254
0.173033
0.174308
0.17506
0.175279
0.175037
0.174361
0.173254
0.171719
0.169755
0.167358
0.16453
0.161278
0.157617
0.153566
0.149142
0.144361
0.139233
0.133772
0.127992
0.121915
0.115569
0.108982
0.102183
0.0951972
0.0880476
0.0807578
0.0733528
0.0658607
0.0583092
0.0507322
0.0431606
0.0356253
0.028157
0.0207824
0.0135367
0.00644947
-0.000452222
-0.00714366
-0.0136075
-0.0198139
-0.0257373
-0.0313507
-0.0366266
-0.0415469
-0.0460803
-0.0502067
-0.053908
-0.0571684
-0.059982
-0.0623276
-0.0641948
-0.0655747
-0.0664601
-0.0668534
-0.0667423
-0.0661254
-0.0650043
-0.0633846
-0.0612809
-0.0586976
-0.0556461
-0.0521377
-0.0481851
-0.0438059
-0.0390173
-0.0338426
-0.0283086
-0.0224436
-0.0162723
-0.00982708
-0.00313652
0.00377032
0.0108637
0.0181245
0.0255099
0.0329871
0.0405214
0.0480756
0.0556314
0.063131
0.0705394
0.077826
0.0849634
0.0919536
0.09874
0.105292
0.111578
0.117568
0.123275
0.128648
0.133676
0.138352
0.142667
0.146645
0.150238
0.153436
0.156235
0.158638
0.160686
0.162346
0.16362
0.164507
0.165009
0.165161
0.164949
0.164394
0.163515
0.162332
0.160874
0.159143
0.157159
0.154946
0.152532
0.149938
0.147205
0.144358
0.141416
0.138401
0.135294
0.132158
0.129018
0.125902
0.122833
0.119767
0.116793
0.113929
0.111194
0.108605
0.106077
0.103715
0.101526
0.0995162
0.0976949
0.0959565
0.0944271
0.093112
0.0920092
0.0911104
0.0902794
0.0896298
0.0891535
0.0888444
0.0886951
0.0885774
0.0885887
0.0887045
0.0888976
0.0891417
0.0893259
0.0895175
0.0896964
0.0898401
0.0899228
0.089877
0.0897125
0.0894013
0.0889166
0.0882326
0.0873506
0.0862184
0.0848113
0.083107
0.0810862
0.0788373
0.0762444
0.0732975
0.069988
0.0663092
0.0624389
0.0581948
0.0535806
0.0486046
0.0432786
0.0378673
0.032139
0.0261148
0.0198198
0.0132826
0.00682933
0.000198571
-0.00657466
-0.0134529
-0.0203955
-0.0270529
-0.0336823
-0.0402318
-0.0466465
-0.0528695
-0.0585699
-0.0639649
-0.0689987
-0.0736155
-0.0777596
-0.081179
-0.0840177
-0.0862239
-0.087747
-0.0885376
-0.0884688
-0.0875761
-0.0858185
-0.0831589
-0.0795642
-0.0750744
-0.0696
-0.0631246
-0.055638
-0.0471361
-0.0378492
-0.0275594
-0.0162836
-0.00404524
0.0091266
0.0228206
0.037378
0.0527582
0.0689148
0.0857937
0.102837
0.120467
0.138602
0.157154
0.176032
0.194584
0.213274
0.232006
0.250682
0.2692
0.286909
0.304247
0.32111
0.33739
0.352983
0.367329
0.380781
0.39324
0.404606
0.414784
0.423396
0.430651
0.436476
0.440802
0.443567
0.444649
0.444066
0.441782
0.437766
0.431999
0.424653
0.415543
0.404677
0.392074
0.377767
0.362231
0.345089
0.326405
0.30625
0.284706
0.262498
0.239085
0.214575
0.189085
0.16274
0.136438
0.109548
0.0822101
0.054571
0.026781
-0.000217892
-0.027061
-0.0535955
-0.0796685
-0.105127
-0.129121
-0.152198
-0.17421
-0.195011
-0.214464
-0.231941
-0.247818
-0.261981
-0.274324
-0.284744
-0.292938
-0.299034
-0.302961
-0.304664
-0.3041
-0.30136
-0.296306
-0.288933
-0.279254
-0.267294
-0.253553
-0.237631
-0.219596
-0.199529
-0.177522
-0.154411
-0.129582
-0.103164
-0.0753023
-0.0461534
-0.0167922
0.0135216
0.0446116
0.0762938
0.108377
0.139708
0.171045
0.202188
0.232934
0.26308
0.291568
0.319056
0.345353
0.370273
0.393639
0.414666
0.433816
0.45094
0.465896
0.478552
0.488514
0.495962
0.500819
0.503026
0.502543
0.499458
0.493644
0.485099
0.473844
0.459916
0.44388
0.42531
0.404303
0.380971
0.35544
0.328669
0.299984
0.269548
0.237536
0.204136
0.17057
0.136018
0.100693
0.0648177
0.0286186
-0.00660431
-0.0416921
-0.0764185
-0.110559
-0.143891
-0.175241
-0.205349
-0.234008
-0.261019
-0.286194
-0.30867
-0.328977
-0.346971
-0.362518
-0.375498
-0.385487
-0.392721
-0.397132
-0.398673
-0.397314
-0.393137
-0.38605
-0.376076
-0.363256
-0.347649
-0.329828
-0.309392
-0.286449
-0.261123
-0.233556
-0.204715
-0.173961
-0.141475
-0.107451
-0.0720898
-0.0365973
-0.000184664
0.0369301
0.0745203
0.112353
0.149164
0.185758
0.221917
0.257427
0.292081
0.324766
0.356196
0.386182
0.414545
0.441122
0.465109
0.48703
0.506767
0.524213
0.539273
0.551551
0.561306
0.5685
0.573115
0.575149
0.574658
0.571628
0.566105
0.558152
0.547855
0.535679
0.521376
0.50507
0.486892
0.466982
0.446088
0.423766
0.400184
0.375513
0.349933
0.324329
0.298163
0.271605
0.24483
0.218015
0.192031
0.166359
0.14116
0.116585
0.0927719
0.0704019
0.0490373
0.0287894
0.00976299
-0.00794644
-0.023919
-0.0384244
-0.0514091
-0.062832
-0.0726625
-0.080793
-0.0873013
-0.0921925
-0.0954875
-0.0972229
-0.0975916
-0.0965114
-0.0940515
-0.0902897
-0.0853121
-0.0795181
-0.0727048
-0.0649814
-0.0564646
-0.0472768
-0.0379132
-0.0281319
-0.0180618
-0.00783227
0.00242903
0.0122734
0.0219127
0.0312397
0.0401523
0.0485519
0.0561529
0.0630507
0.0691552
0.0743824
0.0786581
0.0819312
0.0841467
0.0852746
0.085299
0.0842151
0.0822511
0.0791941
0.0750624
0.0698829
0.0636927
0.0569442
0.0492904
0.0407984
0.0315434
0.0216071
0.0115835
0.00105376
-0.00988703
-0.0211369
-0.0325873
-0.0436191
-0.0546258
-0.0654952
-0.0761164
-0.0863803
-0.0957879
-0.104628
-0.112799
-0.120207
-0.126762
-0.132208
-0.136657
-0.140052
-0.142342
-0.143486
-0.143541
-0.14238
-0.139979
-0.136322
-0.131407
-0.12563
-0.118619
-0.110405
-0.101026
-0.090527
-0.0796088
-0.0676852
-0.0548227
-0.0410966
-0.0265904
-0.0122117
0.00276192
0.0182335
0.0341055
0.0502809
0.0657934
0.0814191
0.097061
0.112618
0.127986
0.142268
0.156159
0.169566
0.182404
0.194593
0.205463
0.215533
0.224727
0.232973
0.240203
0.246056
0.250781
0.254333
0.256681
0.257801
0.257717
0.256384
0.253805
0.249991
0.24496
0.239109
0.232091
0.22394
0.2147
0.204427
0.193839
0.182323
0.169887
0.156628
0.142649
0.128884
0.114613
0.0999557
0.0850341
0.0699738
0.0557604
0.0416298
0.0276831
0.0140142
0.000712847
-0.011366
-0.0229215
-0.0338774
-0.0441669
-0.053734
-0.0619656
-0.0694082
-0.0760338
-0.0818222
-0.0867613
-0.0905325
-0.0934693
-0.0955881
-0.0969109
-0.0974625
-0.097199
-0.0962175
-0.094548
-0.0922296
-0.0893121
-0.0859812
-0.0821663
-0.0779302
-0.0733342
-0.0684369
-0.0635407
-0.0584434
-0.0532038
-0.0478821
-0.0425371
-0.0375045
-0.0325328
-0.0276653
-0.0229415
-0.0183987
-0.0143228
-0.0104744
-0.00688
-0.00355917
-0.000524053
0.0020365
0.00432033
0.00632651
0.00805565
0.00951023
0.0105894
0.0114201
0.0120145
0.0123887
0.0125612
0.0125078
0.0122965
0.0119452
0.0114721
0.0108962
0.0102315
0.0095032
0.00873024
0.00793077
0.00712167
0.00632704
0.00554844
0.00479725
0.0040833
0.00341503
0.0028075
0.00225489
0.00176154
0.00133024
0.000962332
0.000660339
0.000418387
0.00023461
0.000106223
2.9637e-05
5.64531e-07
0
0
0
0
0
0
0
0
0
0
0
0
0
0
0
0
0
0
0
0
0
0
0
0
0
0
0
0
0
0
0
0
0
0
0
0
0
0
0
0
0
0
0
0
0
0
0
0
0
0
0
0
0
0
0
0
0
0
0
0
0
0
0
