0
0
0
0
0
0
0
0
0
0
0
0
0
0
0
0
0
0
0
0
0
0
0
0
0
0
0
0
-0
-0
-0
-0
-0
-0
-0
-0
-0
-0
-0
-0
-0
-0
-0
-0
-0
-0
-0
-0
-0
-0
-0
-0
-0
-0
-0
-0
-0
-0
-0
-0
-0
-0
-0
-0
-0
-0
0
0
0
0
0
0
0
0
0
0
0
0
0
0
0
0
0
0
0
0
0
0
0
0
0
0
0
0
0
0
0
0
0
0
0
0
0
0
0
-0
-0
-0
-0
-0
-0
-0
-0
-0
-0
-0
-0
-0
-0
-0
-0
-0
-0
-0
-0
-0
-0
-0
-0
-0
-0
-0
-0
-0
-0
-0
0
0
0
0
0
0
0
0
0
0
0
0
0
0
0
0
0
0
0
0
0
0
0
0
0
0
0
0
0
0
0
0
0
0
0
0
0
0
0
0
0
0
0
0
0
0
-0
-0
-0
-0
-0
-0
-0
-0
-0
-0
-0
-0
-0
-0
-0
-0
-0
-0
-0
-6.27004e-05
-0.000270854
-0.000631364
-0.00114734
-0.00181822
-0.00263979
-0.00360427
-0.00470038
-0.0059135
-0.00722577
-0.00861634
-0.0100615
-0.011535
-0.0130081
-0.0144502
-0.0158286
-0.0171095
-0.0182581
-0.019239
-0.020017
-0.0205573
-0.0208259
-0.0207896
-0.0204169
-0.0196781
-0.0185457
-0.0169949
-0.0150039
-0.0125544
-0.00963168
-0.00622502
-0.00232813
0.00206062
0.00693799
0.0122959
0.0181218
0.0243984
0.0311045
0.0382139
0.045696
0.0535152
0.0616303
0.0699957
0.0785606
0.0872707
0.0960676
0.10489
0.113674
0.122353
0.130858
0.139121
0.147071
0.154642
0.161763
0.168369
0.174395
0.179777
0.184456
0.188374
0.191478
0.193717
0.195046
0.195424
0.194817
0.193194
0.190537
0.18683
0.182069
0.176255
0.169397
0.161511
0.152621
0.14276
0.131968
0.120295
0.107795
0.0945286
0.0805616
0.0659636
0.0508099
0.0351815
0.0191653
0.00285227
-0.0136645
-0.0302914
-0.0469356
-0.0635051
-0.0799078
-0.0960519
-0.111846
-0.127244
-0.142213
-0.156697
-0.17064
-0.183988
-0.196689
-0.20869
-0.219943
-0.230402
-0.240028
-0.248782
-0.256633
-0.263552
-0.269509
-0.274482
-0.278451
-0.2814
-0.283321
-0.284209
-0.284061
-0.282879
-0.280667
-0.277433
-0.273189
-0.267949
-0.261732
-0.25456
-0.246458
-0.237453
-0.22758
-0.216875
-0.205382
-0.193145
-0.180213
-0.166636
-0.152462
-0.137745
-0.122539
-0.106898
-0.0908836
-0.0745539
-0.05797
-0.0411923
-0.0242815
-0.0072994
0.00969045
0.0266227
0.0434307
0.0600475
0.076407
0.092445
0.1081
0.123311
0.138022
0.152177
0.165723
0.178607
0.190782
0.2022
0.212815
0.222585
0.231467
0.239424
0.24642
0.252422
0.257403
0.261337
0.264205
0.265992
0.266686
0.266277
0.264762
0.262136
0.2584
0.253559
0.24762
0.240594
0.232499
0.223353
0.213182
0.202011
0.189873
0.176803
0.162841
0.148034
0.13243
0.116085
0.0990538
0.0813939
0.0631636
0.0444237
0.025238
0.00567476
-0.014194
-0.0342933
-0.0545462
-0.074875
-0.0952017
-0.115447
-0.13553
-0.155368
-0.174878
-0.193976
-0.212578
-0.230603
-0.247968
-0.264594
-0.280401
-0.295312
-0.309252
-0.322153
-0.333947
-0.344575
-0.353977
-0.362098
-0.36889
-0.374306
-0.378308
-0.380865
-0.38195
-0.381542
-0.379626
-0.376191
-0.371237
-0.364768
-0.356798
-0.347351
-0.336454
-0.324142
-0.310457
-0.29545
-0.27918
-0.261718
-0.243139
-0.223527
-0.20297
-0.181558
-0.159389
-0.136564
-0.113193
-0.0893869
-0.0652621
-0.0409338
-0.0165181
0.00786785
0.0321052
0.0560729
0.0796493
0.102714
0.12515
0.146844
0.167687
0.18757
0.206388
0.224039
0.240424
0.255452
0.269038
0.281104
0.291581
0.300406
0.307523
0.312887
0.316465
0.318235
0.318186
0.316315
0.312629
0.307144
0.299884
0.290888
0.280209
0.26791
0.254066
0.23876
0.222084
0.204136
0.185024
0.164865
0.143783
0.121909
0.0993766
0.0763244
0.0528933
0.0292278
0.00547463
-0.0182185
-0.0417058
-0.0648453
-0.0874996
-0.109536
-0.130825
-0.151243
-0.170668
-0.188988
-0.206098
-0.221903
-0.236316
-0.24926
-0.260667
-0.270479
-0.278648
-0.285138
-0.289929
-0.293009
-0.294379
-0.294049
-0.292041
-0.288388
-0.283133
-0.276333
-0.268054
-0.258372
-0.247368
-0.235133
-0.221766
-0.207371
-0.192061
-0.175955
-0.159177
-0.141853
-0.124115
-0.106094
-0.0879267
-0.0697467
-0.051688
-0.0338815
-0.0164542
0.000470506
0.0167724
0.0323349
0.0470456
0.0607988
0.0734966
0.0850506
0.0953818
0.10442
0.112103
0.118377
0.123199
0.126536
0.128368
0.128686
0.127492
0.124798
0.120626
0.115007
0.107984
0.099608
0.0899403
0.0790514
0.06702
0.0539325
0.0398829
0.0249722
0.00930766
-0.00699843
-0.0238304
-0.0410704
-0.0585988
-0.0762945
-0.0940356
-0.1117
-0.129165
-0.146313
-0.163029
-0.179201
-0.194723
-0.20949
-0.223404
-0.236368
-0.248294
-0.259101
-0.268713
-0.277066
-0.284102
-0.289774
-0.294044
-0.296886
-0.298282
-0.298227
-0.296724
-0.293785
-0.289432
-0.283696
-0.276616
-0.26824
-0.258622
-0.247827
-0.235922
-0.222983
-0.209092
-0.194336
-0.178808
-0.162606
-0.145828
-0.128574
-0.110945
-0.0930442
-0.0749774
-0.0568511
-0.0387717
-0.0208437
-0.00316762
0.0141599
0.0310459
0.0474006
0.063137
0.078172
0.0924273
0.105831
0.118318
0.12983
0.140315
0.149728
0.158029
0.165186
0.171176
0.175981
0.179593
0.182008
0.183232
0.183276
0.182158
0.179905
0.176547
0.172123
0.166674
0.160248
0.152895
0.144673
0.135643
0.12587
0.11542
0.104363
0.0927722
0.0807198
0.0682823
0.0555371
0.042562
0.0294339
0.0162282
0.00301815
-0.0101245
-0.0231297
-0.0359295
-0.0484591
-0.060658
-0.0724702
-0.0838438
-0.0947303
-0.105084
-0.114862
-0.124025
-0.132542
-0.140384
-0.14753
-0.153964
-0.159672
-0.164643
-0.168872
-0.172358
-0.175105
-0.177125
-0.178432
-0.179046
-0.178986
-0.178278
-0.176947
-0.175026
-0.172547
-0.169548
-0.166064
-0.162135
-0.157798
-0.153094
-0.148065
-0.142756
-0.137212
-0.13148
-0.125601
-0.119616
-0.113565
-0.107486
-0.101415
-0.0953895
-0.0894437
-0.0836099
-0.0779178
-0.072395
-0.0670669
-0.061956
-0.0570819
-0.0524603
-0.0481033
-0.0440198
-0.0402169
-0.0367003
-0.0334745
-0.0305423
-0.027904
-0.0255567
-0.0234945
-0.0217089
-0.0201895
-0.0189242
-0.0178996
-0.0171005
-0.0165103
-0.0161116
-0.0158868
-0.0158179
-0.0158871
-0.016076
-0.0163653
-0.0167356
-0.0171672
-0.0176412
-0.0181398
-0.0186462
-0.0191446
-0.01962
-0.0200578
-0.0204445
-0.0207678
-0.0210163
-0.0211801
-0.0212499
-0.0212179
-0.0210776
-0.0208245
-0.020456
-0.0199711
-0.0193699
-0.018653
-0.0178217
-0.0168784
-0.0158279
-0.0146773
-0.0134363
-0.0121154
-0.0107256
-0.00927745
-0.0077814
-0.00624856
-0.00469121
-0.0031228
-0.00155729
-8.46639e-06
0.0015104
0.00298618
0.00440518
0.00575267
0.00701325
0.00817183
0.00921487
0.010131
0.0109105
0.0115447
0.0120247
0.0123406
0.0124828
0.0124427
0.0122135
0.0117914
0.0111744
0.0103622
0.00935499
0.00815359
0.00675935
0.00517458
0.00340287
0.00144929
-0.000679452
-0.00297485
-0.00542655
-0.00802253
-0.0107496
-0.0135943
-0.0165429
-0.0195822
-0.0226981
-0.0258753
-0.0290966
-0.0323438
-0.0355981
-0.0388417
-0.0420579
-0.0452308
-0.0483438
-0.0513792
-0.0543174
-0.0571384
-0.0598228
-0.0623531
-0.064714
-0.0668921
-0.0688745
-0.0706488
-0.0722031
-0.0735263
-0.0746091
-0.0754432
-0.0760214
-0.0763366
-0.0763819
-0.0761518
-0.0756426
-0.0748543
-0.0737893
-0.0724524
-0.0708489
-0.068984
-0.0668627
-0.0644915
-0.0618788
-0.0590361
-0.0559771
-0.0527167
-0.0492702
-0.0456525
-0.041879
-0.037966
-0.033931
-0.0297931
-0.0255716
-0.0212863
-0.0169568
-0.0126033
-0.00824687
-0.00391013
0.000383669
0.00461136
0.00875089
0.0127817
0.0166845
0.0204404
0.0240308
0.0274371
0.0306416
0.0336285
0.036384
0.0388967
0.0411556
0.0431502
0.0448688
0.0462997
0.0474319
0.0482563
0.0487669
0.0489604
0.0488361
0.0483948
0.0476384
0.0465698
0.0451894
0.0434832
0.0414584
0.0391285
0.0365097
0.0336202
0.0304806
0.0271132
0.0235426
0.0197949
0.015898
0.0118807
0.00777232
0.00360325
-0.000595655
-0.00479311
-0.00895788
-0.0130608
-0.0170883
-0.0210288
-0.0248709
-0.0286036
-0.0322161
-0.0356974
-0.0390365
-0.0422235
-0.0452497
-0.0481081
-0.050793
-0.0532993
-0.0556214
-0.057753
-0.0596875
-0.0614183
-0.0629394
-0.0642458
-0.0653332
-0.0661977
-0.0668358
-0.0672434
-0.0674163
-0.06735
-0.0670397
-0.0664806
-0.0656682
-0.0645987
-0.0632694
-0.0616787
-0.0598256
-0.0577093
-0.0553287
-0.0526826
-0.0497705
-0.0465938
-0.0431562
-0.0394639
-0.0355248
-0.0313475
-0.0269409
-0.0223151
-0.0174814
-0.0124541
-0.00725056
-0.00188982
0.00360781
0.00922255
0.0149339
0.0207195
0.0265545
0.0324104
0.0382578
0.0440666
0.0498085
0.0554559
0.0609809
0.0663537
0.0715414
0.0765101
0.0812271
0.0856636
0.0897945
0.0935975
0.0970504
0.100129
0.102806
0.105059
0.106864
0.10821
0.109085
0.109486
0.109399
0.108787
0.107646
0.10598
0.103803
0.101129
0.097981
0.0943833
0.0903613
0.0859437
0.081161
0.0760489
0.0706468
0.0649957
0.059137
0.0531099
0.0469544
0.040716
0.0344531
0.0282033
0.0219984
0.0158671
0.00983496
0.00392577
-0.00183584
-0.00742256
-0.0128061
-0.0179596
-0.0228605
-0.0274927
-0.0318413
-0.0358943
-0.039639
-0.0430611
-0.0461496
-0.0488904
-0.0512759
-0.0533019
-0.0549667
-0.0562738
-0.0572201
-0.0578086
-0.058045
-0.0579379
-0.0575027
-0.0567443
-0.0556719
-0.054295
-0.0526241
-0.0506795
-0.0484715
-0.0460187
-0.0433392
-0.04045
-0.0373733
-0.0341194
-0.030707
-0.0271578
-0.0234944
-0.0197439
-0.0159186
-0.0120337
-0.00810321
-0.00414252
-0.000173034
0.00378935
0.0077249
0.0116157
0.0154464
0.0192037
0.0228751
0.0264475
0.0299076
0.0332422
0.0364448
0.0394999
0.0423984
0.0451316
0.0476904
0.0500776
0.0522739
0.0542735
0.0560728
0.0576692
0.059079
0.0602809
0.0612713
0.0620474
0.0626076
0.0629776
0.0631353
0.0630853
0.0628327
0.0623832
0.0617712
0.0609718
0.05999
0.0588319
0.0575053
0.0560516
0.0544526
0.0527224
0.0508752
0.0489246
0.0469105
0.0448189
0.0426644
0.0404636
0.0382349
0.0360145
0.0338011
0.0316093
0.0294525
0.0273456
0.0253087
0.023359
0.0215169
0.0198013
0.0182271
0.0167878
0.0155108
0.0144065
0.0134872
0.0127669
0.0122174
0.0118906
0.0117934
0.0119306
0.0123064
0.0128602
0.0136628
0.0147177
0.0160251
0.0175816
0.0192954
0.0212469
0.0234316
0.0258453
0.0284818
0.0312319
0.0341806
0.0373097
0.0405994
0.0440304
0.0474833
0.0510393
0.0546767
0.0583708
0.062094
0.0657317
0.0693424
0.0728985
0.0763708
0.0797274
0.0828777
0.0858417
0.0885851
0.0910763
0.0932865
0.0951784
0.0967319
0.0979141
0.0986902
0.0990256
0.0989379
0.0983521
0.0972462
0.0956017
0.0934011
0.0907415
0.0874953
0.0836515
0.0792033
0.0741476
0.0686589
0.0625644
0.0558695
0.0485843
0.0407256
0.0325395
0.0238311
0.0146321
0.00497732
-0.0050956
-0.0152965
-0.025828
-0.0366387
-0.0476715
-0.0588656
-0.0699146
-0.0809974
-0.0920469
-0.102993
-0.113761
-0.124072
-0.134053
-0.143626
-0.152718
-0.161253
-0.169034
-0.176113
-0.182418
-0.187881
-0.192435
-0.196
-0.198536
-0.199988
-0.200308
-0.199451
-0.197488
-0.194279
-0.1898
-0.184033
-0.176964
-0.168826
-0.159385
-0.148655
-0.13666
-0.123434
-0.109368
-0.0941585
-0.0778564
-0.0605211
-0.0422199
-0.0234582
-0.00389077
0.0163909
0.0372882
0.0586966
0.080049
0.101689
0.123499
0.145357
0.167136
0.188285
0.209104
0.229466
0.249244
0.268311
0.286208
0.303142
0.318989
0.333632
0.346958
0.358679
0.368877
0.377461
0.38435
0.389469
0.392763
0.39417
0.393644
0.39115
0.386663
0.380379
0.372091
0.361811
0.349566
0.335392
0.319732
0.30225
0.283014
0.262109
0.239629
0.216219
0.191456
0.165462
0.138369
0.110316
0.0820677
0.0531635
0.0237642
-0.00596508
-0.0358557
-0.0651303
-0.0942235
-0.122962
-0.15117
-0.178673
-0.204788
-0.229865
-0.253745
-0.276279
-0.297319
-0.316386
-0.33369
-0.349109
-0.362532
-0.373863
-0.382904
-0.389701
-0.394198
-0.396351
-0.39613
-0.393651
-0.38878
-0.381532
-0.371935
-0.360037
-0.346264
-0.330324
-0.312306
-0.292315
-0.270467
-0.247443
-0.222831
-0.196783
-0.169455
-0.141016
-0.112295
-0.0828203
-0.05278
-0.0223654
0.00823091
0.0381602
0.0678921
0.0972412
0.126023
0.154055
0.180594
0.206028
0.230192
0.252926
0.274083
0.293145
0.310365
0.325629
0.338835
0.349894
0.358593
0.365018
0.369126
0.370895
0.370313
0.367506
0.362367
0.354928
0.345237
0.333361
0.319752
0.304135
0.286617
0.267317
0.246365
0.224459
0.201193
0.176728
0.151233
0.124886
0.0985194
0.0716596
0.044489
0.0171923
-0.0100437
-0.036384
-0.0622918
-0.0875846
-0.112083
-0.135612
-0.157467
-0.178028
-0.197149
-0.214695
-0.230538
-0.24422
-0.25598
-0.265722
-0.273362
-0.278831
-0.281983
-0.282874
-0.281487
-0.277821
-0.271889
-0.263896
-0.253702
-0.241359
-0.226935
-0.210511
-0.192601
-0.172894
-0.151506
-0.128567
-0.104212
-0.0791866
-0.0530437
-0.0259441
0.00194451
0.0304492
0.0587052
0.0872293
0.115848
0.144388
0.172672
0.199848
0.226421
0.252226
0.2771
0.300889
0.322881
0.343506
0.362639
0.380161
0.395964
0.409578
0.421292
0.431033
0.43874
0.444366
0.44775
0.448998
0.448102
0.445067
0.43991
0.432792
0.423614
0.412424
0.399284
0.384268
0.367841
0.349719
0.330004
0.308801
0.286223
0.262957
0.238559
0.213164
0.186911
0.159946
0.133089
0.105806
0.0782371
0.0505221
0.0228026
-0.00408074
-0.0306863
-0.0568765
-0.0825177
-0.107481
-0.131014
-0.153629
-0.175216
-0.195667
-0.214884
-0.232286
-0.248278
-0.262789
-0.275754
-0.28712
-0.296549
-0.304295
-0.310329
-0.314631
-0.31719
-0.317938
-0.316949
-0.314241
-0.30984
-0.303782
-0.296267
-0.287183
-0.276579
-0.264514
-0.25105
-0.236613
-0.220925
-0.204068
-0.186129
-0.167196
-0.14786
-0.12771
-0.10684
-0.0853513
-0.0633455
-0.0415153
-0.0193703
0.00299401
0.0254839
0.0480055
0.0698533
0.0915419
0.112976
0.134064
0.154719
0.174297
0.19329
0.211629
0.229247
0.246079
0.261596
0.276209
0.289866
0.302523
0.314139
0.324351
0.333449
0.341401
0.348184
0.353779
0.358022
0.361061
0.362895
0.363525
0.362957
0.361225
0.358322
0.354268
0.349092
0.342821
0.335681
0.327514
0.318356
0.308249
0.297238
0.285707
0.273368
0.260271
0.246469
0.232019
0.217427
0.202311
0.186734
0.170762
0.154458
0.138395
0.122124
0.105707
0.0892098
0.072698
0.0567609
0.0409428
0.0253087
0.00992215
-0.00515519
-0.0193796
-0.0331795
-0.0465023
-0.0592975
-0.0715166
-0.0827116
-0.0932384
-0.103054
-0.112119
-0.120397
-0.127579
-0.133917
-0.139391
-0.14398
-0.147664
-0.150294
-0.15199
-0.152746
-0.152562
-0.151441
-0.149416
-0.146473
-0.142626
-0.137891
-0.132288
-0.126019
-0.118936
-0.111069
-0.102452
-0.0931185
-0.0834136
-0.0730651
-0.0621139
-0.0506054
-0.0385885
-0.0265236
-0.0140539
-0.00123263
0.0118857
0.025238
0.0382773
0.051389
0.0644921
0.077506
0.0903515
0.102482
0.114296
0.125725
0.136702
0.147165
0.156636
0.165488
0.173675
0.181152
0.187877
0.193487
0.198293
0.202276
0.205428
0.207745
0.209016
0.20947
0.20912
0.207983
0.206081
0.203348
0.199916
0.195822
0.191112
0.185832
0.18005
0.173804
0.167151
0.160147
0.152846
0.145399
0.137759
0.129979
0.122112
0.114211
0.106469
0.0987799
0.0911855
0.0837262
0.0764392
0.0695209
0.0628291
0.0563926
0.0502369
0.0443837
0.0390019
0.0339409
0.029211
0.0248195
0.02077
0.0171854
0.0139264
0.0109871
0.00835925
0.00603292
0.0040828
0.00239839
0.000965741
-0.000230291
-0.00120588
-0.00192683
-0.00247048
-0.00285458
-0.00309712
-0.00321608
-0.00320518
-0.00311089
-0.00294943
-0.00273613
-0.00248528
-0.00220263
-0.00190992
-0.00161769
-0.00133515
-0.00107001
-0.000827917
-0.000614455
-0.000432778
-0.00028453
-0.000169861
-8.76949e-05
-3.4817e-05
-7.32437e-06
-0
-0
-0
-0
-0
-0
0
0
0
0
0
0
0
0
0
0
0
0
0
0
0
0
0
0
0
0
0
0
0
0
0
0
0
0
0
0
0
0
0
0
0
0
0
0
0
0
0
0
0
0
0
0
0
0
0
0
0
0
0
0
0
0
0
0
0
0
0
0
0
0
0
0
0
0
0
0
0
0
0
0
0
0
0
0
0
0
0
0
0
0
0
0
0
0
0
0
0
0
0
0
0
0
0
0
0
0
0
0
0
0
0
0
0
0
0
0
0
0
0
0
0
0
0
0
0
0
0
0
0
0
0
0
0
0
0
0
0
0
0
0
0
0
0
0
0
0
0
0
0
0
0
0
0
0
0
0
0
0
0
0
-0
-0
-0
-0
-0
-0
-0
-0
-0
-0
-0
-0
-0
-0
-0
-0
-0
-0
-0
-0
-0
-0
-0
-0
-0
-0
-0
-0
-0
-0
-0
-0
-0
-0
-0
-0
-0
-0
-0
-0
-0
