0
0
0
0
0
0
0
0
0
0
0
0
0
0
0
0
0
0
0
0
0
0
0
0
0
0
-0
-0
-0
-0
-0
-0
-0
-0
-0
-0
-0
-0
-0
-0
-0
-0
-0
-0
-0
-0
-0
-0
-0
-0
-0
-0
-0
-0
-0
-0
-0
-0
-0
-0
-0
-0
-0
-0
-0
-0
-0
-0
-0
-0
-0
0
0
0
0
0
0
0
0
0
0
0
0
0
0
0
0
1.80606e-07
1.58417e-05
5.86627e-05
0.000130884
0.000234171
0.000369582
0.000537545
0.000737841
0.000969613
0.00123137
0.00152101
0.00183582
0.00217252
0.00252731
0.00289585
0.00327336
0.00365465
0.00403417
0.00440612
0.00476454
0.00510338
0.00541665
0.00569845
0.00594304
0.00614488
0.00629868
0.00639944
0.00644255
0.00642386
0.00633978
0.00618738
0.00596445
0.00566958
0.00530212
0.00486216
0.0043504
0.00376815
0.00311726
0.00240023
0.00162032
0.000781691
-0.000110633
-0.00105085
-0.00203258
-0.00304911
-0.0040935
-0.00515865
-0.00623722
-0.00732165
-0.0084042
-0.00947709
-0.0105326
-0.0115634
-0.0125623
-0.0135225
-0.0144371
-0.0153
-0.0161054
-0.0168483
-0.0175246
-0.0181313
-0.0186664
-0.0191283
-0.0195162
-0.0198301
-0.0200704
-0.0202383
-0.0203357
-0.0203655
-0.0203308
-0.0202357
-0.0200843
-0.0198814
-0.0196319
-0.019341
-0.0190139
-0.018656
-0.0182729
-0.0178702
-0.0174539
-0.0170296
-0.0166029
-0.0161788
-0.0157612
-0.0153536
-0.0149588
-0.0145795
-0.0142184
-0.0138779
-0.0135603
-0.0132668
-0.0130029
-0.0127697
-0.0125647
-0.0123852
-0.0122282
-0.0120905
-0.0119691
-0.0118605
-0.0117611
-0.0116672
-0.0115746
-0.0114787
-0.0113747
-0.011257
-0.0111194
-0.0109554
-0.0107582
-0.0105211
-0.0102375
-0.0099013
-0.00950647
-0.00904709
-0.00851731
-0.00791155
-0.00722473
-0.00645254
-0.00559155
-0.0046392
-0.00359362
-0.00245349
-0.00121795
0.000113373
0.00154028
0.00306181
0.00467621
0.00638084
0.00817218
0.0100458
0.0119962
0.0140172
0.0161014
0.0182405
0.0204256
0.022647
0.0248945
0.0271571
0.0294236
0.0316822
0.0339206
0.0361263
0.0382868
0.0403892
0.0424209
0.0443685
0.046219
0.0479587
0.0495741
0.0510518
0.0523787
0.0535423
0.0545304
0.0553311
0.0559331
0.0563254
0.0564972
0.0564388
0.0561409
0.0555953
0.0547949
0.0537339
0.0524079
0.0508136
0.0489499
0.0468169
0.0444165
0.0417522
0.0388289
0.0356526
0.0322304
0.0285708
0.0246832
0.0205785
0.0162692
0.011769
0.00709348
0.00225915
-0.00271618
-0.00781382
-0.0130143
-0.0182974
-0.0236422
-0.0290272
-0.0344299
-0.0398275
-0.0451968
-0.0505142
-0.0557559
-0.0608981
-0.0659169
-0.0707885
-0.0754888
-0.0799942
-0.0842813
-0.0883273
-0.0921101
-0.0956085
-0.0988022
-0.101672
-0.104199
-0.106366
-0.108158
-0.109561
-0.110561
-0.11115
-0.111318
-0.111058
-0.110365
-0.109237
-0.107673
-0.105673
-0.103241
-0.100385
-0.0971136
-0.0934378
-0.0893715
-0.0849304
-0.0801316
-0.0749941
-0.069538
-0.0637847
-0.057757
-0.0514791
-0.0449773
-0.0382793
-0.0314149
-0.0244154
-0.0173128
-0.01014
-0.00292988
0.00428449
0.01147
0.0185933
0.0256209
0.0325195
0.0392561
0.045798
0.0521133
0.0581708
0.0639398
0.0693899
0.0744919
0.0792177
0.0835413
0.0874387
0.0908886
0.0938723
0.0963735
0.0983782
0.0998748
0.100854
0.101308
0.101233
0.100626
0.0994887
0.0978236
0.0956377
0.0929409
0.0897467
0.0860715
0.0819348
0.0773582
0.0723656
0.0669829
0.0612383
0.0551619
0.0487863
0.0421458
0.0352764
0.0282149
0.0209995
0.013669
0.00626337
-0.00117681
-0.00861042
-0.0159963
-0.0232939
-0.0304633
-0.0374656
-0.0442629
-0.0508183
-0.0570962
-0.0630624
-0.0686847
-0.0739328
-0.0787789
-0.0831975
-0.0871652
-0.0906612
-0.0936673
-0.0961683
-0.0981523
-0.0996104
-0.100537
-0.100928
-0.100785
-0.100109
-0.0989056
-0.0971841
-0.0949563
-0.0922373
-0.0890454
-0.0854015
-0.0813293
-0.076855
-0.0720071
-0.0668165
-0.061316
-0.0555401
-0.0495245
-0.0433062
-0.0369234
-0.0304151
-0.0238215
-0.017183
-0.0105401
-0.00393322
0.0025981
0.0090148
0.0152784
0.0213509
0.0271952
0.032775
0.0380559
0.0430052
0.0475931
0.0517922
0.0555777
0.0589276
0.0618223
0.0642449
0.0661812
0.0676198
0.0685521
0.0689728
0.0688792
0.0682719
0.0671546
0.0655339
0.0634196
0.0608246
0.0577645
0.0542577
0.0503254
0.0459914
0.0412821
0.0362261
0.0308545
0.0251997
0.0192958
0.0131776
0.00688075
0.000441415
-0.00610356
-0.0127167
-0.0193603
-0.0259961
-0.0325865
-0.0390941
-0.0454824
-0.0517156
-0.0577586
-0.063577
-0.0691377
-0.0744086
-0.0793599
-0.0839637
-0.0881944
-0.0920289
-0.0954461
-0.0984275
-0.100957
-0.103022
-0.104612
-0.105721
-0.106345
-0.106483
-0.106137
-0.105311
-0.104012
-0.10225
-0.100037
-0.0973885
-0.0943213
-0.090855
-0.0870107
-0.0828113
-0.0782821
-0.07345
-0.0683435
-0.0629923
-0.0574267
-0.0516779
-0.0457775
-0.0397578
-0.0336519
-0.0274932
-0.0213152
-0.0151506
-0.00903156
-0.00298905
0.00294661
0.00874577
0.0143796
0.0198205
0.0250424
0.030021
0.0347341
0.0391613
0.0432836
0.0470839
0.0505468
0.053659
0.0564095
0.05879
0.0607941
0.0624177
0.0636585
0.0645164
0.0649931
0.0650927
0.0648214
0.0641874
0.0632003
0.0618717
0.0602145
0.0582434
0.0559745
0.0534256
0.0506158
0.0475649
0.0442934
0.0408225
0.0371741
0.0333706
0.0294353
0.0253918
0.0212634
0.0170735
0.0128449
0.00860005
0.00436116
0.000150002
-0.00401215
-0.00810479
-0.0121084
-0.0160043
-0.0197753
-0.0234049
-0.0268781
-0.0301811
-0.0333016
-0.0362287
-0.0389528
-0.0414657
-0.0437602
-0.0458304
-0.047672
-0.0492822
-0.05066
-0.0518062
-0.0527224
-0.0534117
-0.0538776
-0.0541251
-0.0541601
-0.0539899
-0.053623
-0.053069
-0.0523383
-0.0514418
-0.0503909
-0.0491974
-0.047874
-0.0464336
-0.0448896
-0.0432556
-0.0415451
-0.0397718
-0.037949
-0.03609
-0.0342079
-0.0323156
-0.0304254
-0.0285491
-0.026698
-0.0248829
-0.0231141
-0.0214013
-0.0197536
-0.0181789
-0.0166843
-0.0152759
-0.0139588
-0.0127373
-0.0116152
-0.0105953
-0.00967985
-0.00887021
-0.00816676
-0.00756905
-0.00707585
-0.00668514
-0.00639421
-0.0061996
-0.0060972
-0.00608227
-0.00614956
-0.00629343
-0.00650797
-0.00678698
-0.00712408
-0.00751263
-0.00794578
-0.00841651
-0.00891771
-0.00944228
-0.00998327
-0.0105339
-0.0110877
-0.0116383
-0.0121799
-0.0127065
-0.0132127
-0.013693
-0.0141424
-0.0145563
-0.0149304
-0.0152609
-0.0155449
-0.0157797
-0.0159631
-0.0160936
-0.01617
-0.0161915
-0.016158
-0.0160696
-0.0159272
-0.0157321
-0.0154861
-0.0151915
-0.0148508
-0.0144668
-0.0140425
-0.0135811
-0.0130865
-0.0125627
-0.012014
-0.0114448
-0.0108594
-0.0102619
-0.00965625
-0.00904668
-0.0084376
-0.00783379
-0.00724016
-0.0066614
-0.00610175
-0.00556488
-0.00505412
-0.0045727
-0.00412396
-0.00371136
-0.00333825
-0.00300759
-0.00272174
-0.00248255
-0.00229149
-0.00214987
-0.00205887
-0.00201938
-0.00203184
-0.00209615
-0.00221175
-0.00237789
-0.00259378
-0.00285858
-0.0031712
-0.00353002
-0.00393278
-0.00437672
-0.004859
-0.00537695
-0.00592821
-0.00651055
-0.0071214
-0.00775765
-0.00841564
-0.00909144
-0.00978124
-0.0104816
-0.0111894
-0.0119015
-0.0126145
-0.0133247
-0.0140285
-0.0147225
-0.0154034
-0.0160686
-0.016715
-0.0173395
-0.0179383
-0.018508
-0.0190455
-0.0195488
-0.0200165
-0.0204476
-0.0208408
-0.0211942
-0.0215056
-0.0217727
-0.0219941
-0.0221692
-0.0222985
-0.0223828
-0.0224229
-0.0224192
-0.0223719
-0.0222813
-0.0221478
-0.0219725
-0.0217567
-0.0215017
-0.0212096
-0.0208821
-0.0205217
-0.0201306
-0.0197111
-0.0192655
-0.0187956
-0.0183035
-0.0177916
-0.0172625
-0.0167195
-0.0161659
-0.0156046
-0.0150379
-0.0144677
-0.0138957
-0.0133239
-0.0127551
-0.0121924
-0.0116389
-0.0110977
-0.0105712
-0.0100612
-0.0095681
-0.00908955
-0.0086278
-0.00818549
-0.00776519
-0.00736923
-0.00699957
-0.00665775
-0.00634487
-0.00606155
-0.005808
-0.00558411
-0.00538957
-0.00522407
-0.00508733
-0.00497907
-0.00489884
-0.00484579
-0.00481861
-0.00481549
-0.00483431
-0.00487284
-0.00492882
-0.00500009
-0.00508456
-0.00518017
-0.00528479
-0.00539623
-0.00551213
-0.00563
-0.0057472
-0.00586116
-0.00596948
-0.00607014
-0.00616152
-0.00624233
-0.00631134
-0.00636726
-0.0064086
-0.00643384
-0.00644162
-0.00643102
-0.00640158
-0.00635334
-0.00628656
-0.0062016
-0.00609882
-0.00597862
-0.00584148
-0.0056881
-0.00551936
-0.00533637
-0.00514036
-0.00493272
-0.00471496
-0.00448873
-0.00425576
-0.00401782
-0.00377662
-0.0035338
-0.00329094
-0.00304956
-0.00281119
-0.00257734
-0.00234945
-0.00212884
-0.00191666
-0.00171392
-0.00152152
-0.00134022
-0.00117066
-0.00101333
-0.000868558
-0.000736495
-0.000617124
-0.000510296
-0.000415745
-0.00033309
-0.000261827
-0.000201328
-0.000150855
-0.000109579
-7.66148e-05
-5.10407e-05
-3.19148e-05
-1.82838e-05
-9.19435e-06
-3.71053e-06
-9.34574e-07
-2.67613e-08
-0
-0
-0
-0
0
0
0
0
0
0
0
0
0
0
0
0
0
0
-0
-0
-0
-0
-0
-0
-0
-0
-0
-0
-0
-0
-0
-0
-0
-0
-0
-0
-0
-0
-0
-0
-0
-0
-0
-0
-0
-0
-0
-0
-0
-0
-0
-0
-0
-0
-0
-0
-0
-0
-0
-0
-0
-0
-0
-0
-0
-0
-0
-0
-0
-0
-0
-0
-0
-0
-0
-0
-0
-0
-0
0
0
0
0
0
0
0
0
0
0
0
0
0
0
0
0
0
0
0
0
0
0
0
0
0
0
0
0
0
0
0
0
0
0
0
0
0
0
0
0
0
0
0
0
0
0
0
0
-0
-0
-0
-0
-0
-0
-0
-0
-0
-0
-0
-0
-0
-0
-0
-0
-0
-0
-0
-0
-0
-0
-0
-0
0
0
7.32896e-08
2.82813e-06
1.19197e-05
3.06823e-05
6.2566e-05
0.000111071
0.000179684
0.000271835
0.000390857
0.000539953
0.000722165
0.000940314
0.00119694
0.00149421
0.0018339
0.00221736
0.00264555
0.00311909
0.00363827
0.00420301
0.00481275
0.00546638
0.00616225
0.00689829
0.00767225
0.00848188
0.00932479
0.0101983
0.0110993
0.0120239
0.0129681
0.0139276
0.0148989
0.0158787
0.0168643
0.0178526
0.0188403
0.0198235
0.0207986
0.0217623
0.0227123
0.0236466
0.024563
0.0254588
0.0263307
0.0271755
0.0279908
0.0287753
0.029529
0.0302524
0.0309456
0.0316075
0.0322368
0.0328317
0.0333913
0.0339158
0.034406
0.0348629
0.0352869
0.0356779
0.036035
0.0363577
0.036646
0.0369008
0.0371242
0.0373178
0.0374832
0.0376217
0.0377335
0.037819
0.0378776
0.0379098
0.0379172
0.0379024
0.037869
0.0378189
0.0377535
0.0376728
0.0375763
0.0374648
0.0373394
0.0372033
0.0370604
0.0369137
0.036765
0.0366138
0.0364599
0.0363041
0.0361492
0.0359994
0.0358594
0.0357466
0.0356649
0.0356115
0.0355837
0.0355808
0.0356041
0.0356565
0.0357407
0.035857
0.0360056
0.0361846
0.0363921
0.0366266
0.0368859
0.0371716
0.0374831
0.0378198
0.0381807
0.0385627
0.0389675
0.0393944
0.0398413
0.0403053
0.0407795
0.0412637
0.0417564
0.0422578
0.0427693
0.0432887
0.0438193
0.044359
0.0449045
0.0454525
0.045998
0.0465445
0.0470937
0.0476478
0.0482079
0.0487712
0.0493391
0.0499099
0.0504818
0.0510534
0.0516227
0.0521903
0.0527554
0.0533169
0.0538731
0.0544228
0.0549622
0.0554879
0.0559963
0.0564837
0.0569509
0.0573905
0.0577998
0.0581765
0.0585183
0.0588311
0.0591047
0.0593367
0.0595244
0.0596646
0.0597658
0.0598134
0.0598052
0.05974
0.0596175
0.0594529
0.059232
0.0589546
0.0586206
0.0582294
0.0577981
0.0573123
0.0567755
0.056192
0.0555663
0.0549185
0.054236
0.0535217
0.0527796
0.0520145
0.0512459
0.0504687
0.0496909
0.0489202
0.0481636
0.0474343
0.0467323
0.0460649
0.0454401
0.0448671
0.0443519
0.0439063
0.0435381
0.0432546
0.0430625
0.0429543
0.0429524
0.043065
0.0432992
0.0436608
0.0441251
0.0447216
0.0454507
0.046313
0.0473096
0.0484016
0.0496299
0.0509928
0.052485
0.0540987
0.0557746
0.057554
0.0594294
0.0613939
0.06344
0.0655031
0.0676252
0.0697908
0.0719829
0.0741851
0.0763294
0.0784538
0.0805433
0.0825811
0.0845481
0.0863822
0.0881035
0.0896923
0.0911305
0.092402
0.0934701
0.0943405
0.0949973
0.0954244
0.0956062
0.0955361
0.0951954
0.0945746
0.0936661
0.0924632
0.0910011
0.0892351
0.0871625
0.084783
0.0820987
0.0791897
0.075987
0.0724989
0.0687353
0.0647074
0.0605353
0.0561273
0.0515012
0.0466778
0.0416804
0.0366631
0.031522
0.0262831
0.0209734
0.0156212
0.010394
0.00518575
2.92188e-05
-0.00504206
-0.00999448
-0.0146673
-0.0191555
-0.0234267
-0.0274486
-0.0311893
-0.0345202
-0.0375097
-0.0401303
-0.0423553
-0.0441595
-0.0454703
-0.0463149
-0.0466748
-0.0465344
-0.0458819
-0.0447227
-0.0430346
-0.0408122
-0.038052
-0.0347533
-0.0310056
-0.026729
-0.0219335
-0.0166324
-0.0108415
-0.00473621
0.0018186
0.0087978
0.0161728
0.0239122
0.0317679
0.0399198
0.048331
0.0569617
0.0657684
0.0744538
0.0832196
0.0920161
0.100794
0.109503
0.11784
0.126011
0.133966
0.141656
0.149027
0.155804
0.162165
0.168065
0.17346
0.178305
0.182398
0.185864
0.188669
0.190784
0.19218
0.192763
0.192583
0.191624
0.189871
0.187315
0.183994
0.17987
0.174949
0.169242
0.162764
0.15569
0.147888
0.139387
0.13022
0.120425
0.110301
0.0996348
0.0884727
0.0768676
0.0648758
0.0528906
0.0406381
0.0281796
0.0155775
0.0028957
-0.00943224
-0.0217082
-0.0338648
-0.0458346
-0.0575504
-0.0685937
-0.0792536
-0.0894673
-0.0991731
-0.108311
-0.116535
-0.124081
-0.130899
-0.136943
-0.14217
-0.146362
-0.14966
-0.152035
-0.153463
-0.153928
-0.153381
-0.151852
-0.14934
-0.145846
-0.141379
-0.136063
-0.129807
-0.122635
-0.114579
-0.105673
-0.0962095
-0.0859776
-0.0750253
-0.0634067
-0.0511811
-0.038775
-0.0258895
-0.0125916
0.00104903
0.0149591
0.0286379
0.0424323
0.0562644
0.0700564
0.083731
0.096786
0.10957
0.122007
0.134018
0.145528
0.156101
0.166034
0.175269
0.183747
0.191414
0.197972
0.20362
0.208319
0.212032
0.214731
0.216299
0.216812
0.216261
0.214639
0.211947
0.208271
0.203546
0.197792
0.191034
0.183302
0.174875
0.165553
0.155384
0.144423
0.13273
0.120746
0.108159
0.0950374
0.0814511
0.0674765
0.0536492
0.0395962
0.0254016
0.0111498
-0.00307513
-0.0167205
-0.0301748
-0.0433572
-0.0561869
-0.0685842
-0.0800562
-0.0909457
-0.101184
-0.110705
-0.119446
-0.127051
-0.133768
-0.139551
-0.14436
-0.148161
-0.150783
-0.152341
-0.152817
-0.152196
-0.150473
-0.147693
-0.143821
-0.138873
-0.13287
-0.125841
-0.11804
-0.109283
-0.0996115
-0.089074
-0.0777234
-0.0659912
-0.0535648
-0.04051
-0.0268974
-0.0128013
0.00122705
0.0155841
0.0301912
0.0449688
0.059836
0.0742015
0.0884946
0.102635
0.116542
0.130135
0.14286
0.155121
0.166844
0.177963
0.188413
0.19775
0.206302
0.214017
0.220849
0.226757
0.231468
0.235185
0.237881
0.239534
0.24013
0.239598
0.237995
0.235324
0.231593
0.226819
0.221141
0.214463
0.206813
0.198226
0.188738
0.178678
0.167808
0.15618
0.14385
0.130877
0.117727
0.104054
0.0899227
0.0753996
0.0605551
0.0459391
0.031147
0.0162513
0.00132413
-0.013564
-0.0278571
-0.0419772
-0.0558607
-0.0694451
-0.0826691
-0.0950337
-0.10692
-0.118274
-0.129044
-0.139181
-0.148302
-0.156709
-0.164369
-0.171251
-0.177328
-0.18237
-0.186564
-0.189896
-0.19236
-0.193953
-0.194618
-0.194418
-0.193359
-0.191449
-0.188703
-0.18523
-0.18096
-0.175924
-0.170154
-0.163687
-0.156781
-0.149258
-0.141161
-0.132533
-0.123419
-0.114177
-0.104541
-0.0945597
-0.0842823
-0.0737617
-0.0634136
-0.0529258
-0.0423464
-0.0317208
-0.0210927
-0.0108747
-0.00074081
0.00926449
0.0190966
0.0287128
0.0377402
0.0464793
0.0548994
0.0629717
0.070667
0.0776911
0.0842829
0.090419
0.0960809
0.101254
0.105754
0.109746
0.113221
0.116173
0.118597
0.120416
0.121707
0.122477
0.122734
0.12249
0.121777
0.120586
0.118934
0.116837
0.114316
0.111494
0.108296
0.104746
0.100871
0.0966996
0.0924188
0.0878962
0.0831571
0.0782257
0.0731256
0.0680722
0.0628994
0.0576339
0.0523034
0.0469352
0.0417503
0.0365743
0.0314268
0.0263262
0.0212908
0.0165166
0.0118435
0.00728745
0.00286267
-0.00141793
-0.00540077
-0.00921593
-0.0128521
-0.0162989
-0.0195477
-0.0224965
-0.0252383
-0.0277717
-0.0300963
-0.0322116
-0.0340694
-0.0357207
-0.0371702
-0.0384249
-0.0394932
-0.040376
-0.0410877
-0.0416342
-0.0420218
-0.0422582
-0.0423769
-0.0423658
-0.0422371
-0.042003
-0.0416746
-0.0413031
-0.040857
-0.0403471
-0.0397858
-0.0391872
-0.0386092
-0.0380174
-0.0374192
-0.0368198
-0.036223
-0.0356697
-0.0351254
-0.0345876
-0.0340476
-0.0335116
-0.0330085
-0.0325203
-0.0320506
-0.0316027
-0.0311788
-0.0307865
-0.0304196
-0.0300776
-0.0297597
-0.0294654
-0.0291865
-0.0289283
-0.0286878
-0.0284616
-0.0282457
-0.0280233
-0.0278039
-0.0275843
-0.0273611
-0.0271307
-0.0268789
-0.0266122
-0.0263262
-0.0260168
-0.0256804
-0.0253141
-0.0249169
-0.024488
-0.0240269
-0.0235329
-0.0230189
-0.0224714
-0.0218907
-0.0212765
-0.0206284
-0.0199728
-0.0192842
-0.0185656
-0.0178203
-0.0170519
-0.0162982
-0.0155276
-0.0147444
-0.0139523
-0.0131549
-0.0123916
-0.0116286
-0.0108707
-0.0101222
-0.00938658
-0.00869825
-0.00802678
-0.00737566
-0.00674811
-0.00614699
-0.00559698
-0.00507537
-0.00458347
-0.0041217
-0.00368983
-0.00329974
-0.00293707
-0.00260181
-0.00229404
-0.00201372
-0.00176455
-0.00154041
-0.00133973
-0.00116069
-0.00100145
-0.000859754
-0.00073454
-0.000624318
-0.000527706
-0.000443307
-0.000367864
-0.000302243
-0.000245025
-0.000195082
-0.000151557
-0.000112846
-8.00605e-05
-5.28372e-05
-3.10408e-05
-1.47525e-05
-4.21636e-06
-5.13063e-08
-0
-0
-0
-0
-0
-0
-0
-0
-0
-0
-0
-0
-0
-0
-0
-0
-0
-0
-0
-0
-0
-0
-0
-0
-0
-0
-0
-0
-0
-0
-0
-0
-0
-0
-0
-0
-0
-0
-0
-0
-0
-0
-0
-0
-0
-0
-0
-0
-0
0
0
0
0
0
0
0
0
0
0
0
0
0
0
0
0
0
0
0
0
0
0
0
0
0
0
0
0
0
0
0
0
0
0
0
0
0
0
