0
0
0
0
0
0
0
0
0
0
0
0
0
0
0
0
0
0
0
0
0
0
0
0
0
0
0
0
0
0
0
0
0
0
0
0
0
0
0
0
0
0
0
0
0
0
0
0
0
0
0
0
0
0
0
0
0
0
0
0
0
0
0
0
0
0
0
0
0
0
0
0
0
0
0
0
0
0
0
0
0
0
0
0
0
0
0
0
0
0
0
0
0
0
0
0
0
0
0
0
0
0
0
0
0
0
0
0
0
0
0
0
0
0
0
0
0
0
0
0
0
0
0
0
0
0
0
0
0
0
0
0
0
0
0
0
0
0
0
0
0
0
0
0
0
0
0
0
0
0
0
0
0
0
0
0
0
0
0
0
0
0
0
0
0
0
0
0
0
0
0
0
0
0
0
0
0
0
0
0
0
0
0
0
0
0
0
0
0
0
0
0
0
0
0
0
0
0
0
0
0
0
0
0
0
0
0
0
0
0
0
0
0
0
0
0
0
0
0
0
0
0
0
0
0
0
0
0
0
0
0
0
0
0
0
0
-2.25329e-05
-9.69684e-05
-0.000228953
-0.000422449
-0.00067968
-0.00100109
-0.00138534
-0.0018293
-0.00232808
-0.00287513
-0.00346232
-0.00408007
-0.00471755
-0.0053628
-0.00600291
-0.00662424
-0.00721263
-0.00775364
-0.00823275
-0.00863565
-0.0089484
-0.00915769
-0.00925108
-0.00921723
-0.00904615
-0.00872935
-0.00825998
-0.00763288
-0.00684473
-0.00589416
-0.00478194
-0.00351114
-0.00208716
-0.000517695
0.00118744
0.00301655
0.00495627
0.00699173
0.00910654
0.0112828
0.0135013
0.0157412
0.0179807
0.0201971
0.0223678
0.0244702
0.0264828
0.0283846
0.0301556
0.0317761
0.0332273
0.0344906
0.0355495
0.0363892
0.0369978
0.0373665
0.0374887
0.0373599
0.0369774
0.03634
0.0354494
0.03431
0.03293
0.0313211
0.0294972
0.0274736
0.0252667
0.0228936
0.020373
0.0177258
0.0149754
0.0121473
0.00926791
0.00636314
0.00345751
0.000574079
-0.00226489
-0.00503706
-0.00771951
-0.010289
-0.012723
-0.0150009
-0.0171051
-0.0190215
-0.0207381
-0.0222453
-0.0235342
-0.0245971
-0.0254286
-0.0260257
-0.0263988
-0.0265597
-0.0265158
-0.0262752
-0.0258466
-0.0252381
-0.0244587
-0.0235185
-0.0224299
-0.0212076
-0.0198677
-0.0184269
-0.0169012
-0.0153056
-0.0136544
-0.0119617
-0.0102426
-0.0085134
-0.00679101
-0.0050926
-0.00343455
-0.00183204
-0.000298945
0.00115184
0.00250792
0.00375723
0.00488814
0.00588988
0.0067532
0.00747067
0.00803682
0.00844783
0.00870115
0.00879511
0.00872897
0.00850314
0.00811961
0.00758223
0.00689668
0.00607
0.00511012
0.00402537
0.00282445
0.00151669
0.00011243
-0.00137671
-0.00293806
-0.00455831
-0.00622416
-0.0079226
-0.00964092
-0.0113664
-0.0130858
-0.0147857
-0.016452
-0.0180712
-0.0196304
-0.0211178
-0.0225226
-0.0238348
-0.0250453
-0.0261452
-0.0271266
-0.0279823
-0.0287059
-0.0292922
-0.0297366
-0.0300359
-0.0301879
-0.0301918
-0.030048
-0.0297583
-0.0293253
-0.0287524
-0.0280439
-0.0272051
-0.0262419
-0.0251614
-0.0239714
-0.0226803
-0.0212973
-0.0198323
-0.0182961
-0.0167002
-0.0150569
-0.0133782
-0.0116758
-0.00996045
-0.00824235
-0.00653113
-0.00483639
-0.00316766
-0.00153435
5.46378e-05
0.00159102
0.0030672
0.00447608
0.00581101
0.00706586
0.00823539
0.00931558
0.0103039
0.0111991
0.0120009
0.0127094
0.0133254
0.0138497
0.0142843
0.0146316
0.0148953
0.0150797
0.0151894
0.0152296
0.0152056
0.0151233
0.0149888
0.0148089
0.01459
0.0143389
0.0140622
0.0137667
0.0134597
0.0131483
0.0128395
0.0125394
0.012253
0.0119846
0.0117371
0.0115134
0.0113158
0.0111463
0.0110069
0.0108984
0.0108216
0.0107763
0.0107618
0.0107767
0.0108186
0.0108837
0.0109672
0.0110631
0.0111649
0.0112657
0.0113587
0.0114364
0.0114913
0.0115151
0.0114992
0.0114346
0.0113124
0.0111234
0.0108584
0.0105079
0.0100623
0.0095125
0.00885003
0.00806741
0.00715811
0.00611635
0.0049369
0.00361519
0.00214756
0.000531632
-0.00123345
-0.00314716
-0.00520783
-0.00741292
-0.00975903
-0.0122417
-0.0148551
-0.0175919
-0.0204435
-0.0234002
-0.0264513
-0.0295855
-0.0327905
-0.0360519
-0.0393541
-0.0426791
-0.0460081
-0.0493209
-0.0525971
-0.0558158
-0.058956
-0.0619964
-0.0649159
-0.0676933
-0.0703078
-0.0727386
-0.0749652
-0.0769668
-0.078723
-0.0802138
-0.0814201
-0.0823244
-0.0829101
-0.0831625
-0.0830678
-0.0826136
-0.0817892
-0.080586
-0.078997
-0.0770175
-0.0746445
-0.0718766
-0.0687148
-0.0651625
-0.0612258
-0.0569138
-0.0522386
-0.0472142
-0.0418572
-0.036186
-0.0302209
-0.0239846
-0.0175017
-0.0107983
-0.00390189
0.00315905
0.0103546
0.0176529
0.0250201
0.0324203
0.0398162
0.0471694
0.0544416
0.0615943
0.0685892
0.0753877
0.0819512
0.0882419
0.0942228
0.0998587
0.105116
0.109962
0.114365
0.118296
0.121726
0.12463
0.126985
0.12877
0.129969
0.130567
0.130553
0.129918
0.128657
0.126769
0.124254
0.121119
0.11737
0.113019
0.108079
0.102566
0.0965015
0.0899078
0.0828123
0.0752446
0.0672373
0.0588256
0.0500474
0.0409431
0.0315549
0.0219264
0.0121022
0.00212779
-0.00795059
-0.0180855
-0.0282288
-0.0383319
-0.0483463
-0.0582242
-0.0679182
-0.0773818
-0.0865682
-0.0954315
-0.103926
-0.112009
-0.119638
-0.126774
-0.133382
-0.139426
-0.144877
-0.149705
-0.153887
-0.157403
-0.160235
-0.162371
-0.163802
-0.164524
-0.164535
-0.163837
-0.162437
-0.160345
-0.157575
-0.154144
-0.150072
-0.145382
-0.140101
-0.134255
-0.127879
-0.121006
-0.113672
-0.105916
-0.0977784
-0.0893005
-0.0805259
-0.071499
-0.0622652
-0.0528705
-0.043361
-0.0337835
-0.0241846
-0.0146111
-0.00510898
0.00427671
0.0135024
0.022526
0.031307
0.0398063
0.0479865
0.0558119
0.0632495
0.0702686
0.0768414
0.0829428
0.0885502
0.0936435
0.0982055
0.102222
0.105681
0.108576
0.1109
0.112652
0.113833
0.114445
0.114496
0.113995
0.112954
0.111388
0.109315
0.106753
0.103722
0.100247
0.0963527
0.0920653
0.0874138
0.082428
0.0771386
0.0715774
0.0657765
0.0597689
0.0535875
0.0472658
0.0408373
0.0343353
0.0277929
0.021243
0.0147176
0.00824751
0.00186263
-0.00440853
-0.0105386
-0.0165013
-0.0222717
-0.0278262
-0.0331431
-0.0382021
-0.0429855
-0.0474771
-0.0516626
-0.0555298
-0.0590682
-0.0622693
-0.0651266
-0.0676354
-0.0697929
-0.0715979
-0.0730512
-0.0741553
-0.0749147
-0.0753356
-0.0754259
-0.0751947
-0.0746521
-0.0738094
-0.0726791
-0.0712748
-0.0696115
-0.0677048
-0.0655713
-0.0632283
-0.0606932
-0.0579843
-0.0551201
-0.0521191
-0.0490002
-0.0457818
-0.0424824
-0.0391204
-0.0357144
-0.0322824
-0.0288424
-0.0254111
-0.0220046
-0.0186378
-0.0153249
-0.0120798
-0.00891577
-0.00584567
-0.0028813
-3.32929e-05
0.00268888
0.00527683
0.00772302
0.0100208
0.0121644
0.0141492
0.0159718
0.0176298
0.0191215
0.0204457
0.021602
0.0225905
0.0234129
0.0240717
0.0245705
0.0249136
0.0251054
0.0251503
0.0250532
0.0248196
0.0244561
0.02397
0.0233688
0.0226601
0.0218512
0.0209494
0.019962
0.0188972
0.0177632
0.0165684
0.0153211
0.0140289
0.0126994
0.0113398
0.00995755
0.00856008
0.00715459
0.00574783
0.00434598
0.00295478
0.00157976
0.000226342
-0.00110018
-0.00239484
-0.00365319
-0.00487129
-0.00604564
-0.007173
-0.00825032
-0.0092749
-0.0102445
-0.0111573
-0.0120119
-0.0128073
-0.0135424
-0.0142161
-0.0148279
-0.0153777
-0.0158659
-0.0162933
-0.0166608
-0.0169694
-0.0172197
-0.0174129
-0.0175507
-0.0176353
-0.0176692
-0.0176546
-0.0175936
-0.0174877
-0.0173388
-0.017149
-0.0169214
-0.0166591
-0.0163653
-0.0160425
-0.015693
-0.0153188
-0.014922
-0.0145051
-0.0140708
-0.0136219
-0.0131608
-0.0126893
-0.0122094
-0.011723
-0.0112322
-0.0107392
-0.010246
-0.00975405
-0.00926453
-0.00877844
-0.00829654
-0.00782038
-0.00735173
-0.00689217
-0.00644286
-0.00600456
-0.00557795
-0.00516383
-0.0047632
-0.00437707
-0.00400625
-0.00365115
-0.00331195
-0.00298878
-0.00268195
-0.00239193
-0.0021191
-0.00186353
-0.00162488
-0.0014026
-0.00119621
-0.00100562
-0.000831047
-0.000672744
-0.000530706
-0.000404493
-0.000293344
-0.000196467
-0.000113286
-4.34994e-05
1.30742e-05
5.67141e-05
8.7915e-05
0.000107335
0.000115652
0.000113465
0.000101332
7.98917e-05
4.99564e-05
1.24618e-05
-3.16941e-05
-8.18003e-05
-0.000137337
-0.000197815
-0.000262561
-0.000330636
-0.000400949
-0.000472521
-0.000544689
-0.000617104
-0.000689505
-0.000761428
-0.000831993
-0.000899692
-0.000963355
-0.00102219
-0.00107579
-0.00112389
-0.00116615
-0.001202
-0.00123076
-0.00125185
-0.00126506
-0.00127045
-0.00126819
-0.00125832
-0.00124066
-0.00121495
-0.00118117
-0.00113962
-0.00109097
-0.00103594
-0.0009751
-0.000908814
-0.000837352
-0.000761142
-0.000680803
-0.000597381
-0.000511856
-0.000425064
-0.000337685
-0.000250338
-0.000163881
-7.9316e-05
2.2983e-06
8.00752e-05
0.000153407
0.000222012
0.000285635
0.000343874
0.000396089
0.000441503
0.000479746
0.00051067
0.000534424
0.000551279
0.000561273
0.000564652
0.000561437
0.000551761
0.000535991
0.00051452
0.000488265
0.000457915
0.000424102
0.000387453
0.000348478
0.000308186
0.000267432
0.00022706
0.000187841
0.000150356
0.000115441
8.37915e-05
5.61056e-05
3.30396e-05
1.51046e-05
2.82334e-06
-3.46041e-06
-3.47604e-06
2.97968e-06
1.60343e-05
3.56897e-05
6.18172e-05
9.41859e-05
0.000132492
0.000176394
0.000225415
0.000278983
0.000336407
0.00039692
0.000459703
0.000524022
0.000589124
0.000654213
0.000718408
0.000780588
0.000839937
0.000895551
0.000946627
0.000992453
0.00103201
0.00106586
0.00109696
0.00112541
0.00115101
0.00117313
0.00119222
0.0012082
0.00122098
0.0012304
0.0012357
0.00123739
0.00123539
0.00122965
0.00122007
0.00120583
0.00118747
0.00116487
0.00113799
0.00110686
0.00107085
0.00103067
0.000986268
0.00093756
0.000884475
0.000826481
0.000764162
0.000697618
0.000626937
0.000552173
0.000473116
0.000390072
0.000303152
0.000212508
0.000118296
2.07985e-05
-8.00632e-05
-0.000184203
-0.000291476
-0.00040165
-0.000513753
-0.000628148
-0.000744582
-0.000862875
-0.00098288
-0.00110319
-0.00122478
-0.0013473
-0.00147039
-0.00159367
-0.00171507
-0.00183604
-0.00195627
-0.00207536
-0.00219288
-0.0023062
-0.00241706
-0.00252508
-0.00262985
-0.00273093
-0.00282547
-0.00291524
-0.00299967
-0.00307823
-0.00315044
-0.00321363
-0.00326953
-0.00331759
-0.00335721
-0.00338781
-0.00340714
-0.00341647
-0.00341535
-0.00340337
-0.00338003
-0.00334404
-0.00329577
-0.00323488
-0.00316108
-0.00307417
-0.00297436
-0.00286103
-0.002734
-0.00259313
-0.00243842
-0.00227182
-0.00209165
-0.00189813
-0.00169148
-0.00147193
-0.00124318
-0.00100229
-0.000749862
-0.000486603
-0.00021329
6.45519e-05
0.000350821
0.000644633
0.000944999
0.00125081
0.00155519
0.00186255
0.00217161
0.00248105
0.00278949
0.00308949
0.00338555
0.00367614
0.00395966
0.00423454
0.00449364
0.00474087
0.00497458
0.00519311
0.00539479
0.00557382
0.00573294
0.00587077
0.00598594
0.00607712
0.00614093
0.00617823
0.0061879
0.00616896
0.00612054
0.0060426
0.00593383
0.00579375
0.00562203
0.0054185
0.00518697
0.00492385
0.00462945
0.0043042
0.0039487
0.00357056
0.00316392
0.00272997
0.00227014
0.001786
0.00128865
0.000770453
0.000233288
-0.000320787
-0.000889536
-0.00145948
-0.00203918
-0.00262602
-0.00321732
-0.00381032
-0.00439073
-0.00496718
-0.00553676
-0.00609656
-0.00664362
-0.00716461
-0.00766704
-0.00814807
-0.00860486
-0.00903467
-0.00942694
-0.00978707
-0.0101127
-0.0104015
-0.0106514
-0.0108562
-0.0110183
-0.011136
-0.0112078
-0.0112327
-0.0112103
-0.0111392
-0.011019
-0.0108495
-0.0106305
-0.0103678
-0.0100565
-0.00969708
-0.00929074
-0.00883869
-0.00835262
-0.00782405
-0.00725491
-0.00664743
-0.00600403
-0.00534121
-0.00464792
-0.00392707
-0.00318177
-0.00241528
-0.00164705
-0.000864603
-7.16331e-05
0.000728073
0.00153067
0.00231599
0.00309651
0.00386842
0.00462789
0.0053711
0.00607971
0.00676463
0.00742234
0.00804943
0.00864261
0.00918775
0.00969292
0.0101554
0.0105726
0.0109422
0.0112561
0.0115186
0.011728
0.011883
0.0119826
0.0120257
0.012012
0.0119413
0.0118137
0.0116296
0.0113953
0.0111059
0.0107628
0.0103672
0.00992107
0.00943717
0.00890686
0.00833254
0.0077169
0.0070628
0.0063882
0.00568153
0.00494619
0.00418572
0.00340373
0.00262085
0.00182385
0.00101652
0.000202701
-0.00061371
-0.00141187
-0.00220505
-0.00298962
-0.00376206
-0.00451891
-0.00524173
-0.00594233
-0.00661756
-0.00726442
-0.00788004
-0.00845035
-0.00898432
-0.0094797
-0.00993449
-0.0103469
-0.0107088
-0.0110255
-0.011296
-0.0115194
-0.0116951
-0.0118216
-0.0119001
-0.0119309
-0.0119144
-0.0118514
-0.0117466
-0.0115973
-0.0114048
-0.0111703
-0.0108956
-0.0105906
-0.0102491
-0.00987342
-0.00946573
-0.00902851
-0.00857545
-0.00809799
-0.00759881
-0.0070806
-0.00654608
-0.0060106
-0.00546428
-0.00490986
-0.00435013
-0.00378787
-0.00323827
-0.00269145
-0.00214988
-0.00161594
-0.00109191
-0.000590885
-0.000104003
0.000366806
0.000819746
0.00125317
0.00165728
0.00203908
0.00239743
0.00273136
0.00304004
0.00331766
0.00356879
0.00379297
0.00398991
0.00415944
0.00429984
0.00441313
0.00449977
0.00456034
0.00459558
0.00460744
0.00459559
0.00456092
0.00450443
0.00442722
0.00433397
0.00422242
0.00409388
0.00394971
0.00379133
0.00362513
0.00344761
0.00326015
0.00306409
0.00286069
0.00265672
0.00244795
0.00223567
0.00202118
0.00180578
0.00159592
0.0013874
0.00118116
0.000978112
0.000779089
0.000589356
0.00040515
0.000227053
5.55075e-05
-0.000109166
-0.000263361
-0.000410262
-0.00054971
-0.00068159
-0.000805846
-0.000920257
-0.00102716
-0.0011267
-0.00121909
-0.00130459
-0.00138223
-0.00145376
-0.00151968
-0.0015805
-0.0016367
-0.00168803
-0.00173556
-0.00177966
-0.00182078
-0.00185945
-0.00189581
-0.00193086
-0.00196509
-0.00199894
-0.00203276
-0.00206646
-0.00210078
-0.00213596
-0.00217222
-0.00220967
-0.00224774
-0.00228707
-0.00232763
-0.00236943
-0.00241239
-0.0024556
-0.00249963
-0.00254413
-0.00258871
-0.00263296
-0.00267569
-0.00271732
-0.0027575
-0.00279582
-0.00283185
-0.00286455
-0.00289403
-0.00291981
-0.00294144
-0.00295842
-0.00297021
-0.00297631
-0.00297619
-0.00296941
-0.00295559
-0.00293522
-0.00290729
-0.00287163
-0.00282808
-0.00277652
-0.00271856
-0.00265244
-0.00257815
-0.00249576
-0.00240541
-0.00230989
-0.00220691
-0.0020968
-0.00197996
-0.00185682
-0.00173108
-0.00160006
-0.00146434
-0.00132464
-0.0011817
-0.0010398
-0.000896213
-0.000751683
-0.000606962
-0.000462827
-0.000323346
-0.000186087
-5.18659e-05
7.8529e-05
0.000204337
0.000322276
0.000434105
0.000539031
0.000636268
0.000725099
0.000803526
0.000872473
0.000931563
0.000980463
0.00101885
0.0010464
0.0010629
0.00106822
0.00106235
0.00104541
0.00101889
0.000981628
0.000933867
0.000875919
0.000808215
0.000733781
0.000650741
0.000559733
0.000461409
0.000356447
0.000248769
0.000136032
1.91452e-05
-0.000100964
-0.000223406
-0.000344077
-0.000465457
-0.000586701
-0.000706855
-0.000824879
-0.00093697
-0.00104497
-0.00114813
-0.00124583
-0.00133749
-0.00142079
-0.00149676
-0.00156472
-0.00162404
-0.00167425
-0.0017147
-0.00174555
-0.00176663
-0.00177779
-0.00177888
-0.001771
-0.00175313
-0.00172556
-0.00168861
-0.00164266
-0.00159037
-0.00152982
-0.00146151
-0.00138613
-0.00130456
-0.0012208
-0.0011327
-0.00104107
-0.000946646
-0.000850177
-0.000755632
-0.000660818
-0.000566761
-0.000474493
-0.000384982
-0.000301553
-0.000222496
-0.000148508
-8.02631e-05
-1.84265e-05
3.5215e-05
8.11352e-05
0.000118684
0.000147231
0.000166173
0.000175692
0.000174898
0.000163781
0.000142454
0.000111057
7.22612e-05
2.35725e-05
-3.47945e-05
-0.000102378
-0.000178422
-0.000257811
-0.000343733
-0.000435258
-0.000531567
-0.000631858
-0.000730192
-0.000830563
-0.000931657
-0.00103212
-0.00113075
-0.00122158
-0.00130898
-0.00139219
-0.00147038
-0.00154253
-0.00160352
-0.00165664
-0.00170122
-0.0017369
-0.00176348
-0.00177834
-0.00178385
-0.00177976
-0.00176589
-0.00174224
-0.00170848
-0.00166568
-0.00161441
-0.00155531
-0.00148898
-0.0014172
-0.00133943
-0.00125644
-0.00116908
-0.00107823
-0.000987163
-0.000894279
-0.000800503
-0.000706746
-0.000613887
-0.00052562
-0.000439552
-0.000356361
-0.000276685
-0.00020114
-0.000133059
-6.99146e-05
-1.21293e-05
3.99995e-05
8.62931e-05
0.000124517
0.000157078
0.000183985
0.000205302
0.000221161
0.000230436
0.000235018
0.000235283
0.000231647
0.000224545
0.00021379
0.000200625
0.000185532
0.000169004
0.000151539
0.00013344
0.00011538
9.77621e-05
8.09501e-05
6.52642e-05
5.09872e-05
3.83236e-05
2.74322e-05
1.84075e-05
1.12776e-05
6.01785e-06
2.50011e-06
5.67221e-07
0
0
0
0
0
0
0
0
0
0
0
0
0
0
0
0
0
0
0
0
0
0
0
0
0
0
0
0
0
0
0
0
0
0
0
0
0
0
0
0
0
0
0
0
0
0
0
0
0
0
0
0
0
0
0
0
0
0
0
0
0
0
0
0
0
0
0
0
0
0
0
0
0
0
0
0
0
0
0
0
0
0
0
0
0
0
0
0
0
0
0
0
0
0
0
0
0
0
0
0
0
0
0
0
0
0
0
0
0
0
0
0
0
0
0
0
0
0
0
0
0
0
0
0
0
0
0
0
0
0
0
0
0
0
0
0
0
0
0
0
0
0
0
0
0
0
0
0
0
0
0
0
0
0
0
0
0
0
0
0
0
0
0
0
0
0
0
0
0
0
0
0
0
0
0
0
0
0
0
0
0
0
0
0
0
0
0
0
0
0
0
0
0
0
0
0
0
0
0
0
0
0
0
0
0
0
0
0
0
0
0
0
0
0
0
0
0
0
0
0
0
0
0
0
0
0
0
0
0
0
0
0
0
0
0
0
