-0
-0
-0
-0
-0
-0
-0
-0
-0
-0
-0
-0
-0
-0
-0
-0
-0
-0
-0
-0
-0
-0
-0
-0
-0
-0
0
0
0
0
0
0
0
0
0
0
0
0
0
0
0
0
0
0
0
0
0
0
0
0
0
0
0
0
0
0
0
0
0
0
0
-0
-0
-0
-0
-0
-0
-0
-0
-0
-0
-0
-0
-0
-0
-0
-0
-0
-0
-0
-0
-0
-0
-0
-0
-0
-0
-0
-0
-0
-0
-0
-0
-0
-0
-0
-0
-0
-0
-0
-0
-0
-0
-0
-0
-0
0
0
0
0
0
0
0
0
0
0
0
0
0
0
0
0
0
0
0
0
0
0
0
0
0
0
0
0
0
0
0
0
0
0
0
0
0
0
0
0
0
0
0
0
0
0
0
0
-0
-0
-0
-0
-0
-0
-0
-0
-0
-0
-0
-0
-0
-0
-0
-0
-0
-0
-0
-0
-0
-0
-0
-0
-0
-0
-0
-0
-0
-0
-0
-0
-0
-0
-0
-0
-0
-0
-0
-0
-0
-0
-0
-0
-0
-0
-0
-1.1088e-06
-1.59017e-06
3.4182e-06
1.86792e-05
4.87735e-05
9.80253e-05
0.000170432
0.000269595
0.000398664
0.000560275
0.000756502
0.000988819
0.00125806
0.00156441
0.00190735
0.0022857
0.00269759
0.00314048
0.00361117
0.00410587
0.00462018
0.00514917
0.00568744
0.00622916
0.00676814
0.00729788
0.00781167
0.00830263
0.00876382
0.00918826
0.00956908
0.00989951
0.010173
0.0103834
0.0105247
0.0105916
0.010579
0.0104827
0.0102988
0.0100244
0.00965709
0.00919532
0.00863837
0.00798633
0.00724015
0.00640163
0.00547345
0.00445911
0.00336295
0.00219009
0.000946433
-0.000361433
-0.00172625
-0.00314017
-0.00459479
-0.00608127
-0.00759035
-0.00911247
-0.0106378
-0.0121563
-0.013658
-0.0151326
-0.0165703
-0.0179609
-0.0192948
-0.0205626
-0.0217551
-0.0228636
-0.02388
-0.0247966
-0.0256063
-0.0263028
-0.0268805
-0.0273346
-0.0276611
-0.0278568
-0.0279195
-0.027848
-0.0276418
-0.0273015
-0.0268285
-0.0262253
-0.0254952
-0.0246421
-0.0236711
-0.0225877
-0.0213984
-0.0201102
-0.0187307
-0.017268
-0.0157361
-0.0141463
-0.0125049
-0.0108185
-0.00909351
-0.00733671
-0.00555485
-0.00375474
-0.00194326
-0.000127297
0.00168625
0.0034905
0.0052786
0.00704377
0.00877928
0.0104785
0.012135
0.0137424
0.0152944
0.0167852
0.0182087
0.0195594
0.020832
0.0220212
0.0231223
0.0241307
0.0250421
0.0258527
0.026559
0.0271578
0.0276463
0.0280223
0.0282839
0.0284297
0.0284587
0.0283704
0.0281649
0.0278425
0.0274044
0.0268518
0.0261867
0.0254115
0.024529
0.0235426
0.022456
0.0212735
0.0199997
0.0186396
0.0171988
0.0156832
0.014099
0.0124528
0.0107517
0.00900284
0.00721378
0.00539228
0.0035463
0.00168394
-0.000186595
-0.00205706
-0.0039192
-0.0057648
-0.00758575
-0.00937411
-0.0111221
-0.0128222
-0.0144671
-0.0160498
-0.0175638
-0.0190028
-0.0203608
-0.0216325
-0.0228126
-0.0238965
-0.0248799
-0.025759
-0.0265304
-0.027191
-0.0277384
-0.0281704
-0.0284855
-0.0286825
-0.0287605
-0.0287196
-0.0285598
-0.028282
-0.0278874
-0.0273777
-0.0267551
-0.0260222
-0.0251821
-0.0242382
-0.0231943
-0.0220547
-0.0208238
-0.0195065
-0.0181076
-0.0166326
-0.0150868
-0.0134759
-0.0118056
-0.0100819
-0.00831076
-0.00649832
-0.00465081
-0.00277454
-0.000875854
0.00103886
0.00296318
0.00489072
0.0068151
0.00873001
0.0106292
0.0125066
0.0143562
0.016172
0.0179486
0.0196803
0.0213617
0.0229879
0.0245537
0.0260545
0.0274856
0.0288427
0.0301214
0.0313179
0.0324281
0.0334485
0.0343757
0.0352064
0.0359377
0.0365669
0.0370914
0.0375092
0.0378183
0.0380171
0.0381042
0.0380786
0.0379395
0.0376862
0.0373185
0.0368362
0.0362396
0.0355289
0.0347048
0.0337681
0.03272
0.0315618
0.0302953
0.0289224
0.0274454
0.0258671
0.0241904
0.0224189
0.0205562
0.0186066
0.0165745
0.0144648
0.0122827
0.0100338
0.00772398
0.00535932
0.0029463
0.000491693
-0.00199746
-0.00451382
-0.00704974
-0.0095973
-0.0121483
-0.0146942
-0.0172263
-0.0197355
-0.0222127
-0.0246484
-0.0270332
-0.0293573
-0.0316112
-0.0337853
-0.03587
-0.0378558
-0.0397337
-0.0414945
-0.0431295
-0.0446304
-0.0459889
-0.0471975
-0.0482486
-0.0491354
-0.0498513
-0.0503903
-0.0507469
-0.0509162
-0.0508937
-0.0506758
-0.0502595
-0.0496427
-0.048824
-0.0478029
-0.04658
-0.0451566
-0.0435353
-0.0417195
-0.0397137
-0.0375233
-0.0351549
-0.0326158
-0.0299143
-0.0270596
-0.0240615
-0.0209309
-0.017679
-0.014318
-0.0108603
-0.00731936
-0.00370872
-4.26419e-05
0.00366422
0.0073968
0.0111396
0.014877
0.0185928
0.0222707
0.0258944
0.0294474
0.0329133
0.0362757
0.0395186
0.0426262
0.0455833
0.0483752
0.0509878
0.053408
0.0556235
0.057623
0.0593961
0.0609339
0.0622284
0.0632732
0.0640627
0.0645932
0.064862
0.0648678
0.0646108
0.0640923
0.0633153
0.0622838
0.0610032
0.0594801
0.0577224
0.0557392
0.0535405
0.0511374
0.0485422
0.0457678
0.0428281
0.0397379
0.0365123
0.0331674
0.0297195
0.0261853
0.0225822
0.0189273
0.0152381
0.0115322
0.00782701
0.00413971
0.000487382
-0.00311329
-0.00664603
-0.0100951
-0.0134452
-0.0166819
-0.0197913
-0.0227605
-0.0255772
-0.0282302
-0.0307092
-0.0330049
-0.035109
-0.0370144
-0.038715
-0.0402059
-0.0414833
-0.0425445
-0.043388
-0.0440134
-0.0444215
-0.0446141
-0.0445941
-0.0443654
-0.0439329
-0.0433025
-0.042481
-0.0414759
-0.0402957
-0.0389494
-0.0374468
-0.0357983
-0.0340149
-0.0321077
-0.0300888
-0.02797
-0.0257638
-0.0234827
-0.0211393
-0.0187463
-0.0163164
-0.0138621
-0.0113958
-0.00892976
-0.0064758
-0.00404546
-0.00164989
0.000700276
0.00299487
0.00522431
0.0073796
0.00945239
0.011435
0.0133204
0.0151024
0.0167755
0.0183347
0.019776
0.0210962
0.0222927
0.0233634
0.0243074
0.025124
0.0258135
0.0263767
0.026815
0.0271303
0.0273252
0.0274028
0.0273666
0.0272206
0.0269691
0.026617
0.0261693
0.0256315
0.0250093
0.0243084
0.023535
0.0226952
0.0217954
0.0208419
0.0198411
0.0187992
0.0177225
0.0166174
0.0154897
0.0143455
0.0131904
0.0120302
0.0108699
0.00971493
0.00856997
0.00743965
0.00632831
0.00523998
0.00417844
0.00314714
0.00214928
0.00118774
0.000265098
-0.000616323
-0.00145451
-0.0022477
-0.00299444
-0.00369351
-0.00434394
-0.00494501
-0.00549623
-0.00599733
-0.00644825
-0.00684912
-0.00720027
-0.00750219
-0.00775553
-0.0079611
-0.00811985
-0.00823284
-0.00830126
-0.0083264
-0.00830963
-0.00825243
-0.00815633
-0.00802294
-0.00785391
-0.00765098
-0.00741589
-0.00715046
-0.0068565
-0.00653591
-0.00619057
-0.00582241
-0.00543336
-0.00502539
-0.00460047
-0.00416056
-0.00370764
-0.00324368
-0.00277063
-0.00229042
-0.00180498
-0.0013162
-0.000825948
-0.000336067
0.000151632
0.000635362
0.00111336
0.0015839
0.00204526
0.00249575
0.00293371
0.00335749
0.00376548
0.00415611
0.00452783
0.00487916
0.00520868
0.00551504
0.00579697
0.00605332
0.00628302
0.00648512
0.0066588
0.00680336
0.00691825
0.00700304
0.00705743
0.00708125
0.00707448
0.00703722
0.00696969
0.00687226
0.0067454
0.00658974
0.00640603
0.00619515
0.00595811
0.00569608
0.00541036
0.00510238
0.00477371
0.00442606
0.00406127
0.00368127
0.00328814
0.00288401
0.00247112
0.00205179
0.00162838
0.00120329
0.000778959
0.000357858
-5.75471e-05
-0.000464788
-0.000861407
-0.00124497
-0.00161309
-0.0019634
-0.00229362
-0.00260153
-0.00288501
-0.00314205
-0.00337076
-0.0035694
-0.00373639
-0.00387032
-0.00396999
-0.00403441
-0.0040628
-0.00405461
-0.00400954
-0.00392752
-0.00380872
-0.00365357
-0.00346271
-0.00323703
-0.00297765
-0.00268591
-0.00236335
-0.0020117
-0.00163289
-0.00122904
-0.000802386
-0.000355346
0.00010955
0.000589657
0.00108223
0.00158447
0.00209347
0.00260634
0.00312011
0.00363184
0.00413857
0.00463737
0.00512532
0.00559959
0.00605735
0.00649587
0.00691249
0.00730465
0.0076699
0.00800588
0.00831041
0.00858142
0.00881702
0.00901552
0.0091754
0.00929536
0.00937431
0.0094114
0.00940599
0.00935769
0.00926635
0.00913202
0.00895503
0.00873588
0.00847531
0.00817426
0.00783388
0.0074555
0.00704065
0.00659102
0.00610851
0.00559514
0.00505313
0.00448485
0.0038928
0.00327964
0.00264815
0.00200122
0.00134185
0.000673109
-1.84684e-06
-0.000679818
-0.00135757
-0.00203186
-0.00269943
-0.00335705
-0.00400153
-0.00462973
-0.00523857
-0.00582504
-0.00638627
-0.00691946
-0.00742197
-0.00789129
-0.00832507
-0.00872116
-0.00907757
-0.00939256
-0.00966384
-0.00988554
-0.0100555
-0.0101727
-0.0102365
-0.0102469
-0.0102041
-0.0101086
-0.00996159
-0.00976443
-0.00951888
-0.00922701
-0.00889122
-0.00851417
-0.00809881
-0.00764831
-0.00716604
-0.00665573
-0.00612244
-0.00556996
-0.00500178
-0.00442141
-0.00383238
-0.0032382
-0.00264232
-0.00204813
-0.00145893
-0.000877863
-0.000307953
0.000247959
0.000787221
0.00130738
0.00180621
0.0022817
0.00273207
0.00315579
0.00355152
0.00391821
0.00425499
0.00456122
0.00483647
0.00508054
0.00529338
0.00547515
0.00562619
0.00574699
0.00583818
0.00590056
0.00593502
0.00594258
0.00592436
0.00588155
0.00581541
0.00572724
0.00561839
0.00549024
0.00534415
0.00518152
0.00500368
0.004812
0.00460776
0.00439223
0.00416661
0.00393207
0.00368972
0.00344057
0.0031856
0.00292571
0.00266172
0.00239439
0.0021244
0.00185236
0.00157882
0.00130428
0.00102916
0.000753843
0.000478673
0.000203959
-7.00098e-05
-0.000342946
-0.000614581
-0.000884623
-0.00115276
-0.00141865
-0.00168189
-0.00194206
-0.00219866
-0.00245113
-0.00269884
-0.00294106
-0.00317619
-0.00339942
-0.00360867
-0.0038023
-0.00397877
-0.00413666
-0.0042747
-0.00439171
-0.00448669
-0.00455879
-0.00460734
-0.00463182
-0.00463192
-0.00460749
-0.00455859
-0.00448545
-0.0043885
-0.0042687
-0.00412871
-0.00396955
-0.00379198
-0.00359691
-0.00338529
-0.00315821
-0.00291683
-0.00266234
-0.00239605
-0.00211931
-0.00183352
-0.00154017
-0.00124074
-0.000936748
-0.000629767
-0.00032138
-1.32182e-05
0.000293144
0.000596099
0.000894046
0.0011854
0.00146856
0.00174203
0.00200434
0.00225405
0.00248979
0.00271023
0.00291418
0.00310053
0.00326824
0.00341639
0.00354411
0.00365074
0.00373569
0.00379848
0.00383877
0.00385629
0.00385097
0.0038228
0.00377193
0.0036986
0.0036032
0.00348622
0.00334826
0.00319006
0.00301246
0.00281647
0.00260311
0.00237355
0.00212906
0.00187101
0.00160095
0.0013203
0.00103065
0.000733654
0.000430997
0.000124572
-0.000184037
-0.000493072
-0.000800776
-0.0011054
-0.00140502
-0.00169814
-0.00198314
-0.00225842
-0.00252245
-0.00277352
-0.00301051
-0.00323213
-0.00343717
-0.00362454
-0.003793
-0.00394192
-0.00407052
-0.00417815
-0.00426429
-0.00432833
-0.00437018
-0.00438968
-0.00438677
-0.00436156
-0.00431413
-0.0042449
-0.00415431
-0.0040429
-0.00391132
-0.00376043
-0.003591
-0.00340401
-0.00320051
-0.00298164
-0.00274897
-0.00250347
-0.00224651
-0.00197952
-0.00170397
-0.00142198
-0.00113449
-0.000843075
-0.000549312
-0.000254779
3.80987e-05
0.000328619
0.000615248
0.000896482
0.00117085
0.00143587
0.00169121
0.00193557
0.00216769
0.00238634
0.00258923
0.00277648
0.0029471
0.00310019
0.00323494
0.00334949
0.00344434
0.00351896
0.00357291
0.00360586
0.00361671
0.0036062
0.00357431
0.00352114
0.00344687
0.00335143
0.00323559
0.00309984
0.00294478
0.00277109
0.00257989
0.00237169
0.0021474
0.00190804
0.00165467
0.00138965
0.00111293
0.000825726
0.000529324
0.000225042
-8.35441e-05
-0.00039726
-0.000714681
-0.00103436
-0.00135481
-0.00167142
-0.00198581
-0.00229646
-0.00260185
-0.00290046
-0.00318701
-0.00346381
-0.00372941
-0.0039824
-0.00422141
-0.00444108
-0.0046442
-0.00482958
-0.00499611
-0.00514273
-0.00526473
-0.00536495
-0.00544258
-0.00549689
-0.00552723
-0.00553024
-0.00550822
-0.00546076
-0.00538757
-0.00528841
-0.00516202
-0.00500951
-0.00483098
-0.0046266
-0.00439668
-0.0041427
-0.00386412
-0.00356161
-0.00323595
-0.00288803
-0.00252253
-0.00213694
-0.00173251
-0.00131063
-0.000872768
-0.000426783
3.19133e-05
0.000501546
0.00098025
0.00146607
0.00194845
0.00243382
0.00292004
0.0034049
0.00388612
0.00435134
0.00480829
0.0052546
0.0056879
0.00610581
0.00649557
0.00686522
0.00721247
0.00753505
0.00783073
0.00808805
0.00831428
0.00850746
0.00866571
0.00878729
0.00886383
0.00890058
0.0088962
0.0088495
0.00875947
0.00862254
0.00844078
0.00821374
0.00794117
0.00762304
0.00726187
0.00685573
0.00640526
0.00591135
0.00537511
0.00480576
0.004197
0.00355062
0.00286867
0.00215338
0.00142038
0.000659135
-0.000127508
-0.000936533
-0.00176474
-0.00259139
-0.00343039
-0.00427812
-0.00513083
-0.00598465
-0.00681579
-0.00764004
-0.00845334
-0.00925153
-0.0100304
-0.0107659
-0.0114738
-0.01215
-0.0127904
-0.013391
-0.0139307
-0.0144231
-0.0148647
-0.0152521
-0.0155823
-0.0158402
-0.0160352
-0.0161652
-0.016228
-0.0162219
-0.0161404
-0.0159875
-0.0157624
-0.0154647
-0.0150943
-0.0146551
-0.0141441
-0.0135624
-0.0129113
-0.0121927
-0.0114209
-0.0105862
-0.00969129
-0.00873945
-0.00773419
-0.00669957
-0.00561953
-0.00449851
-0.00334121
-0.00215262
-0.000963938
0.000245515
0.00147025
0.00270462
0.00394284
0.00515017
0.00634969
0.00753556
0.00870194
0.00984302
0.0109247
0.0119698
0.0129729
0.0139287
0.014832
0.0156538
0.0164138
0.0171077
0.0177314
0.0182813
0.0187371
0.0191129
0.0194061
0.0196146
0.0197368
0.0197639
0.0197025
0.0195523
0.0193132
0.0189858
0.0185743
0.0180766
0.0174948
0.0168309
0.0160877
0.0152816
0.0144026
0.0134545
0.0124414
0.0113679
0.0102609
0.00910352
0.00790094
0.00665884
0.00538304
0.00410774
0.0028108
0.00149839
0.000176702
-0.001148
-0.00243875
-0.00372022
-0.00498646
-0.00623161
-0.00744998
-0.00860642
-0.00972537
-0.0108019
-0.0118313
-0.0128091
-0.013706
-0.0145436
-0.0153183
-0.016027
-0.0166671
-0.0172182
-0.0176964
-0.0180999
-0.0184276
-0.0186787
-0.0188438
-0.0189318
-0.018943
-0.0188781
-0.0187384
-0.0185256
-0.018241
-0.017887
-0.0174658
-0.0169803
-0.0164427
-0.015847
-0.0151967
-0.0144956
-0.0137476
-0.0129728
-0.0121593
-0.0113111
-0.0104326
-0.00952822
-0.00862306
-0.0077006
-0.00676509
-0.00582078
-0.00487183
-0.00394517
-0.00302189
-0.00210578
-0.00120052
-0.000309653
0.000541265
0.00137128
0.00217743
0.00295696
0.00370731
0.00440684
0.00507279
0.00570334
0.00629689
0.0068521
0.00735301
0.00781361
0.00823332
0.00861173
0.00894871
0.00923478
0.00947973
0.00968398
0.00984817
0.00997306
0.0100555
0.0101007
0.0101096
0.0100837
0.0100243
0.00993363
0.0098124
0.00966212
0.00948439
0.00928084
0.00905812
0.00881288
0.00854676
0.00826138
0.00795837
0.00764724
0.00732157
0.00698283
0.00663242
0.00627171
0.00591177
0.00554404
0.00516965
0.00478968
0.00440513
0.00402758
0.00364725
0.00326494
0.00288138
0.00249722
0.00212377
0.00175087
0.001379
0.0010086
0.000640046
0.000283897
-6.97476e-05
-0.000420607
-0.000768416
-0.00111292
-0.00144449
-0.00177225
-0.00209592
-0.00241523
-0.00272987
-0.00303119
-0.00332716
-0.00361737
-0.00390142
-0.00417888
-0.00444225
-0.00469808
-0.00494586
-0.00518508
-0.00541518
-0.00563011
-0.00583479
-0.00602863
-0.006211
-0.00638128
-0.0065351
-0.0066755
-0.00680178
-0.00691324
-0.00700917
-0.0070873
-0.00714849
-0.00719204
-0.0072173
-0.00722365
-0.0072114
-0.00717914
-0.00712643
-0.00705289
-0.00695823
-0.00684581
-0.00671197
-0.00655671
-0.00638012
-0.00618239
-0.00597007
-0.0057373
-0.00548457
-0.00521248
-0.0049217
-0.00462172
-0.00430471
-0.00397161
-0.00362347
-0.00326143
-0.00289732
-0.0025218
-0.00213626
-0.00174211
-0.00134089
-0.00094588
-0.000546982
-0.000145856
0.000255791
0.000656213
0.00104187
0.00142278
0.00179719
0.00216337
0.00251956
0.00285339
0.0031739
0.0034795
0.00376868
0.00403996
0.00428356
0.00450663
0.004708
0.0048866
0.00504148
0.00516666
0.00526658
0.00534067
0.00538848
0.00540969
0.00540292
0.00536929
0.00530886
0.0052218
0.00510841
0.00497225
0.00481069
0.00462437
0.00441401
0.00418046
0.00393194
0.00366216
0.00337223
0.00306332
0.00273672
0.00240464
0.00205762
0.00169709
0.00132459
0.000941693
0.000563452
0.000178037
-0.000212913
-0.000607741
-0.00100478
-0.00138767
-0.00176949
-0.00214862
-0.00252349
-0.00289253
-0.00323982
-0.0035783
-0.00390658
-0.00422329
-0.00452584
-0.00479859
-0.00505244
-0.0052859
-0.00549757
-0.00568621
-0.00584151
-0.00597184
-0.00607649
-0.00615488
-0.00620664
-0.00622673
-0.00622004
-0.00618675
-0.00612723
-0.00604203
-0.00593185
-0.00579761
-0.00564038
-0.0054614
-0.00526204
-0.00504819
-0.00481694
-0.00457
-0.00430916
-0.0040363
-0.0037612
-0.00347765
-0.00318763
-0.00289309
-0.00259601
-0.00230819
-0.00202121
-0.00173686
-0.00145692
-0.00118305
-0.000927229
-0.000680009
-0.000442752
-0.000216705
-2.9974e-06
0.000187951
0.000365323
0.000528425
0.000676703
0.000809744
0.000919808
0.00101483
0.00109485
0.00116003
0.00121069
0.00124219
0.0012606
0.00126658
0.00126087
0.00124433
0.00121515
0.0011773
0.00113179
0.00107967
0.001022
0.000959007
0.00089269
0.000824081
0.000754175
0.000683922
0.000614533
0.000546472
0.000480504
0.000417312
0.000357499
0.000302319
0.000251295
0.000204766
0.000162977
0.000126076
9.47604e-05
6.81563e-05
4.61524e-05
2.85497e-05
1.50663e-05
5.65728e-06
-5.72501e-07
-4.08903e-06
-5.41287e-06
-5.1102e-06
-3.73455e-06
-2.01759e-06
-5.68772e-07
-0
-0
-0
-0
-0
-0
-0
-0
-0
-0
-0
-0
-0
-0
-0
-0
-0
-0
-0
-0
-0
-0
-0
-0
-0
-0
-0
-0
-0
-0
-0
-0
-0
-0
-0
-0
-0
-0
-0
-0
-0
-0
-0
-0
-0
-0
-0
-0
-0
0
0
0
0
0
0
0
0
0
0
0
0
0
0
0
0
0
0
0
0
0
0
0
0
0
0
0
0
0
0
0
0
0
0
0
0
0
0
0
0
0
0
0
0
0
-0
-0
-0
-0
-0
-0
-0
-0
-0
-0
-0
-0
-0
-0
-0
-0
-0
-0
-0
-0
-0
-0
-0
-0
-0
-0
-0
-0
-0
-0
-0
-0
-0
-0
-0
-0
-0
-0
-0
-0
-0
-0
-0
-0
-0
-0
-0
-0
-0
-0
-0
-0
-0
-0
-0
-0
-0
-0
-0
-0
-0
-0
-0
-0
-0
-0
-0
-0
-0
-0
-0
-0
-0
-0
-0
-0
-0
-0
-0
-0
-0
-0
-0
0
0
0
0
0
0
0
0
0
0
0
0
0
0
0
0
0
0
0
0
0
0
0
0
