0
0
0
0
0
0
0
0
0
0
0
0
0
0
0
-0
-0
-0
-0
-0
-0
-0
-0
-0
-0
-0
-0
-0
-0
-0
-0
-0
-0
-0
-0
-0
-0
-0
-0
-0
-0
-0
-0
-0
-0
-0
-0
-0
-0
-0
-0
-0
-0
-0
-0
-0
-0
-0
-0
-0
-0
0
0
0
0
0
0
0
0
0
0
0
0
0
0
0
0
0
0
0
0
0
0
0
0
0
0
0
0
0
0
0
0
0
0
0
0
0
0
0
0
0
0
0
0
0
0
0
0
0
-0
-0
-0
-0
-0
-0
-0
-0
-0
-0
-0
-0
-0
-0
-0
-0
-0
-0
-0
-0
-0
-0
-0
-0
-0
-0
-0
-0
-0
-0
-0
-0
-0
-0
-0
-0
-0
-0
-0
-0
-0
-0
-0
-0
-0
-0
-0
-0
-0
-0
-0
0
0
0
0
0
0
0
0
0
0
0
0
0
0
0
0
0
0
0
0
0
0
0
0
0
0
0
0
0
0
0
0
0
0
0
0
0
0
0
0
0
0
0
0
0
0
0
0
0
0
0
-0
-0
-0
-0
-0
-0
-0
-0
-0
-0
-0
-0
-0
-0
-0
-0
-0
-0
-0
-0
-0
-0
-0
-0
-0
-0
-0
-0
-0
-0
-0
-0
-0
-0
-0
-0
-0
-0
-0
-0
-0
-0
-0
-0
-0
-0
-0
-0
-0
-0
-0
-0
-0
-0
-0
-0
-0
0
0
0
0
0
0
0
0
0
0
0
0
0
0
0
0
0
0
0
0
0
0
0
0
0
0
0
0
0
0
0
0
0
0
0
0
0
0
0
0
0
0
0
0
0
0
0
-0
-0
-0
-0
-0
-0
-8.33585e-08
-3.66508e-06
-1.37269e-05
-3.16962e-05
-5.8721e-05
-9.5662e-05
-0.000143093
-0.00020131
-0.000270342
-0.000349974
-0.000439764
-0.000539077
-0.000647115
-0.000762946
-0.000885523
-0.0010137
-0.00114628
-0.00128201
-0.00141968
-0.00155818
-0.00169653
-0.00183389
-0.00196961
-0.00210315
-0.00223421
-0.00236268
-0.00248877
-0.00261299
-0.00273613
-0.00285928
-0.00298371
-0.00311082
-0.00324219
-0.00337952
-0.00352465
-0.00367954
-0.00384627
-0.00402701
-0.00422397
-0.00443935
-0.00467524
-0.00493355
-0.00521585
-0.00552337
-0.00585702
-0.0062174
-0.00660498
-0.00702007
-0.00746275
-0.00793271
-0.00842911
-0.00895044
-0.00949453
-0.0100586
-0.0106395
-0.0112336
-0.0118368
-0.012445
-0.0130533
-0.0136566
-0.0142493
-0.014826
-0.0153811
-0.015909
-0.0164042
-0.0168613
-0.0172751
-0.0176403
-0.0179517
-0.0182042
-0.018393
-0.0185133
-0.0185601
-0.0185289
-0.0184158
-0.0182174
-0.0179315
-0.0175571
-0.0170941
-0.0165429
-0.0159044
-0.01518
-0.0143714
-0.0134809
-0.012512
-0.0114692
-0.0103578
-0.00918382
-0.00795367
-0.00667381
-0.00535089
-0.0039931
-0.00260569
-0.001193
0.00024041
0.0016896
0.00314918
0.00461319
0.0060752
0.0075285
0.00896638
0.0103824
0.0117703
0.0131244
0.0144387
0.0157075
0.016925
0.0180857
0.0191845
0.0202169
0.021179
0.0220669
0.0228764
0.0236033
0.0242433
0.0247922
0.025246
0.0256014
0.0258552
0.0260048
0.0260477
0.0259821
0.0258064
0.0255197
0.0251214
0.0246107
0.0239866
0.023248
0.0223941
0.0214252
0.020342
0.0191465
0.0178405
0.0164261
0.0149046
0.0132772
0.0115455
0.00971141
0.00777784
0.00574836
0.003627
0.00141805
-0.000873963
-0.00324419
-0.00568738
-0.00819789
-0.0107699
-0.0133976
-0.016075
-0.0187959
-0.0215536
-0.0243408
-0.0271495
-0.0299712
-0.0327977
-0.0356205
-0.0384309
-0.0412198
-0.0439772
-0.0466922
-0.0493535
-0.05195
-0.054471
-0.0569065
-0.0592465
-0.0614813
-0.0636005
-0.0655934
-0.067449
-0.0691558
-0.0707026
-0.0720783
-0.0732722
-0.0742741
-0.0750744
-0.0756643
-0.0760354
-0.0761799
-0.0760903
-0.0757597
-0.0751821
-0.0743525
-0.0732674
-0.0719245
-0.0703225
-0.0684609
-0.0663396
-0.063959
-0.06132
-0.0584249
-0.055277
-0.0518814
-0.0482447
-0.0443751
-0.0402821
-0.0359766
-0.0314701
-0.0267751
-0.0219048
-0.0168737
-0.0116973
-0.00639317
-0.000980117
0.00452151
0.0100906
0.0157057
0.0213454
0.0269883
0.0326128
0.0381965
0.0437163
0.0491485
0.0544689
0.0596536
0.0646791
0.0695224
0.0741611
0.0785733
0.0827376
0.0866329
0.0902382
0.0935332
0.0964979
0.0991136
0.101363
0.103231
0.104703
0.105769
0.106417
0.106638
0.106424
0.105768
0.104664
0.10311
0.101107
0.0986577
0.0957668
0.0924409
0.0886882
0.0845185
0.0799434
0.0749768
0.0696349
0.0639355
0.0578983
0.0515449
0.0448987
0.0379847
0.0308293
0.0234599
0.0159043
0.00819062
0.000347953
-0.00759339
-0.0156014
-0.0236428
-0.0316836
-0.03969
-0.0476298
-0.0554716
-0.0631849
-0.0707389
-0.0781022
-0.0852425
-0.0921276
-0.0987264
-0.10501
-0.11095
-0.116524
-0.121706
-0.126476
-0.130812
-0.134691
-0.138094
-0.141004
-0.143403
-0.145279
-0.146621
-0.147422
-0.147676
-0.147379
-0.146529
-0.145123
-0.143163
-0.140652
-0.137596
-0.134004
-0.129889
-0.125264
-0.120146
-0.114553
-0.108503
-0.102019
-0.0951229
-0.0878394
-0.0801954
-0.0722195
-0.0639422
-0.0553956
-0.046613
-0.0376291
-0.0284791
-0.0191987
-0.00982415
-0.00039232
0.0090586
0.0184892
0.0278589
0.0371272
0.0462541
0.055201
0.0639307
0.0724074
0.0805953
0.0884589
0.0959626
0.103071
0.109751
0.115971
0.121703
0.126919
0.131598
0.135718
0.139259
0.142201
0.14453
0.146228
0.147284
0.14769
0.147439
0.14653
0.144966
0.142752
0.139893
0.136398
0.132278
0.127545
0.122217
0.116313
0.109858
0.102879
0.0954056
0.087469
0.0791005
0.0703336
0.0612034
0.0517472
0.0420051
0.0320195
0.0218346
0.0114959
0.0010494
-0.00945865
-0.0199823
-0.0304761
-0.0408945
-0.0511923
-0.061324
-0.0712442
-0.0809076
-0.0902695
-0.0992868
-0.107918
-0.116125
-0.12387
-0.131119
-0.13784
-0.144005
-0.149586
-0.154557
-0.158897
-0.162585
-0.165602
-0.167934
-0.169569
-0.170499
-0.170722
-0.170237
-0.16905
-0.167168
-0.164603
-0.16137
-0.157487
-0.152975
-0.14786
-0.142169
-0.135932
-0.12918
-0.121949
-0.114275
-0.106196
-0.0977531
-0.088988
-0.0799439
-0.0706654
-0.0611977
-0.0515868
-0.0418791
-0.0321207
-0.0223574
-0.0126345
-0.00299671
0.00651209
0.0158486
0.0249708
0.0338377
0.0424105
0.0506524
0.0585286
0.0660068
0.0730568
0.0796506
0.0857629
0.0913711
0.0964554
0.100999
0.104988
0.108412
0.111262
0.113533
0.115222
0.116332
0.116867
0.116833
0.116241
0.115103
0.113434
0.111249
0.10857
0.105417
0.101814
0.0977859
0.0933609
0.0885674
0.0834353
0.0779959
0.0722814
0.0663248
0.0601596
0.0538196
0.0473389
0.0407517
0.0340922
0.0273944
0.0206917
0.0140167
0.00740105
0.000875097
-0.0055318
-0.0117914
-0.0178767
-0.0237619
-0.0294229
-0.0348376
-0.0399858
-0.0448491
-0.0494113
-0.053658
-0.0575766
-0.0611569
-0.0643902
-0.0672703
-0.0697926
-0.0719547
-0.0737556
-0.0751965
-0.0762803
-0.0770121
-0.0773986
-0.0774486
-0.0771719
-0.0765798
-0.0756844
-0.0744991
-0.0730386
-0.0713187
-0.0693564
-0.0671695
-0.0647763
-0.0621955
-0.0594458
-0.0565463
-0.0535162
-0.050375
-0.0471424
-0.0438378
-0.0404801
-0.037088
-0.0336795
-0.0302726
-0.0268847
-0.0235322
-0.0202304
-0.0169938
-0.0138362
-0.0107701
-0.00780734
-0.00495881
-0.0022344
0.000357058
0.00280783
0.00511129
0.0072618
0.00925457
0.0110857
0.0127521
0.0142519
0.0155842
0.0167491
0.0177476
0.0185815
0.019253
0.0197649
0.0201208
0.0203251
0.020383
0.0203007
0.0200846
0.0197417
0.0192789
0.0187036
0.0180236
0.0172467
0.0163815
0.0154362
0.0144193
0.013339
0.0122036
0.0110212
0.00979983
0.00854748
0.00727197
0.00598094
0.00468179
0.00338175
0.00208783
0.00080672
-0.000455395
-0.00169297
-0.00290118
-0.00407577
-0.00521295
-0.00630916
-0.007361
-0.00836538
-0.00931963
-0.0102217
-0.0110701
-0.0118639
-0.0126026
-0.0132858
-0.0139133
-0.0144853
-0.0150022
-0.0154649
-0.0158748
-0.0162334
-0.0165427
-0.0168046
-0.0170216
-0.0171958
-0.01733
-0.0174268
-0.0174892
-0.0175201
-0.0175224
-0.017499
-0.0174526
-0.0173859
-0.0173014
-0.0172013
-0.017088
-0.0169633
-0.0168291
-0.0166872
-0.0165388
-0.0163853
-0.016223
-0.0160483
-0.0158623
-0.015666
-0.0154598
-0.0152439
-0.0150141
-0.0147746
-0.0145251
-0.0142653
-0.0139941
-0.0137076
-0.0134075
-0.0130926
-0.012762
-0.0124148
-0.0120493
-0.011666
-0.0112641
-0.0108426
-0.0104005
-0.00993847
-0.00945432
-0.00894798
-0.00841977
-0.00787026
-0.00730455
-0.00671904
-0.00611487
-0.0054936
-0.00485722
-0.00421487
-0.00356218
-0.00290196
-0.00223711
-0.00157072
-0.000914368
-0.000262879
0.000380058
0.00101069
0.00162535
0.00221179
0.00277579
0.00331404
0.00382327
0.00430028
0.00473421
0.00513067
0.00548717
0.00580154
0.00607194
0.00629099
0.0064642
0.00659116
0.00667197
0.00670716
0.00669414
0.00663802
0.0065404
0.00640327
0.00622904
0.00601954
0.00577916
0.00551147
0.00522021
0.00490924
0.00458345
0.00424584
0.00390044
0.00355123
0.00320203
0.00285851
0.00252153
0.00219403
0.00187854
0.0015772
0.00129421
0.00102791
0.000779004
0.000547656
0.000333439
0.000137765
-4.36464e-05
-0.000212877
-0.000372543
-0.000525753
-0.000673846
-0.000823101
-0.000977712
-0.00114205
-0.00131237
-0.00148141
-0.00165049
-0.00181871
-0.00198511
-0.00214872
-0.00230654
-0.00245958
-0.00260684
-0.00274734
-0.00288009
-0.00300267
-0.00311553
-0.00321771
-0.00330829
-0.00338638
-0.00345054
-0.00350062
-0.00353589
-0.00355567
-0.00355932
-0.00354672
-0.00351695
-0.00346967
-0.00340458
-0.00332151
-0.0032219
-0.00310413
-0.00296824
-0.00281438
-0.00264281
-0.00245662
-0.00225356
-0.00203421
-0.00179922
-0.00154936
-0.00128912
-0.00101588
-0.000730715
-0.000434775
-0.000129276
0.000180325
0.000496883
0.000818984
0.00114513
0.00147374
0.00179892
0.00212335
0.00244539
0.0027634
0.00307572
0.0033768
0.00366877
0.00394993
0.00421861
0.00447319
0.00470926
0.00492819
0.00512855
0.00530896
0.00546814
0.00560349
0.00571532
0.00580266
0.00586462
0.00590045
0.00590989
0.00589205
0.00584656
0.00577321
0.00567193
0.00554505
0.00539048
0.00520857
0.0049998
0.00476478
0.00450836
0.00422741
0.00392299
0.0035963
0.00324865
0.00288694
0.00250725
0.00211123
0.00170064
0.0012773
0.000849452
0.000412774
-3.06629e-05
-0.000478722
-0.000929217
-0.00137349
-0.00181578
-0.00225385
-0.0026855
-0.00310851
-0.00351489
-0.00390832
-0.00428675
-0.00464818
-0.00499065
-0.00530784
-0.00560241
-0.00587267
-0.00611702
-0.00633401
-0.00651984
-0.00667587
-0.00680112
-0.0068947
-0.00695587
-0.00698383
-0.00697834
-0.00693914
-0.00686618
-0.00675956
-0.00662181
-0.0064511
-0.006248
-0.00601325
-0.00574776
-0.0054571
-0.005138
-0.00479181
-0.00442001
-0.00402422
-0.00361245
-0.00318021
-0.00272943
-0.0022621
-0.00178032
-0.00129368
-0.000796935
-0.000292345
0.000217765
0.000731023
0.00123729
0.00174194
0.00224264
0.00273709
0.00322303
0.00369103
0.00414614
0.00458628
0.0050094
0.00541351
0.00579086
0.0061455
0.00647577
0.00678012
0.00705718
0.00730186
0.00751693
0.00770147
0.00785463
0.0079757
0.00806268
0.00811658
0.00813713
0.00812427
0.00807813
0.00800015
0.00788957
0.00774695
0.00757296
0.0073684
0.00713782
0.00687865
0.00659207
0.00627943
0.00594222
0.00558774
0.00521202
0.00481682
0.00440391
0.00397514
0.00353947
0.00309172
0.00263392
0.00216818
0.00169669
0.00122942
0.000760704
0.000292601
-0.000172896
-0.000633814
-0.00108058
-0.00151881
-0.00194655
-0.00236186
-0.00276287
-0.00314121
-0.00350192
-0.00384353
-0.00416465
-0.00446401
-0.00473539
-0.00498264
-0.00520472
-0.0054007
-0.00556979
-0.0057085
-0.00581923
-0.00590165
-0.00595557
-0.00598087
-0.00597705
-0.0059447
-0.00588404
-0.00579545
-0.00567948
-0.00553866
-0.0053719
-0.00518007
-0.00496415
-0.00472518
-0.00446829
-0.00419074
-0.00389386
-0.00357904
-0.0032477
-0.00290695
-0.00255272
-0.00218664
-0.00181038
-0.00142567
-0.00104079
-0.000650859
-0.0002575
0.000137652
0.000532944
0.000919845
0.00130351
0.00168225
0.00205446
0.0024186
0.00276684
0.00310423
0.00342947
0.00374129
0.0040384
0.00431429
0.00457314
0.00481395
0.00503585
0.0052381
0.00541634
0.00557375
0.00570989
0.00582437
0.0059169
0.00598544
0.00603174
0.00605587
0.00605799
0.00603841
0.00599763
0.00593601
0.00585407
0.0057524
0.00563166
0.00549453
0.00533991
0.00516873
0.00498199
0.00478073
0.00456946
0.00434583
0.00411097
0.003866
0.00361212
0.00335502
0.00309145
0.00282265
0.00254987
0.00227437
0.00200234
0.00173002
0.00145856
0.00118907
0.000922595
0.000665077
0.000412596
0.000166137
-7.33403e-05
-0.000304929
-0.000523432
-0.000732491
-0.000931457
-0.00111974
-0.00129679
-0.00145864
-0.00160828
-0.00174531
-0.00186941
-0.00198035
-0.00207573
-0.00215771
-0.00222629
-0.00228149
-0.00232345
-0.00235134
-0.0023664
-0.00236889
-0.0023591
-0.00233736
-0.00230426
-0.00226003
-0.00220522
-0.00214042
-0.00206622
-0.00198448
-0.00189448
-0.00179676
-0.00169188
-0.00158043
-0.0014651
-0.00134453
-0.00121942
-0.00109042
-0.000958177
-0.000825785
-0.000691342
-0.000555433
-0.000418638
-0.000281516
-0.00014728
-1.37463e-05
0.000118608
0.000249323
0.000377964
0.000501535
0.000622301
0.000739973
0.000854292
0.000965004
0.00106954
0.00116994
0.00126598
0.00135748
0.00144429
0.00152447
0.00159985
0.00167038
0.00173603
0.00179675
0.00185115
0.00190064
0.00194526
0.00198508
0.00202018
0.00204975
0.00207475
0.00209527
0.00211142
0.00212332
0.00213072
0.0021341
0.00213356
0.0021292
0.00212116
0.00210969
0.00209489
0.00207693
0.00205594
0.00203202
0.0020057
0.00197665
0.00194499
0.00191088
0.00187448
0.00183669
0.00179688
0.00175514
0.00171157
0.00166628
0.00162036
0.00157296
0.00152419
0.00147414
0.00142295
0.00137186
0.00131989
0.00126717
0.00121384
0.00115998
0.00110688
0.0010534
0.000999605
0.000945631
0.00089162
0.000838947
0.000786518
0.000734447
0.00068284
0.000631817
0.000582673
0.000534405
0.00048709
0.000440688
0.000395374
0.000352317
0.000310667
0.000270581
0.000232213
0.000195706
0.000161948
0.000130278
0.000100801
7.36254e-05
4.88637e-05
2.70842e-05
7.86906e-06
-8.76305e-06
-2.28293e-05
-3.43645e-05
-4.3237e-05
-4.96465e-05
-5.36287e-05
-5.52431e-05
-5.45855e-05
-5.18982e-05
-4.72166e-05
-4.06977e-05
-3.24988e-05
-2.27827e-05
-1.20508e-05
-1.6125e-07
1.26828e-05
2.62856e-05
4.04728e-05
5.46478e-05
6.91398e-05
8.38042e-05
9.84766e-05
0.000112974
0.000126637
0.000139794
0.0001523
0.000164037
0.000174904
0.000184388
0.000192861
0.000200252
0.000206508
0.000211594
0.00021517
0.000217579
0.000218827
0.00021893
0.000217912
0.00021561
0.000212294
0.000208025
0.000202866
0.000196889
0.000190075
0.000182619
0.000174613
0.000166148
0.000157316
0.000148173
0.000138829
0.000129364
0.000119858
0.000110397
0.000101073
9.19494e-05
8.30905e-05
7.45496e-05
6.63713e-05
5.86129e-05
5.12855e-05
4.44195e-05
3.80395e-05
3.21628e-05
2.6811e-05
2.19716e-05
1.76438e-05
1.38226e-05
1.05004e-05
7.66942e-06
5.31054e-06
3.40809e-06
1.9448e-06
9.02439e-07
2.62556e-07
6.64515e-09
0
0
0
0
0
0
0
0
0
0
0
0
0
0
0
0
0
0
0
0
0
0
0
0
0
0
0
0
0
0
0
0
0
0
0
0
0
0
0
0
0
0
0
0
0
0
0
0
0
0
0
0
0
0
0
0
0
-0
-0
-0
-0
-0
-0
-0
-0
-0
-0
-0
-0
-0
-0
-0
-0
-0
-0
-0
-0
-0
-0
-0
-0
-0
-0
-0
-0
-0
-0
-0
-0
-0
-0
-0
-0
-0
-0
-0
-0
-0
-0
-0
-0
-0
-0
-0
-0
-0
-0
0
0
0
0
0
0
0
0
0
0
0
0
0
0
0
0
0
0
0
0
0
0
0
0
0
0
0
0
0
0
0
0
0
0
0
0
0
0
0
0
0
0
0
0
0
0
0
0
-0
-0
-0
-0
-0
-0
-0
-0
-0
-0
-0
-0
-0
-0
-0
-0
-0
-0
-0
-0
-0
-0
-0
-0
-0
-0
-0
-0
-0
-0
-0
-0
-0
-0
-0
-0
-0
-0
-0
-0
-0
-0
-0
-0
-0
-0
-0
-0
-0
-0
-0
-0
-0
-0
-0
-0
-0
-0
0
0
0
0
0
0
0
0
0
0
0
0
0
0
0
0
0
0
0
0
0
0
0
0
0
0
0
0
0
0
0
0
0
0
0
0
0
0
-0
-0
-0
-0
-0
-0
-0
-0
-0
-0
-0
-0
-0
-0
-0
-0
-0
-0
-0
-0
-0
-0
-0
-0
-0
-0
-0
-0
-0
-0
-0
-0
-0
-0
-0
-0
-0
-0
-0
-0
-0
-0
-0
-0
-0
-0
-0
-0
-0
-0
-0
-0
-0
-0
-0
-0
-0
-0
-0
-0
-0
-0
-0
-0
-0
-0
-0
-0
-0
-0
-0
