-0
-0
-0
-0
-0
-0
-0
-0
-0
-0
-0
-0
-0
-0
-0
-0
-0
-0
-0
-0
-0
0
0
0
0
0
0
0
0
0
0
0
0
0
0
0
0
0
0
0
0
0
0
0
0
0
0
0
0
0
0
0
0
0
0
0
0
0
0
0
0
0
-0
-0
-0
-0
-0
-0
-0
-0
-0
-0
-0
-0
-0
-0
-0
-0
-0
-0
-0
-0
-0
-0
-0
-0
-0
-0
-0
-0
-0
-0
-0
0
0
0
0
0
0
0
0
0
0
0
0
0
0
0
0
0
0
0
0
0
0
0
0
0
0
0
0
0
0
0
0
0
0
0
0
0
0
0
0
0
0
0
0
-0
-0
-0
-0
-0
-0
-0
-0
-0
-0
-0
-0
-0
-0
-0
-0
-0
-0
-0
-0
-0
-0
-0
-0
-0
-0
-0
-0
-0
-0
-0
-0
-0
-0
-0
-0
-0
-0
-0
-0
-0
-0
-0
-0
-0
-0
-0
-0
0
0
0
0
0
0
0
0
0
0
0
0
0
0
0
0
0
0
0
0
0
0
0
0
0
0
0
0
0
0
0
0
0
0
0
0
0
0
0
0
0
0
0
0
0
0
0
0
0
0
0
8.83921e-06
3.07736e-05
5.67063e-05
7.67799e-05
8.04542e-05
5.65865e-05
-6.48395e-06
-0.00012084
-0.000298866
-0.000553095
-0.000896025
-0.00133993
-0.00189668
-0.0025776
-0.00339327
-0.0043534
-0.00546658
-0.00674003
-0.00817936
-0.00978833
-0.0115687
-0.0135202
-0.0156402
-0.0179237
-0.0203632
-0.0229486
-0.025667
-0.0285029
-0.0314379
-0.0344512
-0.0375193
-0.0406163
-0.0437135
-0.0467801
-0.0497829
-0.0526872
-0.0554563
-0.0580529
-0.0604386
-0.0625747
-0.0644224
-0.0659435
-0.0671003
-0.0678565
-0.0681774
-0.0680302
-0.0673847
-0.0662138
-0.0644941
-0.0622066
-0.0593369
-0.0558759
-0.0518196
-0.0471691
-0.0419307
-0.0361155
-0.0297399
-0.0228257
-0.0154008
-0.00749898
0.000839595
0.00956904
0.0186384
0.0279923
0.037572
0.0473157
0.0571584
0.067032
0.0768653
0.0865844
0.0961137
0.105377
0.1143
0.122809
0.130834
0.138308
0.145167
0.151346
0.156789
0.161439
0.165247
0.168171
0.170176
0.171235
0.171332
0.170455
0.168603
0.165782
0.162003
0.157288
0.151717
0.145356
0.138234
0.130385
0.121848
0.112665
0.10288
0.0925433
0.0817032
0.0704129
0.0587281
0.0467083
0.0344166
0.0219185
0.00928111
-0.0034285
-0.0161439
-0.0287993
-0.0413286
-0.0536652
-0.0657418
-0.0774912
-0.0888478
-0.0997493
-0.110138
-0.119959
-0.129163
-0.137703
-0.145535
-0.152618
-0.158914
-0.164391
-0.169019
-0.172777
-0.175647
-0.177615
-0.178672
-0.178816
-0.178047
-0.17637
-0.173797
-0.170344
-0.166033
-0.160889
-0.154943
-0.148233
-0.140796
-0.132678
-0.123928
-0.114599
-0.104746
-0.0944305
-0.0837127
-0.0726553
-0.0613214
-0.049776
-0.0380857
-0.0263203
-0.0145517
-0.00285281
0.00870386
0.0200482
0.0311132
0.0418344
0.0521492
0.0619959
0.071314
0.0800443
0.088131
0.0955223
0.102171
0.108036
0.11308
0.11727
0.120579
0.122987
0.124475
0.125032
0.124653
0.123335
0.121082
0.117902
0.113813
0.108835
0.102998
0.0963368
0.0888877
0.0806923
0.0717948
0.0622435
0.0520914
0.0413961
0.0302196
0.0186273
0.00668709
-0.00553118
-0.017956
-0.0305142
-0.0431316
-0.0557335
-0.0682448
-0.0805907
-0.0926964
-0.104487
-0.115888
-0.126825
-0.137228
-0.147029
-0.156163
-0.164573
-0.172202
-0.179
-0.184919
-0.189919
-0.193962
-0.197017
-0.199061
-0.200074
-0.200043
-0.198961
-0.196826
-0.193642
-0.189422
-0.184183
-0.177948
-0.170744
-0.162605
-0.153569
-0.14368
-0.132988
-0.121548
-0.10942
-0.0966675
-0.083357
-0.0695575
-0.0553409
-0.0407827
-0.025961
-0.0109565
0.00414888
0.0192719
0.0343288
0.0492349
0.0639061
0.0782587
0.092211
0.105684
0.1186
0.130886
0.142467
0.153273
0.163234
0.172287
0.180372
0.187438
0.193442
0.198345
0.202119
0.204736
0.206177
0.206428
0.205482
0.203338
0.200003
0.195491
0.189824
0.18303
0.175146
0.166214
0.156284
0.145413
0.133662
0.121095
0.107783
0.0937975
0.079216
0.0641181
0.0485871
0.0327088
0.0165713
0.000264403
-0.0161208
-0.0324926
-0.0487592
-0.0648296
-0.0806142
-0.096026
-0.110981
-0.125397
-0.139198
-0.152308
-0.164659
-0.176183
-0.186821
-0.196518
-0.205223
-0.212895
-0.219496
-0.224995
-0.229367
-0.232591
-0.234657
-0.235557
-0.235294
-0.233877
-0.23132
-0.227646
-0.22288
-0.217056
-0.210211
-0.20239
-0.19364
-0.184017
-0.17358
-0.162393
-0.150522
-0.138039
-0.125018
-0.111536
-0.0976731
-0.0835098
-0.0691278
-0.0546091
-0.040036
-0.0254912
-0.0110572
0.00318434
0.0171539
0.0307746
0.0439728
0.0566775
0.0688206
0.0803364
0.0911622
0.10124
0.110515
0.118942
0.126478
0.133088
0.138742
0.143415
0.147087
0.149743
0.151374
0.151979
0.151559
0.150122
0.147684
0.144263
0.139884
0.13458
0.128385
0.121341
0.113492
0.104889
0.0955855
0.0856385
0.0751096
0.0640632
0.0525661
0.0406869
0.0284953
0.0160622
0.00345916
-0.00924215
-0.0219701
-0.0346538
-0.0472231
-0.0596084
-0.0717414
-0.0835548
-0.0949832
-0.105964
-0.116437
-0.126348
-0.135644
-0.144276
-0.152202
-0.15938
-0.165774
-0.171356
-0.176102
-0.179992
-0.183014
-0.185161
-0.186428
-0.186819
-0.186339
-0.185002
-0.182822
-0.179823
-0.176027
-0.171465
-0.166169
-0.160177
-0.153528
-0.146267
-0.13844
-0.130096
-0.121284
-0.112056
-0.102467
-0.0925726
-0.0824302
-0.0720972
-0.0616301
-0.0510848
-0.0405162
-0.0299791
-0.0195281
-0.00921723
0.000901033
0.0107766
0.0203623
0.0296139
0.0384895
0.0469494
0.0549561
0.062475
0.0694751
0.0759296
0.0818159
0.0871149
0.0918107
0.0958899
0.099342
0.10216
0.10434
0.105884
0.106796
0.107083
0.106756
0.105828
0.104315
0.102236
0.0996137
0.0964713
0.0928358
0.0887355
0.0841999
0.0792599
0.0739479
0.0682984
0.0623471
0.0561307
0.0496862
0.0430502
0.0362589
0.0293484
0.0223546
0.015314
0.00826281
0.00123647
-0.00573093
-0.0126074
-0.0193632
-0.0259701
-0.0324016
-0.0386318
-0.044636
-0.0503913
-0.0558768
-0.0610744
-0.0659686
-0.0705464
-0.0747966
-0.0787097
-0.0822778
-0.0854952
-0.0883585
-0.0908665
-0.0930202
-0.0948224
-0.0962772
-0.0973901
-0.0981678
-0.098619
-0.0987538
-0.0985838
-0.0981217
-0.0973807
-0.0963753
-0.0951209
-0.093634
-0.0919321
-0.0900328
-0.0879538
-0.0857118
-0.0833232
-0.0808043
-0.0781715
-0.0754418
-0.0726322
-0.0697589
-0.0668368
-0.0638793
-0.060899
-0.0579082
-0.054919
-0.0519434
-0.0489925
-0.0460763
-0.0432029
-0.0403791
-0.0376108
-0.0349038
-0.0322634
-0.0296941
-0.0271994
-0.0247816
-0.0224415
-0.0201795
-0.017996
-0.0158914
-0.0138658
-0.0119187
-0.0100487
-0.00825342
-0.00652977
-0.00487476
-0.00328554
-0.00175951
-0.000294044
0.00111352
0.00246583
0.00376517
0.00501334
0.00621165
0.00736133
0.00846392
0.00952149
0.0105364
0.0115109
0.0124463
0.0133432
0.0142013
0.0150199
0.0157982
0.0165353
0.0172298
0.0178801
0.0184836
0.0190375
0.019539
0.0199856
0.0203747
0.0207038
0.0209696
0.0211682
0.0212955
0.0213478
0.0213221
0.0212163
0.021029
0.0207582
0.0204017
0.0199565
0.0194195
0.0187882
0.0180611
0.0172374
0.0163174
0.0153015
0.0141899
0.0129832
0.0116826
0.0102899
0.0088082
0.00724124
0.00559331
0.00386875
0.00207185
0.000207019
-0.00172092
-0.00370649
-0.00574354
-0.00782532
-0.00994487
-0.0120951
-0.0142687
-0.0164583
-0.0186556
-0.020852
-0.0230383
-0.0252052
-0.0273439
-0.0294465
-0.0315054
-0.0335137
-0.035464
-0.0373485
-0.039159
-0.0408871
-0.0425251
-0.0440662
-0.0455051
-0.0468367
-0.0480567
-0.0491605
-0.0501435
-0.0510011
-0.0517296
-0.0523273
-0.0528046
-0.0531637
-0.0534031
-0.053522
-0.0535192
-0.0533948
-0.0531491
-0.0527834
-0.0522992
-0.0516975
-0.0509793
-0.0501452
-0.0491963
-0.0481342
-0.0469616
-0.0456817
-0.0442981
-0.0428142
-0.0412332
-0.0395589
-0.0377956
-0.0359486
-0.0340238
-0.0320277
-0.0299667
-0.0278473
-0.0256759
-0.0234589
-0.0212032
-0.0189158
-0.0166034
-0.0142727
-0.0119304
-0.00958337
-0.00723892
-0.00490504
-0.00258989
-0.000301293
0.00195369
0.00416883
0.00633839
0.00845663
0.0105174
0.0125143
0.0144407
0.0162907
0.0180592
0.0197417
0.0213344
0.0228337
0.0242361
0.0255382
0.0267358
0.0278168
0.0287772
0.0296144
0.0303269
0.0309133
0.0313734
0.0317084
0.0319206
0.0320133
0.0319905
0.0318556
0.0316119
0.0312627
0.0308112
0.0302617
0.0296191
0.0288894
0.0280786
0.0271931
0.026239
0.0252219
0.0241475
0.0230215
0.0218496
0.0206372
0.0193901
0.0181146
0.0168174
0.0155054
0.014185
0.0128622
0.0115421
0.0102291
0.00892758
0.00764141
0.00637507
0.00513345
0.00392184
0.00274348
0.00160066
0.00049495
-0.000572352
-0.00159979
-0.00258576
-0.00352776
-0.00442355
-0.00527128
-0.00606976
-0.00681908
-0.00751874
-0.00816904
-0.00877031
-0.0093228
-0.00982752
-0.010284
-0.0106927
-0.0110544
-0.01137
-0.0116413
-0.0118686
-0.0120532
-0.0121965
-0.0123004
-0.0123679
-0.0123999
-0.0123983
-0.0123648
-0.0123009
-0.0122091
-0.0120898
-0.0119448
-0.011776
-0.0115852
-0.0113749
-0.0111458
-0.0108993
-0.0106363
-0.0103576
-0.0100646
-0.00975774
-0.00943813
-0.00910669
-0.00876422
-0.00841113
-0.008048
-0.00767508
-0.00729245
-0.00690008
-0.00649688
-0.00608189
-0.00565001
-0.00520159
-0.00473773
-0.00425819
-0.00376605
-0.00326281
-0.00274976
-0.00222787
-0.00169558
-0.00115606
-0.000610377
-5.99475e-05
0.000493562
0.00105152
0.00160948
0.0021664
0.00272154
0.00327415
0.00382665
0.00437423
0.00491526
0.00544815
0.00597168
0.00648846
0.00699464
0.00748986
0.00797356
0.00844484
0.00890535
0.00935106
0.00978093
0.0101942
0.0105906
0.0109714
0.0113349
0.0116809
0.0120093
0.0123197
0.0126114
0.0128841
0.0131373
0.0133704
0.013583
0.0137721
0.0139405
0.0140882
0.0142153
0.0143214
0.0144007
0.0144578
0.0144921
0.0145033
0.0144913
0.0144483
0.0143827
0.0142947
0.0141838
0.0140497
0.0138816
0.0136893
0.0134727
0.0132321
0.0129678
0.0126691
0.0123473
0.0120021
0.0116332
0.0112399
0.0108107
0.0103566
0.00987763
0.00937442
0.00884754
0.00828878
0.00770727
0.00710329
0.00647709
0.00582903
0.00515497
0.0044604
0.00374622
0.00301339
0.00226291
0.00149686
0.000715403
-8.03084e-05
-0.000889205
-0.00171036
-0.00253499
-0.00336997
-0.00421387
-0.00506468
-0.00591992
-0.00676169
-0.00760261
-0.00844043
-0.00927325
-0.0100992
-0.0108945
-0.0116783
-0.0124477
-0.0131993
-0.01393
-0.0146103
-0.0152636
-0.0158865
-0.0164756
-0.0170269
-0.0175082
-0.0179437
-0.0183298
-0.0186625
-0.0189378
-0.0191249
-0.0192452
-0.0192942
-0.0192674
-0.0191611
-0.0189517
-0.018656
-0.0182706
-0.0177917
-0.0172157
-0.0165297
-0.0157412
-0.0148486
-0.0138506
-0.0127461
-0.0115376
-0.0102206
-0.00879489
-0.007261
-0.00562041
-0.0038939
-0.0020655
-0.000138174
0.00188469
0.00399888
0.00616585
0.00841244
0.0107314
0.0131148
0.0155547
0.0179973
0.0204789
0.0229897
0.0255185
0.0280535
0.0305291
0.0329857
0.0354109
0.0377922
0.0401172
0.0423195
0.0444395
0.0464641
0.0483798
0.0501737
0.0517864
0.0532525
0.0545601
0.0556976
0.0566536
0.0573848
0.0579138
0.0582316
0.0583304
0.0582029
0.057831
0.0572218
0.0563714
0.055277
0.0539371
0.0523639
0.0505463
0.0484875
0.0461917
0.0436646
0.0409509
0.0380207
0.0348832
0.031549
0.0280307
0.0244027
0.0206199
0.0166985
0.0126553
0.0085081
0.00435188
0.000129481
-0.00413835
-0.00842968
-0.0127218
-0.0169086
-0.0210509
-0.0251264
-0.0291128
-0.0329873
-0.0366482
-0.0401514
-0.0434746
-0.0465963
-0.0494957
-0.0520914
-0.054427
-0.0564853
-0.0582499
-0.0597056
-0.0608032
-0.0615658
-0.0619829
-0.0620455
-0.0617463
-0.0610792
-0.0600421
-0.058634
-0.0568555
-0.0547093
-0.0522357
-0.0494054
-0.0462273
-0.0427129
-0.038876
-0.0348028
-0.03044
-0.0258062
-0.0209218
-0.0158093
-0.0105908
-0.00519518
0.000350092
0.00601665
0.0117757
0.0174859
0.0232292
0.0289742
0.0346882
0.0403377
0.0457783
0.051089
0.0562387
0.0611968
0.0659332
0.070324
0.0744343
0.0782366
0.081705
0.0848157
0.0874847
0.0897544
0.0916064
0.0930242
0.0939935
0.0944836
0.0945055
0.0940535
0.0931244
0.0917173
0.0898621
0.087534
0.0847398
0.0814901
0.077798
0.0737552
0.0693037
0.064463
0.0592553
0.0537053
0.0479545
0.0419181
0.0356271
0.0291141
0.0224129
0.015697
0.00886383
0.00195081
-0.00500341
-0.0119594
-0.0187338
-0.0254316
-0.0320145
-0.0384442
-0.0446825
-0.0505629
-0.0561789
-0.061496
-0.0664814
-0.0711036
-0.075237
-0.0789495
-0.082215
-0.0850099
-0.0873135
-0.0890608
-0.0902842
-0.0909717
-0.0911136
-0.0907033
-0.0897463
-0.0882327
-0.0861655
-0.0835511
-0.0803991
-0.0767886
-0.0726677
-0.0680544
-0.0629695
-0.0574366
-0.0515989
-0.045368
-0.0387745
-0.0318515
-0.0246339
-0.0173102
-0.00976751
-0.00204545
0.00581523
0.013773
0.0216197
0.0294794
0.0373094
0.0450667
0.0527086
0.0600343
0.0671615
0.0740504
0.0806626
0.0869607
0.0927802
0.0982168
0.103239
0.107819
0.111931
0.115468
0.118492
0.120984
0.122929
0.124316
0.125112
0.125336
0.124986
0.124061
0.122566
0.120544
0.117969
0.114853
0.111214
0.107072
0.102546
0.0975635
0.0921531
0.0863437
0.0801674
0.0737953
0.0671255
0.0601944
0.0530402
0.0457019
0.0383812
0.0309575
0.0234722
0.0159668
0.00848226
0.00122176
-0.00593933
-0.0129633
-0.0198128
-0.0264513
-0.0327003
-0.0386694
-0.0443274
-0.0496454
-0.0545969
-0.0590539
-0.0630984
-0.0667107
-0.0698736
-0.0725723
-0.0747433
-0.0764297
-0.0776253
-0.0783268
-0.0785337
-0.078254
-0.0774863
-0.0762381
-0.0745197
-0.0723443
-0.0697889
-0.0668093
-0.0634253
-0.0596584
-0.0555324
-0.0511796
-0.0465199
-0.0415814
-0.0363938
-0.030988
-0.0255321
-0.0199227
-0.0141935
-0.00837844
-0.00251195
0.0032263
0.00894899
0.0146236
0.0202181
0.0257008
0.030906
0.0359398
0.0407746
0.0453844
0.0497453
0.0537285
0.0574194
0.0607989
0.0638495
0.066556
0.0688419
0.0707604
0.0723032
0.0734643
0.0742393
0.0746126
0.0745976
0.0741966
0.0734147
0.072259
0.0707751
0.0689366
0.0667554
0.0642456
0.0614232
0.0583871
0.0550768
0.0515134
0.0477192
0.0437171
0.0396421
0.0354068
0.0310364
0.0265571
0.021996
0.0175065
0.0129883
0.008467
0.00396795
-0.000483464
-0.00473821
-0.00889546
-0.0129314
-0.0168233
-0.0205496
-0.0239863
-0.027219
-0.0302308
-0.0330058
-0.0355294
-0.0377175
-0.0396294
-0.0412549
-0.0425855
-0.0436146
-0.0443087
-0.0446941
-0.0447702
-0.0445376
-0.0439982
-0.043171
-0.0420453
-0.0406283
-0.0389295
-0.0369606
-0.0347909
-0.032377
-0.0297321
-0.02687
-0.0238056
-0.0206449
-0.0173175
-0.0138434
-0.0102432
-0.00653686
-0.0028522
0.000900795
0.00470289
0.00853336
0.0123701
0.0160769
0.0197457
0.0233567
0.0268913
0.0303325
0.0335597
0.0366599
0.0396162
0.0424123
0.0450333
0.0473849
0.0495376
0.0514822
0.0532104
0.0547004
0.0558754
0.0567782
0.0574041
0.0577509
0.0578188
0.0575963
0.0571017
0.0563415
0.0553247
0.0540621
0.0525871
0.0508929
0.0489947
0.0469089
0.0446534
0.0422951
0.0398057
0.0372062
0.0345184
0.0317637
0.0290269
0.0262621
0.0234886
0.0207254
0.017991
0.0153715
0.0128131
0.0103315
0.00794097
0.00565434
0.00354504
0.00155727
-0.000301315
-0.00202442
-0.00360698
-0.0049958
-0.00624039
-0.00733972
-0.00829426
-0.00910598
-0.0097448
-0.0102506
-0.0106288
-0.0108851
-0.0110263
-0.0110414
-0.0109581
-0.0107853
-0.0105321
-0.0102081
-0.00981668
-0.0093735
-0.0088875
-0.00836745
-0.00782193
-0.00726094
-0.00669067
-0.00611854
-0.00555132
-0.00499502
-0.00445997
-0.00394509
-0.00345438
-0.00299126
-0.00255851
-0.00216366
-0.00180195
-0.00147425
-0.00118087
-0.000921542
-0.00069957
-0.000508976
-0.00034835
-0.000215985
-0.00010991
-3.0142e-05
2.85822e-05
6.87333e-05
9.28762e-05
0.00010362
0.000102757
9.40397e-05
7.98774e-05
6.25751e-05
4.43139e-05
2.70311e-05
1.28239e-05
3.32997e-06
0
0
0
0
0
0
0
0
0
0
0
0
0
0
0
0
0
0
0
0
0
0
0
0
0
0
0
0
0
0
0
0
0
0
0
0
0
0
0
0
0
0
0
0
0
0
0
0
0
0
0
0
0
0
0
0
0
0
0
0
0
0
0
0
0
-0
-0
-0
-0
-0
-0
-0
-0
-0
-0
-0
-0
-0
-0
-0
-0
-0
-0
-0
-0
-0
-0
-0
-0
-0
-0
-0
-0
-0
-0
-0
-0
-0
-0
-0
0
0
0
0
0
0
0
0
0
0
0
0
0
0
0
0
0
0
0
0
0
0
0
0
0
0
0
0
0
0
0
0
0
0
0
0
0
0
0
0
0
0
0
0
0
0
0
0
0
0
0
0
0
0
0
-0
-0
-0
-0
-0
-0
-0
-0
-0
-0
-0
-0
-0
-0
-0
-0
-0
-0
-0
-0
-0
-0
-0
-0
-0
-0
-0
-0
-0
-0
-0
-0
-0
-0
-0
-0
0
0
0
0
0
0
0
0
0
0
0
0
0
0
0
0
0
0
0
0
0
0
0
0
0
0
0
0
0
0
0
0
0
0
0
0
0
0
0
0
0
0
0
0
0
