0
0
0
-0
-0
-0
-0
0
0
0
0
0
0
0
0
0
0
0
0
0
0
0
0
0
0
0
0
0
0
0
0
0
0
0
0
0
0
0
0
0
0
0
0
0
0
0
-0
-0
-0
-0
-0
-0
-0
-0
-0
-0
-0
-0
-0
-0
-0
-0
-0
-0
-0
-0
-0
-0
-0
-0
-0
-0
-0
-0
-0
-0
-0
-0
-0
-0
-0
-0
-0
-0
-0
-0
-0
-0
-0
-0
0
0
0
0
0
0
0
0
0
0
0
0
0
0
0
0
0
0
0
0
0
0
0
0
0
0
0
0
0
0
0
0
0
0
0
0
0
0
0
0
0
0
0
-0
-0
-0
-0
-0
-0
-0
-0
-0
-0
-0
-0
-0
-0
-0
-0
-0
-0
-0
-0
-0
-0
-0
-0
-0
-0
-0
-0
-0
-0
-0
-0
-0
-0
-0
-0
-0
-0
-0
-0
-0
-0
-0
-0
0
0
0
0
0
0
0
0
0
0
0
0
0
0
0
0
0
0
0
0
0
0
0
0
0
0
0
0
0
0
0
0
0
0
0
0
0
0
0
0
0
0
0
0
-0
-0
-0
-0
-0
-0
-0
-0
-0
-0
-0
-0
-0
-0
-0
-0
-0
-0
-0
-0
-0
-0
-0
-0
-0
-0
-0
-0
-0
-0
-0
-0
-0
-0
-0
-0
-0
-0
-0
-0
-0
-0
-0
-0
-0
0
0
0
0
0
0
0
0
0
0
0
0
0
0
0
0
0
0
0
0
0
0
0
0
0
0
0
0
0
0
0
0
0
0
0
0
0
0
0
0
0
0
0
0
0
-0
-0
-0
-0
-0
-0
-0
-0
-0
-0
-0
-0
-0
-0
-0
-0
-0
-0
-0
-0
-0
-0
-0
-0
-0
-0
-0
-0
-0
-0
-0
-0
-0
-0
-0
-0
-0
-0
-0
-0
-0
-0
-0
-0
-0
-0
0
0
0
0
0
0
0
0
0
0
0
0
0
0
0
0
0
0
0
0
0
0
0
0
0
0
0
6.32633e-06
2.97165e-05
6.7981e-05
0.00011821
0.000177129
0.000241167
0.000306525
0.000369258
0.000425351
0.000470802
0.000501693
0.000514252
0.00050491
0.00047035
0.000407576
0.000313981
0.000187413
2.62336e-05
-0.000170656
-0.000403809
-0.000673245
-0.000978462
-0.00131844
-0.00169161
-0.00209587
-0.00252851
-0.00298627
-0.00346538
-0.00396165
-0.00447059
-0.00498751
-0.00550754
-0.00602561
-0.00653643
-0.00703448
-0.0075141
-0.00796963
-0.00839561
-0.0087869
-0.00913872
-0.00944665
-0.00970647
-0.00991422
-0.0100662
-0.0101593
-0.0101909
-0.0101591
-0.010063
-0.00990188
-0.00967594
-0.00938566
-0.00903207
-0.00861674
-0.00814186
-0.00761028
-0.00702539
-0.00639113
-0.00571189
-0.00499246
-0.00423794
-0.00345381
-0.0026458
-0.00181997
-0.000982651
-0.000140469
0.000699761
0.00153119
0.00234714
0.0031413
0.0039078
0.00464115
0.00533612
0.00598753
0.00659027
0.00713938
0.00763023
0.00805879
0.00842174
0.00871651
0.00894119
0.0090945
0.0091757
0.0091846
0.00912151
0.00898719
0.00878282
0.00850995
0.00817059
0.00776733
0.00730352
0.00678506
0.00621847
0.00560782
0.00495712
0.00427017
0.00355056
0.00280183
0.00202775
0.00123248
0.000420563
-0.000403208
-0.00123402
-0.00206719
-0.00289822
-0.00372261
-0.00453583
-0.00533314
-0.00610978
-0.00686113
-0.00758291
-0.00827133
-0.00892301
-0.00953474
-0.0101033
-0.0106254
-0.0110976
-0.0115164
-0.0118786
-0.0121815
-0.0124227
-0.0126003
-0.0127125
-0.0127582
-0.0127366
-0.012647
-0.0124893
-0.0122635
-0.0119698
-0.0116085
-0.0111804
-0.0106868
-0.0101293
-0.00951002
-0.00883172
-0.00809724
-0.00730966
-0.00647227
-0.00558864
-0.00466266
-0.00369852
-0.00270057
-0.00167322
-0.000620943
0.000451671
0.00153971
0.00263784
0.00374035
0.00484125
0.00593453
0.00701424
0.0080745
0.0091094
0.0101129
0.0110791
0.012002
0.0128761
0.0136965
0.0144585
0.0151576
0.0157892
0.016349
0.0168326
0.0172359
0.0175553
0.0177879
0.0179306
0.0179809
0.0179364
0.0177955
0.0175572
0.0172218
0.0167905
0.0162647
0.0156458
0.0149349
0.0141329
0.0132413
0.0122623
0.0111996
0.0100581
0.00884324
0.0075611
0.00621762
0.00481877
0.00337067
0.00187976
0.000352916
-0.00120264
-0.0027794
-0.00436966
-0.00596549
-0.00755866
-0.00914068
-0.0107029
-0.0122366
-0.0137334
-0.0151849
-0.0165829
-0.0179191
-0.0191854
-0.0203734
-0.0214753
-0.0224843
-0.023394
-0.0241991
-0.0248946
-0.0254761
-0.0259391
-0.0262796
-0.0264944
-0.0265809
-0.0265373
-0.0263627
-0.0260564
-0.025618
-0.0250478
-0.0243467
-0.0235166
-0.0225609
-0.0214838
-0.0202908
-0.0189874
-0.0175792
-0.0160725
-0.0144737
-0.0127906
-0.011032
-0.00920777
-0.00732829
-0.00540393
-0.00344477
-0.00146071
0.000538227
0.00254142
0.00453746
0.00651428
0.00845959
0.0103612
0.0122076
0.0139873
0.0156894
0.0173033
0.0188184
0.0202248
0.0215134
0.0226759
0.0237049
0.0245934
0.0253347
0.0259221
0.0263498
0.0266124
0.0267062
0.0266284
0.0263777
0.0259539
0.0253575
0.0245898
0.0236531
0.0225506
0.0212866
0.0198667
0.0182977
0.0165874
0.0147449
0.0127797
0.0107025
0.00852439
0.00625683
0.00391179
0.0015017
-0.000960387
-0.00346073
-0.00598497
-0.00851825
-0.0110454
-0.0135511
-0.0160201
-0.0184369
-0.0207863
-0.0230532
-0.0252232
-0.027282
-0.0292164
-0.0310132
-0.0326598
-0.0341438
-0.0354536
-0.0365784
-0.0375086
-0.0382361
-0.0387539
-0.0390559
-0.0391376
-0.0389952
-0.0386265
-0.0380306
-0.037208
-0.0361605
-0.0348909
-0.0334028
-0.0317014
-0.0297931
-0.0276863
-0.025391
-0.0229189
-0.0202827
-0.0174961
-0.0145731
-0.0115288
-0.00837874
-0.00513946
-0.00182838
0.00153638
0.0049361
0.00835148
0.0117628
0.0151498
0.0184923
0.0217702
0.024964
0.0280551
0.0310252
0.033857
0.0365333
0.0390371
0.0413522
0.043463
0.0453552
0.0470153
0.0484314
0.0495929
0.0504906
0.0511169
0.0514662
0.0515344
0.051319
0.050819
0.0500349
0.0489683
0.0476225
0.0460023
0.0441141
0.0419657
0.0395665
0.0369275
0.034061
0.0309815
0.0277049
0.0242487
0.0206315
0.0168725
0.0129911
0.00900743
0.00494165
0.000814609
-0.0033524
-0.00753776
-0.0117196
-0.0158761
-0.0199851
-0.0240243
-0.027971
-0.0318031
-0.0354983
-0.0390356
-0.0423948
-0.0455568
-0.0485039
-0.0512196
-0.0536888
-0.0558982
-0.0578366
-0.0594945
-0.0608644
-0.0619404
-0.062718
-0.0631944
-0.0633684
-0.0632407
-0.0628139
-0.0620923
-0.0610815
-0.0597889
-0.058223
-0.0563937
-0.0543127
-0.0519927
-0.0494475
-0.0466921
-0.0437422
-0.0406149
-0.037328
-0.0339003
-0.0303516
-0.0267017
-0.0229708
-0.0191789
-0.0153462
-0.0114931
-0.00763988
-0.00380696
-1.42143e-05
0.00371915
0.00737473
0.0109348
0.0143822
0.0177003
0.0208734
0.0238866
0.0267265
0.0293809
0.0318388
0.0340903
0.0361264
0.0379392
0.0395221
0.0408701
0.0419799
0.0428497
0.0434788
0.0438677
0.0440178
0.0439319
0.043614
0.0430696
0.0423051
0.0413319
0.0401633
0.0388078
0.0372745
0.0355731
0.0337139
0.0317077
0.0295654
0.0272984
0.0249185
0.0224378
0.0198691
0.0172252
0.0145193
0.0117641
0.00897252
0.00615736
0.00333158
0.000508324
-0.00229919
-0.0050779
-0.00781513
-0.0104987
-0.0131168
-0.015658
-0.0181113
-0.0204656
-0.0227107
-0.0248365
-0.0268339
-0.028694
-0.0304089
-0.0319711
-0.033374
-0.0346116
-0.0356791
-0.0365723
-0.0372877
-0.0378229
-0.0381757
-0.0383452
-0.0383311
-0.0381343
-0.0377565
-0.0372002
-0.0364688
-0.0355661
-0.0344968
-0.0332663
-0.0318805
-0.0303462
-0.0286707
-0.026862
-0.0249287
-0.0228802
-0.0207264
-0.0184779
-0.0161456
-0.0137405
-0.011274
-0.00875748
-0.0062028
-0.00362216
-0.00102803
0.00156703
0.00415056
0.00671029
0.00923412
0.0117101
0.0141263
0.0164711
0.0187331
0.0209013
0.0229649
0.0249136
0.0267373
0.0284263
0.0299716
0.0313648
0.0325982
0.0336648
0.0345583
0.0352728
0.035803
0.0361444
0.0362934
0.0362472
0.0360038
0.0355539
0.0348894
0.0340144
0.0329343
0.0316531
0.0301759
0.0285156
0.0266734
0.0246581
0.0224793
0.0201477
0.0176907
0.015106
0.0124075
0.00960975
0.0067278
0.00380076
0.000820943
-0.00219478
-0.00522907
-0.00826439
-0.011254
-0.0142108
-0.017118
-0.019959
-0.0227173
-0.0253452
-0.0278595
-0.0302459
-0.0324909
-0.0345822
-0.0364788
-0.0382003
-0.0397373
-0.0410815
-0.0422259
-0.0431422
-0.0438506
-0.0443487
-0.0446355
-0.044711
-0.0445632
-0.0442097
-0.0436551
-0.0429057
-0.0419685
-0.040849
-0.0395593
-0.0381095
-0.0365109
-0.0347756
-0.0329244
-0.0309622
-0.0289024
-0.0267585
-0.0245442
-0.02229
-0.0199923
-0.0176648
-0.015321
-0.0129738
-0.0106578
-0.00836101
-0.0060941
-0.00386708
-0.00168909
0.000406783
0.00243938
0.00440233
0.00629018
0.00809837
0.00979919
0.0114151
0.0129444
0.0143859
0.0157394
0.0169843
0.0181431
0.019217
0.0202074
0.021116
0.0219292
0.0226647
0.023324
0.0239085
0.0244192
0.0248476
0.0252031
0.0254853
0.0256929
0.0257978
0.025778
0.0256327
0.0253605
0.0249605
0.0244327
0.0237845
0.0230101
0.0221113
0.0210907
0.0199514
0.0187124
0.0173631
0.0159086
0.0143545
0.0127073
0.0109957
0.00920526
0.00734397
0.00542034
0.00344326
0.0014483
-0.000581421
-0.00263612
-0.00470565
-0.00677961
-0.00881993
-0.0108437
-0.0128404
-0.0147998
-0.0167116
-0.0185405
-0.0203016
-0.0219853
-0.0235821
-0.0250833
-0.026461
-0.0277267
-0.0288727
-0.0298922
-0.0307787
-0.0315159
-0.0321098
-0.0325564
-0.0328522
-0.0329948
-0.0329818
-0.0328128
-0.0324876
-0.032007
-0.0313726
-0.0305971
-0.0296736
-0.0286059
-0.0273991
-0.0260585
-0.0246103
-0.023042
-0.0213613
-0.0195764
-0.0176963
-0.0157567
-0.0137412
-0.0116602
-0.00952437
-0.00734496
-0.00516337
-0.00296091
-0.000749096
0.00146039
0.00365583
0.00579588
0.00789897
0.00995417
0.0119509
0.0138789
0.0157029
0.017439
0.0190786
0.0206132
0.0220355
0.0233204
0.0244797
0.0255078
0.0263998
0.0271516
0.0277515
0.0282055
0.0285118
0.0286697
0.0286794
0.0285441
0.0282632
0.0278393
0.0272758
0.0265769
0.0257596
0.0248169
0.023755
0.0225805
0.0213006
0.0199435
0.0184974
0.0169709
0.0153732
0.0137137
0.0120271
0.0102983
0.00853723
0.00675395
0.00495854
0.00318734
0.00142383
-0.000322334
-0.00204161
-0.0037247
-0.00533852
-0.00689864
-0.00839694
-0.00982574
-0.0111778
-0.0124277
-0.0135882
-0.0146539
-0.0156201
-0.0164828
-0.0172272
-0.0178618
-0.0183842
-0.0187928
-0.0190869
-0.0192635
-0.019326
-0.0192755
-0.019114
-0.0188439
-0.0184741
-0.0180026
-0.0174335
-0.0167713
-0.0160211
-0.0152009
-0.0143038
-0.013336
-0.0123043
-0.0112156
-0.0100946
-0.00893129
-0.00773289
-0.00650681
-0.00526053
-0.00402084
-0.00277591
-0.0015331
-0.000299583
0.000917677
0.00209356
0.00323997
0.00435067
0.00541969
0.00644143
0.00739573
0.00829294
0.00912881
0.00989946
0.0106013
0.0112216
0.0117673
0.0122364
0.0126274
0.0129393
0.013168
0.013317
0.0133865
0.0133774
0.013291
0.0131318
0.0128995
0.0125966
0.0122261
0.0117908
0.0113023
0.0107565
0.0101577
0.00951042
0.00881943
0.00810123
0.00734897
0.00656752
0.00576186
0.0049371
0.0041119
0.00327797
0.00244042
0.00160426
0.000774442
-3.09668e-05
-0.000820482
-0.00158953
-0.00233375
-0.00304901
-0.00372035
-0.00435548
-0.00495127
-0.00550487
-0.00601368
-0.00646765
-0.0068723
-0.00722572
-0.00752634
-0.00777303
-0.00796175
-0.00809574
-0.00817517
-0.00820047
-0.00817215
-0.0080919
-0.00795959
-0.00777654
-0.00754453
-0.00726575
-0.00694764
-0.00658775
-0.00618862
-0.00575279
-0.00528305
-0.00479038
-0.00427021
-0.0037261
-0.0031616
-0.00258016
-0.00199465
-0.00139871
-0.000795677
-0.000189067
0.000417515
0.00101068
0.00159692
0.00217312
0.00273633
0.00328367
0.00380356
0.00430197
0.00477636
0.00522447
0.00564436
0.00602774
0.00637963
0.00669854
0.00698315
0.00723233
0.00744161
0.00761417
0.00774975
0.00784818
0.00790937
0.00793287
0.0079195
0.00786998
0.00778541
0.00766716
0.0075192
0.00734035
0.00713187
0.00689506
0.00663142
0.00634775
0.00604111
0.00571374
0.00536793
0.00500592
0.00463658
0.00425534
0.00386443
0.00346615
0.00306282
0.00266418
0.00226502
0.00186744
0.00147351
0.00108525
0.000711765
0.000347914
-4.43884e-06
-0.000343527
-0.000667682
-0.00096946
-0.00125325
-0.00151769
-0.00176155
-0.00198381
-0.0021797
-0.00235247
-0.00250155
-0.00262642
-0.00272664
-0.00280033
-0.00284887
-0.00287229
-0.00287079
-0.0028447
-0.0027954
-0.00272235
-0.00262609
-0.00250733
-0.00236692
-0.00220921
-0.00203206
-0.00183666
-0.00162421
-0.00139591
-0.0011582
-0.000907279
-0.000644653
-0.000371924
-9.07194e-05
0.000191035
0.000478114
0.000768959
0.00106195
0.00135538
0.0016409
0.00192356
0.0022019
0.00247459
0.00274037
0.00299176
0.0032334
0.00346373
0.00368122
0.00388455
0.00406791
0.00423519
0.00438563
0.00451841
0.00463262
0.00472473
0.00479499
0.0048416
0.00486434
0.00486318
0.00483807
0.00478919
0.00471664
0.0046207
0.00450196
0.0043638
0.0042049
0.00402657
0.00383016
0.00361702
0.00339329
0.00315575
0.00290618
0.00264647
0.00237858
0.00211064
0.00183812
0.00156291
0.00128697
0.00101238
0.000747955
0.000488598
0.000236005
-8.31106e-06
-0.000242954
-0.000460198
-0.000665322
-0.000857015
-0.00103407
-0.00119547
-0.00133534
-0.00145846
-0.00156449
-0.00165318
-0.00172447
-0.00177511
-0.00180882
-0.00182596
-0.001827
-0.00181256
-0.001782
-0.00173772
-0.00168081
-0.00161247
-0.00153396
-0.00144686
-0.00135208
-0.00125086
-0.00114451
-0.00103442
-0.000923494
-0.000811549
-0.000699947
-0.000589935
-0.000482647
-0.000381113
-0.000284093
-0.000192524
-0.000107266
-2.9056e-05
3.96192e-05
0.00010053
0.000153395
0.00019806
0.000234476
0.000261278
0.000280341
0.000291946
0.000296493
0.000294495
0.000285739
0.000271952
0.000253874
0.000232299
0.000208058
0.000181684
0.000154494
0.000127335
0.000101036
7.63952e-05
5.41021e-05
3.49414e-05
1.95054e-05
8.29764e-06
1.72279e-06
0
0
0
0
0
0
0
0
0
0
0
0
0
0
0
0
0
0
0
0
0
0
0
0
0
0
0
-0
-0
-0
-0
-0
-0
-0
-0
-0
-0
-0
-0
-0
-0
-0
-0
-0
-0
-0
-0
-0
-0
-0
-0
-0
-0
-0
-0
-0
-0
-0
-0
-0
-0
-0
-0
-0
-0
-0
-0
-0
0
0
0
0
0
0
0
0
0
0
0
0
0
0
0
0
0
0
0
0
0
0
0
0
0
0
0
0
0
0
0
0
0
0
0
0
0
0
0
0
0
0
0
0
0
0
0
0
0
0
0
-0
-0
-0
-0
-0
-0
-0
-0
-0
-0
-0
-0
-0
-0
-0
-0
-0
-0
-0
-0
-0
-0
-0
-0
-0
-0
-0
-0
-0
-0
-0
-0
-0
-0
-0
-0
-0
-0
-0
0
0
0
0
0
0
0
0
0
0
0
0
0
0
0
0
0
0
0
0
0
0
0
0
0
0
0
0
0
0
0
0
0
0
0
0
0
0
0
0
0
0
0
0
0
0
0
0
0
0
0
0
0
0
0
0
0
-0
-0
-0
-0
-0
-0
-0
-0
-0
-0
-0
-0
-0
-0
-0
-0
-0
-0
-0
-0
-0
-0
-0
-0
-0
-0
-0
-0
-0
-0
-0
0
0
0
0
0
0
0
0
0
0
0
0
0
0
0
0
0
0
0
0
0
0
0
0
0
0
0
0
0
0
0
0
0
0
0
0
0
0
0
0
0
0
0
0
0
0
0
0
0
0
0
0
0
0
0
0
0
0
0
0
0
0
0
0
0
0
0
0
0
0
0
0
0
0
0
0
0
0
0
0
0
0
0
0
0
0
0
0
0
0
0
0
0
0
0
0
0
0
0
0
0
0
0
0
0
0
0
0
0
0
0
0
0
0
0
0
0
0
0
0
0
0
0
0
0
0
0
0
0
0
0
0
0
0
0
0
0
0
