-0
-0
-0
-0
-0
-0
-0
-0
-0
-0
-0
-0
-0
-0
-0
-0
-0
-0
0
0
0
0
0
0
0
0
0
0
0
0
-0
-0
-0
-0
-0
-0
-0
-0
-0
-0
-0
-0
-0
-0
-0
-0
-0
-0
-0
-0
-0
-0
-0
-0
-0
-0
-0
-0
-0
-0
-0
-0
-0
-0
-0
-0
-0
-0
0
0
0
0
0
0
0
0
0
0
0
0
0
0
0
0
0
0
0
0
0
0
0
0
0
0
0
0
0
0
0
0
0
0
0
0
0
0
0
0
0
0
0
0
0
0
0
0
0
0
0
0
0
0
0
0
0
0
-0
-0
-0
-0
-0
-0
-0
-0
-0
-0
-0
-0
-0
-0
-0
-0
-0
-0
-0
-0
-0
-0
-0
-0
-0
-0
-0
-0
-0
-0
-0
-0
-0
-0
-0
-0
-0
-0
-0
-0
-0
-0
-0
-0
-0
-0
-0
-0
-0
-0
-0
-0
-0
-0
-0
-0
-0
0
0
0
0
0
0
0
0
0
0
0
0
0
0
0
0
0
0
1.56106e-05
6.85283e-05
0.000162305
0.000299639
0.000482336
0.000711243
0.000986184
0.00130591
0.00166804
0.00206905
0.00250421
0.0029677
0.00345256
0.00395081
0.00445344
0.00495054
0.0054313
0.00588418
0.00629696
0.00665686
0.00695067
0.00716489
0.00728605
0.00730095
0.00719695
0.00696213
0.00658537
0.00605639
0.00536583
0.0045055
0.00346869
0.0022505
0.000847999
-0.000739691
-0.00251149
-0.00446434
-0.00659303
-0.00889005
-0.0113454
-0.0139467
-0.0166794
-0.0195271
-0.0224717
-0.0254933
-0.02857
-0.0316778
-0.0347911
-0.0378828
-0.0409256
-0.0438916
-0.0467531
-0.0494818
-0.0520491
-0.0544264
-0.0565853
-0.058499
-0.0601426
-0.0614933
-0.0625304
-0.0632352
-0.0635909
-0.0635828
-0.0631994
-0.062432
-0.0612756
-0.0597283
-0.0577915
-0.0554695
-0.05277
-0.0497042
-0.0462871
-0.0425372
-0.0384769
-0.034131
-0.0295275
-0.0246962
-0.019669
-0.0144794
-0.00916238
-0.00375455
0.00170612
0.00718037
0.012628
0.0180089
0.0232833
0.0284131
0.0333615
0.0380935
0.0425755
0.0467754
0.0506801
0.0542812
0.0575605
0.0605028
0.0630949
0.0653261
0.0671872
0.0686709
0.069772
0.0704877
0.0708173
0.0707627
0.0703278
0.0695184
0.0683429
0.0668119
0.0649388
0.0627394
0.060231
0.0574318
0.0543607
0.0510373
0.0474826
0.0437195
0.0397728
0.0356686
0.0314338
0.027095
0.0226786
0.0182103
0.0137159
0.00922159
0.00475334
0.000336875
-0.00400306
-0.00824309
-0.0123613
-0.016337
-0.0201505
-0.0237828
-0.0272156
-0.0304319
-0.0334162
-0.0361555
-0.0386399
-0.0408622
-0.0428176
-0.0445024
-0.0459133
-0.0470471
-0.0479015
-0.0484758
-0.0487732
-0.0488003
-0.0485673
-0.0480858
-0.0473676
-0.0464232
-0.0452629
-0.0438974
-0.0423397
-0.0406058
-0.0387142
-0.0366843
-0.0345357
-0.0322869
-0.0299557
-0.0275601
-0.0251186
-0.0226504
-0.0201746
-0.0177095
-0.0152721
-0.0128784
-0.0105437
-0.00828326
-0.00611194
-0.0040436
-0.00209051
-0.00026288
0.00143102
0.00298441
0.00439162
0.00564781
0.00674909
0.00769261
0.00847664
0.00910044
0.0095643
0.00986969
0.0100197
0.0100192
0.00987509
0.00959544
0.00918903
0.00866468
0.00803107
0.00729721
0.00647289
0.00556902
0.00459749
0.00357066
0.00250087
0.0014003
0.00028117
-0.000843966
-0.00196221
-0.0030607
-0.0041272
-0.00515064
-0.00612116
-0.00702978
-0.00786803
-0.00862775
-0.00930127
-0.00988186
-0.0103639
-0.0107428
-0.0110144
-0.0111746
-0.0112198
-0.0111466
-0.0109537
-0.0106414
-0.0102124
-0.00967057
-0.00902096
-0.00826881
-0.00741978
-0.00648024
-0.00545747
-0.00435968
-0.0031957
-0.00197471
-0.000706273
0.000599406
0.00193116
0.00327681
0.00462361
0.00595885
0.00727043
0.00854697
0.00977741
0.0109505
0.0120545
0.0130775
0.0140074
0.0148332
0.0155444
0.0161317
0.016586
0.0168987
0.0170621
0.0170692
0.0169142
0.0165927
0.0161008
0.0154354
0.0145936
0.0135735
0.0123746
0.0109978
0.00944594
0.00772305
0.00583432
0.00378588
0.00158503
-0.000759609
-0.00323818
-0.00584004
-0.00855425
-0.01137
-0.0142763
-0.0172614
-0.020312
-0.023413
-0.0265478
-0.0296987
-0.0328482
-0.0359791
-0.0390744
-0.0421175
-0.0450916
-0.0479796
-0.0507649
-0.0534305
-0.0559599
-0.0583361
-0.0605419
-0.0625602
-0.0643744
-0.065969
-0.0673304
-0.068447
-0.0693082
-0.0699046
-0.0702273
-0.0702684
-0.0700206
-0.0694781
-0.0686367
-0.0674931
-0.0660454
-0.0642931
-0.0622377
-0.0598824
-0.0572324
-0.0542948
-0.0510773
-0.0475886
-0.0438385
-0.0398383
-0.0356016
-0.0311443
-0.0264843
-0.0216409
-0.0166342
-0.0114849
-0.00621427
-0.000844933
0.00459931
0.0100936
0.0156128
0.0211315
0.0266247
0.032067
0.0374323
0.042694
0.0478244
0.052796
0.0575816
0.0621546
0.06649
0.0705633
0.0743515
0.0778327
0.0809863
0.0837931
0.086235
0.0882948
0.0899559
0.091203
0.0920223
0.0924025
0.092335
0.091814
0.0908363
0.0894008
0.0875083
0.0851617
0.0823663
0.0791295
0.075461
0.0713727
0.066878
0.0619926
0.0567344
0.0511238
0.0451838
0.0389398
0.0324192
0.0256509
0.0186649
0.0114929
0.0041674
-0.00327747
-0.0108069
-0.0183857
-0.0259784
-0.0335498
-0.0410648
-0.0484879
-0.0557839
-0.0629169
-0.0698512
-0.0765512
-0.0829816
-0.089108
-0.0948969
-0.100317
-0.105339
-0.109936
-0.114084
-0.117762
-0.12095
-0.123632
-0.125795
-0.127428
-0.128525
-0.129082
-0.1291
-0.128582
-0.127531
-0.125956
-0.123867
-0.121276
-0.118199
-0.114653
-0.110659
-0.106238
-0.101415
-0.0962162
-0.0906694
-0.0848051
-0.0786544
-0.0722498
-0.0656245
-0.0588127
-0.0518497
-0.0447712
-0.0376136
-0.0304132
-0.0232058
-0.0160269
-0.00891122
-0.00189338
0.00499289
0.0117149
0.0182412
0.0245421
0.0305894
0.0363562
0.0418172
0.0469486
0.0517287
0.0561386
0.0601619
0.0637846
0.0669949
0.0697828
0.0721402
0.0740613
0.0755428
0.0765845
0.0771888
0.0773604
0.0771059
0.0764338
0.0753548
0.0738815
0.0720292
0.0698149
0.0672572
0.0643759
0.0611921
0.0577278
0.0540067
0.0500539
0.0458952
0.0415573
0.0370667
0.03245
0.0277339
0.0229457
0.0181128
0.0132627
0.00842224
0.00361753
-0.00112652
-0.00578594
-0.0103375
-0.0147588
-0.0190282
-0.0231258
-0.0270329
-0.0307327
-0.0342098
-0.0374501
-0.0404412
-0.0431719
-0.0456333
-0.0478181
-0.0497214
-0.0513397
-0.0526712
-0.0537156
-0.0544741
-0.0549499
-0.0551481
-0.0550753
-0.0547395
-0.05415
-0.0533168
-0.052251
-0.0509649
-0.0494722
-0.0477876
-0.0459267
-0.0439057
-0.0417413
-0.0394503
-0.03705
-0.0345578
-0.031991
-0.0293672
-0.0267038
-0.0240182
-0.0213275
-0.0186484
-0.0159971
-0.0133888
-0.0108379
-0.00835779
-0.00596124
-0.0036606
-0.00146759
0.000607009
0.0025537
0.00436448
0.00603273
0.00755293
0.00892036
0.0101311
0.011182
0.0120715
0.0127991
0.0133659
0.0137738
0.0140253
0.0141238
0.0140731
0.0138785
0.0135462
0.0130836
0.0124983
0.0117983
0.0109917
0.0100869
0.00909287
0.00801969
0.00687792
0.00567837
0.00443155
0.0031475
0.00183596
0.000506632
-0.000830542
-0.00216549
-0.00348834
-0.00478974
-0.00606109
-0.00729437
-0.00848198
-0.00961657
-0.0106911
-0.0116993
-0.0126355
-0.0134951
-0.0142743
-0.0149696
-0.0155781
-0.0160974
-0.0165259
-0.016863
-0.0171091
-0.0172654
-0.0173332
-0.0173146
-0.0172114
-0.0170266
-0.0167634
-0.0164259
-0.0160186
-0.0155463
-0.0150139
-0.0144266
-0.0137902
-0.0131112
-0.0123962
-0.0116521
-0.0108854
-0.0101022
-0.00930873
-0.00851112
-0.00771596
-0.00693001
-0.00615987
-0.00541165
-0.00469081
-0.00400234
-0.00335093
-0.00274118
-0.00217751
-0.00166396
-0.00120397
-0.00080031
-0.000455227
-0.000170578
5.21075e-05
0.000211747
0.000307907
0.00034091
0.000311763
0.000221906
7.29887e-05
-0.000133195
-0.000394555
-0.000708454
-0.00107155
-0.00147983
-0.00192882
-0.00241383
-0.00292998
-0.00347219
-0.00403499
-0.00461252
-0.00519869
-0.00578744
-0.00637295
-0.00694967
-0.00751217
-0.00805491
-0.00857224
-0.00905848
-0.00950823
-0.00991653
-0.0102789
-0.0105913
-0.0108498
-0.0110506
-0.0111905
-0.0112667
-0.0112773
-0.0112209
-0.0110968
-0.0109043
-0.0106431
-0.010313
-0.00991457
-0.00944907
-0.00891847
-0.0083253
-0.00767242
-0.00696301
-0.0062007
-0.0053897
-0.00453489
-0.00364164
-0.00271551
-0.00176202
-0.000786691
0.000204794
0.00120628
0.00221104
0.0032119
0.00420166
0.00517338
0.00612068
0.0070376
0.00791842
0.00875745
0.00954896
0.0102872
0.0109667
0.011582
0.0121273
0.0125921
0.0129703
0.013258
0.013452
0.0135505
0.0135527
0.0134585
0.0132684
0.0129836
0.0126059
0.012138
0.0115838
0.0109483
0.0102372
0.00945701
0.0086146
0.00771721
0.00677285
0.00578932
0.00477461
0.00373696
0.0026847
0.00162622
0.000569835
-0.000476166
-0.00150363
-0.00250465
-0.00347173
-0.00439793
-0.00527698
-0.00610324
-0.00687163
-0.00757764
-0.00821724
-0.00878694
-0.00928392
-0.0097061
-0.0100523
-0.010322
-0.0105159
-0.0106349
-0.010681
-0.0106562
-0.0105633
-0.0104056
-0.0101869
-0.00991151
-0.00958445
-0.00921089
-0.00879613
-0.00834545
-0.0078641
-0.00735736
-0.00683062
-0.00628931
-0.00573878
-0.00518418
-0.00463028
-0.00408145
-0.00354168
-0.00301464
-0.00250365
-0.0020117
-0.00154126
-0.00109437
-0.000672519
-0.000276817
9.19864e-05
0.000433478
0.000747545
0.00103451
0.00129514
0.00153058
0.00174233
0.00193198
0.00210124
0.00225187
0.00238569
0.00250461
0.00261055
0.0027054
0.00279099
0.00286896
0.00294078
0.00300759
0.00307036
0.00312978
0.00318628
0.00323998
0.00328814
0.00331954
0.00333253
0.0033268
0.00330228
0.00325898
0.00319702
0.00311663
0.00301819
0.00290228
0.00276971
0.00262149
0.00245877
0.00228278
0.00209474
0.00189599
0.00168794
0.00147226
0.00125112
0.00102589
0.000797906
0.000568413
0.000338678
0.000110013
-0.000116325
-0.000338868
-0.00055634
-0.000767612
-0.000971687
-0.00116778
-0.00135474
-0.0015315
-0.00169696
-0.00185009
-0.00199029
-0.00211674
-0.00222902
-0.00232675
-0.00240952
-0.00247717
-0.0025291
-0.00256513
-0.00258529
-0.00258976
-0.00257906
-0.00255329
-0.00251276
-0.0024579
-0.00238925
-0.00230768
-0.00221381
-0.00210849
-0.00199252
-0.00186672
-0.00173205
-0.00158945
-0.0014401
-0.00128522
-0.00112603
-0.000963513
-0.000798796
-0.000632879
-0.000466832
-0.00030182
-0.00013873
2.09705e-05
0.000176245
0.000326172
0.00046989
0.0006071
0.00073637
0.000856868
0.000967865
0.00106878
0.00115996
0.00124019
0.00130908
0.00136624
0.00141137
0.00144534
0.0014672
0.00147718
0.00147555
0.00146256
0.00143952
0.00140563
0.00136125
0.00130695
0.00124345
0.00117256
0.00109407
0.00100877
0.000917487
0.000821154
0.000721553
0.000619015
0.000514614
0.00040936
0.000304213
0.000200433
9.87934e-05
4.49079e-07
-9.3413e-05
-0.000181674
-0.000263743
-0.000338389
-0.00040483
-0.000462253
-0.000509793
-0.000547788
-0.000574251
-0.000588563
-0.000590265
-0.000578995
-0.0005565
-0.000520369
-0.000470335
-0.000406279
-0.000328281
-0.000239481
-0.000137346
-2.22362e-05
0.000105478
0.000245351
0.000393303
0.000551925
0.000720141
0.00089677
0.00108064
0.00126699
0.00145837
0.00165357
0.00185118
0.00204957
0.00224369
0.00243511
0.00262219
0.00280332
0.00297693
0.00313901
0.00329024
0.00342895
0.00355347
0.00366226
0.00375298
0.00382511
0.00387722
0.00390796
0.00391601
0.00390136
0.00386197
0.00379705
0.003706
0.00358824
0.00344676
0.00327776
0.00308109
0.00285685
0.00260532
0.00233274
0.00203396
0.00170975
0.00136106
0.000989065
0.000602863
0.000196276
-0.000229004
-0.000671147
-0.00112817
-0.00158892
-0.00206002
-0.00253896
-0.00302307
-0.00350963
-0.00398672
-0.00446073
-0.00492875
-0.00538776
-0.00583462
-0.00625804
-0.00666303
-0.00704654
-0.00740561
-0.00773728
-0.00803293
-0.00829542
-0.00852205
-0.00871025
-0.00885763
-0.00895991
-0.00901719
-0.00902764
-0.00898961
-0.00890171
-0.00876517
-0.00857677
-0.00833591
-0.00804224
-0.00769565
-0.00730357
-0.00685929
-0.00636369
-0.00581801
-0.00522379
-0.0045946
-0.00392065
-0.00320424
-0.00244796
-0.00165479
-0.000843345
-1.73819e-06
0.000866361
0.00175708
0.00266631
0.00357237
0.00448807
0.00540868
0.00632939
0.00724529
0.00813422
0.00900852
0.00986319
0.0106932
0.0114934
0.012244
0.0129552
0.0136222
0.0142407
0.0148062
0.0153042
0.015741
0.0161129
0.0164165
0.0166489
0.0168036
0.0168821
0.0168824
0.0168028
0.0166419
0.0164026
0.016081
0.0156772
0.0151919
0.0146258
0.0139912
0.0132788
0.0124909
0.0116304
0.0107003
0.00972202
0.00868162
0.00758322
0.00643137
0.00523114
0.00401058
0.00275285
0.00146385
0.000149588
-0.00118381
-0.00250522
-0.00383298
-0.00516043
-0.00648072
-0.00778706
-0.00904869
-0.0102832
-0.0114842
-0.0126453
-0.0137604
-0.0148031
-0.0157878
-0.016709
-0.0175616
-0.0183407
-0.019028
-0.0196329
-0.0201517
-0.0205812
-0.0209184
-0.0211556
-0.0212966
-0.0213398
-0.0212845
-0.0211301
-0.0208804
-0.0205325
-0.0200877
-0.0195478
-0.0189151
-0.0182046
-0.0174069
-0.0165257
-0.0155651
-0.0145298
-0.0134444
-0.0122947
-0.0110863
-0.00982487
-0.00851674
-0.00719284
-0.00583538
-0.00445116
-0.003047
-0.00162972
-0.000232438
0.00116443
0.00255411
0.00392984
0.0052849
0.00658782
0.00785733
0.00908749
0.0102726
0.0114071
0.0124651
0.0134626
0.0143948
0.0152578
0.0160477
0.0167473
0.0173677
0.0179065
0.0183618
0.0187321
0.0190106
0.0192026
0.0193082
0.0193277
0.0192616
0.0191137
0.0188829
0.0185713
0.0181813
0.0177156
0.0171873
0.0165897
0.0159266
0.015202
0.0144203
0.0136021
0.0127361
0.0118272
0.0108804
0.0099008
0.00891344
0.00790391
0.00687748
0.00583937
0.00479477
0.00376954
0.00274798
0.00173508
0.000735716
-0.000245369
-0.00118444
-0.00209655
-0.00297776
-0.00382434
-0.00463276
-0.0053841
-0.00609093
-0.00675049
-0.00736035
-0.00791836
-0.00841234
-0.00885115
-0.00923361
-0.00955892
-0.00982662
-0.0100322
-0.0101802
-0.0102711
-0.0103056
-0.0102845
-0.0102106
-0.0100839
-0.00990622
-0.00967958
-0.00940632
-0.00909546
-0.00874307
-0.0083519
-0.00792483
-0.00746485
-0.00698527
-0.00647897
-0.00594914
-0.00539906
-0.0048321
-0.00426388
-0.00368564
-0.0031008
-0.00251265
-0.00192443
-0.00135155
-0.000784736
-0.0002269
0.000319177
0.000850861
0.00135496
0.00183992
0.00230357
0.00274385
0.00315883
0.00353884
0.00389029
0.00421194
0.00450286
0.00476234
0.0049855
0.00517633
0.00533462
0.00546033
0.00555364
0.00561433
0.00564355
0.00564202
0.0056106
0.00555034
0.0054652
0.00535386
0.00521793
0.00505914
0.0048793
0.00468547
0.00447429
0.00424766
0.00400756
0.00375608
0.00350185
0.00324057
0.00297441
0.0027055
0.00243597
0.00217431
0.00191611
0.00166332
0.0014178
0.00118132
0.000960675
0.00075226
0.000557552
0.000377957
0.000214795
7.21453e-05
-5.18879e-05
-0.0001565
-0.000241064
-0.0003051
-0.000348112
-0.000369959
-0.000370481
-0.000349664
-0.000307668
-0.000247511
-0.000167057
-6.69951e-05
5.18507e-05
0.000188537
0.000337051
0.000501197
0.000679691
0.000871121
0.00107396
0.00128029
0.0014948
0.00171583
0.00194166
0.00217056
0.00239425
0.0026174
0.00283817
0.00305474
0.00326527
0.00346266
0.00365043
0.00382686
0.00399027
0.00413905
0.00426879
0.00438104
0.00447457
0.0045483
0.0046013
0.00463312
0.00464277
0.00462973
0.00459359
0.00453405
0.00445481
0.00435196
0.0042257
0.0040765
0.00390503
0.00371937
0.00351328
0.00328775
0.00304382
0.00278264
0.00251517
0.00223329
0.00193875
0.00163353
0.00131965
0.00100992
0.000695519
0.000378399
6.0604e-05
-0.000255683
-0.000557936
-0.000854086
-0.0011419
-0.00141926
-0.00168415
-0.00192661
-0.00215267
-0.00236032
-0.00254752
-0.00271237
-0.00284892
-0.00296018
-0.00304519
-0.00310317
-0.00313341
-0.00313559
-0.00310858
-0.0030517
-0.00296451
-0.0028469
-0.00270455
-0.00253268
-0.00233213
-0.00210386
-0.0018488
-0.00157793
-0.00128221
-0.000962836
-0.000621317
-0.000259505
0.000107015
0.000489499
0.000885725
0.00129351
0.00171068
0.00211976
0.00253355
0.00294947
0.00336482
0.00377695
0.0041685
0.00455202
0.00492529
0.00528606
0.00563194
0.00594808
0.00624443
0.0065188
0.0067693
0.00699436
0.00718455
0.00734666
0.00747941
0.00758154
0.00765189
0.00768707
0.00768901
0.00765746
0.0075924
0.00749394
0.00736591
0.00720512
0.00701215
0.00678785
0.00653148
0.00625179
0.00594134
0.00560226
0.00523696
0.00484814
0.00445252
0.00403932
0.00361169
0.00317278
0.00272572
0.00228975
0.00185158
0.00141441
0.00098144
0.000555868
0.000156751
-0.000229616
-0.00060082
-0.000954645
-0.00128902
-0.00158822
-0.00186464
-0.00211676
-0.00234331
-0.00254332
-0.00270627
-0.00284204
-0.00295053
-0.0030319
-0.00308653
-0.00310978
-0.00310799
-0.00308219
-0.00303359
-0.00296353
-0.00287265
-0.00276353
-0.00263796
-0.00249786
-0.00234522
-0.00218461
-0.00201534
-0.00183939
-0.00165876
-0.00147538
-0.00129575
-0.00111672
-0.000939991
-0.000767173
-0.00059976
-0.000444388
-0.000296544
-0.000157301
-2.75705e-05
9.19043e-05
0.000195767
0.000288876
0.000370925
0.000441731
0.000501245
0.000545961
0.000580211
0.000604377
0.000618961
0.000624549
0.000619548
0.000607283
0.000588493
0.000563962
0.000534516
0.000499905
0.000462331
0.000422634
0.000381629
0.000340093
0.000298396
0.000257701
0.00021863
0.000181738
0.000147507
0.000116297
8.84995e-05
6.43577e-05
4.40358e-05
2.76194e-05
1.51221e-05
6.4592e-06
1.48991e-06
0
0
0
0
0
0
0
0
0
0
0
0
0
0
0
0
0
0
0
0
0
0
0
0
-0
-0
-0
-0
-0
-0
-0
-0
-0
-0
-0
-0
-0
-0
-0
-0
-0
-0
-0
-0
-0
-0
-0
-0
-0
-0
-0
-0
-0
-0
-0
-0
-0
-0
-0
-0
0
0
0
0
0
0
0
0
0
0
0
0
0
0
0
0
0
0
0
0
0
0
0
0
0
0
0
0
0
0
0
0
0
0
0
0
0
0
0
0
0
0
0
0
0
0
0
0
0
0
0
0
0
0
0
0
0
0
0
0
0
0
0
0
0
0
0
0
0
0
0
0
0
0
0
0
0
0
0
0
0
0
0
0
0
0
0
0
0
0
0
0
0
0
0
0
0
0
0
0
0
0
0
0
0
0
0
0
0
0
0
0
0
0
0
0
0
0
0
0
0
0
0
0
0
0
0
0
0
0
0
0
0
0
0
0
0
0
0
0
0
