0
0
0
0
0
0
0
0
0
0
0
0
-0
-0
-0
-0
-0
-0
-0
-0
-0
-0
-0
-0
-0
-0
-0
-0
-0
-0
-0
-0
-0
-0
-0
-0
-0
-0
-0
-0
-0
-0
-0
-0
-0
-0
-0
-0
-0
-0
-0
-0
-0
-0
-0
-0
-0
-0
-0
-0
-0
0
0
0
0
0
0
0
0
0
0
0
0
0
0
0
0
0
0
0
0
0
0
0
0
0
0
0
0
0
0
0
0
0
0
0
0
0
0
0
0
0
0
0
0
0
0
0
0
0
0
0
0
0
-0
-0
-0
-0
-0
-0
-0
-0
-0
-0
-0
-0
-0
-0
-0
-0
-0
-0
-0
-0
-0
-0
-0
-0
-0
-0
-0
-0
-0
-0
-0
-0
-0
-0
-0
-0
-0
-0
-0
-0
-0
-0
-0
-0
-0
-0
-0
-0
-0
-0
0
0
0
0
0
0
0
0
0
0
0
0
0
0
0
0
0
0
0
0
0
0
0
0
0
0
0
0
0
0
0
0
0
0
0
0
0
4.42133e-05
0.000180789
0.000399139
0.000687108
0.00103123
0.00141687
0.00182828
0.0022488
0.00266096
0.00304666
0.00338732
0.00366404
0.00385772
0.00394926
0.0039197
0.00375033
0.00342286
0.00291949
0.00222304
0.00131711
0.000186231
-0.00118386
-0.00280598
-0.00469122
-0.00684878
-0.00928585
-0.0120076
-0.0150169
-0.0183147
-0.0218995
-0.025767
-0.0299099
-0.0343174
-0.0389758
-0.0438677
-0.0489734
-0.0542703
-0.0597333
-0.0653342
-0.0710408
-0.0768172
-0.0826234
-0.0884164
-0.0941513
-0.0997825
-0.105263
-0.110546
-0.115582
-0.120319
-0.124706
-0.128689
-0.132216
-0.135237
-0.137704
-0.139573
-0.140801
-0.141346
-0.141174
-0.140249
-0.138543
-0.136033
-0.132701
-0.128534
-0.123526
-0.117674
-0.110985
-0.103474
-0.0951643
-0.0860876
-0.076284
-0.0657993
-0.0546844
-0.0429943
-0.0307883
-0.0181312
-0.00509432
0.00824353
0.0217964
0.0354732
0.0491798
0.0628223
0.0763083
0.0895469
0.102448
0.114919
0.126867
0.138196
0.148816
0.15864
0.16759
0.175659
0.182848
0.189118
0.194434
0.198764
0.20208
0.204357
0.205575
0.205723
0.204793
0.202786
0.199709
0.195576
0.190403
0.184215
0.177039
0.168905
0.159849
0.149914
0.13915
0.127612
0.115367
0.102484
0.0890374
0.0751052
0.0607653
0.046098
0.0311857
0.0161127
0.000965259
-0.0141689
-0.0292012
-0.0440428
-0.0586047
-0.0727989
-0.0865393
-0.0997429
-0.112331
-0.124228
-0.135363
-0.145667
-0.155075
-0.163525
-0.170962
-0.177339
-0.182621
-0.18678
-0.189797
-0.191662
-0.192366
-0.191908
-0.190289
-0.187519
-0.183614
-0.1786
-0.172511
-0.16539
-0.157287
-0.148262
-0.13838
-0.12771
-0.116326
-0.104304
-0.0917251
-0.0786726
-0.0652369
-0.0515139
-0.0376043
-0.0236118
-0.00964012
0.00420929
0.0178383
0.0311521
0.0440587
0.0564677
0.0682901
0.0794385
0.0898277
0.0993762
0.108007
0.11565
0.122242
0.127726
0.132055
0.135191
0.137104
0.137771
0.137175
0.135309
0.132172
0.127771
0.12212
0.115246
0.107183
0.0979735
0.0876694
0.0763291
0.0640177
0.0508066
0.0367738
0.0220036
0.00658689
-0.00937959
-0.0257937
-0.0425494
-0.0595373
-0.0766468
-0.0937661
-0.110784
-0.127588
-0.144069
-0.160117
-0.175624
-0.190485
-0.204598
-0.217862
-0.230184
-0.241477
-0.251662
-0.260665
-0.268422
-0.274877
-0.279978
-0.283684
-0.285959
-0.286778
-0.286124
-0.283988
-0.280373
-0.275288
-0.268752
-0.260796
-0.25146
-0.240795
-0.228865
-0.215743
-0.201508
-0.186248
-0.170056
-0.153031
-0.135276
-0.116901
-0.0980182
-0.0787415
-0.0591877
-0.0394743
-0.0197195
-4.26935e-05
0.0194364
0.0385986
0.0573269
0.0755077
0.0930319
0.109795
0.125696
0.140642
0.154543
0.167316
0.178886
0.189186
0.198158
0.20575
0.211921
0.216636
0.219871
0.22161
0.221851
0.220598
0.21787
0.213692
0.2081
0.201139
0.192864
0.183339
0.17264
0.160848
0.148054
0.134357
0.119858
0.104669
0.0889025
0.0726767
0.0561113
0.0393277
0.0224476
0.00559302
-0.0111142
-0.0275529
-0.0436042
-0.0591523
-0.0740868
-0.088303
-0.101703
-0.114195
-0.125696
-0.136129
-0.145426
-0.153531
-0.160395
-0.16598
-0.17026
-0.173217
-0.174843
-0.175141
-0.174125
-0.17182
-0.16826
-0.16349
-0.157564
-0.150545
-0.142501
-0.133513
-0.123665
-0.113053
-0.101777
-0.0899419
-0.0776576
-0.0650364
-0.0521933
-0.0392452
-0.0263105
-0.0135076
-0.000954124
0.0112346
0.0229458
0.03407
0.0445013
0.0541383
0.0628852
0.0706527
0.0773592
0.0829311
0.0873032
0.0904185
0.0922288
0.0926952
0.0917892
0.0894934
0.0858015
0.0807183
0.0742587
0.0664476
0.0573194
0.0469187
0.0352999
0.0225273
0.00867445
-0.00617679
-0.0219369
-0.0385092
-0.0557902
-0.07367
-0.0920328
-0.110758
-0.129723
-0.1488
-0.167865
-0.186787
-0.20544
-0.223693
-0.24142
-0.258494
-0.274795
-0.290205
-0.304613
-0.317912
-0.330002
-0.340789
-0.350186
-0.358118
-0.364516
-0.369325
-0.372499
-0.374002
-0.37381
-0.371909
-0.368298
-0.362987
-0.355994
-0.34735
-0.337097
-0.325284
-0.311971
-0.29723
-0.281138
-0.263784
-0.245261
-0.225672
-0.20512
-0.18372
-0.161586
-0.138842
-0.115611
-0.0920231
-0.0682063
-0.0442905
-0.0204052
0.00332088
0.02676
0.0497868
0.0722788
0.0941173
0.115188
0.135383
0.154598
0.172737
0.189709
0.205431
0.219829
0.232835
0.244392
0.254448
0.262962
0.269902
0.275245
0.278976
0.281091
0.281595
0.280501
0.27783
0.273613
0.267891
0.260709
0.252123
0.242195
0.230993
0.218591
0.205071
0.190518
0.175023
0.158681
0.141587
0.123839
0.105537
0.0867822
0.0676794
0.0483323
0.0288445
0.00931793
-0.0101477
-0.0294545
-0.0485066
-0.0672105
-0.0854762
-0.103218
-0.120357
-0.136818
-0.152531
-0.167433
-0.181464
-0.19457
-0.206703
-0.217824
-0.227899
-0.236904
-0.244814
-0.251615
-0.257294
-0.261848
-0.26528
-0.267602
-0.268831
-0.268988
-0.268098
-0.26619
-0.263297
-0.259455
-0.254709
-0.249107
-0.2427
-0.235542
-0.227685
-0.219187
-0.210106
-0.200503
-0.19044
-0.17998
-0.169185
-0.158115
-0.146832
-0.135397
-0.123873
-0.11232
-0.100798
-0.0893601
-0.0780569
-0.0669358
-0.0560427
-0.0454227
-0.0351191
-0.025172
-0.0156175
-0.00648687
0.00219259
0.0103963
0.0181022
0.0252906
0.0319456
0.0380557
0.0436134
0.0486149
0.0530584
0.0569439
0.0602731
0.0630503
0.065283
0.0669819
0.0681606
0.0688342
0.0690197
0.0687358
0.0680032
0.066845
0.065286
0.0633517
0.0610672
0.0584574
0.055547
0.0523619
0.048929
0.0452762
0.0414311
0.03742
0.0332676
0.0289977
0.024634
0.0202007
0.015722
0.0112215
0.00672089
0.00223964
-0.00220442
-0.00659431
-0.0109132
-0.0151446
-0.0192728
-0.0232838
-0.0271658
-0.0309087
-0.0345038
-0.0379433
-0.0412207
-0.044331
-0.0472712
-0.0500394
-0.0526342
-0.0550539
-0.0572962
-0.0593585
-0.0612395
-0.0629402
-0.0644634
-0.0658138
-0.0669961
-0.0680145
-0.0688721
-0.069572
-0.0701175
-0.0705127
-0.0707623
-0.0708715
-0.070845
-0.0706881
-0.0704064
-0.0700062
-0.0694945
-0.0688781
-0.0681634
-0.0673558
-0.0664604
-0.0654824
-0.0644279
-0.0633036
-0.0621168
-0.0608746
-0.0595844
-0.0582531
-0.0568879
-0.0554964
-0.0540855
-0.052662
-0.0512316
-0.0497996
-0.0483718
-0.0469546
-0.045555
-0.04418
-0.0428355
-0.0415258
-0.0402538
-0.039022
-0.0378332
-0.0366911
-0.0356002
-0.0345644
-0.0335864
-0.0326677
-0.0318084
-0.031009
-0.0302695
-0.0295904
-0.0289714
-0.0284111
-0.0279075
-0.0274576
-0.0270587
-0.0267079
-0.0264021
-0.0261369
-0.0259067
-0.0257052
-0.0255258
-0.0253631
-0.0252123
-0.0250691
-0.0249284
-0.0247841
-0.0246283
-0.0244532
-0.0242512
-0.0240161
-0.0237426
-0.023426
-0.0230616
-0.0226444
-0.0221703
-0.021636
-0.0210393
-0.020379
-0.0196537
-0.0188616
-0.0180011
-0.017071
-0.0160716
-0.0150051
-0.0138752
-0.0126861
-0.0114417
-0.0101453
-0.00880005
-0.00740977
-0.0059794
-0.0045152
-0.00302446
-0.00151515
4.12478e-06
0.00152409
0.00303466
0.00452511
0.00598459
0.00740272
0.00876996
0.0100775
0.0113166
0.0124785
0.0135529
0.0145235
0.0153788
0.0161096
0.0167082
0.017168
0.0174835
0.0176496
0.0176623
0.0175186
0.017217
0.0167578
0.0161428
0.0153756
0.0144609
0.0134053
0.0122164
0.010904
0.00948454
0.00796659
0.00635703
0.00466293
0.0028918
0.00105153
-0.000849764
-0.00280396
-0.00480301
-0.00683878
-0.00890289
-0.0109866
-0.0130812
-0.015178
-0.0172691
-0.0193475
-0.0214061
-0.0234379
-0.0254351
-0.0273894
-0.0292926
-0.0311371
-0.0329167
-0.0346255
-0.0362579
-0.037807
-0.0392648
-0.0406225
-0.0418711
-0.0430028
-0.0440104
-0.0448877
-0.0456287
-0.0462268
-0.0466751
-0.0469668
-0.0470956
-0.047056
-0.046843
-0.0464518
-0.0458777
-0.0451169
-0.044166
-0.0430235
-0.0416891
-0.0401637
-0.0384484
-0.0365441
-0.0344523
-0.0321758
-0.0297194
-0.0270903
-0.0242967
-0.0213483
-0.0182549
-0.0150272
-0.0116772
-0.00821809
-0.00466468
-0.00103223
0.00266397
0.00640875
0.0101863
0.013979
0.0177672
0.0215296
0.0252449
0.0288935
0.0324586
0.0359253
0.0392794
0.042506
0.0455838
0.0484778
0.0511671
0.053636
0.0558738
0.0578716
0.0596222
0.0611189
0.062355
0.0633262
0.0640295
0.0644666
0.0646426
0.0645651
0.0642435
0.0636861
0.0629029
0.0619104
0.0607497
0.0594391
0.0579921
0.0564224
0.0547433
0.0529673
0.0511066
0.0491732
0.0471797
0.0451394
0.0430664
0.0409745
0.0388782
0.0367909
0.0347246
0.0326898
0.030695
0.0287509
0.0268676
0.0250554
0.0233246
0.0216818
0.0201363
0.0186926
0.0173541
0.0161236
0.015001
0.0139934
0.0131043
0.0123356
0.0116871
0.0111526
0.0107338
0.0104277
0.0102316
0.0101425
0.0101509
0.0102567
0.0104533
0.0107338
0.0110918
0.0115162
0.0120068
0.0125571
0.0131596
0.0138052
0.0144801
0.0151791
0.0158933
0.0166144
0.0173342
0.0180419
0.0187302
0.0193902
0.0200132
0.020592
0.0211216
0.0215948
0.0220057
0.0223482
0.0226162
0.0228105
0.0229202
0.0229417
0.0228723
0.0227103
0.0224659
0.0221276
0.0216963
0.021174
0.0205638
0.0198863
0.0191285
0.0182951
0.0173916
0.0164243
0.0154225
0.0143723
0.0132822
0.0121603
0.0110147
0.00987755
0.00873205
0.00758604
0.00644804
0.00532759
0.00425949
0.003232
0.00225794
0.00134995
0.000519438
-0.000204725
-0.000833456
-0.0013587
-0.00177124
-0.00205992
-0.00220207
-0.00219448
-0.00202539
-0.00168556
-0.00116847
-0.000473619
0.000406745
0.00147652
0.00274005
0.00420173
0.00584386
0.00769054
0.00974324
0.0120022
0.0144663
0.017092
0.0199144
0.0229257
0.026116
0.0294748
0.032933
0.0365398
0.0402858
0.0441602
0.0481496
0.0521642
0.0562568
0.0604057
0.0645883
0.0687821
0.0728854
0.0769549
0.0809668
0.0848962
0.0887173
0.092329
0.0957812
0.099049
0.102108
0.104934
0.107445
0.109675
0.111602
0.113205
0.114464
0.115327
0.115807
0.115885
0.115546
0.114774
0.11357
0.111912
0.109795
0.107214
0.104167
0.100711
0.09679
0.0924059
0.087565
0.0822762
0.0766601
0.070625
0.0641905
0.0573786
0.0502136
0.042873
0.0352338
0.0273265
0.0191844
0.0108431
0.00252117
-0.00592318
-0.0144493
-0.0230147
-0.0315748
-0.0398927
-0.0481109
-0.0561806
-0.0640525
-0.071678
-0.0788348
-0.0856502
-0.0920775
-0.0980705
-0.103583
-0.108441
-0.112731
-0.116413
-0.119448
-0.121799
-0.12337
-0.124193
-0.124242
-0.123495
-0.121936
-0.119575
-0.116376
-0.11233
-0.107433
-0.101684
-0.0952116
-0.0879064
-0.0797867
-0.0708748
-0.0611965
-0.0509927
-0.0400847
-0.0285109
-0.0163157
-0.00354917
0.00945084
0.0229132
0.0367801
0.0509911
0.0654821
0.0798592
0.0943768
0.108961
0.123536
0.138027
0.152032
0.165801
0.179259
0.19233
0.204939
0.216728
0.227908
0.238408
0.248162
0.257103
0.264974
0.271913
0.277867
0.282789
0.286637
0.2893
0.29082
0.291172
0.290334
0.288293
0.285103
0.280702
0.275099
0.268309
0.260352
0.251454
0.24145
0.230383
0.218299
0.205252
0.191611
0.177131
0.16188
0.145935
0.129378
0.112682
0.0955481
0.0780673
0.0603335
0.0424437
0.0249063
0.00741306
-0.00993511
-0.0270379
-0.0437966
-0.0597411
-0.0751519
-0.0899371
-0.104006
-0.117271
-0.129364
-0.140496
-0.150599
-0.159614
-0.167484
-0.174005
-0.179288
-0.183298
-0.186004
-0.187389
-0.187439
-0.186157
-0.183551
-0.179636
-0.174436
-0.168125
-0.160599
-0.151906
-0.1421
-0.131245
-0.119679
-0.107208
-0.093912
-0.0798801
-0.0652049
-0.0503322
-0.0350101
-0.0193381
-0.00341789
0.012646
0.028376
0.0440364
0.0595216
0.0747287
0.0895587
0.103585
0.117051
0.129869
0.141959
0.153241
0.163404
0.172621
0.180831
0.187983
0.194031
0.198832
0.202468
0.204925
0.206198
0.20629
0.205246
0.203046
0.199715
0.195281
0.189787
0.183451
0.176161
0.167981
0.15898
0.149234
0.139089
0.128359
0.117132
0.1055
0.0935601
0.0817284
0.0697871
0.0578359
0.0459749
0.0343044
0.0232265
0.0125313
0.00230867
-0.00735487
-0.0163763
-0.0244428
-0.0317124
-0.0381152
-0.0435885
-0.0480779
-0.0514215
-0.0537
-0.0548852
-0.054955
-0.0538939
-0.0517186
-0.048405
-0.0439628
-0.0384113
-0.0317788
-0.0242668
-0.0157534
-0.00628985
0.00406514
0.0152455
0.0268986
0.0392285
0.0521542
0.0655894
0.0794425
0.093268
0.107315
0.121481
0.135665
0.149764
0.163322
0.176598
0.189495
0.201916
0.213764
0.224643
0.234767
0.244055
0.252432
0.25983
0.26599
0.271053
0.27497
0.2777
0.279212
0.279428
0.278385
0.276071
0.272488
0.267644
0.261664
0.254469
0.246097
0.23659
0.226001
0.214634
0.202303
0.189078
0.175034
0.160254
0.145176
0.129536
0.113426
0.0969409
0.0801786
0.0636411
0.047024
0.0304256
0.0139441
-0.00232229
-0.0178863
-0.033041
-0.047693
-0.0617523
-0.0751348
-0.0874481
-0.0989367
-0.109535
-0.119182
-0.127819
-0.135203
-0.141481
-0.146619
-0.150589
-0.153374
-0.15492
-0.155264
-0.154405
-0.152355
-0.14913
-0.144869
-0.139496
-0.133056
-0.125596
-0.117174
-0.108092
-0.0981729
-0.0874866
-0.0761056
-0.0641053
-0.051895
-0.039222
-0.0261693
-0.0128241
0.000722031
0.0140113
0.0273178
0.0405535
0.0536337
0.0664767
0.0786648
0.0904598
0.101788
0.112577
0.122761
0.132018
0.14055
0.148306
0.155238
0.161305
0.166334
0.170441
0.173606
0.17582
0.177074
0.177364
0.176694
0.175069
0.172509
0.169039
0.164826
0.159779
0.153942
0.14736
0.140081
0.132395
0.12412
0.115317
0.106051
0.0963911
0.0867091
0.0767725
0.0666526
0.0564235
0.0461614
0.0362558
0.026466
0.01686
0.00750103
-0.00155049
-0.00996417
-0.0179534
-0.0254598
-0.0324268
-0.0388015
-0.0443529
-0.0492273
-0.0533926
-0.0568223
-0.0594939
-0.0613214
-0.0623595
-0.0625999
-0.0620395
-0.0606798
-0.0585869
-0.0557126
-0.0520746
-0.047698
-0.042615
-0.0370413
-0.0308406
-0.0240557
-0.0167301
-0.00890805
-0.000903225
0.00750185
0.016253
0.0252914
0.0345553
0.0436665
0.0528781
0.0621281
0.0713542
0.0804942
0.089171
0.0976418
0.105851
0.113745
0.121273
0.128117
0.134501
0.140382
0.14572
0.150479
0.154443
0.157769
0.160431
0.162407
0.16368
0.164161
0.163918
0.162949
0.16126
0.15886
0.155807
0.152073
0.14768
0.14265
0.137007
0.130935
0.124308
0.117157
0.109519
0.101406
0.0930779
0.0843577
0.0753104
0.0660011
0.056494
0.0471409
0.0377131
0.0282745
0.0188906
0.00962787
0.000844134
-0.00769794
-0.0159436
-0.023843
-0.031351
-0.0381691
-0.0445246
-0.0503869
-0.0557303
-0.0605342
-0.0645897
-0.0680859
-0.0710182
-0.0733874
-0.0751995
-0.0763497
-0.0769748
-0.0770944
-0.0767304
-0.0759068
-0.0746088
-0.0729104
-0.0708459
-0.0684523
-0.0657681
-0.0628498
-0.0597138
-0.0563951
-0.0529285
-0.0493496
-0.0457526
-0.0421112
-0.0384593
-0.0348281
-0.0312457
-0.0278136
-0.0244746
-0.0212514
-0.0181649
-0.015233
-0.0125446
-0.0100283
-0.00769115
-0.00553813
-0.00357318
-0.00186155
-0.000335524
0.00100569
0.00216558
0.00315021
0.0039228
0.00454304
0.00502028
0.00536411
0.00558455
0.00566469
0.0056481
0.00554652
0.00537178
0.00513539
0.00483417
0.00449559
0.0041293
0.00374452
0.00335004
0.00294852
0.00255465
0.00217494
0.001815
0.00147961
0.00117144
0.000895751
0.00065502
0.00045105
0.000284973
0.000157185
6.7709e-05
1.57685e-05
0
0
0
0
0
0
0
0
0
0
0
0
0
0
0
0
0
0
0
0
0
0
0
0
0
0
0
0
0
0
-0
-0
-0
-0
-0
-0
-0
-0
-0
-0
-0
-0
-0
-0
-0
-0
-0
-0
-0
-0
-0
-0
-0
-0
-0
-0
-0
-0
-0
-0
-0
-0
-0
-0
-0
-0
-0
-0
-0
-0
-0
-0
-0
-0
-0
-0
-0
-0
-0
-0
0
0
0
0
0
0
0
0
0
0
0
0
0
0
0
0
0
0
0
0
0
0
0
0
0
0
0
0
0
0
0
0
0
0
0
0
0
0
0
0
0
0
0
0
-0
-0
-0
-0
-0
-0
-0
-0
-0
-0
-0
-0
-0
-0
-0
-0
-0
-0
-0
-0
-0
-0
-0
-0
-0
-0
-0
-0
-0
-0
-0
-0
-0
-0
-0
-0
-0
-0
-0
-0
-0
-0
-0
-0
-0
-0
-0
-0
-0
-0
-0
-0
-0
-0
-0
-0
-0
-0
-0
-0
-0
-0
-0
-0
-0
-0
-0
-0
-0
-0
-0
-0
0
0
-0
-0
-0
