0
0
0
0
0
0
0
0
0
0
0
0
0
0
0
0
0
0
0
0
0
0
0
0
0
0
0
0
0
0
0
0
0
0
0
0
0
0
0
0
0
0
0
0
0
0
0
0
0
0
0
0
0
0
0
0
0
0
0
0
0
0
0
0
0
0
0
0
0
0
0
0
0
0
0
0
0
0
0
0
0
0
0
0
0
0
0
0
0
0
0
0
0
0
0
0
0
0
0
0
0
0
0
0
0
0
0
0
0
0
0
0
0
0
0
0
0
0
0
0
0
0
0
0
0
0
0
0
0
0
0
0
0
0
0
0
0
0
0
0
0
0
0
0
0
0
0
0
0
0
0
0
0
0
0
0
0
0
0
0
0
0
0
0
0
0
0
0
0
0
0
0
0
0
0
0
0
0
0
0
0
0
0
0
0
0
0
0
0
0
0
0
0
0
0
0
0
0
0
0
0
-3.36595e-06
-1.42032e-05
-3.23869e-05
-5.76406e-05
-8.95444e-05
-0.000127535
-0.000170909
-0.000218816
-0.000270267
-0.000324127
-0.00037913
-0.00043388
-0.000486867
-0.000536467
-0.00058095
-0.000618489
-0.000647177
-0.000665069
-0.000670204
-0.000660632
-0.000634407
-0.000589582
-0.000524212
-0.000436396
-0.000324342
-0.00018644
-2.13039e-05
0.000172235
0.000395168
0.000648336
0.000932414
0.00124782
0.00159463
0.00197245
0.00238045
0.00281741
0.00328181
0.00377187
0.00428557
0.0048205
0.00537379
0.00594204
0.00652138
0.00710759
0.00769618
0.00828252
0.0088618
0.00942901
0.00997884
0.0105058
0.0110041
0.0114681
0.0118922
0.012271
0.0125992
0.0128719
0.0130841
0.0132311
0.0133085
0.0133123
0.0132391
0.0130858
0.0128503
0.0125306
0.0121255
0.0116343
0.0110569
0.0103941
0.00964768
0.00882006
0.00791455
0.00693501
0.00588591
0.00477228
0.0035998
0.00237483
0.00110439
-0.000204053
-0.0015427
-0.00290354
-0.00427839
-0.00565869
-0.00703548
-0.00839938
-0.00974077
-0.0110502
-0.0123186
-0.0135374
-0.0146988
-0.0157951
-0.0168243
-0.0177845
-0.01867
-0.0194751
-0.0201949
-0.0208254
-0.0213631
-0.0218053
-0.0221494
-0.0223929
-0.0225338
-0.02257
-0.0225001
-0.0223235
-0.0220399
-0.0216497
-0.021154
-0.0205543
-0.0198525
-0.0190515
-0.0181545
-0.0171652
-0.016088
-0.0149274
-0.0136885
-0.012377
-0.010999
-0.00956094
-0.00806973
-0.00653227
-0.00495557
-0.00334677
-0.00171325
-6.26787e-05
0.00159701
0.00325779
0.00491171
0.00655103
0.00816817
0.00975568
0.011306
0.0128116
0.0142651
0.0156593
0.0169876
0.0182444
0.019424
0.0205216
0.021532
0.0224504
0.0232719
0.0239924
0.0246084
0.0251176
0.0255181
0.0258089
0.0259892
0.0260583
0.0260159
0.0258623
0.0255984
0.0252262
0.0247481
0.0241671
0.0234867
0.0227104
0.0218421
0.0208863
0.0198477
0.0187317
0.0175442
0.0162915
0.01498
0.0136161
0.0122065
0.010758
0.00927754
0.00777258
0.0062506
0.00471918
0.00318582
0.00165784
0.000142353
-0.00135364
-0.00282321
-0.00425943
-0.00565545
-0.00700461
-0.00830061
-0.00953765
-0.0107105
-0.0118143
-0.0128448
-0.0137979
-0.0146698
-0.0154569
-0.0161562
-0.0167652
-0.0172818
-0.0177048
-0.0180335
-0.0182675
-0.0184071
-0.0184528
-0.0184053
-0.018266
-0.0180365
-0.0177189
-0.0173161
-0.0168313
-0.0162684
-0.0156315
-0.0149254
-0.0141549
-0.0133251
-0.0124413
-0.011509
-0.0105341
-0.00952255
-0.00848062
-0.0074146
-0.00633089
-0.00523588
-0.004136
-0.00303758
-0.00194686
-0.000869869
0.000187622
0.00122014
0.00222246
0.00318957
0.00411664
0.00499903
0.0058324
0.00661285
0.00733699
0.00800205
0.0086058
0.00914651
0.00962294
0.0100343
0.0103801
0.0106603
0.0108753
0.0110259
0.0111132
0.0111388
0.0111047
0.0110138
0.0108694
0.0106752
0.0104353
0.0101541
0.00983579
0.00948489
0.00910597
0.00870381
0.0082834
0.00784999
0.00740894
0.00696573
0.00652587
0.00609478
0.00567774
0.00527973
0.0049054
0.00455903
0.00424454
0.00396565
0.00372591
0.00352877
0.00337747
0.0032749
0.00322347
0.00322501
0.00328076
0.00339134
0.00355688
0.00377698
0.00405071
0.00437667
0.00475292
0.00517706
0.00564622
0.00615709
0.00670586
0.00728825
0.00789954
0.00853461
0.00918806
0.0098543
0.0105276
0.0112021
0.0118717
0.0125302
0.0131711
0.013788
0.0143741
0.0149229
0.0154275
0.0158813
0.0162778
0.0166107
0.0168742
0.0170629
0.0171722
0.0171976
0.0171354
0.0169818
0.0167338
0.0163887
0.0159447
0.0154003
0.014755
0.0140088
0.0131624
0.0122174
0.0111763
0.0100424
0.00881957
0.00751258
0.00612657
0.00466717
0.00314056
0.00155346
-8.67114e-05
-0.00177194
-0.00349362
-0.00524265
-0.00700947
-0.00878409
-0.0105562
-0.0123151
-0.0140502
-0.0157509
-0.0174067
-0.0190076
-0.0205434
-0.0220041
-0.0233794
-0.0246595
-0.0258344
-0.026895
-0.0278326
-0.0286395
-0.0293083
-0.0298327
-0.0302067
-0.0304252
-0.0304842
-0.0303802
-0.030111
-0.029675
-0.0290714
-0.0283002
-0.0273624
-0.0262597
-0.0249951
-0.0235728
-0.0219977
-0.020276
-0.0184146
-0.0164216
-0.014306
-0.0120774
-0.00974644
-0.00732393
-0.00482123
-0.00225005
0.000377468
0.00304864
0.00575024
0.00846853
0.0111893
0.0138982
0.0165805
0.0192213
0.0218058
0.0243193
0.0267473
0.0290759
0.0312916
0.0333819
0.035335
0.0371397
0.0387859
0.0402644
0.0415669
0.0426865
0.0436172
0.044354
0.0448933
0.0452322
0.0453693
0.0453037
0.0450361
0.0445678
0.0439016
0.043041
0.0419908
0.0407568
0.0393458
0.0377655
0.0360246
0.0341322
0.0320985
0.0299341
0.0276507
0.0252605
0.0227765
0.0202118
0.0175801
0.0148952
0.0121712
0.00942223
0.00666269
0.00390689
0.00116907
-0.00153677
-0.00419689
-0.00679785
-0.00932657
-0.0117704
-0.0141173
-0.0163558
-0.0184756
-0.0204667
-0.0223201
-0.0240274
-0.0255809
-0.0269737
-0.0282002
-0.0292555
-0.030136
-0.030839
-0.0313628
-0.0317064
-0.0318699
-0.0318545
-0.0316625
-0.0312971
-0.0307624
-0.0300634
-0.0292055
-0.0281952
-0.0270396
-0.0257469
-0.0243261
-0.0227866
-0.0211383
-0.0193913
-0.017556
-0.0156431
-0.0136641
-0.0116304
-0.00955412
-0.00744704
-0.00532095
-0.0031874
-0.00105777
0.00105668
0.00314484
0.00519581
0.00719903
0.00914437
0.0110222
0.0128234
0.0145393
0.016162
0.0176842
0.0190993
0.0204016
0.0215858
0.0226476
0.0235831
0.0243892
0.0250636
0.0256047
0.0260121
0.0262858
0.0264267
0.0264361
0.0263163
0.0260701
0.025701
0.0252134
0.0246122
0.0239027
0.0230908
0.0221824
0.0211841
0.0201031
0.0189466
0.0177224
0.0164385
0.0151029
0.0137238
0.0123093
0.0108679
0.00940789
0.00793766
0.00646535
0.00499881
0.00354563
0.00211316
0.00070863
-0.000660925
-0.0019887
-0.00326826
-0.00449361
-0.00565925
-0.00676016
-0.00779179
-0.00875003
-0.00963126
-0.0104324
-0.0111508
-0.0117843
-0.0123313
-0.0127904
-0.0131608
-0.0134423
-0.0136352
-0.0137402
-0.0137589
-0.013693
-0.0135444
-0.0133157
-0.0130096
-0.012629
-0.0121777
-0.0116593
-0.0110783
-0.0104389
-0.00974577
-0.00900383
-0.008218
-0.00739341
-0.00653525
-0.00564873
-0.0047391
-0.00381164
-0.00287165
-0.00192446
-0.000975338
-2.9461e-05
0.000908179
0.00183278
0.00273969
0.00362442
0.00448262
0.00531012
0.00610304
0.00685782
0.00757123
0.00824034
0.00886246
0.00943512
0.00995611
0.0104235
0.0108357
0.0111917
0.0114905
0.0117315
0.0119147
0.01204
0.0121078
0.0121188
0.0120741
0.011975
0.011823
0.0116197
0.0113669
0.0110666
0.0107213
0.0103334
0.00990586
0.00944156
0.00894353
0.00841487
0.00785872
0.00727833
0.00667711
0.00605855
0.00542618
0.00478352
0.00413401
0.00348102
0.00282784
0.0021777
0.00153378
0.000899193
0.000276963
-0.000329996
-0.000918909
-0.00148715
-0.00203227
-0.00255196
-0.0030441
-0.00350671
-0.00393798
-0.00433628
-0.00470018
-0.00502848
-0.00532024
-0.00557471
-0.00579138
-0.00596991
-0.00611018
-0.00621225
-0.00627643
-0.00630322
-0.00629329
-0.00624742
-0.00616647
-0.00605141
-0.0059033
-0.00572343
-0.00551324
-0.00527439
-0.00500864
-0.00471784
-0.00440389
-0.00406871
-0.00371434
-0.00334286
-0.00295643
-0.00255723
-0.00214743
-0.00172915
-0.00130453
-0.000875741
-0.00044499
-1.44973e-05
0.000413561
0.000837104
0.00125416
0.00166285
0.00206133
0.00244781
0.00282057
0.00317799
0.00351864
0.00384129
0.00414483
0.00442821
0.00469042
0.00493042
0.00514729
0.00534021
0.00550858
0.00565199
0.00577018
0.00586297
0.00593029
0.00597169
0.00598459
0.00596886
0.00592507
0.00585399
0.00575652
0.00563364
0.00548648
0.0053163
0.00512457
0.00491293
0.0046832
0.00443725
0.00417703
0.00390452
0.00362174
0.00333078
0.00303361
0.00273099
0.00242518
0.0021188
0.00181433
0.00151419
0.00122073
0.000936211
0.00066281
0.000402556
0.000157281
-7.14054e-05
-0.000282116
-0.000473666
-0.000645054
-0.000795468
-0.00092431
-0.00103122
-0.00111611
-0.00117915
-0.00122074
-0.0012415
-0.00124223
-0.00122389
-0.00118764
-0.00113479
-0.00106685
-0.000985427
-0.000892266
-0.000789174
-0.000678016
-0.000560701
-0.000439168
-0.000315372
-0.000191265
-6.87735e-05
5.02244e-05
0.000163916
0.000270578
0.0003686
0.000456509
0.000532985
0.000596866
0.000647141
0.000682955
0.000703623
0.000708653
0.00069778
0.000670948
0.000628319
0.000570224
0.000497141
0.000409704
0.000308679
0.000195035
6.99438e-05
-6.52527e-05
-0.000209069
-0.000360025
-0.000516574
-0.000677123
-0.000839986
-0.00100333
-0.00116534
-0.00132415
-0.00147795
-0.00162508
-0.00176392
-0.00189308
-0.00201118
-0.00211693
-0.00220913
-0.00228666
-0.00234894
-0.00239637
-0.00242846
-0.00244469
-0.00244461
-0.00242802
-0.00239489
-0.00234539
-0.00227982
-0.00219856
-0.00210205
-0.00199079
-0.00186535
-0.0017265
-0.00157518
-0.00141238
-0.00123921
-0.00105687
-0.000866824
-0.000670119
-0.000467524
-0.000260038
-4.87437e-05
0.000165245
0.00038062
0.000596568
0.000812104
0.00102625
0.00123802
0.00144605
0.00164963
0.00184771
0.00203927
0.00222332
0.00239853
0.00256442
0.00272015
0.00286493
0.002998
0.0031182
0.0032253
0.00331866
0.00339773
0.003462
0.00351062
0.00354369
0.00356094
0.00356219
0.00354735
0.00351614
0.00346893
0.00340588
0.00332712
0.00323281
0.00312308
0.00299831
0.00285897
0.00270566
0.00253915
0.00236047
0.00217017
0.00196898
0.00175768
0.00153708
0.0013088
0.00107316
0.000831197
0.000583962
0.000332472
7.89149e-05
-0.000176819
-0.000433614
-0.000690316
-0.000945789
-0.00119732
-0.0014455
-0.00168926
-0.00192747
-0.00215889
-0.00238027
-0.00259232
-0.00279391
-0.0029841
-0.00316203
-0.00332484
-0.00347378
-0.00360797
-0.00372652
-0.00382853
-0.00391133
-0.00397603
-0.00402196
-0.0040485
-0.00405516
-0.00404025
-0.00400485
-0.00394878
-0.00387184
-0.00377377
-0.00365398
-0.00351249
-0.00334922
-0.00316433
-0.00295816
-0.00273221
-0.0024858
-0.00221924
-0.00193286
-0.00162711
-0.00130536
-0.000965746
-0.000609266
-0.000236913
0.000150344
0.000547123
0.000956715
0.00137781
0.00180892
0.00224845
0.00268896
0.0031348
0.00358443
0.00403614
0.00448794
0.00493081
0.00536927
0.00580112
0.00622431
0.00663692
0.00703007
0.00740871
0.00777056
0.00811318
0.00843404
0.00872464
0.00898879
0.00922434
0.00942917
0.00960123
0.00973449
0.00983103
0.00988906
0.00990685
0.00988275
0.00981438
0.00970107
0.00954157
0.00933496
0.00908058
0.00878138
0.0084337
0.00803731
0.00759208
0.0070981
0.00656375
0.00598195
0.00535392
0.00468116
0.00396538
0.00322087
0.00243745
0.00161762
0.000764267
-0.000119451
-0.00101423
-0.00193247
-0.00287037
-0.00382384
-0.00478838
-0.00574131
-0.00669556
-0.00764614
-0.0085881
-0.00951643
-0.0104084
-0.0112762
-0.0121143
-0.012917
-0.0136787
-0.0143792
-0.015028
-0.0156202
-0.0161507
-0.0166146
-0.0169978
-0.0173051
-0.0175323
-0.0176757
-0.0177319
-0.0176963
-0.0175673
-0.0173424
-0.0170199
-0.0165984
-0.0160851
-0.0154723
-0.0147602
-0.0139492
-0.0130405
-0.012053
-0.0109716
-0.00979948
-0.00854057
-0.00719923
-0.00580622
-0.0043407
-0.00280824
-0.00121502
0.000432207
0.00209399
0.00379489
0.00552699
0.00728202
0.00905137
0.0107913
0.0125276
0.0142508
0.0159515
0.0176204
0.019215
0.0207589
0.0222426
0.0236567
0.024992
0.0262131
0.027338
0.0283587
0.0292677
0.0300579
0.0307067
0.0312237
0.0316034
0.0318407
0.0319314
0.0318702
0.0316561
0.0312872
0.0307622
0.0300807
0.0292567
0.028278
0.0271468
0.0258659
0.0244394
0.0229002
0.0212257
0.0194221
0.0174966
0.0154569
0.0133519
0.0111502
0.00886133
0.00649586
0.00406479
0.0016279
-0.000851268
-0.00336058
-0.00588752
-0.00841927
-0.0108926
-0.0133448
-0.0157628
-0.0181339
-0.0204452
-0.0226388
-0.024748
-0.0267609
-0.0286657
-0.0304515
-0.0320728
-0.0335549
-0.0348887
-0.0360658
-0.0370788
-0.0379012
-0.0385469
-0.0390109
-0.0392895
-0.0393794
-0.0392775
-0.0389836
-0.0384978
-0.0378211
-0.0369558
-0.0359228
-0.0347084
-0.0333178
-0.0317567
-0.0300319
-0.0281857
-0.0261922
-0.024061
-0.0218024
-0.0194272
-0.0169939
-0.0144676
-0.0118611
-0.00918774
-0.0064611
-0.00374832
-0.00100997
0.00174007
0.00448768
0.00721854
0.00986548
0.0124672
0.0150103
0.0174817
0.0198693
0.022116
0.0242563
0.0262797
0.0281761
0.0299364
0.0315191
0.0329497
0.0342218
0.0353295
0.0362679
0.0370163
0.0375884
0.0379822
0.0381972
0.0382337
0.0380941
0.037779
0.0372914
0.036635
0.0358147
0.0348544
0.0337429
0.0324876
0.0310966
0.0295782
0.0279727
0.0262584
0.0244457
0.0225452
0.0205682
0.0185655
0.0165093
0.0144112
0.0122831
0.0101368
0.0080257
0.00591937
0.00382872
0.0017645
-0.000262742
-0.00220404
-0.00408804
-0.00590524
-0.0076468
-0.00930467
-0.010841
-0.0122799
-0.0136156
-0.0148431
-0.0159577
-0.0169362
-0.0177948
-0.0185312
-0.0191436
-0.0196315
-0.0199879
-0.0202207
-0.0203316
-0.0203233
-0.0201987
-0.0199667
-0.0196264
-0.0191826
-0.0186406
-0.0180061
-0.0173002
-0.0165148
-0.0156568
-0.0147334
-0.0137519
-0.0127406
-0.0116868
-0.0105984
-0.00948349
-0.00834973
-0.00722718
-0.00610078
-0.00497766
-0.00386476
-0.00276874
-0.00171632
-0.000693015
0.000295547
0.00124398
0.00214714
0.00298492
0.00376845
0.00449422
0.00515941
0.00576181
0.0062913
0.00675491
0.00715163
0.00748091
0.00774283
0.00793705
0.00806602
0.0081316
0.00813605
0.00808197
0.00797753
0.00782068
0.00761497
0.00736423
0.00707247
0.00675335
0.00640149
0.00602135
0.00561772
0.00519575
0.0047718
0.00433995
0.00390514
0.00347199
0.00304494
0.00263807
0.00224581
0.0018723
0.00152149
0.00119709
0.000908502
0.000652878
0.000433126
0.000251872
0.000111334
1.37501e-05
-4.03706e-05
-5.04323e-05
-1.61295e-05
6.27064e-05
0.000180732
0.000343141
0.000549269
0.000797855
0.00108708
0.00140402
0.00175705
0.00214375
0.00256152
0.00300742
0.00346372
0.00394115
0.00443583
0.00494386
0.00546139
0.00596898
0.00647844
0.00698569
0.00748641
0.00797623
0.00843678
0.00887837
0.00929744
0.00969059
0.0100545
0.0103757
0.0106612
0.0109081
0.0111139
0.0112765
0.0113903
0.0114574
0.0114762
0.0114456
0.0113645
0.0112362
0.0110571
0.0108275
0.0105481
0.0102197
0.00985425
0.00944192
0.00898412
0.00848266
0.00793965
0.00737507
0.00677395
0.00613913
0.00547371
0.00478093
0.00408616
0.00337069
0.00263798
0.00189175
0.00113603
0.000398885
-0.000338982
-0.00107324
-0.00179981
-0.00251489
-0.00319257
-0.00385156
-0.0044881
-0.00509831
-0.00567834
-0.00620675
-0.00669829
-0.00715017
-0.0075598
-0.00792456
-0.00823094
-0.0084875
-0.00869221
-0.00884353
-0.00894036
-0.00897949
-0.00896259
-0.008889
-0.00875818
-0.00856994
-0.00833132
-0.00803646
-0.00768666
-0.00728351
-0.00682865
-0.00633896
-0.00580104
-0.0052169
-0.00458893
-0.00391995
-0.0032351
-0.00251601
-0.00176645
-0.000990215
-0.000191049
0.000601527
0.00141006
0.0022311
0.00306087
0.00389515
0.00470246
0.005505
0.00629832
0.00707847
0.00784202
0.00856133
0.00925776
0.00992786
0.0105678
0.0111738
0.011723
0.0122318
0.0126979
0.0131195
0.0134947
0.0138101
0.0140753
0.0142886
0.0144486
0.0145548
0.0146041
0.0145992
0.0145404
0.0144279
0.0142623
0.0140507
0.0137882
0.0134766
0.0131178
0.0127139
0.0122814
0.0118082
0.0112966
0.010749
0.0101654
0.00956649
0.00893565
0.0082772
0.00759578
0.00689636
0.00620772
0.00551096
0.00481078
0.00411157
0.00341754
0.00275636
0.00210838
0.0014778
0.000868725
0.000284901
-0.000250156
-0.000754549
-0.00122606
-0.00166269
-0.00206263
-0.00240936
-0.00271704
-0.00298493
-0.00321273
-0.00340051
-0.00354002
-0.00364071
-0.00370341
-0.00372926
-0.00371979
-0.00367443
-0.00359781
-0.00349224
-0.00336018
-0.00320427
-0.00302985
-0.00283712
-0.00262903
-0.00240845
-0.00217818
-0.00194654
-0.00170999
-0.00147099
-0.00123202
-0.000995519
-0.000770789
-0.000552433
-0.000342337
-0.000142164
4.66322e-05
0.000216082
0.000372385
0.000514621
0.000642066
0.000754224
0.000845475
0.000921753
0.000983257
0.00103036
0.00106358
0.00107988
0.00108408
0.00107694
0.00105932
0.00103216
0.000994501
0.000949805
0.000899187
0.000843748
0.000784561
0.000721809
0.000657557
0.000592788
0.000528445
0.000465402
0.000404229
0.000345897
0.000291002
0.000240056
0.000193493
0.000151667
0.000114833
8.31546e-05
5.67077e-05
3.54819e-05
1.94015e-05
8.28426e-06
1.91224e-06
0
0
0
0
0
0
0
0
0
0
0
0
0
0
0
0
0
0
0
0
0
0
0
0
0
0
0
0
0
0
0
0
0
0
0
0
0
0
0
0
0
0
0
0
0
0
0
0
0
0
0
0
0
0
0
0
0
0
0
0
0
0
0
0
0
0
0
0
0
0
0
0
0
0
0
0
0
0
0
0
0
0
0
0
0
0
0
0
0
0
0
0
0
0
0
0
0
0
0
0
0
0
0
0
0
0
0
0
0
0
0
0
0
0
0
0
0
0
0
0
0
0
0
0
0
0
0
0
0
0
0
0
0
0
0
0
0
0
0
0
0
0
0
0
0
0
0
0
0
0
0
0
0
0
0
0
0
0
0
0
0
0
0
0
0
0
0
0
0
0
0
0
0
0
0
0
0
0
0
0
0
0
0
0
0
0
0
0
0
0
0
0
0
0
0
0
0
0
0
0
0
