-0
-0
-0
-0
-0
-0
-0
-0
-0
-0
-0
-0
-0
-0
-0
-0
-0
-0
-0
-0
-0
-0
-0
-0
-0
-0
-0
-0
-0
0
0
0
0
0
0
0
0
0
0
0
0
0
0
0
0
0
0
0
0
0
0
0
0
0
0
0
0
0
0
0
0
0
0
0
0
0
0
0
0
0
0
0
0
0
0
0
0
0
0
-0
-0
-0
-0
-0
-0
-0
-0
-0
-0
-0
-0
-0
-0
-0
-0
-0
-0
-0
-0
-0
-0
-0
-0
-0
-0
-0
-0
-0
-0
-0
-0
-0
-0
-0
-0
-0
-0
-0
-0
-0
-0
-0
-0
-0
0
0
0
0
0
0
0
0
0
0
0
0
0
0
0
0
0
0
0
0
0
0
0
0
0
0
0
0
0
0
0
0
0
0
0
0
0
0
0
0
0
0
0
0
0
0
0
0
-0
-0
-0
-0
-0
-0
-0
-0
-0
-0
-0
-0
-0
-0
-0
-0
-0
-0
-0
-0
-0
-0
-0
-0
-0
-0
-0
-0
-0
-0
-0
-0
-0
-0
-0
-0
-0
-0
-0
-0
-0
-0
-0
-0
-0
-0
-0
-0
-0
-0
-0
-0
-0
-0
-0
0
0
0
0
0
0
0
0
0
1.85665e-05
8.31168e-05
0.000203785
0.000390064
0.00065076
0.000993935
0.00142685
0.00195593
0.00258671
0.00332377
0.00417069
0.00512993
0.00620272
0.0073889
0.00868686
0.0100933
0.0116029
0.0132081
0.0148991
0.0166634
0.0184861
0.0203499
0.0222355
0.024121
0.0259819
0.0277911
0.0295185
0.0311312
0.0325943
0.033871
0.0349227
0.0357095
0.0361892
0.0363179
0.0360495
0.0353372
0.0341342
0.0323952
0.0300777
0.0271425
0.0235536
0.0192778
0.0142845
0.00854578
0.0020378
-0.00525752
-0.0133509
-0.0222446
-0.0319331
-0.0424034
-0.0536366
-0.0656074
-0.0782837
-0.0916241
-0.105577
-0.120081
-0.135066
-0.150453
-0.166158
-0.182094
-0.198164
-0.214266
-0.230289
-0.246119
-0.261635
-0.276717
-0.291242
-0.305088
-0.31813
-0.330246
-0.341315
-0.351222
-0.359862
-0.367135
-0.372946
-0.377205
-0.379826
-0.380737
-0.379882
-0.377225
-0.372753
-0.366469
-0.358386
-0.348528
-0.336925
-0.32362
-0.308675
-0.292171
-0.274205
-0.254889
-0.234419
-0.21295
-0.19057
-0.167373
-0.143464
-0.118959
-0.0939802
-0.0686508
-0.0430944
-0.0174339
0.00820574
0.0336966
0.0589079
0.0837087
0.107971
0.131574
0.154401
0.17634
0.197282
0.217123
0.23576
0.253099
0.269051
0.283536
0.296483
0.307829
0.317522
0.325523
0.331802
0.336342
0.339132
0.340169
0.339456
0.337005
0.332841
0.327005
0.319551
0.310541
0.300045
0.288137
0.274894
0.260401
0.244752
0.228053
0.210414
0.191953
0.172789
0.153038
0.13282
0.112258
0.0914762
0.0706023
0.0497631
0.0290823
0.00867903
-0.0113325
-0.030842
-0.049743
-0.0679342
-0.0853208
-0.101817
-0.117347
-0.131847
-0.145262
-0.157549
-0.168677
-0.178625
-0.187385
-0.194962
-0.201369
-0.206631
-0.210781
-0.21386
-0.215919
-0.217012
-0.217202
-0.216553
-0.215135
-0.213024
-0.2103
-0.207051
-0.20337
-0.19935
-0.195086
-0.190672
-0.1862
-0.181762
-0.177449
-0.173353
-0.169566
-0.166172
-0.163253
-0.160884
-0.159134
-0.158064
-0.157727
-0.158168
-0.159423
-0.161516
-0.16446
-0.168261
-0.172916
-0.178411
-0.184722
-0.191812
-0.199631
-0.208115
-0.217194
-0.226786
-0.236804
-0.247153
-0.257732
-0.268431
-0.279136
-0.28973
-0.300095
-0.310112
-0.319661
-0.328622
-0.336872
-0.344292
-0.350768
-0.35619
-0.36046
-0.363485
-0.365181
-0.365466
-0.364266
-0.361514
-0.357153
-0.351136
-0.343424
-0.333992
-0.32282
-0.309902
-0.295243
-0.278863
-0.260801
-0.241109
-0.219857
-0.197123
-0.173001
-0.147592
-0.121006
-0.0933658
-0.0648029
-0.0354607
-0.0054931
0.0249347
0.0556474
0.0864607
0.117184
0.147625
0.177591
0.20689
0.235337
0.262747
0.288939
0.313735
0.336964
0.358459
0.378064
0.395633
0.41103
0.42413
0.434822
0.443012
0.448622
0.451597
0.451903
0.449523
0.444461
0.436735
0.426377
0.413438
0.397982
0.380091
0.359867
0.337425
0.312896
0.286424
0.258168
0.228299
0.197001
0.164466
0.130896
0.0964968
0.0614783
0.0260503
-0.00957698
-0.0451941
-0.0805927
-0.115566
-0.149909
-0.18342
-0.215901
-0.24716
-0.277015
-0.305296
-0.331847
-0.356528
-0.379214
-0.399795
-0.418175
-0.434272
-0.448018
-0.459362
-0.46827
-0.474726
-0.47873
-0.480298
-0.479463
-0.476272
-0.470788
-0.463087
-0.453263
-0.441421
-0.427679
-0.412167
-0.395026
-0.37641
-0.356477
-0.335397
-0.313342
-0.290488
-0.267015
-0.243108
-0.218954
-0.194744
-0.17067
-0.146918
-0.123668
-0.101094
-0.0793581
-0.0586134
-0.039006
-0.0206726
-0.00373942
0.01168
0.0254858
0.037592
0.0479267
0.0564311
0.0630599
0.0677817
0.0705791
0.071449
0.070402
0.0674624
0.0626694
0.0560779
0.0477596
0.0378025
0.0263082
0.0133881
-0.000839869
-0.0162533
-0.0327245
-0.0501184
-0.0682909
-0.0870893
-0.106355
-0.125926
-0.145643
-0.165348
-0.184882
-0.204088
-0.22281
-0.24089
-0.258177
-0.274524
-0.289793
-0.303853
-0.316581
-0.327862
-0.337593
-0.345686
-0.352068
-0.356684
-0.359491
-0.360458
-0.359567
-0.356808
-0.352187
-0.345725
-0.337458
-0.327435
-0.315717
-0.302377
-0.287496
-0.271164
-0.253486
-0.234575
-0.214551
-0.193545
-0.171687
-0.149116
-0.125975
-0.102412
-0.0785813
-0.0546357
-0.0307277
-0.00700614
0.0163832
0.0392966
0.0615918
0.0831289
0.103773
0.123397
0.141883
0.159121
0.175009
0.189451
0.202358
0.213654
0.223274
0.231167
0.237296
0.241633
0.244159
0.244861
0.243738
0.240801
0.236073
0.229596
0.221419
0.2116
0.200208
0.187315
0.173004
0.157367
0.140504
0.122522
0.103534
0.0836568
0.0630112
0.0417244
0.019929
-0.00223901
-0.024643
-0.0471491
-0.0696272
-0.0919507
-0.113995
-0.135636
-0.156751
-0.177219
-0.196927
-0.215767
-0.23364
-0.250458
-0.266139
-0.280609
-0.293802
-0.305662
-0.316137
-0.325186
-0.332774
-0.338875
-0.343474
-0.346566
-0.348158
-0.348267
-0.346916
-0.344135
-0.339961
-0.334434
-0.327605
-0.319535
-0.310292
-0.299951
-0.288595
-0.276307
-0.263174
-0.249285
-0.234735
-0.219617
-0.20403
-0.188072
-0.171844
-0.155445
-0.138976
-0.122534
-0.106214
-0.0901078
-0.074301
-0.0588766
-0.0439149
-0.029494
-0.0156887
-0.0025691
0.00980162
0.0213675
0.0320791
0.0418917
0.0507651
0.0586636
0.0655585
0.0714299
0.0762673
0.0800683
0.082836
0.0845768
0.0853006
0.0850216
0.0837611
0.0815488
0.0784221
0.0744237
0.0695997
0.0639978
0.0576679
0.0506631
0.043041
0.0348631
0.0261933
0.0170965
0.00763769
-0.00211716
-0.0121003
-0.0222416
-0.0324702
-0.0427165
-0.0529147
-0.0630035
-0.0729252
-0.0826244
-0.0920455
-0.101133
-0.109834
-0.118098
-0.125879
-0.133136
-0.139833
-0.145937
-0.15142
-0.156258
-0.160433
-0.163931
-0.166743
-0.168866
-0.170296
-0.171034
-0.171085
-0.170461
-0.169178
-0.167257
-0.164721
-0.161597
-0.157911
-0.153693
-0.148976
-0.143794
-0.138185
-0.132187
-0.125838
-0.119178
-0.112249
-0.105098
-0.0977706
-0.0903168
-0.0827835
-0.0752151
-0.0676527
-0.0601358
-0.0527028
-0.0453923
-0.0382425
-0.0312903
-0.0245704
-0.0181159
-0.0119578
-0.00612588
-0.000648196
0.00445029
0.00914859
0.0134299
0.0172806
0.0206889
0.0236433
0.0261329
0.0281491
0.0296867
0.0307458
0.0313309
0.0314491
0.0311085
0.0303165
0.0290805
0.0274094
0.0253158
0.0228169
0.0199342
0.016692
0.0131159
0.00923156
0.00506451
0.000640189
-0.00401545
-0.00887578
-0.0139135
-0.0191008
-0.0244102
-0.0298236
-0.0353211
-0.0408814
-0.0464835
-0.0521073
-0.0577331
-0.0633417
-0.0689137
-0.0744296
-0.0798694
-0.085214
-0.0904448
-0.095544
-0.100494
-0.105277
-0.109874
-0.114266
-0.118432
-0.122353
-0.12601
-0.129386
-0.132465
-0.135231
-0.137666
-0.139755
-0.141481
-0.142828
-0.14378
-0.144323
-0.144443
-0.144127
-0.143368
-0.142156
-0.140488
-0.138361
-0.135773
-0.132725
-0.129216
-0.125248
-0.120828
-0.11596
-0.110655
-0.104924
-0.0987777
-0.0922305
-0.0852978
-0.077999
-0.0703578
-0.0624026
-0.0541644
-0.0456747
-0.0369645
-0.0280622
-0.0189946
-0.00980539
-0.000544578
0.00873392
0.0179743
0.0271215
0.0361232
0.0449299
0.0534928
0.0617622
0.069686
0.0772114
0.0842869
0.0908657
0.0969068
0.102375
0.107239
0.111471
0.115041
0.117925
0.120102
0.121555
0.122276
0.122264
0.121518
0.120042
0.117847
0.114946
0.111361
0.10712
0.102257
0.0968119
0.0908278
0.084352
0.0774313
0.0701162
0.0624621
0.0545375
0.0463962
0.0380893
0.0296695
0.0211897
0.0127025
0.00425899
-0.00409179
-0.012304
-0.0203346
-0.0281427
-0.0356903
-0.0429371
-0.0498459
-0.0563818
-0.0625138
-0.0682185
-0.0734722
-0.0782589
-0.0825665
-0.0863857
-0.0897131
-0.0925397
-0.0948626
-0.096681
-0.0979973
-0.0988217
-0.0991588
-0.0990211
-0.0984241
-0.0973849
-0.0959264
-0.0940615
-0.0918082
-0.0891841
-0.0862075
-0.0829024
-0.0792847
-0.0753764
-0.0712007
-0.0667809
-0.062144
-0.0573078
-0.0522929
-0.0471186
-0.0418034
-0.0363676
-0.0308276
-0.0252023
-0.0195104
-0.0137703
-0.00799846
-0.00221161
0.00356959
0.00931538
0.014995
0.0205814
0.0260392
0.0313384
0.0364507
0.0413499
0.0460197
0.0504267
0.0545464
0.0583538
0.061825
0.0649511
0.0677002
0.0700572
0.0720108
0.0735525
0.0746931
0.0754096
0.0756975
0.0755544
0.0749808
0.0740011
0.0726047
0.0708051
0.0686191
0.0660652
0.0631829
0.0599718
0.0564523
0.0526472
0.0485818
0.0443018
0.0398212
0.0351721
0.0303875
0.0255003
0.0205544
0.0155743
0.010596
0.00565658
0.000792945
-0.00395911
-0.00856383
-0.0129864
-0.0171918
-0.021145
-0.024826
-0.0281888
-0.0312054
-0.0338518
-0.0361072
-0.0379822
-0.0394282
-0.0404268
-0.0409611
-0.0410179
-0.040634
-0.0397603
-0.0383973
-0.0365486
-0.0342204
-0.0314802
-0.0282829
-0.0246456
-0.0205894
-0.0161378
-0.0113812
-0.00628105
-0.000866189
0.0048312
0.010775
0.0168617
0.0231139
0.02949
0.0359486
0.0424484
0.0488947
0.0552966
0.0616088
0.0677849
0.0737783
0.0795123
0.0849734
0.0901182
0.0949046
0.0992922
0.103244
0.106726
0.109705
0.112153
0.114041
0.115381
0.116109
0.116204
0.115653
0.114447
0.112663
0.11022
0.107116
0.103353
0.0989378
0.0939985
0.088437
0.0822791
0.0755549
0.0682971
0.0606853
0.0526102
0.0441119
0.0352358
0.0260317
0.0167101
0.00716779
-0.0025405
-0.0123582
-0.0222253
-0.0319295
-0.041552
-0.0510244
-0.0602788
-0.0692501
-0.0777587
-0.0858607
-0.093495
-0.1006
-0.107113
-0.112911
-0.118002
-0.122337
-0.12587
-0.128562
-0.130385
-0.131298
-0.131275
-0.130294
-0.128338
-0.125482
-0.121634
-0.116793
-0.110964
-0.104156
-0.0965509
-0.0880079
-0.0785555
-0.068229
-0.0570688
-0.0453505
-0.0328962
-0.0197632
-0.00601408
0.00828332
0.0227882
0.0376933
0.0529189
0.0683816
0.0839948
0.0993959
0.11477
0.130029
0.145083
0.159842
0.173976
0.187637
0.200736
0.213187
0.224907
0.235646
0.245497
0.254387
0.262248
0.269017
0.274567
0.278916
0.282021
0.283846
0.284363
0.2836
0.281493
0.278036
0.273229
0.267083
0.259784
0.25119
0.241334
0.23026
0.21802
0.204947
0.190834
0.175751
0.159779
0.143003
0.125856
0.108097
0.0898296
0.0711618
0.0522051
0.0334344
0.0146016
-0.00417769
-0.0227862
-0.0411056
-0.0586898
-0.0757526
-0.0921822
-0.107869
-0.122707
-0.13635
-0.148941
-0.16039
-0.170612
-0.179532
-0.186966
-0.192972
-0.197501
-0.200506
-0.201952
-0.201847
-0.200143
-0.196838
-0.191941
-0.185474
-0.177648
-0.16832
-0.157539
-0.145367
-0.131875
-0.117451
-0.101878
-0.085251
-0.0676736
-0.0492549
-0.0304982
-0.0111402
0.00868881
0.0288529
0.0492129
0.0692253
0.0891566
0.108871
0.128233
0.147107
0.165008
0.182159
0.198438
0.213726
0.22791
0.240641
0.252067
0.262096
0.270649
0.277651
0.282953
0.286589
0.28852
0.288715
0.287159
0.28394
0.278976
0.27229
0.263916
0.253899
0.242553
0.22968
0.215353
0.199659
0.182695
0.164967
0.146195
0.126502
0.106017
0.0848735
0.0636804
0.0421091
0.0203075
-0.00157138
-0.023372
-0.0444666
-0.065175
-0.0853473
-0.104835
-0.123494
-0.140787
-0.156977
-0.171938
-0.185551
-0.197707
-0.208047
-0.216733
-0.223681
-0.228817
-0.232084
-0.233371
-0.232711
-0.230081
-0.225473
-0.218887
-0.210481
-0.200141
-0.187908
-0.173839
-0.158001
-0.140802
-0.121995
-0.101675
-0.0799483
-0.0569343
-0.0332408
-0.00852505
0.0170713
0.0434017
0.0703147
0.0970969
0.124147
0.151303
0.178401
0.205283
0.231234
0.256658
0.281405
0.305328
0.32828
0.349646
0.369768
0.388528
0.405813
0.421522
0.43523
0.447181
0.457299
0.465518
0.471791
0.475943
0.478092
0.47823
0.476356
0.472481
0.466688
0.458946
0.449299
0.437806
0.424538
0.409828
0.393512
0.37569
0.356468
0.335965
0.314702
0.292406
0.269205
0.245228
0.220611
0.195975
0.170974
0.145747
0.120434
0.0951722
0.0705995
0.0463378
0.0225101
-0.000764449
-0.0233713
-0.0447452
-0.0652455
-0.0847834
-0.103279
-0.120658
-0.136498
-0.151095
-0.164396
-0.176359
-0.186951
-0.195929
-0.203507
-0.209687
-0.214478
-0.217894
-0.219877
-0.220533
-0.219893
-0.217997
-0.214888
-0.21067
-0.205345
-0.198974
-0.191624
-0.183367
-0.174435
-0.164743
-0.154369
-0.143387
-0.131877
-0.120148
-0.108054
-0.0956809
-0.0831084
-0.070414
-0.0579229
-0.0454481
-0.0330528
-0.0207993
-0.00874909
0.00279505
0.0140237
0.0248915
0.0353614
0.0454042
0.0547879
0.0637004
0.0721234
0.0800413
0.087443
0.0941643
0.100366
0.106053
0.111237
0.11593
0.120036
0.12368
0.126883
0.129669
0.132065
0.134031
0.135662
0.136984
0.138022
0.138804
0.139318
0.139636
0.13979
0.13981
0.139724
0.139524
0.139262
0.138961
0.138642
0.138325
0.138001
0.137715
0.13748
0.137305
0.137196
0.137118
0.13711
0.137171
0.137293
0.137467
0.13764
0.137834
0.138032
0.138216
0.138364
0.138424
0.138407
0.138291
0.138054
0.137677
0.137125
0.136394
0.135466
0.134322
0.132943
0.131331
0.12945
0.127287
0.124832
0.122081
0.119093
0.115806
0.112218
0.108332
0.104145
0.0997695
0.0950973
0.0901366
0.084901
0.0794092
0.0738342
0.068047
0.0620688
0.0559199
0.0496209
0.0433752
0.0370295
0.0306142
0.0241618
0.0177043
0.0114612
0.00527088
-0.000839619
-0.00684192
-0.0127058
-0.0182234
-0.023541
-0.0286308
-0.0334678
-0.0380291
-0.0421517
-0.0459551
-0.0494169
-0.0525148
-0.0552136
-0.0573859
-0.059104
-0.0603586
-0.0611457
-0.0614666
-0.0613019
-0.0606831
-0.0596192
-0.0581203
-0.0561991
-0.0539113
-0.0512384
-0.0482077
-0.0448514
-0.0412044
-0.0373935
-0.033358
-0.0291299
-0.0247421
-0.0202303
-0.0157583
-0.0112394
-0.00671441
-0.00222113
0.00220743
0.00640778
0.0104933
0.0144379
0.0182147
0.0217968
0.025035
0.0280394
0.0307957
0.033294
0.0355278
0.0373919
0.0389882
0.0403146
0.0413716
0.042163
0.0426262
0.0428439
0.0428265
0.0425856
0.0421334
0.041445
0.0405773
0.0395467
0.0383707
0.0370667
0.0356374
0.0341158
0.0325189
0.0308639
0.0291672
0.0274454
0.0257123
0.0239808
0.0222627
0.0205689
0.018918
0.0173115
0.0157594
0.0142704
0.0128515
0.0115167
0.0102587
0.00907977
0.00798104
0.0069634
0.00603397
0.00518441
0.00441373
0.00372001
0.00310052
0.00255565
0.00207697
0.00166073
0.00130305
0.000999781
0.000747964
0.000541121
0.000374857
0.000244858
0.000146973
7.74076e-05
3.20105e-05
7.30184e-06
0
0
0
0
0
0
0
0
0
0
0
0
0
0
0
0
0
0
0
0
0
0
0
0
0
0
0
0
0
0
0
0
0
0
0
0
0
0
0
0
0
0
0
0
0
0
0
0
0
0
0
0
0
0
0
0
0
0
0
0
0
0
0
0
0
0
0
0
0
0
0
0
0
0
0
0
0
0
0
0
0
0
0
0
0
0
0
0
0
0
0
0
0
0
0
0
0
0
0
0
0
0
0
0
0
0
0
0
0
0
0
0
0
-0
-0
-0
-0
-0
-0
-0
-0
-0
-0
-0
-0
-0
-0
-0
-0
-0
-0
-0
-0
-0
-0
-0
-0
-0
-0
-0
-0
-0
-0
-0
-0
-0
-0
-0
0
0
0
0
0
0
0
0
0
0
0
0
0
0
0
0
0
0
0
0
0
0
0
0
0
0
0
0
0
0
0
0
0
0
0
0
0
0
0
0
0
0
0
0
0
0
0
0
0
0
0
0
0
0
0
0
0
0
0
0
0
0
0
0
0
0
0
0
0
0
0
0
0
0
0
0
0
0
0
0
0
0
0
-0
-0
-0
-0
-0
