-0
-0
-0
-0
-0
-0
-0
-0
-0
-0
-0
-0
-0
-0
-0
-0
-0
-0
-0
-0
-0
-0
-0
-0
-0
-0
-0
-0
-0
-0
-0
-0
-0
-0
-0
-0
-0
-0
-0
0
0
0
0
0
0
0
0
0
0
0
0
0
0
0
0
0
0
0
0
0
0
0
0
0
0
0
0
0
0
0
0
0
0
0
0
0
0
0
0
0
0
0
0
0
0
0
0
0
0
-0
-0
-0
-0
-0
-0
-0
-0
-0
-0
-0
-0
-0
-0
-0
-0
-0
-0
-0
-0
-0
-0
-0
-0
-0
-0
-0
-0
-0
-0
-0
-0
-0
-0
-0
-0
-0
-0
-0
-0
-0
-0
-0
-0
-0
-0
-0
-0
-0
0
0
0
0
0
0
0
0
0
0
0
0
0
0
0
0
0
0
0
0
0
0
0
0
0
0
0
0
0
0
0
0
0
0
0
0
0
0
0
0
0
0
0
0
-0
-0
-0
-0
-0
-0
-0
-0
-0
-0
-0
-0
-0
-0
-0
-0
-0
-0
-0
-0
-0
-0
-0
-0
-0
-0
-0
-0
-0
-0
-0
-0
-0
-0
-0
-0
-0
-0
-0
-0
-0
-0
-0
-0
-0
-0
-0
-0
0
0
0
0
0
0
0
0
0
0
0
0
0
0
0
0
0
0
0
0
0
0
0
0
0
0
0
0
0
0
0
0
0
0
0
0
0
0
0
0
0
0
0
-0
-0
-0
-0
-0
-0
-0
-0
-0
-0
-0
-0
-0
-0
-0
-0
-0
-0
-0
-0
-0
-0
-0
-0
-0
-0
-0
-0
-0
-0
-0
-0
-0
-0
-0
-0
-0
-0
-0
-0
-0
-0
-0
-0
-0
-0
-0
-0
0
0
0
0
0
0
0
0
0
0
0
0
0
0
0
0
0
0
0
0
0
0
0
0
0
0
0
0
0
0
0
0
0
0
0
0
0
0
0
0
0
0
0
0
0
0
-0
-0
-0
-0
-0
-0
-0
-0
-0
-0
-0
-0
-0
-0
-0
-0
-0
-1.26408e-05
-6.38227e-05
-0.000157127
-0.000294596
-0.000477217
-0.000704885
-0.000976391
-0.00128942
-0.00164058
-0.00202541
-0.00243839
-0.00287301
-0.00332182
-0.00377657
-0.00422828
-0.00466744
-0.00508404
-0.00546768
-0.00580769
-0.00609323
-0.00631357
-0.00645821
-0.00651707
-0.00648059
-0.0063398
-0.00608645
-0.00571316
-0.00521369
-0.00458304
-0.00381757
-0.00291491
-0.00187399
-0.000695044
0.000620235
0.00206847
0.00364447
0.00534135
0.0071507
0.00906287
0.0110671
0.0131515
0.0153028
0.0175063
0.0197458
0.0220044
0.0242643
0.0265078
0.0287168
0.0308729
0.0329574
0.0349513
0.0368358
0.0385926
0.0402046
0.0416554
0.0429297
0.0440127
0.0448908
0.0455516
0.0459845
0.0461811
0.0461351
0.0458417
0.0452977
0.0445015
0.043453
0.0421547
0.0406115
0.0388308
0.0368219
0.0345953
0.0321628
0.0295375
0.0267339
0.0237688
0.0206605
0.0174288
0.0140944
0.0106783
0.00720159
0.0036857
0.000152354
-0.00337638
-0.00687844
-0.0103321
-0.013716
-0.0170097
-0.020193
-0.0232466
-0.0261523
-0.0289007
-0.0314902
-0.0339123
-0.0361596
-0.0382254
-0.0401031
-0.0417866
-0.0432703
-0.0445502
-0.0456238
-0.0464904
-0.0471508
-0.0476061
-0.0478583
-0.0479094
-0.0477621
-0.04742
-0.0468877
-0.0461709
-0.0452761
-0.044211
-0.0429837
-0.0416033
-0.0400795
-0.0384221
-0.0366413
-0.0347468
-0.0327486
-0.0306571
-0.0284835
-0.0262396
-0.0239379
-0.0215906
-0.0192094
-0.0168052
-0.0143886
-0.0119699
-0.0095602
-0.00717063
-0.00481244
-0.00249633
-0.000232087
0.00197144
0.00410607
0.00616396
0.00813746
0.0100193
0.0118027
0.0134817
0.0150512
0.0165066
0.0178434
0.0190576
0.0201456
0.0211047
0.0219335
0.0226313
0.0231983
0.0236352
0.0239425
0.0241209
0.0241715
0.0240963
0.0238982
0.023581
0.0231489
0.0226067
0.0219591
0.0212109
0.0203673
0.0194337
0.0184157
0.0173194
0.0161509
0.0149168
0.013624
0.0122795
0.0108908
0.00946529
0.00801014
0.00653232
0.00503862
0.00353585
0.00203102
0.000531287
-0.000956137
-0.00242423
-0.00386631
-0.00527607
-0.00664752
-0.00797496
-0.00925296
-0.0104763
-0.0116401
-0.0127396
-0.01377
-0.0147267
-0.0156052
-0.0164014
-0.0171118
-0.0177337
-0.0182652
-0.0187046
-0.0190505
-0.0193012
-0.019455
-0.0195106
-0.0194673
-0.0193253
-0.0190859
-0.0187507
-0.0183217
-0.0178008
-0.0171897
-0.0164903
-0.0157045
-0.0148347
-0.0138838
-0.012855
-0.0117524
-0.0105806
-0.00934535
-0.00805273
-0.00670916
-0.00532089
-0.00389367
-0.00243285
-0.000943719
0.000567922
0.00209537
0.00363098
0.00516656
0.00669396
0.00820562
0.00969476
0.011155
0.01258
0.0139625
0.0152946
0.0165677
0.0177734
0.0189036
0.0199513
0.0209104
0.021775
0.0225395
0.0231977
0.0237437
0.0241714
0.0244756
0.0246521
0.0246975
0.0246091
0.0243844
0.024021
0.023517
0.0228708
0.0220816
0.0211494
0.0200749
0.0188596
0.0175053
0.0160148
0.0143914
0.0126401
0.0107668
0.00877858
0.00668318
0.00448872
0.00220345
-0.000164242
-0.00260555
-0.00511101
-0.0076703
-0.0102722
-0.0129045
-0.0155548
-0.0182097
-0.0208561
-0.0234805
-0.0260695
-0.0286096
-0.0310874
-0.0334891
-0.0358009
-0.038009
-0.0400994
-0.0420588
-0.0438739
-0.0455323
-0.0470219
-0.0483311
-0.049449
-0.0503652
-0.0510704
-0.0515561
-0.0518152
-0.0518416
-0.0516304
-0.051177
-0.0504779
-0.0495305
-0.0483332
-0.0468857
-0.0451896
-0.0432478
-0.041065
-0.0386474
-0.0360028
-0.0331402
-0.0300696
-0.0268023
-0.0233504
-0.0197269
-0.0159459
-0.0120224
-0.00797298
-0.00381496
0.000433128
0.00475188
0.00912122
0.0135205
0.0179287
0.0223243
0.026686
0.030992
0.0352206
0.0393497
0.0433575
0.0472216
0.0509202
0.0544318
0.0577358
0.0608127
0.0636441
0.0662129
0.068503
0.0704995
0.0721885
0.0735577
0.0745961
0.0752942
0.0756443
0.0756401
0.075277
0.0745521
0.0734648
0.0720161
0.0702094
0.0680498
0.0655445
0.0627024
0.0595341
0.056052
0.0522701
0.0482038
0.04387
0.0392868
0.0344737
0.0294518
0.0242437
0.0188738
0.0133676
0.00775157
0.00205273
-0.00370167
-0.00948424
-0.0152676
-0.0210243
-0.0267271
-0.0323489
-0.037863
-0.043243
-0.0484627
-0.0534962
-0.0583182
-0.062904
-0.0672299
-0.0712737
-0.0750146
-0.0784331
-0.0815116
-0.0842339
-0.0865858
-0.0885554
-0.0901328
-0.091311
-0.0920853
-0.092453
-0.0924141
-0.0919702
-0.0911253
-0.0898854
-0.0882584
-0.0862542
-0.0838845
-0.0811628
-0.0781045
-0.0747265
-0.0710475
-0.0670876
-0.0628681
-0.058411
-0.0537396
-0.0488779
-0.0438511
-0.0386851
-0.0334066
-0.0280427
-0.0226204
-0.017167
-0.0117095
-0.00627452
-0.000888587
0.00442239
0.0096331
0.014719
0.0196564
0.0244227
0.0289961
0.0333563
0.0374844
0.041363
0.0449763
0.0483103
0.0513523
0.0540911
0.0565173
0.0586228
0.0604018
0.06185
0.0629654
0.0637472
0.0641969
0.064317
0.0641121
0.063588
0.0627648
0.0616687
0.0603081
0.0586919
0.0568296
0.054731
0.0524066
0.0498674
0.0471247
0.04419
0.0410756
0.0377939
0.0343581
0.0307821
0.0270802
0.0232674
0.019359
0.0153709
0.0113194
0.00722118
0.00309346
-0.00104638
-0.00518075
-0.00929197
-0.0133621
-0.0173731
-0.0213064
-0.0251435
-0.028866
-0.0324564
-0.0358974
-0.0391727
-0.0422662
-0.0451625
-0.0478461
-0.0503028
-0.052519
-0.0544831
-0.0561844
-0.0576141
-0.0587643
-0.0596286
-0.0602016
-0.0604794
-0.0604601
-0.0601432
-0.05953
-0.0586232
-0.0574274
-0.0559484
-0.0541943
-0.0521748
-0.0499015
-0.0473874
-0.0446465
-0.0416939
-0.0385459
-0.0352199
-0.0317351
-0.0281116
-0.0243708
-0.0205345
-0.0166247
-0.0126637
-0.00867379
-0.00467768
-0.000698043
0.0032424
0.00712114
0.010916
0.0146055
0.0181685
0.0215847
0.0248352
0.0279018
0.030768
0.0334185
0.0358391
0.0380165
0.0399389
0.0415955
0.0429774
0.0440776
0.0448909
0.0454138
0.0456445
0.0455825
0.0452288
0.0445782
0.043628
0.042391
0.0408813
0.0391086
0.0370844
0.0348322
0.0323554
0.0296694
0.0267906
0.0237361
0.0205458
0.0172161
0.0137661
0.0102159
0.00658645
0.0029309
-0.000762139
-0.00447172
-0.00817708
-0.0118577
-0.0154542
-0.0189865
-0.0224351
-0.0257814
-0.0290073
-0.0320547
-0.0349493
-0.0376758
-0.0402204
-0.0425704
-0.0446768
-0.0465685
-0.0482369
-0.0496746
-0.0508755
-0.0518056
-0.0524914
-0.0529314
-0.0531256
-0.0530757
-0.0527682
-0.0522237
-0.0514476
-0.0504459
-0.0492261
-0.0477956
-0.0461648
-0.0443442
-0.0423451
-0.0401794
-0.0378746
-0.0354289
-0.0328559
-0.0301694
-0.0273834
-0.0245401
-0.0216243
-0.0186499
-0.0156311
-0.0125815
-0.00955313
-0.0065195
-0.00349321
-0.000486439
0.00248905
0.00537821
0.00821558
0.0109913
0.0136962
0.0163215
0.0188148
0.0212138
0.0235116
0.0257016
0.0277784
0.0296972
0.0314936
0.0331632
0.0347017
0.0361047
0.0373379
0.0384287
0.0393738
0.0401704
0.0408153
0.0412881
0.0416035
0.0417582
0.0417491
0.0415545
0.041157
0.0405576
0.0397558
0.0387525
0.0375495
0.0361646
0.0345868
0.0328209
0.0308727
0.0287487
0.0264881
0.024068
0.0214981
0.0187889
0.0159521
0.0130449
0.0100349
0.00693538
0.00376014
0.000523809
-0.00270467
-0.00596381
-0.009238
-0.0125114
-0.015768
-0.0189356
-0.0220544
-0.0251087
-0.0280829
-0.0309618
-0.0336789
-0.0362715
-0.0387258
-0.0410283
-0.0431661
-0.0450871
-0.0468207
-0.0483568
-0.0496863
-0.050801
-0.0516699
-0.0523105
-0.0527178
-0.0528882
-0.0528191
-0.0525056
-0.0519512
-0.051157
-0.0501252
-0.0488595
-0.0473821
-0.045682
-0.0437663
-0.0416433
-0.039322
-0.0368488
-0.034199
-0.0313848
-0.0284196
-0.0253174
-0.0221435
-0.0188622
-0.0154892
-0.0120408
-0.00853408
-0.00504548
-0.0015334
0.00198484
0.00549208
0.0089713
0.0123457
0.0156588
0.0188944
0.022037
0.0250715
0.0279297
0.0306517
0.0332246
0.035636
0.0378744
0.0398887
0.0417103
0.0433312
0.0447442
0.0459432
0.0468996
0.047633
0.0481408
0.0484221
0.048477
0.0483032
0.0479072
0.0472926
0.0464637
0.0454261
0.0442018
0.0427831
0.0411784
0.0393972
0.0374499
0.0353796
0.0331663
0.0308229
0.0283625
0.0257987
0.0231892
0.020504
0.0177574
0.0149636
0.0121373
0.00934237
0.00654419
0.00375713
0.000995406
-0.00172703
-0.00434792
-0.00690298
-0.00937986
-0.0117669
-0.0140531
-0.0161861
-0.0181987
-0.020082
-0.0218279
-0.0234291
-0.0248481
-0.0261106
-0.0272122
-0.0281497
-0.0289206
-0.0295064
-0.0299232
-0.0301709
-0.0302505
-0.0301636
-0.0299109
-0.0294979
-0.028929
-0.0282093
-0.0273448
-0.026354
-0.0252319
-0.0239863
-0.0226254
-0.0211579
-0.0196159
-0.0179862
-0.0162782
-0.0145021
-0.0126678
-0.0108157
-0.00892568
-0.00700796
-0.00507289
-0.00313076
-0.00122475
0.000668608
0.00253998
0.00438029
0.00618072
0.00790117
0.0095653
0.0111656
0.0126953
0.0141478
0.0154908
0.0167451
0.0179056
0.0189679
0.0199281
0.0207649
0.0214945
0.0221157
0.0226274
0.0230294
0.0233124
0.0234858
0.0235504
0.0235076
0.0233594
0.0231088
0.0227588
0.0223131
0.021776
0.021152
0.020455
0.0196806
0.0188339
0.0179207
0.0169468
0.0159344
0.0148739
0.0137712
0.0126322
0.0114628
0.0102891
0.00909728
0.00789408
0.00668609
0.00547961
0.004302
0.00313692
0.00198954
0.000865162
-0.000230677
-0.00127205
-0.00227427
-0.00323297
-0.00414451
-0.00500571
-0.00579666
-0.00653112
-0.00720584
-0.00781773
-0.00836415
-0.00883154
-0.0092303
-0.00955965
-0.00981907
-0.0100081
-0.010121
-0.0101628
-0.0101336
-0.0100337
-0.00986377
-0.00962642
-0.0093215
-0.00895084
-0.00851667
-0.00802157
-0.00747622
-0.00687524
-0.00622115
-0.00551643
-0.00476379
-0.0039798
-0.00315439
-0.00229132
-0.00139451
-0.000467838
0.000467281
0.00142477
0.00240084
0.00339153
0.00439267
0.00538013
0.00636953
0.00735667
0.00833739
0.00930755
0.010243
0.0111598
0.012054
0.012922
0.0137599
0.0145461
0.0152951
0.0160034
0.0166675
0.0172841
0.0178359
0.0183343
0.0187766
0.0191604
0.0194835
0.0197353
0.0199225
0.0200434
0.0200966
0.0200808
0.0199938
0.0198363
0.0196078
0.0193083
0.018938
0.0185038
0.018
0.0174275
0.0167877
0.0160819
0.015326
0.0145081
0.0136306
0.0126963
0.011708
0.0106896
0.00962392
0.00851462
0.00736552
0.00618068
0.00499
0.00377243
0.00253271
0.00127575
6.56372e-06
-0.0012416
-0.0024917
-0.0037384
-0.00497623
-0.00619963
-0.00737526
-0.00852575
-0.00964591
-0.0107305
-0.0117741
-0.0127464
-0.0136667
-0.0145295
-0.0153302
-0.0160646
-0.0167103
-0.0172818
-0.0177753
-0.0181868
-0.0185126
-0.0187401
-0.0188765
-0.0189201
-0.0188697
-0.0187239
-0.0184826
-0.0181437
-0.0177067
-0.0171715
-0.0165389
-0.0158226
-0.015012
-0.0141092
-0.0131165
-0.0120369
-0.0108968
-0.0096771
-0.00838198
-0.0070156
-0.00558236
-0.00411886
-0.00259792
-0.00102712
0.000583772
0.00222479
0.00384876
0.00548379
0.00712047
0.00874905
0.0103593
0.0119021
0.0134063
0.0148621
0.0162604
0.0175928
0.0188161
0.0199586
0.0210129
0.0219727
0.0228326
0.0235605
0.024181
0.0246912
0.0250884
0.0253709
0.0255203
0.0255551
0.0254769
0.0252885
0.0249931
0.024588
0.0240838
0.0234855
0.0227987
0.0220301
0.021191
0.0202847
0.0193188
0.0183012
0.0172399
0.016155
0.0150429
0.0139127
0.0127728
0.0116313
0.0105119
0.00940501
0.00831777
0.00725738
0.00623062
0.00526047
0.00433391
0.00345542
0.00262894
0.0018579
0.00116026
0.000521917
-5.54744e-05
-0.000571087
-0.00102483
-0.00140596
-0.00172812
-0.00199272
-0.00220167
-0.00235742
-0.00245589
-0.00250874
-0.00251975
-0.00249285
-0.00243212
-0.00233822
-0.0022197
-0.00208096
-0.00192643
-0.00176045
-0.00158603
-0.00140853
-0.00123158
-0.00105855
-0.000892494
-0.000736062
-0.00059169
-0.000461266
-0.000346236
-0.000247595
-0.000165986
-0.000101365
-5.34228e-05
-2.1413e-05
-4.17833e-06
-0
-0
-0
-0
-0
-0
-0
-0
-0
-0
-0
-0
-0
-0
0
0
0
0
0
0
0
0
0
0
0
0
0
0
0
0
0
0
0
0
0
0
0
0
0
0
0
0
0
0
0
0
0
0
0
0
0
0
0
0
0
0
0
0
0
0
0
0
0
0
0
-0
-0
-0
-0
-0
-0
-0
-0
-0
-0
-0
-0
-0
-0
-0
-0
-0
-0
-0
-0
-0
-0
-0
-0
-0
-0
-0
-0
-0
-0
-0
-0
-0
-0
-0
-0
-0
-0
-0
-0
-0
-0
0
0
0
0
0
0
0
0
0
0
0
0
0
0
0
0
0
0
0
0
0
0
0
0
0
0
0
0
0
0
0
0
0
0
0
0
0
0
0
0
0
0
0
0
0
0
0
0
0
0
0
0
0
0
0
0
-0
-0
-0
-0
-0
-0
-0
-0
-0
-0
-0
-0
-0
-0
-0
-0
-0
-0
-0
-0
-0
-0
-0
-0
-0
-0
-0
-0
-0
-0
-0
-0
-0
-0
-0
-0
-0
-0
-0
0
0
0
0
0
0
0
0
0
0
0
0
0
0
0
0
0
0
0
0
0
0
0
0
0
0
0
0
0
0
0
0
0
0
0
0
0
0
0
0
0
0
-0
-0
-0
-0
-0
-0
-0
-0
-0
-0
-0
-0
-0
-0
-0
-0
-0
-0
-0
-0
-0
-0
-0
-0
-0
-0
-0
-0
-0
-0
-0
-0
-0
-0
-0
-0
-0
-0
-0
-0
-0
0
0
0
0
0
0
0
0
0
0
0
0
0
0
0
0
0
0
0
0
0
0
0
0
0
0
0
0
0
0
0
0
0
0
0
0
0
0
0
0
0
0
0
0
0
0
0
0
0
0
0
0
0
0
0
-0
-0
-0
-0
-0
-0
-0
-0
-0
-0
-0
-0
-0
-0
-0
-0
-0
-0
-0
-0
-0
-0
-0
-0
-0
-0
-0
-0
-0
-0
-0
-0
-0
-0
-0
-0
-0
-0
-0
-0
-0
-0
-0
-0
