0
0
0
0
0
0
0
0
0
0
0
0
0
0
0
0
0
0
0
0
0
0
0
0
0
0
0
0
0
0
0
0
0
0
0
0
0
0
0
0
0
0
0
0
0
0
0
0
0
0
0
0
0
0
0
0
0
0
0
0
0
0
0
0
0
0
0
0
0
0
0
0
0
0
0
0
0
0
0
0
0
0
0
0
0
0
0
0
0
0
0
0
0
0
0
0
0
0
0
0
0
0
0
0
0
0
0
0
0
0
0
0
0
0
0
0
0
0
0
0
0
0
0
0
0
0
0
0
0
0
0
0
0
0
0
0
0
0
0
0
0
0
0
0
0
0
0
0
0
0
0
0
0
0
0
0
0
0
0
0
0
0
0
0
0
0
0
0
0
0
0
0
0
0
0
0
0
0
0
0
0
0
0
0
0
0
0
0
0
0
0
0
0
0
0
0
0
0
0
0
0
1.03351e-05
4.50939e-05
0.000106157
0.000194803
0.000311695
0.000456846
0.000629594
0.000828576
0.00105171
0.0012962
0.00155852
0.00183445
0.00211911
0.00240696
0.00269187
0.00296712
0.00322551
0.00345942
0.00366091
0.00382185
0.00393394
0.00398883
0.00397812
0.00389353
0.00372707
0.00347118
0.00311894
0.00266413
0.00210125
0.00142555
0.000633059
-0.000279279
-0.00131342
-0.00247003
-0.00374843
-0.00514649
-0.00666075
-0.00828639
-0.0100172
-0.0118457
-0.0137628
-0.0157581
-0.0178198
-0.0199348
-0.0220888
-0.0242666
-0.0264517
-0.0286267
-0.0307734
-0.0328732
-0.034907
-0.0368554
-0.0386991
-0.0404185
-0.0419943
-0.0434072
-0.0446388
-0.0456714
-0.0464887
-0.0470759
-0.0474192
-0.0475067
-0.0473276
-0.0468732
-0.0461366
-0.0451131
-0.0438003
-0.0421981
-0.0403088
-0.0381368
-0.0356884
-0.0329728
-0.030001
-0.0267868
-0.0233463
-0.0196975
-0.0158602
-0.0118557
-0.00770669
-0.00343695
0.000928328
0.00536261
0.00983817
0.0143264
0.0187983
0.0232249
0.0275778
0.0318292
0.0359521
0.0399202
0.0437222
0.0473502
0.050787
0.054016
0.0570221
0.0597909
0.0623092
0.0645646
0.0665461
0.0682437
0.0696488
0.0707546
0.0715554
0.072047
0.0722261
0.0720909
0.0716409
0.0708776
0.069804
0.0684246
0.0667454
0.0647731
0.0625158
0.0599822
0.057183
0.0541306
0.0508389
0.0473234
0.0436001
0.0396857
0.0355974
0.0313528
0.0269705
0.0224699
0.0178713
0.0131952
0.00846253
0.00369392
-0.00108977
-0.00586748
-0.0106179
-0.0153194
-0.0199509
-0.0244917
-0.0289221
-0.0332234
-0.0373775
-0.041367
-0.0451748
-0.0487844
-0.0521802
-0.0553477
-0.0582742
-0.0609482
-0.06336
-0.0655008
-0.0673629
-0.0689398
-0.0702255
-0.0712158
-0.0719075
-0.0722994
-0.0723919
-0.0721869
-0.0716877
-0.0708989
-0.0698261
-0.0684763
-0.0668577
-0.0649798
-0.0628529
-0.0604887
-0.0578995
-0.0550987
-0.0521003
-0.0489197
-0.0455731
-0.0420777
-0.0384514
-0.0347126
-0.0308799
-0.0269718
-0.0230066
-0.0190031
-0.0149798
-0.0109555
-0.00694893
-0.00297846
0.000937965
0.00478295
0.00853972
0.0121921
0.0157245
0.0191221
0.0223709
0.0254578
0.0283705
0.0310982
0.0336308
0.0359599
0.038078
0.0399789
0.0416579
0.043111
0.0443356
0.0453301
0.0460941
0.0466282
0.046934
0.0470146
0.0468741
0.0465177
0.0459519
0.0451841
0.0442228
0.0430774
0.0417576
0.0402741
0.0386382
0.0368618
0.0349575
0.0329388
0.0308194
0.0286136
0.0263354
0.0239988
0.0216179
0.0192064
0.016778
0.0143461
0.0119236
0.00952291
0.00715617
0.00483496
0.00257049
0.000373463
-0.00174615
-0.00377935
-0.00571829
-0.00755622
-0.00928745
-0.0109071
-0.012411
-0.0137957
-0.0150588
-0.0161991
-0.0172161
-0.0181109
-0.0188854
-0.0195423
-0.0200851
-0.0205181
-0.0208465
-0.021076
-0.0212127
-0.0212633
-0.0212347
-0.0211344
-0.0209703
-0.0207512
-0.0204862
-0.0201848
-0.0198567
-0.0195108
-0.0191558
-0.0188
-0.0184513
-0.0181173
-0.0178056
-0.0175232
-0.0172768
-0.0170726
-0.0169159
-0.0168116
-0.0167638
-0.0167756
-0.0168492
-0.0169857
-0.017185
-0.0174465
-0.0177686
-0.0181493
-0.0185857
-0.0190743
-0.0196106
-0.0201892
-0.0208037
-0.021447
-0.0221112
-0.0227879
-0.0234683
-0.0241431
-0.0248027
-0.0254375
-0.0260376
-0.0265931
-0.027094
-0.0275301
-0.0278911
-0.0281667
-0.0283469
-0.0284221
-0.0283837
-0.0282237
-0.0279354
-0.0275128
-0.0269507
-0.026245
-0.025392
-0.0243889
-0.0232337
-0.0219254
-0.0204642
-0.0188512
-0.017089
-0.0151816
-0.0131341
-0.0109527
-0.00864517
-0.00622011
-0.00368738
-0.00105782
0.00165691
0.00444445
0.0072918
0.0101853
0.0131105
0.0160521
0.0189939
0.0219189
0.0248097
0.0276489
0.0304188
0.0331023
0.0356824
0.0381424
0.0404663
0.0426384
0.0446436
0.0464673
0.0480955
0.0495145
0.0507113
0.0516739
0.0523918
0.0528557
0.0530582
0.0529936
0.0526573
0.0520465
0.0511593
0.0499955
0.0485565
0.0468452
0.044866
0.0426248
0.0401289
0.0373871
0.0344095
0.0312082
0.0277968
0.0241906
0.0204061
0.0164609
0.0123736
0.00816358
0.00385099
-0.000543471
-0.00499866
-0.00949322
-0.0140056
-0.018514
-0.0229964
-0.0274303
-0.0317928
-0.036061
-0.0402121
-0.044224
-0.048075
-0.0517444
-0.0552124
-0.0584601
-0.0614701
-0.0642263
-0.0667141
-0.0689208
-0.0708353
-0.0724482
-0.0737519
-0.0747406
-0.0754106
-0.0757599
-0.0757885
-0.0754979
-0.0748908
-0.0739719
-0.0727471
-0.0712241
-0.0694123
-0.0673228
-0.064968
-0.0623613
-0.0595175
-0.0564525
-0.0531831
-0.0497274
-0.0461041
-0.0423328
-0.0384334
-0.0344263
-0.0303321
-0.0261719
-0.021967
-0.0177388
-0.0135082
-0.00929622
-0.00512298
-0.00100837
0.00302817
0.00696772
0.010792
0.0144837
0.0180268
0.0214061
0.0246079
0.0276196
0.0304293
0.0330264
0.0354015
0.0375465
0.039455
0.0411217
0.042543
0.0437164
0.0446409
0.0453167
0.0457456
0.0459304
0.0458756
0.0455864
0.0450693
0.0443319
0.0433825
0.0422309
0.0408874
0.0393634
0.0376709
0.0358226
0.0338317
0.0317118
0.029477
0.0271417
0.0247204
0.0222279
0.0196786
0.0170871
0.0144681
0.0118358
0.00920407
0.00658651
0.00399614
0.00144553
-0.00105317
-0.00348831
-0.00584883
-0.00812452
-0.0103061
-0.0123852
-0.0143545
-0.0162073
-0.0179376
-0.0195402
-0.0210106
-0.0223454
-0.0235421
-0.024599
-0.0255155
-0.0262915
-0.0269275
-0.0274249
-0.0277861
-0.0280143
-0.0281132
-0.0280873
-0.0279415
-0.0276808
-0.0273108
-0.0268376
-0.026268
-0.0256093
-0.0248688
-0.0240542
-0.0231731
-0.0222329
-0.0212414
-0.0202062
-0.0191352
-0.0180361
-0.0169165
-0.0157838
-0.0146452
-0.0135076
-0.0123779
-0.0112624
-0.0101673
-0.00909819
-0.00806007
-0.00705761
-0.00609509
-0.0051765
-0.00430546
-0.00348516
-0.00271828
-0.00200698
-0.00135293
-0.00075739
-0.000221219
0.000255168
0.000671809
0.00102919
0.00132818
0.00156998
0.00175605
0.00188821
0.00196863
0.0019999
0.00198492
0.0019268
0.00182863
0.00169347
0.00152439
0.00132462
0.00109764
0.00084718
0.00057709
0.000291114
-7.23211e-06
-0.000314649
-0.000627926
-0.000943789
-0.00125886
-0.00156976
-0.00187326
-0.00216647
-0.00244686
-0.00271218
-0.0029603
-0.0031892
-0.00339695
-0.00358186
-0.00374259
-0.00387821
-0.0039881
-0.00407186
-0.00412925
-0.00416014
-0.00416459
-0.00414287
-0.00409549
-0.00402309
-0.00392648
-0.00380655
-0.00366431
-0.00350096
-0.00331788
-0.00311662
-0.00289882
-0.00266623
-0.00242065
-0.002164
-0.00189831
-0.00162563
-0.001348
-0.00106732
-0.000785414
-0.000504071
-0.000225141
4.94566e-05
0.000317823
0.000578232
0.000829231
0.00106962
0.0012983
0.0015141
0.0017157
0.00190175
0.00207105
0.00222278
0.00235649
0.00247198
0.00256903
0.00264724
0.00270607
0.00274504
0.00276398
0.0027631
0.00274293
0.00270403
0.00264683
0.0025716
0.00247859
0.00236826
0.00224135
0.00209887
0.0019418
0.001771
0.00158714
0.0013909
0.00118316
0.000965175
0.000738387
0.000504223
0.000263849
1.81229e-05
-0.000232239
-0.000486414
-0.000743305
-0.00100159
-0.00125994
-0.00151725
-0.00177271
-0.00202571
-0.00227558
-0.00252142
-0.00276214
-0.0029966
-0.00322386
-0.00344325
-0.00365428
-0.00385648
-0.0040492
-0.00423171
-0.00440329
-0.00456347
-0.00471206
-0.00484903
-0.00497429
-0.00508751
-0.00518809
-0.00527538
-0.00534894
-0.00540858
-0.00545442
-0.00548655
-0.00550493
-0.00550921
-0.00549889
-0.00547349
-0.00543276
-0.00537668
-0.00530541
-0.00521911
-0.00511786
-0.00500165
-0.00487045
-0.00472398
-0.00456032
-0.00437957
-0.00418224
-0.00396885
-0.00373995
-0.0034962
-0.00323847
-0.00296782
-0.00268544
-0.00239262
-0.0020907
-0.00178105
-0.00146506
-0.00114419
-0.000819937
-0.000493862
-0.000167576
0.000157223
0.000478742
0.000795154
0.00110466
0.00140557
0.00169625
0.00197514
0.00224067
0.00249121
0.00272512
0.00294086
0.00313712
0.00331287
0.00346735
0.00360002
0.00371042
0.00379819
0.00386304
0.00390483
0.00392367
0.00391988
0.00389402
0.00384683
0.00377925
0.00369241
0.00358761
0.00346629
0.00333003
0.00318046
0.00301926
0.00284816
0.00266897
0.00248359
0.00229395
0.002102
0.00190963
0.00171864
0.00153072
0.0013475
0.00117051
0.00100121
0.000840942
0.000690869
0.000551987
0.000425109
0.000310887
0.000209808
0.000122179
4.81164e-05
-1.2466e-05
-5.98455e-05
-9.4464e-05
-0.000116914
-0.000127911
-0.0001283
-0.000119048
-0.000101241
-7.60644e-05
-4.4766e-05
-8.62963e-06
3.1045e-05
7.29568e-05
0.000115821
0.000158388
0.000199472
0.000237969
0.000272879
0.000303319
0.000328532
0.000347903
0.000360977
0.000367469
0.00036801
0.000365681
0.000360791
0.000353314
0.000343237
0.000330582
0.000315399
0.000297767
0.00027779
0.000255588
0.000231294
0.000205056
0.000177042
0.000147442
0.000116479
8.43855e-05
5.14061e-05
1.77917e-05
-1.62215e-05
-5.04265e-05
-8.46306e-05
-0.000118626
-0.000152204
-0.000185159
-0.000217279
-0.000248388
-0.000278301
-0.000306833
-0.000333802
-0.000359015
-0.000382332
-0.000403609
-0.000422708
-0.000439503
-0.000453848
-0.000465666
-0.000474865
-0.000481377
-0.000485149
-0.000486111
-0.000484266
-0.000479595
-0.000472092
-0.000461774
-0.000448655
-0.000432837
-0.000414411
-0.000393481
-0.000370157
-0.000344531
-0.000316758
-0.000286982
-0.00025537
-0.000222103
-0.000187362
-0.000151348
-0.000114254
-7.62843e-05
-3.76494e-05
1.41129e-06
4.06873e-05
7.99509e-05
0.000118979
0.000157557
0.000195423
0.000232416
0.000268325
0.000302945
0.000336078
0.000367457
0.000396987
0.000424504
0.000449851
0.000472882
0.000493349
0.000511242
0.000526457
0.000538902
0.000548501
0.000555054
0.000558648
0.000559253
0.000556858
0.000551475
0.000542984
0.000531575
0.0005173
0.000500221
0.000480406
0.000457805
0.000432653
0.000405063
0.000375169
0.000343111
0.000308945
0.000272921
0.000235199
0.000195941
0.000155317
0.000113472
7.06146e-05
2.69277e-05
-1.74033e-05
-6.21948e-05
-0.000107199
-0.000152304
-0.000197332
-0.000242105
-0.000286442
-0.000329986
-0.000372749
-0.000414576
-0.00045532
-0.000494842
-0.000532703
-0.000569063
-0.000603782
-0.000636725
-0.000667774
-0.000696422
-0.000722991
-0.000747401
-0.000769578
-0.00078944
-0.000806433
-0.000820961
-0.000832968
-0.000842412
-0.000849263
-0.000853007
-0.000854116
-0.000852575
-0.000848372
-0.000841505
-0.000831544
-0.000818946
-0.000803734
-0.000785933
-0.000765568
-0.000742374
-0.000716695
-0.000688585
-0.000658106
-0.000625326
-0.000590234
-0.00055299
-0.000513677
-0.000472384
-0.000429203
-0.000384425
-0.000337952
-0.000289887
-0.000240342
-0.00018944
-0.000137832
-8.5141e-05
-3.15096e-05
2.29224e-05
7.8015e-05
0.000132796
0.000187938
0.000243275
0.000298631
0.000353825
0.00040759
0.000460826
0.000513343
0.000564941
0.000615414
0.000663321
0.0007097
0.000754363
0.00079712
0.000837774
0.000874879
0.000909455
0.000941285
0.000970159
0.000995883
0.00101721
0.00103504
0.00104921
0.00105954
0.00106585
0.00106728
0.00106439
0.00105708
0.00104526
0.00102883
0.00100753
0.000981494
0.000950675
0.000915048
0.000874612
0.000829805
0.000780234
0.000725943
0.000667
0.000603499
0.000536656
0.000465555
0.00039039
0.000311376
0.000228738
0.000144413
5.69732e-05
-3.32863e-05
-0.000126042
-0.000220946
-0.000315485
-0.000411437
-0.000508417
-0.000606022
-0.000703824
-0.000799004
-0.000893489
-0.000986831
-0.00107858
-0.0011683
-0.00125321
-0.00133516
-0.0014137
-0.00148836
-0.00155869
-0.00162233
-0.00168081
-0.00173374
-0.00178074
-0.00182143
-0.00185419
-0.00187997
-0.00189849
-0.00190951
-0.00191284
-0.00190791
-0.00189497
-0.00187389
-0.00184461
-0.0018071
-0.00176204
-0.00170884
-0.00164761
-0.00157848
-0.00150163
-0.00141892
-0.00132894
-0.00123199
-0.00112842
-0.00101861
-0.0009055
-0.000787012
-0.000663619
-0.00053583
-0.000404187
-0.000272381
-0.000137881
-1.29615e-06
0.000136742
0.000275587
0.000411231
0.000546364
0.000680323
0.000812438
0.00094204
0.00106529
0.00118472
0.00129968
0.00140957
0.00151381
0.00160924
0.00169793
0.00177937
0.00185306
0.00191856
0.00197379
0.00202007
0.00205709
0.00208462
0.00210244
0.00210988
0.00210733
0.00209473
0.00207208
0.00203942
0.00199752
0.00194588
0.00188468
0.00181418
0.00173467
0.00164831
0.00155368
0.00145124
0.00134145
0.00122484
0.00110461
0.000978666
0.000847617
0.000712109
0.000572822
0.000433657
0.000292108
0.000148879
4.68078e-06
-0.00013977
-0.000280423
-0.000419912
-0.000557547
-0.000692659
-0.000824596
-0.000949674
-0.00107036
-0.0011861
-0.00129637
-0.00140067
-0.00149611
-0.00158472
-0.0016661
-0.00173991
-0.00180581
-0.00186199
-0.0019098
-0.0019491
-0.00197979
-0.00200185
-0.00201471
-0.00201899
-0.00201477
-0.0020022
-0.00198145
-0.00195313
-0.00191714
-0.00187379
-0.00182341
-0.00176638
-0.00170428
-0.00163636
-0.00156308
-0.00148491
-0.00140235
-0.00131767
-0.00122963
-0.00113878
-0.00104564
-0.000950723
-0.000856562
-0.000761636
-0.000666427
-0.000571417
-0.000477086
-0.000385902
-0.000296326
-0.000208784
-0.000123676
-4.13637e-05
3.60822e-05
0.000110116
0.000180485
0.000246969
0.000309383
0.000366233
0.000418731
0.000466776
0.000510295
0.00054925
0.00058277
0.000611774
0.000636352
0.000656625
0.000672739
0.000684412
0.000692264
0.000696493
0.000697313
0.000694965
0.000689577
0.000681538
0.000671117
0.000658587
0.000644227
0.000628366
0.000611248
0.000593158
0.000574376
0.000555171
0.000535865
0.000516626
0.000497676
0.000479218
0.000461437
0.000444475
0.000428498
0.000413633
0.00039999
0.000387659
0.000376538
0.000366826
0.000358518
0.000351578
0.000345944
0.000341251
0.000337694
0.000335169
0.000333551
0.000332695
0.00033212
0.000331959
0.00033202
0.000332097
0.000331974
0.000331216
0.000329776
0.0003274
0.000323838
0.000318856
0.000312318
0.000303943
0.000293534
0.000280888
0.000265796
0.000248561
0.000228495
0.000205448
0.0001793
0.000149962
0.000118388
8.35128e-05
4.53094e-05
3.77402e-06
-4.10741e-05
-8.76476e-05
-0.000137432
-0.000190343
-0.000246264
-0.000305043
-0.000364491
-0.000426366
-0.000490407
-0.000556342
-0.000623889
-0.000690512
-0.000758165
-0.000826524
-0.000895227
-0.000963884
-0.00102983
-0.00109492
-0.00115877
-0.00122098
-0.00128115
-0.0013369
-0.0013898
-0.00143946
-0.00148549
-0.00152753
-0.00156384
-0.00159546
-0.00162205
-0.00164328
-0.00165885
-0.00166794
-0.00167089
-0.00166753
-0.00165771
-0.0016413
-0.00161863
-0.00158917
-0.00155288
-0.00150975
-0.00145985
-0.00140476
-0.0013431
-0.00127503
-0.00120075
-0.00112049
-0.00103701
-0.000948132
-0.000854193
-0.000755542
-0.00065255
-0.000548834
-0.000441579
-0.000331229
-0.000218266
-0.000103194
9.80686e-06
0.000123866
0.000238451
0.000353017
0.000467015
0.000576215
0.000683765
0.000789134
0.000891793
0.000991208
0.00108357
0.00117164
0.00125493
0.00133297
0.00140534
0.00146913
0.00152645
0.00157692
0.00162018
0.00165591
0.00168247
0.00170101
0.00171135
0.00171337
0.00170699
0.00169208
0.00166867
0.00163673
0.00159634
0.0015476
0.00149198
0.00142834
0.00135685
0.00127776
0.00119132
0.00110046
0.00100293
0.000899167
0.000789603
0.000674702
0.000558526
0.00043794
0.00031342
0.000185473
5.46459e-05
-7.42784e-05
-0.00020491
-0.000336647
-0.000468893
-0.000601066
-0.000728251
-0.000854244
-0.000978487
-0.00110041
-0.00121943
-0.00133097
-0.00143847
-0.0015414
-0.00163929
-0.00173172
-0.00181507
-0.00189217
-0.00196265
-0.00202617
-0.0020824
-0.00212905
-0.00216792
-0.00219885
-0.0022217
-0.00223634
-0.00224203
-0.00223934
-0.00222824
-0.00220877
-0.00218102
-0.00214596
-0.00210292
-0.0020521
-0.00199368
-0.0019279
-0.00185722
-0.00177979
-0.00169599
-0.00160622
-0.0015109
-0.0014137
-0.00131176
-0.00120553
-0.00109547
-0.000981807
-0.000868836
-0.000753354
-0.000636116
-0.000517874
-0.000399376
-0.000285497
-0.000172793
-6.1971e-05
4.62838e-05
0.000151316
0.000248725
0.000341788
0.000429983
0.000512816
0.000589837
0.000657648
0.000718989
0.000773618
0.000821362
0.000862111
0.000893864
0.000918607
0.000936371
0.000947239
0.000951347
0.000948083
0.000938546
0.000923046
0.000901937
0.000875608
0.000844676
0.000809376
0.000770176
0.000727566
0.000682048
0.000635073
0.00058614
0.000535736
0.000484348
0.000432455
0.00038189
0.000331651
0.000282163
0.000233818
0.000186974
0.000143407
0.000101842
6.25333e-05
2.57014e-05
-8.46975e-06
-3.8553e-05
-6.58407e-05
-9.02618e-05
-0.000111777
-0.000130374
-0.000145109
-0.000157103
-0.000166435
-0.000173213
-0.000177564
-0.000179026
-0.000178445
-0.000175992
-0.000171848
-0.000166205
-0.000158959
-0.00015067
-0.000141538
-0.000131754
-0.000121504
-0.00011086
-0.000100117
-8.94353e-05
-7.89657e-05
-6.88441e-05
-5.91848e-05
-5.0096e-05
-4.16612e-05
-3.39473e-05
-2.70054e-05
-2.08865e-05
-1.55873e-05
-1.11125e-05
-7.45118e-06
-4.57747e-06
-2.45629e-06
-1.02753e-06
-2.31923e-07
0
0
0
0
0
0
0
0
0
0
0
0
0
0
0
0
0
0
0
0
0
0
0
0
0
0
0
0
0
0
0
0
0
0
0
0
0
0
0
0
0
0
0
0
0
0
0
0
0
0
0
0
0
0
0
0
0
0
0
0
0
0
0
0
0
0
0
0
0
0
0
0
0
0
0
0
0
0
0
0
0
0
0
0
0
0
0
0
0
0
0
0
0
0
0
0
0
0
0
0
0
0
0
0
0
0
0
0
0
0
0
0
0
0
0
0
0
0
0
0
0
0
0
0
0
0
0
0
0
0
0
0
0
0
0
0
0
0
0
0
0
0
0
0
0
0
0
0
0
0
0
0
0
0
0
0
0
0
0
0
0
0
0
0
0
0
0
0
0
0
0
0
0
0
0
0
0
0
0
0
0
0
0
0
0
0
0
0
0
0
0
0
0
0
0
0
0
0
0
0
0
