-0
-0
-0
-0
-0
-0
-0
-0
-0
-0
-0
-0
-0
-0
-0
-0
-0
-0
-0
-0
-0
-0
-0
-0
-0
-0
-0
-0
-0
0
0
0
0
0
0
0
0
0
0
0
0
0
0
0
0
0
0
0
0
0
0
0
0
0
0
0
0
0
0
0
0
0
0
0
0
0
0
0
0
0
0
0
0
0
0
0
0
0
0
0
-0
-0
-0
-0
-0
-0
-0
-0
-0
-0
-0
-0
-0
-0
-0
-0
-0
-0
-0
-0
-0
-0
-0
-0
-0
-0
-0
-0
-0
-0
-0
-0
-0
-0
-0
-0
-0
-0
-0
-0
-0
-0
0
0
0
0
0
0
0
0
0
0
0
0
0
0
0
0
0
0
0
0
0
0
0
0
0
0
0
0
0
0
0
0
0
0
0
0
0
0
0
-0
-0
-0
-0
-0
-0
-0
-0
-0
-0
-0
-0
-0
-0
-0
-0
-0
-0
-0
-0
-0
-0
-0
-0
-0
-0
-0
-0
-0
-0
-0
-0
-0
-0
-0
-0
-0
-0
-0
-0
1.4248e-07
1.70477e-06
6.45398e-06
1.61595e-05
3.25562e-05
5.73106e-05
9.19899e-05
0.000138031
0.000196711
0.00026911
0.000356084
0.000458235
0.000575881
0.000709042
0.000857416
0.00102037
0.00119693
0.00138578
0.00158526
0.00179337
0.00200782
0.00222599
0.00244502
0.00266178
0.00287295
0.003075
0.00326428
0.00343701
0.0035893
0.00371718
0.00381667
0.0038838
0.00391477
0.00390595
0.00385404
0.00375609
0.00360947
0.00341187
0.00316126
0.00285594
0.0024946
0.00207649
0.0016015
0.00107022
0.000483947
-0.00015545
-0.00084562
-0.00158378
-0.00236671
-0.00319064
-0.00405123
-0.00494351
-0.00586196
-0.00680058
-0.00775302
-0.0087126
-0.00967238
-0.0106252
-0.0115638
-0.0124807
-0.0133686
-0.0142199
-0.0150275
-0.0157839
-0.0164819
-0.0171147
-0.017676
-0.0181602
-0.0185621
-0.0188773
-0.0191016
-0.0192311
-0.0192624
-0.0191925
-0.0190195
-0.0187427
-0.0183628
-0.017881
-0.0172995
-0.016621
-0.0158485
-0.0149857
-0.0140373
-0.0130089
-0.0119069
-0.0107385
-0.00951111
-0.00823264
-0.00691114
-0.00555491
-0.00417391
-0.00277634
-0.00136863
4.26699e-05
0.00145093
0.00284949
0.00423165
0.0055908
0.00692053
0.00821472
0.0094676
0.0106737
0.0118279
0.012925
0.0139602
0.0149286
0.015826
0.0166485
0.0173928
0.0180563
0.018637
0.0191332
0.0195436
0.0198666
0.0201014
0.020247
0.0203031
0.02027
0.0201488
0.019941
0.0196489
0.0192745
0.0188205
0.0182895
0.0176846
0.0170096
0.0162687
0.0154669
0.0146092
0.0137009
0.0127471
0.011753
0.0107238
0.0096649
0.00858201
0.00748085
0.00636705
0.00524607
0.00412319
0.00300362
0.00189258
0.00079529
-0.000283197
-0.00133821
-0.00236561
-0.00336176
-0.00432346
-0.00524766
-0.00613147
-0.00697213
-0.00776724
-0.00851494
-0.00921406
-0.00986407
-0.010465
-0.011017
-0.0115207
-0.0119764
-0.0123849
-0.0127468
-0.0130634
-0.0133363
-0.0135675
-0.0137595
-0.013915
-0.0140368
-0.0141275
-0.0141897
-0.0142257
-0.0142379
-0.0142291
-0.0142024
-0.0141609
-0.0141078
-0.0140462
-0.0139783
-0.0139061
-0.0138312
-0.0137552
-0.0136796
-0.0136062
-0.0135365
-0.0134713
-0.0134114
-0.0133567
-0.0133068
-0.013261
-0.0132186
-0.0131786
-0.01314
-0.0131017
-0.0130621
-0.0130196
-0.0129722
-0.0129176
-0.0128532
-0.0127762
-0.0126836
-0.0125723
-0.0124396
-0.0122824
-0.012098
-0.0118836
-0.0116365
-0.0113541
-0.0110336
-0.0106729
-0.0102697
-0.00982217
-0.00932835
-0.00878669
-0.00819588
-0.00755515
-0.00686437
-0.00612405
-0.00533528
-0.00449958
-0.00361872
-0.0026947
-0.00172975
-0.000726475
0.000312073
0.00138234
0.00248029
0.0036014
0.0047408
0.00589328
0.0070534
0.00821555
0.00937398
0.0105228
0.011656
0.0127673
0.0138501
0.0148974
0.0159023
0.0168577
0.0177568
0.0185929
0.0193598
0.0200514
0.0206618
0.0211852
0.0216159
0.0219485
0.0221779
0.0222997
0.0223095
0.0222042
0.0219811
0.0216385
0.0211754
0.020592
0.0198888
0.019067
0.0181283
0.0170751
0.0159101
0.0146371
0.0132607
0.0117862
0.0102199
0.00856897
0.00684103
0.00504444
0.003188
0.00128091
-0.000667378
-0.0026472
-0.00464874
-0.00666192
-0.00867638
-0.0106814
-0.0126661
-0.0146193
-0.0165301
-0.0183876
-0.0201815
-0.0219017
-0.0235387
-0.0250831
-0.0265261
-0.027859
-0.0290739
-0.0301634
-0.0311207
-0.0319396
-0.0326148
-0.0331416
-0.0335163
-0.0337359
-0.0337982
-0.033702
-0.0334467
-0.0330326
-0.0324611
-0.0317341
-0.0308547
-0.029827
-0.0286561
-0.0273477
-0.0259086
-0.0243458
-0.0226672
-0.020881
-0.0189959
-0.0170211
-0.0149666
-0.0128428
-0.0106608
-0.00843206
-0.00616854
-0.00388231
-0.00158557
0.00070942
0.00299041
0.00524519
0.00746163
0.0096278
0.011732
0.0137629
0.0157097
0.0175619
0.0193097
0.0209439
0.0224558
0.0238374
0.025081
0.0261799
0.027128
0.0279202
0.0285522
0.0290205
0.0293226
0.0294568
0.0294221
0.0292185
0.028847
0.0283093
0.0276082
0.0267473
0.0257309
0.024564
0.0232523
0.0218022
0.0202208
0.0185161
0.0166966
0.0147717
0.012751
0.010645
0.00846426
0.00622006
0.0039239
0.00158757
-0.000777039
-0.003158
-0.00554343
-0.00792148
-0.0102803
-0.0126082
-0.0148935
-0.0171248
-0.0192909
-0.0213813
-0.0233855
-0.0252937
-0.0270964
-0.0287847
-0.0303503
-0.0317859
-0.0330848
-0.0342414
-0.0352506
-0.036108
-0.0368103
-0.0373547
-0.0377397
-0.0379645
-0.0380293
-0.0379351
-0.0376835
-0.0372772
-0.0367192
-0.0360136
-0.0351652
-0.0341793
-0.0330618
-0.0318191
-0.0304583
-0.0289868
-0.0274126
-0.0257444
-0.023991
-0.0221617
-0.0202657
-0.0183125
-0.0163117
-0.014273
-0.0122064
-0.0101219
-0.00802959
-0.00593928
-0.00386075
-0.00180353
0.000223094
0.00221012
0.00414891
0.00603121
0.00784922
0.00959554
0.0112632
0.0128456
0.0143366
0.0157309
0.0170234
0.0182099
0.019287
0.0202515
0.0211008
0.021833
0.0224465
0.0229407
0.0233155
0.0235716
0.02371
0.0237325
0.0236408
0.0234377
0.0231259
0.022709
0.0221909
0.0215761
0.0208691
0.0200749
0.0191986
0.0182459
0.0172225
0.0161344
0.014988
0.0137894
0.0125452
0.0112616
0.00994508
0.00860227
0.00723967
0.00586369
0.00448064
0.0030966
0.00171752
0.000349188
-0.00100271
-0.00233266
-0.0036354
-0.00490598
-0.00613983
-0.00733269
-0.00848064
-0.00958003
-0.0106275
-0.0116201
-0.012555
-0.01343
-0.0142429
-0.014992
-0.015676
-0.0162936
-0.0168442
-0.0173272
-0.0177427
-0.0180907
-0.0183717
-0.0185864
-0.0187357
-0.0188207
-0.018843
-0.018804
-0.0187057
-0.0185503
-0.0183399
-0.0180769
-0.0177639
-0.0174034
-0.016998
-0.0165504
-0.0160634
-0.01554
-0.0149832
-0.0143961
-0.0137817
-0.013143
-0.012483
-0.0118043
-0.0111099
-0.0104024
-0.00968455
-0.00895919
-0.00822893
-0.00749633
-0.00676383
-0.00603386
-0.00530875
-0.00459081
-0.0038822
-0.00318497
-0.00250102
-0.00183213
-0.00118003
-0.000546413
6.71e-05
0.000659005
0.00122798
0.0017729
0.00229277
0.0027867
0.0032538
0.00369322
0.0041042
0.0044861
0.0048385
0.00516109
0.00545366
0.00571599
0.00594788
0.00614921
0.00631999
0.00646042
0.00657088
0.00665187
0.00670392
0.00672758
0.00672337
0.0066919
0.00663385
0.00655003
0.00644131
0.00630862
0.0061529
0.00597511
0.00577628
0.00555746
0.00531976
0.00506428
0.00479209
0.0045043
0.00420207
0.00388662
0.00355929
0.00322146
0.00287449
0.00251969
0.00215828
0.00179141
0.00142026
0.00104606
0.000670104
0.000293702
-8.18395e-05
-0.000455274
-0.000825436
-0.00119123
-0.00155165
-0.00190572
-0.0022525
-0.00259108
-0.00292055
-0.00323998
-0.00354848
-0.00384518
-0.00412929
-0.00440013
-0.00465711
-0.00489973
-0.0051275
-0.00533999
-0.00553675
-0.00571741
-0.00588159
-0.00602899
-0.00615933
-0.00627237
-0.00636796
-0.00644603
-0.00650661
-0.00654983
-0.00657582
-0.00658468
-0.00657649
-0.00655127
-0.00650915
-0.00645034
-0.00637522
-0.00628427
-0.00617801
-0.00605694
-0.00592154
-0.00577234
-0.00560996
-0.00543511
-0.00524859
-0.00505118
-0.00484361
-0.00462656
-0.00440076
-0.004167
-0.00392622
-0.00367942
-0.00342761
-0.00317165
-0.00291233
-0.00265038
-0.00238656
-0.00212179
-0.00185707
-0.00159344
-0.00133185
-0.00107316
-0.000818103
-0.000567408
-0.000321853
-8.22893e-05
0.000150397
0.000375352
0.000591799
0.000799042
0.000996425
0.0011833
0.00135904
0.00152304
0.00167482
0.00181399
0.00194026
0.00205335
0.00215296
0.00223877
0.00231046
0.0023678
0.00241071
0.0024392
0.0024534
0.00245347
0.00243959
0.002412
0.002371
0.00231699
0.00225031
0.00217056
0.00207832
0.00197441
0.00185974
0.00173526
0.001602
0.00146105
0.00131354
0.00116061
0.00100347
0.000843334
0.00068151
0.000519328
0.000358114
0.000199124
4.35032e-05
-0.00010785
-0.000257316
-0.000410299
-0.000572025
-0.000747319
-0.000940523
-0.00115543
-0.00139523
-0.00166242
-0.00195873
-0.002285
-0.00264113
-0.00302604
-0.0034377
-0.00387327
-0.00432916
-0.0048011
-0.00528412
-0.0057725
-0.00625973
-0.0067386
-0.00720141
-0.00764024
-0.0080472
-0.00841466
-0.00873517
-0.00900149
-0.0092065
-0.00934336
-0.00940588
-0.00938878
-0.00928788
-0.00909993
-0.00882223
-0.00845222
-0.00798753
-0.00742647
-0.0067688
-0.00601643
-0.00517356
-0.00424615
-0.00324094
-0.00216457
-0.00102326
0.000176691
0.00142802
0.00272178
0.00404718
0.00539205
0.00674369
0.00808956
0.00941766
0.0107167
0.0119757
0.0131849
0.0143353
0.0154195
0.0164312
0.0173643
0.0182127
0.0189702
0.0196309
0.0201905
0.020646
0.0209968
0.0212441
0.0213895
0.0214353
0.0213828
0.0212344
0.0209938
0.020667
0.0202623
0.0197876
0.0192519
0.0186643
0.018033
0.0173662
0.0166696
0.015949
0.0152102
0.0144601
0.013708
0.012964
0.0122397
0.0115459
0.0108907
0.0102787
0.0097107
0.00918576
0.00870363
0.00826838
0.00788155
0.00754554
0.00726207
0.00703151
0.00685249
0.00672079
0.00663371
0.00658676
0.0065755
0.00659598
0.00664266
0.00671579
0.00681368
0.00693439
0.00707496
0.00722743
0.00739021
0.00755803
0.00772647
0.00789234
0.00804859
0.00819769
0.00833707
0.00846378
0.00857496
0.00866293
0.00873087
0.00877642
0.00879646
0.00878743
0.00874152
0.00866333
0.0085552
0.00842131
0.00826541
0.0080848
0.00788112
0.00765051
0.00739046
0.00710271
0.00679255
0.00647083
0.00614636
0.00582418
0.00550481
0.00518883
0.00487275
0.00455915
0.00425446
0.00396694
0.00371128
0.00348467
0.00328912
0.00312597
0.00299782
0.00292202
0.00289138
0.00291076
0.00298312
0.00310973
0.00330955
0.00356658
0.00388441
0.0042673
0.00471846
0.0052609
0.00587088
0.00654552
0.00728223
0.0080797
0.00896195
0.00990556
0.0109109
0.0119776
0.0131046
0.0143129
0.0155778
0.0168965
0.0182658
0.0196822
0.0211601
0.022681
0.0242443
0.0258497
0.0274955
0.0291847
0.0309052
0.0326509
0.0344166
0.0361983
0.0379859
0.039785
0.0415928
0.043406
0.0452206
0.0470075
0.048789
0.0505628
0.0523265
0.0540776
0.0557697
0.0574441
0.0590982
0.0607292
0.0623334
0.0638445
0.0653177
0.0667472
0.0681284
0.0694581
0.0706605
0.0718057
0.0728881
0.0738991
0.0748285
0.0755887
0.0762499
0.0768064
0.0772531
0.0775838
0.0777186
0.0777203
0.0775795
0.0772875
0.0768365
0.0761653
0.0753188
0.0742871
0.0730595
0.0716256
0.0699545
0.0680618
0.0659409
0.0635839
0.0609816
0.0581426
0.0550393
0.0516654
0.0480182
0.0440974
0.0399713
0.0355741
0.0309079
0.0259759
0.0207837
0.0154547
0.00988232
0.00407712
-0.00194914
-0.00818233
-0.014447
-0.02088
-0.027457
-0.0341528
-0.0409423
-0.0476152
-0.054332
-0.061064
-0.0677779
-0.0744354
-0.0808036
-0.0870346
-0.0930901
-0.098933
-0.104526
-0.109659
-0.114462
-0.118896
-0.12292
-0.126493
-0.129455
-0.131895
-0.133781
-0.135074
-0.135739
-0.135685
-0.134934
-0.133458
-0.131234
-0.128245
-0.124513
-0.11999
-0.114668
-0.108542
-0.101612
-0.0940172
-0.0856284
-0.0764579
-0.0665241
-0.0558511
-0.0447012
-0.0328751
-0.0204103
-0.0073482
0.00626565
0.0200718
0.0343248
0.0489651
0.063929
0.0791494
0.0942031
0.109372
0.124581
0.139753
0.154808
0.169311
0.183536
0.197403
0.210831
0.223738
0.235732
0.247042
0.257588
0.267298
0.276099
0.28371
0.290283
0.29576
0.300081
0.303195
0.30497
0.305452
0.30461
0.302416
0.298853
0.293977
0.287712
0.280063
0.271038
0.260658
0.249173
0.236387
0.222339
0.207076
0.190654
0.173508
0.155341
0.136229
0.116255
0.0955041
0.07454
0.0529872
0.0309484
0.00853309
-0.0141447
-0.0364493
-0.0587812
-0.0810209
-0.103048
-0.124739
-0.145475
-0.165636
-0.185106
-0.203771
-0.22152
-0.237829
-0.253005
-0.266947
-0.279561
-0.290759
-0.300199
-0.308078
-0.314335
-0.318915
-0.321771
-0.322792
-0.322025
-0.319453
-0.315069
-0.308877
-0.301027
-0.291408
-0.280053
-0.267008
-0.252326
-0.236402
-0.218974
-0.200122
-0.179937
-0.158519
-0.136469
-0.113407
-0.0894546
-0.0647355
-0.0393802
-0.0141178
0.011509
0.0373594
0.06329
0.0891567
0.1142
0.138896
0.163106
0.186691
0.209514
0.230886
0.251232
0.270431
0.288366
0.304929
0.319603
0.332714
0.344178
0.353922
0.36188
0.367774
0.371784
0.373876
0.374028
0.37223
0.368489
0.362809
0.35521
0.345726
0.3344
0.321527
0.306933
0.290694
0.272895
0.25363
0.233442
0.211999
0.189419
0.165827
0.141355
0.116723
0.0914883
0.0657926
0.0397789
0.0135923
-0.0119747
-0.0374203
-0.062596
-0.0873534
-0.111546
-0.13441
-0.156432
-0.177485
-0.197445
-0.216198
-0.23312
-0.248628
-0.262631
-0.275045
-0.285794
-0.29447
-0.301356
-0.306408
-0.30959
-0.310882
-0.310148
-0.307515
-0.302994
-0.296606
-0.288382
-0.278467
-0.266809
-0.253469
-0.238518
-0.222036
-0.204422
-0.18546
-0.16525
-0.143901
-0.121523
-0.0987076
-0.0751013
-0.0508278
-0.0260151
-0.000794584
0.0241336
0.0492032
0.0742824
0.0992403
0.123948
0.147697
0.17095
0.193592
0.215509
0.236594
0.256217
0.27481
0.292283
0.308553
0.323545
0.336787
0.348629
0.359023
0.367928
0.375312
0.380905
0.384938
0.387407
0.38832
0.387689
0.385471
0.381759
0.37659
0.370006
0.362059
0.35291
0.342524
0.330972
0.318327
0.304668
0.290318
0.275118
0.259159
0.242533
0.225332
0.207987
0.190252
0.172215
0.153969
0.135601
0.117582
0.0996185
0.0817933
0.064185
0.0468677
0.0302839
0.0141284
-0.00153578
-0.0166503
-0.0311622
-0.0447
-0.0575464
-0.0696645
-0.0810219
-0.0915917
-0.101104
-0.109799
-0.117671
-0.124721
-0.130952
-0.136201
-0.140636
-0.144267
-0.147109
-0.149185
-0.150443
-0.151004
-0.150904
-0.150182
-0.148871
-0.146988
-0.144589
-0.141713
-0.138399
-0.134689
-0.13065
-0.126297
-0.121671
-0.116812
-0.111759
-0.106601
-0.10132
-0.0959483
-0.090511
-0.0850326
-0.079595
-0.0741608
-0.0687497
-0.0633791
-0.0580639
-0.0528763
-0.0477663
-0.042741
-0.0378033
-0.032951
-0.0282377
-0.0235896
-0.0189929
-0.014435
-0.00990584
-0.00546849
-0.00104255
0.00338591
0.00783733
0.0123375
0.0168211
0.0214035
0.0261009
0.0309227
0.0358744
0.0408385
0.0459505
0.0512272
0.0566877
0.0623482
0.0680545
0.0739681
0.0800792
0.0863734
0.0928371
0.0992612
0.10584
0.112571
0.119447
0.126452
0.133339
0.1403
0.147302
0.154311
0.161295
0.167997
0.17462
0.181133
0.1875
0.193681
0.199428
0.204906
0.210074
0.214896
0.219339
0.223213
0.226641
0.229589
0.232029
0.233935
0.23521
0.235912
0.236024
0.23553
0.234414
0.232686
0.230318
0.227308
0.223667
0.219408
0.214673
0.20935
0.203452
0.196994
0.189992
0.182695
0.174909
0.166671
0.158021
0.149
0.139945
0.130584
0.12095
0.111075
0.101001
0.0911252
0.081149
0.0711239
0.0610982
0.0511153
0.041571
0.0321477
0.0228855
0.0138274
0.00501686
-0.00317395
-0.0110113
-0.0184466
-0.0254358
-0.0319391
-0.0376769
-0.0428638
-0.0474739
-0.051486
-0.0548835
-0.0575142
-0.059509
-0.0608619
-0.061573
-0.0616506
-0.0610884
-0.059936
-0.0582226
-0.0559775
-0.053229
-0.0500866
-0.0464991
-0.0425059
-0.0381547
-0.0334993
-0.0287545
-0.0238064
-0.018701
-0.0134798
-0.00818356
-0.00305712
0.00206699
0.00714327
0.0121274
0.0169787
0.0214523
0.0257368
0.029803
0.0336231
0.0371705
0.0402371
0.0429984
0.0454391
0.0475485
0.0493196
0.0506102
0.0515702
0.0522037
0.0525183
0.0525244
0.0521466
0.0514943
0.0505819
0.0494256
0.048044
0.0464173
0.0446157
0.0426653
0.0405917
0.0384196
0.0361638
0.033855
0.0315143
0.0291628
0.0268218
0.0245221
0.0222712
0.0200864
0.0179828
0.0159733
0.0140835
0.0123049
0.0106452
0.00911008
0.00770339
0.0064381
0.00530028
0.00428902
0.00340201
0.0026355
0.00198921
0.00144965
0.00100984
0.000662033
0.000397892
0.000209347
8.59622e-05
1.90706e-05
0
0
0
0
0
0
0
0
0
0
0
0
0
0
0
0
0
0
0
0
0
0
0
0
0
0
0
0
0
0
0
0
0
0
0
0
0
0
0
0
0
0
0
0
0
0
0
0
0
0
0
0
0
0
0
0
0
0
0
0
0
0
0
0
0
0
0
0
0
0
0
0
0
0
0
0
0
0
0
0
0
0
0
0
0
0
0
0
0
0
0
0
0
0
0
0
0
0
0
0
0
0
0
0
0
0
0
0
0
0
0
0
0
0
0
0
0
0
0
0
0
0
0
0
0
0
0
0
0
0
0
0
0
0
0
0
0
0
0
0
0
0
0
0
0
0
0
0
0
0
0
0
0
0
0
0
0
0
0
0
0
0
0
0
0
0
0
0
0
0
0
0
0
0
0
0
0
0
-0
-0
-0
-0
-0
-0
-0
-0
-0
-0
-0
-0
-0
-0
-0
-0
-0
-0
-0
-0
-0
-0
-0
