-0
0
0
0
0
0
0
0
0
0
0
0
0
0
0
0
0
0
0
0
0
0
0
0
0
0
0
0
0
0
0
0
0
0
0
0
0
0
0
0
0
0
-0
-0
-0
-0
-0
-0
-0
-0
-0
-0
-0
-0
-0
-0
-0
-0
-0
-0
-0
-0
-0
-0
-0
-0
-0
-0
-0
-0
-0
-0
-0
-0
-0
-0
-0
-0
-0
-0
-0
-0
-0
-0
-0
-0
0
0
0
0
0
0
0
0
0
0
0
0
0
0
0
0
0
0
0
0
0
0
0
0
0
0
0
0
0
0
0
0
0
0
0
0
0
0
0
0
0
0
0
0
0
0
0
0
0
-0
-0
-0
-0
-0
-0
-0
-0
-0
-0
-0
-0
-0
-0
-0
-0
-0
-0
-0
-0
-0
-0
-0
-0
-0
-0
-0
-0
-0
-0
-0
-0
-0
-0
-0
-0
-0
-0
-0
-0
-0
-0
-0
-0
-0
-0
-0
-0
-0
-0
-0
-0
-0
-0
-0
-0
-0
0
0
0
0
0
0
0
0
0
0
0
0
0
0
0
0
0
0
0
0
0
0
0
0
0
0
0
0
0
0
0
0
0
0
0
0
0
0
0
0
0
0
0
0
0
0
0
0
0
0
0
0
0
0
0
0
0
0
0
0
0
-0
-0
-0
-0
-0
-0
-0
-0
-0
-0
-0
-0
-0
-0
-0
-0
-0
-0
-0
-0
-0
-0
-0
-0
-0
-0
-0
-0
-0
-0
-0
-0
-0
-0
-0
-0
-0
-0
-0
-0
-0
-0
-0
-0
-0
-0
-0
-0
-0
-0
-0
-0
-0
-0
-0
-0
-0
-0
-0
-0
-0
0
0
0
0
0
0
0
0
2.4417e-08
1.06163e-06
3.96075e-06
9.15869e-06
1.70603e-05
2.80319e-05
4.23957e-05
6.04233e-05
8.23324e-05
0.000108283
0.000138377
0.00017265
0.000211071
0.000253536
0.000299859
0.000349779
0.000402956
0.000458982
0.000517377
0.000577597
0.000639031
0.000701002
0.000762771
0.000823543
0.000882471
0.00093866
0.000991172
0.00103904
0.00108128
0.00111692
0.001145
0.00116459
0.00117478
0.00117468
0.00116342
0.00114017
0.00110416
0.00105473
0.000991302
0.000913427
0.000820744
0.00071299
0.00059001
0.000451778
0.000298411
0.00013018
-5.2503e-05
-0.000249088
-0.000458897
-0.000681114
-0.000914776
-0.00115877
-0.00141186
-0.00167271
-0.00193992
-0.00221199
-0.00248739
-0.00276443
-0.00304131
-0.00331614
-0.00358696
-0.00385183
-0.00410887
-0.00435624
-0.00459212
-0.00481471
-0.00502216
-0.00521268
-0.00538452
-0.00553605
-0.0056658
-0.00577243
-0.00585483
-0.00591204
-0.00594334
-0.00594822
-0.00592636
-0.00587757
-0.00580181
-0.0056991
-0.00556961
-0.00541366
-0.00523185
-0.00502508
-0.0047945
-0.00454145
-0.00426736
-0.00397375
-0.00366215
-0.00333424
-0.00299193
-0.00263839
-0.00227571
-0.00190555
-0.00152958
-0.00114938
-0.000766479
-0.000382368
1.45171e-06
0.000383424
0.000761945
0.0011354
0.00150224
0.00186096
0.00221016
0.00254851
0.0028747
0.0031875
0.00348575
0.0037684
0.00403448
0.00428309
0.00451331
0.0047242
0.00491482
0.00508435
0.00523214
0.00535781
0.00546118
0.00554217
0.00560074
0.00563678
0.00565016
0.00564087
0.00560909
0.00555524
0.00547995
0.00538394
0.00526794
0.00513261
0.00497861
0.00480666
0.00461763
0.00441255
0.00419253
0.00395877
0.00371245
0.00345477
0.00318699
0.00291037
0.00262623
0.00233582
0.00204033
0.00174092
0.00143874
0.00113501
0.000831022
0.000528123
0.000227575
-6.95116e-05
-0.000362203
-0.000649674
-0.000931099
-0.00120556
-0.00147205
-0.00172951
-0.00197701
-0.00221378
-0.00243927
-0.00265315
-0.00285512
-0.00304493
-0.00322231
-0.00338697
-0.00353864
-0.0036771
-0.00380225
-0.00391406
-0.00401265
-0.00409824
-0.00417116
-0.00423173
-0.00428025
-0.00431689
-0.00434177
-0.00435498
-0.00435671
-0.00434729
-0.00432726
-0.00429727
-0.00425793
-0.00420978
-0.00415318
-0.0040884
-0.00401571
-0.00393543
-0.00384798
-0.00375386
-0.00365359
-0.00354762
-0.00343632
-0.00331997
-0.00319879
-0.00307298
-0.0029427
-0.00280814
-0.00266946
-0.00252685
-0.00238046
-0.00223047
-0.00207708
-0.00192045
-0.00176071
-0.00159794
-0.00143214
-0.00126326
-0.00109127
-0.000916204
-0.000738163
-0.000557334
-0.000373911
-0.000188031
2.65944e-07
0.000191022
0.000384286
0.000580011
0.000777986
0.000977833
0.00117907
0.00138124
0.00158392
0.00178683
0.00198965
0.00219203
0.00239344
0.00259318
0.00279048
0.0029845
0.00317444
0.00335948
0.00353879
0.00371147
0.00387659
0.00403319
0.00418031
0.00431699
0.00444224
0.00455496
0.00465394
0.00473794
0.00480579
0.00485648
0.0048892
0.00490323
0.00489782
0.00487211
0.0048251
0.00475578
0.00466328
0.00454702
0.0044067
0.00424224
0.00405365
0.00384086
0.00360379
0.00334234
0.00305657
0.0027468
0.00241362
0.0020579
0.00168068
0.00128316
0.000866587
0.000432312
-1.82405e-05
-0.000483528
-0.00096186
-0.00145136
-0.00194996
-0.00245539
-0.00296521
-0.00347687
-0.00398779
-0.00449538
-0.00499701
-0.00549007
-0.00597185
-0.0064396
-0.00689049
-0.00732163
-0.00773014
-0.00811311
-0.00846772
-0.00879127
-0.00908123
-0.00933531
-0.0095514
-0.00972754
-0.00986176
-0.00995213
-0.00999672
-0.00999384
-0.00994216
-0.00984084
-0.00968954
-0.00948819
-0.00923688
-0.00893569
-0.00858469
-0.00818416
-0.00773476
-0.0072377
-0.00669481
-0.00610838
-0.00548094
-0.00481508
-0.0041134
-0.00337855
-0.00261338
-0.00182106
-0.00100523
-0.000169957
0.000680393
0.00154128
0.00240817
0.0032766
0.00414226
0.00500084
0.00584795
0.00667902
0.00748923
0.00827363
0.00902727
0.00974545
0.0104238
0.0110585
0.0116457
0.0121821
0.0126641
0.0130884
0.0134514
0.0137502
0.0139821
0.014145
0.0142375
0.0142585
0.0142072
0.0140832
0.0138864
0.0136168
0.0132749
0.0128616
0.0123782
0.0118265
0.0112089
0.0105282
0.0097878
0.00899115
0.00814204
0.00724438
0.00630231
0.00532023
0.00430291
0.00325545
0.0021833
0.00109214
-1.22257e-05
-0.00112397
-0.00223728
-0.00334638
-0.00444559
-0.00552927
-0.00659186
-0.00762786
-0.00863177
-0.00959815
-0.0105216
-0.0113968
-0.0122189
-0.012983
-0.0136851
-0.0143212
-0.0148881
-0.0153828
-0.015803
-0.0161465
-0.016412
-0.0165985
-0.0167053
-0.0167323
-0.01668
-0.0165489
-0.0163402
-0.0160554
-0.0156966
-0.0152661
-0.0147667
-0.0142014
-0.0135737
-0.0128873
-0.0121462
-0.0113548
-0.0105178
-0.00963989
-0.00872609
-0.00778149
-0.00681131
-0.0058209
-0.00481567
-0.0038011
-0.00278263
-0.00176565
-0.000755449
0.000242738
0.00122379
0.00218273
0.00311472
0.00401518
0.00487977
0.00570442
0.00648536
0.00721911
0.00790247
0.00853259
0.00910696
0.00962343
0.0100802
0.0104758
0.0108091
0.0110796
0.0112867
0.0114306
0.0115117
0.0115307
0.0114888
0.0113874
0.0112281
0.0110131
0.0107445
0.0104251
0.0100575
0.00964478
0.00919019
0.00869706
0.00816892
0.00760945
0.00702242
0.00641169
0.00578117
0.0051348
0.00447652
0.00381029
0.00314
0.00246947
0.00180242
0.00114242
0.000492946
-0.000142685
-0.000761298
-0.00135989
-0.00193565
-0.002486
-0.00300858
-0.00350125
-0.00396208
-0.00438937
-0.00478168
-0.00513781
-0.00545685
-0.00573815
-0.00598128
-0.00618603
-0.00635241
-0.00648061
-0.00657108
-0.00662447
-0.00664168
-0.00662377
-0.00657198
-0.00648769
-0.00637244
-0.00622792
-0.00605592
-0.0058584
-0.00563737
-0.00539488
-0.00513308
-0.00485413
-0.00456028
-0.00425382
-0.00393702
-0.00361217
-0.00328148
-0.00294713
-0.00261124
-0.00227589
-0.00194312
-0.00161484
-0.00129288
-0.00097906
-0.000674964
-0.000381844
-0.000100877
0.000166842
0.000420325
0.000658716
0.000881287
0.00108742
0.00127657
0.00144825
0.00160204
0.00173761
0.00185479
0.00195352
0.00203389
0.00209605
0.00214022
0.00216668
0.00217578
0.00216797
0.00214379
0.00210389
0.00204897
0.00197978
0.00189713
0.00180188
0.001695
0.00157751
0.00145046
0.00131492
0.00117195
0.00102264
0.000868108
0.00070953
0.0005481
0.000384997
0.000221342
5.8188e-05
-0.000103455
-0.000262586
-0.000418194
-0.000569276
-0.000714885
-0.000854166
-0.000986371
-0.00111083
-0.00122693
-0.00133407
-0.00143173
-0.00151947
-0.001597
-0.00166417
-0.00172089
-0.00176713
-0.00180284
-0.00182803
-0.00184278
-0.00184736
-0.00184215
-0.00182765
-0.0018044
-0.00177292
-0.00173374
-0.00168744
-0.00163469
-0.00157625
-0.00151293
-0.00144556
-0.0013749
-0.00130172
-0.0012268
-0.00115099
-0.00107516
-0.00100016
-0.000926767
-0.000855648
-0.000787385
-0.00072254
-0.000661705
-0.000605497
-0.000554504
-0.000509217
-0.000469989
-0.000437053
-0.00041057
-0.000390678
-0.000377503
-0.000371046
-0.00037121
-0.000377876
-0.000390812
-0.000409678
-0.000434111
-0.000462922
-0.000496487
-0.000534291
-0.000575715
-0.000620067
-0.000666006
-0.000713448
-0.000761701
-0.000810071
-0.000857831
-0.000903942
-0.000947925
-0.000989046
-0.00102663
-0.00106008
-0.00108902
-0.00111275
-0.00113078
-0.00114268
-0.00114806
-0.00114734
-0.00113956
-0.00112455
-0.00110216
-0.00107234
-0.00103631
-0.000992936
-0.000942444
-0.000885126
-0.000821334
-0.000753064
-0.000679067
-0.0005998
-0.000515788
-0.000427615
-0.000337734
-0.00024491
-0.000149801
-5.30723e-05
4.45992e-05
0.00014073
0.000236482
0.00033116
0.000424079
0.000514572
0.000600478
0.000682754
0.000760806
0.000834077
0.000902064
0.000963295
0.00101847
0.00106727
0.0011094
0.00114461
0.00117228
0.00119269
0.00120577
0.00121148
0.00120985
0.00120122
0.0011854
0.00116251
0.0011327
0.00109614
0.00105395
0.00100534
0.00095053
0.000889728
0.000823155
0.000752538
0.000676569
0.000595472
0.000509443
0.000418651
0.000325165
0.000227151
0.000124738
1.8052e-05
-9.27857e-05
-0.000205473
-0.000322128
-0.000442658
-0.000566963
-0.000694388
-0.000821793
-0.000950776
-0.00108064
-0.00121066
-0.00134009
-0.0014661
-0.00158994
-0.00171078
-0.00182783
-0.0019403
-0.00204591
-0.00214536
-0.00223785
-0.00232258
-0.00239876
-0.00246506
-0.00252138
-0.00256708
-0.00260158
-0.00262431
-0.00263525
-0.00263342
-0.00261839
-0.00258982
-0.00254744
-0.00249277
-0.00242395
-0.00234093
-0.00224373
-0.00213243
-0.00201012
-0.00187421
-0.00172506
-0.00156311
-0.00138886
-0.00120667
-0.00101343
-0.000809919
-0.000596992
-0.000375578
-0.000150931
8.02169e-05
0.000316804
0.0005577
0.000801704
0.0010433
0.00128548
0.00152696
0.00176645
0.00200263
0.00223052
0.00245244
0.00266706
0.00287307
0.00306919
0.00325168
0.00342187
0.0035786
0.00372077
0.00384731
0.00395636
0.00404793
0.00412122
0.00417555
0.00421029
0.00422587
0.00422085
0.00419489
0.00414778
0.00407947
0.00399287
0.00388522
0.00375675
0.00360779
0.00343881
0.00325497
0.00305246
0.00283209
0.00259479
0.00234158
0.00207927
0.00180332
0.00151504
0.00121583
0.000907191
0.000596866
0.000280163
-4.13554e-05
-0.000366071
-0.000692298
-0.00101236
-0.00133043
-0.00164475
-0.00195361
-0.00225532
-0.0025434
-0.00282109
-0.00308682
-0.00333905
-0.00357629
-0.00379406
-0.00399415
-0.00417534
-0.00433653
-0.00447671
-0.00459411
-0.00468885
-0.0047603
-0.00480794
-0.00483139
-0.00483189
-0.00480776
-0.00475899
-0.00468569
-0.00458813
-0.00447045
-0.00432949
-0.00416593
-0.00398055
-0.00377427
-0.00355355
-0.00331402
-0.0030569
-0.00278351
-0.00249531
-0.00220037
-0.00189378
-0.00157719
-0.00125232
-0.00092091
-0.00059146
-0.000258957
7.48576e-05
0.000408233
0.000739411
0.00106054
0.00137601
0.00168413
0.00198325
0.00227181
0.00254361
0.00280195
0.00304553
0.00327313
0.00348362
0.00367324
0.00384375
0.00399434
0.00412428
0.00423299
0.00431959
0.00438423
0.00442669
0.0044469
0.00444487
0.00442252
0.00437836
0.00431282
0.00422642
0.00411981
0.00399738
0.0038563
0.0036975
0.00352202
0.00333097
0.00313051
0.0029169
0.00269139
0.00245532
0.00221004
0.00196257
0.00170878
0.00145012
0.00118805
0.000923996
0.000664836
0.000406517
0.000150438
-0.000102023
-0.000349534
-0.000586195
-0.000815498
-0.00103636
-0.00124772
-0.00144857
-0.00163459
-0.00180825
-0.0019688
-0.00211561
-0.00224821
-0.00236446
-0.00246571
-0.00255161
-0.00262189
-0.00267637
-0.00271499
-0.00273791
-0.00274538
-0.00273771
-0.00271525
-0.00267984
-0.00263043
-0.0025675
-0.00249164
-0.00240354
-0.00230658
-0.00219897
-0.00208157
-0.00195523
-0.00182081
-0.00168245
-0.00153774
-0.00138754
-0.00123277
-0.0010744
-0.000916873
-0.000757658
-0.000597668
-0.000437767
-0.000278769
-0.000124688
2.69627e-05
0.000175439
0.000320016
0.000460011
0.00059217
0.000718592
0.000838797
0.000952349
0.00105885
0.00115611
0.00124566
0.00132731
0.0014009
0.00146634
0.00152262
0.00157063
0.00161034
0.00164179
0.00166509
0.00168035
0.00168797
0.00168823
0.0016814
0.00166771
0.00164795
0.00162191
0.00158997
0.00155259
0.00151027
0.00146445
0.00141455
0.00136096
0.00130404
0.00124418
0.00118299
0.00111971
0.00105475
0.000988524
0.000921404
0.000854995
0.000788381
0.00072188
0.00065578
0.000590331
0.000526913
0.000464546
0.000403413
0.000343706
0.000285613
0.000230323
0.000176923
0.000125469
7.59652e-05
2.83965e-05
-1.63715e-05
-5.92116e-05
-0.000100104
-0.000139032
-0.000176004
-0.000210295
-0.000242761
-0.000273517
-0.000302691
-0.000330404
-0.000356037
-0.000380377
-0.000403472
-0.000425371
-0.00044614
-0.000465161
-0.000483252
-0.000500517
-0.000517034
-0.00053284
-0.000547226
-0.000560903
-0.000573871
-0.000586147
-0.000597748
-0.000607979
-0.000617496
-0.000626237
-0.000634131
-0.00064112
-0.000646559
-0.000650988
-0.000654322
-0.000656423
-0.000657127
-0.000655878
-0.000652959
-0.000648312
-0.000641902
-0.000633674
-0.000623426
-0.000611059
-0.000596363
-0.000579159
-0.000559345
-0.000537228
-0.000512502
-0.000485177
-0.000455211
-0.000422515
-0.000387783
-0.000350135
-0.00030955
-0.000266067
-0.000219762
-0.000172008
-0.000121613
-6.86767e-05
-1.33147e-05
4.43375e-05
0.000102441
0.00016254
0.000224482
0.000288094
0.000353164
0.000417461
0.000482652
0.000548435
0.000614528
0.000680688
0.000744643
0.000808218
0.000871136
0.000933069
0.000993654
0.00105062
0.00110557
0.00115821
0.00120831
0.00125562
0.00129831
0.00133766
0.00137339
0.00140525
0.001433
0.00145548
0.00147347
0.00148678
0.00149526
0.00149877
0.001497
0.00149014
0.00147817
0.00146106
0.00143874
0.00141171
0.00137944
0.00134198
0.00129947
0.00125209
0.00120132
0.00114598
0.00108622
0.00102217
0.000953995
0.000883923
0.000810299
0.000733465
0.000653751
0.000571454
0.000489268
0.000405032
0.000319044
0.000231653
0.000143253
5.68902e-05
-2.96897e-05
-0.000116128
-0.000202082
-0.000287207
-0.000368555
-0.000448331
-0.000526077
-0.000601141
-0.000673054
-0.000739154
-0.00080131
-0.000859143
-0.000912277
-0.000960356
-0.00100142
-0.00103692
-0.0010667
-0.00109066
-0.00110873
-0.00111996
-0.0011252
-0.00112445
-0.00111774
-0.0011052
-0.0010869
-0.00106321
-0.00103439
-0.0010007
-0.000962432
-0.000920442
-0.000874467
-0.000824875
-0.00077207
-0.000716487
-0.000659666
-0.000600924
-0.000540719
-0.000479509
-0.000417748
-0.000357259
-0.000297003
-0.000237366
-0.000178721
-0.000121433
-6.73059e-05
-1.51589e-05
3.46892e-05
8.1955e-05
0.000126397
0.000166509
0.000203525
0.000237316
0.000267777
0.000294834
0.0003174
0.000336591
0.000352419
0.000364922
0.000374161
0.000379501
0.000381855
0.000381372
0.000378227
0.000372608
0.000364289
0.000353947
0.000341787
0.000328025
0.000312889
0.000296422
0.000279073
0.00026107
0.00024263
0.000223958
0.000205211
0.000186621
0.000168364
0.000150606
0.000133497
0.000117197
0.000101784
8.7354e-05
7.39838e-05
6.17328e-05
5.06776e-05
4.07931e-05
3.20857e-05
2.45447e-05
1.81432e-05
1.28555e-05
8.59884e-06
5.30534e-06
2.89497e-06
1.27676e-06
3.51239e-07
8.34067e-09
0
0
0
0
0
0
0
0
0
0
0
0
-0
-0
-0
-0
-0
-0
-0
-0
-0
-0
-0
-0
-0
-0
-0
-0
-0
-0
-0
-0
-0
-0
-0
-0
-0
-0
-0
-0
-0
-0
-0
-0
-0
-0
-0
-0
-0
-0
-0
-0
-0
-0
0
0
0
0
0
0
0
0
0
0
0
0
0
0
0
0
0
0
0
0
0
0
0
0
0
0
0
0
0
0
0
0
0
0
0
0
0
0
0
0
0
0
0
0
0
0
0
0
0
0
0
0
0
0
0
0
0
0
0
0
0
0
0
0
0
0
0
0
0
0
0
0
0
0
0
0
0
0
0
0
0
0
0
0
0
0
0
0
0
0
0
0
0
0
0
0
0
0
0
0
0
0
0
0
0
0
0
0
0
0
0
0
0
0
0
0
0
0
0
0
0
0
0
0
0
0
0
0
0
0
0
0
0
0
0
0
0
0
0
0
0
0
0
0
0
0
0
0
0
0
0
0
0
0
0
0
0
0
0
0
0
0
0
0
0
0
0
0
0
0
0
0
0
0
0
0
0
0
0
0
0
0
0
0
0
0
0
0
0
0
0
0
0
0
0
0
0
0
0
0
0
0
0
0
0
0
0
0
0
0
0
0
0
0
0
0
0
0
0
0
0
0
0
0
0
0
0
0
0
0
0
0
0
0
0
0
0
0
0
0
0
0
0
0
0
0
0
0
0
0
0
0
0
0
0
0
0
0
0
0
0
0
0
0
0
0
0
0
