-0
-0
-0
-0
-0
-0
-0
-0
-0
-0
-0
-0
-0
-0
-0
-0
-0
-0
-0
-0
-0
-0
-0
-0
-0
-0
-0
-0
-0
-0
0
0
0
0
0
0
0
0
0
0
0
0
0
0
0
0
0
0
0
0
0
0
0
0
0
0
0
0
0
0
0
-0
-0
-0
-0
-0
-0
-0
-0
-0
-0
-0
-0
-0
-0
0
0
0
0
0
0
0
0
0
0
0
0
0
0
0
0
0
0
0
0
0
0
0
0
0
0
0
0
0
0
0
0
0
0
0
0
0
0
0
0
0
0
0
0
0
0
-0
-0
-0
-0
-0
-0
-0
-0
-0
-0
-0
-0
-0
-0
-0
-0
-0
-0
-0
-0
-0
-0
-0
-0
-0
-0
-0
-0
-0
-0
-0
-0
-0
-0
-0
-0
-0
-0
-0
-0
-0
-0
-0
-0
0
0
0
0
0
0
0
0
0
0
0
0
0
0
0
0
0
0
0
0
0
0
0
0
0
0
0
0
0
0
0
0
0
0
0
0
0
0
0
0
0
0
0
-0
-0
-0
-0
-0
-0
-0
-0
-0
-0
-0
-0
-0
-0
-0
-0
-0
-0
-0
-0
-0
-0
-0
-0
-0
-0
-0
-0
-0
-0
-0
-0
-0
-0
-0
-0
-0
-0
-0
-0
-0
-0
-0
-0
-0
0
0
0
0
0
0
0
0
0
0
0
0
0
0
0
0
0
0
0
0
0
0
0
0
0
0
-0
-0
-0
-0
-0
-0
-0
-0
-0
-0
-0
-0
-0
-0
-0
-0
-0
-0
-0
-0
-0
-0
-0
-0
-0
-0
-0
-0
-0
-0
-0
0
0
0
0
0
0
0
0
0
0
0
0
1.11535e-07
4.60151e-06
1.63681e-05
3.62043e-05
6.46486e-05
0.000101969
0.000148155
0.000202909
0.000265649
0.000335516
0.000411375
0.000491832
0.000575245
0.000659743
0.000743263
0.000823592
0.000898418
0.000965374
0.00102207
0.00106611
0.00109511
0.00110673
0.0010987
0.00106885
0.00101517
0.000935846
0.000829309
0.000694263
0.000529749
0.000335198
0.000110451
-0.000144261
-0.000428371
-0.000741047
-0.00108124
-0.00144766
-0.00183877
-0.00225262
-0.00268692
-0.00313895
-0.00360563
-0.00408362
-0.00456938
-0.00505919
-0.00554934
-0.00603611
-0.00651597
-0.00698556
-0.00744175
-0.0078815
-0.00830181
-0.00869959
-0.00907172
-0.0094151
-0.00972685
-0.0100044
-0.0102456
-0.0104487
-0.0106124
-0.010736
-0.0108192
-0.0108621
-0.0108651
-0.0108291
-0.0107549
-0.0106433
-0.0104954
-0.0103127
-0.0100967
-0.00984997
-0.00957518
-0.00927559
-0.00895477
-0.00861654
-0.00826489
-0.00790383
-0.00753724
-0.00716862
-0.00680104
-0.00643719
-0.00607958
-0.0057307
-0.00539326
-0.00507003
-0.00476368
-0.00447654
-0.0042104
-0.00396654
-0.00374583
-0.00354879
-0.00337579
-0.0032281
-0.00310547
-0.00300669
-0.00293017
-0.00287407
-0.00283638
-0.00281501
-0.00280767
-0.00281187
-0.00282482
-0.00284347
-0.00286454
-0.00288451
-0.00289968
-0.00290611
-0.00289964
-0.002876
-0.00283093
-0.00276032
-0.00266028
-0.00252707
-0.00235702
-0.00214654
-0.00189215
-0.00159064
-0.0012392
-0.000835464
-0.000377517
0.000136205
0.000706955
0.00133564
0.00202272
0.00276813
0.00357126
0.00443105
0.00534602
0.00631429
0.00733348
0.00840044
0.00951117
0.0106608
0.0118437
0.0130536
0.0142839
0.0155276
0.0167769
0.0180235
0.0192581
0.020471
0.0216522
0.0227914
0.0238785
0.0249034
0.0258558
0.0267251
0.0275005
0.0281709
0.0287257
0.029154
0.0294458
0.0295908
0.0295794
0.0294024
0.0290512
0.0285178
0.0277955
0.0268783
0.0257614
0.024441
0.0229143
0.02118
0.0192377
0.0170885
0.0147349
0.0121805
0.00943055
0.00649155
0.00337143
7.96319e-05
-0.00337301
-0.00697426
-0.0107105
-0.014567
-0.0185274
-0.0225744
-0.0266894
-0.0308528
-0.0350438
-0.0392409
-0.0434216
-0.0475627
-0.0516404
-0.0556306
-0.0595089
-0.0632509
-0.0668324
-0.0702292
-0.0734173
-0.076373
-0.0790733
-0.0814958
-0.0836192
-0.0854231
-0.0868883
-0.0879971
-0.0887328
-0.0890809
-0.0890283
-0.0885645
-0.0876808
-0.0863706
-0.0846293
-0.0824547
-0.0798464
-0.0768071
-0.0733421
-0.0694593
-0.0651694
-0.0604856
-0.0554232
-0.0499999
-0.0442357
-0.038153
-0.0317765
-0.0251333
-0.0182522
-0.0111641
-0.00390165
0.00350096
0.0110079
0.0185821
0.0261853
0.0337788
0.041323
0.0487778
0.0561025
0.0632561
0.0701976
0.0768866
0.0832836
0.0893505
0.0950504
0.100348
0.10521
0.109603
0.113498
0.116867
0.119686
0.121933
0.12359
0.124642
0.125078
0.124888
0.124068
0.122616
0.120535
0.117831
0.114513
0.110594
0.10609
0.101021
0.0954116
0.0892876
0.0826787
0.0756169
0.0681369
0.0602758
0.052073
0.0435706
0.0348124
0.025844
0.0167121
0.00746431
-0.00185116
-0.0111855
-0.0204894
-0.0297139
-0.0388101
-0.04773
-0.0564262
-0.0648528
-0.0729648
-0.0807191
-0.0880742
-0.094991
-0.101433
-0.107367
-0.112761
-0.117588
-0.121823
-0.125443
-0.12843
-0.130769
-0.13245
-0.133464
-0.133809
-0.133485
-0.132494
-0.130846
-0.128552
-0.125626
-0.122087
-0.117957
-0.11326
-0.108026
-0.102283
-0.0960675
-0.0894141
-0.0823617
-0.0749504
-0.0672221
-0.0592201
-0.0509892
-0.0425755
-0.0340262
-0.025389
-0.0167118
-0.00804223
0.000572457
0.00908573
0.0174519
0.0256262
0.0335653
0.0412274
0.0485725
0.0555626
0.0621622
0.0683382
0.0740602
0.0793008
0.0840358
0.0882439
0.0919073
0.0950107
0.0975421
0.0994926
0.100856
0.101631
0.101818
0.101423
0.100453
0.0989198
0.0968382
0.0942254
0.0911017
0.0874898
0.0834153
0.0789059
0.0739916
0.0687043
0.0630774
0.0571459
0.0509461
0.0445153
0.0378918
0.0311145
0.0242229
0.0172566
0.0102552
0.00325757
-0.00369777
-0.0105732
-0.0173321
-0.0239387
-0.0303586
-0.0365588
-0.0425081
-0.048177
-0.053538
-0.0585657
-0.063237
-0.0675311
-0.0714302
-0.0749192
-0.0779857
-0.0806201
-0.0828155
-0.0845669
-0.0858723
-0.0867318
-0.0871484
-0.0871278
-0.0866782
-0.08581
-0.0845357
-0.0828696
-0.0808277
-0.0784279
-0.0756894
-0.0726332
-0.0692815
-0.0656578
-0.0617866
-0.0576933
-0.053404
-0.0489453
-0.0443444
-0.0396282
-0.0348235
-0.0299571
-0.0250553
-0.0201443
-0.0152501
-0.0103979
-0.00561184
-0.000915055
0.00367069
0.00812486
0.012428
0.0165618
0.0205091
0.0242542
0.0277828
0.0310826
0.0341426
0.0369537
0.0395079
0.041799
0.0438223
0.0455748
0.0470551
0.048263
0.0492001
0.0498689
0.0502732
0.0504185
0.0503115
0.0499605
0.0493746
0.0485639
0.047539
0.046311
0.0448916
0.0432931
0.0415289
0.0396127
0.0375589
0.0353818
0.0330958
0.030715
0.0282533
0.0257247
0.023143
0.0205222
0.0178758
0.0152171
0.0125592
0.00991454
0.00729513
0.00471224
0.00217638
-0.000302727
-0.00271603
-0.00505507
-0.0073119
-0.00947916
-0.0115502
-0.0135193
-0.0153816
-0.0171334
-0.0187717
-0.0202941
-0.021699
-0.0229851
-0.0241519
-0.0251993
-0.0261277
-0.0269383
-0.0276326
-0.0282127
-0.0286812
-0.0290412
-0.0292958
-0.0294487
-0.0295035
-0.029464
-0.0293341
-0.0291181
-0.0288204
-0.0284457
-0.0279988
-0.0274844
-0.026907
-0.0262709
-0.0255803
-0.0248393
-0.024052
-0.0232226
-0.022355
-0.0214532
-0.020521
-0.0195622
-0.0185802
-0.0175787
-0.0165608
-0.0155299
-0.0144888
-0.0134404
-0.012396
-0.0113671
-0.0103514
-0.00934621
-0.00834849
-0.00735511
-0.00636291
-0.00536888
-0.0043703
-0.00336485
-0.00235049
-0.0013254
-0.000287881
0.000763611
0.00183033
0.0029131
0.00401216
0.00512712
0.00625701
0.00740035
0.00855524
0.00971942
0.0108902
0.0120646
0.013239
0.0144091
0.0155699
0.0167158
0.0178405
0.0189375
0.0199999
0.0210209
0.0219936
0.0229106
0.0237637
0.0245443
0.0252428
0.0258498
0.026356
0.0267527
0.0270317
0.0271849
0.0272041
0.0270811
0.0268078
0.0263768
0.0257817
0.0250172
0.0240791
0.0229639
0.0216687
0.0201913
0.0185308
0.0166874
0.014663
0.0124612
0.0100862
0.00754392
0.00484093
0.0019855
-0.00101242
-0.0041411
-0.00738726
-0.0107365
-0.0141738
-0.0176835
-0.0212494
-0.0248545
-0.0284808
-0.032109
-0.035719
-0.0392897
-0.0427999
-0.046228
-0.0495532
-0.052755
-0.0558138
-0.0587107
-0.0614271
-0.063945
-0.0662469
-0.0683158
-0.070136
-0.0716936
-0.0729768
-0.0739757
-0.0746828
-0.0750921
-0.0751932
-0.0749775
-0.0744608
-0.0736607
-0.072579
-0.0712197
-0.0695812
-0.0676781
-0.06552
-0.063118
-0.0604845
-0.0576245
-0.0545599
-0.0513051
-0.0478758
-0.0442893
-0.0405565
-0.0367062
-0.0327597
-0.0287381
-0.0246623
-0.0205455
-0.016415
-0.012291
-0.00819362
-0.00414272
-0.000152959
0.00375246
0.00755563
0.0112392
0.0147866
0.0181828
0.0214128
0.024464
0.0273253
0.0299865
0.0324335
0.034662
0.0366639
0.0384332
0.0399655
0.0412488
0.042293
0.0430987
0.0436671
0.0439997
0.0440835
0.0439383
0.0435701
0.042986
0.0421939
0.0411822
0.0399796
0.0385955
0.03704
0.0353243
0.033438
0.0314155
0.0292684
0.0270077
0.0246443
0.0221682
0.0196133
0.0169923
0.0143171
0.0115991
0.00883025
0.00603799
0.00323159
0.000420655
-0.00238484
-0.00518572
-0.00796181
-0.0107048
-0.0134073
-0.0160626
-0.0186647
-0.0212065
-0.0236813
-0.0260828
-0.028405
-0.0306305
-0.0327658
-0.0348059
-0.0367458
-0.0385811
-0.0402828
-0.0418727
-0.0433474
-0.0447036
-0.0459312
-0.0469837
-0.0478952
-0.0486625
-0.0492838
-0.0497578
-0.0500357
-0.0501643
-0.0501422
-0.0499683
-0.0496418
-0.0491108
-0.0484284
-0.047596
-0.0466153
-0.0454876
-0.0441645
-0.042698
-0.0410902
-0.039344
-0.037462
-0.0354078
-0.0332243
-0.0309153
-0.0284851
-0.0259384
-0.0232582
-0.0204718
-0.0175844
-0.0146012
-0.0115274
-0.008372
-0.00513921
-0.0018371
0.00152568
0.00494023
0.00836669
0.0118277
0.0153149
0.0188195
0.0223322
0.0257827
0.0292196
0.0326312
0.0360053
0.0393299
0.0425087
0.0456145
0.0486358
0.0515602
0.0543753
0.0569673
0.0594239
0.0617321
0.0638791
0.0658524
0.0675354
0.0690206
0.0702966
0.0713516
0.0721745
0.0726606
0.0728937
0.0728646
0.0725647
0.0719861
0.0710536
0.0698301
0.0683112
0.0664931
0.0643728
0.0619183
0.059158
0.0560924
0.0527238
0.0490569
0.0451169
0.040893
0.0363945
0.0316315
0.0266158
0.0214308
0.0160216
0.0104054
0.00460122
-0.00137085
-0.0073722
-0.013498
-0.0197245
-0.0260267
-0.0323776
-0.0385961
-0.0448068
-0.0509808
-0.0570882
-0.0630986
-0.0688102
-0.0743628
-0.0797256
-0.0848677
-0.0897587
-0.0942026
-0.0983358
-0.102129
-0.105554
-0.108582
-0.111051
-0.113074
-0.114629
-0.115696
-0.116257
-0.116211
-0.115628
-0.114497
-0.112808
-0.110556
-0.10772
-0.104316
-0.100345
-0.0958125
-0.0907254
-0.0851562
-0.0790586
-0.0724503
-0.0653514
-0.0577848
-0.0499116
-0.0416243
-0.0329544
-0.0239365
-0.0146078
-0.00520517
0.00442863
0.0142517
0.0242205
0.0342893
0.0441742
0.0540631
0.0639066
0.0736545
0.0832559
0.0924157
0.101329
0.109945
0.118216
0.126092
0.133308
0.140038
0.146236
0.151863
0.156877
0.161082
0.164605
0.167415
0.169486
0.170795
0.171245
0.170895
0.169735
0.167754
0.164949
0.161343
0.156918
0.151685
0.145657
0.138851
0.131415
0.12325
0.114385
0.104856
0.0947011
0.0841804
0.0731246
0.0615827
0.0496068
0.0372512
0.0248534
0.0121914
-0.000673639
-0.0136781
-0.0267565
-0.0395319
-0.0522489
-0.0648417
-0.0772445
-0.0893918
-0.100919
-0.112063
-0.122763
-0.13296
-0.142595
-0.151367
-0.159469
-0.166855
-0.173477
-0.179294
-0.184105
-0.188042
-0.191076
-0.193182
-0.194342
-0.194486
-0.193658
-0.191854
-0.189075
-0.18533
-0.180692
-0.175113
-0.168612
-0.161216
-0.152954
-0.144038
-0.134332
-0.123879
-0.112727
-0.100925
-0.0887933
-0.076122
-0.062971
-0.0494031
-0.0354836
-0.0216008
-0.0075008
0.00674777
0.0210751
0.0354104
0.0493471
0.0631516
0.0767557
0.0900924
0.103096
0.115394
0.127232
0.138551
0.149291
0.159401
0.168589
0.177051
0.184747
0.191637
0.197687
0.202722
0.206862
0.210087
0.212382
0.213736
0.214109
0.213535
0.21202
0.209571
0.206205
0.202015
0.19695
0.191036
0.184306
0.176795
0.168717
0.159941
0.150513
0.140484
0.129905
0.119075
0.107804
0.0961502
0.0841718
0.0719288
0.0597641
0.0474555
0.035063
0.0226467
0.0102664
-0.00173509
-0.0135846
-0.0252263
-0.0366062
-0.047672
-0.0581224
-0.0681626
-0.0777489
-0.0868411
-0.0954017
-0.103205
-0.110411
-0.116993
-0.122926
-0.12819
-0.132656
-0.136426
-0.139491
-0.141848
-0.143495
-0.144405
-0.144612
-0.144126
-0.142958
-0.141127
-0.138702
-0.135655
-0.132011
-0.127798
-0.123045
-0.117899
-0.112279
-0.106219
-0.0997546
-0.0929242
-0.0859266
-0.0786416
-0.07111
-0.0633728
-0.0554704
-0.0476235
-0.039689
-0.0317047
-0.0237088
-0.0157401
-0.00801566
-0.000392755
0.00709477
0.0144156
0.0215405
0.028285
0.0347797
0.0409998
0.0469218
0.0525251
0.0576714
0.0624664
0.0668976
0.0709545
0.074628
0.0778351
0.080647
0.0830614
0.0850785
0.0867006
0.0879012
0.0887153
0.0891493
0.089212
0.0889147
0.0882822
0.0873168
0.0860334
0.084447
0.0825731
0.0804735
0.0781215
0.075537
0.0727409
0.0697547
0.0666657
0.0634268
0.0600568
0.056575
0.0530011
0.0494327
0.0458117
0.0421571
0.0384869
0.0348181
0.0312447
0.0277041
0.0242109
0.0207792
0.0174225
0.0142228
0.0111213
0.00812805
0.00525195
0.00250107
-6.1356e-05
-0.00248514
-0.00476483
-0.00689583
-0.00887452
-0.0106588
-0.0122868
-0.0137583
-0.015074
-0.016235
-0.0172203
-0.0180546
-0.0187407
-0.0192818
-0.0196821
-0.0199382
-0.0200636
-0.0200637
-0.0199442
-0.0197111
-0.0193744
-0.0189369
-0.0184055
-0.0177869
-0.0170876
-0.0163255
-0.0154959
-0.0146037
-0.0136509
-0.0126463
-0.0116141
-0.0105468
-0.00945161
-0.00833563
-0.00720626
-0.0060874
-0.00497118
-0.00386531
-0.0027763
-0.00170926
-0.000682126
0.000315617
0.00128013
0.00220725
0.00309286
0.00392285
0.0047059
0.00544082
0.00612702
0.00676404
0.00734379
0.00787334
0.00835259
0.00878229
0.00916406
0.00949505
0.00978252
0.0100282
0.0102335
0.0103997
0.0105248
0.0106144
0.0106709
0.0106967
0.0106943
0.0106626
0.010607
0.0105296
0.0104321
0.0103163
0.01018
0.0100283
0.0098622
0.00968272
0.00949093
0.00928406
0.00906753
0.00884242
0.00860967
0.00837003
0.00812021
0.00786497
0.0076046
0.00733922
0.00706883
0.00679008
0.00650691
0.00621972
0.00592914
0.00563587
0.00533822
0.00503956
0.00474047
0.00444155
0.00414353
0.00384595
0.00355131
0.0032606
0.00297486
0.00269517
0.00242227
0.00215801
0.00190376
0.0016609
0.00143075
0.00121454
0.00101334
0.00082816
0.000659946
0.000509571
0.000377885
0.000265377
0.000172514
9.95786e-05
4.66654e-05
1.36887e-05
3.48599e-07
0
0
0
0
0
0
0
0
0
0
0
0
0
0
0
0
0
0
0
0
0
0
0
0
0
0
0
0
0
0
0
0
0
0
0
0
0
0
0
0
0
0
0
0
0
0
0
0
0
0
0
0
0
0
0
0
0
0
0
0
0
0
0
0
0
0
0
0
0
0
0
0
0
0
0
0
0
0
0
0
0
0
0
0
0
0
0
0
0
0
0
0
0
0
0
0
0
0
0
0
0
0
0
0
0
0
0
0
0
0
0
0
0
0
0
0
0
0
0
0
0
0
0
0
0
0
0
0
0
0
0
0
0
0
0
0
0
0
0
0
0
0
0
0
0
0
0
0
0
0
0
0
0
0
0
0
0
0
0
0
0
0
0
0
0
0
0
0
0
0
0
0
0
0
0
0
0
-0
-0
-0
-0
-0
-0
0
0
0
0
0
0
0
0
0
0
0
0
0
0
0
0
0
0
0
0
0
0
0
0
0
0
0
0
0
0
0
0
0
0
0
0
0
0
0
0
0
0
0
0
0
0
0
0
0
0
0
0
0
0
0
0
0
0
0
0
0
0
0
0
0
0
0
0
0
0
0
0
0
0
0
0
0
0
0
0
0
0
0
0
0
0
0
0
0
0
0
0
0
0
0
0
0
0
0
0
0
0
0
0
0
0
0
0
0
0
0
0
0
0
0
0
0
0
0
0
0
0
0
0
0
0
0
0
0
0
0
0
0
0
0
0
0
0
0
