-0
-0
-0
-0
-0
-0
-0
-0
-0
-0
-0
-0
-0
-0
0
0
0
0
0
0
0
0
0
0
0
0
0
0
0
0
0
0
0
0
0
0
0
0
0
0
0
0
0
0
0
0
0
0
0
0
0
0
0
0
0
0
0
0
0
0
0
0
0
0
-0
-0
-0
-0
-0
-0
-0
-0
-0
-0
-0
-0
-0
-0
-0
-0
-0
-0
-0
-0
-0
-0
-0
-0
-0
-0
-0
-0
-0
-0
-0
-0
-0
-0
-0
-0
-0
-0
-0
-0
-0
-0
0
0
0
0
0
0
0
0
0
0
0
0
0
0
0
0
0
0
0
0
0
0
0
0
0
0
0
0
0
0
0
0
0
0
0
0
0
0
0
0
0
0
0
0
0
0
0
0
-0
-0
-0
-0
-0
-0
-0
-0
-0
-0
-0
-0
-0
-0
-0
-0
-0
-0
-0
-0
-0
-0
-0
-0
-0
-0
-0
-0
-0
-0
-0
-0
-0
-0
-0
-0
-0
-0
-0
-0
-0
-0
-0
-0
-0
-0
-0
-4.26801e-07
3.46295e-06
1.9388e-05
5.41402e-05
0.000113487
0.000202111
0.000323587
0.000480392
0.000673937
0.000904615
0.00117186
0.00147426
0.00180964
0.00217526
0.00256795
0.00298425
0.00342054
0.00387317
0.00433862
0.00481364
0.00529547
0.00578193
0.00627156
0.00676361
0.0072581
0.00775593
0.00825896
0.00877015
0.00929365
0.00983474
0.0103997
0.0109958
0.0116308
0.0123133
0.013052
0.0138563
0.0147356
0.0156992
0.016756
0.0179142
0.0191811
0.0205624
0.0220627
0.0236848
0.0254297
0.0272966
0.0292826
0.0313825
0.0335885
0.0358902
0.038274
0.0407237
0.0432203
0.0457421
0.0482653
0.0507633
0.0532071
0.0555657
0.0578059
0.0598933
0.0617929
0.0634688
0.064885
0.0660049
0.0667921
0.0672107
0.0672264
0.0668071
0.0659236
0.0645497
0.0626618
0.0602392
0.057264
0.0537217
0.0496028
0.0449023
0.0396209
0.0337641
0.0273423
0.0203704
0.0128683
0.00486115
-0.00361992
-0.0125383
-0.0218523
-0.0315155
-0.0414775
-0.0516838
-0.0620762
-0.0725924
-0.0831944
-0.0938509
-0.104511
-0.115125
-0.125639
-0.136001
-0.146156
-0.156048
-0.165624
-0.174828
-0.183608
-0.191911
-0.199688
-0.206889
-0.213467
-0.219374
-0.224569
-0.229011
-0.232665
-0.235501
-0.237489
-0.238605
-0.238827
-0.238137
-0.236522
-0.233975
-0.230495
-0.226083
-0.220749
-0.214501
-0.207353
-0.199324
-0.190435
-0.180715
-0.170195
-0.158912
-0.146907
-0.134221
-0.1209
-0.106991
-0.092544
-0.0776148
-0.062261
-0.0465434
-0.0305246
-0.0142682
0.00216138
0.0186988
0.0352776
0.0518305
0.068289
0.0845846
0.100649
0.116416
0.13182
0.146795
0.161278
0.175207
0.188521
0.201161
0.21307
0.224195
0.234483
0.243888
0.252363
0.259866
0.266359
0.271806
0.276176
0.279443
0.281583
0.28258
0.28242
0.281096
0.278605
0.27495
0.270137
0.264178
0.257091
0.248895
0.239619
0.229294
0.217957
0.205652
0.192423
0.178321
0.163399
0.147716
0.131332
0.114313
0.0967258
0.0786411
0.0601315
0.0412713
0.0221373
0.00280797
-0.0166365
-0.0361147
-0.0555446
-0.0748441
-0.0939312
-0.112725
-0.131144
-0.149109
-0.166542
-0.183367
-0.199511
-0.214902
-0.229473
-0.243159
-0.2559
-0.267638
-0.27832
-0.2879
-0.296334
-0.303585
-0.309619
-0.314411
-0.31794
-0.320192
-0.32116
-0.320842
-0.319243
-0.316372
-0.312247
-0.30689
-0.30033
-0.292604
-0.283751
-0.27382
-0.26286
-0.250927
-0.238084
-0.224396
-0.209934
-0.194773
-0.178992
-0.162673
-0.145899
-0.128757
-0.111337
-0.0937292
-0.0760278
-0.0583264
-0.0407184
-0.0232965
-0.00615178
0.0106258
0.026948
0.0427287
0.0578841
0.0723342
0.086003
0.0988192
0.110717
0.121635
0.131519
0.140319
0.147992
0.154503
0.159821
0.163926
0.166802
0.168442
0.168846
0.168023
0.165989
0.162765
0.158383
0.152879
0.1463
0.138695
0.130122
0.120644
0.11033
0.0992526
0.0874889
0.0751205
0.0622323
0.0489126
0.0352517
0.0213416
0.00727497
-0.00685512
-0.0209556
-0.0349338
-0.0486978
-0.0621577
-0.0752259
-0.0878183
-0.0998546
-0.111258
-0.121957
-0.131883
-0.140973
-0.149171
-0.156427
-0.162699
-0.167951
-0.172155
-0.175288
-0.177334
-0.178284
-0.178136
-0.176896
-0.174578
-0.171206
-0.166807
-0.161417
-0.155079
-0.14784
-0.139756
-0.130886
-0.121296
-0.111058
-0.100246
-0.0889374
-0.0772149
-0.0651624
-0.0528664
-0.0404155
-0.0278991
-0.015407
-0.00302859
0.00914732
0.0210332
0.0325431
0.0435935
0.0541039
0.0639978
0.0732033
0.0816531
0.0892849
0.0960412
0.10187
0.106726
0.110568
0.113365
0.11509
0.115727
0.115264
0.113697
0.111029
0.107271
0.102441
0.0965616
0.089666
0.0817921
0.0729844
0.0632935
0.0527757
0.0414929
0.0295119
0.0169042
0.00374576
-0.00988413
-0.0239027
-0.0382242
-0.0527607
-0.0674226
-0.0821192
-0.0967601
-0.111255
-0.125516
-0.139456
-0.15299
-0.166036
-0.178514
-0.190349
-0.201468
-0.211802
-0.22129
-0.229874
-0.2375
-0.244123
-0.249702
-0.254203
-0.257601
-0.259874
-0.261012
-0.261009
-0.259867
-0.257595
-0.254209
-0.249732
-0.244192
-0.237625
-0.230071
-0.221577
-0.212196
-0.201984
-0.191005
-0.179323
-0.167011
-0.15414
-0.140786
-0.127027
-0.112941
-0.0986078
-0.0841084
-0.0695238
-0.0549354
-0.0404241
-0.0260694
-0.011949
0.00186154
0.0152899
0.0282667
0.0407262
0.0526062
0.0638487
0.0744002
0.0842116
0.0932387
0.101442
0.108788
0.115247
0.120795
0.125416
0.129096
0.13183
0.133618
0.134465
0.134381
0.133383
0.131492
0.128735
0.125143
0.120751
0.115596
0.109722
0.103174
0.0960018
0.0882592
0.0800026
0.0712907
0.0621832
0.0527405
0.0430234
0.0330932
0.0230117
0.0128409
0.00264229
-0.00752365
-0.0175983
-0.0275251
-0.0372496
-0.0467196
-0.0558849
-0.0646978
-0.0731132
-0.0810889
-0.0885862
-0.0955697
-0.102008
-0.107873
-0.113142
-0.117796
-0.121821
-0.125207
-0.127947
-0.130041
-0.131488
-0.132296
-0.132474
-0.132038
-0.131004
-0.129395
-0.127233
-0.124545
-0.121358
-0.117705
-0.113621
-0.109143
-0.104309
-0.0991602
-0.0937359
-0.0880773
-0.0822263
-0.0762263
-0.0701214
-0.0639554
-0.0577715
-0.0516111
-0.045514
-0.0395191
-0.0336644
-0.0279869
-0.022522
-0.0173029
-0.0123595
-0.00771855
-0.00340439
0.000560999
0.00415754
0.00736746
0.0101758
0.0125712
0.0145458
0.0160952
0.0172182
0.017916
0.0181928
0.0180549
0.0175115
0.0165744
0.0152573
0.0135761
0.0115487
0.00919497
0.00653682
0.00359835
0.000405302
-0.00301547
-0.0066364
-0.0104294
-0.0143657
-0.0184155
-0.0225481
-0.0267324
-0.0309372
-0.0351325
-0.039289
-0.0433789
-0.0473749
-0.0512504
-0.0549793
-0.0585368
-0.0618995
-0.0650461
-0.0679576
-0.0706163
-0.0730064
-0.0751138
-0.0769261
-0.0784333
-0.0796276
-0.0805038
-0.0810588
-0.0812912
-0.0812014
-0.0807919
-0.0800675
-0.0790354
-0.0777049
-0.0760873
-0.0741947
-0.0720406
-0.0696396
-0.0670079
-0.0641634
-0.0611255
-0.0579149
-0.0545526
-0.05106
-0.0474584
-0.0437697
-0.040016
-0.0362202
-0.0324053
-0.028594
-0.0248085
-0.0210698
-0.0173982
-0.0138128
-0.0103323
-0.0069743
-0.00375551
-0.000691407
0.00220378
0.00491702
0.00743642
0.00975123
0.0118521
0.0137313
0.0153831
0.0168038
0.0179914
0.0189452
0.0196655
0.0201535
0.0204116
0.0204436
0.0202551
0.0198535
0.0192477
0.018448
0.0174651
0.0163104
0.0149955
0.0135327
0.0119346
0.0102148
0.00838721
0.00646616
0.00446604
0.00240133
0.000286585
-0.00186347
-0.00403409
-0.00621068
-0.00837901
-0.0105255
-0.0126371
-0.0147015
-0.0167067
-0.0186414
-0.020495
-0.0222577
-0.023921
-0.0254773
-0.0269201
-0.0282437
-0.0294426
-0.0305125
-0.0314496
-0.0322516
-0.0329172
-0.0334468
-0.0338412
-0.0341024
-0.0342327
-0.0342352
-0.0341139
-0.0338736
-0.03352
-0.0330595
-0.0324993
-0.0318465
-0.0311091
-0.0302953
-0.029414
-0.0284745
-0.027486
-0.0264577
-0.0253983
-0.024316
-0.0232188
-0.0221147
-0.0210117
-0.0199176
-0.0188401
-0.0177864
-0.0167634
-0.0157772
-0.0148336
-0.0139375
-0.0130933
-0.0123047
-0.0115746
-0.0109054
-0.0102991
-0.00975717
-0.00928059
-0.00886982
-0.00852398
-0.00823851
-0.00801172
-0.00784203
-0.00772726
-0.00766461
-0.00765054
-0.00768071
-0.00775012
-0.00785333
-0.00798474
-0.00813867
-0.00830935
-0.00849071
-0.00867627
-0.00885918
-0.0090325
-0.00918971
-0.00932656
-0.00943815
-0.00951981
-0.00956735
-0.00957701
-0.00954543
-0.00946974
-0.00934772
-0.00917777
-0.00895898
-0.00869108
-0.0083744
-0.00800994
-0.00759933
-0.0071448
-0.00664904
-0.00611512
-0.00554643
-0.00494663
-0.00431976
-0.00367026
-0.0030029
-0.00232266
-0.00163452
-0.0009433
-0.000253626
0.000430042
0.00110334
0.00176197
0.00240175
0.00301877
0.00360947
0.00417074
0.00469987
0.00519449
0.00565254
0.00607224
0.00645217
0.00679135
0.00708929
0.00734588
0.00756136
0.0077362
0.00787099
0.00796642
0.00802332
0.00804269
0.0080257
0.00797366
0.007888
0.00777021
0.00762179
0.00744421
0.00723896
0.00700742
0.00675094
0.0064708
0.00616815
0.0058441
0.00549963
0.00513569
0.00475313
0.00435274
0.00393524
0.00350132
0.00305169
0.00258708
0.00210822
0.00161591
0.00111105
0.00059465
6.7961e-05
-0.000467507
-0.00100837
-0.00155009
-0.00208801
-0.00261737
-0.0031337
-0.0036326
-0.00410983
-0.00456134
-0.00498308
-0.00537132
-0.00572245
-0.00603319
-0.00630064
-0.00652229
-0.00669624
-0.00682092
-0.00689566
-0.00692283
-0.00690242
-0.00683428
-0.00671852
-0.00655557
-0.00634615
-0.00609119
-0.0057917
-0.00544891
-0.00506434
-0.00463982
-0.0041777
-0.00368018
-0.00314984
-0.00258931
-0.00200131
-0.00138902
-0.000755241
-0.000103353
0.000563014
0.00124016
0.00192397
0.00261153
0.00329956
0.0039849
0.0046643
0.00533378
0.00599048
0.00663097
0.00725196
0.00785039
0.00842283
0.0089675
0.00948219
0.00996491
0.0104139
0.0108267
0.0112026
0.01154
0.0118379
0.0120949
0.0123101
0.0124834
0.0126149
0.012705
0.0127538
0.0127617
0.0127293
0.0126572
0.0125464
0.012398
0.0122137
0.0119946
0.0117421
0.0114574
0.0111419
0.0107981
0.0104271
0.0100313
0.00961274
0.00917384
0.00871824
0.00824652
0.00776088
0.00726376
0.00675771
0.0062475
0.00573336
0.00521758
0.00470244
0.00419039
0.00368685
0.00319194
0.00270849
0.00223904
0.00178574
0.00135348
0.000941073
0.000550499
0.000183935
-0.000156361
-0.000465443
-0.000744308
-0.000991407
-0.00120531
-0.00138453
-0.00152531
-0.00162817
-0.00169161
-0.00171441
-0.00169567
-0.00163378
-0.00152896
-0.00138052
-0.00118783
-0.000950429
-0.000669079
-0.000342985
2.75432e-05
0.000442151
0.000900478
0.00139893
0.00193992
0.00252237
0.00314482
0.00380561
0.00449749
0.00522423
0.00598398
0.00677464
0.00759365
0.00843035
0.00928916
0.0101667
0.0110597
0.0119646
0.0128686
0.0137771
0.0146857
0.0155899
0.0164847
0.0173557
0.018208
0.019037
0.0198376
0.0206048
0.0213242
0.0219997
0.0226265
0.0231999
0.0237154
0.024162
0.0245419
0.0248506
0.0250842
0.025239
0.0253096
0.0252962
0.0251966
0.025009
0.0247317
0.0243661
0.0239084
0.0233586
0.0227171
0.021985
0.0211728
0.0202731
0.0192878
0.018219
0.0170697
0.0158589
0.0145755
0.0132245
0.0118113
0.0103417
0.00884225
0.00729884
0.00571821
0.00410762
0.00247475
0.000851536
-0.000777753
-0.00240471
-0.0040207
-0.00561689
-0.00715981
-0.00866483
-0.0101228
-0.0115246
-0.0128611
-0.014102
-0.0152598
-0.0163259
-0.0172919
-0.0181495
-0.0188763
-0.01948
-0.019954
-0.0202923
-0.0204896
-0.020536
-0.0204318
-0.0201731
-0.0197567
-0.0191801
-0.0184496
-0.0175572
-0.0165036
-0.0152902
-0.0139193
-0.0124141
-0.0107578
-0.00895487
-0.00701097
-0.00493274
-0.00276045
-0.000469994
0.00192942
0.00442794
0.0070151
0.00963801
0.0123264
0.0150677
0.0178483
0.0206542
0.0234252
0.0261929
0.0289426
0.0316593
0.0343279
0.0368884
0.0393699
0.0417574
0.0440363
0.0461927
0.0481768
0.0500115
0.0516838
0.0531813
0.0544922
0.0555842
0.0564696
0.0571405
0.0575896
0.0578105
0.0577948
0.0575403
0.0570438
0.0563036
0.0553197
0.0541121
0.0526652
0.0509828
0.0490699
0.0469327
0.0446177
0.0420956
0.0393774
0.0364754
0.0334031
0.0302304
0.0269164
0.0234773
0.0199301
0.016293
0.0126506
0.00895706
0.00523211
0.001496
-0.00223063
-0.00586014
-0.00943805
-0.0129431
-0.0163543
-0.0196508
-0.0227543
-0.0257034
-0.0284794
-0.031064
-0.0334398
-0.0355503
-0.0374208
-0.0390377
-0.0403884
-0.0414618
-0.0422325
-0.0427077
-0.0428811
-0.0427482
-0.0423064
-0.0415681
-0.0405207
-0.0391663
-0.0375092
-0.0355552
-0.0333542
-0.0308744
-0.0281274
-0.0251268
-0.0218874
-0.0184915
-0.0148915
-0.0111071
-0.00715951
-0.00307087
0.00105526
0.00527599
0.00956723
0.0139041
0.0182606
0.0225266
0.0267596
0.0309333
0.035022
0.0390004
0.0427691
0.0463786
0.0498051
0.0530256
0.0560179
0.0587083
0.061131
0.0632688
0.0651059
0.066628
0.0678001
0.0686336
0.0691197
0.069252
0.0690262
0.0684543
0.0675221
0.0662318
0.0645874
0.0625954
0.0603141
0.0577042
0.0547785
0.0515513
0.0480393
0.0443407
0.0403957
0.036226
0.0318554
0.0273092
0.022713
0.0179947
0.0131821
0.00830406
0.00339018
-0.00142501
-0.00621567
-0.0109515
-0.0156024
-0.0201382
-0.0244359
-0.0285603
-0.0324835
-0.0361784
-0.0396188
-0.0427123
-0.0455043
-0.0479739
-0.0501022
-0.0518718
-0.0532369
-0.0542149
-0.0547949
-0.0549682
-0.0547288
-0.0540863
-0.0530259
-0.0515486
-0.0496583
-0.0473614
-0.0447251
-0.0417027
-0.0383082
-0.0345577
-0.0304694
-0.0261601
-0.0215549
-0.0166779
-0.0115549
-0.00621342
-0.000805999
0.00476083
0.0104563
0.0162487
0.0221056
0.02786
0.0336124
0.0393294
0.0449774
0.0505233
0.0558083
0.060927
0.0658484
0.0705426
0.0749805
0.0790338
0.0827775
0.0861876
0.0892419
0.09192
0.0941424
0.0959539
0.0973406
0.0982915
0.0987979
0.098842
0.0984316
0.0975653
0.0962441
0.0944719
0.0922963
0.0896852
0.0866503
0.0832052
0.0793655
0.0752388
0.0707544
0.0659339
0.0608011
0.0553816
0.0498312
0.0440492
0.0380641
0.0319056
0.0256043
0.0193439
0.0130041
0.00661721
0.000215546
-0.00616883
-0.0123468
-0.0184451
-0.0244332
-0.0302813
-0.03596
-0.0412975
-0.0464114
-0.0512771
-0.055871
-0.0601707
-0.0640417
-0.0675783
-0.0707631
-0.0735808
-0.0760184
-0.0779949
-0.0795709
-0.0807389
-0.081493
-0.0818294
-0.0817286
-0.0812091
-0.0802735
-0.0789264
-0.0771739
-0.0750594
-0.0725568
-0.0696774
-0.0664346
-0.0628435
-0.059006
-0.0548549
-0.0504092
-0.0456888
-0.040715
-0.0356339
-0.0303444
-0.0248703
-0.0192358
-0.0134661
-0.00773558
-0.00192039
0.00395396
0.0098617
0.0157772
0.0215172
0.0272157
0.0328491
0.0383946
0.0438291
0.0489806
0.0539773
0.0587987
0.0634251
0.0678382
0.0718944
0.0757042
0.0792529
0.0825266
0.0855126
0.0881092
0.0903971
0.0923683
0.0940163
0.0953358
0.0962766
0.0968824
0.0971519
0.0970853
0.0966847
0.0959545
0.0948984
0.0935224
0.0918335
0.08984
0.0875976
0.0850707
0.0822712
0.0792122
0.0759076
0.0724568
0.0687894
0.0649203
0.0608653
0.0566411
0.0523785
0.0479815
0.0434678
0.0388552
0.0341617
0.0295344
0.0248621
0.0201629
0.0154547
0.0107555
0.00621364
0.00171478
-0.00272475
-0.00708862
-0.0113605
-0.0154047
-0.0193259
-0.0231103
-0.026745
-0.0302186
-0.0334225
-0.0364438
-0.0392728
-0.0419
-0.0443172
-0.0464502
-0.0483605
-0.0500437
-0.0514965
-0.0527159
-0.0536678
-0.0543832
-0.0548623
-0.0551065
-0.0551186
-0.0549051
-0.0544678
-0.0538119
-0.0529432
-0.0518688
-0.0506309
-0.0492042
-0.0475987
-0.0458248
-0.0438934
-0.0418748
-0.0397214
-0.0374451
-0.0350583
-0.0325743
-0.0300817
-0.0275182
-0.0248967
-0.0222297
-0.0195245
-0.0168723
-0.0142075
-0.0115468
-0.00890635
-0.00630183
-0.00382744
-0.00141684
0.000917384
0.00316364
0.00531143
0.0072833
0.00914034
0.0108758
0.0124843
0.0139613
0.0152519
0.0164068
0.017425
0.0183064
0.019052
0.01963
0.0200782
0.0204005
0.0206017
0.0206872
0.0206454
0.0205006
0.0202593
0.0199287
0.0195165
0.019026
0.0184701
0.017857
0.0171949
0.0164915
0.0157583
0.0149987
0.0142197
0.0134283
0.0126309
0.0118414
0.0110573
0.0102835
0.00952475
0.00878512
0.00807696
0.00739385
0.0067383
0.00611243
0.00551793
0.00496411
0.00444313
0.00395545
0.00350119
0.00308007
0.00269805
0.0023471
0.00202625
0.00173438
0.00147022
0.00123742
0.00102888
0.000843142
0.000678739
0.000534231
0.00041189
0.000306048
0.000215374
0.000138583
7.44506e-05
2.43883e-05
-1.57508e-05
-4.69128e-05
-6.9998e-05
-8.58833e-05
-9.3905e-05
-9.6881e-05
-9.55759e-05
-9.07197e-05
-8.30126e-05
-7.24912e-05
-6.07906e-05
-4.85399e-05
-3.63772e-05
-2.49503e-05
-1.48235e-05
-6.87313e-06
-1.72202e-06
-0
-0
-0
-0
-0
-0
-0
-0
-0
-0
-0
-0
-0
-0
-0
-0
-0
-0
-0
-0
-0
-0
-0
-0
-0
-0
-0
-0
-0
-0
-0
-0
-0
-0
-0
-0
-0
-0
-0
-0
0
0
0
0
0
0
0
0
0
0
0
0
0
0
0
0
0
0
0
0
0
0
0
0
0
0
0
0
0
0
0
0
0
0
0
0
0
0
0
0
0
0
0
0
0
0
0
0
0
0
0
0
0
-0
-0
-0
-0
-0
-0
-0
-0
-0
-0
-0
-0
-0
-0
-0
-0
-0
-0
-0
-0
-0
-0
-0
-0
-0
-0
-0
-0
-0
-0
-0
-0
-0
-0
-0
-0
-0
-0
0
0
0
0
0
0
0
0
0
0
0
0
0
0
0
0
0
0
0
0
0
0
0
0
0
0
0
0
0
0
0
0
0
0
0
0
0
0
0
0
0
0
0
0
0
0
0
0
0
0
0
0
0
0
0
0
0
0
0
0
0
0
0
0
-0
-0
-0
-0
-0
-0
