0
0
0
0
0
0
0
0
0
0
0
0
0
0
0
0
0
0
0
0
0
0
0
0
0
0
0
0
0
0
0
0
0
0
0
0
0
0
0
0
0
0
0
0
0
0
0
0
0
0
0
0
0
0
0
0
0
0
0
0
0
0
0
0
0
0
0
0
0
0
0
0
0
0
0
0
0
0
0
0
0
0
0
0
0
0
0
0
0
0
0
0
0
0
0
0
0
0
0
0
0
0
0
0
0
0
0
0
0
0
0
0
0
0
0
0
0
0
0
0
0
0
0
0
0
0
0
0
0
0
0
0
0
0
0
0
0
0
0
0
0
0
0
0
0
0
0
0
0
0
0
0
0
0
0
0
0
0
0
0
0
0
0
0
0
0
0
0
0
0
0
0
0
0
0
0
0
0
0
0
0
0
0
0
0
0
0
0
0
0
0
0
0
0
0
0
0
0
3.30775e-10
2.68558e-06
1.04087e-05
2.28474e-05
3.96832e-05
6.05999e-05
8.52692e-05
0.000113339
0.000144435
0.000178176
0.00021419
0.000252127
0.000291651
0.000332442
0.000374186
0.000416573
0.000459281
0.000501954
0.000544178
0.000585496
0.000625456
0.000663686
0.000699959
0.000734178
0.000766297
0.000796184
0.000823527
0.000847814
0.000868447
0.000884902
0.000896889
0.0009044
0.000907612
0.000906692
0.000901604
0.000892014
0.000877375
0.000857158
0.000831097
0.000799304
0.000762151
0.000719954
0.000672655
0.000619716
0.000560363
0.000494076
0.000421023
0.000342134
0.000258642
0.000171333
7.99283e-05
-1.69351e-05
-0.000121015
-0.000233401
-0.00035372
-0.000480131
-0.000610223
-0.000742301
-0.00087632
-0.00101387
-0.00115721
-0.00130788
-0.00146583
-0.00162943
-0.00179643
-0.00196517
-0.00213532
-0.00230775
-0.00248368
-0.00266374
-0.00284753
-0.00303392
-0.0032218
-0.00341072
-0.00360105
-0.00379359
-0.00398878
-0.00418628
-0.00438483
-0.00458281
-0.00477887
-0.00497256
-0.00516446
-0.00535588
-0.0055482
-0.00574209
-0.00593704
-0.00613126
-0.00632231
-0.00650801
-0.00668737
-0.00686345
-0.00703991
-0.00721906
-0.0074023
-0.00758944
-0.00777891
-0.00796857
-0.00815682
-0.00834322
-0.0085284
-0.00871344
-0.00889907
-0.00908542
-0.0092722
-0.00945921
-0.00964653
-0.0098344
-0.0100226
-0.0102103
-0.0103956
-0.0105772
-0.0107544
-0.0109277
-0.011099
-0.0112699
-0.0114409
-0.0116112
-0.011779
-0.011942
-0.012099
-0.0122498
-0.0123948
-0.012535
-0.0126708
-0.0128023
-0.0129295
-0.0130524
-0.0131708
-0.0132846
-0.0133932
-0.0134957
-0.0135915
-0.0136802
-0.0137627
-0.0138403
-0.0139144
-0.013986
-0.0140553
-0.0141222
-0.0141866
-0.0142487
-0.0143091
-0.0143685
-0.0144277
-0.0144875
-0.014549
-0.0146137
-0.0146836
-0.0147606
-0.0148463
-0.0149416
-0.0150471
-0.0151629
-0.01529
-0.0154297
-0.0155842
-0.0157553
-0.0159451
-0.0161553
-0.0163873
-0.016643
-0.0169237
-0.0172307
-0.0175645
-0.0179253
-0.018313
-0.0187281
-0.0191715
-0.0196446
-0.0201492
-0.0206863
-0.0212562
-0.0218583
-0.0224915
-0.0231541
-0.0238445
-0.0245607
-0.0253007
-0.0260626
-0.0268449
-0.0276465
-0.0284664
-0.0293027
-0.0301523
-0.0310108
-0.0318723
-0.0327308
-0.0335809
-0.034418
-0.0352384
-0.0360384
-0.0368141
-0.0375605
-0.0382722
-0.0389432
-0.0395671
-0.0401371
-0.0406462
-0.0410871
-0.0414531
-0.0417388
-0.0419396
-0.0420519
-0.0420723
-0.0419964
-0.0418193
-0.0415353
-0.0411391
-0.0406263
-0.0399938
-0.0392396
-0.0383626
-0.0373624
-0.0362391
-0.0349939
-0.033629
-0.0321474
-0.0305523
-0.0288473
-0.0270356
-0.0251214
-0.0231103
-0.0210099
-0.0188295
-0.0165798
-0.0142724
-0.011919
-0.00953201
-0.00712425
-0.00470942
-0.00230186
8.37326e-05
0.00243249
0.00472922
0.00695795
0.00910146
0.0111412
0.0130577
0.0148313
0.0164434
0.017876
0.0191124
0.0201368
0.0209335
0.0214873
0.0217837
0.0218085
0.0215479
0.0209886
0.0201179
0.0189241
0.0173975
0.015531
0.0133206
0.0107651
0.00786505
0.00462261
0.00104074
-0.00287638
-0.00712291
-0.0116908
-0.0165697
-0.0217467
-0.0272062
-0.0329302
-0.0388976
-0.0450845
-0.0514642
-0.0580082
-0.0646867
-0.071469
-0.0783236
-0.0852175
-0.0921162
-0.098983
-0.10578
-0.112468
-0.119007
-0.125357
-0.131475
-0.13732
-0.14285
-0.148022
-0.152797
-0.157137
-0.161006
-0.164369
-0.167195
-0.16945
-0.171105
-0.172132
-0.172504
-0.172198
-0.171194
-0.169474
-0.167026
-0.16384
-0.159913
-0.155247
-0.149847
-0.143725
-0.136892
-0.129364
-0.121161
-0.112306
-0.102826
-0.0927547
-0.0821273
-0.0709857
-0.0593751
-0.0473458
-0.0349521
-0.022252
-0.00930654
0.00382144
0.0170678
0.0303672
0.043653
0.056857
0.0699097
0.0827409
0.0952802
0.107457
0.1192
0.13044
0.141105
0.151127
0.160437
0.168974
0.176677
0.183492
0.189368
0.194261
0.198128
0.200934
0.202648
0.203242
0.202697
0.200994
0.198121
0.194072
0.188847
0.182451
0.174901
0.166217
0.156428
0.14557
0.133685
0.120822
0.107037
0.0923893
0.0769464
0.0607777
0.0439562
0.0265579
0.0086621
-0.0096484
-0.0282878
-0.0471675
-0.0661966
-0.0852821
-0.104328
-0.123238
-0.141911
-0.160247
-0.178145
-0.195508
-0.212238
-0.228243
-0.243431
-0.257718
-0.271021
-0.283267
-0.294387
-0.304321
-0.313016
-0.320427
-0.326517
-0.331254
-0.334617
-0.33659
-0.337169
-0.336354
-0.334154
-0.330585
-0.325668
-0.319435
-0.311922
-0.303173
-0.293239
-0.282176
-0.270043
-0.256906
-0.242837
-0.227912
-0.21221
-0.195818
-0.178819
-0.161305
-0.143364
-0.125091
-0.106578
-0.0879205
-0.0692134
-0.0505499
-0.0320225
-0.0137218
0.00426285
0.0218443
0.0389383
0.0554644
0.0713465
0.0865132
0.100897
0.114436
0.127072
0.138751
0.149427
0.15906
0.167615
0.175065
0.181387
0.186565
0.190588
0.193453
0.195163
0.195727
0.19516
0.193482
0.190718
0.1869
0.182064
0.176251
0.169508
0.161885
0.153435
0.144216
0.134286
0.123709
0.11255
0.100878
0.0887606
0.0762681
0.0634703
0.0504375
0.0372404
0.0239495
0.0106348
-0.00263561
-0.0157958
-0.0287819
-0.0415322
-0.053987
-0.0660892
-0.0777845
-0.0890226
-0.099757
-0.109945
-0.119549
-0.128532
-0.136864
-0.144516
-0.151468
-0.1577
-0.1632
-0.167958
-0.171968
-0.175229
-0.177742
-0.179514
-0.180556
-0.180884
-0.180514
-0.179467
-0.177767
-0.17544
-0.172515
-0.169025
-0.165004
-0.160488
-0.155514
-0.150121
-0.144349
-0.138238
-0.131831
-0.125171
-0.118298
-0.111256
-0.104084
-0.0968241
-0.0895164
-0.0822008
-0.0749162
-0.0676992
-0.0605847
-0.0536055
-0.0467931
-0.0401777
-0.0337876
-0.027649
-0.0217854
-0.0162177
-0.0109641
-0.00604104
-0.00146297
0.00275778
0.0066114
0.0100908
0.0131917
0.0159119
0.0182507
0.0202095
0.0217911
0.0230009
0.0238465
0.0243379
0.0244862
0.0243038
0.0238036
0.0229998
0.0219077
0.0205444
0.0189282
0.0170782
0.0150136
0.0127535
0.0103174
0.0077248
0.00499617
0.00215193
-0.00078777
-0.00380346
-0.00687634
-0.009988
-0.0131201
-0.0162542
-0.0193729
-0.0224593
-0.0254985
-0.0284767
-0.0313811
-0.0341994
-0.0369193
-0.0395296
-0.0420201
-0.0443822
-0.046609
-0.0486947
-0.0506341
-0.0524226
-0.0540567
-0.0555337
-0.0568525
-0.0580132
-0.0590164
-0.059863
-0.0605546
-0.0610935
-0.0614832
-0.0617286
-0.0618353
-0.0618091
-0.0616557
-0.0613806
-0.0609896
-0.0604893
-0.0598873
-0.0591918
-0.0584111
-0.0575529
-0.0566248
-0.055634
-0.054588
-0.0534949
-0.0523626
-0.0511986
-0.05001
-0.0488034
-0.0475853
-0.0463625
-0.0451419
-0.0439301
-0.0427326
-0.041554
-0.0403983
-0.0392693
-0.0381711
-0.0371084
-0.0360851
-0.0351048
-0.0341697
-0.0332812
-0.0324405
-0.0316488
-0.0309073
-0.0302171
-0.029579
-0.0289927
-0.0284579
-0.0279738
-0.02754
-0.027156
-0.0268208
-0.0265324
-0.0262886
-0.0260868
-0.0259249
-0.0258013
-0.0257148
-0.0256641
-0.0256467
-0.0256597
-0.0256996
-0.0257632
-0.0258482
-0.0259527
-0.0260748
-0.0262126
-0.0263634
-0.0265246
-0.0266941
-0.0268697
-0.0270498
-0.0272323
-0.0274151
-0.0275958
-0.0277724
-0.0279437
-0.0281091
-0.0282683
-0.0284204
-0.0285639
-0.0286969
-0.0288177
-0.0289252
-0.0290195
-0.0291009
-0.0291698
-0.0292259
-0.0292687
-0.0292974
-0.0293118
-0.029312
-0.0292985
-0.0292714
-0.029228
-0.029155
-0.0290512
-0.0289175
-0.0287555
-0.0285663
-0.0283507
-0.0281088
-0.0278407
-0.0275469
-0.0272289
-0.0268888
-0.0265288
-0.0261506
-0.025755
-0.0253424
-0.0249134
-0.024469
-0.0240109
-0.0235406
-0.0230595
-0.0225689
-0.0220709
-0.0215667
-0.0210577
-0.0205454
-0.0200305
-0.0195138
-0.0189954
-0.0184757
-0.0179556
-0.0174365
-0.01692
-0.0164073
-0.0158988
-0.0153946
-0.0148944
-0.0143985
-0.0139076
-0.0134227
-0.0129445
-0.0124737
-0.0120105
-0.0115551
-0.0111077
-0.0106686
-0.0102383
-0.00981695
-0.00940457
-0.00900114
-0.00860682
-0.008222
-0.00784721
-0.00748288
-0.00712911
-0.00678573
-0.00645242
-0.00612899
-0.00581554
-0.00551239
-0.00521991
-0.00493829
-0.00466751
-0.00440741
-0.00415782
-0.0039187
-0.00369008
-0.00347202
-0.00326454
-0.00306758
-0.00288109
-0.00270501
-0.00253943
-0.00238442
-0.00223995
-0.00210592
-0.00198212
-0.00186845
-0.00176485
-0.00167131
-0.0015879
-0.00151457
-0.00145132
-0.00139798
-0.00135439
-0.00132038
-0.00129576
-0.00128049
-0.00127446
-0.00127752
-0.00128734
-0.00129659
-0.00130467
-0.00131155
-0.00131721
-0.00132158
-0.00132452
-0.00132595
-0.00132576
-0.00132391
-0.00132043
-0.0013153
-0.00130858
-0.00130018
-0.00128999
-0.00127787
-0.00126376
-0.00124766
-0.00122962
-0.00120969
-0.0011879
-0.00116437
-0.0011395
-0.00111336
-0.00108597
-0.00105733
-0.00102761
-0.000996617
-0.000964309
-0.000930693
-0.000895835
-0.000860104
-0.000823354
-0.000785643
-0.000746974
-0.000707326
-0.000667066
-0.000625952
-0.000584165
-0.000541913
-0.000499375
-0.000457082
-0.000414709
-0.000372355
-0.000330178
-0.000288387
-0.000247637
-0.000207712
-0.000168793
-0.000131055
-9.47101e-05
-6.03807e-05
-2.79858e-05
2.21316e-06
3.00092e-05
5.52437e-05
7.75589e-05
9.6957e-05
0.00011317
0.000125894
0.000134847
0.000139888
0.000140826
0.000137569
0.000130007
0.000117987
0.000101761
8.07399e-05
5.48327e-05
2.40166e-05
-1.16957e-05
-5.14191e-05
-9.60326e-05
-0.000145527
-0.000199834
-0.000258804
-0.000320888
-0.000387179
-0.000457459
-0.000531528
-0.000609165
-0.000688347
-0.000770402
-0.00085485
-0.000941176
-0.00102889
-0.00111554
-0.00120265
-0.00128969
-0.00137604
-0.00146102
-0.00154195
-0.00162012
-0.00169488
-0.00176556
-0.00183147
-0.00189023
-0.00194266
-0.001988
-0.00202553
-0.00205458
-0.00207363
-0.00208288
-0.00208163
-0.00206915
-0.0020448
-0.00200826
-0.00195883
-0.00189612
-0.00181971
-0.00172921
-0.00162592
-0.00150788
-0.00137497
-0.00122716
-0.0010645
-0.00089039
-0.000701663
-0.000498524
-0.000281296
-5.04597e-05
0.000188531
0.000439815
0.000702642
0.000976214
0.00125964
0.00154583
0.00183971
0.00213997
0.00244526
0.00275418
0.00305858
0.00336368
0.00366789
0.00396947
0.00426659
0.00455097
0.00482724
0.00509363
0.00534832
0.00558945
0.00580992
0.00601294
0.00619662
0.00635915
0.00649881
0.00661124
0.00669754
0.00675613
0.00678551
0.00678427
0.00675192
0.0066867
0.0065877
0.00645413
0.00628529
0.00608554
0.00584971
0.00557775
0.00526984
0.00492637
0.00455709
0.00415343
0.00371626
0.00324671
0.00274624
0.00222975
0.00168594
0.00111686
0.000524716
-8.80802e-05
-0.000702822
-0.00133274
-0.00197476
-0.00262567
-0.0032821
-0.00392341
-0.00456326
-0.00519796
-0.00582367
-0.00643646
-0.00701633
-0.00757547
-0.00811004
-0.00861619
-0.00909003
-0.00951524
-0.00990044
-0.010242
-0.0105364
-0.0107806
-0.0109649
-0.0110929
-0.011162
-0.0111696
-0.0111134
-0.0109932
-0.0108059
-0.0105502
-0.0102253
-0.00983053
-0.0093763
-0.00885225
-0.008259
-0.00759759
-0.00686944
-0.00609566
-0.00525893
-0.00436172
-0.00340696
-0.00239806
-0.00136574
-0.000287207
0.000833165
0.00199074
0.00318056
0.00436565
0.00557218
0.00679433
0.00802603
0.00926107
0.0104603
0.0116501
0.0128242
0.013976
0.0150988
0.0161564
0.0171722
0.01814
0.0190536
0.0199071
0.020672
0.0213653
0.0219817
0.0225164
0.0229649
0.0233119
0.0235651
0.023721
0.0237769
0.0237303
0.0235818
0.0233278
0.0229677
0.0225014
0.0219294
0.0212693
0.020506
0.0196418
0.0186793
0.0176218
0.0165034
0.0152981
0.0140107
0.0126467
0.0112121
0.00975378
0.00823801
0.00667178
0.0050624
0.00341751
0.00179152
0.000146171
-0.00151012
-0.00316877
-0.00482114
-0.00641189
-0.00797923
-0.00951473
-0.01101
-0.0124566
-0.0138056
-0.0150903
-0.0163032
-0.0174373
-0.0184857
-0.019412
-0.0202403
-0.0209653
-0.0215821
-0.0220868
-0.0224606
-0.0227155
-0.0228489
-0.0228589
-0.0227441
-0.0225067
-0.0221442
-0.0216576
-0.0210483
-0.0203184
-0.0194905
-0.018548
-0.0174948
-0.0163355
-0.0150752
-0.0137544
-0.0123441
-0.010851
-0.00928195
-0.00764453
-0.00599203
-0.00428694
-0.0025374
-0.000751774
0.00106136
0.00284267
0.00463389
0.00642612
0.00821048
0.0099782
0.0116714
0.013331
0.0149491
0.0165176
0.0180288
0.0194332
0.020766
0.0220208
0.0231916
0.0242727
0.025229
0.026086
0.0268397
0.0274867
0.0280243
0.0284358
0.028734
0.0289179
0.0289869
0.0289411
0.0287834
0.0285132
0.0281327
0.0276445
0.0270515
0.0263745
0.0256004
0.0247335
0.0237788
0.0227418
0.0216582
0.0205039
0.0192854
0.0180092
0.0166824
0.0153499
0.013981
0.0125826
0.011162
0.00972648
0.00832417
0.00692133
0.00552508
0.00414238
0.00277999
0.00148318
0.000219255
-0.0010059
-0.00218661
-0.00331749
-0.00436135
-0.00534587
-0.00626697
-0.007121
-0.00790462
-0.00859261
-0.00920479
-0.00973918
-0.0101943
-0.0105693
-0.0108528
-0.0110555
-0.0111775
-0.0112195
-0.0111827
-0.0110696
-0.0108813
-0.01062
-0.0102882
-0.00988903
-0.0094368
-0.00892368
-0.00835345
-0.00773019
-0.00705816
-0.00636075
-0.00562326
-0.00485013
-0.00404594
-0.00321539
-0.00238684
-0.00154139
-0.000683676
0.000181781
0.00105048
0.0018933
0.00273061
0.00355821
0.00437212
0.00516859
0.00592148
0.00665022
0.00735176
0.00802317
0.00866173
0.00924675
0.00979438
0.0103028
0.0107706
0.0111964
0.0115669
0.0118934
0.0121756
0.0124133
0.0126066
0.01275
0.0128499
0.0129069
0.0129217
0.0128954
0.0128298
0.0127258
0.0125853
0.0124101
0.0122021
0.0119688
0.0117069
0.0114186
0.0111062
0.010772
0.0104274
0.0100655
0.00968857
0.00929891
0.00889902
0.00850227
0.00810019
0.00769503
0.00728888
0.00688369
0.00649238
0.00610573
0.00572548
0.00535332
0.0049908
0.00464918
0.00431993
0.00400429
0.00370343
0.00341838
0.00315766
0.00291421
0.00268844
0.00248064
0.00229107
0.00212498
0.00197752
0.00184872
0.00173847
0.00164648
0.00157467
0.00152035
0.0014831
0.00146245
0.00145779
0.00146821
0.00149298
0.00153117
0.00158189
0.0016443
0.00171559
0.00179696
0.00188754
0.0019864
0.00209258
0.00220191
0.00231671
0.00243607
0.00255901
0.00268455
0.00280796
0.00293216
0.00305649
0.00318039
0.00330336
0.00342114
0.00353676
0.00364949
0.00375864
0.0038636
0.00396072
0.00405293
0.00413999
0.0042217
0.00429789
0.00436595
0.0044282
0.00448456
0.00453494
0.0045792
0.0046157
0.00464588
0.0046698
0.00468769
0.00469986
0.004706
0.00470705
0.00470315
0.00469438
0.00468081
0.00466267
0.0046402
0.00461378
0.00458377
0.00455047
0.00451472
0.00447627
0.0044354
0.00439247
0.00434779
0.00430245
0.00425577
0.0042079
0.00415903
0.00410945
0.00406046
0.0040114
0.0039625
0.00391391
0.0038657
0.00381888
0.00377268
0.00372726
0.00368281
0.00363941
0.00359786
0.00355737
0.00351794
0.00347966
0.00344265
0.00340761
0.003374
0.00334178
0.00331085
0.0032811
0.00325286
0.00322575
0.00319978
0.00317491
0.00315106
0.00312834
0.00310657
0.00308578
0.003066
0.00304718
0.00302914
0.00301166
0.00299454
0.00297769
0.00296119
0.00294508
0.00292957
0.00291462
0.00290009
0.00288572
0.0028712
0.00285663
0.00284207
0.0028276
0.00281323
0.0027987
0.00278407
0.00276927
0.00275431
0.00273932
0.00272423
0.00270854
0.00269114
0.00267185
0.00265054
0.00262711
0.00260186
0.00257505
0.00254689
0.00251748
0.00248667
0.00245441
0.00242058
0.00238518
0.00234829
0.00231008
0.00227077
0.00223054
0.00218946
0.00214753
0.00210469
0.00206094
0.00201632
0.00197093
0.00192493
0.00187849
0.00183169
0.00178454
0.00173699
0.001689
0.00164067
0.00159214
0.00154366
0.00149542
0.00144746
0.00139971
0.00135195
0.00130409
0.00125619
0.00120853
0.00116146
0.00111518
0.00106974
0.00102498
0.000980699
0.000936788
0.000893269
0.000850358
0.000808321
0.000767337
0.000727458
0.000688557
0.000650515
0.000613287
0.000576937
0.000541612
0.00050741
0.000474375
0.000442477
0.000411663
0.000381915
0.00035326
0.00032577
0.000299516
0.000274521
0.000250755
0.000228163
0.0002067
0.000186359
0.000167166
0.00014915
0.000132332
0.0001167
0.000102219
8.88478e-05
7.65434e-05
6.52871e-05
5.50577e-05
4.58334e-05
3.75869e-05
3.02812e-05
2.38847e-05
1.83577e-05
1.36582e-05
9.74163e-06
6.55976e-06
4.06656e-06
2.21352e-06
9.51869e-07
2.31458e-07
2.68276e-11
0
0
0
0
0
0
0
0
0
0
0
0
0
0
0
0
0
0
0
0
0
0
0
0
-0
-0
-0
-0
-0
-0
-0
-0
-0
-0
-0
-0
-0
-0
-0
-0
-0
-0
-0
-0
-0
-0
-0
-0
-0
-0
-0
-0
-0
-0
-0
-0
-0
-0
-0
-0
-0
-0
-0
-0
-0
-0
-0
-0
-0
-0
-0
-0
-0
-0
-0
-0
-0
-0
-0
-0
-0
-0
-0
-0
-0
-0
-0
-0
-0
-0
-0
-0
-0
-0
-0
-0
-0
-0
-0
-0
-0
-0
-0
-0
-0
-0
-0
-0
-0
-0
-0
-0
-0
-0
-0
-0
-0
-0
-0
-0
-0
-0
-0
-0
-0
-0
-0
-0
-0
-0
-0
-0
-0
-0
-0
-0
-0
-0
-0
-0
-0
-0
-0
-0
-0
-0
-0
-0
-0
-0
-0
-0
-0
-0
-0
-0
-0
-0
-0
-0
-0
-0
-0
-0
-0
-0
-0
-0
-0
-0
-0
-0
-0
-0
-0
-0
-0
-0
-0
-0
-0
-0
-0
-0
-0
-0
-0
-0
0
0
0
0
0
0
0
0
0
-0
