0
0
0
0
0
0
0
0
0
0
0
0
0
0
0
0
0
0
0
0
0
0
0
0
0
0
0
0
0
0
0
0
0
0
0
0
0
0
0
0
0
0
0
0
0
0
0
0
0
0
0
0
0
0
0
0
0
0
0
0
0
0
0
1.39159e-08
4.75879e-07
8.51506e-07
1.32509e-07
-2.66393e-06
-8.47936e-06
-1.81985e-05
-3.26344e-05
-5.25133e-05
-7.8461e-05
-0.000110989
-0.000150484
-0.000197196
-0.000251232
-0.000312549
-0.000380952
-0.000456085
-0.000537429
-0.000624295
-0.000715828
-0.000811011
-0.000908672
-0.0010075
-0.00110605
-0.00120276
-0.00129596
-0.00138385
-0.00146456
-0.00153617
-0.00159668
-0.00164413
-0.00167655
-0.00169205
-0.00168878
-0.001665
-0.00161906
-0.00154947
-0.00145489
-0.00133415
-0.00118631
-0.00101065
-0.000806685
-0.000574202
-0.000313236
-2.40889e-05
0.000292686
0.000636283
0.00100565
0.00139946
0.00181614
0.00225382
0.00271036
0.00318339
0.0036703
0.00416829
0.00467438
0.00518541
0.00569804
0.00620882
0.00671419
0.00721052
0.00769416
0.00816146
0.00860875
0.00903233
0.00942853
0.00979369
0.0101243
0.010417
0.0106688
0.0108768
0.0110387
0.011152
0.0112149
0.0112257
0.0111829
0.0110858
0.0109335
0.0107263
0.0104643
0.0101485
0.00978031
0.00936138
0.00889386
0.0083802
0.00782316
0.00722581
0.00659152
0.00592403
0.00522738
0.00450602
0.00376606
0.00301165
0.00224606
0.00147257
0.000694401
-8.51379e-05
-0.000862676
-0.00163475
-0.00239782
-0.00314836
-0.00388284
-0.0045978
-0.00528984
-0.0059556
-0.00659177
-0.00719514
-0.00776258
-0.00829111
-0.0087779
-0.00922026
-0.00961568
-0.0099618
-0.0102565
-0.0104978
-0.0106841
-0.0108142
-0.010887
-0.0109017
-0.0108576
-0.0107546
-0.0105926
-0.0103717
-0.0100927
-0.00975635
-0.00936402
-0.00891726
-0.00841794
-0.00786822
-0.00727056
-0.00662769
-0.00594265
-0.00521873
-0.0044595
-0.00366875
-0.00285057
-0.00200929
-0.0011495
-0.000276024
0.000606209
0.00149217
0.00237681
0.00325508
0.00412187
0.00497208
0.00580054
0.0066021
0.00737168
0.00810434
0.00879537
0.00944028
0.0100348
0.0105751
0.0110573
0.011478
0.0118341
0.0121228
0.0123416
0.0124884
0.0125616
0.0125597
0.0124818
0.0123276
0.012097
0.0117905
0.0114089
0.0109535
0.0104262
0.009829
0.00916466
0.00843618
0.007647
0.00680095
0.00590225
0.00495543
0.00396538
0.00293734
0.00187683
0.000789673
-0.000318103
-0.00144028
-0.00257049
-0.0037023
-0.00482916
-0.00594454
-0.00704186
-0.00811466
-0.00915656
-0.0101614
-0.011123
-0.0120357
-0.0128937
-0.0136917
-0.0144247
-0.0150877
-0.0156765
-0.0161873
-0.0166164
-0.016961
-0.0172184
-0.0173865
-0.0174635
-0.0174484
-0.0173404
-0.0171396
-0.0168464
-0.0164618
-0.0159874
-0.0154253
-0.014778
-0.0140485
-0.0132404
-0.0123574
-0.0114041
-0.0103852
-0.00930603
-0.0081721
-0.0069894
-0.00576419
-0.00450297
-0.00321247
-0.00189963
-0.000571562
0.000764454
0.00210106
0.00343087
0.00474652
0.00604073
0.00730631
0.00853621
0.00972351
0.0108615
0.0119436
0.0129636
0.0139157
0.0147944
0.0155947
0.0163119
0.0169419
0.0174809
0.0179256
0.0182735
0.0185223
0.0186706
0.0187174
0.0186625
0.0185061
0.0182491
0.0178929
0.0174395
0.0168915
0.0162521
0.0155249
0.0147141
0.0138243
0.0128604
0.0118281
0.0107332
0.009582
0.00838113
0.00713742
0.00585786
0.00454953
0.00321962
0.00187539
0.000524175
-0.000826678
-0.00216988
-0.00349827
-0.00480492
-0.00608312
-0.00732641
-0.00852862
-0.00968381
-0.0107863
-0.0118308
-0.0128125
-0.0137268
-0.01457
-0.0153385
-0.0160294
-0.0166403
-0.0171692
-0.0176145
-0.0179754
-0.0182514
-0.0184425
-0.0185494
-0.0185731
-0.0185153
-0.0183779
-0.0181637
-0.0178754
-0.0175165
-0.0170906
-0.0166018
-0.0160544
-0.0154529
-0.0148023
-0.0141077
-0.0133745
-0.0126082
-0.0118143
-0.0109984
-0.0101661
-0.00932298
-0.00847456
-0.00762632
-0.00678364
-0.00595175
-0.00513573
-0.00434042
-0.00357049
-0.00283037
-0.00212422
-0.00145592
-0.000828967
-0.00024648
0.000288821
0.00077458
0.00120878
0.00158972
0.00191604
0.00218675
0.00240131
0.00255959
0.0026619
0.00270893
0.00270169
0.00264152
0.00253004
0.00236919
0.00216126
0.00190882
0.00161472
0.00128203
0.000914012
0.000514077
8.58136e-05
-0.000367027
-0.000840555
-0.00133079
-0.00183374
-0.00234539
-0.00286181
-0.00337908
-0.00389333
-0.00440072
-0.00489754
-0.00538016
-0.00584519
-0.00628942
-0.00670983
-0.00710362
-0.00746817
-0.00780107
-0.0081002
-0.00836375
-0.00859022
-0.00877843
-0.00892746
-0.00903661
-0.00910541
-0.00913368
-0.00912156
-0.00906954
-0.00897846
-0.00884941
-0.00868366
-0.00848264
-0.00824792
-0.00798126
-0.00768468
-0.00736042
-0.00701099
-0.006639
-0.00624716
-0.00583818
-0.0054148
-0.00497978
-0.00453598
-0.00408634
-0.00363386
-0.00318153
-0.0027323
-0.00228905
-0.00185455
-0.00143152
-0.00102253
-0.000630074
-0.000256481
9.60827e-05
0.000425616
0.000730273
0.00100835
0.00125832
0.0014788
0.00166865
0.00182697
0.00195308
0.0020465
0.00210691
0.00213414
0.00212818
0.00208924
0.00201773
0.00191434
0.00177997
0.00161566
0.00142258
0.00120198
0.000955207
0.00068374
0.000389237
7.35313e-05
-0.000261399
-0.000613489
-0.000980642
-0.00136076
-0.00175174
-0.00215143
-0.00255766
-0.00296817
-0.0033807
-0.003793
-0.00420286
-0.00460817
-0.00500689
-0.00539701
-0.00577663
-0.00614385
-0.00649687
-0.00683399
-0.00715362
-0.00745433
-0.00773481
-0.00799387
-0.00823047
-0.00844365
-0.00863261
-0.00879667
-0.00893533
-0.00904821
-0.00913515
-0.0091961
-0.00923121
-0.00924076
-0.00922514
-0.0091849
-0.00912066
-0.00903316
-0.00892325
-0.00879185
-0.00864
-0.00846884
-0.00827958
-0.00807348
-0.00785186
-0.00761608
-0.00736756
-0.00710777
-0.00683823
-0.00656051
-0.0062762
-0.00598688
-0.00569408
-0.00539931
-0.00510404
-0.00480972
-0.00451779
-0.00422967
-0.00394675
-0.00367032
-0.00340162
-0.0031418
-0.00289195
-0.00265309
-0.00242618
-0.0022121
-0.00201163
-0.00182539
-0.00165391
-0.00149759
-0.00135674
-0.00123162
-0.00112241
-0.00102926
-0.000952238
-0.000891279
-0.000846211
-0.000816727
-0.000802398
-0.000802688
-0.000816977
-0.000844585
-0.000884786
-0.000936821
-0.000999897
-0.00107318
-0.00115576
-0.00124667
-0.0013449
-0.00144937
-0.00155903
-0.00167285
-0.00178988
-0.0019092
-0.00202992
-0.00215115
-0.002272
-0.00239157
-0.00250901
-0.0026235
-0.00273431
-0.00284077
-0.0029423
-0.00303835
-0.00312844
-0.00321216
-0.00328918
-0.00335924
-0.00342218
-0.00347785
-0.00352617
-0.00356709
-0.00360065
-0.00362695
-0.00364619
-0.00365867
-0.00366473
-0.00366471
-0.00365899
-0.00364795
-0.00363202
-0.00361167
-0.00358746
-0.00356001
-0.00352994
-0.00349787
-0.00346439
-0.0034301
-0.0033956
-0.0033615
-0.00332845
-0.00329709
-0.00326806
-0.00324194
-0.00321927
-0.00320059
-0.00318636
-0.00317706
-0.00317312
-0.0031749
-0.00318271
-0.00319678
-0.00321727
-0.0032443
-0.00327795
-0.00331825
-0.00336515
-0.00341855
-0.00347827
-0.00354405
-0.00361558
-0.0036925
-0.0037744
-0.0038608
-0.00395114
-0.0040448
-0.00414111
-0.00423933
-0.00433872
-0.00443852
-0.00453794
-0.00463617
-0.0047324
-0.00482575
-0.00491537
-0.00500041
-0.00508005
-0.00515354
-0.00522014
-0.00527914
-0.00532989
-0.00537173
-0.00540408
-0.00542639
-0.00543818
-0.00543904
-0.00542862
-0.00540664
-0.00537288
-0.00532719
-0.00526952
-0.00519988
-0.00511838
-0.00502521
-0.00492063
-0.00480496
-0.00467857
-0.00454192
-0.00439548
-0.00423984
-0.00407561
-0.00390347
-0.00372418
-0.00353853
-0.00334735
-0.00315149
-0.00295183
-0.00274927
-0.0025447
-0.00233905
-0.00213329
-0.00192838
-0.00172533
-0.00152511
-0.00132869
-0.00113696
-0.000950784
-0.000770965
-0.000598278
-0.000433465
-0.00027724
-0.000130279
6.78707e-06
0.000133378
0.000248963
0.000353056
0.000445216
0.000525056
0.000592258
0.000646591
0.000687923
0.000716211
0.000731491
0.000733855
0.000723438
0.000700418
0.00066503
0.000617587
0.000558486
0.000488215
0.000407333
0.00031645
0.000216206
0.000107248
-9.68756e-06
-0.000133667
-0.00026369
-0.0003987
-0.000537583
-0.000679192
-0.00082237
-0.000965973
-0.00110889
-0.00125007
-0.00138851
-0.00152326
-0.0016534
-0.00177808
-0.0018965
-0.00200789
-0.00211162
-0.0022071
-0.00229387
-0.00237153
-0.00243977
-0.00249833
-0.00254703
-0.00258574
-0.00261447
-0.00263331
-0.00264242
-0.00264207
-0.00263255
-0.00261423
-0.0025875
-0.00255282
-0.00251068
-0.00246165
-0.0024063
-0.00234523
-0.00227901
-0.00220823
-0.0021335
-0.00205543
-0.00197464
-0.00189176
-0.00180739
-0.00172209
-0.00163636
-0.00155066
-0.00146543
-0.00138105
-0.00129791
-0.00121637
-0.00113677
-0.00105939
-0.000984478
-0.000912234
-0.000842825
-0.000776383
-0.000713013
-0.000652792
-0.000595771
-0.000541975
-0.000491404
-0.000444034
-0.000399819
-0.000358693
-0.00032057
-0.000285351
-0.000252923
-0.000223169
-0.000195966
-0.000171185
-0.000148695
-0.000128364
-0.000110057
-9.36411e-05
-7.89874e-05
-6.59722e-05
-5.44774e-05
-4.43905e-05
-3.56045e-05
-2.80178e-05
-2.15349e-05
-1.60668e-05
-1.15309e-05
-7.85109e-06
-4.95711e-06
-2.78402e-06
-1.27171e-06
-3.64249e-07
-9.16541e-09
-0
-0
-0
-0
-0
-0
-0
-0
-0
-0
-0
-0
-0
-0
-0
-0
-0
-0
-0
-0
-0
-0
-0
-0
-0
-0
-0
-0
-0
0
0
0
0
0
0
0
0
0
0
0
0
0
0
0
0
0
0
0
0
0
0
0
0
0
0
0
0
0
-0
-0
-0
-0
-0
-0
-0
-0
-0
-0
-0
-0
-0
-0
-0
-0
-0
-0
-0
-0
-0
-0
-0
-0
-0
-0
-0
-0
-0
-0
-0
-0
-0
-0
-0
-0
-0
-0
-0
-0
-0
-0
-0
-0
0
0
0
0
0
0
0
0
0
0
0
0
0
0
0
0
0
0
0
0
0
0
0
0
0
0
0
0
0
0
0
0
0
0
0
0
0
0
0
0
0
0
0
0
0
0
0
0
0
0
0
0
0
0
0
0
0
0
0
0
0
0
0
0
0
0
0
0
0
0
0
0
0
0
0
0
0
0
0
0
0
0
0
0
0
0
0
0
0
0
0
0
0
0
0
0
0
0
0
6.86887e-08
2.94704e-06
1.105e-05
2.58436e-05
4.8904e-05
8.18926e-05
0.000126528
0.000184559
0.000257734
0.000347783
0.000456383
0.000585135
0.000735529
0.000908918
0.0011065
0.00132931
0.00157822
0.00185391
0.0021569
0.0024875
0.00284577
0.00323156
0.00364443
0.00408368
0.00454836
0.00503731
0.00554916
0.00608236
0.0066352
0.00720586
0.00779236
0.00839264
0.00900452
0.00962567
0.0102537
0.0108861
0.0115203
0.012154
0.0127846
0.0134097
0.0140266
0.0146329
0.0152259
0.015803
0.0163616
0.0168995
0.0174148
0.0179056
0.0183701
0.0188066
0.0192129
0.0195872
0.0199275
0.0202323
0.0205003
0.0207306
0.020923
0.0210775
0.0211943
0.0212738
0.0213162
0.0213223
0.0212927
0.021228
0.0211297
0.020999
0.0208382
0.0206495
0.0204352
0.0201979
0.0199393
0.0196617
0.0193667
0.0190565
0.0187335
0.0184002
0.0180594
0.017714
0.0173662
0.017018
0.0166709
0.0163264
0.0159858
0.0156503
0.015321
0.0149988
0.0146842
0.0143776
0.0140794
0.0137897
0.0135094
0.0132446
0.0129972
0.0127671
0.0125537
0.0123566
0.0121751
0.0120085
0.011856
0.0117172
0.0115915
0.0114787
0.0113784
0.0112906
0.0112153
0.0111523
0.0111009
0.0110598
0.0110277
0.0110035
0.0109862
0.0109754
0.0109711
0.0109733
0.0109816
0.0109951
0.0110126
0.0110329
0.0110551
0.0110787
0.0111037
0.0111305
0.0111593
0.0111902
0.011223
0.0112569
0.0112923
0.0113296
0.0113691
0.0114114
0.0114561
0.0115044
0.0115563
0.0116121
0.0116723
0.0117362
0.0118053
0.01188
0.0119605
0.0120471
0.0121387
0.0122371
0.0123424
0.012455
0.0125747
0.0126999
0.0128313
0.0129682
0.01311
0.0132561
0.0134048
0.0135562
0.0137091
0.013862
0.0140135
0.0141618
0.0143065
0.0144473
0.0145835
0.0147144
0.0148389
0.014955
0.015061
0.0151553
0.0152369
0.0153062
0.0153617
0.0154032
0.0154303
0.0154426
0.0154419
0.0154255
0.0153928
0.0153435
0.0152772
0.015197
0.0150983
0.0149801
0.0148418
0.0146829
0.0145081
0.0143125
0.0140963
0.0138593
0.0136018
0.01333
0.013039
0.0127302
0.0124053
0.0120662
0.0117203
0.0113632
0.0109963
0.010621
0.010239
0.00985739
0.00947371
0.00909062
0.00871066
0.00833622
0.00797266
0.00761919
0.00727832
0.0069528
0.00664557
0.00635964
0.00609738
0.00586104
0.00565267
0.00547438
0.00532502
0.00521076
0.00513442
0.00509867
0.0051057
0.00514935
0.00523822
0.00537272
0.0055531
0.00577965
0.00604103
0.0063496
0.00670581
0.00710984
0.00756148
0.00804496
0.00857441
0.00914849
0.00976552
0.0104234
0.0111026
0.0118171
0.0125637
0.0133389
0.0141393
0.014945
0.0157692
0.0166085
0.0174592
0.0183169
0.0191631
0.0200064
0.0208417
0.0216639
0.0224681
0.0232416
0.0239877
0.0247016
0.0253787
0.0260142
0.0266036
0.0271429
0.027628
0.0280556
0.0284219
0.0287332
0.0289768
0.0291496
0.0292495
0.0292745
0.029243
0.0291345
0.0289483
0.0286839
0.0283408
0.0279477
0.0274766
0.0269289
0.0263065
0.0256123
0.0248844
0.024092
0.0232395
0.0223315
0.0213735
0.0204078
0.0194035
0.0183668
0.0173039
0.0162218
0.0151608
0.0140944
0.0130299
0.0119748
0.0109368
0.00994881
0.00899352
0.00807864
0.00721164
0.00639963
0.00566089
0.00498973
0.00439179
0.00387259
0.00343762
0.0030873
0.00283191
0.00267621
0.00262412
0.00267864
0.00281883
0.00306884
0.00342924
0.00390003
0.00448065
0.0051307
0.00588723
0.00674721
0.00770655
0.00876025
0.00985184
0.0110259
0.0122755
0.0135932
0.0149707
0.0163439
0.017759
0.0192062
0.0206757
0.0221572
0.0235886
0.0250109
0.0264132
0.0277846
0.0291147
0.0303546
0.0315339
0.032644
0.0336766
0.0346236
0.0354584
0.0361919
0.0368167
0.0373265
0.0377163
0.0379883
0.0381339
0.0381512
0.038039
0.0377966
0.0374556
0.0369855
0.0363885
0.0356684
0.0348304
0.0339339
0.0329325
0.0318334
0.0306447
0.0293752
0.0281011
0.0267671
0.025385
0.0239676
0.022528
0.0211473
0.019771
0.0184127
0.0170864
0.0158065
0.0146435
0.0135554
0.0125559
0.0116578
0.0108734
0.0102457
0.00975429
0.0094093
0.0092202
0.00919539
0.00933937
0.00966007
0.0101614
0.0108457
0.0117141
0.0127258
0.0139201
0.0152941
0.0168437
0.018563
0.0203684
0.0223272
0.0244288
0.0266605
0.0290082
0.0313537
0.0337829
0.036278
0.0388207
0.0413916
0.0438578
0.0463112
0.04873
0.0510919
0.0533739
0.0554502
0.0574011
0.0592044
0.0608382
0.0622805
0.0634381
0.0643632
0.0650371
0.0654423
0.0655627
0.0653602
0.0648462
0.0640097
0.0628416
0.0613345
0.0595198
0.0573576
0.0548475
0.0519917
0.0487952
0.0453657
0.0416124
0.0375467
0.0331827
0.0285364
0.0237832
0.0187865
0.013569
0.00815594
0.0025744
-0.00295148
-0.00858734
-0.0143024
-0.0200646
-0.0258408
-0.0313891
-0.0368827
-0.0422863
-0.0475641
-0.0526801
-0.0574092
-0.0619058
-0.0661358
-0.0700659
-0.073664
-0.0767602
-0.0794648
-0.081751
-0.0835937
-0.0849699
-0.085796
-0.0861165
-0.0859156
-0.08518
-0.083899
-0.0820951
-0.0797332
-0.076812
-0.0733335
-0.0693029
-0.0648561
-0.0598772
-0.0543805
-0.0483833
-0.041906
-0.035186
-0.0280355
-0.0204838
-0.0125631
-0.00430886
0.00396533
0.0124967
0.0212443
0.0301653
0.0392149
0.0480432
0.0569071
0.0657591
0.0745511
0.083235
0.091473
0.099508
0.107293
0.114783
0.121931
0.128458
0.134559
0.140193
0.145326
0.149923
0.153809
0.157101
0.159775
0.16181
0.163187
0.163859
0.16385
0.163152
0.161763
0.159685
0.15701
0.15366
0.149646
0.144985
0.139698
0.134007
0.127742
0.120934
0.113615
0.105825
0.0978863
0.0895568
0.08088
0.071902
0.0626709
0.0535693
0.0443125
0.03495
0.0255315
0.0161071
0.00706384
-0.00188632
-0.010695
-0.0193145
-0.027698
-0.0355059
-0.0429908
-0.050113
-0.0568351
-0.063122
-0.0687285
-0.0738389
-0.0784279
-0.082473
-0.085955
-0.0887542
-0.0909615
-0.0925676
-0.0935663
-0.0939549
-0.0937527
-0.0929455
-0.0915417
-0.0895527
-0.0869938
-0.084019
-0.0805127
-0.0764979
-0.0720003
-0.0670485
-0.061906
-0.0563724
-0.0504822
-0.0442719
-0.0377797
-0.0313413
-0.0247
-0.017896
-0.0109704
-0.00396441
0.00276221
0.00948752
0.0161719
0.0227762
0.029262
0.0352949
0.0411368
0.046754
0.0521143
0.0571869
0.0617057
0.0658821
0.0696924
0.0731152
0.0761317
0.078578
0.0805891
0.0821552
0.083269
0.083926
0.0840818
0.0837795
0.0830224
0.0818161
0.0801692
0.0781572
0.0757291
0.0729008
0.0696907
0.0661194
0.0623676
0.0582995
0.0539389
0.049311
0.0444418
0.0395872
0.0345459
0.0293462
0.0240176
0.0185904
0.0133614
0.00809437
0.0028189
-0.0024357
-0.00764067
-0.0124996
-0.0172549
-0.0218816
-0.0263553
-0.0306532
-0.0345164
-0.0381624
-0.0415734
-0.0447334
-0.0476279
-0.0500674
-0.0522194
-0.0540759
-0.0556309
-0.0568799
-0.0577213
-0.0582533
-0.058477
-0.0583947
-0.0580107
-0.0573177
-0.0563359
-0.0550737
-0.0535411
-0.051749
-0.0497797
-0.0475752
-0.0451485
-0.0425136
-0.0396855
-0.0368211
-0.0337951
-0.0306242
-0.0273253
-0.0239153
-0.0206024
-0.0172114
-0.013758
-0.0102578
-0.00672663
-0.00339697
-6.67101e-05
0.0032496
0.00653779
0.00978425
0.0127599
0.0156674
0.0184874
0.0212051
0.0238067
0.0260887
0.0282307
0.0302218
0.0320516
0.0337113
0.0350501
0.0362077
0.0371807
0.0379672
0.0385667
0.0388958
0.0390418
0.0390077
0.0387978
0.0384178
0.0378524
0.0371333
0.0362702
0.0352739
0.0341553
0.032957
0.0316584
0.030271
0.0288061
0.0272753
0.0257598
0.0241984
0.0226025
0.0209834
0.0193522
0.0178107
0.0162736
0.0147502
0.0132493
0.0117789
0.0104408
0.00914153
0.00788707
0.00668272
0.00553329
0.00452707
0.0035776
0.00268779
0.00186007
0.00109635
0.000462989
-0.000109942
-0.000622477
-0.00107514
-0.00146891
-0.00176201
-0.00200372
-0.00219613
-0.00234163
-0.00244293
-0.0024798
-0.00248154
-0.00245156
-0.00239336
-0.00231054
-0.00219827
-0.00206989
-0.00192898
-0.00177905
-0.00162343
-0.0014653
-0.00130749
-0.00115256
-0.00100281
-0.000860213
-0.000729482
-0.0006082
-0.000497506
-0.000398222
-0.000310845
-0.000238065
-0.000176314
-0.000125327
-8.45912e-05
-5.33588e-05
-3.15287e-05
-1.64955e-05
-7.13659e-06
-2.19311e-06
-2.96878e-07
-7.23177e-11
0
0
0
0
0
0
0
0
0
0
0
0
0
0
0
0
0
0
0
0
0
0
0
0
0
0
0
0
0
0
0
0
0
0
0
0
0
0
0
0
0
0
0
0
0
0
0
0
0
0
0
0
0
0
0
0
0
0
0
0
0
0
0
