0
0
0
0
0
0
0
0
0
0
0
0
0
0
0
0
0
0
0
0
0
0
0
0
0
0
0
0
0
0
0
0
0
0
0
0
0
0
-0
-0
-0
-0
-0
-0
-0
-0
-0
-0
-0
-0
-0
-0
-0
-0
-0
-0
-0
-0
-0
-0
-0
-0
-0
-0
-0
-0
-0
-0
-0
-0
-0
-0
-0
-0
-0
-0
-0
-0
-0
0
0
0
0
0
0
0
0
0
0
0
0
0
0
0
0
0
0
0
0
0
0
0
0
0
0
0
0
0
0
0
0
0
0
0
0
0
0
0
0
0
0
0
0
-0
-0
-0
-0
-0
-0
-0
-0
-0
-0
-0
-0
-0
-0
-0
-0
-0
-0
-0
-0
-0
-0
-0
-0
-0
-0
-0
-0
-0
-0
-0
-0
-0
-0
-0
-0
-0
-0
-0
-0
-0
-0
-0
-0
-0
0
0
0
0
0
0
0
0
0
0
0
0
0
0
0
0
0
0
0
0
0
0
0
0
0
0
0
0
0
0
0
0
0
0
0
0
0
0
0
0
0
0
0
0
-0
-0
-0
-0
-0
-0
-0
-0
-0
-0
-0
-0
-0
-0
-0
-0
-0
-0
-0
-0
-0
-0
-0
-0
-0
-0
-0
-0
-0
-0
-0
-0
-0
-0
-0
-0
-0
-0
-0
-0
-0
-0
-0
-0
-0
-0
0
0
0
0
0
0
0
0
0
0
0
0
0
0
0
0
0
0
0
0
0
0
0
0
0
0
0
0
0
0
0
0
0
0
0
0
0
0
-0
-0
-0
-0
-0
-0
-0
-0
-0
-0
-0
-0
-0
-0
-0
-0
-0
-0
-0
-0
-0
-0
-0
-0
-0
-0
-1.88026e-07
-7.15827e-06
-2.35728e-05
-4.83794e-05
-8.0269e-05
-0.000117702
-0.000158936
-0.00020206
-0.000245028
-0.000285693
-0.000321844
-0.00035125
-0.000371693
-0.000381008
-0.00037712
-0.000358073
-0.000322057
-0.000267443
-0.000192811
-9.69811e-05
2.09634e-05
0.000161656
0.00032544
0.000512362
0.000722162
0.000954257
0.00120772
0.00148128
0.00177332
0.00208189
0.00240477
0.00273949
0.0030833
0.00343322
0.00378604
0.0041383
0.0044864
0.00482659
0.00515506
0.00546791
0.00576119
0.00603087
0.00627296
0.00648358
0.00665902
0.00679584
0.00689084
0.00694098
0.00694336
0.00689523
0.0067941
0.0066378
0.00642463
0.00615333
0.00582304
0.00543324
0.00498372
0.00447473
0.00390698
0.00328178
0.00260101
0.00186696
0.00108223
0.000249691
-0.000627523
-0.00154584
-0.00250116
-0.00348886
-0.00450385
-0.00554079
-0.00659423
-0.00765869
-0.00872861
-0.00979837
-0.0108622
-0.0119143
-0.0129488
-0.0139597
-0.0149415
-0.0158883
-0.0167945
-0.0176547
-0.0184636
-0.0192162
-0.019908
-0.0205347
-0.0210922
-0.0215768
-0.0219853
-0.0223148
-0.0225635
-0.0227395
-0.0228451
-0.0228795
-0.0228419
-0.0227317
-0.0225487
-0.0222928
-0.0219643
-0.0215636
-0.021091
-0.0205471
-0.0199322
-0.0192475
-0.0184941
-0.0176741
-0.0167895
-0.0158427
-0.0148364
-0.0137729
-0.0126549
-0.0114854
-0.0102674
-0.00900455
-0.00770042
-0.00635887
-0.00498381
-0.00357927
-0.00214952
-0.000699015
0.000767576
0.00224546
0.00372979
0.0052156
0.00669782
0.00817112
0.00962991
0.0110684
0.0124807
0.0138609
0.0152031
0.0165017
0.017751
0.0189454
0.0200794
0.0211478
0.0221452
0.0230667
0.0239073
0.0246624
0.0253272
0.0258969
0.0263674
0.0267342
0.0269936
0.027142
0.0271762
0.0270934
0.026891
0.0265672
0.0261205
0.02555
0.0248551
0.0240357
0.023092
0.0220245
0.0208343
0.0195232
0.0180935
0.0165486
0.0148923
0.0131291
0.0112641
0.00930262
0.00725055
0.00511418
0.00290028
0.000616142
-0.00173049
-0.00413139
-0.00657787
-0.00906072
-0.0115702
-0.0140962
-0.0166279
-0.0191546
-0.0216652
-0.0241482
-0.0265925
-0.0289863
-0.0313182
-0.0335762
-0.0357486
-0.0378239
-0.0397905
-0.0416375
-0.0433542
-0.0449303
-0.0463558
-0.0476214
-0.048718
-0.0496374
-0.0503722
-0.0509154
-0.051261
-0.0514039
-0.0513393
-0.0510638
-0.0505743
-0.049869
-0.0489468
-0.0478077
-0.0464526
-0.0448838
-0.0431045
-0.0411193
-0.0389337
-0.0365546
-0.0339896
-0.0312475
-0.028338
-0.0252722
-0.0220616
-0.0187193
-0.0152587
-0.0116943
-0.00804117
-0.00431506
-0.000532391
0.00328985
0.00713424
0.0109831
0.0148185
0.0186224
0.0223768
0.0260635
0.0296644
0.0331614
0.0365369
0.0397737
0.042855
0.0457648
0.0484871
0.0510068
0.0533092
0.0553805
0.0572081
0.0587805
0.0600875
0.06112
0.0618702
0.0623313
0.0624982
0.0623672
0.0619366
0.061206
0.0601769
0.0588521
0.0572361
0.0553345
0.0531546
0.0507053
0.0479968
0.0450408
0.0418502
0.0384393
0.0348237
0.0310199
0.027046
0.0229206
0.0186633
0.014294
0.00983359
0.0053032
0.000724775
-0.00387929
-0.00848629
-0.0130735
-0.0176186
-0.0220994
-0.0264942
-0.0307817
-0.034941
-0.0389517
-0.042794
-0.0464494
-0.0499002
-0.0531298
-0.0561231
-0.0588657
-0.0613449
-0.0635489
-0.0654677
-0.0670925
-0.0684162
-0.0694332
-0.0701392
-0.0705318
-0.0706097
-0.0703736
-0.0698258
-0.0689698
-0.0678111
-0.0663563
-0.0646137
-0.062593
-0.0603052
-0.0577626
-0.054979
-0.0519688
-0.048748
-0.0453332
-0.0417423
-0.037994
-0.0341075
-0.0301025
-0.025999
-0.0218172
-0.0175778
-0.0133017
-0.00901031
-0.00472498
-0.00046681
0.00374364
0.0078864
0.011942
0.0158916
0.0197166
0.023399
0.0269217
0.0302686
0.0334246
0.036376
0.0391101
0.0416154
0.0438814
0.0458991
0.0476609
0.0491603
0.0503925
0.0513539
0.0520422
0.0524564
0.0525972
0.0524667
0.0520685
0.0514076
0.0504902
0.0493236
0.0479161
0.046277
0.0444167
0.0423468
0.0400799
0.0376295
0.0350096
0.0322353
0.029322
0.026286
0.0231438
0.0199125
0.0166093
0.0132514
0.00985611
0.00644075
0.00302263
-0.00038091
-0.00375274
-0.00707609
-0.0103347
-0.013513
-0.0165962
-0.01957
-0.0224211
-0.025137
-0.0277061
-0.0301176
-0.0323617
-0.0344293
-0.0363123
-0.0380034
-0.0394963
-0.0407864
-0.04187
-0.042745
-0.0434103
-0.0438662
-0.0441141
-0.0441562
-0.0439962
-0.0436388
-0.0430895
-0.0423549
-0.0414421
-0.0403591
-0.0391146
-0.0377181
-0.0361797
-0.0345104
-0.0327216
-0.0308252
-0.028833
-0.0267573
-0.0246105
-0.0224049
-0.0201535
-0.0178689
-0.0155637
-0.0132505
-0.0109413
-0.00864808
-0.0063824
-0.0041555
-0.00197822
0.000139088
0.00218666
0.00415536
0.00603672
0.0078229
0.00950671
0.0110817
0.0125419
0.0138825
0.0150992
0.0161886
0.0171479
0.0179754
0.01867
0.0192313
0.0196597
0.0199563
0.020123
0.0201624
0.0200776
0.0198726
0.0195515
0.0191195
0.0185817
0.0179442
0.0172134
0.0163959
0.0154988
0.0145294
0.013495
0.0124031
0.0112615
0.0100779
0.00886022
0.00761649
0.0063546
0.00508227
0.00380697
0.00253594
0.00127619
3.45346e-05
-0.00118239
-0.00236826
-0.00351707
-0.00462327
-0.00568173
-0.0066878
-0.00763721
-0.00852615
-0.00935124
-0.0101096
-0.0107989
-0.0114173
-0.0119634
-0.0124363
-0.0128353
-0.0131604
-0.0134121
-0.0135913
-0.0136994
-0.013738
-0.0137093
-0.0136155
-0.0134591
-0.013243
-0.0129705
-0.0126451
-0.0122706
-0.0118511
-0.0113906
-0.0108932
-0.0103631
-0.00980466
-0.00922218
-0.00862014
-0.00800301
-0.00737521
-0.00674103
-0.00610466
-0.00547009
-0.00484118
-0.00422162
-0.00361492
-0.00302441
-0.00245329
-0.00190552
-0.00138413
-0.000889893
-0.000423492
1.45051e-05
0.000423586
0.00080323
0.00115283
0.00147163
0.00175876
0.0020133
0.00223436
0.00242112
0.00257291
0.00268908
0.00276899
0.002812
0.00281741
0.00278461
0.00271313
0.00260266
0.00245308
0.00226444
0.00203694
0.00177096
0.00146708
0.00112618
0.000749462
0.000338467
-0.000105
-0.000578911
-0.00108105
-0.00160901
-0.00216016
-0.00273165
-0.00332037
-0.00392302
-0.00453619
-0.00515634
-0.00577984
-0.00640293
-0.00702177
-0.00763239
-0.00823089
-0.0088135
-0.0093767
-0.00991724
-0.0104321
-0.0109184
-0.0113734
-0.0117944
-0.0121788
-0.0125246
-0.0128299
-0.0130935
-0.0133146
-0.0134928
-0.0136279
-0.0137199
-0.0137693
-0.0137769
-0.0137439
-0.0136721
-0.0135633
-0.0134198
-0.013244
-0.0130383
-0.0128053
-0.0125478
-0.0122688
-0.0119711
-0.011658
-0.0113324
-0.0109973
-0.0106555
-0.0103098
-0.00996315
-0.00961832
-0.00927815
-0.00894535
-0.00862235
-0.0083112
-0.00801355
-0.00773063
-0.00746338
-0.00721255
-0.00697877
-0.00676255
-0.0065635
-0.00638105
-0.00621626
-0.00606977
-0.00594071
-0.00582811
-0.005727
-0.00563999
-0.00556549
-0.00550163
-0.00544634
-0.00539444
-0.00534717
-0.00530286
-0.00525994
-0.00521675
-0.00516979
-0.00511846
-0.00506051
-0.00499386
-0.00491675
-0.00482845
-0.00472712
-0.00461157
-0.00448051
-0.00433263
-0.00417016
-0.00398909
-0.00378925
-0.00357078
-0.00333393
-0.00308495
-0.00281762
-0.00253197
-0.00222838
-0.00190771
-0.00158002
-0.00123836
-0.000884677
-0.000520931
-0.00014903
0.000218699
0.000590843
0.000965256
0.00133958
0.00171125
0.0020665
0.00241365
0.00274973
0.00307175
0.00337684
0.00365216
0.00390552
0.00413448
0.00433652
0.00450892
0.00464121
0.00473846
0.0047983
0.00481879
0.00479837
0.00473206
0.00462234
0.00446788
0.00426726
0.00401919
0.00372413
0.00337998
0.00298649
0.00254364
0.00205158
0.00151794
0.000935821
0.000306089
-0.000369963
-0.00109067
-0.00184082
-0.00263175
-0.00346135
-0.00432746
-0.00522783
-0.00614157
-0.00708465
-0.00805422
-0.00904709
-0.0100597
-0.011066
-0.0120838
-0.0131084
-0.0141351
-0.0151558
-0.0161396
-0.0171037
-0.0180418
-0.0189474
-0.0198138
-0.0206124
-0.0213584
-0.0220452
-0.0226662
-0.0232149
-0.0236681
-0.0240358
-0.0243114
-0.0244889
-0.0245626
-0.0245192
-0.024362
-0.0240867
-0.0236892
-0.0231659
-0.0225171
-0.0217371
-0.0208244
-0.0197783
-0.0185989
-0.0173029
-0.0158755
-0.0143189
-0.0126357
-0.0108297
-0.00893415
-0.00692551
-0.00480976
-0.00259365
-0.000284633
0.0020696
0.00449972
0.00699612
0.00954848
0.0121458
0.0147301
0.0173358
0.0199502
0.0225604
0.0251529
0.027666
0.0301336
0.0325416
0.0348759
0.0371223
0.039224
0.0412102
0.0430672
0.0447818
0.0463409
0.0477006
0.0488805
0.0498696
0.0506578
0.0512353
0.0515793
0.0516961
0.0515785
0.0512205
0.0506175
0.0497728
0.0486773
0.04733
0.0457314
0.0438831
0.041818
0.0395107
0.0369667
0.0341932
0.0311986
0.028044
0.0246889
0.0211455
0.0174276
0.0135499
0.00959651
0.00551641
0.00132753
-0.00295116
-0.00729974
-0.01162
-0.0159683
-0.0203229
-0.0246613
-0.028961
-0.0331212
-0.0371965
-0.0411637
-0.0449995
-0.0486811
-0.0521186
-0.0553577
-0.0583776
-0.0611578
-0.063679
-0.0658751
-0.0677765
-0.0693671
-0.0706324
-0.0715592
-0.0721159
-0.0723121
-0.0721393
-0.0715907
-0.0706616
-0.0693622
-0.0676786
-0.0656117
-0.0631643
-0.0603412
-0.0571956
-0.0536902
-0.0498364
-0.0456476
-0.0411394
-0.0364056
-0.0313889
-0.02611
-0.0205913
-0.014857
-0.00903075
-0.00304131
0.00308339
0.00931439
0.0156218
0.0218662
0.0281253
0.0343675
0.0405611
0.0466741
0.0525685
0.0583188
0.0638936
0.0692622
0.0743942
0.079171
0.0836544
0.0878182
0.0916375
0.0950889
0.09809
0.100681
0.102845
0.104564
0.105826
0.106595
0.106885
0.10669
0.106005
0.104829
0.103183
0.10105
0.0984358
0.0953495
0.0918013
0.087866
0.0834978
0.0787148
0.0735375
0.0679886
0.0621895
0.0560696
0.0496568
0.0429809
0.0360732
0.0290879
0.0219374
0.0146563
0.00728015
-0.000154549
-0.00747959
-0.0147893
-0.0220465
-0.0292144
-0.0362565
-0.0430116
-0.0495703
-0.0558984
-0.0619627
-0.0677311
-0.0730693
-0.0780518
-0.0826518
-0.0868443
-0.0906061
-0.093848
-0.0966196
-0.0989046
-0.100689
-0.101962
-0.10269
-0.102892
-0.102565
-0.101707
-0.100321
-0.0984345
-0.0960313
-0.093122
-0.0897191
-0.0858379
-0.0815631
-0.0768468
-0.0717107
-0.066179
-0.060278
-0.05414
-0.0476907
-0.0409611
-0.0339835
-0.0267913
-0.0195465
-0.0121566
-0.00465744
0.00291439
0.010522
0.0179926
0.0254258
0.0327855
0.0400361
0.0471424
0.0539425
0.060531
0.0668759
0.0729469
0.078715
0.084049
0.0890279
0.0936285
0.0978299
0.101613
0.104893
0.107724
0.110094
0.111996
0.113421
0.114339
0.114773
0.114726
0.114199
0.113197
0.111746
0.109838
0.107485
0.104701
0.101502
0.0979649
0.0940512
0.0897824
0.0851813
0.080272
0.0751706
0.0698136
0.0642289
0.0584455
0.0524931
0.0465121
0.0404213
0.0342502
0.0280287
0.0217864
0.0156704
0.0095925
0.00358103
-0.00233667
-0.00813428
-0.0136766
-0.0190493
-0.0242292
-0.0291941
-0.0339232
-0.0383067
-0.042418
-0.0462415
-0.0497635
-0.0529716
-0.0557926
-0.0582798
-0.0604262
-0.0622265
-0.0636773
-0.064748
-0.0654675
-0.0658374
-0.0658609
-0.065543
-0.0648954
-0.0639215
-0.0626312
-0.0610356
-0.0591468
-0.0570141
-0.0546153
-0.0519657
-0.0490812
-0.0459791
-0.0427376
-0.0393145
-0.035728
-0.0319968
-0.0281399
-0.0242527
-0.0202782
-0.0162358
-0.0121447
-0.00802417
-0.0039757
6.56088e-05
0.00408227
0.00805722
0.0119738
0.015736
0.0194089
0.0229783
0.026431
0.0297544
0.0328675
0.035829
0.0386292
0.0412592
0.0437114
0.0459267
0.0479521
0.0497829
0.0514154
0.0528467
0.0540426
0.0550345
0.0558226
0.0564077
0.0567914
0.0569647
0.0569412
0.0567246
0.0563194
0.0557315
0.054977
0.0540533
0.0529674
0.0517267
0.0503387
0.0488388
0.0472083
0.0454564
0.0435923
0.0416251
0.0396044
0.0374988
0.0353178
0.0330712
0.0307692
0.0284706
0.0261363
0.0237754
0.0213962
0.0190072
0.0166686
0.0143369
0.0120206
0.00972815
0.0074677
0.00529731
0.00317396
0.0011047
-0.000903683
-0.00284483
-0.00466839
-0.00641388
-0.00807676
-0.00965278
-0.0111378
-0.0124924
-0.0137485
-0.0149033
-0.0159543
-0.0168999
-0.0177146
-0.0184213
-0.0190189
-0.0195065
-0.0198837
-0.0201392
-0.0202851
-0.0203226
-0.0202529
-0.0200771
-0.0197981
-0.0194164
-0.0189345
-0.0183556
-0.0176833
-0.0169344
-0.0160994
-0.0151795
-0.0141729
-0.013085
-0.0119463
-0.01074
-0.0094733
-0.00815377
-0.006789
-0.00541774
-0.00401687
-0.0025947
-0.00115967
0.000279813
0.00168097
0.00307107
0.00444242
0.00578742
0.00709869
0.0083347
0.00952424
0.0106614
0.0117409
0.0127578
0.0136769
0.014526
0.0153018
0.0160014
0.0166224
0.0171383
0.0175732
0.0179264
0.0181974
0.0183866
0.0184781
0.0184912
0.0184283
0.0182923
0.0180862
0.0178046
0.0174608
0.017059
0.0166034
0.0160988
0.0155481
0.0149584
0.0143351
0.0136835
0.0130091
0.0123205
0.0116191
0.0109101
0.0101981
0.00948778
0.00878993
0.0081019
0.00742771
0.00677104
0.00613526
0.00553061
0.00495169
0.00440092
0.00388033
0.00339159
0.00294239
0.00252616
0.00214337
0.00179417
0.00147845
0.00120052
0.000954162
0.000738438
0.000552128
0.000393754
0.000264362
0.000158698
7.48054e-05
1.06232e-05
-3.59948e-05
-6.60942e-05
-8.34519e-05
-9.02417e-05
-8.86083e-05
-8.06444e-05
-6.81007e-05
-5.33088e-05
-3.79994e-05
-2.37392e-05
-1.19123e-05
-3.7011e-06
-9.9062e-08
-0
-0
-0
-0
-0
-0
-0
-0
-0
-0
-0
-0
-0
-0
-0
-0
-0
-0
-0
-0
-0
-0
-0
-0
0
0
0
0
0
0
0
0
0
0
0
0
0
0
0
0
0
0
0
0
0
0
0
0
0
0
0
0
0
0
0
0
0
0
0
0
0
0
0
0
0
0
0
0
0
0
-0
-0
-0
-0
-0
-0
-0
-0
-0
-0
-0
-0
-0
-0
-0
-0
-0
-0
-0
-0
-0
-0
-0
-0
-0
-0
-0
-0
-0
-0
-0
-0
-0
-0
-0
-0
-0
-0
-0
-0
-0
-0
0
0
0
0
0
0
0
0
0
0
0
0
0
0
0
0
0
0
0
0
0
0
0
0
0
0
0
0
0
0
0
0
0
0
0
0
0
0
0
0
0
-0
-0
-0
-0
-0
-0
-0
-0
-0
-0
-0
-0
-0
-0
-0
-0
-0
-0
-0
-0
-0
-0
-0
-0
-0
-0
-0
-0
-0
-0
-0
-0
-0
-0
-0
-0
-0
-0
-0
-0
-0
-0
-0
-0
-0
-0
-0
-0
-0
-0
-0
-0
0
0
0
0
0
0
0
0
0
0
0
0
0
0
0
0
0
0
0
0
0
0
0
0
0
0
0
0
0
0
0
0
0
-0
-0
-0
-0
-0
-0
-0
-0
-0
-0
-0
-0
-0
-0
-0
-0
-0
-0
-0
-0
-0
-0
-0
-0
-0
-0
-0
-0
-0
-0
-0
-0
-0
-0
-0
-0
-0
-0
-0
-0
-0
-0
-0
-0
-0
-0
-0
-0
-0
-0
-0
-0
-0
-0
-0
0
0
0
0
0
0
0
0
0
0
0
0
0
0
0
0
0
0
0
0
0
0
0
0
0
0
0
0
0
