0
0
0
0
0
0
0
0
0
0
0
0
0
0
0
0
0
0
0
0
0
0
0
-0
-0
-0
-0
-0
-0
-0
-0
-0
-0
-0
-0
-0
-0
-0
-0
-0
-0
-0
-0
-0
-0
-0
-0
-0
-0
0
0
0
0
0
0
0
0
0
0
0
0
0
0
8.84399e-08
4.70193e-06
1.69276e-05
3.74381e-05
6.66674e-05
0.000104794
0.000151733
0.000207124
0.000270339
0.000340484
0.000416412
0.000496738
0.000579858
0.000663963
0.000747067
0.000827031
0.000901597
0.000968429
0.00102515
0.00106941
0.00109887
0.00111132
0.00110467
0.00107704
0.00102677
0.000952484
0.000853122
0.000727962
0.000576629
0.000399108
0.000195762
-3.26529e-05
-0.000284961
-0.000559557
-0.000854397
-0.00116702
-0.00149456
-0.00183381
-0.00218122
-0.00253298
-0.00288497
-0.00323286
-0.00357212
-0.00389806
-0.00420589
-0.00449078
-0.00474795
-0.00497266
-0.00516028
-0.00530635
-0.00540662
-0.00545714
-0.00545439
-0.00539533
-0.00527746
-0.00509887
-0.0048582
-0.00455467
-0.00418811
-0.00375897
-0.00326838
-0.00271817
-0.00211085
-0.00144961
-0.00073831
1.85808e-05
0.000815989
0.00164828
0.00250935
0.00339268
0.00429146
0.00519863
0.00610694
0.00700893
0.00789699
0.0087634
0.00960045
0.0104006
0.0111564
0.011861
0.0125078
0.0130906
0.0136036
0.0140417
0.0144001
0.0146748
0.0148626
0.0149608
0.0149678
0.0148825
0.0147049
0.0144416
0.0140956
0.0136679
0.0131599
0.0125734
0.0119109
0.0111752
0.0103697
0.00949842
0.00856562
0.00757609
0.00653492
0.00544755
0.00431975
0.00315764
0.00196762
0.000756314
-0.000469474
-0.00170284
-0.00293675
-0.00416409
-0.00537763
-0.00657011
-0.00773434
-0.00886332
-0.00995028
-0.0109888
-0.0119726
-0.0128957
-0.0137526
-0.0145378
-0.0152464
-0.0158738
-0.016416
-0.0168694
-0.0172309
-0.0174979
-0.0176682
-0.0177402
-0.0177126
-0.017585
-0.0173572
-0.0170297
-0.0166037
-0.0160806
-0.0154627
-0.0147527
-0.0139541
-0.0130709
-0.0121076
-0.0110692
-0.00996122
-0.00878934
-0.00755972
-0.00627882
-0.00495346
-0.00359084
-0.0021985
-0.000784279
0.000643805
0.00207768
0.00350934
0.00493088
0.00633454
0.00771267
0.00905775
0.0103623
0.0116191
0.0128211
0.0139616
0.0150341
0.0160326
0.0169517
0.0177863
0.0185319
0.0191844
0.0197403
0.0201966
0.0205504
0.0207998
0.0209431
0.0209794
0.0209082
0.0207298
0.020445
0.0200552
0.0195619
0.0189674
0.0182744
0.0174862
0.0166065
0.0156398
0.014591
0.0134652
0.0122682
0.0110058
0.00968466
0.00831139
0.00689293
0.00543629
0.00394852
0.00243673
0.000908196
-0.000629557
-0.00216882
-0.00370182
-0.00522089
-0.00671861
-0.00818781
-0.00962156
-0.011013
-0.0123553
-0.0136419
-0.0148662
-0.0160222
-0.0171043
-0.0181074
-0.0190265
-0.0198573
-0.0205958
-0.0212382
-0.0217815
-0.0222233
-0.0225618
-0.0227956
-0.0229242
-0.0229474
-0.0228656
-0.0226799
-0.0223919
-0.0220035
-0.0215173
-0.0209361
-0.0202632
-0.0195023
-0.0186579
-0.0177348
-0.0167382
-0.0156738
-0.0145476
-0.0133658
-0.012135
-0.010862
-0.00955385
-0.0082178
-0.00686106
-0.00549087
-0.00411449
-0.00273922
-0.00137238
-2.12512e-05
0.00130706
0.0026057
0.0038681
0.0050879
0.00625892
0.00737512
0.00843068
0.00942016
0.0103386
0.0111816
0.0119453
0.0126263
0.0132216
0.0137288
0.0141457
0.0144709
0.0147031
0.0148421
0.0148878
0.0148407
0.0147022
0.0144739
0.0141585
0.0137593
0.0132801
0.0127252
0.0120995
0.0114081
0.0106563
0.00985006
0.00899539
0.00809877
0.00716676
0.00620606
0.00522343
0.00422572
0.00321992
0.00221308
0.00121232
0.000224666
-0.000743029
-0.00168418
-0.00259251
-0.00346216
-0.00428762
-0.00506388
-0.00578636
-0.00645092
-0.00705389
-0.00759207
-0.00806276
-0.00846383
-0.00879373
-0.00905154
-0.00923688
-0.00934985
-0.00939108
-0.00936173
-0.0092636
-0.00909917
-0.00887156
-0.00858441
-0.00824169
-0.00784762
-0.00740663
-0.0069235
-0.0064034
-0.00585192
-0.00527507
-0.00467904
-0.0040701
-0.00345456
-0.00283877
-0.0022292
-0.00163243
-0.00105502
-0.000503389
1.63695e-05
0.000498519
0.000937644
0.00132857
0.00166637
0.00194639
0.00216447
0.00231703
0.00240116
0.00241446
0.00235499
0.00222121
0.00201195
0.00172662
0.0013653
0.0009288
0.000418598
-0.000163268
-0.00081428
-0.00153143
-0.00231115
-0.00314925
-0.00404093
-0.0049809
-0.00596348
-0.00698275
-0.00803251
-0.00910623
-0.010197
-0.0112976
-0.0124007
-0.0134988
-0.0145845
-0.0156504
-0.016689
-0.0176928
-0.0186539
-0.019565
-0.0204187
-0.0212083
-0.0219276
-0.0225708
-0.0231323
-0.0236069
-0.0239899
-0.0242775
-0.0244664
-0.0245544
-0.0245398
-0.0244212
-0.0241979
-0.0238698
-0.0234375
-0.0229025
-0.0222672
-0.0215345
-0.0207079
-0.019791
-0.018788
-0.0177036
-0.0165433
-0.0153131
-0.0140197
-0.0126701
-0.0112712
-0.00983027
-0.00835481
-0.00685266
-0.00533195
-0.00380104
-0.00226827
-0.000741865
0.000770087
0.00225953
0.00371842
0.00513875
0.00651274
0.00783298
0.00909257
0.0102851
0.0114043
0.0124446
0.0134002
0.014266
0.0150375
0.0157109
0.016283
0.0167513
0.0171139
0.0173691
0.0175158
0.0175535
0.0174825
0.0173036
0.0170186
0.0166297
0.0161396
0.0155515
0.0148692
0.014097
0.0132397
0.0123024
0.0112908
0.0102107
0.00906806
0.00786953
0.00662191
0.00533226
0.00400783
0.00265585
0.0012836
-0.000101643
-0.00149254
-0.00288173
-0.00426186
-0.00562575
-0.00696643
-0.00827723
-0.00955168
-0.0107835
-0.0119667
-0.0130955
-0.0141646
-0.0151692
-0.0161049
-0.0169679
-0.017755
-0.0184631
-0.0190898
-0.0196329
-0.0200909
-0.0204628
-0.0207483
-0.0209472
-0.02106
-0.0210876
-0.0210311
-0.0208925
-0.0206739
-0.0203781
-0.0200079
-0.0195669
-0.0190586
-0.0184873
-0.0178575
-0.0171738
-0.0164413
-0.015665
-0.0148501
-0.0140021
-0.0131263
-0.0122284
-0.011314
-0.0103887
-0.0094578
-0.00852671
-0.00760068
-0.00668494
-0.00578463
-0.00490472
-0.00404989
-0.00322452
-0.00243264
-0.00167804
-0.000964282
-0.000294711
0.000327612
0.000900007
0.00142022
0.00188642
0.00229715
0.00265128
0.00294803
0.00318698
0.00336814
0.00349194
0.00355917
0.00357086
0.00352825
0.00343282
0.00328639
0.00309121
0.00284995
0.00256562
0.00224136
0.00188033
0.00148568
0.00106065
0.000608729
0.000133671
-0.000360506
-0.000869707
-0.00138993
-0.00191735
-0.00244829
-0.00297911
-0.00350611
-0.00402556
-0.00453377
-0.0050273
-0.00550296
-0.00595786
-0.00638927
-0.00679453
-0.00717103
-0.00751633
-0.0078283
-0.00810523
-0.00834579
-0.00854903
-0.00871412
-0.00884039
-0.00892729
-0.00897448
-0.00898195
-0.00895007
-0.00887954
-0.00877133
-0.00862665
-0.00844692
-0.00823379
-0.00798918
-0.00771518
-0.00741404
-0.00708807
-0.00673959
-0.00637103
-0.00598495
-0.00558416
-0.00517164
-0.00475045
-0.00432363
-0.00389407
-0.00346447
-0.00303745
-0.00261561
-0.00220159
-0.00179804
-0.0014076
-0.00103277
-0.000675883
-0.000339015
-2.40599e-05
0.000267268
0.000533394
0.000772871
0.000984387
0.00116677
0.00131904
0.00144038
0.00153024
0.00158832
0.00161454
0.00160907
0.00157226
0.00150458
0.00140663
0.00127916
0.00112312
0.000939671
0.000730184
0.000496223
0.000239471
-3.83215e-05
-0.000335365
-0.00064983
-0.000979828
-0.0013234
-0.00167852
-0.00204309
-0.00241498
-0.00279201
-0.00317196
-0.00355259
-0.00393164
-0.00430691
-0.00467629
-0.0050378
-0.00538961
-0.00572999
-0.00605726
-0.00636982
-0.00666605
-0.0069444
-0.00720342
-0.00744179
-0.00765834
-0.00785207
-0.00802217
-0.00816793
-0.00828882
-0.00838443
-0.00845447
-0.00849883
-0.00851756
-0.00851085
-0.00847906
-0.00842266
-0.00834226
-0.00823862
-0.00811256
-0.00796507
-0.00779721
-0.00761017
-0.00740518
-0.00718355
-0.00694664
-0.00669588
-0.00643273
-0.00615872
-0.00587543
-0.00558446
-0.00528744
-0.00498599
-0.00468172
-0.00437624
-0.0040711
-0.00376781
-0.00346782
-0.00317247
-0.00288303
-0.00260076
-0.00232688
-0.00206262
-0.00180913
-0.00156746
-0.00133846
-0.00112263
-0.000920208
-0.000731979
-0.000558729
-0.000401206
-0.000260049
-0.000135698
-2.83101e-05
6.22432e-05
0.000136312
0.000194365
0.00023691
0.000264475
0.00027765
0.000277154
0.000263877
0.000238872
0.000203304
0.000158383
0.000105332
4.53729e-05
-2.0256e-05
-9.03077e-05
-0.000163553
-0.000238827
-0.000315055
-0.000391254
-0.000466492
-0.000539842
-0.00061037
-0.000677164
-0.000739402
-0.000796416
-0.000847716
-0.000892969
-0.000931943
-0.000964447
-0.00099032
-0.00100945
-0.00102181
-0.00102751
-0.00102677
-0.00101991
-0.00100731
-0.000989359
-0.000966478
-0.000939127
-0.000907818
-0.000873107
-0.000835573
-0.000795776
-0.000754236
-0.000711426
-0.000667787
-0.000623751
-0.000579755
-0.000536238
-0.000493622
-0.00045229
-0.000412561
-0.000374691
-0.000338868
-0.00030523
-0.000273873
-0.000244854
-0.000218199
-0.000193893
-0.000171884
-0.000152081
-0.000134357
-0.000118564
-0.000104535
-9.20985e-05
-8.10799e-05
-7.1307e-05
-6.26103e-05
-5.48267e-05
-4.78034e-05
-4.14049e-05
-3.5518e-05
-3.00557e-05
-2.49594e-05
-2.01991e-05
-1.5774e-05
-1.17136e-05
-8.07834e-06
-4.95951e-06
-2.47693e-06
-7.755e-07
-2.13189e-08
-0
-0
-0
-0
-0
-0
-0
-0
-0
-0
-0
-0
-0
-0
-0
-0
-0
-0
-0
-0
-0
-0
-0
-0
-0
-0
-0
-0
-0
-0
-0
-0
-0
-0
-0
-0
-0
-0
-0
-0
-0
-0
-0
-0
-0
-0
-0
0
0
0
0
0
0
0
0
0
0
0
0
0
0
0
0
0
0
0
0
0
0
0
0
0
0
0
0
0
0
0
0
0
0
0
0
0
0
0
0
0
0
0
0
0
0
0
0
0
0
0
0
0
0
0
0
0
0
0
0
0
-0
-0
-0
-0
-0
-0
-0
-0
-0
-0
-0
-0
-0
-0
-0
-0
-0
-0
-0
-0
-0
-0
-0
-0
-0
-0
-0
-0
-0
-0
-0
-0
-0
-0
-0
-0
-0
-0
-0
-0
-0
-0
-0
-0
-0
-0
0
0
0
0
0
0
0
0
0
0
0
0
0
0
0
0
0
0
0
0
0
0
0
0
0
0
0
0
0
0
0
0
0
0
0
0
0
0
0
0
0
0
0
0
0
0
0
3.87972e-07
1.50763e-05
5.13685e-05
0.000109519
0.000189493
0.000290957
0.000413281
0.000555531
0.000716475
0.000894585
0.00108806
0.00129487
0.00151275
0.00173925
0.0019717
0.00220726
0.00244287
0.00267541
0.00290168
0.00311855
0.00332296
0.00351194
0.00368257
0.00383197
0.00395732
0.00405598
0.00412563
0.00416428
0.00417034
0.0041425
0.00407975
0.00398148
0.00384746
0.00367798
0.00347385
0.0032363
0.00296695
0.0026676
0.00234027
0.00198723
0.0016111
0.00121514
0.000802902
0.000378246
-5.4835e-05
-0.000492362
-0.000930063
-0.00136368
-0.00178893
-0.00220158
-0.00259762
-0.00297286
-0.00332312
-0.00364397
-0.00393082
-0.00417923
-0.00438518
-0.00454556
-0.00465807
-0.00472088
-0.00473207
-0.00468942
-0.00459046
-0.00443307
-0.00421598
-0.0039389
-0.00360249
-0.00320749
-0.0027543
-0.00224307
-0.00167403
-0.00104892
-0.000370693
0.000356514
0.0011282
0.00194068
0.00279038
0.00367446
0.00458959
0.00553129
0.00649431
0.00747204
0.00845861
0.00944897
0.0104389
0.0114246
0.0124013
0.0133639
0.0143074
0.0152269
0.0161195
0.0169887
0.017835
0.0186559
0.0194483
0.0202095
0.0209374
0.0216311
0.0222908
0.0229166
0.0235075
0.024062
0.024578
0.0250545
0.0254918
0.0258909
0.0262539
0.0265814
0.0268726
0.0271254
0.0273371
0.0275085
0.0276409
0.0277368
0.0277981
0.0278243
0.0278161
0.0277727
0.0276936
0.0275798
0.0274314
0.0272532
0.0270469
0.0268133
0.0265523
0.0262615
0.0259439
0.0256011
0.025235
0.024847
0.0244356
0.0240034
0.0235507
0.0230783
0.0225875
0.0220782
0.0215537
0.0210146
0.0204611
0.0198934
0.0193109
0.0187155
0.0181087
0.0174915
0.0168646
0.0162287
0.0155835
0.0149294
0.0142674
0.0135987
0.012927
0.0122508
0.0115708
0.0108879
0.0102032
0.0095229
0.00884261
0.00816296
0.00748437
0.00680739
0.00614095
0.0054785
0.00482167
0.00417183
0.00352989
0.00290668
0.00229267
0.0016892
0.00109842
0.000522935
-2.334e-05
-0.00055044
-0.00105754
-0.00154391
-0.00200798
-0.00243542
-0.00283357
-0.00319801
-0.00352492
-0.00381183
-0.00404812
-0.00424226
-0.00439289
-0.00449746
-0.00455236
-0.00454868
-0.00448784
-0.00436719
-0.00418505
-0.00394026
-0.00363344
-0.00326175
-0.00282379
-0.0023181
-0.00174327
-0.00110818
-0.000401951
0.000375681
0.00122431
0.00214282
0.00311025
0.00414421
0.00524303
0.00640509
0.00762838
0.00888172
0.0101891
0.0115452
0.0129438
0.0143792
0.015811
0.0172695
0.0187498
0.0202453
0.0217479
0.0232094
0.0246581
0.0260845
0.0274799
0.0288366
0.0301102
0.0313294
0.0324854
0.0335687
0.03457
0.0354514
0.0362329
0.0369059
0.0374616
0.0378908
0.0381705
0.0383071
0.0382935
0.0381236
0.0377915
0.0372969
0.0366288
0.0357825
0.034755
0.0335448
0.0321813
0.0306363
0.028911
0.027006
0.0249227
0.0227169
0.0203395
0.017797
0.0150975
0.0122498
0.00933803
0.00629643
0.00313513
-0.000134041
-0.00349723
-0.00684889
-0.0102629
-0.0137228
-0.017212
-0.0207136
-0.0241149
-0.027492
-0.0308248
-0.0340928
-0.037275
-0.0402642
-0.0431267
-0.0458426
-0.0483914
-0.0507531
-0.0528432
-0.0547074
-0.0563273
-0.0576851
-0.0587628
-0.0595133
-0.0599507
-0.0600609
-0.0598321
-0.0592548
-0.0583355
-0.0570522
-0.055398
-0.0533673
-0.0509561
-0.0482276
-0.0451204
-0.0416402
-0.0377949
-0.033594
-0.0291593
-0.0243918
-0.019306
-0.0139191
-0.00825156
-0.00247484
0.00353561
0.00975449
0.0161553
0.02271
0.0292184
0.0358194
0.0424801
0.0491661
0.0558427
0.062304
0.0686858
0.0749528
0.081069
0.086998
0.092556
0.0978552
0.102862
0.107542
0.111866
0.115701
0.119122
0.122103
0.124619
0.126648
0.12813
0.129085
0.129497
0.129354
0.128648
0.127409
0.125601
0.123223
0.120277
0.116769
0.112818
0.108324
0.103305
0.0977805
0.0917743
0.0854862
0.078768
0.071649
0.0641619
0.0563437
0.0484527
0.0403123
0.0319647
0.0234523
0.0148179
0.00633893
-0.00217277
-0.0106699
-0.0191037
-0.0274256
-0.0353717
-0.0431142
-0.0506103
-0.0578173
-0.0646924
-0.0710239
-0.0769409
-0.0824059
-0.087385
-0.0918481
-0.0956709
-0.0989258
-0.10159
-0.103645
-0.105071
-0.105848
-0.105977
-0.105455
-0.104281
-0.102459
-0.100077
-0.0970655
-0.0934384
-0.089215
-0.084418
-0.0792331
-0.0735295
-0.0673384
-0.0606945
-0.0536354
-0.0464175
-0.0388683
-0.0310329
-0.0229583
-0.0146928
-0.00652563
0.00173353
0.0100346
0.018327
0.0265603
0.0344565
0.0421958
0.0497315
0.0570176
0.0640099
0.0704832
0.076581
0.0822671
0.087508
0.0922726
0.0964223
0.100042
0.103109
0.105606
0.107518
0.108813
0.109508
0.109598
0.109086
0.107976
0.106345
0.104138
0.101371
0.0980669
0.0942486
0.090089
0.0854708
0.0804255
0.0749882
0.0691975
0.0632938
0.0571206
0.0507215
0.0441403
0.037422
0.0308309
0.0241938
0.017557
0.0109674
0.00447105
-0.00168394
-0.00765802
-0.0134099
-0.0188996
-0.0240884
-0.0287855
-0.0331115
-0.037036
-0.0405317
-0.0435742
-0.0460618
-0.0480555
-0.0495394
-0.0505014
-0.0509331
-0.0508376
-0.0502066
-0.0490424
-0.0473506
-0.0451397
-0.042516
-0.039401
-0.0358144
-0.031779
-0.027321
-0.0226343
-0.0175838
-0.0122021
-0.00652423
-0.000587702
0.00535793
0.0114836
0.017749
0.0241127
0.0305319
0.0367411
0.0429189
0.0490218
0.0550072
0.0608341
0.0662652
0.0714622
0.0763902
0.0810148
0.0853029
0.0890799
0.0924599
0.0954168
0.0979277
0.0999726
0.101471
0.102473
0.102969
0.102952
0.102422
0.101403
0.0998742
0.0978407
0.0953108
0.092295
0.0889209
0.0850913
0.0808262
0.0761488
0.0710847
0.0658477
0.0602812
0.0544163
0.0482859
0.0419246
0.0355996
0.0291142
0.0225041
0.0158054
0.00905508
0.00253581
-0.00395981
-0.0103942
-0.0167303
-0.0229317
-0.0287401
-0.0343452
-0.039715
-0.0448186
-0.0496269
-0.053943
-0.0579132
-0.0615163
-0.0647331
-0.0675461
-0.0698461
-0.0717131
-0.0731365
-0.0741084
-0.074624
-0.074677
-0.074271
-0.0734075
-0.0720907
-0.0703271
-0.0682125
-0.0656739
-0.0627267
-0.0593883
-0.0556779
-0.0517788
-0.0475493
-0.0430127
-0.0381947
-0.0331225
-0.0280416
-0.0227617
-0.0173099
-0.0117137
-0.00600142
-0.0004454
0.00516574
0.0108002
0.0164261
0.0220126
0.0272963
0.0324845
0.0375518
0.0424728
0.0472226
0.0515807
0.0557197
0.0596171
0.0632521
0.066605
0.0695255
0.0721301
0.074405
0.0763386
0.0779213
0.0790926
0.0799003
0.0803408
0.0804127
0.0801164
0.0794848
0.0784922
0.0771447
0.07545
0.073417
0.0711631
0.0685937
0.065723
0.0625678
0.0591465
0.0556449
0.0519163
0.0479809
0.0438596
0.0395746
0.0353506
0.0310108
0.0265801
0.0220834
0.0175452
0.0131965
0.00885278
0.00453663
0.000270886
-0.00392157
-0.00783292
-0.0116273
-0.0152848
-0.0187863
-0.0221145
-0.0251141
-0.0279101
-0.03049
-0.0328431
-0.0349601
-0.0367576
-0.0383043
-0.0395949
-0.0406251
-0.0413928
-0.0418929
-0.0421321
-0.0421136
-0.0418419
-0.0413222
-0.0406243
-0.0396918
-0.0385338
-0.0371607
-0.0355841
-0.033936
-0.032109
-0.0301156
-0.0279691
-0.0256836
-0.0234311
-0.0210717
-0.0186225
-0.0161005
-0.0135219
-0.0110714
-0.00859574
-0.00611079
-0.00363268
-0.00117751
0.00108344
0.00329188
0.00543504
0.00750122
0.00947937
0.0112384
0.0128886
0.0144208
0.0158267
0.0170999
0.0181669
0.0190892
0.019855
0.0204601
0.0209021
0.0211727
0.0212804
0.0212282
0.0210202
0.0206617
0.0202103
0.0196201
0.0188985
0.0180534
0.0170939
0.0161282
0.0150674
0.0139232
0.0127068
0.0114298
0.0102278
0.00898605
0.00771686
0.00643251
0.00514476
0.00399183
0.00285334
0.00173899
0.000657408
-0.00038365
-0.00126771
-0.00210126
-0.00287767
-0.00359102
-0.00423635
-0.00473255
-0.00515784
-0.00551086
-0.00579155
-0.00600099
-0.00610129
-0.00613662
-0.00610958
-0.00602337
-0.00588182
-0.00568458
-0.005442
-0.00515943
-0.00484224
-0.00449574
-0.00414589
-0.00377593
-0.00339145
-0.00299787
-0.00260035
-0.0022377
-0.00187735
-0.00152358
-0.00118023
-0.000850746
-0.000574094
-0.000313579
-7.20399e-05
0.000148431
0.000346432
0.000491884
0.000617308
0.000721976
0.000805567
0.000868197
0.000891484
0.000898586
0.000890468
0.000868469
0.000834153
0.000779901
0.000718883
0.000652576
0.000582578
0.000510574
0.000435353
0.000362538
0.00029353
0.000229623
0.000171984
0.000121294
7.89154e-05
4.5394e-05
2.10605e-05
6.01419e-06
1.16714e-07
0
0
0
0
0
0
0
0
0
0
0
0
0
0
0
0
0
0
0
0
0
0
0
-0
-0
-0
-0
-0
-0
-0
-0
-0
-0
-0
-0
-0
-0
-0
-0
-0
-0
-0
-0
-0
-0
-0
-0
-0
-0
-0
-0
-0
-0
-0
-0
-0
-0
-0
-0
-0
-0
-0
-0
