0
0
0
0
0
0
0
0
0
0
0
0
0
0
0
0
0
0
0
0
0
0
0
0
0
0
0
0
0
0
0
0
0
0
0
0
0
0
0
0
0
0
0
0
0
0
0
0
0
0
0
0
0
0
0
0
0
0
0
0
0
0
0
0
0
0
0
0
0
0
0
0
0
0
0
0
0
0
0
0
0
0
0
0
0
0
0
0
0
0
0
0
0
0
0
0
0
0
0
0
0
0
0
0
0
0
0
0
0
0
0
0
0
0
0
0
0
0
0
0
0
0
0
0
0
0
0
0
0
0
0
0
0
0
0
0
0
0
0
0
0
0
0
0
0
0
0
0
0
0
0
0
0
0
0
0
0
0
0
0
0
0
0
0
0
0
0
0
0
0
0
0
0
0
0
0
0
0
0
0
0
0
0
0
0
0
0
0
0
0
0
0
0
0
0
0
0
0
0
0
0
-4.4192e-06
-1.88487e-05
-4.33718e-05
-7.77829e-05
-0.000121606
-0.000174103
-0.000234287
-0.000300939
-0.000372622
-0.000447706
-0.000524389
-0.000600726
-0.000674654
-0.000744025
-0.000806632
-0.000860247
-0.000902645
-0.000931643
-0.000945129
-0.000941088
-0.000917631
-0.000873023
-0.00080571
-0.000714348
-0.00059783
-0.000455303
-0.000286184
-9.01641e-05
0.000132781
0.00038238
0.000658058
0.000958927
0.00128379
0.00163117
0.0019993
0.00238616
0.00278946
0.00320667
0.00363499
0.00407141
0.00451275
0.00495567
0.00539677
0.00583256
0.00625952
0.00667403
0.00707246
0.00745115
0.00780656
0.00813525
0.00843396
0.00869964
0.00892942
0.00912063
0.00927084
0.00937788
0.00943991
0.0094554
0.00942316
0.00934234
0.00921237
0.00903302
0.00880444
0.00852718
0.00820221
0.00783091
0.00741506
0.00695673
0.0064583
0.00592244
0.00535206
0.00475041
0.00412097
0.00346749
0.00279388
0.00210423
0.00140271
0.00069362
-1.86898e-05
-0.000729813
-0.00143534
-0.00213092
-0.00281229
-0.00347529
-0.00411592
-0.0047303
-0.00531471
-0.00586562
-0.00637976
-0.00685415
-0.00728859
-0.00768334
-0.00803709
-0.00834875
-0.00861736
-0.0088422
-0.00902272
-0.0091586
-0.00924981
-0.00929652
-0.00929917
-0.00925838
-0.00917498
-0.00904998
-0.00888457
-0.00868016
-0.00843837
-0.00816095
-0.00784986
-0.00750711
-0.00713486
-0.00673536
-0.00631095
-0.00586411
-0.00539742
-0.00491358
-0.00441534
-0.00390548
-0.00338681
-0.00286212
-0.0023342
-0.00180578
-0.00127953
-0.00075809
-0.000244023
0.000260144
0.000751947
0.00122899
0.001689
0.00212985
0.00254957
0.00294641
0.00331875
0.00366517
0.0039844
0.00427534
0.00453705
0.0047688
0.00497008
0.00514052
0.00527998
0.00538849
0.00546625
0.00551365
0.0055313
0.00551996
0.00548059
0.00541429
0.00532232
0.00520606
0.00506705
0.00490693
0.00472748
0.00453052
0.004318
0.00409193
0.00385445
0.00360779
0.00335427
0.0030962
0.00283586
0.00257544
0.00231704
0.00206269
0.0018144
0.00157415
0.0013439
0.00112556
0.000920886
0.000731553
0.000559096
0.000404955
0.000270469
0.000156861
6.51861e-05
-3.70347e-06
-4.9179e-05
-7.08274e-05
-6.84278e-05
-4.19337e-05
8.5266e-06
8.26337e-05
0.000179863
0.000299488
0.000440603
0.000602157
0.000782979
0.000981773
0.00119711
0.00142741
0.00167095
0.00192587
0.00219021
0.00246192
0.00273885
0.00301879
0.00329942
0.00357836
0.00385325
0.00412178
0.00438169
0.00463083
0.00486704
0.00508822
0.00529223
0.00547705
0.00564072
0.00578149
0.00589774
0.00598808
0.00605121
0.00608601
0.00609152
0.00606694
0.00601173
0.00592555
0.00580828
0.00566
0.005481
0.00527178
0.00503307
0.00476583
0.00447126
0.00415075
0.00380583
0.00343814
0.00304947
0.00264176
0.00221711
0.00177781
0.00132626
0.000864961
0.000396454
-7.66911e-05
-0.000551871
-0.00102644
-0.00149768
-0.00196286
-0.0024192
-0.00286391
-0.00329426
-0.00370755
-0.00410112
-0.00447241
-0.00481893
-0.00513828
-0.00542817
-0.00568644
-0.00591104
-0.00610008
-0.00625184
-0.00636482
-0.0064377
-0.0064694
-0.00645907
-0.00640612
-0.00631024
-0.0061714
-0.00598991
-0.0057663
-0.00550141
-0.0051963
-0.0048523
-0.00447102
-0.00405439
-0.00360466
-0.00312437
-0.00261628
-0.0020833
-0.00152846
-0.000954895
-0.000365905
0.000235055
0.000844375
0.00145836
0.0020733
0.00268554
0.00329148
0.0038876
0.0044704
0.00503642
0.00558229
0.00610477
0.00660084
0.00706771
0.00750282
0.00790377
0.00826837
0.00859462
0.00888076
0.00912539
0.0093274
0.00948603
0.00960078
0.00967141
0.0096979
0.0096805
0.00961978
0.00951662
0.00937224
0.00918813
0.00896603
0.00870789
0.00841589
0.0080924
0.00774002
0.00736151
0.00695978
0.00653784
0.0060988
0.00564583
0.00518221
0.0047113
0.00423649
0.00376117
0.00328866
0.00282217
0.00236483
0.00191969
0.00148974
0.00107787
0.000686855
0.000319281
-2.24954e-05
-0.000336372
-0.000620499
-0.000873265
-0.00109328
-0.00127938
-0.00143063
-0.00154636
-0.00162616
-0.00166993
-0.00167784
-0.00165035
-0.00158817
-0.00149226
-0.00136378
-0.0012041
-0.0010148
-0.000797683
-0.000554728
-0.000288137
-2.82356e-07
0.00030631
0.000628997
0.000965043
0.00131164
0.00166593
0.00202502
0.00238599
0.00274599
0.00310218
0.00345181
0.0037922
0.00412073
0.00443491
0.00473235
0.00501078
0.00526811
0.00550241
0.0057119
0.00589501
0.00605034
0.0061767
0.00627317
0.00633905
0.00637391
0.00637755
0.00634997
0.00629142
0.00620236
0.00608355
0.00593601
0.005761
0.00555998
0.00533455
0.00508642
0.0048174
0.00452943
0.00422463
0.00390528
0.00357375
0.00323251
0.00288403
0.00253075
0.00217514
0.00181968
0.00146688
0.00111926
0.000779301
0.000449392
0.000131761
-0.000171501
-0.000458429
-0.000727149
-0.000975871
-0.00120292
-0.00140678
-0.00158615
-0.00173996
-0.00186737
-0.00196775
-0.00204063
-0.00208569
-0.00210282
-0.00209209
-0.00205379
-0.00198844
-0.00189677
-0.00177966
-0.00163815
-0.00147337
-0.00128662
-0.00107931
-0.000853023
-0.000609469
-0.000350491
-7.80161e-05
0.000205967
0.000499431
0.000800319
0.00110654
0.00141598
0.00172651
0.00203599
0.00234233
0.00264349
0.00293748
0.00322241
0.00349646
0.00375792
0.00400519
0.0042368
0.00445138
0.00464773
0.00482476
0.00498152
0.0051172
0.00523116
0.00532293
0.00539225
0.00543902
0.00546332
0.00546535
0.00544546
0.00540409
0.00534182
0.00525934
0.00515748
0.00503719
0.00489951
0.00474559
0.00457669
0.00439415
0.00419942
0.00399398
0.0037794
0.00355724
0.00332906
0.00309642
0.0028609
0.0026241
0.00238759
0.00215294
0.00192166
0.00169517
0.00147484
0.00126194
0.00105767
0.000863191
0.00067957
0.000507809
0.000348821
0.000203423
7.23376e-05
-4.38184e-05
-0.000144549
-0.000229493
-0.000298427
-0.000351257
-0.000387993
-0.000408728
-0.000413635
-0.000402978
-0.000377131
-0.000336588
-0.000281954
-0.000213906
-0.000133162
-4.04571e-05
6.34366e-05
0.000177684
0.000301355
0.000433427
0.000572816
0.000718425
0.000869186
0.00102407
0.00118204
0.00134208
0.00150308
0.00166397
0.00182363
0.00198105
0.00213523
0.00228528
0.00243029
0.00256939
0.00270174
0.00282655
0.00294311
0.0030508
0.0031491
0.00323754
0.00331568
0.00338314
0.00343964
0.00348498
0.00351908
0.00354194
0.0035536
0.00355413
0.00354361
0.00352218
0.00349005
0.00344757
0.0033951
0.00333309
0.00326195
0.0031821
0.00309398
0.00299811
0.00289507
0.0027855
0.00267006
0.00254941
0.00242415
0.0022949
0.0021623
0.00202701
0.00188974
0.00175118
0.00161195
0.00147265
0.00133381
0.00119596
0.00105965
0.000925467
0.000793983
0.000665725
0.00054115
0.000420644
0.000304552
0.000193208
8.69543e-05
-1.38655e-05
-0.000108923
-0.00019793
-0.000280643
-0.000356869
-0.000426456
-0.000489287
-0.000545284
-0.000594399
-0.000636611
-0.00067191
-0.000700288
-0.000721746
-0.000736303
-0.000744023
-0.00074502
-0.000739448
-0.000727476
-0.000709263
-0.000684947
-0.000654652
-0.00061851
-0.000576684
-0.000529373
-0.000476795
-0.000419179
-0.000356752
-0.000289746
-0.000218413
-0.000143024
-6.38649e-05
1.87953e-05
0.00010472
0.000193711
0.000285584
0.000380139
0.000477138
0.000576309
0.000677374
0.00078008
0.000884214
0.000989582
0.00109598
0.00120315
0.00131081
0.00141862
0.00152629
0.00163357
0.00174025
0.00184614
0.001951
0.00205454
0.00215642
0.00225631
0.0023539
0.00244893
0.00254117
0.0026304
0.00271633
0.00279865
0.00287703
0.00295117
0.00302077
0.00308559
0.00314536
0.00319978
0.00324851
0.00329121
0.00332757
0.0033573
0.00338021
0.0033961
0.0034048
0.00340613
0.00339991
0.00338596
0.00336416
0.00333441
0.00329666
0.00325084
0.00319693
0.00313488
0.00306473
0.00298653
0.00290039
0.00280643
0.00270479
0.0025956
0.00247899
0.00235498
0.00222285
0.002083
0.00193613
0.00178296
0.00162423
0.00146067
0.00129302
0.0011221
0.000948833
0.000774192
0.000599199
0.000424852
0.000252082
8.17596e-05
-8.52794e-05
-0.0002482
-0.000404393
-0.000529217
-0.00059538
-0.000579018
-0.000457821
-0.000211347
0.000178676
0.000728018
0.0014496
0.00235316
0.00344508
0.00472826
0.00620207
0.00786225
0.00970078
0.0117056
0.0138608
0.0161465
0.0185394
0.0210131
0.0235386
0.0260839
0.0286148
0.0310947
0.0334853
0.0357474
0.0378413
0.0397273
0.0413662
0.0427187
0.0437468
0.044414
0.0446866
0.0445346
0.0439319
0.0428562
0.0412882
0.0392124
0.0366168
0.0334949
0.0298466
0.0256782
0.0210021
0.0158361
0.010202
0.00412593
-0.00236125
-0.00922364
-0.016419
-0.0239006
-0.0316182
-0.039519
-0.0475483
-0.0556485
-0.06376
-0.0718216
-0.0797721
-0.0875523
-0.0951059
-0.102379
-0.109321
-0.115879
-0.122003
-0.127642
-0.132752
-0.137295
-0.141242
-0.144568
-0.147258
-0.149297
-0.150677
-0.15139
-0.151435
-0.15082
-0.149557
-0.147662
-0.145155
-0.14206
-0.138405
-0.134222
-0.129549
-0.124425
-0.118892
-0.112993
-0.106771
-0.100269
-0.093532
-0.0866056
-0.0795384
-0.0723776
-0.0651744
-0.0579973
-0.0508807
-0.0438531
-0.0369416
-0.0301705
-0.0235604
-0.0171272
-0.010882
-0.00483415
0.00100681
0.00663009
0.0120232
0.0171774
0.022087
0.0267515
0.031175
0.035362
0.039321
0.0430574
0.0465757
0.0498817
0.0529803
0.0558865
0.0586143
0.0611786
0.0635938
0.0658693
0.0680233
0.0700706
0.0720271
0.0739093
0.0757271
0.077499
0.0792351
0.0809443
0.0826351
0.0843115
0.0859906
0.0876833
0.0893987
0.0911424
0.0929109
0.0947091
0.0965351
0.0983868
0.100263
0.102156
0.104068
0.105994
0.107928
0.109864
0.111792
0.113707
0.115601
0.117464
0.119281
0.121043
0.122734
0.124341
0.125855
0.127266
0.128572
0.129751
0.130789
0.13167
0.132382
0.132928
0.133289
0.133459
0.133437
0.133218
0.13282
0.132218
0.131408
0.13039
0.129163
0.127754
0.126137
0.124312
0.122281
0.120052
0.117659
0.115087
0.112348
0.109454
0.106417
0.103273
0.100006
0.0966276
0.093154
0.0896037
0.0860186
0.0824042
0.0787867
0.0751916
0.0716426
0.0681677
0.0647776
0.0614891
0.0583204
0.0552929
0.0524216
0.0497432
0.0472844
0.0450684
0.0431147
0.0414088
0.0399957
0.0388909
0.0381118
0.0376762
0.0375482
0.0377917
0.0384136
0.0394171
0.0408028
0.0424993
0.0445776
0.0470356
0.049868
0.0530658
0.0565316
0.0603355
0.0644614
0.068892
0.0736074
0.078496
0.0836183
0.0889431
0.0944369
0.100066
0.105716
0.111432
0.117176
0.122908
0.128584
0.134106
0.139484
0.144679
0.149651
0.154362
0.158756
0.162808
0.166477
0.169721
0.172506
0.174834
0.176649
0.177929
0.178653
0.178798
0.178424
0.177424
0.175778
0.173476
0.170518
0.167049
0.162941
0.158206
0.152857
0.146906
0.140552
0.133631
0.126171
0.118206
0.109781
0.10115
0.092159
0.0828609
0.0733106
0.0635641
0.0538823
0.0441241
0.0343552
0.0246464
0.0150723
0.00587854
-0.0030286
-0.0115759
-0.0196935
-0.0273139
-0.0342661
-0.040589
-0.0462153
-0.0510768
-0.055108
-0.0582331
-0.0604169
-0.061616
-0.0617933
-0.0609145
-0.0590359
-0.0560377
-0.0518959
-0.0465968
-0.0401396
-0.0327303
-0.0241917
-0.0145453
-0.0038138
0.00797686
0.0205072
0.034019
0.048453
0.0637372
0.0797909
0.0961846
0.11318
0.130693
0.148632
0.166901
0.185033
0.203278
0.221527
0.239668
0.257592
0.274868
0.29171
0.308003
0.323633
0.338484
0.352217
0.36496
0.376617
0.387096
0.396308
0.404072
0.410407
0.415242
0.418518
0.420183
0.420259
0.418648
0.415327
0.410283
0.403516
0.395269
0.385334
0.373744
0.360543
0.345784
0.329903
0.312607
0.293986
0.274139
0.253176
0.231676
0.209293
0.186156
0.162402
0.138179
0.11413
0.0899225
0.0657114
0.0416527
0.017903
-0.00494009
-0.0271548
-0.0485787
-0.0690509
-0.0884163
-0.106217
-0.12263
-0.13753
-0.150795
-0.162307
-0.171828
-0.179384
-0.184886
-0.188259
-0.189447
-0.1885
-0.185294
-0.179813
-0.172052
-0.162025
-0.150076
-0.135941
-0.119687
-0.101395
-0.0811584
-0.0595728
-0.0362605
-0.0113491
0.0150183
0.0426825
0.0708683
0.0999942
0.129868
0.160291
0.191058
0.221342
0.25155
0.281466
0.310875
0.339562
0.366782
0.392863
0.417606
0.440817
0.46231
0.481554
0.498732
0.513687
0.526275
0.536369
0.543758
0.548446
0.550355
0.549426
0.54562
0.539099
0.529672
0.517352
0.502172
0.484183
0.463918
0.441012
0.415579
0.387752
0.35768
0.326199
0.292802
0.257674
0.221015
0.183043
0.144788
0.10569
0.0659908
0.0259371
-0.0142227
-0.0534325
-0.0922441
-0.130402
-0.167648
-0.20373
-0.237717
-0.27006
-0.300537
-0.32893
-0.355032
-0.378192
-0.398685
-0.41635
-0.431042
-0.442637
-0.450878
-0.455821
-0.457395
-0.455546
-0.450243
-0.441669
-0.429649
-0.414221
-0.395439
-0.373379
-0.348649
-0.320851
-0.290122
-0.256622
-0.220527
-0.182797
-0.142865
-0.100941
-0.0572537
-0.0120407
0.0335267
0.0801108
0.127448
0.175271
0.223308
0.270346
0.317056
0.363168
0.408415
0.452533
0.494432
0.534702
0.573109
0.609431
0.643461
0.674394
0.702667
0.728123
0.750621
0.770035
0.78595
0.798588
0.807884
0.813797
0.816308
0.815446
0.811202
0.803611
0.79273
0.778634
0.761773
0.741915
0.719197
0.693766
0.665782
0.636023
0.604059
0.570085
0.534308
0.496947
0.458998
0.419905
0.379886
0.339157
0.29794
0.257279
0.216581
0.176067
0.135956
0.0964536
0.0585088
0.0215561
-0.0142231
-0.0486519
-0.081561
-0.112208
-0.141039
-0.16793
-0.192771
-0.215463
-0.235568
-0.253361
-0.268785
-0.281799
-0.292383
-0.300444
-0.306083
-0.309322
-0.310199
-0.308767
-0.305254
-0.299581
-0.291845
-0.28215
-0.270611
-0.257707
-0.243212
-0.227269
-0.210028
-0.191645
-0.172751
-0.153027
-0.132626
-0.111703
-0.0904133
-0.0694138
-0.0483636
-0.0274149
-0.00671307
0.0136038
0.0329722
0.0516984
0.0696612
0.0867454
0.102846
0.117576
0.131154
0.143515
0.154604
0.164372
0.172666
0.179567
0.185056
0.189131
0.1918
0.193162
0.193165
0.191842
0.189234
0.185394
0.18063
0.174771
0.167899
0.160107
0.15149
0.142508
0.132905
0.12279
0.11227
0.101454
0.0908426
0.0801461
0.069469
0.0589179
0.0486017
0.0389754
0.0297993
0.0211737
0.013193
0.00594535
-0.000265046
-0.0055816
-0.00993192
-0.0132504
-0.0154805
-0.0165379
-0.0164256
-0.0151169
-0.0125923
-0.00883907
-0.0040272
0.00201351
0.00926839
0.017713
0.0273145
0.0376485
0.0490525
0.0614714
0.0748411
0.0890881
0.103576
0.118776
0.134601
0.150962
0.167766
0.18425
0.200974
0.217824
0.234687
0.251445
0.267305
0.282836
0.297931
0.312483
0.326387
0.338935
0.350629
0.361372
0.371072
0.379641
0.386563
0.392195
0.396467
0.399316
0.400688
0.400347
0.398445
0.394952
0.389847
0.383121
0.374874
0.365013
0.353556
0.340526
0.325953
0.31028
0.293147
0.274612
0.254741
0.233546
0.211739
0.188763
0.164752
0.139845
0.114195
0.0888476
0.0630748
0.037046
0.0109309
-0.0151027
-0.0399109
-0.0643306
-0.0882101
-0.111403
-0.133769
-0.154231
-0.173641
-0.191896
-0.208896
-0.22455
-0.237967
-0.249905
-0.260309
-0.269141
-0.276378
-0.281435
-0.284912
-0.286821
-0.287184
-0.286032
-0.283112
-0.278793
-0.273144
-0.266242
-0.258172
-0.248992
-0.238835
-0.227803
-0.216008
-0.20356
-0.19076
-0.177521
-0.163954
-0.150168
-0.136274
-0.122712
-0.109231
-0.0959327
-0.082912
-0.0702579
-0.0584395
-0.0471116
-0.0363435
-0.0261967
-0.0167238
-0.00833113
-0.000647656
0.00630254
0.0125029
0.0179438
0.0223349
0.0260091
0.0289802
0.0312694
0.0329051
0.0337304
0.0340067
0.0337762
0.033085
0.0319828
0.0304219
0.0285791
0.0265091
0.0242667
0.021906
0.0194426
0.0169756
0.0145523
0.0122165
0.0100085
0.0079576
0.0061036
0.00447142
0.00308043
0.00194414
0.00107032
0.000459353
0.000106372
0
0
0
0
0
0
0
0
0
0
0
0
0
0
0
0
0
0
0
0
0
0
0
0
0
0
0
0
0
0
0
0
0
0
0
0
0
0
0
0
0
0
0
0
0
0
0
0
0
0
0
0
0
0
0
0
0
0
0
0
0
0
0
0
0
0
0
0
0
0
0
0
0
0
0
0
0
0
0
0
0
0
0
0
0
0
0
0
0
0
0
0
0
0
0
0
0
0
0
0
0
0
0
0
0
0
0
0
0
0
0
0
0
0
0
0
0
0
0
0
0
0
0
0
0
0
0
0
0
0
0
0
0
0
0
0
0
0
0
0
0
0
0
0
0
0
0
0
0
0
0
0
0
0
0
0
0
0
0
0
0
0
0
0
0
0
0
0
0
0
0
0
0
0
0
0
0
0
0
0
0
0
0
0
0
0
0
0
0
0
0
0
0
0
0
0
0
0
0
0
0
