0
0
0
0
0
0
0
0
0
0
0
0
0
0
0
0
0
0
0
0
0
0
0
0
0
0
0
0
0
0
0
0
0
0
0
0
0
0
0
0
0
0
0
0
0
0
0
0
0
0
0
0
0
0
0
0
0
0
0
0
0
0
0
0
0
0
0
0
0
0
0
0
0
0
0
0
0
0
0
0
0
0
0
0
0
0
0
0
0
0
0
0
0
0
0
0
0
0
0
0
0
0
0
0
0
0
0
0
0
0
0
0
0
0
0
0
0
0
0
0
0
0
0
0
0
0
0
0
0
0
0
0
0
0
0
0
0
0
0
0
0
0
0
0
0
0
0
0
0
0
0
0
0
0
0
0
0
0
0
0
0
0
0
0
0
0
0
0
0
0
0
0
0
0
0
0
0
0
0
0
0
0
0
0
0
0
0
0
0
0
0
0
0
0
0
0
0
0
0
0
0
2.13082e-05
8.43337e-05
0.00017935
0.000295702
0.000422085
0.000546764
0.00065779
0.000743225
0.000791365
0.000790966
0.000731462
0.000603171
0.000397461
0.000106902
-0.000274595
-0.000751633
-0.00132719
-0.0020025
-0.00277697
-0.00364819
-0.00461197
-0.0056624
-0.0067919
-0.00799126
-0.00924968
-0.0105549
-0.0118931
-0.0132495
-0.0146081
-0.0159521
-0.0172642
-0.0185264
-0.0197208
-0.0208296
-0.0218351
-0.0227208
-0.0234709
-0.0240708
-0.0245074
-0.0247696
-0.0248479
-0.0247347
-0.0244243
-0.023913
-0.0231986
-0.0222812
-0.0211628
-0.0198482
-0.0183446
-0.0166617
-0.0148115
-0.0128081
-0.0106673
-0.0084067
-0.00604552
-0.00360425
-0.00110449
0.0014315
0.00398105
0.00652136
0.00902948
0.0114824
0.0138573
0.0161319
0.0182849
0.020297
0.0221505
0.0238303
0.0253235
0.0266192
0.0277083
0.0285837
0.0292404
0.029675
0.029887
0.0298782
0.0296532
0.0292195
0.0285873
0.0277691
0.0267795
0.0256343
0.024351
0.0229479
0.0214445
0.0198612
0.018219
0.0165393
0.0148431
0.0131514
0.0114886
0.00987564
0.00832929
0.00686561
0.00549982
0.00424597
0.00311676
0.00212342
0.00127573
0.000581979
4.88748e-05
-0.000318564
-0.000517054
-0.000544965
-0.000402159
-8.98625e-05
0.000389338
0.00103136
0.00183045
0.00277913
0.00386826
0.00508732
0.00642458
0.00786727
0.00940153
0.0110124
0.012684
0.0143996
0.0161422
0.0178952
0.0196417
0.0213652
0.0230489
0.0246758
0.0262288
0.027691
0.0290458
0.0302774
0.0313707
0.0323112
0.0330848
0.0336782
0.0340793
0.0342773
0.034263
0.0340293
0.0335705
0.0328826
0.0319632
0.0308117
0.0294295
0.0278197
0.0259876
0.0239402
0.0216861
0.0192357
0.0166006
0.0137941
0.0108304
0.00772492
0.00449422
0.00115593
-0.00227103
-0.0057664
-0.00930878
-0.012876
-0.0164452
-0.0199934
-0.0234972
-0.0269327
-0.0302758
-0.0335017
-0.0365863
-0.0395061
-0.0422391
-0.0447643
-0.0470621
-0.0491137
-0.0509012
-0.0524075
-0.0536171
-0.0545159
-0.0550917
-0.0553341
-0.0552338
-0.0547835
-0.0539778
-0.0528135
-0.0512896
-0.0494077
-0.0471713
-0.0445855
-0.041657
-0.0383946
-0.0348089
-0.030913
-0.0267222
-0.0222532
-0.0175242
-0.0125546
-0.0073652
-0.00197833
0.00358178
0.00928919
0.0151167
0.0210361
0.027019
0.0330363
0.0390586
0.0450558
0.0509979
0.0568545
0.062596
0.0681932
0.0736175
0.0788405
0.0838343
0.0885714
0.0930253
0.0971703
0.100982
0.104438
0.107517
0.110197
0.112462
0.114296
0.115686
0.116621
0.117094
0.117099
0.11663
0.115685
0.114263
0.112369
0.110009
0.107192
0.10393
0.100236
0.0961249
0.0916148
0.0867251
0.0814781
0.075898
0.0700102
0.0638415
0.0574195
0.0507731
0.0439331
0.0369314
0.0298014
0.0225771
0.0152926
0.00798227
0.000680712
-0.00657691
-0.0137551
-0.0208184
-0.0277317
-0.034461
-0.0409729
-0.0472352
-0.0532159
-0.0588841
-0.0642099
-0.0691653
-0.0737243
-0.0778634
-0.0815618
-0.0848008
-0.0875643
-0.0898391
-0.091615
-0.0928854
-0.0936465
-0.0938981
-0.0936425
-0.092885
-0.0916341
-0.0899011
-0.0877006
-0.0850497
-0.0819681
-0.0784774
-0.074601
-0.0703648
-0.0657963
-0.0609257
-0.0557844
-0.0504054
-0.0448218
-0.0390673
-0.0331758
-0.0271812
-0.0211176
-0.0150192
-0.00891977
-0.00285241
0.00315067
0.00905841
0.014841
0.02047
0.0259186
0.0311622
0.0361777
0.0409447
0.0454445
0.0496605
0.0535783
0.0571856
0.0604726
0.0634318
0.0660582
0.068349
0.0703038
0.0719244
0.0732151
0.074182
0.0748335
0.0751797
0.0752322
0.0750042
0.0745107
0.0737683
0.0727952
0.0716108
0.0702355
0.06869
0.0669956
0.0651738
0.0632467
0.0612367
0.0591664
0.0570579
0.0549327
0.0528112
0.0507128
0.0486566
0.0466605
0.0447416
0.042916
0.0411978
0.0395997
0.0381326
0.0368062
0.0356288
0.0346074
0.0337472
0.0330515
0.0325213
0.0321559
0.0319526
0.0319075
0.0320147
0.0322671
0.0326556
0.0331697
0.0337977
0.0345269
0.0353439
0.0362344
0.0371835
0.0381756
0.0391945
0.0402239
0.0412474
0.0422489
0.0432122
0.0441215
0.0449608
0.045715
0.0463699
0.0469126
0.0473314
0.0476156
0.0477552
0.0477409
0.0475644
0.0472191
0.0467004
0.0460056
0.0451337
0.0440847
0.0428595
0.0414595
0.0398877
0.0381488
0.0362494
0.034198
0.0320044
0.0296791
0.027233
0.0246778
0.0220261
0.0192919
0.0164901
0.0136363
0.0107466
0.00783712
0.00492401
0.00202356
-0.000847786
-0.00367358
-0.00643758
-0.00912397
-0.0117174
-0.014203
-0.0165662
-0.018793
-0.0208701
-0.0227851
-0.0245269
-0.0260859
-0.0274531
-0.028621
-0.0295826
-0.0303324
-0.030866
-0.0311808
-0.0312753
-0.0311495
-0.0308043
-0.0302419
-0.0294654
-0.0284795
-0.02729
-0.0259042
-0.0243302
-0.0225769
-0.0206537
-0.018571
-0.0163398
-0.0139724
-0.011482
-0.00888262
-0.00618844
-0.0034138
-0.000573014
0.00231955
0.00524936
0.00820165
0.0111616
0.0141142
0.0170449
0.0199394
0.0227838
0.0255647
0.0282693
0.0308857
0.0334023
0.0358085
0.0380941
0.0402497
0.0422669
0.044138
0.0458563
0.047416
0.0488123
0.0500411
0.0510994
0.0519853
0.0526976
0.0532364
0.0536024
0.0537971
0.0538224
0.0536808
0.0533759
0.052912
0.0522949
0.0515307
0.0506264
0.049589
0.0484258
0.047144
0.0457518
0.0442575
0.0426703
0.0409995
0.0392545
0.0374448
0.0355798
0.0336688
0.0317213
0.0297463
0.0277526
0.0257485
0.0237422
0.0217423
0.019757
0.0177952
0.0158652
0.0139746
0.0121303
0.0103385
0.00860484
0.00693522
0.0053355
0.00381146
0.00236837
0.00101077
-0.000257549
-0.00143323
-0.00251309
-0.003494
-0.00437307
-0.00514804
-0.00581746
-0.0063807
-0.00683765
-0.00718844
-0.00743319
-0.00757225
-0.0076064
-0.00753706
-0.00736626
-0.00709631
-0.00672954
-0.00626819
-0.00571464
-0.00507175
-0.00434316
-0.00353324
-0.00264673
-0.00168833
-0.000662491
0.000426552
0.00157441
0.00277625
0.00402666
0.00531984
0.00664988
0.00801098
0.00939746
0.0108036
0.0122234
0.0136506
0.0150789
0.0165023
0.0179146
0.0193103
0.0206834
0.022028
0.0233381
0.0246075
0.0258305
0.0270017
0.0281163
0.0291697
0.0301576
0.0310758
0.0319202
0.0326875
0.0333743
0.033978
0.0344958
0.0349255
0.035265
0.0355126
0.035667
0.0357277
0.0356945
0.0355672
0.0353462
0.0350319
0.0346253
0.0341281
0.0335423
0.0328706
0.0321158
0.0312808
0.0303687
0.0293833
0.0283284
0.0272085
0.0260283
0.0247926
0.0235063
0.0221747
0.0208032
0.0193978
0.0179643
0.016509
0.0150375
0.0135555
0.0120686
0.0105826
0.00910355
0.00763799
0.00619232
0.00477273
0.00338502
0.00203459
0.000726547
-0.000534053
-0.00174218
-0.00289284
-0.00398113
-0.00500241
-0.0059524
-0.00682732
-0.00762403
-0.00834007
-0.00897359
-0.00952311
-0.00998728
-0.0103647
-0.0106539
-0.0108537
-0.0109636
-0.0109839
-0.0109159
-0.0107613
-0.0105223
-0.0102008
-0.00979878
-0.00931872
-0.00876356
-0.00813691
-0.00744286
-0.00668572
-0.00586976
-0.00499925
-0.00407877
-0.00311332
-0.00210841
-0.00106981
-3.13019e-06
0.00108638
0.00219384
0.00331451
0.0044434
0.00557516
0.00670418
0.00782485
0.00893181
0.0100201
0.011085
0.0121221
0.0131271
0.0140959
0.0150248
0.0159106
0.0167501
0.0175406
0.0182792
0.0189634
0.019591
0.0201605
0.0206711
0.0211221
0.0215129
0.0218427
0.0221106
0.0223163
0.0224601
0.0225415
0.0225518
0.022491
0.0223608
0.0221629
0.0218995
0.0215737
0.0211893
0.0207508
0.0202629
0.0197295
0.0191543
0.018541
0.0178937
0.0172172
0.0165167
0.015797
0.0150593
0.0142782
0.0134548
0.0125978
0.0117166
0.010821
0.00992022
0.00902285
0.00813657
0.00726839
0.00642505
0.00561315
0.00483897
0.00410806
0.003425
0.00279342
0.00221628
0.00169613
0.0012352
0.00083522
0.000497294
0.000221866
8.92297e-06
-0.000141753
-0.000230468
-0.000257706
-0.000224291
-0.000131427
1.94954e-05
0.000227199
0.000490703
0.000809218
0.00118182
0.00160719
0.00208364
0.00260954
0.00318377
0.00380596
0.00447617
0.00519434
0.00595963
0.00677021
0.00762327
0.00851615
0.00944616
0.0104109
0.0114078
0.012434
0.0134863
0.0145607
0.0156522
0.0167551
0.0178627
0.0189681
0.0200634
0.0211411
0.0221934
0.0232125
0.0241907
0.0251189
0.0259878
0.0267877
0.027509
0.0281437
0.0286841
0.0291228
0.0294525
0.0296656
0.0297554
0.0297164
0.0295446
0.0292373
0.0287923
0.0282075
0.0274837
0.0266196
0.0256159
0.0244763
0.0232055
0.0218086
0.0202904
0.018655
0.016908
0.0150566
0.0131116
0.0110861
0.00899382
0.0068477
0.00465788
0.00243454
0.00018902
-0.00206646
-0.0043195
-0.00655821
-0.00877093
-0.0109474
-0.0130783
-0.0151536
-0.0171625
-0.0190931
-0.0209339
-0.0226745
-0.0243068
-0.0258234
-0.0272168
-0.0284782
-0.0295981
-0.0305676
-0.0313781
-0.0320237
-0.0324999
-0.0328031
-0.0329305
-0.0328769
-0.0326391
-0.0322157
-0.0316071
-0.0308172
-0.029845
-0.0286918
-0.0273586
-0.0258478
-0.0241673
-0.0223206
-0.0203163
-0.0181626
-0.0158676
-0.0134431
-0.0108942
-0.0082323
-0.00547093
-0.00262523
0.00028537
0.00325109
0.00625849
0.00929384
0.0123422
0.0153832
0.0184041
0.0213891
0.0243232
0.0271928
0.0299807
0.0326752
0.0352607
0.0377221
0.0400462
0.0422216
0.0442405
0.0460948
0.0477757
0.0492731
0.0505795
0.0516842
0.0525817
0.0532697
0.0537474
0.0540216
0.0540849
0.0539367
0.0535775
0.0530097
0.0522491
0.0512898
0.0501377
0.0487988
0.0472797
0.0456047
0.0437685
0.0417845
0.0396681
0.0374354
0.0351222
0.0327249
0.0302599
0.027745
0.0251988
0.0226621
0.0201337
0.0176332
0.0151801
0.0127939
0.0105137
0.00833981
0.00629172
0.00438875
0.00264986
0.00110777
-0.000233629
-0.0013574
-0.00224821
-0.00289263
-0.00327414
-0.00338654
-0.00321896
-0.00276036
-0.00200027
-0.000938273
0.000439502
0.00213564
0.00415045
0.00648323
0.00910929
0.0120504
0.0153027
0.0188594
0.0227098
0.026801
0.0311571
0.0357623
0.0405998
0.0456507
0.0508401
0.0561966
0.0616926
0.0672997
0.0729894
0.0786709
0.0843785
0.0900821
0.0957495
0.101347
0.106774
0.112064
0.117184
0.122101
0.126781
0.131129
0.135168
0.138862
0.142179
0.145091
0.147531
0.149513
0.15101
0.151998
0.15245
0.152332
0.151642
0.150367
0.148498
0.146029
0.142976
0.139314
0.135043
0.130167
0.124697
0.118709
0.112155
0.105056
0.0974327
0.0893105
0.0808194
0.071894
0.0625719
0.0528927
0.0428975
0.0327591
0.0223936
0.0118497
0.0011795
-0.0095631
-0.0201767
-0.0307509
-0.0412281
-0.0515484
-0.06165
-0.0713261
-0.0806589
-0.0895881
-0.0980563
-0.106008
-0.113267
-0.119903
-0.125864
-0.131102
-0.135568
-0.139141
-0.14186
-0.143691
-0.144603
-0.14457
-0.143551
-0.14155
-0.138554
-0.134557
-0.12956
-0.123617
-0.116689
-0.108794
-0.0999567
-0.0902051
-0.0796937
-0.0683393
-0.0561845
-0.0432773
-0.0296722
-0.0156093
-0.00097199
0.0141725
0.0297539
0.0456989
0.0617106
0.0779297
0.0942742
0.110661
0.127006
0.142996
0.15878
0.174274
0.189392
0.204049
0.217945
0.23121
0.243768
0.255547
0.26648
0.276342
0.285233
0.293094
0.299872
0.305522
0.309924
0.313131
0.315122
0.31588
0.315393
0.313664
0.31069
0.306481
0.301056
0.294441
0.286764
0.277965
0.26809
0.257193
0.245335
0.23276
0.219365
0.205226
0.190424
0.175044
0.159401
0.143363
0.127025
0.110486
0.093845
0.0774411
0.0611355
0.0450292
0.0292226
0.0138131
-0.000892947
-0.0150241
-0.0284992
-0.0412397
-0.0531693
-0.0640604
-0.074
-0.0829298
-0.090802
-0.0975792
-0.103163
-0.107598
-0.110865
-0.112951
-0.113849
-0.113591
-0.112164
-0.109595
-0.105917
-0.10117
-0.0955126
-0.0888865
-0.081352
-0.0729782
-0.063841
-0.0541961
-0.0439537
-0.0332017
-0.022032
-0.0105401
0.000977188
0.0126181
0.0242822
0.0358691
0.0472791
0.0582359
0.0688207
0.0789395
0.0885018
0.0974218
0.105504
0.112789
0.119207
0.124694
0.129192
0.132631
0.134996
0.136257
0.136398
0.135408
0.133371
0.130204
0.125918
0.120537
0.114096
0.10683
0.0986058
0.089483
0.0795286
0.0688154
0.0576866
0.0459654
0.0337465
0.0211311
0.00822509
-0.00457045
-0.0174399
-0.0302725
-0.0429549
-0.0553714
-0.0671376
-0.0784062
-0.089065
-0.0990053
-0.108123
-0.116132
-0.123126
-0.129018
-0.133725
-0.137175
-0.139242
-0.139928
-0.139184
-0.136972
-0.133265
-0.128142
-0.1215
-0.113343
-0.103684
-0.0925466
-0.0802213
-0.0664947
-0.0514201
-0.0350613
-0.0174917
0.000814107
0.0201579
0.0404404
0.0615534
0.0833809
0.105321
0.12773
0.150482
0.173447
0.196491
0.218976
0.241263
0.263213
0.284684
0.305536
0.325183
0.343951
0.361719
0.378368
0.393784
0.407524
0.419822
0.430584
0.439726
0.447175
0.452702
0.456417
0.458276
0.458248
0.456314
0.452508
0.446789
0.439169
0.42967
0.41833
0.405447
0.390829
0.374547
0.356682
0.337322
0.316997
0.29538
0.272583
0.248726
0.223934
0.198893
0.173174
0.146905
0.120222
0.0932611
0.0667747
0.0402915
0.0139502
-0.0121139
-0.0377697
-0.0623037
-0.0861819
-0.109286
-0.131501
-0.152717
-0.172341
-0.190767
-0.20791
-0.223688
-0.238028
-0.250535
-0.261477
-0.270803
-0.278474
-0.284459
-0.288608
-0.291042
-0.29176
-0.290768
-0.288084
-0.283809
-0.277904
-0.270413
-0.261388
-0.25089
-0.239253
-0.226284
-0.212064
-0.196679
-0.180219
-0.16319
-0.145277
-0.12658
-0.107203
-0.0872533
-0.0673369
-0.0470629
-0.0265379
-0.00586803
0.0148406
0.0349658
0.0549219
0.074609
0.0939311
0.112796
0.130647
0.14787
0.164386
0.180119
0.194998
0.20859
0.221207
0.232804
0.243338
0.252774
0.260852
0.267781
0.273545
0.278135
0.281551
0.283717
0.284724
0.284586
0.283323
0.280964
0.277608
0.273234
0.267889
0.261626
0.254496
0.246734
0.238214
0.228996
0.219143
0.208724
0.198067
0.186985
0.175547
0.163821
0.151879
0.140078
0.128198
0.116304
0.104463
0.092735
0.0814568
0.0704063
0.0596372
0.0492008
0.0391451
0.0297414
0.020799
0.0123496
0.00442002
-0.00296666
-0.00963509
-0.0157247
-0.0212231
-0.0261223
-0.0304186
-0.0340363
-0.0370554
-0.0394838
-0.0413346
-0.042626
-0.0433774
-0.0436206
-0.0433862
-0.0427062
-0.0416136
-0.0401893
-0.0384202
-0.0363428
-0.0339958
-0.0314195
-0.0287262
-0.0258823
-0.0229251
-0.0198912
-0.016817
-0.0138077
-0.0108301
-0.00791806
-0.00510377
-0.00241668
7.41662e-05
0.00238605
0.00449592
0.00638256
0.00802728
0.00941362
0.0105315
0.0113738
0.0119366
0.0122192
0.0122651
0.0120372
0.0115432
0.0107939
0.00980308
0.00866058
0.00731073
0.00577305
0.00406922
0.00222286
0.000346837
-0.00161126
-0.00361767
-0.00563821
-0.00763945
-0.00952137
-0.0113227
-0.0130147
-0.0145694
-0.0159596
-0.0171339
-0.0180943
-0.0188194
-0.0192905
-0.0194918
-0.019446
-0.0191095
-0.0184789
-0.0175555
-0.0163456
-0.0149572
-0.013303
-0.011399
-0.00926371
-0.00691807
-0.00453429
-0.00198369
0.000706367
0.00350686
0.00638752
0.00914165
0.0119208
0.0146928
0.0174248
0.0200844
0.0224678
0.0247291
0.0268437
0.0287896
0.0305476
0.0319572
0.033156
0.0341317
0.0348746
0.0353784
0.0355442
0.0354765
0.0351799
0.0346621
0.0339332
0.032962
0.0318117
0.0304991
0.0290427
0.0274616
0.0257762
0.0240067
0.0221744
0.020301
0.0184088
0.0165483
0.0147087
0.0129104
0.0111726
0.0095125
0.00798397
0.00655516
0.00523705
0.00403822
0.00296476
0.00205386
0.00126616
0.000601287
5.68359e-05
-0.000371531
-0.000669312
-0.000871396
-0.000986787
-0.00102587
-0.00100017
-0.000914003
-0.000792346
-0.00064789
-0.000493463
-0.000341794
-0.000204262
-9.48015e-05
-2.36734e-05
0
0
0
0
0
0
0
0
0
0
0
0
0
0
0
0
0
0
0
0
0
0
0
0
0
0
0
0
0
0
0
0
0
0
0
0
0
0
0
0
0
0
0
0
0
0
0
0
0
0
0
0
0
0
0
0
0
0
0
0
0
0
0
0
0
0
0
0
0
0
0
0
0
0
0
0
0
0
0
0
0
0
0
0
0
0
0
0
0
0
0
0
0
0
0
0
0
0
0
0
0
0
0
0
0
0
0
0
0
0
0
0
0
0
0
0
0
0
0
0
0
0
0
0
0
0
0
0
0
0
0
0
0
0
0
0
0
0
0
0
0
0
0
0
0
0
0
0
0
0
0
0
0
0
0
0
0
0
0
0
0
0
0
0
0
0
0
0
0
0
0
0
0
0
0
0
0
0
0
0
0
0
0
0
0
0
0
0
0
0
0
0
0
0
0
0
0
0
0
0
0
