0
0
0
0
0
0
0
0
0
0
0
0
0
0
0
0
0
0
0
0
0
0
0
0
0
0
0
0
0
0
0
0
0
0
0
0
0
0
0
0
0
0
0
0
0
0
0
0
0
0
0
0
0
0
0
0
0
0
0
0
0
0
0
0
0
0
0
0
0
0
0
0
0
0
0
0
0
0
0
0
0
0
0
0
0
0
0
0
0
0
0
0
0
0
0
0
0
0
0
0
0
0
0
0
0
0
0
0
0
0
0
0
0
0
0
0
0
0
0
0
0
0
0
0
0
0
0
0
0
0
0
0
0
0
0
0
0
0
0
0
0
0
0
0
0
0
0
0
0
0
0
0
0
0
0
0
0
0
0
0
0
0
0
0
0
0
0
0
0
0
0
0
0
0
0
0
0
0
0
0
0
0
0
0
0
0
0
0
0
0
0
0
0
0
0
0
0
0
0
0
0
0
0
0
0
0
0
0
0
0
0
0
0
0
0
0
0
0
0
0
0
0
0
0
0
0
0
0
0
0
0
0
0
0
0
0
0
0
0
0
0
0
0
0
0
0
0
0
0
0
0
0
0
0
0
0
0
0
0
0
0
0
0
0
0
0
0
0
0
0
0
0
0
0
0
0
0
0
0
0
0
0
0
0
0
0
0
0
0
0
0
0
0
0
0
0
0
0
0
0
0
0
0
0
0
0
0
0
0
0
0
0
0
0
0
0
0
0
0
0
0
0
-6.8745e-08
-4.10209e-06
-1.86105e-05
-4.92427e-05
-0.00010127
-0.000179517
-0.000288311
-0.000431426
-0.000612024
-0.000832583
-0.00109484
-0.00139974
-0.0017475
-0.00213758
-0.0025688
-0.00303927
-0.00354637
-0.00408675
-0.00465631
-0.00525027
-0.0058633
-0.00648957
-0.00712288
-0.00775663
-0.00838391
-0.00899758
-0.00959038
-0.0101551
-0.0106845
-0.0111715
-0.011609
-0.0119901
-0.0123078
-0.0125559
-0.0127285
-0.0128209
-0.0128289
-0.0127488
-0.0125774
-0.0123118
-0.0119497
-0.0114896
-0.0109311
-0.0102751
-0.00952307
-0.0086773
-0.00774047
-0.00671569
-0.00560662
-0.00441762
-0.0031538
-0.00182097
-0.000425449
0.00102603
0.00252639
0.00406833
0.00564436
0.00724698
0.00886881
0.0105024
0.0121403
0.0137743
0.0153957
0.0169953
0.018564
0.0200933
0.0215757
0.0230046
0.024374
0.0256778
0.0269099
0.0280637
0.0291331
0.030113
0.030999
0.0317873
0.0324744
0.0330566
0.0335301
0.0338915
0.0341385
0.0342693
0.0342828
0.0341776
0.0339518
0.0336032
0.0331301
0.0325323
0.0318114
0.0309708
0.0300152
0.0289607
0.0278126
0.0265708
0.025235
0.0238059
0.0222851
0.0206756
0.0189805
0.0172024
0.015344
0.0134078
0.0113969
0.00931545
0.00716793
0.00495921
0.00269411
0.00037748
-0.00198535
-0.00438818
-0.00682389
-0.00928479
-0.0117631
-0.0142511
-0.0167413
-0.0192252
-0.0216933
-0.0241347
-0.026538
-0.0288921
-0.0311868
-0.033413
-0.0355621
-0.0376249
-0.0395914
-0.0414505
-0.043191
-0.0448025
-0.0462755
-0.0476013
-0.0487716
-0.0497776
-0.0506104
-0.0512618
-0.0517244
-0.0519924
-0.0520608
-0.0519256
-0.0515827
-0.0510282
-0.0502593
-0.0492748
-0.0480756
-0.0466643
-0.0450445
-0.0432199
-0.0411943
-0.0389723
-0.0365599
-0.0339655
-0.0311995
-0.028274
-0.0252013
-0.0219938
-0.0186637
-0.0152239
-0.0116886
-0.00807365
-0.00439631
-0.000674478
0.00307389
0.00683102
0.0105791
0.0143001
0.0179752
0.0215857
0.0251126
0.0285377
0.0318428
0.0350102
0.0380221
0.040861
0.0435099
0.0459534
0.0481782
0.0501729
0.0519275
0.0534326
0.0546789
0.0556571
0.0563595
0.0567802
0.0569163
0.0567679
0.0563376
0.0556293
0.054648
0.0533988
0.0518879
0.0501228
0.0481131
0.0458701
0.0434073
0.0407395
0.0378826
0.0348532
0.0316687
0.0283476
0.024909
0.021373
0.0177604
0.0140924
0.0103907
0.00667719
0.0029738
-0.000697392
-0.00431468
-0.00785711
-0.0113048
-0.0146389
-0.0178419
-0.0208965
-0.0237863
-0.0264951
-0.0290076
-0.0313101
-0.0333911
-0.0352412
-0.0368532
-0.0382213
-0.0393407
-0.0402073
-0.0408184
-0.041173
-0.0412723
-0.04112
-0.040722
-0.0400859
-0.0392206
-0.0381363
-0.0368445
-0.035358
-0.033691
-0.0318592
-0.0298791
-0.0277685
-0.025546
-0.0232317
-0.0208466
-0.0184123
-0.0159506
-0.0134825
-0.0110283
-0.00860796
-0.00624135
-0.0039493
-0.0017534
0.000324664
0.00226431
0.00404711
0.00565727
0.00708124
0.00830677
0.00932199
0.0101151
0.0106747
0.0109911
0.0110574
0.0108696
0.0104272
0.00973204
0.00878747
0.007598
0.00616919
0.00450809
0.00262383
0.000527947
-0.00176554
-0.00424037
-0.00687845
-0.00966007
-0.0125642
-0.0155684
-0.0186493
-0.0217828
-0.0249441
-0.028108
-0.0312487
-0.0343401
-0.0373548
-0.0402649
-0.0430419
-0.0456579
-0.048086
-0.0503013
-0.0522806
-0.0540023
-0.0554455
-0.0565894
-0.0574137
-0.0578992
-0.0580286
-0.0577886
-0.0571696
-0.0561657
-0.0547738
-0.0529921
-0.0508194
-0.0482551
-0.0453006
-0.0419604
-0.0382437
-0.0341648
-0.0297419
-0.0249962
-0.0199498
-0.0146249
-0.00904395
-0.00323065
0.00278846
0.00898297
0.0153184
0.0217571
0.0282603
0.0347892
0.0413068
0.0477769
0.0541642
0.0604322
0.0665426
0.0724554
0.0781296
0.083525
0.0886034
0.0933301
0.0976737
0.101605
0.105097
0.108123
0.110655
0.11267
0.114142
0.115054
0.115389
0.115138
0.114294
0.112855
0.110822
0.108196
0.104981
0.101183
0.0968139
0.0918863
0.0864196
0.0804372
0.0739666
0.067038
0.0596836
0.0519373
0.0438339
0.0354102
0.026705
0.0177599
0.00861895
-0.000671085
-0.0100618
-0.0195038
-0.0289478
-0.0383448
-0.047647
-0.0568075
-0.0657801
-0.074519
-0.0829791
-0.0911153
-0.0988829
-0.106238
-0.113139
-0.119545
-0.125419
-0.130729
-0.135443
-0.139538
-0.142993
-0.14579
-0.147916
-0.149362
-0.150123
-0.150195
-0.149582
-0.148289
-0.146325
-0.143703
-0.14044
-0.136554
-0.13207
-0.127012
-0.12141
-0.115296
-0.108703
-0.101667
-0.0942277
-0.086424
-0.0782982
-0.0698937
-0.0612554
-0.0524288
-0.0434595
-0.0343936
-0.0252768
-0.0161552
-0.00707458
0.00191985
0.0107837
0.0194742
0.02795
0.0361718
0.0441019
0.0517045
0.0589454
0.0657931
0.0722182
0.0781944
0.0836984
0.0887098
0.0932111
0.0971876
0.100628
0.103522
0.105866
0.107655
0.108891
0.109577
0.10972
0.109328
0.108414
0.106992
0.105079
0.102694
0.0998583
0.0965945
0.0929277
0.0888846
0.0844935
0.079784
0.0747868
0.0695334
0.064056
0.0583873
0.0525604
0.0466085
0.0405645
0.0344612
0.0283306
0.0222044
0.0161134
0.0100879
0.00415709
-0.00165135
-0.00731135
-0.0127986
-0.0180905
-0.0231658
-0.0280049
-0.0325895
-0.0369034
-0.0409321
-0.0446637
-0.0480879
-0.0511967
-0.053984
-0.0564453
-0.0585782
-0.0603819
-0.0618577
-0.0630087
-0.0638392
-0.0643555
-0.0645649
-0.0644767
-0.0641012
-0.0634502
-0.0625366
-0.0613738
-0.0599762
-0.0583587
-0.056537
-0.0545279
-0.0523485
-0.0500166
-0.0475499
-0.044966
-0.0422822
-0.0395157
-0.0366833
-0.0338018
-0.0308877
-0.027957
-0.0250253
-0.0220839
-0.0191269
-0.01619
-0.0133075
-0.0105115
-0.0078314
-0.00529377
-0.00292207
-0.000736762
0.00124474
0.00300831
0.00454323
0.00584238
0.00690213
0.00772216
0.00830524
0.00865699
0.00878576
0.00870246
0.0084204
0.00795496
0.00732329
0.00654395
0.00563659
0.00462175
0.00352055
0.0023544
0.00114463
-8.77276e-05
-0.00132221
-0.00253911
-0.00371966
-0.00484628
-0.00590278
-0.00687454
-0.00774853
-0.0085133
-0.0091589
-0.00967696
-0.0100608
-0.0103056
-0.0104081
-0.0103671
-0.0101823
-0.00985485
-0.00938725
-0.00878314
-0.00804754
-0.00718659
-0.00620721
-0.00511675
-0.00392291
-0.00263381
-0.00125823
0.000194349
0.00171409
0.00329129
0.00491687
0.00658243
0.00827998
0.0100014
0.0117384
0.0134826
0.0152262
0.0169626
0.0186864
0.0203933
0.0220788
0.0237384
0.025367
0.0269597
0.0285122
0.030021
0.031483
0.0328956
0.0342556
0.0355596
0.036804
0.0379855
0.0391006
0.0401458
0.0411171
0.0420102
0.0428206
0.0435445
0.0441785
0.0447195
0.0451642
0.0455125
0.0457637
0.0459308
0.0460275
0.0460497
0.0459942
0.0458423
0.0456056
0.0452795
0.0448593
0.04434
0.0437053
0.0429628
0.042108
0.0411365
0.0400436
0.0388196
0.0374667
0.0359828
0.0343668
0.032618
0.0307401
0.0287275
0.0265796
0.0242963
0.0218791
0.0193476
0.0166885
0.0139062
0.0110052
0.00799044
0.00489912
0.00170805
-0.00157389
-0.00493678
-0.00836999
-0.0118176
-0.0153122
-0.0188411
-0.0223902
-0.0259442
-0.0294311
-0.0328898
-0.0363034
-0.0396546
-0.0429252
-0.0460348
-0.0490247
-0.0518745
-0.0545638
-0.0570723
-0.0593216
-0.0613495
-0.0631363
-0.0646623
-0.0659078
-0.0668091
-0.0673924
-0.0676406
-0.0675378
-0.0670699
-0.0662044
-0.0649495
-0.0632955
-0.0612343
-0.0587591
-0.055881
-0.0525816
-0.0488605
-0.0447194
-0.040162
-0.0352525
-0.0299404
-0.0242358
-0.0181516
-0.0117041
-0.00501547
0.00199481
0.00930216
0.0168798
0.0246991
0.0325872
0.0406537
0.0488644
0.057183
0.0655709
0.0738191
0.0820534
0.09023
0.0983041
0.106239
0.113825
0.121194
0.128305
0.135116
0.141582
0.147502
0.152988
0.157999
0.162495
0.166437
0.169675
0.172288
0.174242
0.175501
0.176037
0.17577
0.174726
0.172881
0.170218
0.166721
0.162416
0.15726
0.151252
0.144394
0.136692
0.128282
0.119048
0.109006
0.0981785
0.0865941
0.0745038
0.0617296
0.0483132
0.034299
0.0197345
0.0049585
-0.010261
-0.0258634
-0.0417836
-0.0579526
-0.0739702
-0.090092
-0.106243
-0.122347
-0.138324
-0.153764
-0.16892
-0.18371
-0.198053
-0.21187
-0.224789
-0.23702
-0.248487
-0.259116
-0.268835
-0.277373
-0.28487
-0.291266
-0.296503
-0.300528
-0.303211
-0.304596
-0.304649
-0.303344
-0.300657
-0.296633
-0.291204
-0.28437
-0.276138
-0.266521
-0.255741
-0.243624
-0.230204
-0.215525
-0.199635
-0.182926
-0.165129
-0.146314
-0.126553
-0.105929
-0.0849529
-0.0632896
-0.041036
-0.0182935
0.00483253
0.0277634
0.0508626
0.0740203
0.0971247
0.120062
0.142257
0.164055
0.185343
0.206008
0.225942
0.244655
0.262434
0.279184
0.294813
0.309234
0.3221
0.3336
0.343666
0.352237
0.359259
0.364584
0.368279
0.370317
0.370678
0.36935
0.3664
0.361765
0.35546
0.347506
0.337935
0.327022
0.31458
0.300667
0.285346
0.26869
0.251148
0.23243
0.212624
0.191825
0.170138
0.14813
0.125452
0.102219
0.0785447
0.0545475
0.0308357
0.00703782
-0.0167281
-0.0403456
-0.0637007
-0.0862256
-0.10827
-0.129729
-0.150499
-0.170478
-0.189201
-0.206949
-0.22364
-0.239203
-0.253572
-0.266449
-0.278019
-0.288235
-0.297059
-0.30446
-0.310332
-0.314744
-0.317686
-0.319161
-0.319178
-0.31783
-0.315076
-0.310953
-0.305502
-0.298769
-0.291009
-0.28207
-0.272013
-0.260911
-0.248842
-0.236191
-0.222739
-0.20857
-0.193767
-0.178418
-0.162963
-0.147139
-0.131038
-0.114753
-0.0983746
-0.0823438
-0.0663961
-0.0506141
-0.0350769
-0.0198592
-0.0053338
0.00873373
0.022278
0.0352355
0.047546
0.0589385
0.0695854
0.0794514
0.0885093
0.0967379
0.104006
0.11041
0.115939
0.120583
0.124342
0.127219
0.129236
0.130415
0.130782
0.130368
0.129291
0.127499
0.125029
0.121922
0.118222
0.11413
0.109548
0.104534
0.0991432
0.093434
0.0876411
0.081636
0.0754703
0.0691971
0.0628716
0.0567245
0.0506349
0.0446527
0.0388225
0.0331841
0.0279117
0.0229019
0.0181875
0.0137991
0.00976378
0.00618325
0.00299721
0.000220272
-0.00213644
-0.00406582
-0.00555454
-0.00661711
-0.00726194
-0.0075009
-0.00734732
-0.006867
-0.00602262
-0.00483219
-0.00331929
-0.00151361
0.00045167
0.00264016
0.00501758
0.00755155
0.0102107
0.0128411
0.0155296
0.0182382
0.0209265
0.0235542
0.0259671
0.0282464
0.0303601
0.0322779
0.0339704
0.0353253
0.0363997
0.0371682
0.0376067
0.0376933
0.0373767
0.036674
0.0355746
0.0340729
0.0321668
0.0298876
0.0272072
0.0241289
0.0206577
0.0168014
0.0126642
0.00816927
0.00333688
-0.00180906
-0.00724208
-0.0127913
-0.0185719
-0.0245554
-0.0307124
-0.0370115
-0.0432456
-0.0495508
-0.0558876
-0.0622153
-0.0684939
-0.0745089
-0.0804027
-0.0861422
-0.0916928
-0.097018
-0.101925
-0.106531
-0.110801
-0.114703
-0.11821
-0.121192
-0.123732
-0.12581
-0.127406
-0.128503
-0.129045
-0.129068
-0.128565
-0.12753
-0.125961
-0.123884
-0.121275
-0.118147
-0.114513
-0.110392
-0.105896
-0.100944
-0.0955521
-0.0897391
-0.0835312
-0.0771132
-0.0703706
-0.0633412
-0.0560609
-0.0485625
-0.0410652
-0.0334141
-0.0256453
-0.0177984
-0.00991492
-0.00223524
0.00540183
0.0129594
0.0204011
0.0276908
0.0346061
0.0413012
0.0477465
0.0539145
0.0597791
0.0651614
0.0701871
0.0748302
0.0790679
0.0828829
0.0861619
0.0889989
0.091388
0.0933221
0.0947932
0.0957515
0.0962349
0.0962441
0.0957848
0.0948673
0.0935211
0.0917413
0.0895404
0.0869314
0.0839289
0.0806201
0.0769535
0.0729498
0.0686318
0.0640234
0.0592614
0.0542593
0.0490427
0.0436373
0.0380678
0.0324957
0.0268072
0.0210259
0.0151766
0.00928528
0.00352538
-0.00222488
-0.00794231
-0.0136064
-0.0191991
-0.0245619
-0.0298204
-0.0349569
-0.039953
-0.0447901
-0.0493267
-0.0536746
-0.0578241
-0.0617682
-0.0655008
-0.0689156
-0.0721054
-0.0750632
-0.0777836
-0.0802633
-0.0824304
-0.084355
-0.0860371
-0.0874769
-0.0886754
-0.0895955
-0.0902807
-0.0907219
-0.0908842
-0.0907689
-0.09037
-0.0897027
-0.0887753
-0.0875991
-0.0861871
-0.0845692
-0.0827383
-0.0807026
-0.0784705
-0.0760528
-0.0735041
-0.0708018
-0.0679645
-0.065009
-0.0619486
-0.0588521
-0.0556714
-0.0524192
-0.0491102
-0.0457603
-0.0424542
-0.0391323
-0.0358053
-0.0324845
-0.0291825
-0.0259905
-0.0228436
-0.0197546
-0.0167334
-0.0137878
-0.0110025
-0.00830569
-0.00570853
-0.00322355
-0.000862512
0.00129356
0.00331424
0.0051955
0.0069341
0.00852662
0.00990842
0.0111416
0.0122244
0.0131567
0.0139393
0.0145276
0.0149744
0.015283
0.0154579
0.0155047
0.0153996
0.0151832
0.0148628
0.0144461
0.0139413
0.0133424
0.0126771
0.0119565
0.0111916
0.010393
0.00956724
0.00872837
0.00788648
0.00705175
0.00623413
0.00544615
0.00469201
0.00397861
0.00331182
0.00269667
0.00214304
0.00164752
0.00121258
0.000839356
0.000527678
0.000280434
8.92479e-05
-4.93638e-05
-0.000139974
-0.000188246
-0.000199126
-0.000183003
-0.000147961
-0.000102716
-5.65291e-05
-1.9046e-05
-5.49915e-07
0
0
0
0
0
0
0
0
0
0
0
0
0
0
0
0
0
0
0
0
0
0
0
0
0
0
0
0
0
0
0
0
0
0
0
0
0
0
0
0
0
0
0
0
0
0
0
0
0
0
0
0
0
0
0
0
0
0
0
0
0
0
0
0
0
0
0
0
0
0
0
0
0
0
0
0
0
0
0
0
0
0
0
0
0
0
0
0
0
0
0
0
0
0
0
0
0
0
0
0
0
0
0
0
0
0
0
0
0
0
0
0
0
0
0
0
0
0
0
0
0
0
0
0
0
0
0
0
0
0
0
0
0
0
0
0
0
0
0
0
0
0
0
0
0
0
0
0
0
0
0
0
0
0
0
0
0
0
0
0
0
0
0
0
0
0
0
0
0
0
0
0
0
0
0
0
0
0
0
0
0
0
0
0
0
0
0
0
0
0
0
0
0
0
0
0
0
0
0
0
0
0
0
0
0
0
0
0
0
0
0
0
0
0
0
0
0
0
0
0
0
0
0
0
0
0
0
0
0
0
0
0
0
0
0
0
0
0
0
0
0
0
0
0
0
0
0
0
0
0
0
0
0
0
0
0
0
0
0
0
0
0
0
0
0
0
0
0
0
0
0
0
0
0
0
0
0
0
0
0
0
0
0
0
0
0
0
0
0
0
0
0
0
0
0
0
0
0
0
0
0
0
0
0
0
0
0
0
0
0
0
0
0
0
0
0
0
0
0
0
0
0
