-1.4023e-05
-1.59028e-05
-8.83527e-06
1.24325e-05
5.36396e-05
0.000121013
0.000221245
0.000361452
0.000549115
0.00079202
0.0010982
0.00147589
0.00193347
0.00247941
0.00312218
0.00387023
0.00473184
0.00571498
0.00682712
0.00807493
0.00946419
0.0109997
0.0126854
0.0145241
0.0165178
0.0186672
0.020971
0.023426
0.0260269
0.0287664
0.0316356
0.034624
0.0377196
0.040908
0.0441731
0.0474961
0.0508567
0.0542329
0.0576015
0.0609377
0.0642143
0.0674014
0.0704669
0.0733769
0.0760975
0.0785954
0.0808384
0.0827952
0.0844348
0.0857265
0.0866404
0.0871486
0.0872253
0.0868477
0.085995
0.0846487
0.0827919
0.0804107
0.0774953
0.0740405
0.0700464
0.065517
0.0604602
0.054887
0.0488115
0.0422525
0.0352334
0.0277829
0.0199344
0.0117247
0.00319431
-0.00561331
-0.0146508
-0.0238671
-0.0332075
-0.0426149
-0.0520302
-0.061393
-0.0706419
-0.0797142
-0.0885472
-0.0970784
-0.105248
-0.112997
-0.120273
-0.127023
-0.133195
-0.138739
-0.143647
-0.147929
-0.151552
-0.15449
-0.156716
-0.158212
-0.158958
-0.158939
-0.158141
-0.156555
-0.154175
-0.150998
-0.147027
-0.142264
-0.136721
-0.13041
-0.123352
-0.115572
-0.1071
-0.0979659
-0.088205
-0.077852
-0.0669443
-0.0555225
-0.0436297
-0.0313117
-0.0186163
-0.00559209
0.0077107
0.0212401
0.0349421
0.0487603
0.062637
0.0765139
0.0903329
0.104037
0.117568
0.13087
0.143887
0.156565
0.168851
0.180697
0.192055
0.202879
0.213125
0.22275
0.231713
0.239976
0.247504
0.254266
0.260231
0.265372
0.269665
0.273085
0.275614
0.277236
0.27794
0.277716
0.276561
0.274473
0.271455
0.267513
0.262658
0.256902
0.250264
0.242762
0.234419
0.225259
0.21531
0.204605
0.193178
0.181068
0.168314
0.15496
0.141049
0.126626
0.111741
0.0964421
0.080783
0.0648176
0.0486026
0.0321968
0.0156608
-0.000943202
-0.0175529
-0.0341059
-0.0505401
-0.0667936
-0.0828039
-0.098508
-0.113843
-0.128746
-0.143158
-0.15702
-0.170277
-0.182879
-0.194775
-0.205919
-0.216266
-0.225772
-0.234398
-0.242105
-0.248857
-0.254622
-0.259369
-0.263071
-0.265705
-0.267251
-0.267694
-0.267021
-0.265223
-0.262296
-0.25824
-0.253059
-0.246763
-0.239367
-0.230889
-0.221354
-0.21079
-0.199231
-0.186717
-0.173291
-0.159003
-0.143905
-0.128054
-0.11151
-0.0943349
-0.076595
-0.0583601
-0.0397032
-0.0207004
-0.00142937
0.0180305
0.0375992
0.0571961
0.0767405
0.0961511
0.115346
0.134243
0.152758
0.170807
0.188305
0.205169
0.221317
0.236671
0.251156
0.264702
0.277239
0.288702
0.299025
0.30815
0.31602
0.322584
0.327799
0.331625
0.334033
0.334995
0.334496
0.332522
0.329068
0.324138
0.317738
0.309886
0.300603
0.28992
0.277875
0.264515
0.249893
0.234068
0.217107
0.199081
0.180065
0.160141
0.139394
0.117916
0.0957993
0.0731439
0.0500519
0.0266294
0.0029849
-0.0207714
-0.0445288
-0.0681773
-0.0916077
-0.114712
-0.137383
-0.159516
-0.181005
-0.201749
-0.221648
-0.240607
-0.258535
-0.275343
-0.290951
-0.305283
-0.318269
-0.329848
-0.339962
-0.348563
-0.35561
-0.361068
-0.364908
-0.367109
-0.367661
-0.366557
-0.363802
-0.359407
-0.353392
-0.345785
-0.336623
-0.325949
-0.313816
-0.300283
-0.285413
-0.269278
-0.251956
-0.233532
-0.214097
-0.193749
-0.172591
-0.150729
-0.128269
-0.10532
-0.0819923
-0.0583984
-0.0346531
-0.0108736
0.0128218
0.0363143
0.0594869
0.0822243
0.104414
0.125946
0.146715
0.166619
0.18556
0.203448
0.220198
0.235729
0.249969
0.262851
0.274316
0.284309
0.292786
0.299708
0.305046
0.308776
0.310886
0.311368
0.310226
0.307471
0.303122
0.297205
0.289756
0.280817
0.270439
0.258679
0.245602
0.23128
0.215789
0.199215
0.181646
0.16318
0.143913
0.12395
0.103396
0.0823554
0.0609367
0.0392473
0.0173952
-0.00451112
-0.0263632
-0.0480525
-0.0694716
-0.0905146
-0.111078
-0.131063
-0.150371
-0.168913
-0.186599
-0.20335
-0.219086
-0.233739
-0.247245
-0.259548
-0.270602
-0.280367
-0.288814
-0.295921
-0.301674
-0.306067
-0.3091
-0.310782
-0.311126
-0.310156
-0.3079
-0.304392
-0.299675
-0.293795
-0.286804
-0.278759
-0.26972
-0.259754
-0.248929
-0.237317
-0.224996
-0.212042
-0.198537
-0.184559
-0.170193
-0.15552
-0.140622
-0.125582
-0.11048
-0.0953961
-0.080406
-0.0655847
-0.0510047
-0.0367358
-0.0228448
-0.00939497
0.00355506
0.0159513
0.0277449
0.0388915
0.0493512
0.0590885
0.0680727
0.0762778
0.0836833
0.0902745
0.0960419
0.100981
0.105091
0.108377
0.110848
0.112516
0.113399
0.113516
0.112894
0.111559
0.109542
0.106876
0.103597
0.0997433
0.0953555
0.0904753
0.0851452
0.0794087
0.0733099
0.0668934
0.0602038
0.0532859
0.0461835
0.0389394
0.0315951
0.024191
0.0167665
0.00935931
0.00200551
-0.00526126
-0.0124101
-0.0194127
-0.0262435
-0.0328789
-0.0392975
-0.0454802
-0.0514101
-0.0570732
-0.0624581
-0.0675561
-0.0723603
-0.0768659
-0.0810698
-0.084971
-0.0885705
-0.0918712
-0.094878
-0.0975969
-0.100035
-0.102201
-0.104105
-0.105756
-0.107166
-0.108347
-0.109312
-0.110073
-0.110643
-0.111035
-0.11126
-0.111332
-0.111261
-0.111058
-0.110735
-0.110302
-0.109768
-0.109141
-0.108431
-0.107643
-0.106784
-0.105857
-0.104866
-0.103816
-0.102711
-0.101553
-0.100345
-0.099087
-0.0977795
-0.0964209
-0.0950095
-0.0935438
-0.0920227
-0.0904452
-0.0888103
-0.0871165
-0.0853623
-0.0835458
-0.0816651
-0.0797188
-0.0777058
-0.0756258
-0.0734798
-0.0712694
-0.0689972
-0.066666
-0.0642789
-0.0618394
-0.0593516
-0.0568211
-0.0542552
-0.0516625
-0.0490526
-0.0464356
-0.0438213
-0.0412194
-0.0386402
-0.0360949
-0.0335961
-0.031157
-0.0287909
-0.0265109
-0.0243296
-0.0222594
-0.0203131
-0.0185037
-0.0168443
-0.0153469
-0.0140228
-0.012882
-0.0119337
-0.0111872
-0.0106517
-0.0103359
-0.0102465
-0.010388
-0.0107625
-0.0113707
-0.0122126
-0.0132885
-0.0145987
-0.0161422
-0.0179156
-0.0199125
-0.0221233
-0.0245367
-0.0271409
-0.0299238
-0.0328734
-0.0359768
-0.0392197
-0.0425863
-0.0460594
-0.0496211
-0.0532526
-0.0569347
-0.0606472
-0.0643694
-0.0680804
-0.0717595
-0.0753874
-0.0789451
-0.0824145
-0.0857766
-0.0890123
-0.0921023
-0.0950283
-0.0977738
-0.100324
-0.102668
-0.104792
-0.106686
-0.10834
-0.109744
-0.110891
-0.111774
-0.11239
-0.112737
-0.112813
-0.112618
-0.112152
-0.111421
-0.110429
-0.109184
-0.107695
-0.105969
-0.104016
-0.101846
-0.099471
-0.0969054
-0.0941651
-0.0912669
-0.088228
-0.0850653
-0.0817954
-0.0784353
-0.0750026
-0.0715151
-0.0679912
-0.0644492
-0.0609069
-0.0573818
-0.0538917
-0.0504539
-0.0470859
-0.0438042
-0.0406247
-0.0375618
-0.0346291
-0.0318392
-0.0292042
-0.0267354
-0.0244431
-0.0223366
-0.0204238
-0.0187114
-0.0172048
-0.0159082
-0.0148245
-0.0139553
-0.0133013
-0.0128617
-0.012635
-0.0126184
-0.012808
-0.0131983
-0.0137824
-0.0145524
-0.0154996
-0.0166152
-0.0178902
-0.0193155
-0.0208811
-0.0225759
-0.0243881
-0.0263047
-0.0283117
-0.0303822
-0.0324968
-0.0346393
-0.0367937
-0.0389441
-0.0410748
-0.0431704
-0.0452158
-0.0471959
-0.0490963
-0.0509029
-0.0526033
-0.0541865
-0.0556436
-0.0569675
-0.0581519
-0.0591912
-0.0600804
-0.060815
-0.0613922
-0.0618108
-0.0620714
-0.062176
-0.0621272
-0.0619283
-0.0615828
-0.0610955
-0.0604721
-0.059719
-0.0588438
-0.0578538
-0.056757
-0.0555615
-0.0542763
-0.0529108
-0.0514749
-0.0499779
-0.0484285
-0.0468344
-0.0452028
-0.0435413
-0.0418578
-0.0401606
-0.0384577
-0.036756
-0.0350614
-0.0333788
-0.0317128
-0.0300678
-0.0284484
-0.026859
-0.0253033
-0.0237844
-0.0223044
-0.0208655
-0.0194695
-0.0181183
-0.0168139
-0.0155577
-0.0143505
-0.0131931
-0.0120859
-0.0110296
-0.0100249
-0.00907242
-0.00817254
-0.00732528
-0.00653033
-0.00578724
-0.00509559
-0.00445495
-0.0038648
-0.0033244
-0.00283268
-0.00238831
-0.00198974
-0.00163531
-0.00132322
-0.00105152
-0.000818041
-0.000620397
-0.000456017
-0.000322204
-0.000216171
-0.000135064
-7.59684e-05
-3.59328e-05
-1.20057e-05
-1.28789e-06
-0
-0
-0
-0
-0
-0
-0
-0
-0
-0
-0
-0
-0
-0
-0
-0
-0
-0
-0
-0
-0
-0
-0
-0
-0
-0
-0
-0
-0
-0
-0
-0
-0
-0
-0
-0
-0
-0
-0
-0
-0
-0
-0
-0
-0
-0
-0
-0
-0
-0
-0
-0
-0
-0
-0
-0
-0
-0
-0
-0
-0
-0
-0
-0
-0
-0
-0
-0
-0
-0
-0
-0
-0
-0
-0
-0
-0
-0
-0
-0
-0
-0
-0
-0
-0
-0
-0
-0
-0
-0
-0
-0
-0
-0
-0
0
0
0
0
0
0
0
0
0
0
0
0
0
0
0
0
0
0
0
0
0
0
0
0
0
0
0
0
0
0
0
0
0
0
0
0
0
0
0
0
0
0
-0
-0
-0
-0
-0
-0
-0
-0
-0
-0
-0
-0
-0
-0
-0
-0
-0
-0
-0
-0
-0
-0
-0
-0
-0
-0
-0
-0
-0
-0
-0
-0
-0
-0
-0
-0
0
0
0
0
0
0
0
0
0
0
0
0
0
0
0
0
0
0
0
0
0
0
0
0
0
0
0
0
0
0
0
0
0
0
0
0
0
0
0
0
0
0
0
0
0
0
0
0
0
0
0
0
0
0
0
0
0
0
0
0
0
0
0
0
0
0
0
0
0
0
0
0
0
0
0
0
0
0
0
0
0
0
0
0
0
0
0
0
0
0
0
0
0
0
0
0
0
0
0
0
0
0
0
0
0
0
0
0
0
0
0
0
0
0
0
0
0
0
0
0
0
0
0
0
0
0
0
0
0
0
0
0
0
0
0
0
0
0
0
0
0
0
0
0
0
0
0
0
0
0
0
0
0
0
0
0
0
0
0
0
6.3539e-07
5.52951e-06
1.55298e-05
3.0952e-05
5.20943e-05
7.92325e-05
0.000112614
0.000152453
0.000198925
0.000252165
0.000312259
0.00037925
0.000453129
0.000533839
0.000621276
0.000715285
0.000815662
0.00092214
0.0010344
0.00115206
0.00127469
0.00140185
0.00153305
0.0016678
0.00180555
0.00194575
0.00208778
0.00223105
0.00237493
0.00251885
0.00266226
0.00280466
0.00294553
0.0030844
0.00322077
0.0033542
0.00348427
0.00361063
0.00373298
0.00385108
0.00396471
0.00407375
0.00417808
0.00427769
0.00437256
0.00446269
0.0045481
0.00462879
0.00470485
0.00477648
0.00484405
0.00490801
0.00496892
0.00502731
0.00508363
0.00513825
0.00519152
0.00524383
0.00529567
0.00534764
0.00540037
0.00545447
0.00551053
0.00556903
0.00563041
0.005695
0.00576311
0.00583498
0.00591085
0.0059909
0.00607525
0.00616402
0.00625729
0.0063551
0.00645742
0.00656406
0.00667477
0.00678919
0.00690696
0.00702766
0.00715082
0.00727593
0.00740242
0.0075296
0.0076567
0.00778289
0.00790732
0.00802916
0.0081476
0.00826183
0.00837223
0.00848196
0.00859087
0.00869843
0.00880392
0.0089069
0.00900689
0.00910345
0.00919627
0.00928483
0.009369
0.00944839
0.0095225
0.00959083
0.00965264
0.00970788
0.00975632
0.00979781
0.00983225
0.00985917
0.00987894
0.00989156
0.00989713
0.00989571
0.00988697
0.00987124
0.00984847
0.00981861
0.00978177
0.00973784
0.00968753
0.0096312
0.00956911
0.0095014
0.00942797
0.00934926
0.0092657
0.0091779
0.00908656
0.00899226
0.00889533
0.00879593
0.00869413
0.00859012
0.00848465
0.00837797
0.0082707
0.00816338
0.00805631
0.00795038
0.00784497
0.00774025
0.0076365
0.00753404
0.00743427
0.00733623
0.00724001
0.0071457
0.00705352
0.00696528
0.00687985
0.00679758
0.00671865
0.00664316
0.00657291
0.00650633
0.00644368
0.00638524
0.00633126
0.00628351
0.00624023
0.00620134
0.00616687
0.006137
0.00611351
0.0060954
0.00608301
0.00607648
0.00607585
0.00608183
0.00609371
0.00611163
0.00613582
0.00616658
0.00620392
0.00624823
0.00629962
0.00635817
0.00642392
0.00649534
0.00657377
0.00665898
0.00675073
0.00684885
0.00695039
0.00705822
0.00717234
0.00729266
0.00741885
0.00754621
0.00767831
0.00781451
0.00795418
0.00809682
0.00823668
0.00837854
0.00852185
0.00866597
0.00881011
0.00894763
0.00908342
0.00921657
0.00934617
0.00947132
0.00958563
0.00969379
0.00979486
0.00988784
0.00997159
0.0100406
0.0100979
0.0101425
0.0101732
0.0101892
0.0101872
0.0101684
0.0101318
0.0100762
0.0100008
0.00990579
0.00978954
0.00965164
0.00949169
0.00930932
0.00910888
0.00888561
0.00863959
0.00837109
0.00808053
0.00777687
0.00745211
0.00710677
0.00674144
0.00635691
0.00596611
0.00555832
0.0051349
0.00469736
0.00424734
0.00380096
0.0033458
0.00288398
0.00241782
0.00194976
0.00149744
0.00104819
0.000604565
0.00016926
-0.000254848
-0.000650847
-0.00102967
-0.0013884
-0.00172427
-0.00203465
-0.00230667
-0.00254833
-0.00275728
-0.00293115
-0.00306765
-0.00315989
-0.00321051
-0.00321765
-0.00317965
-0.00309501
-0.00296519
-0.0027864
-0.00255781
-0.00227885
-0.00194923
-0.00158005
-0.00116067
-0.000691861
-0.000174748
0.00038925
0.000979326
0.00161272
0.0022873
0.00300059
0.00374981
0.00450608
0.00529191
0.00610378
0.00693799
0.0077905
0.00862713
0.00947309
0.0103235
0.0111733
0.0120175
0.012821
0.0136096
0.0143788
0.0151239
0.0158395
0.0164936
0.0171072
0.017675
0.018192
0.0186539
0.0190376
0.0193583
0.0196122
0.0197954
0.0199041
0.0199271
0.0198691
0.0197277
0.019501
0.0191874
0.0187921
0.0183081
0.0177352
0.0170734
0.0163237
0.0155076
0.0146065
0.0136225
0.0125583
0.0114171
0.0102363
0.00898644
0.00767237
0.00629917
0.0048723
0.00344095
0.0019675
0.000458227
-0.00108014
-0.00264044
-0.00416664
-0.00569972
-0.00723198
-0.00875565
-0.0102629
-0.011698
-0.0131012
-0.0144645
-0.0157804
-0.0170412
-0.018199
-0.0192872
-0.0202988
-0.0212273
-0.0220667
-0.0227837
-0.0234007
-0.023913
-0.0243162
-0.0246065
-0.0247707
-0.0248159
-0.0247402
-0.0245421
-0.024221
-0.0237868
-0.02323
-0.0225518
-0.0217539
-0.0208389
-0.0198396
-0.0187295
-0.0175125
-0.016193
-0.0147759
-0.0133139
-0.0117658
-0.0101383
-0.00843861
-0.00667434
-0.00491281
-0.0031031
-0.00125394
0.000625478
0.00252558
0.00437211
0.00621986
0.00805912
0.00988013
0.0116731
0.0133662
0.0150118
0.0166003
0.0181227
0.0195704
0.0208838
0.0221067
0.0232318
0.0242519
0.0251602
0.0259159
0.0265477
0.0270505
0.0274204
0.027654
0.0277366
0.0276786
0.0274791
0.0271377
0.0266549
0.0260437
0.0252939
0.024408
0.023389
0.0222404
0.0210018
0.0196431
0.0181702
0.0165896
0.0149081
0.0131876
0.0113813
0.00949715
0.00754373
0.00553005
0.00353311
0.00149447
-0.000576542
-0.00267051
-0.00477786
-0.0068159
-0.00884781
-0.0108637
-0.0128535
-0.0148074
-0.0166463
-0.0184306
-0.0201517
-0.0218014
-0.0233717
-0.0247975
-0.0261299
-0.0273626
-0.0284897
-0.0295057
-0.0303662
-0.031106
-0.0317211
-0.0322084
-0.0325654
-0.0327742
-0.0328497
-0.0327913
-0.032599
-0.0322736
-0.0318254
-0.0312477
-0.0305433
-0.0297155
-0.0287684
-0.0277392
-0.0265996
-0.0253548
-0.0240105
-0.0225728
-0.0211013
-0.01955
-0.0179257
-0.0162358
-0.0144879
-0.0127567
-0.0109835
-0.00917658
-0.00734429
-0.00549513
-0.00371018
-0.00192517
-0.000148412
0.00161174
0.00334705
0.00497934
0.00657128
0.00811567
0.00960549
0.0110338
0.0123342
0.01356
0.0147055
0.0157654
0.016735
0.0175671
0.0183014
0.0189349
0.0194647
0.0198886
0.0201831
0.0203687
0.0204447
0.0204111
0.0202686
0.0200197
0.0196645
0.0192051
0.018644
0.0179842
0.0172531
0.0164305
0.0155204
0.0145276
0.013457
0.0123574
0.0111916
0.00996558
0.00868534
0.00735692
0.00604302
0.00469279
0.00331229
0.00190788
0.000486138
-0.000882486
-0.00225553
-0.00362691
-0.00499075
-0.00634133
-0.00760939
-0.00885342
-0.0100683
-0.0112492
-0.0123912
-0.0134331
-0.0144273
-0.01537
-0.0162574
-0.017086
-0.0178088
-0.0184673
-0.0190592
-0.0195824
-0.0200349
-0.020388
-0.0206673
-0.020872
-0.0210016
-0.0210562
-0.0210282
-0.0209264
-0.020752
-0.0205063
-0.0201912
-0.0198194
-0.0193825
-0.0188832
-0.0183242
-0.0177084
-0.017066
-0.0163725
-0.015631
-0.0148449
-0.0140179
-0.0131938
-0.0123363
-0.0114491
-0.0105356
-0.00959966
-0.00869254
-0.00776988
-0.00683517
-0.00589199
-0.00494403
-0.00404498
-0.00314864
-0.00225875
-0.00137906
-0.000513186
0.000288968
0.00107103
0.0018303
0.00256407
0.00326956
0.00390545
0.00450761
0.00507367
0.00560163
0.00608994
0.00651042
0.00688928
0.00722579
0.00751914
0.00776849
0.00795932
0.00810476
0.00820455
0.00825878
0.00826787
0.00823236
0.00815332
0.00803181
0.00786902
0.00766625
0.00743673
0.00716966
0.00686625
0.0065279
0.0061563
0.00577486
0.0053641
0.0049261
0.00446306
0.00397714
0.00349793
0.00299981
0.00248473
0.00195487
0.00141256
0.000889786
0.000358885
-0.000178277
-0.000719852
-0.00126392
-0.00178031
-0.0022953
-0.00280696
-0.0033134
-0.0038128
-0.00427987
-0.00473691
-0.00518258
-0.00561537
-0.00603361
-0.00641841
-0.00678517
-0.0071324
-0.0074588
-0.00776338
-0.00803573
-0.00828511
-0.00851129
-0.00871416
-0.00889367
-0.00904703
-0.00917653
-0.00928177
-0.00936249
-0.00941863
-0.00945358
-0.00946457
-0.00945228
-0.00941764
-0.00936175
-0.00929258
-0.0092041
-0.0090973
-0.00897343
-0.00883402
-0.00868902
-0.00853131
-0.00835915
-0.0081717
-0.00797057
-0.00776514
-0.0075494
-0.00732512
-0.00709426
-0.00685876
-0.00662552
-0.00639039
-0.00615429
-0.00591816
-0.00568308
-0.00545226
-0.00522464
-0.00500113
-0.00478254
-0.00456954
-0.00436173
-0.00416025
-0.00396522
-0.00377666
-0.00359456
-0.00341614
-0.00324411
-0.00307834
-0.00291862
-0.00276467
-0.00261309
-0.00246685
-0.00232565
-0.00218916
-0.00205711
-0.00192733
-0.00180218
-0.00168187
-0.00156645
-0.00145574
-0.00134931
-0.00124712
-0.00114901
-0.00105476
-0.000964216
-0.000879337
-0.000798206
-0.000721039
-0.000647914
-0.000578781
-0.000517239
-0.000459389
-0.000405242
-0.000354662
-0.000307387
-0.000267575
-0.000230229
-0.0001953
-0.000162792
-0.000132744
-0.00010946
-8.82978e-05
-6.92892e-05
-5.2366e-05
-3.7393e-05
-2.75267e-05
-1.8885e-05
-1.14078e-05
-5.04551e-06
2.6015e-07
2.52656e-06
4.28114e-06
5.59126e-06
6.50621e-06
7.06211e-06
6.34833e-06
5.60264e-06
4.86368e-06
4.15876e-06
3.50249e-06
2.64912e-06
1.94863e-06
1.38654e-06
9.4239e-07
5.98444e-07
3.42157e-07
1.69969e-07
6.8302e-08
1.80182e-08
