0
0
0
0
0
0
0
0
0
0
0
0
0
0
0
0
0
0
0
0
0
0
0
0
0
0
0
0
0
0
0
0
0
0
0
0
0
0
0
0
-0
-0
-0
-0
-0
-0
-0
-0
-0
-0
-0
-0
-0
-0
-0
-0
-0
-0
-0
-0
-0
-0
-0
-0
-0
-0
-0
-0
-0
-0
-0
-0
-0
-0
-0
-0
-0
-0
-0
-0
-0
-0
-0
-0
-0
-0
0
0
0
0
0
0
0
0
0
0
0
0
0
0
0
0
0
0
0
0
0
0
0
0
0
0
0
0
0
0
0
0
0
0
0
0
0
0
0
0
0
0
0
-0
-0
-0
-0
-0
-0
-0
-0
-0
-0
-0
-0
-0
-0
-0
-0
-0
-0
-0
-0
-0
-0
-0
-0
-0
-0
-0
-0
-0
-0
-0
-0
-0
-0
-0
-0
-0
-0
-0
-0
-0
-0
-0
-0
-0
0
0
0
0
0
0
0
0
0
0
0
0
0
0
0
0
0
0
0
0
0
0
0
0
0
0
0
0
0
0
0
0
0
0
0
0
0
0
0
0
0
0
-0
-0
-0
-0
-0
-0
-0
-0
-0
-0
-0
-0
-0
-0
-0
-0
-0
-0
-0
-0
-5.93936e-06
-2.17443e-05
-4.28205e-05
-6.39978e-05
-7.97114e-05
-8.41764e-05
-7.15558e-05
-3.61263e-05
2.75475e-05
0.000124424
0.000258788
0.000434075
0.000652719
0.000916056
0.00122424
0.00157619
0.00196949
0.0024004
0.00286377
0.00335307
0.00386038
0.00437641
0.00489052
0.00539084
0.00586448
0.00629784
0.00667699
0.00698796
0.00721681
0.00734961
0.0073724
0.0072713
0.0070328
0.00664428
0.00609448
0.00537373
0.00447397
0.00338873
0.00211309
0.000643966
-0.00101953
-0.00287571
-0.00492024
-0.00714628
-0.00954475
-0.0121045
-0.0148123
-0.0176524
-0.0206065
-0.0236541
-0.0267727
-0.0299384
-0.0331269
-0.0363128
-0.0394701
-0.0425723
-0.0455922
-0.0485029
-0.0512782
-0.0538922
-0.0563201
-0.0585373
-0.0605198
-0.0622449
-0.0636923
-0.064845
-0.0656891
-0.0662138
-0.0664101
-0.0662703
-0.065788
-0.0649592
-0.0637835
-0.0622651
-0.0604121
-0.0582367
-0.0557532
-0.0529776
-0.0499276
-0.0466224
-0.0430836
-0.039335
-0.0354021
-0.0313118
-0.0270916
-0.0227691
-0.0183722
-0.013929
-0.00946831
-0.00501903
-0.000610444
0.00373432
0.00799536
0.012154
0.016193
0.020097
0.0238519
0.0274445
0.0308626
0.0340947
0.0371303
0.0399603
0.0425775
0.0449757
0.04715
0.0490957
0.0508085
0.0522852
0.0535246
0.0545282
0.0553001
0.0558459
0.0561718
0.0562833
0.0561849
0.0558811
0.0553769
0.0546789
0.053795
0.0527338
0.0515044
0.0501165
0.0485804
0.0469078
0.0451115
0.0432049
0.0412001
0.0391075
0.0369352
0.0346897
0.0323773
0.0300049
0.0275804
0.0251113
0.0226049
0.0200669
0.017502
0.0149145
0.0123088
0.00968904
0.00705879
0.00442035
0.00177465
-0.000878039
-0.00353712
-0.00620083
-0.00886614
-0.0115295
-0.0141877
-0.0168388
-0.0194818
-0.0221166
-0.0247426
-0.0273589
-0.0299637
-0.0325553
-0.035132
-0.037692
-0.0402338
-0.0427552
-0.045254
-0.0477276
-0.0501732
-0.0525876
-0.0549669
-0.0573057
-0.0595969
-0.061832
-0.0640017
-0.0660962
-0.0681056
-0.0700199
-0.0718284
-0.0735194
-0.0750804
-0.0764981
-0.0777595
-0.0788516
-0.0797619
-0.0804781
-0.0809885
-0.0812819
-0.0813482
-0.0811785
-0.0807649
-0.0801
-0.079176
-0.0779851
-0.0765192
-0.0747711
-0.0727347
-0.0704063
-0.0677837
-0.0648667
-0.0616565
-0.0581559
-0.0543688
-0.050301
-0.0459595
-0.0413529
-0.0364908
-0.0313843
-0.0260462
-0.0204906
-0.0147338
-0.00879308
-0.00268691
0.00356584
0.00994576
0.0164326
0.0230047
0.0296386
0.036309
0.0429888
0.0496498
0.056263
0.0627984
0.0692254
0.0755129
0.0816291
0.0875425
0.0932221
0.0986374
0.103759
0.108559
0.113007
0.117078
0.120745
0.123982
0.126768
0.129081
0.130902
0.132216
0.133007
0.133266
0.132982
0.13215
0.130764
0.128823
0.126326
0.123275
0.119673
0.115527
0.110849
0.10565
0.0999459
0.0937538
0.0870931
0.079985
0.0724526
0.0645211
0.0562171
0.0475684
0.0386045
0.0293563
0.0198564
0.0101395
0.000241561
-0.00980034
-0.0199488
-0.0301664
-0.0404155
-0.0506582
-0.0608559
-0.0709698
-0.0809608
-0.09079
-0.100419
-0.109809
-0.118922
-0.127719
-0.136164
-0.144219
-0.15185
-0.159023
-0.165708
-0.171875
-0.177495
-0.18254
-0.186984
-0.190802
-0.193971
-0.196471
-0.198286
-0.1994
-0.199801
-0.19948
-0.19843
-0.196647
-0.194131
-0.190885
-0.186912
-0.182218
-0.176813
-0.170708
-0.163916
-0.156455
-0.148347
-0.139616
-0.13029
-0.120398
-0.109974
-0.099053
-0.0876727
-0.0758735
-0.0636974
-0.0511881
-0.0383903
-0.0253505
-0.0121174
0.00125791
0.0147222
0.0282205
0.0416966
0.0550941
0.0683564
0.0814271
0.0942498
0.106769
0.118929
0.130676
0.141957
0.152724
0.162925
0.172514
0.181443
0.189668
0.197146
0.203836
0.209701
0.214709
0.218828
0.222033
0.224304
0.225625
0.225985
0.225377
0.2238
0.221252
0.217738
0.213265
0.207843
0.201488
0.19422
0.186064
0.177051
0.167217
0.156601
0.145249
0.133207
0.120528
0.107266
0.0934808
0.0792312
0.0645803
0.0495927
0.0343343
0.018872
0.00327308
-0.0123944
-0.0280616
-0.0436588
-0.0591152
-0.0743594
-0.08932
-0.103927
-0.11811
-0.131805
-0.144944
-0.157467
-0.169313
-0.180426
-0.190754
-0.200249
-0.208867
-0.216572
-0.223331
-0.229116
-0.233906
-0.237685
-0.240442
-0.242172
-0.242875
-0.242556
-0.241224
-0.238893
-0.235582
-0.231317
-0.226126
-0.220046
-0.213112
-0.205367
-0.196853
-0.187617
-0.177709
-0.167183
-0.156095
-0.144504
-0.132471
-0.120058
-0.107328
-0.0943445
-0.0811715
-0.0678726
-0.0545112
-0.0411506
-0.0278536
-0.0146821
-0.00169648
0.0110446
0.0234851
0.0355715
0.0472535
0.0584832
0.0692157
0.0794091
0.0890245
0.0980271
0.106386
0.114073
0.121068
0.127349
0.132903
0.137718
0.141786
0.145103
0.14767
0.14949
0.150571
0.150922
0.15056
0.149502
0.147769
0.145386
0.142379
0.138778
0.134613
0.129919
0.12473
0.119085
0.113021
0.10658
0.0997999
0.0927231
0.0853902
0.0778425
0.0701213
0.0622674
0.0543209
0.0463212
0.0383069
0.0303158
0.0223847
0.0145492
0.00684331
-0.00070098
-0.00805359
-0.0151865
-0.0220735
-0.0286907
-0.0350162
-0.0410307
-0.0467172
-0.0520611
-0.0570499
-0.0616727
-0.0659208
-0.0697875
-0.0732685
-0.0763618
-0.0790678
-0.0813887
-0.0833281
-0.0848914
-0.0860853
-0.0869186
-0.0874014
-0.0875457
-0.0873639
-0.0868697
-0.0860769
-0.0850006
-0.0836568
-0.0820625
-0.0802353
-0.0781929
-0.0759528
-0.0735318
-0.070947
-0.0682153
-0.0653542
-0.0623809
-0.0593124
-0.0561645
-0.0529527
-0.0496918
-0.0463966
-0.0430816
-0.0397609
-0.0364472
-0.0331518
-0.0298848
-0.0266555
-0.0234728
-0.0203455
-0.0172822
-0.0142903
-0.011376
-0.00854448
-0.0058005
-0.00314862
-0.000593479
0.00186068
0.00421057
0.00645417
0.00859044
0.0106187
0.012538
0.0143468
0.0160437
0.0176278
0.0190991
0.0204586
0.0217074
0.0228462
0.0238751
0.0247937
0.0256026
0.0263029
0.0268969
0.0273869
0.0277745
0.0280603
0.0282444
0.028327
0.0283095
0.0281944
0.0279846
0.0276826
0.0272901
0.0268079
0.0262367
0.0255777
0.0248332
0.0240061
0.0230993
0.0221154
0.0210563
0.019924
0.0187208
0.0174494
0.0161131
0.0147156
0.0132601
0.0117503
0.0101901
0.00858359
0.00693544
0.00525011
0.00353166
0.00178381
1.03245e-05
-0.00178446
-0.00359537
-0.00541661
-0.00724239
-0.00906751
-0.0108876
-0.0126986
-0.0144965
-0.0162766
-0.0180332
-0.0197607
-0.0214534
-0.0231062
-0.0247138
-0.0262714
-0.0277734
-0.0292142
-0.0305884
-0.0318915
-0.0331196
-0.0342693
-0.0353368
-0.0363182
-0.037209
-0.0380049
-0.0387026
-0.0392997
-0.0397948
-0.0401865
-0.0404734
-0.0406564
-0.0407661
-0.040809
-0.0407834
-0.0406876
-0.0405196
-0.0402771
-0.0399566
-0.0395538
-0.0390639
-0.0384821
-0.0378033
-0.0370228
-0.036136
-0.0351382
-0.034025
-0.0327925
-0.0314365
-0.0299535
-0.0283396
-0.0265915
-0.0247059
-0.0226807
-0.0205146
-0.0182078
-0.0157613
-0.0131773
-0.0104583
-0.00760766
-0.00462926
-0.00152808
0.00168977
0.00501693
0.00844466
0.0119629
0.0155599
0.0192228
0.0229371
0.0266876
0.0304581
0.0342315
0.0379899
0.0417143
0.0453845
0.0489793
0.052477
0.0558555
0.059093
0.062167
0.0650552
0.0677346
0.0701827
0.0723776
0.0742965
0.0759052
0.0771846
0.0781198
0.0786976
0.0789061
0.0787352
0.078177
0.0772263
0.0758801
0.0741382
0.0720029
0.0694791
0.0665753
0.0633026
0.0596751
0.0557086
0.051421
0.0468321
0.0419642
0.036843
0.0314971
0.0259576
0.0202567
0.0144271
0.00850047
0.00250927
-0.00351323
-0.00953268
-0.015514
-0.0214225
-0.0272241
-0.032886
-0.0383758
-0.0436624
-0.0487139
-0.0535009
-0.0580002
-0.0622109
-0.0661242
-0.0697266
-0.0730059
-0.07595
-0.0785473
-0.0807908
-0.0826724
-0.08419
-0.085345
-0.08614
-0.0865815
-0.0866691
-0.0864067
-0.0858
-0.084857
-0.0835922
-0.0820128
-0.0801309
-0.0779593
-0.0755117
-0.0728081
-0.069861
-0.0666891
-0.0633114
-0.0597467
-0.0560176
-0.052138
-0.0481263
-0.0440019
-0.0397845
-0.0354967
-0.0311546
-0.0267766
-0.0223807
-0.0179849
-0.0136081
-0.00926757
-0.00498066
-0.000763501
0.00336911
0.00740556
0.0113299
0.0151281
0.0187857
0.0222882
0.0256278
0.0287858
0.0317511
0.0345141
0.037066
0.0394088
0.0415215
0.0433852
0.0449904
0.0463303
0.0474144
0.0482251
0.0487606
0.04902
0.0490028
0.0487268
0.0481761
0.047354
0.0462659
0.0449196
0.0433429
0.0415279
0.0394859
0.0372289
0.0347705
0.0321425
0.0293446
0.0263951
0.0233132
0.0201185
0.0168422
0.0134922
0.0100886
0.00665211
0.00320388
-0.000231711
-0.00363671
-0.00699059
-0.0102731
-0.0134642
-0.016553
-0.019511
-0.0223199
-0.0249628
-0.0274246
-0.0297148
-0.0317967
-0.0336578
-0.0352863
-0.0366713
-0.0378423
-0.0387543
-0.039403
-0.039786
-0.0399024
-0.0398045
-0.0394431
-0.0388226
-0.037949
-0.0368304
-0.0355362
-0.034017
-0.0322851
-0.0303549
-0.028243
-0.0260299
-0.023674
-0.0211961
-0.0186179
-0.015961
-0.0133022
-0.0106103
-0.00790969
-0.00522567
-0.00258415
-4.74265e-05
0.00239622
0.00472287
0.00690939
0.00893321
0.0107633
0.0123864
0.0137806
0.0149243
0.0157973
0.0164088
0.0167166
0.0167087
0.0163756
0.0157093
0.01477
0.013484
0.0118462
0.00985448
0.00751046
0.00492655
0.00200495
-0.00124324
-0.0048056
-0.00866847
-0.0126775
-0.0169533
-0.0214743
-0.0262154
-0.0311488
-0.0360881
-0.0411614
-0.0463379
-0.0515853
-0.0568691
-0.0619954
-0.0670836
-0.072095
-0.0769899
-0.0817279
-0.0861339
-0.0903014
-0.0941903
-0.0977622
-0.100981
-0.103723
-0.106045
-0.107913
-0.109294
-0.110154
-0.110443
-0.110155
-0.109272
-0.107776
-0.105654
-0.102954
-0.0996079
-0.0956075
-0.0909496
-0.0856357
-0.0798159
-0.0733569
-0.0662733
-0.0585829
-0.0503079
-0.0416963
-0.032556
-0.022921
-0.0128287
-0.00231938
0.0082827
0.0192127
0.0304208
0.0418527
0.0534509
0.0648456
0.076287
0.0877149
0.0990684
0.110285
0.121
0.131451
0.141573
0.151302
0.160576
0.169081
0.17701
0.184304
0.190906
0.19676
0.201652
0.205699
0.208857
0.211088
0.212355
0.212581
0.211786
0.209946
0.207047
0.203077
0.198122
0.192092
0.184991
0.176832
0.167631
0.157637
0.146654
0.134713
0.121855
0.108122
0.0939055
0.0789162
0.0632123
0.0468572
0.0299189
0.0128944
-0.00456956
-0.0223974
-0.0405099
-0.0588245
-0.0767955
-0.0947981
-0.112746
-0.130553
-0.14813
-0.164952
-0.181373
-0.197307
-0.212671
-0.227384
-0.241002
-0.253815
-0.265751
-0.276742
-0.286724
-0.295397
-0.302948
-0.309329
-0.314497
-0.318414
-0.320964
-0.322203
-0.322111
-0.320672
-0.317879
-0.313822
-0.308416
-0.301674
-0.293611
-0.284251
-0.273878
-0.262272
-0.249474
-0.23553
-0.220494
-0.20482
-0.188173
-0.170621
-0.152236
-0.133095
-0.113768
-0.0938472
-0.0734173
-0.0525648
-0.0313787
-0.0104786
0.0105736
0.0316869
0.052771
0.0737362
0.0939871
0.113945
0.133524
0.15264
0.171213
0.188733
0.205556
0.221609
0.236822
0.251128
0.264163
0.276169
0.287092
0.296887
0.305515
0.312799
0.318852
0.323649
0.327169
0.329396
0.330352
0.330006
0.328365
0.325437
0.321238
0.315978
0.309484
0.301784
0.292908
0.282897
0.272125
0.260306
0.247489
0.233726
0.219078
0.204038
0.188238
0.171747
0.15463
0.136957
0.119281
0.101192
0.082763
0.0640734
0.0452019
0.0267084
0.00818561
-0.0102935
-0.0286559
-0.0468279
-0.064305
-0.0814448
-0.0981773
-0.114436
-0.130158
-0.144948
-0.159083
-0.172509
-0.185169
-0.197012
-0.207777
-0.217635
-0.226545
-0.234475
-0.241394
-0.247204
-0.251955
-0.255629
-0.258214
-0.259701
-0.260155
-0.259506
-0.257757
-0.254913
-0.250988
-0.246197
-0.24036
-0.233502
-0.225652
-0.216844
-0.207416
-0.197106
-0.185957
-0.174016
-0.161331
-0.14832
-0.134669
-0.120434
-0.105676
-0.0904557
-0.0752318
-0.0596724
-0.0438412
-0.0278035
-0.011626
0.00424376
0.0201204
0.0359389
0.0516348
0.0671437
0.0820717
0.0966842
0.110918
0.124713
0.138012
0.150515
0.162417
0.173672
0.184233
0.194055
0.202952
0.211035
0.218272
0.224638
0.230111
0.234636
0.23823
0.240879
0.242575
0.243316
0.24318
0.242102
0.240091
0.237164
0.233336
0.228798
0.223411
0.217207
0.210223
0.202497
0.194307
0.185461
0.176008
0.165998
0.155486
0.144803
0.13373
0.122321
0.110631
0.0987192
0.0869275
0.0750327
0.0630948
0.0511724
0.0393217
0.027858
0.0165723
0.00551501
-0.0052646
-0.01572
-0.0255951
-0.0350638
-0.04409
-0.0526402
-0.0606825
-0.0680407
-0.0748353
-0.0810445
-0.0866504
-0.0916394
-0.0959285
-0.0995811
-0.102591
-0.104956
-0.106674
-0.107753
-0.108198
-0.108018
-0.107228
-0.105842
-0.103948
-0.101501
-0.0985261
-0.0950513
-0.0911063
-0.0868373
-0.0821591
-0.0771031
-0.0717018
-0.0659885
-0.060143
-0.0540547
-0.0477591
-0.0412928
-0.0346927
-0.0281503
-0.0215455
-0.0149115
-0.00827948
-0.00167962
0.00471223
0.0110136
0.0171966
0.0232352
0.0291065
0.0346675
0.0400259
0.0451679
0.0500807
0.0547525
0.0590802
0.0631487
0.0669525
0.0704883
0.0737536
0.0766882
0.0793487
0.0817351
0.0838492
0.0856961
0.0872565
0.0885649
0.0896291
0.0904564
0.0910544
0.0914322
0.0916001
0.0915707
0.0913577
0.0909747
0.090454
0.0897883
0.0889895
0.0880702
0.0870431
0.0859515
0.0847748
0.0835222
0.0822028
0.0808262
0.0794401
0.0780192
0.0765744
0.0751145
0.0736454
0.0722078
0.0707653
0.0693187
0.0678686
0.0664155
0.0649966
0.0635759
0.0621548
0.0607358
0.0593231
0.0579565
0.0566048
0.0552693
0.0539484
0.0526377
0.0513662
0.0500955
0.0488232
0.0475494
0.0462754
0.045037
0.0438005
0.0425655
0.0413301
0.0400929
0.0388866
0.0376775
0.0364672
0.0352586
0.0340461
0.032855
0.0316563
0.0304535
0.0292503
0.0280519
0.0268939
0.025756
0.0246459
0.02357
0.0225319
0.0215541
0.0206175
0.0197258
0.0188844
0.0180997
0.0173863
0.0167371
0.0161516
0.0156287
0.0151682
0.0147693
0.014439
0.0141809
0.0139954
0.0138793
0.0138121
0.0138013
0.0138412
0.0139281
0.0140599
0.0142122
0.0144025
0.0146238
0.0148672
0.0151243
0.0153634
0.015604
0.0158403
0.0160665
0.0162762
0.0164421
0.0165819
0.0166918
0.0167689
0.0168101
0.0167972
0.0167412
0.0166382
0.0164855
0.0162824
0.0160238
0.0157181
0.0153667
0.0149712
0.0145327
0.0140551
0.0135397
0.012991
0.0124138
0.0118131
0.0111994
0.0105696
0.00992794
0.00927897
0.00862786
0.00798741
0.00735385
0.00673147
0.00612387
0.0055342
0.00497133
0.00443106
0.00391633
0.0034298
0.00297362
0.00255251
0.0021633
0.00180666
0.00148296
0.00119236
0.000935751
0.000711374
0.000518818
0.000357548
0.000226971
0.000126542
5.55401e-05
1.34844e-05
0
0
0
0
0
0
0
0
0
0
0
0
0
0
0
0
0
0
0
0
0
0
0
0
0
0
0
0
0
0
0
0
0
0
0
0
0
0
0
0
0
0
0
0
0
0
0
0
0
0
0
0
0
0
0
0
0
0
0
0
0
0
0
0
0
0
0
0
0
0
0
0
-0
-0
-0
-0
-0
-0
-0
-0
-0
-0
-0
-0
-0
-0
-0
-0
-0
-0
-0
-0
-0
-0
-0
-0
-0
-0
-0
-0
-0
-0
-0
0
0
0
0
0
0
0
0
0
0
0
0
0
0
0
0
0
0
0
0
0
0
0
0
0
0
0
0
0
0
0
0
0
0
0
0
0
0
0
0
0
0
0
0
0
0
0
0
0
0
0
0
0
0
0
0
0
0
0
0
0
0
0
0
0
-0
-0
-0
-0
0
0
0
0
0
0
0
0
0
0
0
0
0
0
0
0
0
0
0
0
0
0
0
0
0
0
0
0
0
0
0
0
0
0
0
0
0
0
0
0
0
0
0
0
0
0
0
0
0
0
0
0
0
0
0
0
0
0
0
0
0
0
0
0
