-0.228599
-0.229409
-0.229476
-0.228806
-0.22741
-0.225305
-0.222513
-0.219056
-0.214959
-0.210247
-0.204949
-0.199097
-0.192728
-0.185886
-0.178614
-0.170956
-0.16296
-0.154669
-0.146132
-0.137396
-0.128513
-0.119537
-0.110522
-0.101522
-0.0925883
-0.0837717
-0.0751209
-0.0666832
-0.0585047
-0.0506296
-0.0430997
-0.0359533
-0.0292249
-0.0229442
-0.0171364
-0.0118228
-0.00702207
-0.00275113
0.000974381
0.00414056
0.00673657
0.00875627
0.0101995
0.0110725
0.0113869
0.0111588
0.0104069
0.0091525
0.00741931
0.0052339
0.00262615
-0.000371053
-0.00372257
-0.0073919
-0.0113416
-0.0155333
-0.0199266
-0.0244794
-0.0291469
-0.0338829
-0.0386409
-0.0433744
-0.0480383
-0.0525886
-0.0569829
-0.0611802
-0.0651416
-0.068831
-0.0722147
-0.0752614
-0.0779413
-0.0802255
-0.0820863
-0.0834989
-0.0844426
-0.0849031
-0.0848724
-0.0843484
-0.0833333
-0.0818312
-0.0798473
-0.0773881
-0.0744625
-0.0710836
-0.0672697
-0.0630448
-0.0584379
-0.0534816
-0.0482118
-0.0426663
-0.0368854
-0.0309114
-0.0247894
-0.0185664
-0.0122916
-0.00601564
0.00020983
0.00633296
0.0123024
0.0180681
0.0235816
0.0287963
0.0336672
0.03815
0.0422015
0.0457799
0.0488457
0.0513631
0.0533013
0.0546346
0.0553419
0.0554066
0.0548155
0.0535595
0.0516332
0.0490366
0.0457744
0.0418564
0.0372961
0.0321109
0.0263212
0.0199515
0.0130302
0.00559068
-0.00232971
-0.01069
-0.0194463
-0.0285517
-0.0379557
-0.047603
-0.0574331
-0.0673805
-0.0773767
-0.0873519
-0.0972367
-0.106963
-0.116464
-0.125672
-0.134522
-0.142948
-0.150888
-0.158281
-0.165075
-0.17122
-0.176669
-0.181382
-0.185318
-0.188443
-0.190726
-0.192145
-0.192677
-0.192309
-0.191028
-0.188827
-0.185703
-0.18166
-0.176707
-0.17086
-0.16414
-0.156572
-0.148184
-0.139005
-0.129071
-0.118424
-0.10711
-0.0951847
-0.0827051
-0.0697331
-0.0563331
-0.0425719
-0.0285196
-0.0142498
0.000160176
0.0146301
0.0290776
0.0434191
0.0575714
0.0714518
0.0849793
0.0980746
0.110661
0.122662
0.134007
0.144623
0.154441
0.163396
0.171427
0.17848
0.184507
0.189463
0.193315
0.196028
0.197577
0.19794
0.197104
0.195061
0.191814
0.187369
0.181744
0.174957
0.167036
0.158013
0.147924
0.136816
0.124739
0.111751
0.0979152
0.0833009
0.0679825
0.052039
0.0355534
0.0186112
0.00129948
-0.0162935
-0.0340784
-0.0519633
-0.0698537
-0.0876514
-0.105256
-0.122566
-0.13948
-0.155902
-0.171737
-0.186895
-0.201293
-0.214847
-0.227482
-0.23912
-0.249689
-0.259121
-0.26735
-0.274318
-0.279973
-0.284272
-0.287181
-0.288675
-0.288737
-0.287359
-0.284538
-0.28028
-0.274597
-0.267507
-0.259035
-0.249212
-0.238078
-0.225681
-0.212076
-0.197329
-0.181514
-0.16471
-0.147002
-0.128476
-0.109223
-0.0893344
-0.0689076
-0.0480435
-0.0268483
-0.00543201
0.0160925
0.0376116
0.0590127
0.080185
0.101021
0.121419
0.141277
0.160502
0.179003
0.196691
0.213484
0.229301
0.244066
0.25771
0.270166
0.281372
0.291275
0.299823
0.306973
0.31269
0.316948
0.319732
0.321037
0.320867
0.319231
0.31615
0.311648
0.305757
0.298519
0.289982
0.2802
0.269235
0.257152
0.244019
0.229911
0.214906
0.199084
0.182533
0.165343
0.147604
0.12941
0.110855
0.0920355
0.0730468
0.053985
0.0349451
0.0160209
-0.00269637
-0.0211171
-0.039154
-0.056722
-0.0737392
-0.0901277
-0.105815
-0.120734
-0.134826
-0.148034
-0.160309
-0.171604
-0.181877
-0.191092
-0.199218
-0.206229
-0.21211
-0.216852
-0.220452
-0.222914
-0.224247
-0.224465
-0.223584
-0.221627
-0.218625
-0.214609
-0.209622
-0.203706
-0.196908
-0.189278
-0.180867
-0.171729
-0.161921
-0.151503
-0.140539
-0.129092
-0.117226
-0.105003
-0.0924858
-0.0797379
-0.0668235
-0.053807
-0.0407515
-0.0277172
-0.0147604
-0.00193389
0.0107119
0.0231277
0.0352651
0.0470774
0.0585208
0.0695563
0.0801496
0.0902711
0.0998942
0.108995
0.117551
0.125543
0.132954
0.139773
0.145992
0.151606
0.156613
0.161015
0.164816
0.168022
0.170644
0.172693
0.174182
0.175126
0.175542
0.175446
0.174859
0.173803
0.172302
0.170381
0.168064
0.165375
0.162338
0.15898
0.155327
0.151403
0.147233
0.142842
0.138252
0.133487
0.128569
0.123524
0.118375
0.113143
0.107846
0.102503
0.0971282
0.0917396
0.0863548
0.080992
0.0756677
0.0703957
0.0651872
0.0600516
0.0549982
0.0500373
0.0451803
0.0404387
0.0358223
0.0313394
0.0269965
0.0227997
0.0187554
0.014871
0.0111537
0.00761007
0.0042457
0.00106536
-0.00192587
-0.00472176
-0.00731498
-0.00969789
-0.0118638
-0.0138078
-0.0155266
-0.0170179
-0.0182788
-0.0193055
-0.020093
-0.0206362
-0.0209304
-0.0209722
-0.0207594
-0.0202911
-0.0195672
-0.0185882
-0.0173558
-0.015872
-0.0141397
-0.0121617
-0.00994153
-0.00748309
-0.00479157
-0.00187356
0.00126302
0.00460949
0.00815696
0.0118966
0.0158192
0.0199144
0.02417
0.028572
0.0331048
0.037752
0.0424972
0.0473239
0.0522148
0.057152
0.0621161
0.0670878
0.072048
0.0769782
0.0818605
0.0866765
0.0914062
0.0960287
0.100522
0.104866
0.10904
0.113028
0.116813
0.12038
0.123712
0.126794
0.129611
0.132149
0.134398
0.13635
0.137996
0.139328
0.14034
0.141025
0.14138
0.141405
0.141101
0.140471
0.139518
0.138245
0.136658
0.134764
0.132573
0.130098
0.127354
0.124357
0.121121
0.117663
0.113999
0.110149
0.106134
0.101978
0.0977031
0.0933317
0.0888861
0.084389
0.0798644
0.075337
0.0708315
0.0663719
0.0619804
0.0576783
0.053486
0.0494241
0.0455134
0.041774
0.0382246
0.0348817
0.0317597
0.0288714
0.0262292
0.023845
0.0217303
0.0198955
0.0183486
0.0170955
0.0161396
0.0154824
0.0151242
0.0150642
0.0153002
0.0158292
0.0166468
0.0177472
0.0191232
0.0207662
0.0226654
0.0248087
0.0271818
0.0297699
0.0325575
0.0355287
0.0386675
0.0419568
0.0453783
0.0489128
0.0525407
0.0562424
0.0599994
0.0637934
0.0675943
0.0713514
0.075037
0.0786245
0.082088
0.0854036
0.0885494
0.0915058
0.0942544
0.0967782
0.0990614
0.10109
0.102853
0.104342
0.105551
0.106476
0.107114
0.107465
0.107532
0.107317
0.106827
0.10607
0.105058
0.103802
0.102314
0.100609
0.0987032
0.0966126
0.0943547
0.0919469
0.0894063
0.0867499
0.0839947
0.0811583
0.0782583
0.0753127
0.0723389
0.0693537
0.0663725
0.0634097
0.0604782
0.0575898
0.0547547
0.0519819
0.0492793
0.046654
0.0441125
0.0416603
0.0393021
0.0370407
0.0348773
0.0328115
0.0308418
0.0289666
0.027184
0.0254923
0.0238892
0.0223715
0.020935
0.0195749
0.0182859
0.0170633
0.0159024
0.0147993
0.01375
0.0127508
0.0117977
0.0108873
0.0100164
0.00918269
0.00838413
0.00761923
0.0068868
0.00618596
0.00551623
0.00487762
0.00427062
0.00369615
0.00315549
0.00265021
0.00218209
0.00175316
0.00136562
0.0010218
0.000724034
0.000474587
0.000275609
0.000129101
3.68838e-05
5.49126e-07
0
0
0
0
0
0
0
0
0
0
0
0
0
0
0
0
0
0
0
0
0
0
0
0
0
0
0
0
0
0
0
0
0
0
0
0
0
0
0
0
0
0
0
0
0
0
0
0
0
0
0
0
0
0
0
0
0
0
0
0
0
0
0
0
0
0
0
0
0
0
0
0
0
0
0
0
0
0
0
0
0
0
0
0
0
0
0
0
0
0
0
0
0
0
0
0
0
0
0
0
0
0
0
0
0
0
0
0
0
0
0
0
0
0
0
0
0
0
0
0
0
0
0
0
0
0
0
0
0
0
0
0
0
0
0
0
0
0
0
0
0
0
0
0
0
0
0
0
0
0
0
0
0
0
0
0
0
0
0
0
0
0
0
0
0
0
0
0
0
0
0
0
0
0
0
0
0
0
0
0
0
0
0
0
0
0
0
0
0
0
0
0
0
0
0
0
0
0
0
0
0
0
0
0
0
0
0
0
0
0
0
0
0
0
0
0
0
0
0
0
0
0
0
0
0
0
0
0
0
0
0
0
0
0
0
0
0
0
0
0
0
0
0
0
0
0
0
0
0
0
0
0
0
0
0
0
0
0
0
0
0
0
0
0
0
0
0
0
0
0
0
0
0
0
0
0
0
0
0
0
0
0
0
0
0
0
0
0
0
0
0
0
0
0
0
0
0
0
0
0
0
0
0
0
0
0
0
0
0
0
0
0
0
0
0
0
0
0
0
0
0
0
0
0
0
0
0
0
0
0
0
0
0
0
0
0
0
0
0
0
0
0
0
0
0
0
0
0
0
0
0
0
0
0
0
0
0
0
0
0
0
0
0
0
0
0
0
0
0
0
0
0
0
0
0
0
0
0
0
0
0
0
0
0
0
0
0
0
0
0
0
0
0
0
0
0
0
0
0
0
0
0
0
0
0
0
0
0
0
0
0
0
0
0
0
0
0
0
0
0
0
0
0
0
0
0
0
0
0
0
0
0
0
0
0
0
0
0
0
0
0
0
0
0
0
0
0
0
0
0
0
0
0
0
0
0
0
0
0
0
0
0
0
0
0
0
0
0
0
0
0
0
0
0
0
0
0
0
0
0
0
0
0
0
0
0
0
0
0
0
0
0
0
0
0
0
0
0
0
0
0
0
0
0
0
0
0
0
0
0
0
0
0
0
0
0
0
0
0
0
0
1.40068e-06
9.4054e-05
0.000329246
0.000703204
0.00121181
0.00185067
0.00261511
0.00350026
0.00450102
0.00561218
0.00682841
0.0081444
0.00955475
0.0110541
0.0126369
0.014298
0.0160321
0.0178345
0.0197007
0.0216264
0.0236073
0.0256388
0.0277164
0.0298356
0.0319927
0.0341848
0.0364094
0.0386645
0.040948
0.0432576
0.0455905
0.0479445
0.0503178
0.05271
0.0551214
0.0575531
0.0600063
0.0624819
0.0649795
0.0674983
0.0700364
0.0725924
0.0751651
0.0777546
0.080362
0.0829887
0.0856365
0.0883061
0.0909976
0.0937102
0.096443
0.0991951
0.101966
0.104754
0.107559
0.110379
0.113209
0.116045
0.118885
0.121722
0.124555
0.127377
0.130185
0.132974
0.135737
0.138472
0.141171
0.143828
0.146432
0.148974
0.151444
0.153832
0.156132
0.158338
0.160447
0.162455
0.164353
0.16613
0.167777
0.169285
0.170648
0.171862
0.172925
0.173833
0.174579
0.175154
0.175553
0.17577
0.175805
0.175663
0.175348
0.174936
0.174455
0.173905
0.173282
0.172588
0.171826
0.171002
0.170119
0.169178
0.168178
0.167124
0.166019
0.16487
0.163683
0.162461
0.161212
0.159937
0.158639
0.157319
0.155976
0.154624
0.153267
0.151913
0.150563
0.149217
0.14788
0.146558
0.145255
0.143976
0.142722
0.141501
0.140317
0.139171
0.138065
0.136995
0.135966
0.134977
0.134029
0.133122
0.132252
0.131425
0.130641
0.129899
0.129197
0.12853
0.127892
0.127277
0.126684
0.126111
0.125565
0.125036
0.12452
0.124009
0.123494
0.122982
0.122458
0.121922
0.121373
0.12081
0.120244
0.11965
0.11902
0.118348
0.11763
0.116888
0.116097
0.115254
0.114353
0.113392
0.112394
0.111335
0.110218
0.109048
0.107828
0.106581
0.10528
0.103922
0.102507
0.101039
0.0995494
0.0980278
0.0964847
0.0949282
0.0933629
0.0918028
0.0902399
0.0886796
0.0871301
0.0856022
0.0841038
0.0826494
0.0812473
0.0799037
0.0786227
0.0773849
0.0762164
0.0751214
0.074104
0.0731681
0.0722727
0.0714634
0.0707405
0.0701045
0.0695556
0.0690304
0.0685928
0.0682416
0.0679736
0.0677832
0.0675838
0.0674481
0.0673695
0.0673417
0.0673579
0.0673229
0.0673155
0.0673255
0.0673413
0.0673513
0.0672596
0.0671385
0.0669753
0.0667552
0.0664622
0.0660127
0.0654585
0.0647858
0.0639821
0.063035
0.0618958
0.0605855
0.0590887
0.0573901
0.0554764
0.0533457
0.0509792
0.0483685
0.0455059
0.0423839
0.0390606
0.0354695
0.0316111
0.0274879
0.0231035
0.0185805
0.0138004
0.00876427
0.00347493
-0.00206129
-0.00766253
-0.0134862
-0.0195159
-0.0257333
-0.0321192
-0.0384439
-0.0448926
-0.0514394
-0.0580563
-0.0647149
-0.0711646
-0.0776018
-0.0840002
-0.0903318
-0.0965665
-0.102464
-0.108199
-0.113738
-0.119049
-0.124102
-0.128704
-0.132983
-0.136905
-0.140437
-0.143544
-0.146115
-0.148204
-0.149786
-0.150839
-0.151341
-0.151292
-0.150654
-0.149414
-0.147565
-0.145101
-0.142158
-0.138597
-0.134418
-0.129623
-0.12422
-0.118473
-0.11215
-0.105276
-0.0978795
-0.0899922
-0.0819939
-0.0735718
-0.0647635
-0.0556113
-0.0461617
-0.0368729
-0.0273875
-0.0177582
-0.00803915
0.00171302
0.0110187
0.020238
0.0293081
0.0381644
0.0467411
0.0545959
0.0620428
0.0690213
0.0754734
0.0813439
0.0863033
0.0905789
0.0941218
0.0968834
0.0988165
0.0997487
0.0997719
0.0988563
0.0969789
0.0941218
0.090321
0.0855128
0.079687
0.0728388
0.064971
0.0563361
0.0467136
0.0361295
0.0246131
0.0121956
-0.000676229
-0.014378
-0.0288646
-0.0440815
-0.0599664
-0.0759089
-0.0923841
-0.109324
-0.12666
-0.144319
-0.161617
-0.17908
-0.196623
-0.214156
-0.231591
-0.248247
-0.264639
-0.280687
-0.296313
-0.311434
-0.325469
-0.33884
-0.351473
-0.363293
-0.374231
-0.383887
-0.392536
-0.400125
-0.406606
-0.41194
-0.415978
-0.418808
-0.420406
-0.420753
-0.419836
-0.417778
-0.414448
-0.409854
-0.404016
-0.396959
-0.389082
-0.380055
-0.36992
-0.358728
-0.346537
-0.333969
-0.320535
-0.30631
-0.291372
-0.275804
-0.260369
-0.244475
-0.228207
-0.211655
-0.194907
-0.178762
-0.1626
-0.146509
-0.130579
-0.114901
-0.100202
-0.0859305
-0.0721701
-0.059003
-0.0465091
-0.0352429
-0.0247965
-0.0152331
-0.00660852
0.00102949
0.00739225
0.0126955
0.0169104
0.0200118
0.0219785
0.0228136
0.0224927
0.0210195
0.0184076
0.0146793
0.0101468
0.00455895
-0.00204791
-0.00963332
-0.0181519
-0.0270441
-0.0367653
-0.047257
-0.0584556
-0.0702923
-0.0820322
-0.0942609
-0.106898
-0.119862
-0.133067
-0.145714
-0.15844
-0.171171
-0.183828
-0.196333
-0.20794
-0.219242
-0.230165
-0.240638
-0.250595
-0.25945
-0.267667
-0.275195
-0.281985
-0.287994
-0.29289
-0.296938
-0.300113
-0.302393
-0.303756
-0.304159
-0.303619
-0.302132
-0.299705
-0.29635
-0.292331
-0.287426
-0.281658
-0.275056
-0.267652
-0.259964
-0.251555
-0.242477
-0.232785
-0.222537
-0.212435
-0.201892
-0.190964
-0.179709
-0.168191
-0.157187
-0.14605
-0.134847
-0.123644
-0.11251
-0.102183
-0.0920502
-0.0821721
-0.0726059
-0.0634069
-0.0551634
-0.0473894
-0.0401318
-0.0334357
-0.0273425
-0.0222055
-0.0177365
-0.0139572
-0.0108846
-0.00853164
-0.00696133
-0.0061297
-0.00604128
-0.00669489
-0.00808184
-0.00996569
-0.0125453
-0.0157956
-0.0196898
-0.0242007
-0.0288407
-0.0340428
-0.0397764
-0.0460065
-0.0526932
-0.0591621
-0.0660049
-0.0731802
-0.0806447
-0.0883524
-0.0955419
-0.102878
-0.110312
-0.117793
-0.12527
-0.132005
-0.138639
-0.145127
-0.151419
-0.157467
-0.162654
-0.167508
-0.171991
-0.176067
-0.179702
-0.182496
-0.184791
-0.186564
-0.187797
-0.188478
-0.188479
-0.187917
-0.18679
-0.185099
-0.182847
-0.180181
-0.176967
-0.173219
-0.168954
-0.164191
-0.15933
-0.154009
-0.148247
-0.142066
-0.135494
-0.129119
-0.122416
-0.115419
-0.108163
-0.100684
-0.0936753
-0.0865136
-0.0792333
-0.0718701
-0.0644603
-0.0576985
-0.0509535
-0.0442533
-0.0376282
-0.0311116
-0.0253134
-0.0196926
-0.0142798
-0.0091014
-0.00417823
6.09238e-05
0.00401964
0.00768821
0.0110549
0.0141061
0.0166257
0.0188093
0.0206542
0.0221627
0.0233399
0.0242155
0.0247695
0.0250047
0.0249235
0.0245306
0.0240709
0.023318
0.0222854
0.0209882
0.019442
0.0180675
0.016471
0.0146658
0.0126682
0.0104974
0.00868454
0.00673622
0.00466917
0.00250031
0.000247316
-0.00153191
-0.00336267
-0.00523026
-0.00711957
-0.00901594
-0.0104116
-0.0117936
-0.0131547
-0.0144862
-0.0157781
-0.016633
-0.0174305
-0.0181644
-0.0188289
-0.019418
-0.0196909
-0.019879
-0.0199789
-0.019988
-0.0199048
-0.0196662
-0.0193387
-0.0189257
-0.0184302
-0.0178535
-0.0172978
-0.0166599
-0.0159394
-0.015137
-0.0142551
-0.0135365
-0.0127442
-0.0118808
-0.01095
-0.00995669
-0.00923874
-0.00846866
-0.00765169
-0.00679395
-0.00590166
-0.00535056
-0.00477001
-0.0041594
-0.00351894
-0.0028503
-0.00251177
-0.00214705
-0.00175637
-0.00134161
-0.000906302
-0.000749008
-0.000576988
-0.000392381
-0.000198603
