0
0
0
0
0
0
0
0
0
0
0
0
0
0
0
0
0
0
0
0
0
0
0
0
0
0
0
0
0
0
0
0
0
0
0
0
0
0
0
0
0
0
0
0
0
0
0
0
0
0
0
0
0
0
0
0
0
0
0
0
0
0
0
0
0
0
0
0
0
0
0
0
0
0
0
0
0
0
0
0
0
0
0
0
0
0
0
0
0
0
0
0
0
0
0
0
0
0
0
0
0
0
0
0
0
0
0
0
0
0
0
0
0
0
0
0
0
0
0
0
0
0
0
0
0
0
0
0
0
0
0
0
0
0
0
0
0
0
0
0
0
0
0
0
0
0
0
0
0
0
0
0
0
0
0
0
0
0
0
0
0
0
0
0
0
0
0
0
0
0
0
0
0
0
0
0
0
0
0
0
0
0
0
0
0
0
0
0
0
0
0
0
0
0
0
0
0
0
0
0
0
-9.83377e-06
-3.72473e-05
-7.50386e-05
-0.00011551
-0.000150634
-0.000172185
-0.000171876
-0.000141497
-7.30491e-05
4.11201e-05
0.000208184
0.000434707
0.00072651
0.00108856
0.00152487
0.00203849
0.00263145
0.00330478
0.00405842
0.00489115
0.00580044
0.00678245
0.00783198
0.00894269
0.0101073
0.0113176
0.0125648
0.0138392
0.0151303
0.0164264
0.0177153
0.0189836
0.0202179
0.0214047
0.0225312
0.023585
0.0245543
0.025428
0.0261951
0.0268447
0.0273664
0.0277503
0.0279878
0.0280714
0.0279955
0.0277558
0.0273492
0.0267736
0.0260278
0.0251118
0.0240264
0.0227737
0.0213569
0.0197804
0.0180498
0.0161722
0.0141561
0.0120107
0.00974612
0.00737221
0.00489893
0.00233643
-0.000304394
-0.00301153
-0.00577201
-0.00857254
-0.0114003
-0.0142432
-0.0170901
-0.0199296
-0.0227502
-0.0255398
-0.0282867
-0.0309808
-0.0336136
-0.0361782
-0.0386679
-0.0410747
-0.0433891
-0.0456008
-0.0477005
-0.0496809
-0.0515375
-0.0532678
-0.0548688
-0.0563369
-0.0576666
-0.0588518
-0.0598873
-0.0607693
-0.0615161
-0.062144
-0.062652
-0.0630383
-0.0633005
-0.0634369
-0.0634464
-0.0633286
-0.0630826
-0.0627067
-0.0621983
-0.0615548
-0.0607743
-0.0598568
-0.058803
-0.0576136
-0.0562879
-0.0548234
-0.0532164
-0.051464
-0.049565
-0.0475212
-0.0453364
-0.0430148
-0.0405597
-0.0379732
-0.035256
-0.0324095
-0.0294367
-0.0263433
-0.0231374
-0.0198282
-0.0164247
-0.0129354
-0.00936787
-0.00573003
-0.0020313
0.00171676
0.00550056
0.00930552
0.0131173
0.0169228
0.0207094
0.0244646
0.0281738
0.0318198
0.0353834
0.0388443
0.0421837
0.045385
0.0484343
0.0513182
0.0540227
0.0565315
0.0588265
0.0608897
0.0627049
0.0642593
0.0655432
0.0665484
0.0672666
0.0676884
0.0678035
0.0676025
0.0670781
0.0662266
0.0650468
0.0635399
0.0617077
0.0595527
0.0570782
0.054289
0.0511922
0.0477972
0.0441152
0.040159
0.035942
0.0314791
0.0267866
0.0218828
0.0167885
0.0115261
0.00611991
0.000595287
-0.00502159
-0.0107039
-0.0164245
-0.0221559
-0.02787
-0.0335386
-0.0391329
-0.0446236
-0.0499813
-0.0551773
-0.0601839
-0.064975
-0.0695259
-0.0738131
-0.0778137
-0.081505
-0.0848652
-0.0878736
-0.090512
-0.0927644
-0.0946175
-0.0960601
-0.0970831
-0.0976791
-0.0978424
-0.0975697
-0.0968599
-0.0957143
-0.0941359
-0.0921299
-0.0897035
-0.0868663
-0.0836308
-0.080012
-0.0760278
-0.0716978
-0.0670426
-0.0620841
-0.0568447
-0.0513482
-0.04562
-0.0396876
-0.0335797
-0.0273267
-0.0209598
-0.0145102
-0.0080094
-0.00148859
0.0050215
0.0114907
0.0178891
0.0241876
0.0303571
0.0363687
0.0421937
0.0478038
0.0531712
0.0582692
0.0630726
0.0675575
0.0717016
0.0754838
0.0788847
0.0818861
0.084471
0.0866237
0.08833
0.0895771
0.0903536
0.09065
0.0904588
0.0897746
0.0885946
0.0869178
0.0847449
0.0820782
0.0789214
0.0752799
0.0711613
0.0665762
0.0615378
0.0560624
0.0501683
0.0438755
0.0372051
0.030179
0.0228208
0.0151554
0.00720985
-0.000986692
-0.00940326
-0.0180071
-0.0267639
-0.0356378
-0.0445914
-0.0535864
-0.0625838
-0.071545
-0.0804317
-0.0892059
-0.0978295
-0.106263
-0.114467
-0.1224
-0.13002
-0.137287
-0.144161
-0.150607
-0.156588
-0.162072
-0.167025
-0.171418
-0.17522
-0.178404
-0.180946
-0.182821
-0.184009
-0.18449
-0.18425
-0.183274
-0.181556
-0.17909
-0.175878
-0.17192
-0.167222
-0.161793
-0.155642
-0.148782
-0.141233
-0.133017
-0.124159
-0.114689
-0.104639
-0.0940478
-0.0829534
-0.0713991
-0.0594306
-0.0470962
-0.0344458
-0.0215311
-0.00840552
0.00487574
0.0182551
0.0316727
0.0450662
0.0583717
0.0715244
0.0844598
0.0971145
0.109426
0.121336
0.132784
0.143714
0.154069
0.163795
0.172838
0.181146
0.188669
0.195361
0.201177
0.206081
0.210037
0.213017
0.214998
0.215962
0.215894
0.214786
0.212632
0.20943
0.205184
0.199903
0.1936
0.186293
0.178008
0.168774
0.158625
0.147603
0.135755
0.12313
0.109787
0.0957842
0.0811844
0.0660529
0.0504569
0.0344655
0.0181501
0.00158384
-0.0151585
-0.0320001
-0.0488622
-0.0656637
-0.0823217
-0.0987522
-0.114871
-0.130596
-0.145846
-0.160543
-0.174613
-0.187982
-0.200584
-0.212353
-0.223232
-0.233167
-0.242113
-0.250028
-0.256877
-0.262631
-0.267264
-0.270759
-0.273101
-0.274285
-0.274309
-0.273178
-0.270901
-0.267495
-0.262981
-0.257388
-0.25075
-0.243105
-0.234495
-0.224967
-0.21457
-0.203359
-0.191395
-0.17874
-0.165462
-0.15163
-0.137314
-0.122586
-0.107519
-0.092189
-0.0766722
-0.0610453
-0.0453848
-0.0297661
-0.0142634
0.00105015
0.0161027
0.0308243
0.0451474
0.0590078
0.0723444
0.0850997
0.0972193
0.108652
0.11935
0.129271
0.138377
0.146635
0.154018
0.160502
0.166068
0.170703
0.174396
0.177142
0.178943
0.179804
0.179734
0.17875
0.176869
0.174114
0.170514
0.166099
0.160905
0.15497
0.148335
0.141045
0.133147
0.12469
0.115725
0.106305
0.0964849
0.0863186
0.0758611
0.0651682
0.0542965
0.0433027
0.0322434
0.021174
0.0101483
-0.000781625
-0.0115656
-0.0221551
-0.0325029
-0.0425636
-0.0522941
-0.061654
-0.0706054
-0.0791141
-0.0871486
-0.0946805
-0.101685
-0.108138
-0.114023
-0.11932
-0.124018
-0.128106
-0.131576
-0.134424
-0.136651
-0.138259
-0.139255
-0.139647
-0.139447
-0.138671
-0.137334
-0.135455
-0.133054
-0.130154
-0.126779
-0.122954
-0.118708
-0.114071
-0.109073
-0.103745
-0.0981199
-0.0922299
-0.0861077
-0.0797869
-0.073302
-0.0666874
-0.0599773
-0.0532052
-0.0464038
-0.039605
-0.03284
-0.0261394
-0.0195329
-0.0130488
-0.00671376
-0.000552662
0.00541091
0.0111546
0.0166574
0.0218994
0.026863
0.0315321
0.0358929
0.0399329
0.0436415
0.0470096
0.0500298
0.0526972
0.0550086
0.0569631
0.0585607
0.059803
0.0606926
0.0612337
0.0614324
0.0612968
0.0608364
0.0600612
0.0589824
0.0576113
0.0559607
0.0540449
0.0518796
0.049482
0.0468694
0.0440588
0.0410674
0.0379122
0.0346114
0.0311837
0.0276489
0.0240264
0.0203353
0.0165938
0.0128199
0.00903144
0.00524662
0.00148352
-0.00224041
-0.00590874
-0.00950614
-0.0130181
-0.0164303
-0.0197291
-0.0229011
-0.0259342
-0.0288179
-0.0315428
-0.0341005
-0.036483
-0.0386826
-0.040692
-0.0425056
-0.0441192
-0.0455305
-0.0467387
-0.0477432
-0.0485438
-0.0491408
-0.049535
-0.0497288
-0.0497258
-0.0495311
-0.0491504
-0.0485898
-0.047856
-0.0469565
-0.0458995
-0.0446942
-0.0433501
-0.0418769
-0.0402843
-0.038582
-0.0367805
-0.0348905
-0.0329234
-0.0308909
-0.0288044
-0.0266751
-0.0245142
-0.0223328
-0.0201421
-0.0179535
-0.0157777
-0.0136251
-0.0115053
-0.00942725
-0.00739959
-0.00543076
-0.00352889
-0.00170155
4.44148e-05
0.00170307
0.00326924
0.00473846
0.00610678
0.00737075
0.00852745
0.0095745
0.0105101
0.011333
0.0120427
0.0126398
0.0131255
0.013502
0.013772
0.0139386
0.0140051
0.0139752
0.013853
0.0136437
0.0133533
0.0129879
0.0125541
0.0120577
0.0115047
0.0109013
0.0102541
0.0095701
0.00885624
0.00811892
0.00736388
0.00659645
0.00582218
0.00504726
0.00427847
0.00352257
0.0027855
0.00207201
0.00138581
0.000730206
0.000108752
-0.000474612
-0.00101599
-0.00151224
-0.00196147
-0.00236275
-0.0027146
-0.0030161
-0.00326647
-0.00346517
-0.00361245
-0.00370965
-0.00375899
-0.00376302
-0.00372423
-0.00364504
-0.00352829
-0.0033778
-0.00319841
-0.00299554
-0.00277432
-0.00253905
-0.00229323
-0.00203981
-0.00178293
-0.00152769
-0.00127962
-0.00104378
-0.000824198
-0.000623824
-0.000445099
-0.000290539
-0.000162871
-6.45555e-05
2.9476e-06
3.96098e-05
4.66148e-05
2.56436e-05
-2.18096e-05
-9.45891e-05
-0.000191404
-0.000310109
-0.000447316
-0.000598643
-0.00075946
-0.000925596
-0.00109356
-0.00126015
-0.00142182
-0.00157432
-0.00171285
-0.00183264
-0.00192963
-0.00200072
-0.00204355
-0.00205619
-0.00203678
-0.00198363
-0.00189551
-0.00177192
-0.00161319
-0.00142032
-0.00119481
-0.000938578
-0.000654024
-0.000344178
-1.27125e-05
0.000336176
0.000697958
0.00106789
0.00144101
0.0018121
0.00217563
0.00252599
0.00285758
0.00316515
0.00344368
0.00368836
0.00389451
0.00405761
0.0041737
0.00423945
0.00425226
0.00421016
0.00411158
0.00395559
0.0037418
0.0034707
0.00314382
0.00276354
0.0023332
0.00185641
0.00133708
0.000779596
0.00018894
-0.000428911
-0.00106896
-0.00172704
-0.00239913
-0.00308146
-0.00377002
-0.00446053
-0.00514827
-0.00582819
-0.00649527
-0.00714487
-0.0077728
-0.00837511
-0.00894778
-0.00948647
-0.00998702
-0.0104454
-0.0108588
-0.0112299
-0.0115572
-0.0118397
-0.0120759
-0.0122644
-0.012404
-0.0124936
-0.0125335
-0.0125239
-0.012465
-0.0123573
-0.0122003
-0.0119956
-0.011744
-0.0114469
-0.011106
-0.0107222
-0.0102983
-0.00983667
-0.00933995
-0.00881095
-0.00825152
-0.00766558
-0.00705588
-0.00642523
-0.00577664
-0.00511245
-0.00443717
-0.00375432
-0.00306727
-0.00237911
-0.00169214
-0.00101013
-0.000336296
0.000326054
0.000973818
0.0016044
0.00221535
0.00280452
0.00336972
0.00390863
0.00441829
0.00489751
0.00534504
0.00576023
0.00614272
0.00649036
0.00680404
0.00708282
0.00732602
0.00753356
0.00770331
0.00783915
0.00794215
0.00801309
0.00805242
0.00805677
0.00803082
0.00797592
0.0078938
0.00778619
0.00765001
0.00749096
0.00731009
0.00710855
0.00688773
0.00664433
0.00638448
0.00610924
0.00581944
0.00551591
0.00519539
0.00486333
0.00452085
0.00416874
0.0038072
0.00343327
0.00304948
0.00265577
0.00225232
0.00183939
0.00141666
0.000984285
0.000541698
8.82337e-05
-0.000376646
-0.000850447
-0.00133619
-0.00183412
-0.00234461
-0.00286807
-0.00339818
-0.00394159
-0.00449815
-0.00506769
-0.00565015
-0.00623502
-0.00683271
-0.00744271
-0.00806402
-0.00869522
-0.00932092
-0.00995358
-0.0105919
-0.0112343
-0.0118789
-0.0125073
-0.0131326
-0.0137517
-0.0143616
-0.0149594
-0.0155259
-0.016074
-0.0165996
-0.0170983
-0.0175654
-0.0179827
-0.0183599
-0.0186929
-0.0189776
-0.0192095
-0.0193748
-0.0194776
-0.0195132
-0.0194772
-0.0193654
-0.0191727
-0.0188965
-0.0185331
-0.0180791
-0.0175318
-0.0168972
-0.0161649
-0.0153332
-0.0144006
-0.0133664
-0.0122493
-0.0110305
-0.00971125
-0.00829325
-0.00677887
-0.00520054
-0.00353234
-0.00177872
5.49512e-05
0.0019625
0.00389954
0.00589653
0.00794578
0.0100389
0.0121665
0.0142765
0.0164001
0.0185261
0.0206429
0.0227388
0.0247606
0.0267367
0.0286543
0.0305004
0.0322619
0.0338917
0.0354114
0.0368083
0.0380697
0.0391828
0.0401142
0.0408737
0.0414509
0.0418363
0.0420208
0.0419931
0.0417479
0.0412778
0.0405767
0.03964
0.0384838
0.0370874
0.0354503
0.033573
0.0314572
0.0291473
0.0266063
0.0238402
0.0208564
0.0176636
0.0143335
0.0108158
0.00712333
0.00327043
-0.000727105
-0.00477612
-0.00893553
-0.0131871
-0.0175115
-0.0218882
-0.0262132
-0.0305469
-0.0348664
-0.0391487
-0.0433705
-0.0474295
-0.0513809
-0.055201
-0.0588662
-0.0623534
-0.0655763
-0.0685768
-0.0713338
-0.0738265
-0.0760354
-0.0779031
-0.0794517
-0.0806662
-0.0815327
-0.0820391
-0.0821681
-0.0819164
-0.0812763
-0.080243
-0.0788137
-0.0770184
-0.074828
-0.0722454
-0.0692751
-0.0659241
-0.0622677
-0.0582521
-0.0538919
-0.0492035
-0.0442048
-0.0390107
-0.0335461
-0.0278333
-0.0218971
-0.0157644
-0.00957877
-0.00325366
0.00318142
0.00969615
0.0162592
0.0227165
0.0291574
0.0355491
0.0418588
0.0480541
0.0539893
0.0597465
0.0652944
0.0706024
0.0756412
0.0802922
0.0846196
0.0885987
0.092206
0.0954195
0.0981637
0.100476
0.10234
0.103744
0.104676
0.105116
0.105069
0.10453
0.103497
0.101973
0.0999944
0.0975341
0.0946011
0.0912067
0.0873643
0.0831656
0.0785531
0.0735475
0.0681716
0.0624503
0.0565193
0.0502971
0.043813
0.0370982
0.0301851
0.0232369
0.0161567
0.00897761
0.00173339
-0.00554171
-0.0126775
-0.0197749
-0.0267999
-0.0337188
-0.040499
-0.0469839
-0.0532678
-0.0593214
-0.065116
-0.0706243
-0.075721
-0.0804823
-0.0848867
-0.0889145
-0.0925477
-0.095707
-0.0984429
-0.100745
-0.102603
-0.104013
-0.104946
-0.105424
-0.105446
-0.105015
-0.104137
-0.10284
-0.101112
-0.0989638
-0.0964078
-0.0934584
-0.0901929
-0.0865697
-0.0826093
-0.0783335
-0.0737652
-0.0690186
-0.0640275
-0.0588175
-0.0534153
-0.0478483
-0.0422534
-0.0365484
-0.03076
-0.024915
-0.0190404
-0.0132785
-0.00754183
-0.00185711
0.00374976
0.00925414
0.0145251
0.0196485
0.0246036
0.0293709
0.0339317
0.0381795
0.0421877
0.0459414
0.0494271
0.0526324
0.0554842
0.0580369
0.0602843
0.0622218
0.0638463
0.0651241
0.0660862
0.0667334
0.0670682
0.0670949
0.0668194
0.0662479
0.0653877
0.0642467
0.0628342
0.061191
0.0592998
0.057174
0.0548281
0.0522765
0.0495869
0.0467202
0.0436911
0.0405152
0.0372088
0.0338585
0.0304102
0.0268799
0.0232834
0.0196369
0.0160349
0.0124154
0.00879406
0.00518554
0.00160353
-0.00186156
-0.00527448
-0.00862246
-0.0118927
-0.0150727
-0.0180819
-0.020979
-0.0237551
-0.0264019
-0.0289118
-0.0312234
-0.0333846
-0.0353894
-0.0372328
-0.0389103
-0.0403829
-0.0416826
-0.042807
-0.0437545
-0.0445249
-0.0451043
-0.0455081
-0.0457376
-0.0457951
-0.0456832
-0.0454124
-0.0449798
-0.04439
-0.0436481
-0.0427593
-0.0417554
-0.0406167
-0.0393505
-0.0379646
-0.0364673
-0.0349073
-0.0332518
-0.0315081
-0.0296842
-0.0277889
-0.0258815
-0.0239225
-0.021922
-0.0198897
-0.0178345
-0.0158185
-0.0137973
-0.0117802
-0.00977701
-0.0077976
-0.00590163
-0.00404736
-0.00224296
-0.000496516
0.0011837
0.00274738
0.0042289
0.00562146
0.00691925
0.00811729
0.00918149
0.010137
0.0109794
0.0117049
0.0123105
0.0127797
0.0131261
0.0133494
0.0134502
0.0134291
0.0132889
0.01303
0.0126551
0.0121675
0.0115711
0.0108863
0.0101014
0.00922146
0.00825202
0.00719944
0.00609859
0.00492878
0.00369744
0.00241212
0.00108045
-0.000254326
-0.00162026
-0.00300987
-0.00441567
-0.00583003
-0.00720663
-0.00857584
-0.00992947
-0.0112595
-0.0125587
-0.013784
-0.0149663
-0.0161001
-0.0171804
-0.0182015
-0.019128
-0.0199858
-0.0207714
-0.021482
-0.0221156
-0.0226491
-0.0231018
-0.0234722
-0.0237593
-0.0239632
-0.0240743
-0.0241045
-0.0240554
-0.0239278
-0.0237229
-0.0234423
-0.0230878
-0.0226632
-0.0221729
-0.0216219
-0.0210247
-0.0203743
-0.0196735
-0.018925
-0.0181322
-0.0173178
-0.0164692
-0.0155925
-0.0146932
-0.0137759
-0.0128672
-0.0119474
-0.0110195
-0.0100876
-0.00915624
-0.0082558
-0.00736616
-0.00649144
-0.00563451
-0.00479722
-0.00400568
-0.00323686
-0.00249319
-0.00177771
-0.00109342
-0.000464812
0.000129614
0.000690076
0.00121705
0.00171037
0.00215021
0.00255342
0.00291845
0.00324498
0.00353424
0.00377419
0.00398133
0.00415683
0.00430055
0.00441157
0.00447959
0.00451494
0.00451955
0.0044961
0.00444697
0.00436837
0.00426586
0.00413938
0.00398924
0.00381644
0.00362176
0.00340748
0.00317453
0.0029232
0.00265283
0.00236688
0.00206325
0.0017439
0.00141061
0.00106446
0.000713766
0.000350426
-2.52951e-05
-0.000412397
-0.000809207
-0.00120172
-0.00160085
-0.0020059
-0.00241659
-0.00283261
-0.00323724
-0.003645
-0.0040538
-0.00446158
-0.00486666
-0.00524944
-0.00562801
-0.00600141
-0.00636828
-0.00672677
-0.00705516
-0.00737167
-0.0076744
-0.00796167
-0.00823195
-0.00846475
-0.00867838
-0.00887126
-0.00904174
-0.00918832
-0.00929312
-0.0093726
-0.00942608
-0.00945301
-0.0094529
-0.00941265
-0.00934527
-0.00925061
-0.00912891
-0.00898089
-0.00879983
-0.00859557
-0.00836952
-0.00812297
-0.00785715
-0.00757014
-0.00726705
-0.00694977
-0.00662047
-0.00628145
-0.00593557
-0.00558454
-0.00523061
-0.00487606
-0.00452312
-0.00417683
-0.003836
-0.00350258
-0.00317841
-0.00286535
-0.00256879
-0.00228616
-0.00201889
-0.00176806
-0.00153442
-0.00132155
-0.00112596
-0.00094787
-0.000787397
-0.000644484
-0.000520774
-0.000413173
-0.000320935
-0.000243149
-0.000178799
-0.000127561
-8.71125e-05
-5.62581e-05
-3.37281e-05
-1.82065e-05
-8.46496e-06
-2.97804e-06
-5.40257e-07
0
0
0
0
0
0
0
0
0
0
0
0
0
0
0
0
0
0
0
0
0
0
0
0
0
0
0
0
0
0
0
0
0
0
0
0
0
0
0
0
0
0
0
0
0
0
0
0
0
0
0
0
0
0
0
0
0
0
0
0
0
0
0
0
0
0
0
0
0
0
0
0
0
0
0
0
0
0
0
0
0
0
0
0
0
0
0
0
0
0
0
0
0
0
0
0
0
0
0
0
0
0
0
0
0
0
0
0
0
0
0
0
0
0
0
0
0
0
0
0
0
0
0
0
0
0
0
0
0
0
0
0
0
0
0
0
0
0
0
0
0
0
0
0
0
0
0
0
0
0
0
0
0
0
0
0
0
0
0
0
0
0
0
0
0
0
0
0
0
0
0
0
0
0
0
0
0
0
0
0
0
0
0
0
0
0
0
0
0
0
0
0
0
0
0
0
0
0
0
0
0
