0
0
0
0
0
0
0
0
0
0
0
0
0
0
0
0
0
0
0
0
0
0
0
0
0
0
0
0
0
0
0
0
0
0
0
0
0
0
-0
-0
-0
-0
-0
-0
-0
-0
-0
-0
-0
-0
-0
-0
-0
-0
-0
-0
-0
-0
-0
-0
-0
-0
-0
-0
-0
-0
-0
-0
-0
-0
-0
-0
-0
-0
-0
-0
-0
-0
-0
-0
-0
-0
-0
-0
-0
-0
-0
-0
-0
-0
0
0
0
0
0
0
0
0
0
0
0
0
0
0
0
0
0
0
0
0
0
0
0
0
0
0
0
0
0
0
0
0
0
0
0
0
0
0
0
0
0
0
0
0
0
0
0
0
0
0
0
0
0
0
0
0
0
0
0
0
0
0
0
0
0
0
-0
-0
-0
-0
-0
-0
-0
-0
-0
-0
-0
-0
-0
-0
-0
-0
-0
-0
-0
-0
-0
-0
-0
-0
-0
-0
-0
-0
-0
-0
-0
-0
-0
-0
-0
-0
-0
-0
-0
-0
-0
-0
-0
-0
-0
-0
-0
-0
-0
-0
-0
-0
-0
-0
-0
0
0
0
0
0
0
0
0
0
0
0
0
0
0
0
0
0
0
0
0
0
0
0
0
0
0
0
0
0
0
0
0
0
0
0
0
0
0
0
0
0
0
0
0
0
0
-0
-0
-0
-0
-0
-0
-0
-0
-0
-0
-0
-0
-0
-0
-0
-0
-0
-0
-0
-0
-0
-0
-0
-0
-0
-0
-0
-0
-0
-0
-0
-0
-0
-0
-0
-0
-0
-0
-0
-0
-0
-0
-0
-0
-0
-0
0
0
0
0
0
0
0
0
0
0
0
0
0
0
0
0
0
0
0
0
0
0
0
0
0
0
0
0
0
0
0
0
0
0
0
0
0
0
0
0
0
0
0
0
0
-0
-0
-0
-0
-0
-0
-0
-0
-0
-0
-0
-0
-0
-0
-0
-0
-0
-0
-0
-0
-0
-0
-0
-0
-0
-0
-0
-0
-0
-0
-0
-0
-0
-0
-0
-0
-3.44731e-06
-1.44755e-05
-2.88581e-05
-4.20629e-05
-4.95172e-05
-4.66979e-05
-2.9212e-05
7.13453e-06
6.62694e-05
0.000151776
0.000266803
0.000413975
0.000595331
0.000812298
0.00106569
0.00135572
0.00168193
0.00204318
0.00243756
0.00286238
0.00331425
0.0037891
0.00428236
0.00478888
0.00530304
0.00581871
0.0063293
0.00682793
0.00730747
0.0077606
0.00817988
0.00855766
0.00888626
0.00915809
0.00936594
0.00950308
0.00956337
0.00954113
0.00943104
0.00922822
0.00892832
0.00852791
0.00802458
0.00741704
0.00670497
0.00588887
0.00496996
0.00395038
0.00283332
0.00162314
0.000325275
-0.00105411
-0.00250834
-0.00403029
-0.00561211
-0.00724492
-0.00891851
-0.0106215
-0.0123417
-0.0140667
-0.015784
-0.017481
-0.0191451
-0.0207638
-0.022324
-0.0238132
-0.0252192
-0.0265305
-0.0277354
-0.0288225
-0.0297805
-0.0305984
-0.0312666
-0.0317772
-0.0321241
-0.0323027
-0.0323091
-0.0321396
-0.0317908
-0.0312602
-0.030547
-0.0296523
-0.0285792
-0.0273325
-0.0259179
-0.0243421
-0.0226127
-0.0207387
-0.0187301
-0.0165983
-0.0143593
-0.0120283
-0.00961461
-0.00712804
-0.00457933
-0.00198003
0.000657921
0.00332274
0.00600309
0.00868792
0.011366
0.0140253
0.016653
0.0192359
0.0217609
0.0242158
0.0265893
0.0288709
0.0310501
0.0331164
0.0350584
0.0368653
0.0385268
0.0400334
0.041377
0.0425503
0.0435467
0.0443602
0.0449857
0.0454192
0.0456576
0.0456988
0.045541
0.0451832
0.0446252
0.0438677
0.0429133
0.0417663
0.0404319
0.0389159
0.0372244
0.0353635
0.0333399
0.0311618
0.0288394
0.0263844
0.0238093
0.0211272
0.0183506
0.015492
0.0125641
0.00958054
0.00655525
0.00350274
0.000437293
-0.00262733
-0.00567776
-0.00870061
-0.0116821
-0.0146078
-0.0174633
-0.0202347
-0.0229087
-0.0254732
-0.0279169
-0.0302287
-0.032398
-0.0344149
-0.0362705
-0.0379572
-0.0394686
-0.0407988
-0.0419424
-0.0428937
-0.0436482
-0.0442028
-0.0445566
-0.0447105
-0.0446669
-0.0444283
-0.0439968
-0.0433743
-0.0425635
-0.0415687
-0.0403967
-0.0390557
-0.037555
-0.0359038
-0.0341105
-0.0321836
-0.0301319
-0.0279657
-0.0256963
-0.0233359
-0.0208966
-0.0183899
-0.0158269
-0.0132187
-0.0105766
-0.00791252
-0.00523779
-0.00256326
0.000101143
0.00274593
0.0053614
0.00793712
0.0104621
0.0129257
0.0153183
0.0176322
0.0198615
0.0220006
0.024044
0.0259857
0.0278199
0.0295418
0.0311484
0.0326386
0.034012
0.0352679
0.0364045
0.0374194
0.0383103
0.0390767
0.0397199
0.0402428
0.0406485
0.0409389
0.0411144
0.0411744
0.0411189
0.0409495
0.0406702
0.0402861
0.0398024
0.0392229
0.0385494
0.0377825
0.0369229
0.035972
0.0349327
0.0338087
0.0326036
0.03132
0.0299593
0.0285219
0.0270082
0.0254192
0.0237562
0.0220212
0.0202157
0.0183405
0.0163959
0.014382
0.0122994
0.0101491
0.00793316
0.0056538
0.00331318
0.000913045
-0.00154514
-0.00405975
-0.0066284
-0.00924765
-0.0119129
-0.0146188
-0.0173597
-0.02013
-0.0229242
-0.0257363
-0.0285597
-0.0313868
-0.0342083
-0.0370143
-0.0397939
-0.042536
-0.045229
-0.0478614
-0.050421
-0.0528951
-0.0552708
-0.0575344
-0.0596722
-0.0616706
-0.0635156
-0.065193
-0.0666886
-0.067988
-0.0690769
-0.0699416
-0.0705691
-0.0709474
-0.0710648
-0.0709106
-0.0704749
-0.0697484
-0.0687229
-0.0673915
-0.0657486
-0.0637903
-0.0615141
-0.0589194
-0.0560073
-0.0527805
-0.0492434
-0.045402
-0.0412639
-0.0368382
-0.0321354
-0.0271682
-0.021951
-0.0165005
-0.0108353
-0.00497624
0.0010541
0.00723163
0.0135308
0.019925
0.0263866
0.0328868
0.0393964
0.0458851
0.052322
0.0586753
0.0649125
0.0710007
0.0769065
0.0825967
0.0880384
0.0931994
0.0980489
0.102557
0.106696
0.110438
0.113757
0.116631
0.119035
0.120949
0.122354
0.123232
0.12357
0.123356
0.122581
0.121241
0.119332
0.116854
0.113812
0.110212
0.106063
0.101377
0.0961679
0.0904539
0.0842543
0.0775921
0.0704931
0.0629861
0.0551025
0.0468765
0.0383443
0.0295439
0.0205152
0.0112993
0.00193853
-0.00752384
-0.0170439
-0.0265775
-0.0360798
-0.0455063
-0.0548118
-0.0639514
-0.0728801
-0.0815533
-0.0899267
-0.0979573
-0.105603
-0.112824
-0.119581
-0.125839
-0.131564
-0.136727
-0.141301
-0.145261
-0.148587
-0.151263
-0.153276
-0.154617
-0.15528
-0.155264
-0.15457
-0.153204
-0.151173
-0.14849
-0.14517
-0.14123
-0.136693
-0.131584
-0.125928
-0.119757
-0.113103
-0.106
-0.0984853
-0.0905985
-0.0823797
-0.0738708
-0.0651149
-0.056156
-0.0470393
-0.0378106
-0.0285158
-0.0192009
-0.00991101
-0.00069071
0.00841628
0.0173671
0.0261201
0.0346347
0.0428721
0.0507955
0.0583701
0.0655633
0.0723448
0.0786867
0.0845634
0.0899524
0.0948341
0.0991917
0.103011
0.106282
0.108995
0.111145
0.112729
0.113748
0.114206
0.114108
0.113465
0.112288
0.11059
0.108423
0.105852
0.102889
0.0995492
0.0958454
0.0917913
0.0874005
0.082687
0.077665
0.0723495
0.0667557
0.0608997
0.0547983
0.0484692
0.0419315
0.0352053
0.0283123
0.0212752
0.0141176
0.00686453
-0.000458019
-0.00782265
-0.0152006
-0.0225619
-0.0298757
-0.0371104
-0.044234
-0.0512139
-0.0580173
-0.0646113
-0.0709626
-0.0770387
-0.0828073
-0.0882372
-0.0932982
-0.0979614
-0.102199
-0.105987
-0.1093
-0.112117
-0.114421
-0.116196
-0.117427
-0.118104
-0.118219
-0.117769
-0.116752
-0.115172
-0.113035
-0.11035
-0.107129
-0.103389
-0.0991488
-0.0944299
-0.0892583
-0.0836627
-0.077674
-0.0713254
-0.0646524
-0.0576927
-0.0504858
-0.0430734
-0.0354983
-0.027804
-0.0200346
-0.0122346
-0.0044487
0.00327819
0.0109013
0.0183765
0.0256612
0.0327143
0.0394966
0.0459704
0.0521001
0.0578515
0.0631931
0.068096
0.0725347
0.0764865
0.0799317
0.0828538
0.0852387
0.0870757
0.0883576
0.0890805
0.0892441
0.0888513
0.0878958
0.0863749
0.0843163
0.0817494
0.078692
0.0751646
0.0711992
0.066812
0.0620297
0.0568803
0.0513932
0.0456314
0.0395948
0.0333172
0.0268337
0.0201801
0.0134477
0.00661729
-0.000275286
-0.00719432
-0.0141044
-0.020897
-0.0276118
-0.0342147
-0.0406723
-0.0469524
-0.05294
-0.058691
-0.0641781
-0.0693754
-0.0742585
-0.0787206
-0.0828273
-0.0865601
-0.0899024
-0.0928397
-0.095286
-0.0973061
-0.0988923
-0.10004
-0.100745
-0.100957
-0.100729
-0.100066
-0.0989714
-0.0974537
-0.0955001
-0.0931441
-0.0903988
-0.087279
-0.0838006
-0.0799933
-0.0758634
-0.0714309
-0.0667167
-0.0617427
-0.0565775
-0.0511965
-0.0456231
-0.0398811
-0.0339946
-0.0280642
-0.0220367
-0.0159363
-0.0097865
-0.0036107
0.002471
0.00853466
0.0145577
0.0205181
0.0263942
0.032058
0.0375992
0.0429987
0.0482384
0.0533003
0.0580612
0.0626121
0.0669373
0.0710219
0.0748517
0.0783211
0.0815095
0.0844042
0.086993
0.0892643
0.0911407
0.0926781
0.0938664
0.0946956
0.0951295
0.0951104
0.0946623
0.0937807
0.0924629
0.0907081
0.0885291
0.0859179
0.0828803
0.0794242
0.0755596
0.071354
0.0667657
0.0618106
0.0565065
0.0508736
0.0450294
0.0389012
0.0325137
0.0258924
0.0190646
0.0121851
0.00515709
-0.0019887
-0.00922085
-0.0165074
-0.0236734
-0.0308297
-0.0379438
-0.0449831
-0.0519147
-0.0585636
-0.065041
-0.0713162
-0.0773597
-0.0831425
-0.0885119
-0.0935658
-0.0982793
-0.102629
-0.106593
-0.11006
-0.113103
-0.115706
-0.117854
-0.119534
-0.120692
-0.121365
-0.12155
-0.121243
-0.120445
-0.119161
-0.117391
-0.11514
-0.112418
-0.109236
-0.105665
-0.101663
-0.0972463
-0.0924342
-0.0872476
-0.0818111
-0.0760476
-0.0699829
-0.0636442
-0.0570598
-0.0503923
-0.0435387
-0.0365299
-0.0293977
-0.022174
-0.0150399
-0.00787755
-0.000718445
0.00640612
0.013465
0.020281
0.0269717
0.0335092
0.039867
0.0460192
0.0518137
0.0573541
0.0626184
0.0675858
0.0722374
0.076462
0.0803389
0.0838548
0.0869983
0.0897595
0.0920791
0.094004
0.0955311
0.0966593
0.0973889
0.0977154
0.0976492
0.0971959
0.0963629
0.0951597
0.0936337
0.0917601
0.089552
0.0870237
0.084191
0.0811433
0.0778259
0.074257
0.0704559
0.066442
0.0623328
0.0580509
0.0536167
0.0490509
0.0443742
0.0397171
0.0349905
0.0302146
0.0254095
0.0205949
0.0158983
0.0112288
0.00660324
0.00203792
-0.00245159
-0.00675398
-0.0109516
-0.0150313
-0.0189813
-0.0227903
-0.0263729
-0.0297953
-0.0330495
-0.0361282
-0.0390255
-0.0416866
-0.0441579
-0.0464366
-0.0485206
-0.0504084
-0.0520761
-0.0535466
-0.0548205
-0.055899
-0.0567843
-0.0574808
-0.0579891
-0.0583128
-0.058456
-0.0584236
-0.058244
-0.057899
-0.0573937
-0.0567331
-0.0559223
-0.0550057
-0.0539503
-0.052762
-0.0514466
-0.0500098
-0.0485059
-0.046891
-0.0451704
-0.0433493
-0.041433
-0.0394799
-0.0374413
-0.0353219
-0.0331266
-0.0308603
-0.0285819
-0.0262429
-0.0238483
-0.0214024
-0.0189095
-0.0164242
-0.0139007
-0.0113442
-0.00875985
-0.00615312
-0.00357427
-0.000983201
0.00161501
0.00421499
0.006811
0.00935859
0.0118901
0.0143994
0.0168805
0.019327
0.0217016
0.0240281
0.0262992
0.0285077
0.0306464
0.0326861
0.0346421
0.0365076
0.0382756
0.0399394
0.0414796
0.0429014
0.0441979
0.0453623
0.0463885
0.0472696
0.0480027
0.0485837
0.0490086
0.0492733
0.0493834
0.0493254
0.0490965
0.0486956
0.0481232
0.0474021
0.0465117
0.0454529
0.0442265
0.0428341
0.0413122
0.0396322
0.0378
0.0358222
0.0337052
0.0314982
0.0291646
0.0267118
0.024149
0.0214866
0.0187855
0.0160069
0.0131614
0.0102593
0.0073118
0.00438369
0.00143613
-0.00151662
-0.00446053
-0.00738247
-0.0102202
-0.013012
-0.0157458
-0.0184089
-0.0209881
-0.0234286
-0.0257612
-0.0279753
-0.0300613
-0.0320094
-0.0337803
-0.0353936
-0.0368402
-0.0381123
-0.0392038
-0.0400973
-0.0408015
-0.0413124
-0.0416261
-0.0417393
-0.041656
-0.0413705
-0.0408845
-0.0402011
-0.0393232
-0.0382785
-0.0370458
-0.0356292
-0.0340349
-0.0322706
-0.0303868
-0.0283522
-0.0261763
-0.0238686
-0.0214387
-0.018951
-0.0163634
-0.013689
-0.0109408
-0.00813207
-0.00533564
-0.00250402
0.000349796
0.00321203
0.00606837
0.00884481
0.011588
0.0142858
0.0169268
0.0194998
0.0219402
0.024289
0.0265349
0.0286672
0.0306769
0.032516
0.0342171
0.0357728
0.0371753
0.0384173
0.0394701
0.0403526
0.0410626
0.0415992
0.0419617
0.0421465
0.0421553
0.0419883
0.041647
0.0411349
0.0404735
0.0396507
0.0386713
0.0375401
0.0362622
0.0348789
0.0333631
0.0317232
0.0299679
0.028106
0.0261942
0.0241934
0.0221138
0.0199667
0.017764
0.015573
0.0133475
0.0110963
0.00882856
0.00655422
0.00434233
0.00214681
-2.09826e-05
-0.00215092
-0.00423427
-0.00621018
-0.00812083
-0.00995319
-0.0116952
-0.0133356
-0.0148225
-0.0161905
-0.0174329
-0.018544
-0.0195181
-0.0203237
-0.0209839
-0.0214965
-0.0218616
-0.0220804
-0.0221459
-0.0220694
-0.0218534
-0.0215019
-0.0210205
-0.0204245
-0.0197138
-0.0188968
-0.0179816
-0.0169762
-0.0159107
-0.0147723
-0.0135718
-0.0123205
-0.0110298
-0.00974082
-0.00843212
-0.00711348
-0.0057947
-0.00448575
-0.00322978
-0.00200086
-0.000807251
0.000343546
0.00144448
0.00245733
0.00340903
0.00429395
0.0051075
0.00584638
0.00648274
0.00704271
0.00752542
0.00793034
0.00825747
0.00848967
0.00864798
0.00873481
0.0087531
0.00870616
0.00858775
0.00841301
0.00818668
0.00791403
0.00760067
0.00724888
0.0068681
0.00646384
0.00604151
0.00560659
0.00516534
0.00472216
0.00428211
0.00384986
0.00342968
0.00302804
0.00264518
0.00228414
0.00194745
0.00163714
0.00135723
0.00110543
0.000882248
0.000687683
0.000521269
0.000383526
0.000270978
0.000181847
0.000113984
6.49227e-05
3.23357e-05
1.25765e-05
2.62191e-06
-6.69802e-07
-4.94783e-07
-0
-0
-0
-0
-0
-0
-0
-0
-0
-0
-0
-0
-0
-0
-0
-0
-0
-0
-0
-0
-0
-0
-0
-0
-0
-0
-0
-0
-0
-0
-0
-0
-0
-0
-0
0
0
0
0
0
0
0
0
0
0
0
0
0
0
0
0
0
0
0
0
0
0
0
0
0
0
0
0
0
0
0
0
0
0
0
0
0
0
0
0
0
0
0
0
0
0
0
0
0
0
0
0
0
-0
-0
-0
-0
-0
-0
-0
-0
-0
-0
-0
-0
-0
-0
-0
-0
-0
-0
-0
-0
-0
-0
-0
-0
-0
-0
-0
-0
-0
-0
-0
-0
-0
-0
-0
-0
0
0
0
0
0
0
0
0
0
0
0
0
0
0
0
0
0
0
0
0
0
0
0
0
0
0
0
0
0
0
0
0
0
0
0
0
0
0
0
0
0
0
0
0
0
0
0
0
0
0
0
0
0
0
0
0
0
0
0
0
0
0
0
-0
-0
-0
-0
-0
-0
-0
-0
-0
-0
-0
-0
-0
-0
-0
-0
-0
-0
-0
-0
-0
-0
-0
0
0
0
0
0
0
0
0
0
0
0
0
0
0
0
0
0
0
0
0
0
0
0
0
0
0
0
0
0
0
0
0
0
0
0
0
0
0
0
0
0
0
0
0
0
0
0
0
0
0
0
0
0
0
0
0
0
0
0
0
0
0
0
0
0
0
0
0
0
0
0
0
0
0
0
0
0
0
0
0
0
0
0
0
0
0
0
0
0
0
0
0
0
0
0
0
0
0
0
0
0
0
0
0
0
0
0
0
0
0
0
0
0
0
0
0
0
0
0
0
0
0
0
0
0
0
0
0
0
0
0
0
0
0
0
0
0
0
0
0
0
0
0
0
0
0
0
0
0
0
0
0
0
0
0
0
0
0
0
0
0
0
0
0
0
0
0
0
0
0
0
0
0
0
