3.80743e-05
7.65748e-05
0.000132346
0.000207664
0.000304523
0.000424607
0.000569261
0.000739463
0.000935794
0.00115841
0.00140702
0.00168087
0.00197876
0.00229901
0.00263951
0.0029977
0.00337063
0.00375493
0.00414687
0.00454242
0.00493719
0.00532655
0.00570561
0.00606926
0.00641231
0.0067295
0.00701559
0.00726542
0.0074739
0.00763605
0.00774706
0.00780239
0.00779788
0.00772984
0.0075951
0.00739097
0.00711519
0.0067659
0.00634168
0.00584165
0.00526561
0.00461412
0.00388863
0.00309133
0.00222516
0.0012936
0.000300679
-0.000749071
-0.00185053
-0.0029979
-0.0041847
-0.00540376
-0.00664744
-0.00790778
-0.0091767
-0.010446
-0.0117075
-0.0129523
-0.0141716
-0.0153556
-0.0164949
-0.0175798
-0.0186014
-0.0195515
-0.0204222
-0.0212062
-0.0218962
-0.0224846
-0.0229646
-0.0233296
-0.0235743
-0.0236944
-0.0236871
-0.0235502
-0.0232822
-0.0228822
-0.0223499
-0.0216861
-0.0208924
-0.0199721
-0.0189295
-0.0177697
-0.0164983
-0.0151216
-0.0136461
-0.0120793
-0.0104295
-0.00870596
-0.00692096
-0.00508571
-0.00320808
-0.00129583
0.000643359
0.00260179
0.00457155
0.0065443
0.00851132
0.0104636
0.0123924
0.014289
0.0161453
0.0179536
0.0197062
0.0213952
0.0230127
0.0245506
0.026001
0.0273565
0.0286105
0.0297569
0.0307901
0.0317051
0.0324969
0.0331611
0.0336938
0.0340919
0.0343528
0.0344749
0.0344574
0.0343001
0.0340035
0.0335685
0.0329969
0.0322907
0.0314528
0.0304862
0.0293951
0.028184
0.0268584
0.0254243
0.0238883
0.0222575
0.0205393
0.0187415
0.0168724
0.0149409
0.0129564
0.0109285
0.00886719
0.0067826
0.00468505
0.00258502
0.000493151
-0.00157994
-0.00362389
-0.00562871
-0.00758492
-0.00948337
-0.0113151
-0.0130713
-0.0147432
-0.0163225
-0.0178013
-0.0191725
-0.0204298
-0.0215674
-0.0225802
-0.0234633
-0.0242123
-0.0248237
-0.0252945
-0.0256226
-0.0258068
-0.0258469
-0.0257432
-0.0254971
-0.0251108
-0.0245873
-0.0239302
-0.0231435
-0.0222318
-0.0212003
-0.0200545
-0.0188012
-0.0174477
-0.0160021
-0.014473
-0.0128692
-0.0111996
-0.009473
-0.00769844
-0.00588516
-0.00404259
-0.00218028
-0.000307822
0.00156527
0.00342958
0.00527584
0.00709494
0.00887805
0.0106167
0.0123027
0.0139282
0.0154859
0.0169686
0.0183695
0.0196824
0.0209019
0.0220234
0.023043
0.0239577
0.0247652
0.0254638
0.0260523
0.0265305
0.0268989
0.0271587
0.0273118
0.0273607
0.0273083
0.0271578
0.026913
0.0265778
0.0261567
0.0256543
0.0250756
0.0244256
0.0237099
0.0229339
0.0221036
0.0212247
0.0203031
0.0193447
0.0183552
0.0173405
0.0163063
0.0152582
0.0142016
0.0131414
0.0120818
0.0110263
0.00997829
0.00894065
0.00791616
0.00690736
0.00591643
0.0049451
0.00399464
0.00306584
0.00215915
0.00127465
0.000412015
-0.000429467
-0.00125093
-0.0020538
-0.00283966
-0.00361011
-0.0043667
-0.00511102
-0.00584474
-0.00656972
-0.00728798
-0.00800154
-0.00871231
-0.00942195
-0.0101318
-0.0108427
-0.0115555
-0.0122707
-0.0129885
-0.0137091
-0.0144323
-0.0151579
-0.0158854
-0.0166141
-0.0173427
-0.0180696
-0.0187926
-0.0195091
-0.0202163
-0.0209111
-0.0215902
-0.0222501
-0.0228872
-0.0234971
-0.0240755
-0.0246174
-0.0251178
-0.0255715
-0.0259733
-0.0263177
-0.0265995
-0.0268134
-0.0269547
-0.0270187
-0.0270013
-0.0268985
-0.0267063
-0.0264212
-0.0260394
-0.0255575
-0.0249724
-0.0242815
-0.0234829
-0.022575
-0.0215571
-0.0204292
-0.0191921
-0.0178474
-0.0163973
-0.0148444
-0.0131921
-0.0114442
-0.00960517
-0.00768029
-0.00567559
-0.00359788
-0.00145463
0.000746121
0.00299583
0.00528542
0.00760535
0.00994561
0.0122959
0.0146456
0.0169841
0.0193002
0.0215825
0.0238194
0.0259985
0.0281077
0.0301346
0.0320675
0.0338948
0.0356054
0.0371885
0.0386336
0.0399307
0.0410705
0.0420441
0.0428434
0.043461
0.0438899
0.0441237
0.0441568
0.0439846
0.0436039
0.0430128
0.0422106
0.0411977
0.0399755
0.0385462
0.0369129
0.0350799
0.0330527
0.0308377
0.0284424
0.0258751
0.0231453
0.0202635
0.0172417
0.0140927
0.0108308
0.00747071
0.00402815
0.000519136
-0.0030399
-0.00663219
-0.0102408
-0.0138485
-0.0174382
-0.0209927
-0.0244949
-0.0279276
-0.0312734
-0.034515
-0.0376353
-0.0406174
-0.0434453
-0.0461035
-0.0485778
-0.0508545
-0.0529211
-0.0547666
-0.0563808
-0.0577552
-0.0588827
-0.0597573
-0.0603746
-0.0607317
-0.0608268
-0.0606599
-0.0602323
-0.059547
-0.0586079
-0.0574205
-0.055991
-0.0543274
-0.0524386
-0.0503347
-0.0480272
-0.0455284
-0.0428516
-0.0400107
-0.0370207
-0.0338972
-0.0306565
-0.0273157
-0.0238921
-0.0204035
-0.0168677
-0.0133024
-0.00972558
-0.00615521
-0.00260916
0.000894842
0.00433935
0.00770734
0.0109824
0.0141486
0.017191
0.0200953
0.0228478
0.0254361
0.0278483
0.0300739
0.0321031
0.0339276
0.0355401
0.0369346
0.0381064
0.0390518
0.0397684
0.040255
0.0405112
0.0405385
0.040339
0.0399163
0.0392753
0.0384218
0.0373625
0.0361054
0.0346592
0.0330335
0.0312389
0.0292866
0.0271885
0.0249573
0.0226061
0.0201485
0.0175986
0.0149708
0.0122793
0.0095388
0.00676372
0.00396859
0.0011679
-0.00162401
-0.00439305
-0.0071255
-0.00980812
-0.0124281
-0.0149733
-0.0174321
-0.0197933
-0.0220468
-0.0241831
-0.0261936
-0.0280706
-0.029807
-0.0313965
-0.0328337
-0.0341142
-0.0352344
-0.0361917
-0.0369847
-0.0376127
-0.0380758
-0.038375
-0.0385121
-0.0384901
-0.0383127
-0.0379842
-0.0375101
-0.0368958
-0.0361477
-0.0352726
-0.0342778
-0.0331714
-0.0319618
-0.030658
-0.0292691
-0.0278046
-0.0262742
-0.0246876
-0.0230549
-0.021386
-0.019691
-0.0179793
-0.0162607
-0.0145443
-0.0128397
-0.0111559
-0.00950197
-0.00788646
-0.0063174
-0.00480231
-0.00334819
-0.00196162
-0.000648784
0.000584627
0.00173348
0.00279328
0.00376019
0.00463098
0.00540293
0.00607391
0.00664235
0.00710732
0.00746857
0.00772649
0.00788196
0.00793631
0.00789128
0.00774907
0.00751236
0.00718441
0.00676896
0.00627017
0.00569255
0.00504087
0.00432021
0.00353597
0.00269384
0.00179978
0.000859893
-0.000119661
-0.00113266
-0.00217283
-0.00323376
-0.00430899
-0.00539201
-0.00647639
-0.0075559
-0.00862444
-0.00967611
-0.0107051
-0.0117059
-0.012673
-0.0136015
-0.0144867
-0.0153243
-0.0161104
-0.0168413
-0.0175136
-0.0181244
-0.018671
-0.0191515
-0.0195642
-0.0199079
-0.0201817
-0.0203849
-0.0205174
-0.0205794
-0.0205716
-0.0204952
-0.0203516
-0.0201424
-0.0198697
-0.0195356
-0.0191427
-0.0186941
-0.0181931
-0.0176434
-0.0170487
-0.0164127
-0.0157394
-0.0150331
-0.014298
-0.0135387
-0.0127599
-0.0119662
-0.0111618
-0.0103514
-0.00953932
-0.00873003
-0.00792798
-0.00713744
-0.0063625
-0.00560703
-0.00487479
-0.00416946
-0.00349463
-0.00285373
-0.00224985
-0.00168573
-0.00116377
-0.000686152
-0.000254934
0.000127943
0.000460774
0.000742237
0.000971491
0.00114814
0.00127209
0.00134343
0.00136236
0.00132925
0.00124479
0.00111004
0.000926425
0.000695591
0.000419313
9.94782e-05
-0.000261804
-0.000662061
-0.0010984
-0.00156759
-0.00206633
-0.00259139
-0.00313978
-0.00370858
-0.00429479
-0.00489505
-0.00550573
-0.00612298
-0.00674304
-0.00736237
-0.00797767
-0.0085858
-0.00918356
-0.00976768
-0.0103348
-0.0108819
-0.0114057
-0.0119037
-0.0123734
-0.0128124
-0.0132185
-0.0135898
-0.0139242
-0.0142204
-0.014477
-0.014693
-0.0148674
-0.0149995
-0.0150887
-0.0151351
-0.0151387
-0.0151001
-0.0150201
-0.0148996
-0.0147395
-0.0145406
-0.0142977
-0.0140116
-0.0136848
-0.0133203
-0.0129211
-0.0124907
-0.0120323
-0.0115497
-0.0110466
-0.010527
-0.00999485
-0.00945396
-0.0089082
-0.00836142
-0.00781751
-0.00728032
-0.00675351
-0.00624043
-0.005744
-0.00526675
-0.00481096
-0.00437872
-0.003972
-0.00359255
-0.00324178
-0.00292067
-0.00262976
-0.00236919
-0.00213884
-0.00193836
-0.00176719
-0.00162452
-0.00150927
-0.00142009
-0.00135541
-0.00131353
-0.00129259
-0.00129058
-0.00130536
-0.0013347
-0.00137632
-0.00142795
-0.0014874
-0.00155256
-0.00162133
-0.00169163
-0.00176141
-0.00182877
-0.00189199
-0.00194961
-0.00200042
-0.0020434
-0.00207763
-0.00210233
-0.00211685
-0.00212068
-0.00211358
-0.00209548
-0.00206654
-0.00202706
-0.00197748
-0.00191836
-0.00185038
-0.00177434
-0.00169116
-0.00160181
-0.00150734
-0.00140882
-0.00130735
-0.00120405
-0.00110007
-0.000996486
-0.000894372
-0.000794711
-0.000698416
-0.000606327
-0.000519206
-0.000437735
-0.000362498
-0.000293971
-0.000232511
-0.00017836
-0.000131642
-9.23694e-05
-6.04455e-05
-3.56682e-05
-1.7733e-05
-6.24099e-06
-7.06976e-07
-0
-0
-0
-0
-0
-0
-0
-0
-0
-0
-0
-0
-0
-0
-0
-0
-0
-0
-0
-0
-0
-0
0
0
0
0
0
0
0
0
0
0
0
0
0
0
0
0
0
0
0
0
0
0
0
0
0
0
0
0
-0
-0
-0
-0
-0
-0
-0
-0
-0
-0
-0
-0
-0
-0
-0
-0
-0
-0
-0
-0
-0
-0
-0
-0
-0
-0
-0
-0
-0
-0
-0
-0
-0
-0
-0
-0
-0
-0
-0
-0
-0
-0
-0
-0
-0
-0
-0
-0
-0
-0
-0
-0
-0
-0
-0
-0
-0
-0
-0
-0
-0
-0
-0
0
0
0
0
0
0
0
0
0
0
0
0
0
0
0
0
0
0
0
0
0
0
0
0
0
0
0
0
0
0
0
0
0
0
0
0
0
0
0
0
0
0
0
0
0
0
0
0
0
0
-0
-0
-0
-0
-0
-0
-0
-0
-0
-0
-0
-0
-0
-0
-0
-0
-0
-0
-0
-0
-0
-0
-0
-0
-0
-0
-0
-0
-0
-0
-0
-0
-0
-0
-0
-0
-0
0
0
0
0
0
0
0
0
0
0
0
0
0
0
0
0
0
0
0
0
0
0
0
0
0
0
0
0
0
0
0
0
0
0
0
0
0
0
0
0
0
0
0
0
0
0
0
0
0
0
0
0
0
0
0
0
0
0
0
0
0
0
0
0
0
0
0
0
0
0
0
0
0
0
0
0
0
0
0
0
0
0
0
0
0
0
0
0
0
0
0
0
0
0
0
0
0
0
0
0
0
0
0
0
0
0
0
0
0
0
0
0
0
0
0
0
0
0
0
0
0
0
0
0
0
0
0
0
0
0
0
0
0
1.08431e-05
9.13143e-05
0.000248209
0.000478906
0.000780608
0.00115042
0.0015854
0.00208256
0.00263888
0.00325135
0.00391701
0.00463304
0.00539682
0.00620601
0.00705853
0.00795261
0.00888668
0.00985924
0.0108688
0.0119139
0.0129933
0.0141061
0.0152521
0.0164316
0.0176449
0.0188922
0.020173
0.0214863
0.0228307
0.0242055
0.0256107
0.0270468
0.0285147
0.0300145
0.0315455
0.0331063
0.0346953
0.0363112
0.0379534
0.0396213
0.0413136
0.0430285
0.0447635
0.0465158
0.0482835
0.0500652
0.0518603
0.053668
0.0554871
0.0573157
0.0591506
0.0609884
0.0628258
0.0646601
0.0664897
0.0683128
0.0701286
0.071936
0.0737334
0.0755187
0.0772876
0.0790363
0.0807625
0.0824661
0.0841501
0.0858171
0.087469
0.0891051
0.090722
0.0923156
0.0938813
0.0954187
0.0969306
0.0984211
0.0998941
0.101349
0.102784
0.104197
0.105585
0.106952
0.1083
0.109633
0.110952
0.112251
0.113525
0.114765
0.115969
0.117134
0.118262
0.11935
0.120413
0.121502
0.122617
0.123753
0.124903
0.126067
0.127245
0.128431
0.129622
0.130805
0.131979
0.13314
0.134281
0.1354
0.136484
0.137536
0.13855
0.13952
0.140437
0.141289
0.142078
0.142801
0.143456
0.144042
0.144549
0.144983
0.14534
0.145618
0.145812
0.145912
0.145923
0.145844
0.145673
0.145409
0.145047
0.144589
0.144032
0.143374
0.142612
0.141747
0.140772
0.139685
0.138485
0.137171
0.135759
0.134243
0.13263
0.130923
0.129125
0.127258
0.125303
0.123262
0.121142
0.118953
0.116735
0.114467
0.112158
0.109815
0.107445
0.10509
0.102723
0.100355
0.0979952
0.0956548
0.0933822
0.0911476
0.0889602
0.086829
0.0847638
0.0828115
0.0809472
0.0791836
0.0775342
0.0760134
0.0746611
0.0734623
0.0724257
0.0715582
0.0708658
0.0703647
0.0700547
0.0699474
0.0700558
0.0703923
0.0709518
0.0717562
0.0728086
0.07411
0.075661
0.0774177
0.0794275
0.0816937
0.0842189
0.0870038
0.0899694
0.0931865
0.096646
0.100337
0.104249
0.108266
0.112482
0.116884
0.121458
0.126187
0.130923
0.135769
0.140701
0.145693
0.150722
0.155631
0.160524
0.165372
0.170143
0.174805
0.179206
0.183429
0.187443
0.191214
0.194709
0.197814
0.20058
0.202974
0.204964
0.206517
0.207573
0.208127
0.20815
0.207619
0.206517
0.204877
0.202638
0.199786
0.196304
0.192181
0.187541
0.182245
0.176296
0.169703
0.162476
0.154846
0.146608
0.137779
0.128381
0.118442
0.108285
0.0976573
0.0865966
0.0751445
0.0633464
0.0515854
0.0395868
0.0274128
0.0151284
0.00279828
-0.00918018
-0.0210794
-0.0328357
-0.0443813
-0.0556433
-0.0662576
-0.0764387
-0.0861143
-0.0952149
-0.103673
-0.111227
-0.118006
-0.123944
-0.128978
-0.133049
-0.136047
-0.137975
-0.138785
-0.138436
-0.136889
-0.134234
-0.130331
-0.125168
-0.118738
-0.111039
-0.102374
-0.0924533
-0.0812938
-0.0689233
-0.0553796
-0.0411773
-0.0259008
-0.00960773
0.00763829
0.0257669
0.0441041
0.0631606
0.0828439
0.103055
0.123692
0.143987
0.164489
0.185084
0.205651
0.226066
0.24556
0.264652
0.283219
0.301139
0.318292
0.334022
0.348748
0.362356
0.374737
0.385784
0.395051
0.402787
0.408901
0.413312
0.415946
0.416654
0.415473
0.41236
0.40728
0.400202
0.39131
0.380393
0.367455
0.352518
0.335617
0.317292
0.297099
0.275097
0.25136
0.225971
0.199776
0.172134
0.143158
0.112969
0.0816937
0.0503891
0.0182772
-0.0144876
-0.047742
-0.0813183
-0.114062
-0.146798
-0.179365
-0.211599
-0.243331
-0.273454
-0.302729
-0.330988
-0.358069
-0.383821
-0.407345
-0.429255
-0.449414
-0.467687
-0.483949
-0.497616
-0.509064
-0.518211
-0.524989
-0.529339
-0.531086
-0.530308
-0.526971
-0.521059
-0.512572
-0.501783
-0.488469
-0.472674
-0.454458
-0.433891
-0.411665
-0.387262
-0.360785
-0.332346
-0.302072
-0.270993
-0.23836
-0.204331
-0.169078
-0.132784
-0.0967121
-0.0599796
-0.0227782
0.0147009
0.0522665
0.0886096
0.12466
0.16023
0.195134
0.229192
0.261205
0.29204
0.321546
0.34958
0.376005
0.399875
0.421878
0.441899
0.459833
0.475591
0.488593
0.499284
0.507617
0.513554
0.517068
0.518002
0.516501
0.512582
0.506277
0.497636
0.486936
0.474021
0.458963
0.441842
0.422748
0.402325
0.380138
0.356305
0.330952
0.304208
0.276993
0.248667
0.219375
0.189268
0.158494
0.128118
0.0973621
0.0663668
0.0352721
0.00422297
-0.0257024
-0.0552891
-0.084398
-0.1129
-0.140676
-0.166784
-0.191957
-0.216097
-0.239107
-0.260894
-0.280723
-0.29917
-0.316174
-0.331683
-0.345656
-0.357651
-0.368048
-0.376828
-0.38398
-0.389502
-0.393255
-0.395397
-0.395949
-0.394942
-0.392415
-0.388518
-0.383202
-0.376527
-0.368553
-0.359347
-0.349283
-0.338137
-0.325997
-0.312957
-0.299112
-0.28499
-0.270233
-0.254919
-0.239122
-0.222924
-0.206914
-0.190685
-0.174333
-0.157946
-0.141609
-0.125887
-0.110357
-0.0950844
-0.0801338
-0.0655678
-0.0518737
-0.0386719
-0.026005
-0.0139102
-0.00242118
0.00809796
0.0179521
0.0271196
0.0355874
0.0433514
0.0501909
0.0563372
0.0617989
0.0665848
0.0707049
0.0740492
0.0767605
0.0788645
0.0803922
0.081378
0.0818113
0.0817737
0.0813012
0.0804308
0.0792012
0.0776537
0.0758273
0.0737624
0.0714993
0.0690784
0.0665598
0.0639602
0.0613147
0.0586555
0.0560109
0.0534256
0.0508983
0.0484448
0.0460776
0.0438074
0.0416558
0.0396183
0.0377022
0.0359139
0.0342562
0.0327359
0.0313296
0.0300161
0.0287696
0.0275634
0.0264001
0.0252368
0.0240608
0.0228606
0.0216217
0.0203861
0.019067
0.0176375
0.0160722
0.0143498
0.0125727
0.0106079
0.00844269
0.00606376
0.00345821
0.000803641
-0.00209781
-0.00525208
-0.00866274
-0.0123312
-0.015997
-0.0199131
-0.0240679
-0.0284441
-0.0330204
-0.0374606
-0.042055
-0.0467832
-0.0516263
-0.0565638
-0.0612346
-0.0659431
-0.0706546
-0.0753349
-0.0799543
-0.0841703
-0.088276
-0.0922477
-0.0960596
-0.099683
-0.102836
-0.105739
-0.108364
-0.110691
-0.112701
-0.114238
-0.115425
-0.116244
-0.116677
-0.11671
-0.116331
-0.115533
-0.114314
-0.112675
-0.11062
-0.108307
-0.105588
-0.10247
-0.0989594
-0.0950646
-0.0910974
-0.0867744
-0.082118
-0.0771555
-0.0719169
-0.0668508
-0.0615664
-0.0560883
-0.0504382
-0.0446393
-0.0392109
-0.0337013
-0.0281524
-0.0226029
-0.0170847
-0.0121246
-0.00724656
-0.00247537
0.00216256
0.00663791
0.0104677
0.0140641
0.0173942
0.0204349
0.0231718
0.025252
0.0269973
0.0283873
0.0294042
0.0300365
0.0300909
0.0297499
0.0290133
0.0278855
0.0263734
0.0244738
0.022199
0.0195536
0.016548
0.0131981
0.00969224
0.00587964
0.00177729
-0.00259841
-0.0072305
-0.0117738
-0.016531
-0.0214766
-0.0265835
-0.0318251
-0.0367316
-0.0417146
-0.0467458
-0.0518023
-0.0568648
-0.0614097
-0.0659114
-0.0703396
-0.0746675
-0.0788745
-0.0824367
-0.0858354
-0.089051
-0.0920731
-0.0948973
-0.097069
-0.0990181
-0.100691
-0.102049
-0.103089
-0.10347
-0.103527
-0.10325
-0.102637
-0.101693
-0.100225
-0.0984452
-0.096368
-0.0940162
-0.0914159
-0.0885385
-0.0854426
-0.0821336
-0.0786228
-0.0749327
-0.0711828
-0.067317
-0.0633655
-0.0593502
-0.0552843
-0.0513687
-0.0474206
-0.0434614
-0.0395191
-0.0356238
-0.032055
-0.0285775
-0.0252041
-0.0219351
-0.0187656
-0.0159626
-0.0132664
-0.0106997
-0.00827909
-0.00601056
-0.0041361
-0.00240196
-0.000807806
0.000651112
0.00198122
0.00299031
0.0038798
0.00464592
0.00529374
0.00583525
0.00614543
0.00637405
0.00652141
0.00659075
0.00658931
0.00644556
0.00625331
0.00601915
0.00575159
0.00545958
0.00511493
0.00476058
0.0043992
0.00403439
0.00367062
0.00330658
0.0029528
0.00261233
0.00228775
0.00198131
0.00170361
0.00144703
0.00121295
0.00100152
0.000812094
0.000655288
0.000517644
0.000399319
0.000299586
0.000217017
0.000157557
0.000109886
7.2833e-05
4.49364e-05
2.47632e-05
1.37281e-05
6.60543e-06
2.5776e-06
6.65504e-07
