0
0
0
0
0
0
0
0
0
0
0
0
0
0
0
0
0
0
0
0
0
0
0
0
0
0
0
0
0
0
0
0
0
0
0
0
0
0
0
0
0
0
0
0
0
0
0
0
0
0
0
0
0
0
0
0
0
0
0
0
0
0
0
0
0
0
0
0
0
0
0
0
0
0
0
0
0
0
0
0
0
0
0
0
0
0
0
0
0
0
0
0
0
0
0
0
0
0
0
0
0
0
0
0
0
0
0
0
0
0
0
0
0
0
0
0
0
0
0
0
0
0
0
0
0
0
0
0
0
0
0
0
0
0
0
0
0
0
0
0
0
0
0
0
0
0
0
0
0
0
0
0
0
0
0
0
0
0
0
0
0
0
0
0
0
0
0
0
0
0
0
0
0
0
0
0
0
0
0
0
0
0
0
0
0
0
0
0
0
0
0
0
0
0
0
0
0
0
0
0
0
-3.66242e-07
-1.46743e-06
-3.16373e-06
-5.29708e-06
-7.69463e-06
-1.01707e-05
-1.25288e-05
-1.4564e-05
-1.60658e-05
-1.68212e-05
-1.66179e-05
-1.52459e-05
-1.25012e-05
-8.18778e-06
-2.12178e-06
5.86527e-06
1.59241e-05
2.81868e-05
4.2766e-05
5.97531e-05
7.92138e-05
0.000101182
0.000125655
0.000152591
0.000181916
0.000213525
0.000247289
0.000283053
0.000320626
0.000359772
0.000400208
0.000441605
0.000483602
0.000525817
0.000567854
0.0006093
0.000649717
0.000688636
0.000725558
0.000759963
0.000791334
0.000819163
0.000842962
0.000862258
0.000876587
0.000885495
0.000888547
0.000885332
0.000875478
0.000858653
0.000834564
0.000802948
0.000763581
0.00071629
0.000660966
0.00059759
0.000526231
0.000447041
0.000360248
0.000266142
0.000165079
5.74901e-05
-5.61072e-05
-0.000175111
-0.000298848
-0.00042659
-0.000557576
-0.000691006
-0.000826039
-0.00096177
-0.00109723
-0.00123138
-0.00136318
-0.00149156
-0.00161551
-0.00173401
-0.00184608
-0.00195072
-0.0020469
-0.00213361
-0.00220988
-0.00227485
-0.00232778
-0.00236804
-0.00239514
-0.00240861
-0.00240806
-0.00239316
-0.00236368
-0.00231952
-0.00226147
-0.00219027
-0.00210607
-0.00200912
-0.00189969
-0.00177811
-0.0016448
-0.00150025
-0.00134503
-0.00117979
-0.00100525
-0.000822165
-0.000631382
-0.000433807
-0.000230425
-2.22852e-05
0.000189526
0.000403915
0.000619788
0.000836043
0.00105154
0.00126508
0.00147541
0.0016812
0.00188117
0.00207405
0.00225864
0.00243378
0.00259833
0.00275113
0.00289105
0.00301698
0.00312791
0.00322293
0.00330125
0.00336216
0.00340502
0.00342922
0.0034342
0.00341954
0.00338492
0.00333019
0.00325535
0.00316046
0.00304566
0.00291115
0.00275722
0.00258425
0.00239284
0.0021837
0.00195773
0.00171589
0.00145922
0.00118882
0.00090581
0.000611431
0.000307022
-5.95116e-06
-0.000325913
-0.000651209
-0.000980142
-0.001311
-0.00164205
-0.0019716
-0.0022979
-0.00261921
-0.00293376
-0.00323975
-0.00353542
-0.00381901
-0.00408885
-0.00434334
-0.00458095
-0.00480024
-0.00499984
-0.00517844
-0.00533486
-0.00546799
-0.00557688
-0.00566071
-0.0057188
-0.00575055
-0.00575553
-0.00573339
-0.00568397
-0.00560728
-0.0055035
-0.00537298
-0.00521621
-0.00503378
-0.0048264
-0.00459488
-0.00434017
-0.00406338
-0.00376577
-0.00344874
-0.00311376
-0.00276245
-0.00239643
-0.00201746
-0.00162731
-0.00122786
-0.00082103
-0.000408791
6.85072e-06
0.000423851
0.000840136
0.00125361
0.00166217
0.00206375
0.00245631
0.0028379
0.00320664
0.00356068
0.00389826
0.0042177
0.00451736
0.00479576
0.00505151
0.00528337
0.00549024
0.00567117
0.00582534
0.00595213
0.00605104
0.00612175
0.00616408
0.00617796
0.00616347
0.00612082
0.00605037
0.00595264
0.00582833
0.0056783
0.00550352
0.00530509
0.00508419
0.00484209
0.00458014
0.00429979
0.00400255
0.00369
0.00336375
0.00302548
0.00267689
0.00231972
0.00195575
0.00158675
0.00121446
0.00084059
0.000466782
9.46394e-05
-0.000274275
-0.000638428
-0.000996322
-0.00134651
-0.00168763
-0.00201838
-0.00233758
-0.00264416
-0.00293715
-0.00321566
-0.00347893
-0.00372627
-0.00395708
-0.00417085
-0.00436715
-0.00454564
-0.00470609
-0.00484837
-0.00497248
-0.00507849
-0.00516655
-0.00523691
-0.00528986
-0.00532572
-0.00534491
-0.00534786
-0.00533506
-0.00530707
-0.00526446
-0.00520789
-0.00513804
-0.00505565
-0.00496146
-0.00485618
-0.00474053
-0.00461517
-0.00448075
-0.00433793
-0.00418736
-0.00402969
-0.00386559
-0.0036957
-0.00352062
-0.00334094
-0.00315721
-0.00296995
-0.00277963
-0.00258669
-0.00239151
-0.00219443
-0.00199577
-0.00179585
-0.00159499
-0.00139353
-0.00119178
-0.000990054
-0.000788596
-0.000587618
-0.000387297
-0.00018779
1.07459e-05
0.000208142
0.000404214
0.000598756
0.000791533
0.000982287
0.00117074
0.00135658
0.00153954
0.00171931
0.00189564
0.00206825
0.00223684
0.00240108
0.00256058
0.00271491
0.00286359
0.0030061
0.00314191
0.00327047
0.00339125
0.00350369
0.0036073
0.00370158
0.00378605
0.00386023
0.00392364
0.00397577
0.0040161
0.00404411
0.00405929
0.00406116
0.00404928
0.00402327
0.00398281
0.00392767
0.00385766
0.00377267
0.00367266
0.00355763
0.00342762
0.00328274
0.00312314
0.00294902
0.0027607
0.00255857
0.00234309
0.00211483
0.00187446
0.00162272
0.00136046
0.0010886
0.000808139
0.000520113
0.000225586
-7.43604e-05
-0.000378614
-0.000686028
-0.000995406
-0.0013055
-0.00161502
-0.00192264
-0.00222699
-0.00252667
-0.00282025
-0.00310628
-0.00338328
-0.00364981
-0.00390449
-0.00414597
-0.00437301
-0.00458442
-0.00477908
-0.00495598
-0.00511417
-0.00525282
-0.00537122
-0.00546878
-0.00554503
-0.00559958
-0.00563215
-0.00564256
-0.00563072
-0.00559666
-0.00554055
-0.00546265
-0.00536332
-0.00524305
-0.00510239
-0.00494202
-0.0047627
-0.00456532
-0.00435082
-0.00412027
-0.00387476
-0.0036155
-0.00334372
-0.00306075
-0.00276796
-0.00246677
-0.00215865
-0.00184511
-0.00152763
-0.00120774
-0.000886949
-0.000566787
-0.000248762
6.56273e-05
0.000374912
0.000677664
0.000972506
0.00125811
0.00153322
0.00179662
0.00204719
0.00228386
0.00250566
0.0027117
0.00290119
0.00307341
0.00322776
0.00336371
0.00348083
0.00357878
0.00365732
0.00371632
0.00375576
0.00377569
0.00377629
0.00375782
0.00372063
0.00366517
0.00359196
0.00350163
0.00339485
0.00327239
0.00313507
0.00298376
0.0028194
0.00264297
0.00245553
0.00225816
0.00205197
0.00183811
0.00161772
0.00139197
0.00116203
0.000929079
0.000694306
0.000458888
0.000223983
-9.27611e-06
-0.000239795
-0.000466515
-0.000688415
-0.000904513
-0.00111387
-0.00131558
-0.00150883
-0.00169282
-0.00186687
-0.00203032
-0.00218262
-0.00232325
-0.0024518
-0.0025679
-0.00267125
-0.00276164
-0.00283892
-0.00290298
-0.00295378
-0.00299136
-0.00301579
-0.00302724
-0.00302594
-0.00301219
-0.00298634
-0.00294883
-0.00290009
-0.00284063
-0.00277097
-0.00269166
-0.00260329
-0.0025065
-0.00240192
-0.00229026
-0.00217221
-0.0020485
-0.00191986
-0.001787
-0.00165065
-0.00151152
-0.00137032
-0.00122773
-0.00108446
-0.000941208
-0.000798642
-0.000657424
-0.000518178
-0.000381494
-0.000247929
-0.000118009
7.76657e-06
0.000128924
0.000245022
0.000355656
0.000460465
0.000559132
0.000651377
0.000736958
0.000815666
0.000887332
0.000951831
0.00100908
0.00105904
0.00110171
0.00113711
0.00116528
0.00118629
0.00120027
0.00120734
0.0012077
0.00120155
0.00118913
0.00117067
0.00114643
0.00111671
0.00108179
0.00104199
0.000997665
0.000949137
0.000896744
0.000840822
0.000781715
0.000719779
0.000655386
0.000588909
0.000520714
0.00045115
0.000380545
0.00030922
0.000237491
0.000165679
9.41047e-05
2.30834e-05
-4.70848e-05
-0.000116116
-0.000183744
-0.000249712
-0.00031378
-0.000375725
-0.000435348
-0.000492478
-0.000546968
-0.00059868
-0.000647484
-0.00069325
-0.000735855
-0.000775195
-0.000811191
-0.000843791
-0.000872964
-0.000898692
-0.000920965
-0.00093978
-0.000955149
-0.000967099
-0.00097567
-0.000980912
-0.000982877
-0.000981618
-0.000977196
-0.00096969
-0.000959201
-0.000945847
-0.000929754
-0.000911042
-0.000889823
-0.000866205
-0.000840304
-0.000812258
-0.000782223
-0.000750367
-0.000716859
-0.00068185
-0.00064548
-0.000607881
-0.000569191
-0.000529562
-0.000489157
-0.000448144
-0.000406681
-0.000364917
-0.000322987
-0.000281028
-0.000239177
-0.000197579
-0.000156379
-0.000115713
-7.57055e-05
-3.6468e-05
1.89571e-06
3.92817e-05
7.55803e-05
0.000110677
0.000144459
0.000176821
0.000207678
0.000236961
0.000264618
0.000290599
0.000314853
0.000337318
0.000357921
0.00037659
0.000393264
0.000407899
0.000420472
0.000430974
0.000439401
0.000445746
0.000449994
0.000452134
0.000452157
0.000450072
0.000445899
0.000439668
0.000431414
0.000421177
0.000408997
0.000394927
0.000379031
0.000361382
0.000342061
0.000321147
0.000298721
0.000274868
0.00024968
0.000223262
0.000195726
0.000167188
0.000137762
0.000107558
7.66842e-05
4.52478e-05
1.34319e-05
-1.85622e-05
-5.0532e-05
-8.22817e-05
-0.000113624
-0.000144379
-0.000174365
-0.000203399
-0.000231301
-0.000257903
-0.000283054
-0.000306622
-0.000328486
-0.000348533
-0.00036665
-0.000382455
-0.00039324
-0.000397951
-0.000396206
-0.000387739
-0.000372399
-0.000350145
-0.00032106
-0.000285356
-0.000243379
-0.000195614
-0.000142665
-8.5255e-05
-2.42175e-05
3.95065e-05
0.000104873
0.000170752
0.000235941
0.000299191
0.000359211
0.000414672
0.000464216
0.000506471
0.000540089
0.000563773
0.000576307
0.000576553
0.000563444
0.000535984
0.000493266
0.000434517
0.000359141
0.000266742
0.000157129
3.0289e-05
-0.000113625
-0.000274297
-0.000451228
-0.000643717
-0.000850857
-0.00107155
-0.00130454
-0.00154838
-0.00180146
-0.00206196
-0.00232785
-0.00259694
-0.00286694
-0.0031355
-0.00340029
-0.00365892
-0.00390902
-0.00414818
-0.00437391
-0.00458383
-0.0047756
-0.00494701
-0.00509599
-0.00522044
-0.00531847
-0.00538831
-0.00542849
-0.00543784
-0.00541536
-0.00536032
-0.00527218
-0.0051506
-0.00499561
-0.00480746
-0.00458689
-0.00433498
-0.00405305
-0.00374266
-0.00340537
-0.00304302
-0.00265759
-0.0022513
-0.00182674
-0.00138661
-0.0009338
-0.000471293
-2.1419e-06
0.000470524
0.000943502
0.00141358
0.00187761
0.00233252
0.00277541
0.00320324
0.00361305
0.00400224
0.00437009
0.00471509
0.00503531
0.00532917
0.00559521
0.00583207
0.00603879
0.00621395
0.00635666
0.00646627
0.00654233
0.00658491
0.00659336
0.00656754
0.00650748
0.00641351
0.0062867
0.00612739
0.00593649
0.00571495
0.00546376
0.00518457
0.00487822
0.00454637
0.00419088
0.00381369
0.00341714
0.00300253
0.00257158
0.0021261
0.00166807
0.00119998
0.000723876
0.000242166
-0.000242781
-0.000728656
-0.00121319
-0.00169417
-0.00216938
-0.00263666
-0.00309391
-0.00353945
-0.00397084
-0.00438602
-0.00478302
-0.00515996
-0.00551609
-0.00584909
-0.00615774
-0.00644094
-0.00669762
-0.00692817
-0.00713006
-0.00730235
-0.00744428
-0.0075553
-0.00763698
-0.00768715
-0.00770571
-0.0076927
-0.00764839
-0.00757557
-0.00747268
-0.0073406
-0.00718029
-0.00699276
-0.00678144
-0.00654522
-0.00628549
-0.00600389
-0.00570224
-0.00538444
-0.00505048
-0.00470237
-0.00434219
-0.00397214
-0.00359573
-0.00321411
-0.0028297
-0.00244491
-0.00206214
-0.00168378
-0.00131222
-0.000949854
-0.00059905
-0.000262148
6.0255e-05
0.000364349
0.000648104
0.000909605
0.00114704
0.00136223
0.00155
0.00170884
0.00183739
0.00193447
0.00200454
0.00204144
0.00204463
0.00201381
0.0019489
0.00185707
0.00173171
0.00157351
0.0013834
0.00116254
0.000920146
0.000649749
0.000352942
3.1537e-05
-0.000312394
-0.000668699
-0.00104269
-0.00143171
-0.00183304
-0.00224384
-0.00265468
-0.00306894
-0.00348331
-0.00389431
-0.00429839
-0.00468825
-0.00506428
-0.00542317
-0.0057616
-0.00607626
-0.00636398
-0.00662144
-0.00684564
-0.00703376
-0.00718322
-0.00729657
-0.00736655
-0.00739111
-0.00736845
-0.00729711
-0.00718621
-0.00702463
-0.00681172
-0.00654706
-0.00623045
-0.00587728
-0.00547302
-0.00501886
-0.0045164
-0.0039676
-0.00339356
-0.00277784
-0.00212321
-0.0014329
-0.000710563
1.91542e-05
0.000772725
0.00154584
0.00233403
0.00313258
0.00391666
0.00470071
0.00547911
0.00624605
0.0069958
0.00770679
0.00838952
0.00903862
0.00964861
0.0102139
0.0107199
0.0111704
0.0115603
0.011885
0.0121402
0.012322
0.0124268
0.0124511
0.0123919
0.0122466
0.0120235
0.0117104
0.0113059
0.0108094
0.0102209
0.00956239
0.00881323
0.00797489
0.00704945
0.00603961
0.00497983
0.00384295
0.00263341
0.00135608
1.62716e-05
-0.00134262
-0.00275216
-0.00420565
-0.00569586
-0.00721515
-0.00871551
-0.0102292
-0.0117482
-0.0132641
-0.0147684
-0.0162143
-0.0176305
-0.019008
-0.0203381
-0.0216125
-0.0227932
-0.0239021
-0.0249313
-0.0258727
-0.0267187
-0.0274448
-0.0280621
-0.0285652
-0.0289488
-0.0292085
-0.0293381
-0.0293355
-0.0291978
-0.0289226
-0.0285087
-0.027971
-0.0272938
-0.0264777
-0.025524
-0.0244348
-0.0232455
-0.0219277
-0.020486
-0.0189255
-0.0172519
-0.0155174
-0.0136827
-0.0117554
-0.00974372
-0.00765682
-0.00555906
-0.0034051
-0.00120469
0.00103212
0.00329494
0.00551543
0.00774034
0.00995868
0.0121593
0.0143313
0.0164098
0.0184378
0.0204047
0.0222999
0.0241134
0.0257926
0.0273714
0.0288411
0.0301936
0.0314214
0.0324902
0.0334215
0.0342099
0.0348509
0.0353405
0.0356673
0.0358367
0.0358469
0.0356968
0.0353863
0.0349279
0.0343111
0.0335379
0.0326114
0.0315349
0.0303435
0.0290116
0.0275446
0.0259487
0.0242304
0.0224426
0.0205474
0.018553
0.0164681
0.0143021
0.0121197
0.00987495
0.00757745
0.00523713
0.00286414
0.000528024
-0.00182041
-0.0041713
-0.00651502
-0.00884222
-0.0110868
-0.0132969
-0.0154639
-0.0175796
-0.019636
-0.0215763
-0.0234426
-0.025228
-0.0269259
-0.0285304
-0.0299988
-0.0313636
-0.0326211
-0.033768
-0.0348013
-0.0356957
-0.0364719
-0.0371285
-0.0376644
-0.0380793
-0.0383657
-0.0385318
-0.0385785
-0.0385069
-0.0383184
-0.038022
-0.0376128
-0.0370936
-0.0364677
-0.0357388
-0.0349306
-0.0340269
-0.0330316
-0.0319484
-0.0307811
-0.0295645
-0.0282718
-0.0269072
-0.0254751
-0.0239801
-0.0224655
-0.0208975
-0.0192809
-0.0176203
-0.0159204
-0.0142292
-0.0125069
-0.0107573
-0.00898405
-0.00719081
-0.00542778
-0.00365283
-0.00187033
-8.46659e-05
0.00169993
0.00343314
0.00515778
0.00687042
0.00856756
0.0102456
0.0118566
0.0134411
0.0149955
0.0165164
0.0180002
0.0194037
0.0207625
0.0220724
0.0233294
0.0245295
0.0256368
0.0266801
0.0276561
0.0285611
0.0293917
0.0301217
0.0307695
0.0313314
0.0318037
0.0321827
0.0324556
0.0326284
0.0326984
0.0326627
0.0325192
0.0322709
0.0319104
0.0314356
0.0308447
0.0301363
0.0293311
0.0284072
0.0273647
0.0262041
0.0249262
0.02357
0.0220996
0.0205172
0.0188262
0.0170301
0.0151849
0.0132428
0.0112085
0.00908745
0.0068858
0.00467344
0.00239522
5.9047e-05
-0.00232703
-0.0047548
-0.00714779
-0.00956498
-0.0119967
-0.0144329
-0.0168628
-0.0192095
-0.0215291
-0.0238114
-0.026046
-0.0282223
-0.0302721
-0.0322427
-0.0341238
-0.0359058
-0.0375791
-0.0390927
-0.0404795
-0.0417314
-0.0428404
-0.0437993
-0.044581
-0.0452005
-0.0456527
-0.0459333
-0.0460385
-0.0459695
-0.0457204
-0.0452903
-0.044679
-0.0438871
-0.0429454
-0.0418273
-0.0405367
-0.0390783
-0.037458
-0.0357337
-0.0338611
-0.0318475
-0.0297012
-0.0274312
-0.0251157
-0.0226975
-0.0201882
-0.0176001
-0.0149454
-0.0123136
-0.0096402
-0.00693822
-0.00422096
-0.00150198
0.00112853
0.00373415
0.00630209
0.00881981
0.0112749
0.0135877
0.0158137
0.0179415
0.0199603
0.0218604
0.0235826
0.0251689
0.0266121
0.0279054
0.0290427
0.0299914
0.0307743
0.0313879
0.0318296
0.0320983
0.0321916
0.0321121
0.031861
0.0314403
0.0308526
0.0301244
0.0292371
0.0281959
0.0270073
0.0256786
0.0242615
0.0227204
0.0210638
0.0193004
0.0174399
0.0155508
0.0135851
0.011554
0.00946871
0.00734067
0.0052461
0.00313098
0.00100628
-0.00111688
-0.00322727
-0.00525058
-0.00723925
-0.00918316
-0.0110728
-0.0128994
-0.014601
-0.0162232
-0.0177585
-0.0191994
-0.0205392
-0.0217341
-0.0228176
-0.0237865
-0.0246381
-0.0253704
-0.0259621
-0.0264302
-0.0267731
-0.0269899
-0.0270817
-0.0270516
-0.0269017
-0.0266355
-0.0262562
-0.0257669
-0.0251903
-0.024511
-0.0237343
-0.0228666
-0.0219151
-0.0209205
-0.0198556
-0.0187265
-0.0175395
-0.0163016
-0.0150633
-0.0137906
-0.0124922
-0.011176
-0.00984917
-0.00856352
-0.00728037
-0.00600656
-0.00474946
-0.00351658
-0.00235683
-0.00123431
-0.000154046
0.000879593
0.00186244
0.0027565
0.00359146
0.00436347
0.00506929
0.00570635
0.00625035
0.00672204
0.0071201
0.00744355
0.0076898
0.00784716
0.0079257
0.00792707
0.00785339
0.00770697
0.00749409
0.00721404
0.00687056
0.00646828
0.00601247
0.0055231
0.00499111
0.00442178
0.00382027
0.00319186
0.00256356
0.00191946
0.00126571
0.000608411
-4.67151e-05
-0.000670189
-0.00128236
-0.00187898
-0.002456
-0.00300947
-0.00351233
-0.00398554
-0.00442644
-0.00483296
-0.00520352
-0.00551725
-0.0057936
-0.00603175
-0.00623105
-0.00639129
-0.00649847
-0.00656845
-0.00660245
-0.00660189
-0.00656825
-0.00649448
-0.00639149
-0.00626132
-0.00610636
-0.00592927
-0.00572912
-0.00551241
-0.00528155
-0.00503875
-0.00478622
-0.00452626
-0.00426116
-0.00399326
-0.00372475
-0.00345765
-0.00319594
-0.00293886
-0.002688
-0.00244489
-0.00221091
-0.00199019
-0.00178026
-0.0015818
-0.00139535
-0.00122137
-0.00106298
-0.000917261
-0.000784283
-0.000663904
-0.000555777
-0.000461418
-0.00037792
-0.000304805
-0.000241578
-0.000187682
-0.000143563
-0.000107067
-7.74353e-05
-5.38969e-05
-3.5701e-05
-2.25191e-05
-1.30604e-05
-6.66989e-06
-2.71237e-06
-5.85223e-07
2.22034e-07
3.18119e-07
1.23127e-07
0
0
0
0
0
0
0
0
0
0
0
0
0
0
0
0
0
0
0
0
0
0
0
0
0
0
0
0
0
0
0
0
0
0
0
0
0
0
0
0
0
0
0
0
0
0
0
0
0
0
0
0
0
0
0
0
0
0
0
0
0
0
0
0
0
0
0
0
0
0
0
0
0
0
0
0
0
0
0
0
0
0
0
0
0
0
0
0
0
0
0
0
0
0
0
0
0
0
0
0
0
0
0
0
0
0
0
0
0
0
0
0
0
0
0
0
0
0
0
0
0
0
0
0
0
0
0
0
0
0
0
0
0
0
0
0
0
0
0
0
0
0
0
0
0
0
0
0
0
0
0
0
0
0
0
0
0
0
0
0
0
0
0
0
0
0
0
0
0
0
0
0
0
0
0
0
0
0
0
0
0
0
0
0
0
0
0
0
0
0
0
0
0
0
0
0
0
0
0
0
0
