0
0
0
0
0
0
0
0
0
0
0
0
0
0
0
0
0
0
0
0
0
0
0
0
0
0
0
0
0
0
0
0
0
0
0
0
0
0
0
0
0
0
0
0
0
0
0
0
0
0
0
0
0
0
0
0
0
0
0
0
0
0
0
0
0
0
0
0
0
0
0
0
0
0
0
0
0
0
0
0
0
0
0
0
0
0
0
0
0
0
0
0
0
0
0
0
0
0
0
0
0
0
0
0
0
0
0
0
0
0
0
0
0
0
0
0
0
0
0
0
0
0
0
0
0
0
0
0
0
0
0
0
0
0
0
0
0
0
0
0
0
0
0
0
0
0
0
0
0
0
0
0
0
0
0
0
0
0
0
0
0
0
0
0
0
0
0
0
0
0
0
0
0
0
0
0
0
0
0
0
0
0
0
0
0
0
0
0
0
0
0
0
0
0
0
0
0
0
0
0
0
-8.27474e-08
-1.39231e-06
-5.57323e-06
-1.42409e-05
-2.89525e-05
-5.11789e-05
-8.22788e-05
-0.000123473
-0.000175823
-0.000240204
-0.000317289
-0.000407526
-0.000511125
-0.000628046
-0.000757995
-0.000900419
-0.00105451
-0.00121921
-0.00139321
-0.00157497
-0.00176272
-0.00195445
-0.00214799
-0.00234096
-0.00253083
-0.00271496
-0.00289059
-0.00305492
-0.0032051
-0.0033383
-0.0034517
-0.00354254
-0.00360815
-0.00364596
-0.00365359
-0.00362882
-0.00356971
-0.00347456
-0.00334198
-0.00317089
-0.00296054
-0.00271052
-0.00242078
-0.00209166
-0.00172389
-0.00131862
-0.000877391
-0.000402117
0.000104932
0.000641156
0.00120365
0.00178922
0.00239437
0.00301538
0.00364827
0.00428889
0.00493293
0.00557599
0.00621359
0.00684125
0.00745447
0.00804881
0.0086199
0.00916348
0.00967548
0.010152
0.0105895
0.0109846
0.0113342
0.0116356
0.0118866
0.0120851
0.0122295
0.0123188
0.0123522
0.0123294
0.0122504
0.0121158
0.0119265
0.0116837
0.0113893
0.0110451
0.0106536
0.0102177
0.0097402
0.00922456
0.00867427
0.00809308
0.00748496
0.00685409
0.00620688
0.00554873
0.00488296
0.00421287
0.00354171
0.00287258
0.00220851
0.00155243
0.000907196
0.000275568
-0.000339823
-0.000936516
-0.00151224
-0.00206493
-0.00259271
-0.00309386
-0.00356685
-0.00401038
-0.00442333
-0.00480484
-0.00515425
-0.00547107
-0.00575494
-0.00600567
-0.00622323
-0.00640787
-0.00656005
-0.00668054
-0.00677026
-0.00683029
-0.00686177
-0.00686593
-0.00684414
-0.00679791
-0.00672891
-0.00663891
-0.00652971
-0.00640312
-0.00626085
-0.00610462
-0.00593618
-0.00575731
-0.0055698
-0.00537539
-0.00517569
-0.00497215
-0.00476607
-0.00455864
-0.00435101
-0.0041443
-0.00393954
-0.00373763
-0.00353924
-0.00334485
-0.00315472
-0.00296896
-0.00278759
-0.00261048
-0.00243742
-0.00226805
-0.00210185
-0.00193816
-0.00177618
-0.001615
-0.0014536
-0.00129094
-0.00112589
-0.000957312
-0.000784062
-0.000604975
-0.000418864
-0.000224521
-2.07252e-05
0.000193712
0.00041989
0.000658764
0.000911119
0.00117758
0.00145865
0.00175471
0.00206608
0.00239294
0.00273534
0.00309314
0.00346601
0.00385348
0.00425491
0.00466945
0.00509605
0.00553335
0.00597967
0.00643304
0.00689124
0.00735193
0.00781267
0.00827097
0.00872426
0.00916987
0.00960497
0.0100266
0.0104317
0.0108173
0.0111802
0.0115173
0.0118256
0.0121018
0.0123428
0.0125455
0.0127069
0.012824
0.0128943
0.0129154
0.0128852
0.0128017
0.0126635
0.0124693
0.0122182
0.0119096
0.0115431
0.011119
0.0106374
0.0100991
0.00950509
0.00885679
0.00815595
0.00740476
0.00660582
0.0057621
0.00487696
0.00395412
0.00299762
0.00201181
0.00100136
-2.8827e-05
-0.00107359
-0.00212759
-0.00318534
-0.00424124
-0.00528959
-0.0063246
-0.00734043
-0.00833121
-0.00929109
-0.0102143
-0.0110953
-0.0119285
-0.0127086
-0.0134303
-0.0140885
-0.0146786
-0.0151959
-0.0156365
-0.0159966
-0.016273
-0.016463
-0.0165642
-0.0165745
-0.0164924
-0.0163171
-0.016048
-0.0156856
-0.0152305
-0.0146842
-0.0140484
-0.0133257
-0.0125188
-0.0116314
-0.0106674
-0.00963148
-0.00852853
-0.00736391
-0.00614333
-0.00487281
-0.00355875
-0.0022079
-0.000827349
0.000575604
0.00199348
0.0034187
0.00484365
0.00626069
0.00766218
0.00904052
0.0103882
0.0116978
0.0129623
0.0141745
0.0153278
0.0164158
0.0174324
0.0183719
0.0192291
0.0199992
0.0206779
0.0212615
0.0217467
0.0221306
0.022411
0.0225861
0.0226549
0.0226168
0.022472
0.0222213
0.0218659
0.0214078
0.0208493
0.0201937
0.0194443
0.0186053
0.0176813
0.0166771
0.0155983
0.0144507
0.0132403
0.0119739
0.0106583
0.00930058
0.0079083
0.00648898
0.00505031
0.00360003
0.00214592
0.000695736
-0.000742774
-0.00216195
-0.00355422
-0.00491216
-0.00622855
-0.00749637
-0.00870891
-0.00985977
-0.010943
-0.011953
-0.0128847
-0.0137335
-0.0144951
-0.015166
-0.0157428
-0.0162228
-0.0166037
-0.016884
-0.0170624
-0.0171386
-0.0171127
-0.0169852
-0.0167574
-0.016431
-0.0160083
-0.0154921
-0.0148857
-0.0141928
-0.0134175
-0.0125644
-0.0116382
-0.0106443
-0.00958816
-0.00847573
-0.00731318
-0.00610695
-0.00486366
-0.00359012
-0.00229328
-0.000980201
0.00034201
0.00166628
0.00298563
0.00429324
0.00558245
0.00684677
0.0080799
0.00927573
0.0104284
0.0115324
0.0125823
0.0135734
0.0145009
0.0153606
0.0161487
0.0168614
0.0174959
0.0180495
0.0185203
0.0189069
0.0192084
0.0194242
0.0195545
0.0195996
0.0195605
0.0194384
0.0192353
0.0189535
0.0185957
0.0181649
0.0176645
0.0170981
0.0164698
0.0157838
0.0150447
0.0142571
0.0134262
0.0125568
0.0116541
0.0107231
0.00976906
0.00879712
0.00781258
0.00682066
0.00582651
0.00483517
0.00385152
0.00288034
0.00192625
0.000993756
8.71422e-05
-0.000789556
-0.00163261
-0.00243858
-0.00320434
-0.00392701
-0.00460395
-0.00523281
-0.00581156
-0.00633853
-0.00681243
-0.00723234
-0.00759762
-0.00790792
-0.00816313
-0.00836346
-0.00850942
-0.00860184
-0.00864187
-0.00863089
-0.00857049
-0.00846243
-0.00830864
-0.00811125
-0.00787257
-0.00759509
-0.00728144
-0.0069343
-0.00655644
-0.00615066
-0.0057198
-0.00526678
-0.00479458
-0.00430615
-0.00380446
-0.00329239
-0.0027728
-0.00224846
-0.00172211
-0.00119638
-0.000673771
-0.000156667
0.000352709
0.000852253
0.00133997
0.00181396
0.00227246
0.00271386
0.00313674
0.00353988
0.00392227
0.00428302
0.00462135
0.00493661
0.00522826
0.00549591
0.00573934
0.00595847
0.00615337
0.00632421
0.00647128
0.00659501
0.00669591
0.00677463
0.00683187
0.00686837
0.00688491
0.00688229
0.00686136
0.00682304
0.00676828
0.0066981
0.00661353
0.00651559
0.00640531
0.0062837
0.00615179
0.00601059
0.00586111
0.00570429
0.00554103
0.0053722
0.0051986
0.00502106
0.00484034
0.0046572
0.00447231
0.00428631
0.00409975
0.00391316
0.003727
0.00354172
0.00335774
0.00317543
0.00299511
0.0028171
0.00264164
0.00246897
0.00229926
0.00213265
0.00196924
0.00180914
0.00165246
0.00149933
0.0013499
0.00120428
0.00106254
0.000924709
0.00079079
0.000660806
0.000534828
0.000412963
0.000295326
0.000182005
7.30422e-05
-3.15467e-05
-0.000131731
-0.000227427
-0.000318492
-0.000404738
-0.000485975
-0.000562032
-0.000632768
-0.000698052
-0.000757738
-0.000811658
-0.000859626
-0.000901461
-0.000936992
-0.00096606
-0.000988511
-0.00100419
-0.00101297
-0.00101474
-0.00100945
-0.000997071
-0.000977591
-0.00095097
-0.000917137
-0.000876014
-0.000827563
-0.000771818
-0.000708893
-0.000638954
-0.000562172
-0.000478706
-0.000388706
-0.000292355
-0.000189899
-8.1657e-05
3.2002e-05
0.000150697
0.000274057
0.000401708
0.000533238
0.000668168
0.00080595
0.000946001
0.00108775
0.00123069
0.0013743
0.00151807
0.00166144
0.00180377
0.0019444
0.0020827
0.00221807
0.00234997
0.00247783
0.00260107
0.00271904
0.00283107
0.0029366
0.00303514
0.0031263
0.00320972
0.00328498
0.0033516
0.00340903
0.00345677
0.00349443
0.00352176
0.00353861
0.00354489
0.00354053
0.0035254
0.00349941
0.00346251
0.00341475
0.00335625
0.00328722
0.00320788
0.0031185
0.00301937
0.00291085
0.00279334
0.00266728
0.00253312
0.00239132
0.0022424
0.00208693
0.00192553
0.00175888
0.00158768
0.0014126
0.00123431
0.00105347
0.000870821
0.000687158
0.000503343
0.000320243
0.000138678
-4.05954e-05
-0.000216862
-0.000389403
-0.000557457
-0.00072022
-0.000876881
-0.00102667
-0.0011689
-0.00130296
-0.00142826
-0.00154425
-0.00165037
-0.00174608
-0.00183092
-0.00190449
-0.00196651
-0.00201671
-0.00205488
-0.00208082
-0.00209437
-0.0020954
-0.00208389
-0.00205989
-0.00202355
-0.00197508
-0.00191474
-0.00184286
-0.00175977
-0.00166587
-0.0015616
-0.00144733
-0.00132305
-0.0011895
-0.00104769
-0.000898709
-0.000743713
-0.000583864
-0.000420301
-0.000254154
-8.65704e-05
8.12512e-05
0.000248056
0.000412573
0.000573572
0.000729926
0.000880627
0.00102477
0.00115984
0.00126786
0.00133789
0.00136277
0.00133618
0.00125285
0.00110861
0.000900453
0.000626591
0.000286504
-0.000119015
-0.000587845
-0.00111656
-0.0017005
-0.00233376
-0.00300929
-0.00371892
-0.00445345
-0.00520283
-0.00595632
-0.00670267
-0.0074302
-0.00812684
-0.00878025
-0.00937797
-0.0099077
-0.0103576
-0.0107164
-0.0109737
-0.0111196
-0.0111453
-0.0110427
-0.0108048
-0.0104263
-0.00990303
-0.00923239
-0.00841304
-0.00744487
-0.00632904
-0.00506817
-0.00366647
-0.00212975
-0.000465301
0.00131849
0.00321226
0.00520574
0.00728778
0.00944636
0.0116687
0.0139417
0.0162519
0.0185858
0.0209298
0.0232699
0.0255916
0.0278801
0.0301209
0.0323002
0.034405
0.0364234
0.0383442
0.0401571
0.0418525
0.0434211
0.0448552
0.0461482
0.0472947
0.0482907
0.049132
0.0498156
0.0503391
0.0507014
0.0509034
0.0509466
0.0508352
0.0505732
0.0501649
0.0496152
0.0489282
0.0481092
0.0471642
0.0461002
0.0449257
0.0436494
0.0422813
0.0408311
0.0393087
0.0377236
0.036085
0.0344017
0.0326851
0.0309575
0.0292264
0.0274974
0.0257754
0.0240652
0.0223708
0.0206948
0.0190418
0.0174147
0.0158167
0.0142513
0.0127201
0.0112287
0.00978073
0.00837899
0.00702554
0.00571874
0.00446233
0.00325706
0.00210392
0.0010041
-4.48731e-05
-0.00103854
-0.00197663
-0.00285938
-0.00368736
-0.00446511
-0.00518881
-0.00585827
-0.00647282
-0.00703136
-0.00753628
-0.00798208
-0.00836709
-0.00868997
-0.00894995
-0.0091497
-0.00928656
-0.0093609
-0.009373
-0.00932304
-0.00921226
-0.00904032
-0.00880824
-0.00851737
-0.00816893
-0.0077619
-0.00729869
-0.00677972
-0.0062059
-0.00557886
-0.00489537
-0.00416359
-0.00338598
-0.00256457
-0.00170104
-0.00078745
0.000164719
0.00115328
0.00217594
0.00323054
0.00432864
0.00545481
0.00660685
0.00778213
0.00897767
0.0102069
0.0114502
0.0127048
0.0139675
0.0152349
0.0165206
0.0178027
0.0190778
0.0203435
0.0215993
0.0228618
0.0241151
0.0253592
0.0265934
0.0278164
0.0290392
0.0302492
0.0314465
0.0326322
0.0338077
0.0349786
0.0361422
0.0372999
0.0384527
0.0396016
0.0407404
0.0418765
0.0430107
0.0441442
0.0452784
0.0463943
0.047513
0.0486342
0.0497573
0.0508813
0.0519713
0.0530608
0.0541485
0.0552321
0.0563076
0.0573227
0.058319
0.0592908
0.0602333
0.0611411
0.0619524
0.0627163
0.0634248
0.0640695
0.0646424
0.065077
0.0654238
0.0656732
0.0658136
0.065832
0.0656627
0.0653479
0.0648792
0.0642494
0.0634508
0.0624363
0.0612336
0.0598317
0.0582215
0.0563959
0.0543371
0.0520553
0.0495471
0.0468083
0.0438346
0.0406428
0.0372143
0.0335526
0.0296626
0.0255499
0.0212767
0.0167933
0.0121089
0.00723595
0.00218991
-0.00291853
-0.00816647
-0.0135378
-0.0190159
-0.024582
-0.0300883
-0.0356351
-0.0411957
-0.0467442
-0.0522559
-0.0575616
-0.0627823
-0.0678904
-0.0728549
-0.0776432
-0.082075
-0.0862705
-0.0902035
-0.0938481
-0.097177
-0.100029
-0.102505
-0.104577
-0.106219
-0.107409
-0.108034
-0.108168
-0.107792
-0.106885
-0.10543
-0.103378
-0.100753
-0.0975475
-0.0937565
-0.0893757
-0.0844428
-0.0789191
-0.0728108
-0.0661294
-0.0588898
-0.0512283
-0.0430431
-0.0343527
-0.0251791
-0.0155488
-0.00568864
0.004559
0.0151544
0.0260563
0.0372223
0.0483547
0.0596606
0.0710902
0.0825907
0.094108
0.105302
0.116404
0.12736
0.138112
0.148602
0.158484
0.167984
0.177045
0.185613
0.193633
0.20081
0.207337
0.213162
0.218237
0.222516
0.225794
0.228198
0.229694
0.230251
0.229842
0.22839
0.225933
0.222462
0.21797
0.212454
0.205986
0.1985
0.190009
0.180531
0.170093
0.158927
0.146869
0.133957
0.120235
0.105752
0.0908798
0.0753629
0.0592662
0.0426581
0.0256094
0.00859258
-0.00871626
-0.0262378
-0.0438885
-0.0615822
-0.0787959
-0.095879
-0.112745
-0.129306
-0.145472
-0.160736
-0.175424
-0.189452
-0.202738
-0.215202
-0.226428
-0.236686
-0.245907
-0.254028
-0.260988
-0.266518
-0.270791
-0.273766
-0.275409
-0.27569
-0.274528
-0.271963
-0.26799
-0.262609
-0.255831
-0.247791
-0.238389
-0.227651
-0.215611
-0.202313
-0.188099
-0.172738
-0.156295
-0.138839
-0.120445
-0.101619
-0.0820209
-0.0617426
-0.0408834
-0.0195464
0.00165089
0.0231153
0.0447391
0.0664117
0.0880198
0.108916
0.129524
0.149733
0.169439
0.188537
0.206439
0.223525
0.239697
0.254857
0.268917
0.281425
0.292677
0.302605
0.311144
0.318236
0.323626
0.327475
0.329749
0.330427
0.329495
0.326941
0.322773
0.317002
0.309647
0.300735
0.290498
0.278786
0.265653
0.251157
0.235366
0.218726
0.200953
0.182137
0.162375
0.141768
0.120916
0.0994293
0.0774214
0.0550101
0.032318
0.010025
-0.012302
-0.0345421
-0.0565753
-0.078281
-0.0989982
-0.119149
-0.138618
-0.157294
-0.175072
-0.191398
-0.206635
-0.220692
-0.233485
-0.244935
-0.254667
-0.262926
-0.269662
-0.274834
-0.278409
-0.280243
-0.280435
-0.278976
-0.275868
-0.271124
-0.264848
-0.256992
-0.247595
-0.236703
-0.22437
-0.210926
-0.196176
-0.180198
-0.163081
-0.144917
-0.126215
-0.106665
-0.0863725
-0.0654483
-0.0440068
-0.0226603
-0.00103061
0.0207655
0.0426111
0.0643883
0.0854697
0.106248
0.12661
0.146443
0.165641
0.18365
0.200831
0.217094
0.232355
0.246533
0.259215
0.270675
0.280857
0.289713
0.297203
0.30311
0.307595
0.310643
0.312245
0.312403
0.31111
0.308399
0.304296
0.298833
0.292051
0.284146
0.275027
0.264757
0.253405
0.241044
0.22803
0.214164
0.199528
0.184212
0.168309
0.15228
0.135856
0.119134
0.102208
0.085171
0.0685081
0.0519173
0.0354885
0.0193098
0.00346568
-0.011596
-0.0261693
-0.0401844
-0.0535744
-0.066276
-0.077933
-0.088791
-0.0988053
-0.107939
-0.11616
-0.123247
-0.129376
-0.134531
-0.138704
-0.141895
-0.144029
-0.145203
-0.145434
-0.144744
-0.143159
-0.140737
-0.137484
-0.133439
-0.128646
-0.123152
-0.11712
-0.110483
-0.103294
-0.0956082
-0.0874837
-0.079154
-0.0705086
-0.0616077
-0.0525097
-0.0432716
-0.0341443
-0.0249889
-0.0158596
-0.00680782
0.00211955
0.0106945
0.0190662
0.0272003
0.0350641
0.042626
0.0497026
0.0564251
0.062775
0.0687383
0.0743043
0.0793519
0.0839867
0.0882057
0.0920113
0.0954125
0.0983542
0.100924
0.10314
0.105021
0.106584
0.107813
0.108766
0.109469
0.109952
0.110244
0.110353
0.110323
0.110177
0.109939
0.109634
0.109272
0.108897
0.108533
0.108198
0.107909
0.107649
0.10746
0.107351
0.107334
0.107418
0.10756
0.107811
0.10817
0.108631
0.109188
0.109769
0.110428
0.111154
0.111935
0.112753
0.113523
0.114289
0.115028
0.115717
0.116333
0.116805
0.117164
0.117389
0.117457
0.117342
0.116999
0.116422
0.115589
0.114486
0.113096
0.111441
0.109471
0.107167
0.104516
0.101506
0.0982316
0.0945924
0.0905928
0.0862387
0.0815359
0.0766572
0.0714461
0.0659161
0.0600863
0.05398
0.0478436
0.0414806
0.0349152
0.0281725
0.0212801
0.0145248
0.00768459
0.000796148
-0.00610188
-0.0129701
-0.019508
-0.0259377
-0.0322204
-0.0383176
-0.0441794
-0.0495174
-0.0545191
-0.0591427
-0.0633478
-0.0670965
-0.0701885
-0.0727635
-0.0748006
-0.076285
-0.0772077
-0.0774886
-0.0772026
-0.0763521
-0.074944
-0.07299
-0.0705334
-0.0675687
-0.0641209
-0.0602187
-0.0558936
-0.0513009
-0.0463554
-0.041098
-0.0355718
-0.0298205
-0.0240787
-0.018194
-0.0122122
-0.0061801
-0.000145505
0.00561805
0.0113021
0.0168643
0.0222643
0.0274637
0.0321993
0.0366761
0.040864
0.044737
0.048273
0.0512586
0.053888
0.0561501
0.0580362
0.0595406
0.0605163
0.0611225
0.0613664
0.0612588
0.0608135
0.0599586
0.0588089
0.0573852
0.0557105
0.0538094
0.0516707
0.0493623
0.0469113
0.0443454
0.0416926
0.0389802
0.0362356
0.0334848
0.0307522
0.0280604
0.0254493
0.0229163
0.0204791
0.0181533
0.0159523
0.0139094
0.0120063
0.0102496
0.00864386
0.00719155
0.00590892
0.00477361
0.00378235
0.00293004
0.00220992
0.00162074
0.00114286
0.000766457
0.000480786
0.000274412
0.000136357
5.23242e-05
1.07002e-05
0
0
0
0
0
0
0
0
0
0
0
0
0
0
0
0
0
0
0
0
0
0
0
0
0
0
0
0
0
0
0
0
0
0
0
0
0
0
0
0
0
0
0
0
0
0
0
0
0
0
0
0
0
0
0
0
0
0
0
0
0
0
0
0
0
0
0
0
0
0
0
0
0
0
0
0
0
0
0
0
0
0
0
0
0
0
0
0
0
0
0
0
0
0
0
0
0
0
0
0
0
0
0
0
0
0
0
0
0
0
0
0
0
0
0
0
0
0
0
0
0
0
0
0
0
0
0
0
0
0
0
0
0
0
0
0
0
0
0
0
0
0
0
0
0
0
0
0
0
0
0
0
0
0
0
0
0
0
0
0
0
0
0
0
0
0
0
0
0
0
0
0
0
0
0
0
0
0
0
0
0
0
0
0
0
0
0
0
0
0
0
0
0
0
0
0
0
0
0
0
0
