0
0
0
0
0
0
0
0
0
0
0
0
0
0
0
0
0
-0
-0
-0
-0
-0
-0
-0
-0
-0
-0
-0
-0
-0
-0
-0
-0
-0
-0
-0
-0
-0
-0
-0
-0
-0
-0
-0
-0
-0
-0
-0
-0
-0
-0
-0
-0
-0
-0
-0
-0
-0
-0
-0
-0
-0
-0
-0
0
0
0
0
0
0
0
0
0
0
0
0
0
0
0
0
0
0
0
0
0
0
0
0
0
0
0
0
0
0
0
0
0
0
0
0
0
0
0
0
0
0
0
0
0
0
0
0
0
0
0
0
0
0
0
0
0
-0
-0
-0
-0
-0
-0
-0
-0
-0
-0
-0
-0
-0
-0
-0
-0
-0
-0
-0
-0
-0
-0
-0
-0
-0
-0
-0
-0
-0
-0
-0
-0
-0
-0
-0
-0
-0
-0
-0
0
0
0
0
0
0
0
0
0
0
0
0
0
0
0
0
0
0
0
0
0
0
0
0
0
0
0
0
0
0
0
0
0
0
0
0
0
0
0
0
0
2.41734e-07
-7.2522e-07
-5.64361e-06
-1.71893e-05
-3.79138e-05
-7.0184e-05
-0.000116123
-0.00017756
-0.000255998
-0.000352583
-0.000468088
-0.000602874
-0.000756858
-0.000929478
-0.00111968
-0.00132592
-0.00154619
-0.00177802
-0.00201846
-0.00226419
-0.00251146
-0.00275624
-0.00299424
-0.00322097
-0.00343177
-0.00362171
-0.00378567
-0.00391836
-0.00401451
-0.00406916
-0.00407782
-0.0040366
-0.00394208
-0.00379114
-0.00358072
-0.0033078
-0.00296958
-0.00256382
-0.00208924
-0.00154571
-0.000934169
-0.000256431
0.000485152
0.00128782
0.00214837
0.00306287
0.00402647
0.00503324
0.00607624
0.00714768
0.00823916
0.00934181
0.0104464
0.0115434
0.0126231
0.0136759
0.014692
0.0156616
0.0165743
0.0174194
0.0181858
0.0188624
0.0194391
0.0199065
0.0202566
0.020482
0.0205757
0.0205313
0.0203428
0.0200057
0.0195175
0.0188772
0.0180857
0.0171441
0.0160538
0.0148166
0.0134354
0.0119152
0.0102639
0.00849163
0.00660973
0.00462994
0.00256362
0.000422124
-0.00178236
-0.00403599
-0.00632306
-0.00862652
-0.0109289
-0.0132133
-0.0154685
-0.0176861
-0.0198541
-0.0219604
-0.0239923
-0.0259373
-0.0277831
-0.029518
-0.0311306
-0.0326101
-0.033946
-0.0351286
-0.0361495
-0.0370015
-0.0376785
-0.0381751
-0.0384858
-0.0386053
-0.0385286
-0.0382522
-0.0377745
-0.037096
-0.0362194
-0.0351483
-0.0338871
-0.0324397
-0.0308107
-0.029005
-0.027029
-0.024891
-0.0226007
-0.0201695
-0.0176096
-0.0149336
-0.0121544
-0.00928571
-0.00634226
-0.00334004
-0.000296328
0.00277095
0.00584392
0.00890538
0.0119389
0.0149282
0.0178569
0.0207074
0.0234614
0.0261006
0.0286075
0.0309666
0.033164
0.0351868
0.0370225
0.0386578
0.0400791
0.0412738
0.0422309
0.0429424
0.0434026
0.0436073
0.0435529
0.0432354
0.0426511
0.0417975
0.0406742
0.0392835
0.0376303
0.0357215
0.0335653
0.0311706
0.0285479
0.0257088
0.0226667
0.0194368
0.016035
0.0124782
0.00878376
0.00496991
0.00105587
-0.00293799
-0.00699031
-0.0110791
-0.0151819
-0.0192761
-0.0233391
-0.0273479
-0.0312796
-0.0351117
-0.0388227
-0.0423917
-0.0457987
-0.0490243
-0.0520498
-0.0548569
-0.0574287
-0.0597499
-0.0618072
-0.0635889
-0.0650846
-0.0662849
-0.067181
-0.0677654
-0.0680322
-0.0679776
-0.0675998
-0.0668991
-0.0658772
-0.0645374
-0.0628842
-0.0609235
-0.0586632
-0.0561129
-0.0532836
-0.0501879
-0.0468394
-0.043253
-0.0394455
-0.0354348
-0.0312408
-0.0268844
-0.0223872
-0.0177709
-0.0130576
-0.00826938
-0.00342893
0.0014405
0.006315
0.0111703
0.0159824
0.0207276
0.0253831
0.0299272
0.0343388
0.0385976
0.0426839
0.0465784
0.0502624
0.0537175
0.0569264
0.0598728
0.0625416
0.0649188
0.0669923
0.0687512
0.0701862
0.0712894
0.0720539
0.072474
0.0725452
0.0722641
0.0716285
0.070638
0.0692938
0.067599
0.0655581
0.0631767
0.0604617
0.057421
0.054064
0.0504011
0.0464445
0.0422073
0.0377043
0.0329513
0.0279652
0.0227645
0.0173687
0.0117986
0.00607557
0.000221551
-0.00574142
-0.011791
-0.0179044
-0.0240581
-0.0302274
-0.0363873
-0.0425118
-0.0485752
-0.0545518
-0.0604159
-0.0661423
-0.0717061
-0.077083
-0.0822492
-0.0871818
-0.0918582
-0.0962563
-0.100354
-0.10413
-0.107564
-0.110637
-0.113331
-0.11563
-0.117521
-0.118992
-0.120032
-0.12063
-0.120778
-0.120469
-0.119697
-0.118459
-0.116754
-0.114581
-0.111943
-0.108845
-0.105297
-0.101307
-0.096888
-0.0920544
-0.0868213
-0.0812051
-0.0752241
-0.0688984
-0.0622506
-0.0553052
-0.0480891
-0.0406311
-0.0329615
-0.025112
-0.0171155
-0.00900586
-0.000817502
0.00741467
0.0156555
0.0238693
0.0320203
0.0400721
0.0479876
0.05573
0.063262
0.070547
0.077549
0.0842334
0.0905672
0.0965193
0.102061
0.107164
0.111803
0.115954
0.119594
0.122702
0.125259
0.127249
0.128656
0.12947
0.129682
0.129289
0.128289
0.126683
0.124477
0.121679
0.1183
0.11435
0.109847
0.104806
0.0992472
0.0931947
0.0866741
0.0797142
0.0723465
0.0646044
0.0565239
0.0481428
0.0395007
0.0306388
0.0215989
0.0124235
0.00315493
-0.00616453
-0.0154924
-0.0247863
-0.0340034
-0.0431016
-0.0520386
-0.0607728
-0.069263
-0.0774681
-0.0853476
-0.0928623
-0.0999747
-0.10665
-0.112856
-0.118564
-0.123748
-0.128384
-0.132454
-0.135939
-0.138828
-0.141111
-0.142784
-0.143845
-0.144295
-0.144138
-0.143381
-0.142035
-0.140111
-0.137627
-0.1346
-0.131052
-0.127005
-0.122487
-0.117523
-0.112145
-0.106384
-0.100274
-0.0938484
-0.0871431
-0.0801947
-0.0730405
-0.0657192
-0.0582699
-0.0507316
-0.043143
-0.0355422
-0.0279666
-0.0204529
-0.0130371
-0.00575432
0.0013615
0.00827816
0.0149654
0.0213948
0.02754
0.0333767
0.0388821
0.0440358
0.0488197
0.0532181
0.0572177
0.0608077
0.0639798
0.0667283
0.0690498
0.0709437
0.0724117
0.0734578
0.0740877
0.0743094
0.0741324
0.0735682
0.0726302
0.0713338
0.0696964
0.0677369
0.0654755
0.0629335
0.0601329
0.0570962
0.0538465
0.0504077
0.0468043
0.043061
0.0392027
0.0352542
0.0312395
0.0271823
0.0231056
0.019032
0.0149834
0.0109812
0.00704555
0.00319543
-0.00055171
-0.00417971
-0.00767349
-0.0110189
-0.014203
-0.0172141
-0.0200423
-0.0226798
-0.0251204
-0.0273592
-0.0293926
-0.0312177
-0.0328328
-0.0342379
-0.0354342
-0.036425
-0.0372144
-0.0378079
-0.038211
-0.0384304
-0.0384733
-0.0383482
-0.0380647
-0.0376329
-0.0370637
-0.0363676
-0.0355553
-0.0346376
-0.0336258
-0.0325315
-0.0313663
-0.030142
-0.0288697
-0.0275599
-0.0262229
-0.0248686
-0.023507
-0.0221478
-0.0208002
-0.0194726
-0.0181725
-0.0169068
-0.0156814
-0.0145021
-0.0133741
-0.0123022
-0.0112906
-0.0103427
-0.00946133
-0.00864852
-0.00790557
-0.007233
-0.00663058
-0.00609746
-0.00563233
-0.00523372
-0.00490006
-0.00462966
-0.00442048
-0.00426989
-0.00417461
-0.00413072
-0.00413397
-0.00418001
-0.00426468
-0.00438401
-0.00453414
-0.0047112
-0.00491115
-0.00512978
-0.00536272
-0.00560564
-0.00585439
-0.00610517
-0.00635465
-0.00659984
-0.00683796
-0.00706622
-0.00728172
-0.00748152
-0.00766285
-0.00782346
-0.0079618
-0.00807701
-0.00816866
-0.00823647
-0.00828008
-0.00829905
-0.00829301
-0.00826185
-0.00820578
-0.00812528
-0.00802094
-0.00789344
-0.00774372
-0.00757309
-0.00738338
-0.00717672
-0.00695522
-0.00672054
-0.00647377
-0.00621569
-0.00594713
-0.0056695
-0.00538478
-0.00509532
-0.00480328
-0.00451029
-0.00421737
-0.00392527
-0.00363486
-0.00334737
-0.0030643
-0.00278707
-0.00251666
-0.0022536
-0.00199813
-0.00175063
-0.00151177
-0.00128246
-0.00106352
-0.000855425
-0.00065815
-0.000471436
-0.000295096
-0.000129247
2.57287e-05
0.000169446
0.000301795
0.000423037
0.000533645
0.000634017
0.000724278
0.000804297
0.00087389
0.000933047
0.000982009
0.00102113
0.00105069
0.0010707
0.00108103
0.00108154
0.00107225
0.00105334
0.00102498
0.000987102
0.000939316
0.000881007
0.000811605
0.000730805
0.000638596
0.000535092
0.000420289
0.000293938
0.000155631
5.0366e-06
-0.000157878
-0.000332802
-0.000519246
-0.000716803
-0.000925317
-0.00114484
-0.00137542
-0.00161678
-0.00186825
-0.00212876
-0.00239707
-0.00267203
-0.00295261
-0.00323791
-0.00352694
-0.00381846
-0.00411095
-0.00440265
-0.00469172
-0.00497639
-0.0052551
-0.00552647
-0.00578924
-0.00604213
-0.00628372
-0.00651235
-0.00672616
-0.00692328
-0.00710193
-0.00726066
-0.00739835
-0.00751411
-0.00760711
-0.00767648
-0.00772121
-0.00774023
-0.00773253
-0.00769662
-0.00762823
-0.00752622
-0.00739031
-0.00722058
-0.00701758
-0.00678241
-0.00651656
-0.00622165
-0.00589923
-0.00555064
-0.00517726
-0.00478081
-0.00436362
-0.00392865
-0.00347916
-0.00301837
-0.00254927
-0.00207511
-0.00159805
-0.00112029
-0.000644419
-0.000173293
0.000290355
0.000744204
0.00118642
0.00161545
0.00202972
0.0024274
0.00280646
0.00316493
0.00350111
0.0038137
0.00410168
0.00436411
0.00459995
0.00480817
0.00498788
0.00513853
0.00526001
0.0053525
0.00541629
0.00545157
0.00545841
0.00543691
0.0053873
0.00531012
0.00520612
0.00507627
0.00492158
0.00474312
0.00454204
0.00431954
0.00407685
0.00381517
0.00353562
0.00323926
0.00292723
0.00260079
0.00226139
0.00191057
0.00154979
0.00118035
0.000803356
0.000419903
3.10961e-05
-0.000361771
-0.000757294
-0.00115408
-0.00155079
-0.00194628
-0.00233932
-0.00272853
-0.00311231
-0.00348891
-0.00385682
-0.00421466
-0.00456127
-0.00489547
-0.00521579
-0.00552067
-0.00580821
-0.00607655
-0.00632402
-0.0065491
-0.00675058
-0.00692706
-0.00707686
-0.00719819
-0.00728915
-0.00734711
-0.00736577
-0.00734372
-0.00728022
-0.00717445
-0.00702582
-0.00683411
-0.0065998
-0.00632415
-0.00600896
-0.00565628
-0.00526798
-0.00484581
-0.00439157
-0.00390757
-0.00339658
-0.00286203
-0.00230785
-0.00173843
-0.00115673
-0.0005649
3.46305e-05
0.000639199
0.00124592
0.00185143
0.0024533
0.00304888
0.00363573
0.00421141
0.0047729
0.00531833
0.00584531
0.00635166
0.00683541
0.00729398
0.00772639
0.0081309
0.00850587
0.00884979
0.00916062
0.00943825
0.00968195
0.00989111
0.0100652
0.010203
0.010305
0.0103712
0.0104019
0.0103972
0.010357
0.0102818
0.0101721
0.0100283
0.00985115
0.0096417
0.0094015
0.00913203
0.0088347
0.00851072
0.00816169
0.00778824
0.0073916
0.00697325
0.00653488
0.00607964
0.00560822
0.00512252
0.00462439
0.00411558
0.00359999
0.00307731
0.00254948
0.00201861
0.00148686
0.000959337
0.000435072
-8.40307e-05
-0.000596121
-0.00109931
-0.00158805
-0.00206393
-0.00252497
-0.00296926
-0.003395
-0.00379669
-0.00417649
-0.00453282
-0.00486412
-0.00516892
-0.00544241
-0.00568672
-0.00590052
-0.00608241
-0.00623094
-0.00634245
-0.00641833
-0.00645793
-0.00646079
-0.00642651
-0.00635399
-0.00624306
-0.00609296
-0.00590313
-0.00567344
-0.00540612
-0.00509981
-0.00475514
-0.00437267
-0.00395283
-0.00350104
-0.00301308
-0.00249002
-0.0019333
-0.00134457
-0.00073366
-9.43951e-05
0.000571194
0.00126084
0.00197204
0.00269135
0.00342684
0.00417575
0.0049352
0.00570199
0.00645996
0.00721785
0.00797161
0.00871715
0.00945045
0.0101546
0.0108385
0.0114978
0.0121282
0.0127251
0.0132727
0.0137783
0.014238
0.0146481
0.0150044
0.0152952
0.015524
0.0156868
0.0157803
0.0158015
0.0157462
0.0156138
0.0154024
0.0151097
0.0147342
0.0142805
0.0137422
0.0131191
0.0124116
0.0116203
0.0107606
0.00981956
0.00879921
0.0077023
0.00653221
0.00531537
0.00403338
0.0026907
0.0012922
-0.000156698
-0.00162064
-0.00312218
-0.00465407
-0.00620873
-0.00777843
-0.00932228
-0.0108655
-0.0124001
-0.0139172
-0.0154077
-0.0168293
-0.0182053
-0.0195264
-0.0207837
-0.0219682
-0.0230433
-0.0240284
-0.0249148
-0.0256942
-0.026358
-0.0268802
-0.0272719
-0.0275265
-0.027638
-0.0276007
-0.0274057
-0.0270532
-0.02654
-0.0258637
-0.0250227
-0.0240284
-0.0228676
-0.0215405
-0.0200486
-0.0183944
-0.0166126
-0.0146776
-0.0125952
-0.0103716
-0.00801375
-0.00557623
-0.00302085
-0.000357608
0.00240227
0.00524672
0.00810406
0.0110208
0.0139837
0.016979
0.0199918
0.0229414
0.0258771
0.028783
0.0316434
0.0344427
0.0371022
0.0396693
0.0421278
0.0444616
0.0466549
0.0486407
0.0504574
0.052092
0.0535319
0.0547651
0.0557462
0.0564982
0.057012
0.0572795
0.0572938
0.0570407
0.0565241
0.0557403
0.0546871
0.0533639
0.0517914
0.0499525
0.0478513
0.0454929
0.0428838
0.0400798
0.0370421
0.0337816
0.0303106
0.0266427
0.0228648
0.01892
0.0148247
0.0105963
0.00625336
0.00190447
-0.00251945
-0.00699787
-0.0115098
-0.0160338
-0.0204525
-0.0248397
-0.0291734
-0.0334317
-0.0375926
-0.041544
-0.0453556
-0.0490071
-0.052479
-0.0557523
-0.0587352
-0.0614849
-0.0639856
-0.0662223
-0.0681814
-0.0698024
-0.0711223
-0.0721317
-0.0728229
-0.0731897
-0.0732123
-0.0729026
-0.0722592
-0.0712821
-0.0699734
-0.0683569
-0.0664171
-0.0641604
-0.0615952
-0.0587315
-0.0556354
-0.0522661
-0.0486381
-0.0447672
-0.0406701
-0.0364462
-0.0320329
-0.0274505
-0.0227211
-0.0178672
-0.0130114
-0.00807704
-0.00308671
0.00193688
0.00697068
0.0118859
0.0167647
0.0215842
0.0263217
0.0309551
0.0353641
0.0396275
0.0437257
0.0476402
0.0513533
0.0547672
0.0579484
0.0608828
0.0635575
0.0659606
0.0680269
0.069803
0.0712823
0.07246
0.0733328
0.0738755
0.0741099
0.0740361
0.0736562
0.0729739
0.0720049
0.0707454
0.069203
0.0673865
0.065306
0.0630143
0.0604828
0.0577254
0.054757
0.0515924
0.0483133
0.0448692
0.0412764
0.0375525
0.033716
0.0298678
0.0259438
0.0219616
0.0179386
0.0138926
0.0099303
0.00598068
0.00206152
-0.00181011
-0.00561808
-0.00926197
-0.0128129
-0.0162571
-0.0195811
-0.0227717
-0.0257437
-0.0285591
-0.0312083
-0.0336822
-0.035973
-0.0380194
-0.0398694
-0.0415183
-0.0429624
-0.0441993
-0.0451965
-0.0459836
-0.04656
-0.0469261
-0.0470833
-0.0470283
-0.0467712
-0.0463166
-0.0456698
-0.0448363
-0.0438392
-0.0426675
-0.0413282
-0.0398296
-0.0381806
-0.0364281
-0.0345438
-0.032537
-0.0304173
-0.0281944
-0.0259305
-0.0235831
-0.0211624
-0.0186784
-0.0161414
-0.0136228
-0.0110719
-0.00849878
-0.00591359
-0.00332612
-0.000809176
0.00169129
0.00416615
0.00660631
0.0090029
0.0112884
0.0135142
0.0156731
0.0177584
0.0197635
0.0216329
0.0234098
0.0250887
0.0266642
0.0281317
0.0294516
0.0306552
0.031739
0.0327
0.0335357
0.0342258
0.0347875
0.03522
0.0355226
0.035695
0.0357367
0.035649
0.0354331
0.0350911
0.0346253
0.0340549
0.0333661
0.0325619
0.031646
0.0306226
0.0295279
0.0283359
0.0270523
0.0256829
0.0242337
0.0227534
0.0212063
0.0195996
0.0179406
0.0162367
0.0145434
0.01282
0.0110739
0.00931267
0.00754427
0.00582526
0.00411533
0.00242257
0.000754993
-0.000879447
-0.00242969
-0.00393145
-0.00537747
-0.00676086
-0.00807503
-0.00928055
-0.0104046
-0.0114413
-0.0123853
-0.0132314
-0.0139561
-0.0145753
-0.0150864
-0.0154872
-0.0157761
-0.0159481
-0.0160061
-0.0159499
-0.0157801
-0.0154979
-0.0151172
-0.0146283
-0.0140339
-0.0133372
-0.0125419
-0.0116785
-0.0107263
-0.00969097
-0.00857828
-0.00739406
-0.00618004
-0.00490596
-0.00357814
-0.00220379
-0.000791062
0.000609974
0.00203179
0.00346593
0.00490451
0.00634014
0.00772461
0.00909173
0.0104339
0.0117433
0.0130121
0.0141977
0.0153291
0.0164006
0.017407
0.0183434
0.0191793
0.0199351
0.0206065
0.0211896
0.0216817
0.0220686
0.022361
0.0225581
0.022659
0.0226635
0.0225738
0.0223887
0.0221104
0.0217418
0.0212861
0.0207629
0.0201598
0.0194805
0.0187285
0.0179082
0.017051
0.016136
0.0151694
0.0141577
0.0131071
0.0120573
0.01098
0.00988071
0.0087653
0.00764043
0.00654937
0.00546315
0.00438832
0.00333051
0.00229452
0.00131836
0.00037306
-0.000536072
-0.00140315
-0.00222231
-0.00296169
-0.00364453
-0.00426848
-0.00483189
-0.00533303
-0.00575278
-0.00610553
-0.00638895
-0.00660162
-0.0067433
-0.00680945
-0.00680632
-0.00673465
-0.00659474
-0.00638678
-0.00611811
-0.00578396
-0.0053873
-0.00493178
-0.00442116
-0.00387572
-0.00328136
-0.00264085
-0.00195733
-0.00123456
-0.000501507
0.000262103
0.00105197
0.00186396
0.00269312
0.00350425
0.00432008
0.00513432
0.00594097
0.00673462
0.00748154
0.00820657
0.00890529
0.00957299
0.0102048
0.0107711
0.0112938
0.0117701
0.0121984
0.0125771
0.0128864
0.0131436
0.013347
0.0134954
0.0135886
0.0136171
0.0135927
0.0135173
0.0133927
0.0132208
0.0130015
0.0127389
0.0124357
0.0120948
0.0117197
0.0113187
0.0108904
0.0104384
0.00996624
0.00947753
0.00898511
0.00848321
0.00797546
0.0074653
0.00695583
0.00646075
0.00597107
0.00548932
0.00501802
0.00455971
0.00412728
0.00371158
0.00331441
0.00293721
0.00258109
0.00225538
0.00195138
0.00166948
0.00140988
0.00117261
0.000963385
0.00077547
0.000608428
0.000461623
0.000334192
0.000228252
0.000138932
6.49442e-05
5.03867e-06
-4.19528e-05
-7.59372e-05
-9.94898e-05
-0.000113864
-0.000120428
-0.000120608
-0.000115708
-0.000107087
-9.58361e-05
-8.2895e-05
-6.90926e-05
-5.54752e-05
-4.23326e-05
-3.02464e-05
-1.96677e-05
-1.09e-05
-4.31902e-06
3.70634e-07
3.24234e-06
4.48191e-06
4.38527e-06
3.31376e-06
1.84755e-06
5.36742e-07
0
0
0
0
0
0
0
0
0
0
0
0
0
0
0
0
0
0
0
0
0
0
0
0
0
0
0
0
0
0
0
0
0
0
0
0
0
0
0
0
0
0
0
0
0
0
0
0
0
0
0
0
0
0
0
0
0
0
0
0
0
0
0
0
0
0
0
0
0
0
0
0
0
0
0
0
0
0
0
0
0
0
0
0
0
0
0
0
0
0
0
0
0
0
0
0
0
0
0
0
0
0
0
0
0
0
0
0
0
0
0
0
0
0
0
0
0
0
0
0
0
0
0
0
0
0
0
0
0
0
0
0
0
0
0
0
0
0
0
0
0
0
0
0
0
0
0
0
0
0
0
0
0
0
0
0
0
0
0
0
0
0
0
0
0
0
0
0
0
0
0
0
0
0
0
0
0
0
0
0
0
0
0
0
0
0
0
0
0
0
-0
-0
-0
-0
-0
-0
-0
-0
-0
-0
-0
