0
0
0
0
0
0
0
0
0
0
0
0
0
0
0
0
0
0
0
0
0
0
0
0
0
0
0
0
0
0
0
0
0
0
0
0
0
0
0
0
0
0
0
-0
-0
-0
-0
-0
-0
-0
-0
-0
-0
-0
-0
-0
-0
-0
-0
-0
-0
-0
-0
-0
-0
-0
-0
-0
-0
-0
-0
-0
-0
-0
-0
-0
-0
-0
-0
-0
-0
-0
-0
0
0
0
0
0
0
0
0
0
0
0
0
0
0
0
0
0
0
0
0
0
0
0
0
0
0
0
0
0
0
0
0
0
0
0
0
0
0
0
0
0
0
0
0
0
0
0
0
0
-0
-0
-0
-0
-0
-0
-0
-0
-0
-0
-0
-0
-0
-0
-0
-0
-0
-0
-0
-0
-0
-0
-0
-0
-0
-0
-0
-0
-0
-0
-0
-0
-0
-0
-0
-0
-0
-0
-0
-0
-0
-0
-0
-0
-0
-0
-0
-0
-0
-0
-0
0
0
0
0
0
0
0
0
0
0
0
0
0
0
0
0
0
0
2.80713e-06
1.22479e-05
2.88276e-05
5.28809e-05
8.45681e-05
0.000123867
0.000170566
0.000224263
0.00028436
0.000350062
0.000420385
0.000494161
0.000570044
0.000646531
0.000721973
0.000794591
0.000862499
0.000923718
0.0009762
0.00101785
0.00104653
0.00106014
0.00105657
0.00103383
0.000990037
0.000923477
0.000832598
0.00071604
0.000572642
0.000401478
0.00020189
-2.64671e-05
-0.000283603
-0.000569181
-0.000882526
-0.00122262
-0.0015881
-0.00197723
-0.00238792
-0.00281769
-0.00326377
-0.00372305
-0.0041922
-0.00466763
-0.00514547
-0.00562163
-0.00609179
-0.00655148
-0.00699616
-0.0074213
-0.00782238
-0.00819495
-0.00853464
-0.00883716
-0.00909839
-0.00931444
-0.00948175
-0.00959708
-0.00965761
-0.00966092
-0.009605
-0.00948832
-0.00930983
-0.00906902
-0.0087659
-0.00840103
-0.00797552
-0.00749101
-0.00694968
-0.00635423
-0.00570786
-0.00501429
-0.00427769
-0.00350274
-0.00269453
-0.00185855
-0.00100055
-0.000126465
0.000757645
0.00164562
0.00253118
0.00340794
0.00426944
0.00510922
0.00592106
0.00669898
0.00743738
0.00813099
0.00877488
0.00936443
0.00989873
0.0103774
0.0107981
0.0111589
0.011458
0.0116945
0.0118671
0.0119754
0.012019
0.0119981
0.0119133
0.0117657
0.0115565
0.0112873
0.0109599
0.0105766
0.0101399
0.00965289
0.0091189
0.00854148
0.00792422
0.00727078
0.0065849
0.00587056
0.00513201
0.00437375
0.00360041
0.00281661
0.00202683
0.00123539
0.000446544
-0.000335497
-0.0011065
-0.00186227
-0.00259872
-0.00331203
-0.00399866
-0.00465542
-0.00527931
-0.00586752
-0.00641732
-0.0069261
-0.00739153
-0.00781162
-0.00818489
-0.00851037
-0.00878749
-0.00901593
-0.00919543
-0.00932578
-0.00940688
-0.00943896
-0.00942274
-0.00935951
-0.00925104
-0.00909934
-0.00890647
-0.00867441
-0.00840508
-0.00810061
-0.00776343
-0.00739638
-0.00700261
-0.00658542
-0.00614803
-0.00569359
-0.00522513
-0.00474573
-0.00425856
-0.00376687
-0.00327384
-0.00278252
-0.00229575
-0.00181621
-0.00134649
-0.000889165
-0.000446786
-2.17542e-05
0.000383789
0.000768033
0.00112949
0.00146692
0.00177925
0.0020655
0.00232483
0.00255656
0.00276019
0.00293544
0.00308224
0.00320072
0.00329124
0.00335437
0.00339091
0.00340188
0.0033884
0.00335167
0.00329295
0.0032136
0.00311509
0.00299902
0.00286712
0.00272118
0.00256306
0.00239461
0.00221776
0.00203445
0.00184671
0.00165649
0.00146569
0.00127608
0.00108929
0.000906886
0.000730395
0.000561287
0.000400931
0.000250536
0.000111135
-1.63735e-05
-0.000131147
-0.000232342
-0.000319122
-0.000390747
-0.000446692
-0.000486725
-0.00051091
-0.000519531
-0.000512994
-0.000491766
-0.000456374
-0.000407448
-0.000345757
-0.000272212
-0.000187829
-9.36824e-05
9.09866e-06
0.000119302
0.000235584
0.000356455
0.000480307
0.000605492
0.000730388
0.000853428
0.000973073
0.00108776
0.00119588
0.00129577
0.00138578
0.00146431
0.00152986
0.001581
0.00161636
0.00163465
0.00163466
0.00161534
0.00157574
0.00151507
0.00143263
0.00132777
0.00119992
0.00104863
0.000873633
0.000674912
0.000452649
0.000207208
-6.09136e-05
-0.000351088
-0.000662525
-0.000994245
-0.00134507
-0.00171369
-0.00209872
-0.00249871
-0.00291221
-0.0033376
-0.00377306
-0.0042165
-0.00466562
-0.00511796
-0.00557106
-0.00602245
-0.00646968
-0.00691028
-0.00734174
-0.00776149
-0.00816695
-0.00855553
-0.00892462
-0.00927161
-0.00959384
-0.00988864
-0.0101534
-0.0103856
-0.010583
-0.0107436
-0.0108655
-0.010947
-0.0109867
-0.0109829
-0.0109345
-0.0108402
-0.0106992
-0.0105107
-0.0102741
-0.0099891
-0.00965558
-0.00927379
-0.00884432
-0.00836799
-0.00784586
-0.00727913
-0.00666923
-0.00601785
-0.00532701
-0.00459907
-0.00383671
-0.00304282
-0.00222045
-0.0013728
-0.000503214
0.000384755
0.00128734
0.00220058
0.00312039
0.00404265
0.00496315
0.00587765
0.00678179
0.00767109
0.008541
0.00938694
0.0102044
0.010989
0.0117363
0.0124422
0.0131025
0.0137135
0.0142713
0.0147726
0.015214
0.0155924
0.0159051
0.0161491
0.0163222
0.0164222
0.0164474
0.0163964
0.0162685
0.016063
0.0157799
0.0154193
0.014982
0.0144689
0.0138815
0.0132215
0.0124909
0.0116923
0.0108284
0.00990236
0.00891788
0.00787896
0.00678995
0.0056555
0.00448053
0.00327022
0.00202998
0.000765429
-0.000517649
-0.00181338
-0.00311584
-0.00441907
-0.00571712
-0.00700398
-0.00827359
-0.00951988
-0.0107368
-0.0119182
-0.0130581
-0.0141507
-0.0151904
-0.0161717
-0.0170895
-0.0179392
-0.0187165
-0.0194175
-0.0200386
-0.0205768
-0.0210293
-0.0213941
-0.0216696
-0.0218548
-0.0219491
-0.0219524
-0.0218651
-0.0216879
-0.021422
-0.0210691
-0.0206313
-0.0201111
-0.0195114
-0.0188356
-0.0180871
-0.0172701
-0.0163889
-0.015448
-0.0144525
-0.0134075
-0.0123182
-0.0111903
-0.0100293
-0.00884109
-0.00763163
-0.00640689
-0.00517286
-0.00393552
-0.00270083
-0.00147469
-0.000262946
0.00092872
0.00209481
0.00323004
0.00432937
0.00538798
0.00640124
0.0073648
0.0082746
0.00912694
0.00991852
0.0106464
0.011308
0.0119011
0.0124238
0.0128746
0.0132524
0.0135566
0.0137869
0.0139436
0.0140272
0.0140385
0.0139786
0.0138493
0.0136524
0.0133902
0.0130654
0.0126808
0.0122394
0.0117447
0.0112001
0.0106095
0.00997684
0.00930627
0.00860192
0.007868
0.00710878
0.00632868
0.00553216
0.00472375
0.00390794
0.0030891
0.00227149
0.00145923
0.000656335
-0.000133272
-0.000905807
-0.00165766
-0.00238545
-0.003086
-0.00375638
-0.00439387
-0.00499596
-0.00556041
-0.00608524
-0.00656876
-0.0070096
-0.00740663
-0.00775895
-0.0080659
-0.00832708
-0.00854237
-0.00871194
-0.00883626
-0.00891604
-0.00895217
-0.00894578
-0.00889816
-0.00881079
-0.00868536
-0.00852376
-0.00832801
-0.00810029
-0.00784286
-0.00755811
-0.00724852
-0.00691662
-0.00656502
-0.00619634
-0.00581324
-0.00541839
-0.00501444
-0.00460405
-0.00418982
-0.00377427
-0.00335983
-0.00294883
-0.00254354
-0.00214617
-0.00175887
-0.00138364
-0.00102236
-0.000676681
-0.000348092
-3.7933e-05
0.00025257
0.000522305
0.000770307
0.000995799
0.00119822
0.00137723
0.00153264
0.0016644
0.00177257
0.00185736
0.00191913
0.00195841
0.0019759
0.0019724
0.00194879
0.00190602
0.00184511
0.00176722
0.00167366
0.00156583
0.0014452
0.00131326
0.00117143
0.00102117
0.00086392
0.000701193
0.000534532
0.000365481
0.000195537
2.61256e-05
-0.000141397
-0.00030572
-0.000465569
-0.000619716
-0.000767007
-0.000906394
-0.00103694
-0.0011578
-0.00126822
-0.0013675
-0.00145507
-0.00153046
-0.00159334
-0.00164354
-0.00168098
-0.00170565
-0.00171761
-0.001717
-0.00170405
-0.00167914
-0.00164272
-0.00159534
-0.0015376
-0.00147015
-0.00139372
-0.00130911
-0.00121722
-0.00111904
-0.00101555
-0.000907749
-0.000796586
-0.000683034
-0.000568098
-0.00045284
-0.000338356
-0.000225724
-0.000115967
-1.00277e-05
9.12087e-05
0.000186889
0.00027617
0.000358231
0.000432302
0.000497694
0.000553807
0.000600116
0.000636153
0.000661502
0.000675815
0.000678845
0.000670461
0.000650645
0.00061946
0.000577023
0.000523492
0.000459087
0.000384118
0.000299014
0.000204316
0.000100654
-1.1286e-05
-0.000130782
-0.000257069
-0.000389324
-0.000526663
-0.000668142
-0.000812789
-0.000959621
-0.00110765
-0.00125588
-0.00140327
-0.00154876
-0.00169126
-0.00182973
-0.00196313
-0.0020905
-0.0022109
-0.00232341
-0.00242714
-0.00252125
-0.00260494
-0.00267752
-0.00273837
-0.00278694
-0.00282272
-0.00284524
-0.00285413
-0.00284909
-0.00282996
-0.00279666
-0.00274923
-0.00268777
-0.00261242
-0.00252345
-0.00242122
-0.00230622
-0.00217902
-0.00204024
-0.00189055
-0.00173065
-0.00156129
-0.00138333
-0.00119776
-0.00100565
-0.000808122
-0.000606288
-0.000401241
-0.000194049
1.42186e-05
0.000222467
0.000429579
0.000634427
0.000835892
0.00103288
0.00122423
0.0014082
0.00158335
0.00174841
0.00190223
0.00204377
0.00217215
0.00228657
0.00238636
0.00247092
0.00253976
0.00259254
0.00262909
0.00264943
0.00265372
0.00264227
0.00261548
0.0025748
0.00252905
0.00248038
0.00242878
0.00237397
0.00231547
0.00225258
0.0021844
0.00210988
0.00202782
0.00193694
0.00183588
0.00172323
0.00159755
0.00145747
0.00130164
0.00112884
0.000938009
0.000728272
0.000498969
0.000249674
-1.97966e-05
-0.000309368
-0.000618692
-0.000947112
-0.00129363
-0.00165686
-0.00203507
-0.00242615
-0.00282773
-0.00323717
-0.00365166
-0.00406815
-0.00448332
-0.00489356
-0.00529498
-0.00568354
-0.00605519
-0.00640591
-0.00673181
-0.00702904
-0.00729381
-0.0075223
-0.00771085
-0.00785606
-0.00795485
-0.0080046
-0.00800295
-0.00794792
-0.00783782
-0.0076714
-0.00744805
-0.00716778
-0.00683144
-0.00644031
-0.00599599
-0.00550035
-0.00495547
-0.00436416
-0.00372984
-0.00305667
-0.00234935
-0.00161278
-0.00085224
-7.29419e-05
0.000719773
0.00152036
0.00232325
0.00312238
0.00391187
0.0046858
0.00543832
0.00616374
0.00685603
0.0075092
0.00811818
0.00867863
0.00918695
0.00963964
0.0100336
0.0103658
0.0106339
0.0108365
0.0109727
0.011043
0.011048
0.010989
0.0108671
0.010684
0.010442
0.010145
0.00980115
0.00941459
0.00898913
0.00852832
0.00803591
0.00751612
0.00697309
0.00641226
0.0058383
0.0052553
0.00466681
0.00407548
0.00348595
0.00290264
0.00233037
0.00177374
0.00123558
0.000719887
0.000229032
-0.00023465
-0.000668461
-0.00107055
-0.00143678
-0.00176482
-0.00205316
-0.00230101
-0.00250903
-0.00267551
-0.00279989
-0.00288185
-0.00292172
-0.00292144
-0.00288167
-0.00280411
-0.00269029
-0.0025417
-0.0023605
-0.00214874
-0.00190956
-0.00164644
-0.00136278
-0.00106107
-0.000744491
-0.000415807
-7.82877e-05
0.000264168
0.000608897
0.000950152
0.00128424
0.00160794
0.00191823
0.00221481
0.0024915
0.00274499
0.00297232
0.00317113
0.00334355
0.00348373
0.00358977
0.00365971
0.00369189
0.00369041
0.00365018
0.00357188
0.00345646
0.00330475
0.00312287
0.00290603
0.00265547
0.00237317
0.00206181
0.00172956
0.00137424
0.000998779
0.000606282
0.000200275
-0.000211374
-0.000628223
-0.00104607
-0.00146101
-0.00186933
-0.00226574
-0.00264732
-0.00300921
-0.00334636
-0.00365405
-0.00393025
-0.00416965
-0.0043692
-0.00452564
-0.00463544
-0.00470114
-0.00471346
-0.00467001
-0.00456915
-0.00440967
-0.00420091
-0.00393105
-0.00359906
-0.00320463
-0.0027484
-0.00224646
-0.00168602
-0.00106884
-0.000396594
0.000328788
0.00108701
0.00189172
0.00273802
0.00362051
0.00453396
0.00545505
0.00639766
0.00735673
0.00832627
0.00929925
0.0102512
0.0111915
0.0121128
0.0130083
0.0138713
0.0146827
0.0154473
0.016158
0.0168076
0.0173897
0.0178936
0.0183179
0.0186565
0.0189035
0.0190533
0.0191066
0.0190539
0.0188919
0.0186182
0.0182305
0.0177443
0.0171406
0.0164188
0.0155792
0.0146232
0.013582
0.012429
0.0111673
0.00980101
0.00833488
0.00681393
0.00520536
0.00351613
0.00175373
-7.37514e-05
-0.00191186
-0.00379656
-0.00571747
-0.00766372
-0.00962421
-0.0115412
-0.0134499
-0.0153389
-0.0171958
-0.0190079
-0.0207211
-0.0223642
-0.023925
-0.0253918
-0.0267529
-0.0279677
-0.029054
-0.0300011
-0.0307988
-0.031438
-0.0318992
-0.0321856
-0.0322898
-0.0322055
-0.0319272
-0.0314626
-0.0307965
-0.0299269
-0.0288526
-0.0275734
-0.026127
-0.024479
-0.0226334
-0.0205952
-0.0183706
-0.0160267
-0.0135116
-0.010834
-0.00800419
-0.00503388
-0.00201395
0.00112008
0.00435395
0.00767272
0.0110607
0.0144131
0.0178007
0.0212057
0.0246097
0.0279943
0.0312535
0.0344566
0.0375851
0.0406199
0.0435424
0.0462587
0.0488269
0.0512306
0.0534535
0.0554799
0.0572423
0.0587783
0.0600746
0.0611196
0.0619029
0.0623958
0.06261
0.0625387
0.0621762
0.0615183
0.0605809
0.0593457
0.0578138
0.0559874
0.0538698
0.0515221
0.0488945
0.0459957
0.0428365
0.0394293
0.0358774
0.0321045
0.0281254
0.0239566
0.0196165
0.0152396
0.010732
0.00611502
0.00140988
-0.00336174
-0.0080516
-0.0127629
-0.0174719
-0.0221543
-0.0267861
-0.0312213
-0.0355598
-0.0397793
-0.0438579
-0.0477737
-0.0514024
-0.0548266
-0.0580274
-0.060987
-0.0636886
-0.0660461
-0.0681151
-0.0698824
-0.0713366
-0.0724682
-0.0732415
-0.0736783
-0.073774
-0.073525
-0.0729296
-0.0720063
-0.0707393
-0.0691332
-0.0671941
-0.0649294
-0.0624107
-0.0595853
-0.0564652
-0.0530644
-0.0493988
-0.0455849
-0.0415409
-0.0372852
-0.0328373
-0.0282181
-0.0235737
-0.0188026
-0.013928
-0.00897327
-0.00396168
0.000949902
0.00587189
0.0107807
0.0156525
0.0204633
0.025063
0.0295561
0.0339211
0.0381373
0.0421847
0.0459391
0.0494874
0.0528128
0.0559
0.0587347
0.0612332
0.0634555
0.0653918
0.0670342
0.0683764
0.0693834
0.0700825
0.0704719
0.0705513
0.070322
0.0697989
0.0689747
0.0678554
0.0664488
0.0647639
0.0628616
0.0607021
0.0582977
0.0556621
0.0528101
0.0498388
0.0466832
0.0433606
0.0398888
0.0362867
0.0326737
0.0289696
0.0251938
0.0213656
0.0175042
0.0137335
0.00996654
0.00622178
0.0025175
-0.00112834
-0.00460067
-0.00798087
-0.0112533
-0.0144031
-0.0174159
-0.0201991
-0.0228197
-0.0252664
-0.0275296
-0.0296005
-0.0314186
-0.0330301
-0.0344295
-0.0356126
-0.0365767
-0.0372982
-0.0377993
-0.0380812
-0.0381461
-0.037997
-0.0376458
-0.0370904
-0.0363373
-0.0353937
-0.0342679
-0.0330019
-0.0315719
-0.029988
-0.028261
-0.0264028
-0.0244774
-0.0224456
-0.0203201
-0.0181142
-0.0158415
-0.0135773
-0.0112733
-0.00894285
-0.00659892
-0.00425436
-0.00198411
0.000261715
0.00247097
0.00463188
0.00673332
0.00871048
0.0106084
0.0124182
0.0141316
0.0157406
0.0171975
0.0185363
0.0197513
0.0208383
0.0217937
0.0225929
0.0232558
0.0237812
0.0241692
0.0244203
0.0245336
0.0245147
0.0243668
0.0240936
0.0236994
0.023203
0.0225962
0.0218855
0.0210781
0.0201818
0.019231
0.0182074
0.0171197
0.0159769
0.0147885
0.0135973
0.0123803
0.0111471
0.00990733
0.00867039
0.00747818
0.00630721
0.00516642
0.00406447
0.00300962
0.00203571
0.00112392
0.000281076
-0.000486305
-0.0011722
-0.00175654
-0.0022496
-0.00264785
-0.00294861
-0.00314983
-0.0032493
-0.00324654
-0.00314094
-0.00293259
-0.00262247
-0.00222605
-0.00173261
-0.00114575
-0.000469704
0.000290754
0.00110516
0.00199296
0.00294781
0.00396274
0.00503023
0.00611025
0.00722685
0.00837181
0.00953668
0.0107128
0.0118584
0.0129976
0.0141212
0.0152204
0.0162861
0.0172827
0.0182282
0.0191145
0.0199331
0.0206763
0.0213221
0.0218785
0.0223398
0.0227006
0.0229565
0.0231054
0.0231425
0.0230653
0.0228716
0.02256
0.0221492
0.0216193
0.0209715
0.020208
0.0193325
0.018386
0.017337
0.0161907
0.0149526
0.0136286
0.0122743
0.0108486
0.00936017
0.00781887
0.00623483
0.00467272
0.00308753
0.00148893
-0.000112935
-0.00170716
-0.00323025
-0.00472259
-0.00617288
-0.00757042
-0.00890503
-0.0101262
-0.0112646
-0.0123101
-0.0132526
-0.0140824
-0.0147695
-0.0153293
-0.0157569
-0.0160483
-0.0162
-0.01621
-0.0160726
-0.0157842
-0.0153423
-0.0147463
-0.0140248
-0.0131536
-0.0121367
-0.0109792
-0.00968571
-0.00831198
-0.00681217
-0.00519231
-0.00346004
-0.00162468
0.000234717
0.00217543
0.00418632
0.00625644
0.00837483
0.010453
0.0125559
0.0146705
0.0167832
0.0188805
0.0208742
0.022828
0.0247306
0.0265705
0.0283354
0.0299499
0.0314645
0.032868
0.0341507
0.0353045
0.0362816
0.0371162
0.0378019
0.0383322
0.038701
0.0388911
0.0389122
0.038763
0.0384433
0.0379536
0.0373133
0.0365061
0.0355351
0.0344044
0.0331103
0.0316973
0.0301274
0.0284117
0.0265622
0.0245927
0.0225882
0.0204938
0.0183256
0.0160998
0.0138321
0.0116202
0.00939697
0.00717839
0.00498093
0.00282079
0.000794803
-0.0011666
-0.00305113
-0.00484752
-0.00654518
-0.00806434
-0.00946788
-0.010748
-0.0118983
-0.0129139
-0.0137414
-0.0144307
-0.0149816
-0.0153948
-0.0156722
-0.0157903
-0.0157812
-0.0156502
-0.0154034
-0.0150477
-0.0145863
-0.0140322
-0.0133946
-0.0126832
-0.0119082
-0.0110927
-0.0102331
-0.00933976
-0.00842256
-0.00749142
-0.00657934
-0.00567029
-0.00477293
-0.00389542
-0.00304536
-0.00225644
-0.00150574
-0.000798719
-0.000139993
0.000466656
0.000994033
0.00146681
0.00188342
0.00224295
0.00254514
0.00277219
0.0029461
0.00306881
0.00314286
0.00317123
0.00314584
0.00308356
0.00298815
0.0028636
0.00271408
0.00253833
0.00234755
0.00214598
0.00193777
0.00172687
0.00151515
0.00130851
0.00111012
0.000922798
0.000748988
0.000590513
0.000449368
0.000326785
0.000223598
0.000140241
7.67847e-05
3.27974e-05
7.56521e-06
0
0
0
0
0
0
0
0
0
0
0
0
0
0
0
0
0
0
0
0
0
0
0
0
-0
-0
-0
-0
-0
-0
-0
-0
-0
-0
-0
-0
-0
-0
-0
-0
-0
-0
-0
-0
-0
-0
-0
-0
-0
-0
-0
-0
-0
-0
-0
-0
-0
-0
-0
-0
0
0
0
0
0
0
0
0
0
0
0
0
0
0
0
0
0
0
0
0
0
0
0
0
0
0
0
0
0
0
0
0
0
0
0
0
0
0
0
0
0
0
0
0
0
0
0
0
0
0
0
0
0
0
0
0
0
0
0
0
0
0
0
0
0
0
0
0
0
0
0
0
0
0
0
0
0
0
0
0
0
0
0
0
0
0
0
0
0
0
0
0
0
0
0
0
0
0
0
0
0
0
0
0
0
0
0
0
0
0
0
0
0
0
0
0
0
0
0
0
0
0
0
0
0
0
0
0
0
0
0
0
0
0
0
0
0
0
0
0
0
