0
0
0
0
0
0
0
0
0
0
0
0
0
0
0
0
0
0
0
0
0
0
0
0
0
0
0
0
0
0
0
0
0
0
0
0
0
0
0
0
0
0
0
0
0
0
0
0
0
0
0
0
0
0
0
0
0
0
0
0
0
0
0
0
0
0
0
0
0
0
0
0
0
0
0
0
0
0
0
0
0
0
0
0
0
0
0
0
0
0
0
0
0
0
0
0
0
0
0
0
0
0
0
0
0
0
0
0
0
0
0
0
0
0
0
0
0
0
0
0
0
0
0
0
0
0
0
0
0
0
0
0
0
0
0
0
0
0
0
0
0
0
0
0
0
0
0
0
0
0
0
0
0
0
0
0
0
0
0
0
0
0
0
0
0
0
0
0
0
0
0
0
0
0
0
0
0
0
0
0
0
0
0
0
0
0
0
0
0
0
0
0
0
0
0
0
0
0
0
0
0
2.28919e-05
9.28078e-05
0.000202629
0.000343926
0.000507141
0.000681716
0.000856241
0.00101862
0.00115623
0.00125613
0.00130526
0.00129062
0.00119952
0.00101976
0.00073986
0.000349263
-0.000161456
-0.000800401
-0.00157418
-0.00248773
-0.00354417
-0.0047447
-0.00608844
-0.00757242
-0.00919147
-0.0109382
-0.012803
-0.0147741
-0.0168376
-0.0189776
-0.0211761
-0.0234135
-0.0256685
-0.0279182
-0.0301388
-0.0323052
-0.0343916
-0.0363719
-0.0382195
-0.0399082
-0.041412
-0.0427057
-0.0437651
-0.0445673
-0.045091
-0.045317
-0.0452282
-0.0448099
-0.0440504
-0.0429405
-0.0414744
-0.0396495
-0.0374666
-0.0349297
-0.0320464
-0.0288278
-0.0252883
-0.0214456
-0.0173206
-0.0129373
-0.00832241
-0.00350553
0.00148147
0.00660452
0.0118277
0.0171133
0.0224227
0.0277161
0.0329532
0.0380935
0.0430968
0.0479233
0.0525344
0.0568925
0.0609622
0.0647098
0.0681042
0.0711171
0.0737231
0.0759002
0.07763
0.0788977
0.0796925
0.0800075
0.0798399
0.0791911
0.0780666
0.0764757
0.074432
0.0719528
0.069082
0.0658592
0.062305
0.0584419
0.0542941
0.0498873
0.0452483
0.0404054
0.0353874
0.0302242
0.0249462
0.019584
0.0141685
0.00873084
0.00330166
-0.00208853
-0.00740975
-0.0126327
-0.0177288
-0.0226704
-0.0274313
-0.0319862
-0.0363114
-0.0403847
-0.0441859
-0.0476964
-0.0508998
-0.0537816
-0.0563298
-0.0585343
-0.0603876
-0.0618845
-0.0630219
-0.0637992
-0.064218
-0.0642819
-0.0639968
-0.0633702
-0.062412
-0.0611335
-0.0595477
-0.0576693
-0.0555143
-0.0531003
-0.0504458
-0.0475708
-0.0444962
-0.0412437
-0.0378357
-0.0342956
-0.0306468
-0.0269132
-0.0231187
-0.0192873
-0.0154425
-0.0116074
-0.00780459
-0.00405576
-0.000381724
0.00319778
0.00666416
0.0100001
0.0131896
0.016218
0.0190721
0.0217403
0.0242123
0.0264793
0.0285343
0.0303714
0.0319868
0.0333778
0.0345434
0.0354841
0.0362021
0.0367007
0.0369849
0.0370609
0.0369361
0.0366193
0.0361202
0.0354493
0.0346182
0.0336391
0.0325246
0.0312882
0.0299434
0.0285041
0.0269843
0.025398
0.0237594
0.0220823
0.0203803
0.0186666
0.0169542
0.0152553
0.0135815
0.0119437
0.010352
0.00881544
0.0073422
0.00593933
0.00461278
0.00336738
0.0022068
0.00113358
0.000149118
-0.000746268
-0.00155332
-0.00227379
-0.00291038
-0.00346669
-0.00394717
-0.00435705
-0.0047023
-0.00498957
-0.00522614
-0.00541985
-0.00557904
-0.00571247
-0.00582925
-0.00593874
-0.00605045
-0.00617393
-0.00631863
-0.00649382
-0.00670841
-0.00697088
-0.00728911
-0.0076703
-0.00812086
-0.00864631
-0.00925124
-0.0099392
-0.0107127
-0.0115731
-0.0125208
-0.0135549
-0.0146735
-0.0158734
-0.0171504
-0.0184993
-0.0199135
-0.0213857
-0.0229072
-0.0244685
-0.0260592
-0.0276679
-0.0292822
-0.0308894
-0.0324756
-0.0340268
-0.0355282
-0.036965
-0.0383218
-0.0395834
-0.0407345
-0.0417602
-0.0426455
-0.0433761
-0.0439383
-0.0443187
-0.0445051
-0.0444858
-0.0442505
-0.0437896
-0.043095
-0.0421599
-0.0409788
-0.0395479
-0.037865
-0.0359294
-0.0337424
-0.0313071
-0.0286282
-0.0257126
-0.0225687
-0.0192071
-0.0156397
-0.0118805
-0.00794497
-0.00385009
0.000385672
0.00474257
0.00919962
0.0137347
0.0183249
0.0229461
0.0275736
0.0321823
0.0367461
0.0412389
0.0456343
0.0499056
0.0540263
0.0579701
0.0617111
0.0652241
0.0684844
0.0714686
0.0741542
0.0765203
0.0785473
0.0802175
0.081515
0.082426
0.0829388
0.0830439
0.0827339
0.0820042
0.0808522
0.0792777
0.0772832
0.0748733
0.0720549
0.0688375
0.0652326
0.0612542
0.0569182
0.0522428
0.0472484
0.0419571
0.0363932
0.0305828
0.0245536
0.0183352
0.0119583
0.00545527
-0.00114044
-0.00779447
-0.0144717
-0.0211363
-0.0277525
-0.0342841
-0.0406953
-0.0469508
-0.0530157
-0.0588564
-0.0644404
-0.0697365
-0.0747151
-0.0793487
-0.0836117
-0.0874805
-0.0909341
-0.0939538
-0.0965235
-0.0986299
-0.100262
-0.101413
-0.102076
-0.10225
-0.101936
-0.101137
-0.099859
-0.0981111
-0.095905
-0.093255
-0.0901777
-0.0866921
-0.0828195
-0.0785831
-0.0740081
-0.0691215
-0.0639518
-0.0585288
-0.0528836
-0.0470482
-0.0410555
-0.0349389
-0.0287324
-0.0224698
-0.0161854
-0.00991289
-0.00368581
0.00246296
0.00850129
0.014398
0.0201231
0.0256477
0.0309446
0.035988
0.040754
0.0452205
0.0493673
0.0531763
0.0566317
0.0597198
0.0624293
0.064751
0.0666783
0.0682069
0.0693347
0.070062
0.0703916
0.0703282
0.0698788
0.0690527
0.0678609
0.0663164
0.0644343
0.0622309
0.0597244
0.0569344
0.0538817
0.0505883
0.0470773
0.0433725
0.0394986
0.0354805
0.0313439
0.0271144
0.0228179
0.0184801
0.0141265
0.00978211
0.00547153
0.00121861
-0.00295357
-0.00702289
-0.0109683
-0.0147698
-0.0184088
-0.021868
-0.0251316
-0.0281851
-0.0310156
-0.0336121
-0.0359648
-0.0380659
-0.039909
-0.0414896
-0.0428047
-0.043853
-0.0446348
-0.0451519
-0.0454079
-0.0454076
-0.0451572
-0.0446645
-0.0439384
-0.0429889
-0.0418273
-0.0404659
-0.0389177
-0.0371966
-0.0353175
-0.0332954
-0.0311463
-0.0288861
-0.0265315
-0.024099
-0.0216052
-0.0190668
-0.0165003
-0.0139218
-0.0113474
-0.00879234
-0.00627165
-0.00379962
-0.00138989
0.000944657
0.00319193
0.00534071
0.00738066
0.0093024
0.0110975
0.0127585
0.0142791
0.0156537
0.016878
0.0179485
0.018863
0.01962
0.020219
0.0206607
0.0209463
0.0210782
0.0210597
0.0208946
0.0205876
0.0201443
0.0195706
0.0188734
0.0180596
0.0171372
0.0161142
0.0149991
0.0138006
0.0125277
0.0111897
0.00979579
0.00835537
0.00687779
0.00537237
0.00384831
0.00231469
0.000780399
-0.000745932
-0.00225593
-0.00374155
-0.0051951
-0.00660926
-0.00797715
-0.00929233
-0.0105488
-0.0117412
-0.0128645
-0.0139142
-0.0148864
-0.0157779
-0.0165856
-0.0173074
-0.0179413
-0.0184862
-0.0189412
-0.019306
-0.0195809
-0.0197662
-0.0198632
-0.0198732
-0.0197981
-0.01964
-0.0194013
-0.019085
-0.0186942
-0.0182321
-0.0177024
-0.0171089
-0.0164555
-0.0157464
-0.0149857
-0.014178
-0.0133274
-0.0124386
-0.011516
-0.0105642
-0.0095875
-0.00859052
-0.00757765
-0.00655327
-0.0055217
-0.00448716
-0.00345381
-0.00242569
-0.00140672
-0.000400722
0.000588654
0.00155788
0.00250361
0.00342263
0.00431195
0.00516872
0.00599031
0.00677426
0.00751832
0.00822043
0.00887874
0.00949156
0.0100574
0.0105751
0.0110433
0.0114614
0.0118284
0.0121439
0.0124075
0.0126189
0.0127782
0.0128854
0.0129408
0.0129449
0.0128982
0.0128015
0.0126557
0.0124617
0.0122207
0.011934
0.0116028
0.0112288
0.0108135
0.0103586
0.00986581
0.00933707
0.00877433
0.00817964
0.00755513
0.006903
0.00622553
0.00552505
0.00480395
0.0040647
0.00330976
0.00254168
0.001763
0.000976287
0.000184138
-0.000610856
-0.0014061
-0.002199
-0.00298697
-0.00376745
-0.00453788
-0.00529575
-0.00603856
-0.00676387
-0.00746927
-0.00815242
-0.00881104
-0.00944294
-0.010046
-0.0106183
-0.0111578
-0.0116629
-0.0121318
-0.0125631
-0.0129554
-0.0133076
-0.0136184
-0.0138871
-0.0141128
-0.0142949
-0.0144328
-0.0145263
-0.0145749
-0.0145788
-0.0145377
-0.0144521
-0.014322
-0.0141481
-0.0139308
-0.013671
-0.0133694
-0.0130273
-0.0126458
-0.0122263
-0.0117702
-0.0112794
-0.0107556
-0.0102007
-0.00961679
-0.009006
-0.00837057
-0.00771279
-0.00703502
-0.00633965
-0.00562912
-0.00490586
-0.00417235
-0.00343106
-0.00268447
-0.00193506
-0.00118532
-0.000437719
0.000305256
0.00104114
0.00176734
0.00248013
0.00317573
0.00385054
0.00450112
0.00512414
0.0057165
0.00627527
0.0067978
0.00728167
0.00772476
0.00812522
0.00848155
0.00879252
0.00905725
0.00927519
0.00944608
0.00956974
0.0096444
0.0096701
0.00964771
0.00957844
0.00946383
0.00930573
0.00910627
0.00886785
0.00859314
0.00828504
0.00794665
0.00758126
0.00719233
0.00678345
0.0063583
0.00592065
0.00547428
0.005023
0.00457055
0.00412064
0.00367683
0.0032426
0.0028212
0.00241573
0.00202905
0.00166376
0.00132221
0.00100645
0.000718237
0.000459024
0.000229935
3.17756e-05
-0.000134975
-0.00027016
-0.000373943
-0.000446795
-0.000489489
-0.000503083
-0.000488907
-0.000448536
-0.000383777
-0.000296642
-0.000189314
-6.4135e-05
7.64355e-05
0.000229842
0.000393468
0.00056466
0.00074076
0.000919132
0.00109719
0.00127245
0.00144248
0.00160501
0.00175792
0.00189923
0.00202718
0.00214018
0.00223685
0.00231603
0.0023768
0.00241848
0.00244059
0.00244287
0.00242533
0.00238817
0.00233182
0.0022569
0.00216423
0.0020548
0.0019298
0.00179055
0.00163893
0.00147802
0.00130891
0.00113252
0.000949814
0.000761797
0.000569496
0.000373959
0.000176243
-2.26028e-05
-0.000221519
-0.000419471
-0.000615449
-0.000808469
-0.000997606
-0.00118193
-0.00136057
-0.00153284
-0.00169878
-0.00185808
-0.00201031
-0.0021551
-0.00229208
-0.00242093
-0.00254138
-0.00265313
-0.00275592
-0.00284954
-0.00293381
-0.00300863
-0.00307385
-0.00312938
-0.00317517
-0.00321123
-0.00323761
-0.00325432
-0.00326142
-0.00325902
-0.00324725
-0.00322629
-0.00319626
-0.00315735
-0.00310975
-0.00305369
-0.00298945
-0.00291724
-0.00283736
-0.00275009
-0.00265575
-0.0025547
-0.00244728
-0.00233387
-0.00221487
-0.00209069
-0.00196171
-0.00182843
-0.00169128
-0.00155075
-0.00140732
-0.00126136
-0.00111349
-0.000964223
-0.00081408
-0.000663588
-0.000513094
-0.000363324
-0.000214818
-6.81124e-05
7.62577e-05
0.000218038
0.00035644
0.000490962
0.000621116
0.000746431
0.000866795
0.000981436
0.00108994
0.00119193
0.00128702
0.00137525
0.00145591
0.00152871
0.00159338
0.00164968
0.00169773
0.00173701
0.00176741
0.00178881
0.00180118
0.00180476
0.00179937
0.00178513
0.00176221
0.00173083
0.00169129
0.0016439
0.00158903
0.00152709
0.00145855
0.00138363
0.00130314
0.00121763
0.00112768
0.00103393
0.00093636
0.000836281
0.000734376
0.000631348
0.000527916
0.000423768
0.000320687
0.000219415
0.000120689
2.5237e-05
-6.76449e-05
-0.00015586
-0.000238755
-0.00031572
-0.000386193
-0.000451334
-0.000509016
-0.000558846
-0.000600497
-0.000633713
-0.000660039
-0.000677626
-0.00068643
-0.000686487
-0.000677913
-0.000662423
-0.000638769
-0.000607307
-0.000568478
-0.000522809
-0.000471879
-0.000415399
-0.000354125
-0.000288889
-0.000220588
-0.00015026
-7.88158e-05
-7.29232e-06
6.32443e-05
0.000131706
0.000198099
0.00026022
0.000316976
0.000367287
0.000410093
0.000446844
0.00047405
0.000490747
0.000496012
0.000488978
0.000472718
0.000442601
0.000397959
0.000338213
0.000262884
0.000176671
7.42509e-05
-4.44998e-05
-0.000179559
-0.000330749
-0.000491952
-0.000668466
-0.000859643
-0.00106466
-0.00128252
-0.00150627
-0.00174041
-0.00198348
-0.00223388
-0.00248988
-0.0027447
-0.00300129
-0.00325757
-0.0035114
-0.00376053
-0.00399966
-0.00422947
-0.00444759
-0.00465166
-0.00483929
-0.00500793
-0.00515546
-0.00527962
-0.00537823
-0.0054492
-0.00549386
-0.00550703
-0.005487
-0.00543224
-0.00534137
-0.0052204
-0.00506121
-0.00486307
-0.00462549
-0.00434824
-0.00404218
-0.0036968
-0.00331267
-0.00289066
-0.00243194
-0.00195163
-0.00143779
-0.000892441
-0.000317865
0.000283355
0.000893321
0.00152405
0.00217226
0.00283444
0.00350684
0.00417098
0.00483737
0.00550181
0.00615994
0.00680729
0.00742738
0.00802752
0.00860308
0.0091494
0.00966183
0.0101287
0.0105526
0.0109292
0.0112543
0.0115237
0.0117333
0.01188
0.0119605
0.0119718
0.0119113
0.0117844
0.0115817
0.0113017
0.0109437
0.0105069
0.0100069
0.00942858
0.00877282
0.00804101
0.00723504
0.00637983
0.00545569
0.00446595
0.00341447
0.00230556
0.00117146
-1.00941e-05
-0.0012335
-0.00249273
-0.00378138
-0.00506345
-0.00636122
-0.00766748
-0.00897476
-0.0102754
-0.0115343
-0.0127709
-0.0139775
-0.0151463
-0.0162695
-0.0173179
-0.0183055
-0.0192253
-0.0200703
-0.0208336
-0.0214968
-0.0220663
-0.0225364
-0.0229024
-0.0231596
-0.0233037
-0.0233317
-0.023241
-0.0230294
-0.0226954
-0.0222508
-0.021683
-0.0209925
-0.0201809
-0.01925
-0.0182274
-0.0170918
-0.0158473
-0.0144986
-0.0130515
-0.0115464
-0.00995555
-0.0082861
-0.00654583
-0.00474305
-0.00292723
-0.00106666
0.000829266
0.00275086
0.00468817
0.00658911
0.0084855
0.0103671
0.0122238
0.0140453
0.0157837
0.0174671
0.0190859
0.0206308
0.0220928
0.0234345
0.0246767
0.0258116
0.0268324
0.0277324
0.02849
0.0291159
0.0296055
0.0299553
0.0301622
0.0302235
0.0301384
0.0299064
0.0295277
0.0290033
0.0283503
0.0275562
0.0266246
0.0255595
0.024366
0.0230786
0.0216746
0.0201611
0.0185454
0.0168358
0.0150799
0.0132475
0.011348
0.00939124
0.00738727
0.00539065
0.00336753
0.0013284
-0.000716151
-0.00275553
-0.00473528
-0.00668907
-0.00860684
-0.0104788
-0.0122954
-0.0140094
-0.0156503
-0.0172101
-0.0186813
-0.0200567
-0.0213022
-0.0224398
-0.0234647
-0.0243726
-0.0251597
-0.0258085
-0.0263316
-0.0267275
-0.0269954
-0.0271355
-0.027148
-0.0270347
-0.0267977
-0.0264396
-0.0259639
-0.0253875
-0.0247019
-0.023912
-0.0230235
-0.0220423
-0.0209989
-0.019876
-0.0186809
-0.0174208
-0.0161035
-0.014768
-0.013391
-0.0119805
-0.0105445
-0.00909108
-0.00766188
-0.00623081
-0.00480536
-0.00339283
-0.00200026
-0.000666525
0.00063413
0.00189571
0.00311258
0.00427946
0.00536475
0.00639083
0.00735374
0.00825
0.00907656
0.00981206
0.0104732
0.0110585
0.0115669
0.0119978
0.0123413
0.0126076
0.0127977
0.0129127
0.0129546
0.0129246
0.0128262
0.0126622
0.0124358
0.0121506
0.0118167
0.0114317
0.0109994
0.0105242
0.0100104
0.0094739
0.00890755
0.00831571
0.00770277
0.00707309
0.00644519
0.00580897
0.00516847
0.00452755
0.00388995
0.00327365
0.00266745
0.0020744
0.00149725
0.000938547
0.000413365
-8.92156e-05
-0.000567561
-0.00102033
-0.00144646
-0.00183498
-0.00219562
-0.00252816
-0.00283267
-0.00310946
-0.00335173
-0.0035676
-0.00375808
-0.00392435
-0.00406779
-0.00418495
-0.0042825
-0.00436221
-0.00442597
-0.00447574
-0.00450991
-0.00453407
-0.00455018
-0.00456019
-0.00456598
-0.0045661
-0.00456546
-0.00456565
-0.00456808
-0.00457405
-0.004581
-0.00459363
-0.00461276
-0.00463905
-0.00467298
-0.00471039
-0.00475591
-0.00480949
-0.00487091
-0.00493974
-0.00501045
-0.00508719
-0.00516898
-0.00525469
-0.00534297
-0.00542792
-0.00551235
-0.00559456
-0.0056727
-0.00574483
-0.00580639
-0.00585797
-0.00589758
-0.0059232
-0.00593286
-0.00592535
-0.00589813
-0.00584947
-0.00577773
-0.00568142
-0.00556437
-0.00542017
-0.00524779
-0.00504642
-0.00481541
-0.00456467
-0.00428369
-0.00397251
-0.00363145
-0.00326106
-0.0028773
-0.00246606
-0.00202862
-0.00156652
-0.00108155
-0.000594451
-8.8656e-05
0.00043347
0.000969357
0.00151625
0.00205101
0.00259086
0.00313266
0.00367312
0.00420886
0.00471751
0.00521447
0.00569622
0.00615919
0.00659981
0.00699998
0.00737084
0.00770908
0.00801149
0.00827504
0.00848935
0.00865933
0.00878262
0.00885711
0.00888098
0.00885423
0.00877411
0.00863971
0.00845044
0.00820604
0.00791796
0.00757518
0.0071784
0.00672865
0.00622732
0.00569675
0.0051183
0.00449429
0.00382741
0.00312064
0.00240511
0.00165654
0.000878716
7.57202e-05
-0.00074813
-0.00155663
-0.00237688
-0.00320418
-0.00403369
-0.0048605
-0.00564819
-0.00642339
-0.00718131
-0.0079172
-0.00862639
-0.00927746
-0.009893
-0.0104689
-0.0110012
-0.0114862
-0.0119022
-0.0122643
-0.0125698
-0.012816
-0.0129973
-0.0131005
-0.013131
-0.013088
-0.0129711
-0.0127809
-0.0125246
-0.0121977
-0.0118025
-0.0113418
-0.010819
-0.0102565
-0.00964009
-0.00897451
-0.00826496
-0.007517
-0.00676391
-0.00598359
-0.00518212
-0.0043657
-0.00354059
-0.00274517
-0.00195244
-0.00116828
-0.000398411
0.000351689
0.00104496
0.00170965
0.00234141
0.00293628
0.00349068
0.00397429
0.00441299
0.00480472
0.00514792
0.00544146
0.00566507
0.00583935
0.00596469
0.00604194
0.00607233
0.00604652
0.00597828
0.00587005
0.00572456
0.00554483
0.0053311
0.00509008
0.0048254
0.00454077
0.00423998
0.00392974
0.00361063
0.00328633
0.00296042
0.0026363
0.00232341
0.00201787
0.00172245
0.00143964
0.00117167
0.000927395
0.000700551
0.000492448
0.000304084
0.000136144
-5.15108e-06
-0.000126535
-0.000228185
-0.000310545
-0.000374309
-0.000416526
-0.00044304
-0.000455119
-0.000454189
-0.000441798
-0.000417659
-0.000386008
-0.000348551
-0.000307002
-0.000263058
-0.000217756
-0.000173593
-0.000132004
-9.43089e-05
-6.16912e-05
-3.51204e-05
-1.5588e-05
-3.73467e-06
0
0
0
0
0
0
0
0
0
0
0
0
0
0
0
0
0
0
0
0
0
0
0
0
0
0
0
0
0
0
0
0
0
0
0
0
0
0
0
0
0
0
0
0
0
0
0
0
0
0
0
0
0
0
0
0
0
0
0
0
0
0
0
0
0
0
0
0
0
0
0
0
0
0
0
0
0
0
0
0
0
0
0
0
0
0
0
0
0
0
0
0
0
0
0
0
0
0
0
0
0
0
0
0
0
0
0
0
0
0
0
0
0
0
0
0
0
0
0
0
0
0
0
0
0
0
0
0
0
0
0
0
0
0
0
0
0
0
0
0
0
0
0
0
0
0
0
0
0
0
0
0
0
0
0
0
0
0
0
0
0
0
0
0
0
0
0
0
0
0
0
0
0
0
0
0
0
0
0
0
0
0
0
0
0
0
0
0
0
0
0
0
0
0
0
0
0
0
0
0
0
