0
0
0
0
0
0
0
0
0
0
0
0
0
0
0
0
0
0
0
0
0
0
0
0
0
0
0
0
0
0
0
0
0
0
0
0
0
0
0
0
0
0
0
0
0
0
0
0
0
0
0
0
0
0
0
0
0
0
0
0
0
0
0
0
0
0
0
0
0
0
0
0
0
0
0
0
0
0
0
0
0
0
0
0
0
0
0
0
0
0
0
0
0
0
0
0
0
0
0
0
0
0
0
0
0
0
0
0
0
0
0
0
0
0
0
0
0
0
0
0
0
0
0
0
0
0
0
0
0
0
0
0
0
0
0
0
0
0
0
0
0
0
0
0
0
0
0
0
0
0
0
0
0
0
0
0
0
0
0
0
0
0
0
0
0
0
0
0
0
0
0
0
0
0
0
0
0
0
0
0
0
0
0
0
0
0
0
0
0
0
0
0
0
0
0
0
0
0
0
0
0
0
0
0
0
0
0
0
0
0
0
0
0
0
0
0
0
0
0
0
0
0
0
0
0
0
0
0
0
0
0
0
0
0
0
0
0
0
0
0
0
0
0
0
0
0
0
0
0
0
0
0
0
0
0
0
0
0
0
0
0
0
0
0
0
0
0
0
0
0
0
0
0
0
0
0
0
0
0
0
0
0
0
0
0
0
0
0
0
0
0
0
0
0
0
0
0
0
0
0
0
0
0
0
0
0
0
0
0
0
0
0
0
0
0
0
0
0
0
0
0
0
0
0
0
0
0
0
0
0
0
0
0
0
0
0
0
0
0
0
0
0
0
0
0
0
0
0
0
0
0
0
0
0
0
0
0
0
0
0
0
0
0
0
0
0
0
0
0
0
0
0
0
0
0
0
0
0
0
0
0
0
0
0
-4.58082e-06
-2.35982e-05
-5.9125e-05
-0.000112574
-0.000184863
-0.000276394
-0.000387044
-0.000516157
-0.00066255
-0.000824517
-0.000999855
-0.00118588
-0.00137948
-0.00157713
-0.00177493
-0.00196872
-0.00215405
-0.00232632
-0.00248077
-0.00261261
-0.00271701
-0.00278926
-0.00282477
-0.00281922
-0.00276858
-0.00266917
-0.0025177
-0.0023113
-0.00204761
-0.0017248
-0.00134171
-0.000897844
-0.000393396
0.000170775
0.000793142
0.0014715
0.00220296
0.00298388
0.00380995
0.00467618
0.00557696
0.00650609
0.00745679
0.00842173
0.00939314
0.0103629
0.0113229
0.0122648
0.0131803
0.0140613
0.0148992
0.0156853
0.0164112
0.0170684
0.0176494
0.0181471
0.0185552
0.018868
0.0190802
0.0191871
0.0191846
0.0190696
0.01884
0.0184947
0.0180336
0.0174572
0.0167671
0.0159654
0.0150557
0.0140424
0.0129308
0.0117272
0.0104384
0.00907198
0.00763609
0.00613984
0.00459308
0.00300618
0.00138966
-0.000245963
-0.00189031
-0.00353295
-0.00516322
-0.00677019
-0.00834284
-0.00987035
-0.0113424
-0.0127495
-0.0140827
-0.0153334
-0.0164983
-0.0175767
-0.0185639
-0.0194554
-0.0202478
-0.0209378
-0.0215229
-0.0220007
-0.0223692
-0.0226269
-0.0227732
-0.022808
-0.0227322
-0.0225472
-0.0222544
-0.021856
-0.0213543
-0.0207521
-0.0200533
-0.0192623
-0.0183839
-0.0174233
-0.0163858
-0.0152769
-0.0141025
-0.0128688
-0.0115826
-0.0102511
-0.00888173
-0.00748166
-0.00605813
-0.00461832
-0.00316956
-0.00171941
-0.000275558
0.00115433
0.00256288
0.00394313
0.00528854
0.00659286
0.00785003
0.00905413
0.0101995
0.0112807
0.0122928
0.0132312
0.0140919
0.0148711
0.0155654
0.0161723
0.0166896
0.017116
0.0174507
0.017693
0.0178425
0.0178989
0.0178627
0.0177347
0.0175171
0.0172126
0.0168243
0.0163556
0.01581
0.0151908
0.0145019
0.0137477
0.0129332
0.012064
0.0111459
0.0101846
0.00918594
0.0081557
0.00709998
0.00602504
0.0049372
0.00384265
0.0027474
0.00165736
0.000578505
-0.000482978
-0.00152082
-0.00252893
-0.00350171
-0.0044342
-0.00532195
-0.00616075
-0.00694636
-0.00767446
-0.00834088
-0.008942
-0.00947501
-0.0099379
-0.0103292
-0.0106478
-0.0108925
-0.0110623
-0.011157
-0.0111767
-0.0111225
-0.0109961
-0.0107993
-0.0105341
-0.0102025
-0.00980656
-0.00934932
-0.00883439
-0.00826606
-0.00764903
-0.00698809
-0.00628804
-0.00555371
-0.00479011
-0.00400251
-0.00319643
-0.0023776
-0.00155178
-0.000724804
9.74763e-05
0.00090919
0.00170455
0.002478
0.00322433
0.00393865
0.00461626
0.00525244
0.00584236
0.00638126
0.00686467
0.00728883
0.0076508
0.00794844
0.00818008
0.00834419
0.00843921
0.00846361
0.00841613
0.0082961
0.00810363
0.00783963
0.00750565
0.00710373
0.00663631
0.00610622
0.00551673
0.00487163
0.0041752
0.00343211
0.00264728
0.00182583
0.000973026
9.43932e-05
-0.000804168
-0.0017163
-0.00263517
-0.00355368
-0.00446463
-0.00536102
-0.00623618
-0.0070838
-0.00789778
-0.00867195
-0.00940002
-0.0100755
-0.010692
-0.0112432
-0.0117237
-0.0121283
-0.0124526
-0.0126926
-0.0128443
-0.0129044
-0.0128701
-0.0127391
-0.0125102
-0.0121824
-0.0117558
-0.0112307
-0.010608
-0.00988942
-0.00907747
-0.00817561
-0.00718808
-0.00611964
-0.00497544
-0.00376087
-0.00248174
-0.00114438
0.000244186
0.00167627
0.00314365
0.00463775
0.00614974
0.00767056
0.00919091
0.0107012
0.0121917
0.0136524
0.0150735
0.0164454
0.0177583
0.0190027
0.0201692
0.0212483
0.0222312
0.0231094
0.0238752
0.0245216
0.0250422
0.0254315
0.0256845
0.025797
0.0257654
0.0255871
0.0252602
0.0247835
0.0241567
0.0233807
0.022457
0.0213883
0.0201782
0.0188312
0.0173529
0.0157493
0.0140275
0.0121951
0.0102606
0.00823314
0.00612256
0.0039395
0.00169527
-0.00059818
-0.00292836
-0.0052824
-0.00764718
-0.0100095
-0.0123562
-0.0146738
-0.0169493
-0.0191692
-0.0213203
-0.0233897
-0.0253645
-0.0272325
-0.0289816
-0.0306004
-0.032078
-0.0334045
-0.0345707
-0.0355684
-0.0363905
-0.0370306
-0.0374835
-0.0377446
-0.0378104
-0.0376785
-0.0373474
-0.0368169
-0.0360878
-0.035162
-0.0340425
-0.0327337
-0.0312411
-0.0295717
-0.0277333
-0.0257351
-0.0235869
-0.0212993
-0.0188834
-0.0163512
-0.0137154
-0.010989
-0.00818587
-0.00532025
-0.00240686
0.000539068
0.00350189
0.00646558
0.00941393
0.0123307
0.0151999
0.0180056
0.0207326
0.0233659
0.0258913
0.0282952
0.030565
0.0326889
0.0346564
0.0364577
0.0380841
0.0395279
0.0407825
0.0418423
0.0427029
0.0433612
0.0438148
0.0440628
0.0441048
0.0439421
0.0435766
0.0430117
0.0422517
0.0413019
0.0401685
0.0388586
0.0373801
0.035742
0.033954
0.0320264
0.0299703
0.0277974
0.0255197
0.0231497
0.0207005
0.0181854
0.0156178
0.0130113
0.0103796
0.00773615
0.00509446
0.00246791
-0.000130329
-0.00268743
-0.00519098
-0.00762909
-0.0099904
-0.0122641
-0.0144399
-0.0165083
-0.0184604
-0.0202882
-0.0219843
-0.0235423
-0.0249567
-0.0262226
-0.0273363
-0.0282947
-0.0290946
-0.0297329
-0.0302091
-0.0305235
-0.0306774
-0.0306731
-0.0305137
-0.0302035
-0.0297472
-0.0291506
-0.0284198
-0.0275616
-0.0265834
-0.0254934
-0.0242999
-0.023012
-0.021639
-0.0201901
-0.0186749
-0.0171032
-0.0154847
-0.0138297
-0.012148
-0.0104495
-0.00874383
-0.00704017
-0.00534754
-0.00367471
-0.00203018
-0.000422016
0.00114222
0.00265556
0.00411161
0.00550447
0.00682867
0.0080792
0.00925153
0.0103418
0.0113467
0.0122636
0.0130904
0.0138256
0.0144681
0.0150171
0.0154727
0.0158354
0.0161063
0.0162867
0.0163786
0.0163841
0.0163058
0.0161466
0.01591
0.0155995
0.0152191
0.0147729
0.014265
0.0136998
0.0130818
0.0124159
0.0117069
0.0109598
0.0101795
0.00937083
0.00853881
0.00768828
0.00682419
0.00595141
0.00507479
0.00419903
0.00332869
0.00246824
0.00162201
0.000794207
-1.10996e-05
-0.000790023
-0.00153884
-0.00225399
-0.00293202
-0.00356967
-0.00416382
-0.00471164
-0.00521053
-0.00565817
-0.00605244
-0.00639142
-0.00667334
-0.00689662
-0.00705734
-0.0071517
-0.0071785
-0.0071371
-0.00702787
-0.00685175
-0.00661494
-0.00631471
-0.00595362
-0.00553476
-0.0050617
-0.00454627
-0.00398505
-0.00338299
-0.00274539
-0.00207789
-0.00139626
-0.000696268
1.60235e-05
0.000734449
0.00145275
0.00215386
0.00284268
0.00351313
0.00415934
0.00477574
0.00534709
0.00587896
0.00636689
0.00680687
0.00719542
0.00752186
0.00779212
0.00800452
0.00815791
0.0082517
0.00828129
0.00825237
0.00816636
0.00802527
0.00783172
0.00758749
0.00729778
0.00696678
0.00659912
0.00619986
0.00577565
0.00533071
0.00487087
0.0044021
0.00393042
0.00346458
0.00300746
0.00256493
0.00214263
0.00174587
0.00138223
0.00105296
0.000762161
0.000513373
0.000309574
0.000154445
4.75443e-05
-1.00934e-05
-1.81139e-05
2.31448e-05
0.000112091
0.000246799
0.000424916
0.000643462
0.000898874
0.00118479
0.00149828
0.00183436
0.00218767
0.00255258
0.00292019
0.00328725
0.00364783
0.00399603
0.00432609
0.00462987
0.00490456
0.0051454
0.00534811
0.00550896
0.00562394
0.00569144
0.00570974
0.00567799
0.00560796
0.00550912
0.00538
0.00522067
0.00503133
0.00481234
0.00456789
0.00429505
0.00399474
0.00366804
0.0033162
0.00294619
0.0025539
0.00214095
0.00170916
0.00126046
0.000803881
0.000334581
-0.000145224
-0.000633232
-0.00112705
-0.00161673
-0.00210724
-0.00259606
-0.00308063
-0.00355838
-0.00401973
-0.00446921
-0.00490431
-0.00532259
-0.00572166
-0.00609356
-0.0064418
-0.00676431
-0.00705916
-0.0073245
-0.00755515
-0.00775311
-0.00791703
-0.00804578
-0.00813838
-0.00819324
-0.00821058
-0.00818998
-0.00813128
-0.00803449
-0.0079019
-0.0077319
-0.00752512
-0.00728237
-0.00700468
-0.00669797
-0.00635898
-0.00598931
-0.00559074
-0.00516517
-0.00472138
-0.00425485
-0.00376791
-0.00326304
-0.00274285
-0.0022179
-0.001683
-0.00114094
-0.000594512
-4.65978e-05
0.000491873
0.00102609
0.00155322
0.00207053
0.00257533
0.00305789
0.0035229
0.00396802
0.00439101
0.00478979
0.00515706
0.00549638
0.00580613
0.0060848
0.00633106
0.00654084
0.00671612
0.0068562
0.00696056
0.00702891
0.00706092
0.00705694
0.00701728
0.00694247
0.00683322
0.00669286
0.00651999
0.00631582
0.00608169
0.00581914
0.00553449
0.00522492
0.00489239
0.00453895
0.00416673
0.00378407
0.00338717
0.00297837
0.00256007
0.00213465
0.00171118
0.00128531
0.000859361
0.000435629
1.64014e-05
-0.000389726
-0.000786981
-0.00117332
-0.0015468
-0.00190555
-0.00224261
-0.0025616
-0.00286103
-0.00313961
-0.00339616
-0.0036262
-0.00383235
-0.00401392
-0.00417032
-0.00430113
-0.00440464
-0.00448227
-0.0045341
-0.00456038
-0.00456146
-0.00453841
-0.00449131
-0.00442092
-0.00432817
-0.00421409
-0.00408213
-0.00393113
-0.00376238
-0.00357723
-0.00337715
-0.00316729
-0.00294563
-0.00271378
-0.00247333
-0.00222585
-0.00197716
-0.00172464
-0.00146992
-0.00121457
-0.000960125
-0.000712233
-0.000468106
-0.000229089
3.50973e-06
0.000228434
0.000440952
0.000643586
0.000835425
0.00101567
0.0011836
0.00133605
0.00147493
0.00159975
0.00171015
0.00180587
0.00188558
0.00195051
0.00200075
0.00203642
0.00205774
0.00206506
0.00205877
0.00203939
0.00200753
0.00196385
0.00191016
0.00184607
0.00177234
0.00168982
0.00159941
0.00150396
0.00140253
0.00129609
0.0011856
0.00107198
0.000958417
0.000843541
0.000728242
0.000613407
0.000499916
0.000390813
0.000284741
0.000182462
8.46633e-05
-8.03946e-06
-9.33537e-05
-0.000172507
-0.000245022
-0.00031046
-0.000368442
-0.000417627
-0.000458847
-0.000491966
-0.000516896
-0.000533591
-0.000541818
-0.000541881
-0.000533945
-0.000518278
-0.000495221
-0.000465695
-0.00042952
-0.000387053
-0.000338659
-0.000284755
-0.000226994
-0.000164777
-9.87224e-05
-2.94698e-05
4.23443e-05
0.000114577
0.000188132
0.000262386
0.000336707
0.000410463
0.000481471
0.000550693
0.000617544
0.000681439
0.000741808
0.000796809
0.000847258
0.000892735
0.000932872
0.000967325
0.00099498
0.00101627
0.00103089
0.00103858
0.00103916
0.0010325
0.00101868
0.000997759
0.000969776
0.000934785
0.000893525
0.000845471
0.000790843
0.00072994
0.000663112
0.000592072
0.000515843
0.000434806
0.000349384
0.00026006
0.000169235
7.5643e-05
-2.01218e-05
-0.000117483
-0.000215887
-0.000312689
-0.00040942
-0.000505471
-0.000600189
-0.000692901
-0.000780924
-0.000865686
-0.00094664
-0.00102327
-0.00109509
-0.00115992
-0.00121893
-0.00127162
-0.00131753
-0.00135624
-0.00138639
-0.00140865
-0.00142274
-0.00142839
-0.0014254
-0.0014135
-0.00139275
-0.00136313
-0.00132462
-0.00127723
-0.0012218
-0.00115759
-0.00108474
-0.00100352
-0.000914294
-0.000819173
-0.000716839
-0.000607668
-0.00049203
-0.000370325
-0.000245501
-0.000115655
1.857e-05
0.000156496
0.00029745
0.000437827
0.000579939
0.000723127
0.000866698
0.00100993
0.00114901
0.00128632
0.00142116
0.00155282
0.00168057
0.00180086
0.00191578
0.00202466
0.00212689
0.00222194
0.00230709
0.00238403
0.00245223
0.00251119
0.00256047
0.00259849
0.00262621
0.00264344
0.00264997
0.00264562
0.00263018
0.00260362
0.00256595
0.00251727
0.00245774
0.00238875
0.00230928
0.00221956
0.00211986
0.00201058
0.0018946
0.00176945
0.00163539
0.00149321
0.00134375
0.0011912
0.00103321
0.000870836
0.000705198
0.000537416
0.00037242
0.000207361
4.3282e-05
-0.000118741
-0.000277609
-0.000428383
-0.000573997
-0.000713552
-0.00084623
-0.00097127
-0.00108457
-0.0011889
-0.00128363
-0.00136824
-0.00144233
-0.00150314
-0.00155303
-0.00159187
-0.00161959
-0.00163621
-0.00164051
-0.00163414
-0.00161745
-0.00159088
-0.0015549
-0.00150983
-0.00145647
-0.0013955
-0.00132765
-0.00125372
-0.00117529
-0.00109238
-0.00100579
-0.000916342
-0.000824867
-0.000733633
-0.000641993
-0.00055078
-0.000460772
-0.000372693
-0.000288885
-0.000208151
-0.000131072
-5.81924e-05
1.00026e-05
7.14955e-05
0.000127713
0.000178394
0.000223346
0.000262445
0.000294355
0.000320526
0.000341041
0.000356041
0.000365728
0.000369506
0.000368648
0.000363496
0.000354426
0.000341852
0.00032577
0.000307167
0.000286507
0.000264256
0.000240882
0.000216688
0.000192316
0.000168189
0.000144701
0.000122213
0.000101031
8.14618e-05
6.37396e-05
4.80523e-05
3.45363e-05
2.32851e-05
1.43128e-05
7.59941e-06
3.07172e-06
6.05149e-07
0
0
0
0
0
0
0
0
0
0
0
0
0
0
0
0
0
0
0
0
0
0
0
0
0
0
0
0
0
0
0
0
0
0
0
0
0
0
0
0
0
0
0
0
0
0
0
0
0
0
0
0
0
0
0
0
0
0
0
0
0
0
0
0
0
0
0
0
0
0
0
0
0
0
0
0
0
0
0
0
0
0
0
0
0
0
0
0
0
0
0
0
0
0
0
0
0
0
0
0
0
0
0
0
0
0
0
0
0
0
0
0
0
0
0
0
0
0
0
0
0
0
0
0
0
0
0
0
0
0
0
0
0
0
0
0
0
0
0
0
0
0
0
0
0
0
0
0
0
0
0
0
0
0
0
0
0
0
0
0
0
0
0
0
0
0
0
0
0
0
0
0
0
0
0
0
0
0
0
0
0
0
0
0
0
0
0
0
0
0
0
0
0
0
0
0
0
0
0
0
0
0
0
0
0
0
0
0
0
0
0
0
0
0
0
0
0
0
0
0
0
0
0
0
0
0
0
0
0
0
0
0
0
0
0
0
0
0
0
0
0
0
0
0
0
0
0
0
0
0
0
0
0
0
0
0
0
0
0
0
0
0
0
0
0
0
0
0
0
0
0
0
0
0
0
0
0
0
0
0
0
0
0
0
0
0
0
0
0
0
0
0
0
0
0
0
0
0
0
0
0
0
0
0
0
0
0
0
0
0
0
0
0
0
0
0
0
0
0
0
0
0
0
0
0
0
0
0
0
0
0
0
0
0
0
0
0
0
0
0
0
0
0
0
0
0
0
0
0
0
0
0
0
0
0
0
0
0
0
0
0
0
0
0
0
0
0
0
0
0
0
0
0
0
0
0
0
0
0
0
0
0
0
0
