0
0
0
0
0
0
0
0
0
0
0
0
0
0
0
0
0
0
0
0
0
0
0
0
0
0
0
0
0
0
0
0
0
0
0
0
0
0
0
0
0
0
0
0
0
0
0
0
0
0
0
0
0
0
0
0
0
0
0
0
0
0
0
0
0
0
0
0
0
0
0
0
0
0
0
0
0
0
0
0
0
0
0
0
0
0
0
0
0
0
0
0
0
0
0
0
0
0
0
0
0
0
0
0
0
0
0
0
0
0
0
0
0
0
0
0
0
0
0
0
0
0
0
0
0
0
0
0
0
0
0
0
0
0
0
0
0
0
0
0
0
0
0
0
0
0
0
0
0
0
0
0
0
0
0
0
0
0
0
0
0
0
0
0
0
0
0
0
0
0
0
0
0
0
0
0
0
0
0
0
0
0
0
0
0
0
0
0
0
0
0
0
0
0
0
0
0
0
0
0
0
0
0
0
0
0
0
0
0
0
0
0
0
0
0
0
0
0
0
0
0
0
0
0
0
0
0
0
0
0
0
0
0
0
0
0
0
0
0
0
0
0
0
0
0
0
0
0
0
0
0
0
0
0
0
0
0
0
0
0
0
0
0
0
0
0
0
0
0
0
0
0
0
0
0
0
0
0
0
0
0
0
0
0
0
0
0
0
0
0
0
0
0
0
0
0
0
0
0
0
0
0
0
0
0
0
0
0
0
0
0
0
0
0
0
0
0
0
0
0
0
0
0
0
0
0
0
0
0
0
0
0
0
0
0
0
0
0
0
0
0
0
0
0
0
0
0
0
0
0
0
0
0
0
0
0
0
0
0
0
0
0
0
0
0
0
0
0
0
0
0
0
0
0
0
0
0
0
0
0
0
0
0
0
-2.54361e-08
-1.30458e-07
-3.25917e-07
-6.19501e-07
-1.01658e-06
-1.51999e-06
-2.1299e-06
-2.8436e-06
-3.65551e-06
-4.55704e-06
-5.5366e-06
-6.57955e-06
-7.66823e-06
-8.78215e-06
-9.89832e-06
-1.09916e-05
-1.20349e-05
-1.29996e-05
-1.38559e-05
-1.45725e-05
-1.51176e-05
-1.5459e-05
-1.55653e-05
-1.5406e-05
-1.49522e-05
-1.41763e-05
-1.30525e-05
-1.15572e-05
-9.66977e-06
-7.37292e-06
-4.65358e-06
-1.50302e-06
2.08305e-06
6.10448e-06
1.05563e-05
1.54286e-05
2.07057e-05
2.63665e-05
3.23846e-05
3.87288e-05
4.53629e-05
5.22465e-05
5.93347e-05
6.65783e-05
7.3924e-05
8.13158e-05
8.8695e-05
9.6001e-05
0.000103171
0.00011014
0.00011684
0.000123202
0.000129159
0.000134642
0.000139587
0.000143932
0.000147622
0.0001506
0.000152819
0.000154233
0.000154804
0.000154499
0.00015329
0.000151155
0.000148078
0.000144049
0.000139067
0.000133136
0.00012627
0.00011849
0.000109823
0.000100307
8.99856e-05
7.89128e-05
6.7149e-05
5.476e-05
4.18147e-05
2.8384e-05
1.4541e-05
3.62164e-07
-1.40709e-05
-2.86708e-05
-4.33457e-05
-5.80016e-05
-7.25453e-05
-8.68863e-05
-0.000100937
-0.000114614
-0.000127833
-0.000140512
-0.000152612
-0.000164124
-0.000174998
-0.000185186
-0.000194648
-0.000203344
-0.00021124
-0.000218305
-0.000224509
-0.000229828
-0.000234238
-0.000237722
-0.000240264
-0.000241855
-0.000242489
-0.000242168
-0.000240898
-0.000238692
-0.000235563
-0.000231529
-0.000226611
-0.000220832
-0.000214217
-0.000206794
-0.000198595
-0.000189653
-0.000180005
-0.000169691
-0.000158757
-0.000147252
-0.000135227
-0.000122735
-0.000109829
-9.65612e-05
-8.29864e-05
-6.91605e-05
-5.51419e-05
-4.09898e-05
-2.67627e-05
-1.25164e-05
1.69578e-06
1.58226e-05
2.98132e-05
4.36161e-05
5.71797e-05
7.04533e-05
8.33887e-05
9.59402e-05
0.000108065
0.00011972
0.000130864
0.000141456
0.000151458
0.000160833
0.00016955
0.00017758
0.000184898
0.000191479
0.000197302
0.000202349
0.000206607
0.000210066
0.000212721
0.000214566
0.000215597
0.000215812
0.00021521
0.000213798
0.000211586
0.000208589
0.000204824
0.00020031
0.000195065
0.000189109
0.000182469
0.000175175
0.000167262
0.000158765
0.000149717
0.000140151
0.000130099
0.000119595
0.00010868
9.73988e-05
8.57965e-05
7.39187e-05
6.18084e-05
4.95073e-05
3.70583e-05
2.45073e-05
1.1903e-05
-7.04989e-07
-1.32694e-05
-2.57465e-05
-3.80958e-05
-5.02779e-05
-6.22525e-05
-7.39781e-05
-8.54132e-05
-9.6519e-05
-0.00010726
-0.000117604
-0.000127519
-0.000136972
-0.000145928
-0.000154354
-0.000162221
-0.000169505
-0.000176191
-0.000182265
-0.000187713
-0.000192522
-0.000196675
-0.000200157
-0.00020296
-0.00020508
-0.000206517
-0.000207272
-0.000207345
-0.000206737
-0.000205449
-0.000203487
-0.000200865
-0.000197604
-0.000193727
-0.000189259
-0.000184219
-0.000178626
-0.0001725
-0.00016586
-0.000158732
-0.000151147
-0.000143137
-0.000134733
-0.000125965
-0.000116859
-0.000107442
-9.77406e-05
-8.77864e-05
-7.76137e-05
-6.72603e-05
-5.67643e-05
-4.61627e-05
-3.54899e-05
-2.47772e-05
-1.40547e-05
-3.35224e-06
7.29958e-06
1.78693e-05
2.83258e-05
3.86404e-05
4.8787e-05
5.87425e-05
6.84856e-05
7.79949e-05
8.72482e-05
9.62239e-05
0.000104902
0.000113264
0.000121298
0.000128992
0.000136335
0.000143314
0.000149914
0.000156123
0.000161927
0.000167319
0.000172294
0.00017685
0.000180984
0.000184693
0.00018797
0.000190807
0.000193197
0.000195135
0.000196618
0.000197642
0.000198207
0.000198311
0.000197951
0.000197127
0.000195836
0.000194078
0.00019185
0.000189152
0.000185978
0.000182327
0.000178196
0.000173583
0.000168489
0.000162915
0.000156863
0.000150333
0.000143328
0.000135847
0.000127894
0.000119473
0.000110589
0.000101251
9.1471e-05
8.12604e-05
7.06349e-05
5.96115e-05
4.82101e-05
3.64519e-05
2.436e-05
1.19588e-05
-7.26672e-07
-1.36704e-05
-2.68447e-05
-4.02196e-05
-5.37616e-05
-6.74338e-05
-8.11951e-05
-9.50013e-05
-0.000108806
-0.00012256
-0.000136213
-0.000149714
-0.000163009
-0.000176044
-0.000188765
-0.000201115
-0.000213039
-0.000224478
-0.000235375
-0.000245668
-0.000255297
-0.000264204
-0.000272332
-0.000279629
-0.000286049
-0.000291546
-0.000296077
-0.000299598
-0.000302069
-0.000303449
-0.000303702
-0.000302795
-0.000300703
-0.000297403
-0.00029288
-0.000287126
-0.000280136
-0.000271912
-0.000262465
-0.000251807
-0.000239958
-0.000226944
-0.000212794
-0.000197544
-0.000181235
-0.000163916
-0.000145639
-0.000126464
-0.000106456
-8.56884e-05
-6.42385e-05
-4.21919e-05
-1.96392e-05
3.32449e-06
2.66016e-05
5.00929e-05
7.36981e-05
9.73162e-05
0.000120845
0.000144183
0.000167225
0.000189867
0.000212002
0.000233524
0.000254323
0.000274291
0.000293321
0.000311309
0.000328155
0.000343765
0.000358049
0.000370924
0.000382314
0.000392151
0.000400376
0.000406944
0.000411817
0.000414972
0.000416391
0.000416067
0.000414002
0.000410205
0.000404696
0.000397503
0.000388664
0.000378225
0.000366237
0.000352763
0.000337868
0.000321629
0.000304128
0.000285454
0.000265701
0.000244969
0.000223361
0.000200982
0.000177945
0.000154361
0.000130348
0.000106022
8.15031e-05
5.69105e-05
3.23638e-05
7.98116e-06
-1.61209e-05
-3.98285e-05
-6.30311e-05
-8.56213e-05
-0.000107495
-0.000128551
-0.000148694
-0.000167832
-0.00018588
-0.000202759
-0.0002184
-0.00023274
-0.000245723
-0.0002573
-0.000267431
-0.00027608
-0.000283222
-0.00028884
-0.000292922
-0.00029547
-0.000296489
-0.000295993
-0.000294006
-0.000290556
-0.00028568
-0.000279422
-0.000270769
-0.000258388
-0.000242636
-0.000223958
-0.000202863
-0.000179915
-0.000155723
-0.000130931
-0.000106206
-8.22286e-05
-5.96824e-05
-3.92425e-05
-2.15648e-05
-7.27531e-06
3.03971e-06
8.84294e-06
9.65396e-06
5.05627e-06
-5.29647e-06
-2.16747e-05
-4.42682e-05
-7.31814e-05
-0.000108431
-0.000149947
-0.000197568
-0.000251052
-0.00031007
-0.000374216
-0.000443005
-0.000515879
-0.00059221
-0.000671311
-0.000752441
-0.000834819
-0.000917629
-0.00100003
-0.00108115
-0.00116012
-0.00123606
-0.00130811
-0.00137541
-0.00143714
-0.00149252
-0.00154079
-0.00158124
-0.00161324
-0.00163618
-0.00164956
-0.00165293
-0.00164593
-0.00162826
-0.00159972
-0.00156017
-0.00150956
-0.00144793
-0.00137542
-0.00129223
-0.00119862
-0.00109495
-0.000981647
-0.000859231
-0.000728296
-0.000589506
-0.000443585
-0.0002913
-0.000133462
2.90729e-05
0.000195394
0.000364539
0.000535507
0.000707269
0.000878791
0.00104903
0.00121695
0.00138149
0.00154159
0.00169619
0.00184425
0.00198475
0.00211673
0.00223927
0.00235148
0.00245249
0.0025415
0.00261775
0.00268055
0.00272931
0.00276352
0.00278278
0.00278681
0.00277623
0.00275172
0.00271307
0.00266014
0.00259323
0.00251186
0.00241604
0.0023058
0.00218124
0.00204375
0.00189228
0.00172708
0.00154847
0.00135685
0.0011548
0.000940747
0.000715303
0.000479125
0.000232924
-1.96873e-05
-0.000280706
-0.00054921
-0.000824189
-0.00110455
-0.00138585
-0.0016702
-0.00195639
-0.00224316
-0.00252919
-0.00280968
-0.00308662
-0.00335855
-0.00362399
-0.00388146
-0.00412643
-0.00436043
-0.00458197
-0.00478959
-0.00498181
-0.00515507
-0.00531013
-0.00544567
-0.00556039
-0.00565304
-0.00572161
-0.00576584
-0.00578479
-0.00577761
-0.00574358
-0.00568294
-0.00559433
-0.00547735
-0.00533177
-0.0051575
-0.00495733
-0.00472877
-0.00447221
-0.00418817
-0.00387737
-0.00354515
-0.00318807
-0.00280733
-0.00240428
-0.00198042
-0.00154328
-0.00108875
-0.000618754
-0.000135364
0.000359212
0.000855972
0.00135923
0.00186652
0.00237534
0.00288308
0.00338035
0.00387116
0.00435277
0.00482246
0.00527754
0.00570954
0.00612165
0.00651129
0.00687597
0.00721325
0.00751679
0.00778847
0.00802628
0.00822834
0.00839314
0.00851766
0.00860218
0.00864555
0.00864683
0.00860528
0.00852161
0.00839422
0.00822302
0.00800814
0.00774997
0.00745332
0.00711485
0.00673561
0.00631688
0.00586015
0.00537391
0.00485333
0.00430056
0.00371796
0.00310805
0.00248217
0.00183445
0.00116785
0.000485463
-0.00020949
-0.000904128
-0.00160466
-0.00230766
-0.00300967
-0.00370718
-0.00438735
-0.00505601
-0.00570972
-0.00634508
-0.00695878
-0.0075397
-0.00809265
-0.00861465
-0.00910287
-0.00955463
-0.00996195
-0.010328
-0.0106508
-0.0109284
-0.0111591
-0.0113394
-0.0114703
-0.011551
-0.0115809
-0.0115597
-0.0114882
-0.0113656
-0.0111922
-0.0109688
-0.0106963
-0.0103804
-0.010018
-0.00961075
-0.00916057
-0.00866956
-0.00814735
-0.00758924
-0.00699797
-0.00637644
-0.00572771
-0.00506418
-0.00437996
-0.00367848
-0.00296327
-0.00223789
-0.00151585
-0.000790734
-6.60366e-05
0.000654769
0.00136825
0.0020615
0.00274078
0.00340294
0.00404496
0.00466393
0.0052491
0.00580583
0.00633165
0.00682428
0.00728162
0.00769619
0.00807196
0.0084075
0.00870163
0.00895337
0.00915931
0.00932164
0.00944012
0.0095147
0.00954557
0.00953346
0.0094786
0.00938179
0.00924405
0.00906662
0.00885403
0.0086047
0.00832032
0.00800276
0.00765406
0.00728176
0.00688277
0.00645949
0.00601433
0.00554977
0.00507507
0.00458596
0.00408495
0.00357463
0.00305756
0.00254365
0.00202809
0.00151334
0.00100182
0.000495876
4.74313e-06
-0.000476435
-0.000945657
-0.00140104
-0.00184083
-0.00225744
-0.00265526
-0.00303286
-0.00338895
-0.0037224
-0.00402787
-0.00430892
-0.00456491
-0.00479537
-0.00499998
-0.00517603
-0.00532598
-0.00544992
-0.00554801
-0.00562055
-0.00566721
-0.0056892
-0.00568715
-0.00566183
-0.0056141
-0.00554581
-0.00545711
-0.00534908
-0.00522282
-0.00507951
-0.00492247
-0.00475078
-0.00456569
-0.00436848
-0.00416046
-0.00394586
-0.00372307
-0.00349336
-0.00325799
-0.00301815
-0.00277826
-0.00253616
-0.00229295
-0.00204967
-0.00180731
-0.00157006
-0.00133553
-0.00110451
-0.000877752
-0.000655945
-0.000442672
-0.000235577
-3.51577e-05
0.00015818
0.000344112
0.000519909
0.000687822
0.000847658
0.000999253
0.00114248
0.00127534
0.00139977
0.00151585
0.00162371
0.00172352
0.00181404
0.00189691
0.00197234
0.00204055
0.00210176
0.0021552
0.00220218
0.00224301
0.00227799
0.00230741
0.00233079
0.00234913
0.0023627
0.00237179
0.0023767
0.00237726
0.00237414
0.00236747
0.00235735
0.00234387
0.00232695
0.00230705
0.00228442
0.00225926
0.00223168
0.00220164
0.00216905
0.00213383
0.00209599
0.0020556
0.00201305
0.00196813
0.00192078
0.00187085
0.00181816
0.0017632
0.0017053
0.00164451
0.00158089
0.0015144
0.00144599
0.00137448
0.00129978
0.00122187
0.00114083
0.00105825
0.000972745
0.000884333
0.000792963
0.000698593
0.000603143
0.000504864
0.00040398
0.000300744
0.000195387
9.03284e-05
-1.64831e-05
-0.000124842
-0.00023448
-0.000345073
-0.000453845
-0.000562877
-0.000671847
-0.00078044
-0.000888316
-0.000992672
-0.00109552
-0.00119643
-0.00129498
-0.00139078
-0.00148125
-0.0015682
-0.0016512
-0.00172978
-0.00180348
-0.00187014
-0.0019311
-0.00198607
-0.00203477
-0.00207694
-0.00211121
-0.00213832
-0.00215797
-0.00216985
-0.00217372
-0.00216918
-0.00215635
-0.00213515
-0.0021055
-0.00206734
-0.00202132
-0.00196674
-0.00190367
-0.00183221
-0.00175252
-0.0016664
-0.00157242
-0.00147077
-0.00136168
-0.00124544
-0.00112481
-0.000997749
-0.000864668
-0.000725993
-0.000582165
-0.000436697
-0.000287032
-0.000133706
2.2712e-05
0.000181646
0.000339124
0.000497996
0.000657697
0.000817634
0.000977174
0.00113223
0.00128561
0.00143669
0.00158489
0.00172964
0.00186724
0.00200021
0.00212793
0.0022498
0.00236528
0.00247142
0.00257024
0.00266133
0.00274424
0.00281855
0.00288227
0.00293665
0.00298142
0.00301637
0.00304135
0.00305571
0.00305979
0.00305345
0.00303664
0.00300936
0.00297236
0.00292504
0.00286753
0.00279995
0.00272252
0.0026373
0.00254277
0.00243933
0.00232736
0.00220729
0.00208233
0.00194948
0.00180892
0.00166145
0.00150794
0.00135275
0.00119331
0.00103058
0.00086555
0.000699233
0.000536345
0.000374151
0.000213602
5.56088e-05
-9.89317e-05
-0.00024564
-0.000387177
-0.000522693
-0.000651415
-0.000772683
-0.000883061
-0.000985056
-0.00107825
-0.00116226
-0.0012367
-0.00129925
-0.0013518
-0.00139429
-0.00142675
-0.0014493
-0.00146108
-0.00146341
-0.00145657
-0.00144092
-0.00141693
-0.00138495
-0.00134568
-0.00129967
-0.00124751
-0.00118984
-0.00112792
-0.00106183
-0.000992284
-0.000920026
-0.000845771
-0.000771279
-0.0006961
-0.000620902
-0.000546334
-0.000473016
-0.000402731
-0.000334686
-0.000269349
-0.000207146
-0.000148457
-9.47332e-05
-4.5023e-05
4.54646e-07
4.154e-05
7.8129e-05
0.000109305
0.000136034
0.000158359
0.000176372
0.000190212
0.00019951
0.000205126
0.000207313
0.000206346
0.000202527
0.000195893
0.00018712
0.000176548
0.000164521
0.000151376
0.000137347
0.000122879
0.000108279
9.38386e-05
7.98228e-05
6.64593e-05
5.39746e-05
4.25472e-05
3.23247e-05
2.34229e-05
1.59289e-05
9.8834e-06
5.30217e-06
2.16804e-06
4.32699e-07
0
0
0
0
0
0
0
0
0
0
0
0
0
0
0
0
0
0
0
0
0
0
0
0
0
0
0
0
0
0
0
0
0
0
0
0
0
0
0
0
0
0
0
0
0
0
0
0
0
0
0
0
0
0
0
0
0
0
0
0
0
0
0
0
0
0
0
0
0
0
0
0
0
0
0
0
0
0
0
0
0
0
0
0
0
0
0
0
0
0
0
0
0
0
0
0
0
0
0
0
0
0
0
0
0
0
0
0
0
0
0
0
0
0
0
0
0
0
0
0
0
0
0
0
0
0
0
0
0
0
0
0
0
0
0
0
0
0
0
0
0
0
0
0
0
0
0
0
0
0
0
0
0
0
0
0
0
0
0
0
0
0
0
0
0
0
0
0
0
0
0
0
0
0
0
0
0
0
0
0
0
0
0
0
0
0
0
0
0
0
0
0
0
0
0
0
0
0
0
0
0
0
0
0
0
0
0
0
0
0
0
0
0
0
0
0
0
0
0
0
0
0
0
0
0
0
0
0
0
0
0
0
0
0
0
0
0
0
0
0
0
0
0
0
0
0
0
0
0
0
0
0
0
0
0
0
0
0
0
0
0
0
0
0
0
0
0
0
0
0
0
0
0
0
0
0
0
0
0
0
0
0
0
0
0
0
0
0
0
0
0
0
0
0
0
0
0
0
0
0
0
0
0
0
0
0
0
0
0
0
0
0
0
0
0
0
0
0
0
0
0
0
0
0
0
0
0
0
0
0
0
0
0
0
0
0
0
0
0
0
0
0
0
0
0
0
0
0
0
0
0
0
0
0
0
0
0
0
0
0
0
0
0
0
0
0
0
0
0
0
0
0
0
0
0
0
0
0
0
0
0
0
0
0
