0
0
0
0
0
0
0
0
0
0
0
0
0
0
0
0
0
0
0
0
0
0
0
0
0
0
0
0
0
0
0
0
0
0
0
0
0
0
0
0
0
0
0
0
0
0
0
0
0
0
0
0
0
0
0
0
0
0
0
0
0
0
0
0
0
0
0
0
0
0
0
0
0
0
0
0
0
0
0
0
0
0
0
0
0
0
0
0
0
0
0
0
0
0
0
0
0
0
0
0
0
0
0
0
0
0
0
0
0
0
0
0
0
-1.28309e-06
-9.7018e-06
-2.93708e-05
-6.32884e-05
-0.000113447
-0.000180814
-0.000265333
-0.000365952
-0.000480655
-0.000606521
-0.000739797
-0.000875986
-0.00100997
-0.00113612
-0.00124845
-0.00134073
-0.00140662
-0.00143982
-0.00143422
-0.00138409
-0.00128424
-0.00113018
-0.000918213
-0.000645518
-0.000310199
8.86056e-05
0.000550612
0.00107428
0.00165675
0.00229394
0.00298065
0.00371069
0.00447694
0.00527128
0.00608439
0.0069057
0.00772344
0.00852494
0.00929708
0.0100267
0.010701
0.0113073
0.0118333
0.0122667
0.0125959
0.0128094
0.0128971
0.0128499
0.01266
0.0123209
0.0118272
0.0111749
0.010362
0.00938815
0.00825551
0.00696832
0.00553261
0.00395586
0.00224675
0.000415237
-0.00152711
-0.00356688
-0.00568869
-0.00787545
-0.0101088
-0.0123696
-0.0146382
-0.0168945
-0.0191181
-0.0212879
-0.023383
-0.0253827
-0.0272675
-0.0290191
-0.0306208
-0.0320571
-0.0333135
-0.0343764
-0.0352332
-0.0358729
-0.0362865
-0.0364672
-0.0364104
-0.0361133
-0.0355747
-0.0347946
-0.033775
-0.0325196
-0.0310348
-0.0293293
-0.0274195
-0.0253265
-0.0230597
-0.0206285
-0.0180429
-0.0153137
-0.0124529
-0.00947309
-0.00638696
-0.00320625
5.8368e-05
0.00339694
0.00679946
0.0102552
0.0137523
0.0172785
0.0208217
0.0243706
0.0279153
0.0314461
0.0349533
0.0384267
0.0418552
0.0452279
0.0485346
0.0517661
0.0549139
0.0579699
0.0609254
0.0637713
0.0664986
0.0690992
0.0715658
0.0738925
0.0760737
0.0781032
0.0799742
0.081679
0.0832104
0.0845616
0.0857273
0.0867024
0.0874824
0.0880619
0.0884353
0.0885968
0.0885407
0.0882624
0.0877581
0.0870239
0.0860563
0.0848513
0.0834049
0.0817133
0.0797737
0.0775841
0.0751432
0.0724504
0.0695052
0.0663074
0.0628571
0.0591546
0.0552013
0.0509993
0.0465518
0.0418633
0.0369392
0.0317859
0.0264104
0.0208204
0.0150246
0.00903251
0.00285579
-0.00349221
-0.00999633
-0.0166403
-0.0234073
-0.0302804
-0.0372424
-0.044275
-0.0513587
-0.058472
-0.0655918
-0.0726943
-0.079755
-0.0867495
-0.0936524
-0.100437
-0.107077
-0.113543
-0.119804
-0.125834
-0.131602
-0.13708
-0.142239
-0.14705
-0.151484
-0.15551
-0.159101
-0.162232
-0.16488
-0.167021
-0.168635
-0.169701
-0.1702
-0.170114
-0.169428
-0.168132
-0.166217
-0.163676
-0.160504
-0.156698
-0.152256
-0.147181
-0.141477
-0.135152
-0.12822
-0.120692
-0.112587
-0.103924
-0.0947242
-0.0850159
-0.074829
-0.064197
-0.053156
-0.041744
-0.0300017
-0.0179719
-0.00570032
0.0067649
0.0193735
0.0320741
0.0448145
0.0575421
0.0702044
0.082748
0.0951191
0.107264
0.119127
0.130654
0.141792
0.152489
0.162695
0.17236
0.181438
0.189884
0.197654
0.204706
0.211001
0.216502
0.221174
0.224989
0.22792
0.229946
0.231049
0.231212
0.230424
0.228677
0.225968
0.222299
0.21768
0.21212
0.205638
0.198252
0.189986
0.18087
0.170936
0.160222
0.14877
0.136625
0.123834
0.110449
0.0965237
0.0821141
0.0672801
0.0520838
0.0365893
0.0208623
0.00496938
-0.0110223
-0.027045
-0.0430309
-0.0589122
-0.0746214
-0.0900913
-0.105256
-0.12005
-0.134412
-0.148281
-0.161598
-0.174311
-0.186366
-0.197713
-0.208306
-0.218098
-0.227049
-0.235122
-0.242285
-0.248511
-0.253776
-0.258061
-0.261351
-0.263634
-0.264901
-0.265151
-0.264387
-0.262616
-0.259851
-0.256109
-0.251412
-0.245782
-0.23925
-0.231848
-0.223613
-0.214586
-0.204809
-0.194331
-0.1832
-0.171469
-0.159194
-0.146431
-0.133238
-0.119676
-0.105806
-0.0916924
-0.0773986
-0.0629906
-0.048534
-0.0340942
-0.019735
-0.00551926
0.00849171
0.0222376
0.0356596
0.0487004
0.0613049
0.07342
0.0849951
0.0959819
0.106335
0.116011
0.124972
0.133184
0.140618
0.147248
0.153052
0.15801
0.162108
0.165331
0.167673
0.169128
0.169699
0.16939
0.168213
0.166181
0.163311
0.159625
0.155147
0.149906
0.143935
0.137269
0.129945
0.122003
0.113487
0.104442
0.0949181
0.0849658
0.0746381
0.0639881
0.0530693
0.0419354
0.03064
0.0192371
0.00778056
-0.00367575
-0.0150786
-0.0263754
-0.0375141
-0.0484437
-0.0591143
-0.0694776
-0.0794878
-0.0891018
-0.0982799
-0.106985
-0.115184
-0.122846
-0.129942
-0.136449
-0.142345
-0.147612
-0.152236
-0.156209
-0.159522
-0.162174
-0.164164
-0.165495
-0.166174
-0.166209
-0.165611
-0.164395
-0.162577
-0.160177
-0.157219
-0.153727
-0.149727
-0.145249
-0.140323
-0.13498
-0.129253
-0.123177
-0.116788
-0.110122
-0.103218
-0.0961118
-0.0888424
-0.0814475
-0.0739649
-0.066432
-0.0588849
-0.0513593
-0.0438897
-0.03651
-0.0292534
-0.0221522
-0.0152376
-0.0085389
-0.00208375
0.00410248
0.00999643
0.0155768
0.0208241
0.0257208
0.0302513
0.0344018
0.0381607
0.0415184
0.0444677
0.0470036
0.0491235
0.050827
0.0521158
0.0529931
0.0534637
0.0535342
0.0532126
0.0525089
0.0514349
0.050004
0.0482311
0.0461324
0.0437252
0.0410279
0.0380602
0.0348423
0.0313954
0.027741
0.0239007
0.0198968
0.0157521
0.01149
0.00713431
0.00270899
-0.00176259
-0.00625791
-0.0107552
-0.015233
-0.0196704
-0.0240463
-0.0283401
-0.032532
-0.0366037
-0.0405381
-0.0443192
-0.047932
-0.0513625
-0.0545978
-0.0576264
-0.0604386
-0.0630262
-0.0653823
-0.0675004
-0.0693748
-0.0710005
-0.072374
-0.0734934
-0.0743591
-0.0749729
-0.0753377
-0.0754566
-0.0753337
-0.0749734
-0.0743818
-0.0735665
-0.0725364
-0.0713014
-0.0698719
-0.0682588
-0.0664734
-0.0645277
-0.0624347
-0.0602079
-0.0578614
-0.0554089
-0.0528646
-0.0502428
-0.0475584
-0.0448268
-0.0420639
-0.0392854
-0.0365061
-0.0337403
-0.0310016
-0.0283034
-0.0256592
-0.0230822
-0.0205853
-0.0181803
-0.0158779
-0.0136879
-0.0116194
-0.00968143
-0.00788259
-0.00623077
-0.00473277
-0.00339414
-0.00221922
-0.00121148
-0.000373715
0.000292006
0.000784604
0.0011043
0.00125273
0.00123267
0.00104773
0.00070191
0.000199641
-0.000454014
-0.001253
-0.00219008
-0.00325696
-0.00444467
-0.00574393
-0.00714537
-0.00863939
-0.0102159
-0.0118644
-0.0135734
-0.0153314
-0.0171268
-0.0189483
-0.0207844
-0.0226239
-0.0244554
-0.0262672
-0.0280482
-0.0297874
-0.0314745
-0.0331001
-0.0346549
-0.0361302
-0.0375175
-0.0388089
-0.0399974
-0.0410766
-0.0420409
-0.0428855
-0.0436061
-0.0441988
-0.044661
-0.0449909
-0.045188
-0.0452527
-0.0451861
-0.0449896
-0.0446649
-0.044214
-0.0436402
-0.0429476
-0.0421419
-0.0412292
-0.0402167
-0.0391112
-0.0379201
-0.0366509
-0.0353115
-0.0339107
-0.0324576
-0.0309617
-0.0294322
-0.0278783
-0.0263087
-0.0247319
-0.0231563
-0.0215905
-0.0200428
-0.0185214
-0.0170341
-0.0155881
-0.0141904
-0.0128476
-0.0115657
-0.0103506
-0.00920746
-0.00814065
-0.00715393
-0.00625043
-0.00543275
-0.00470304
-0.00406289
-0.00351327
-0.00305442
-0.00268583
-0.00240635
-0.00221429
-0.00210751
-0.0020833
-0.00213836
-0.00226871
-0.00246978
-0.00273663
-0.00306424
-0.00344763
-0.00388188
-0.00436189
-0.00488217
-0.00543672
-0.00601918
-0.00662318
-0.00724267
-0.0078722
-0.00850684
-0.00914191
-0.00977271
-0.0103944
-0.0110019
-0.0115905
-0.0121559
-0.0126942
-0.0132023
-0.0136771
-0.014116
-0.0145164
-0.0148761
-0.0151936
-0.0154679
-0.0156988
-0.0158868
-0.0160325
-0.0161368
-0.016201
-0.0162266
-0.0162158
-0.0161712
-0.0160956
-0.0159919
-0.0158565
-0.01569
-0.015496
-0.0152782
-0.0150405
-0.014787
-0.0145216
-0.0142482
-0.0139702
-0.0136909
-0.0134135
-0.0131414
-0.0128776
-0.012625
-0.012386
-0.0121624
-0.0119551
-0.0117646
-0.0115908
-0.0114337
-0.0112929
-0.0111683
-0.0110591
-0.0109641
-0.0108815
-0.0108088
-0.0107432
-0.0106817
-0.0106214
-0.0105599
-0.0104948
-0.0104241
-0.0103455
-0.0102566
-0.0101551
-0.0100386
-0.00990505
-0.00975267
-0.00958008
-0.00938634
-0.00917097
-0.0089339
-0.00867542
-0.00839614
-0.00809694
-0.00777893
-0.00744345
-0.00709216
-0.00672706
-0.00635044
-0.00596487
-0.00557302
-0.00517757
-0.00478114
-0.00438629
-0.0039956
-0.00361165
-0.00323711
-0.00287454
-0.00252635
-0.00219471
-0.00188142
-0.001588
-0.00131569
-0.00106549
-0.000838145
-0.000634127
-0.000453588
-0.000296351
-0.000161927
-4.95473e-05
4.17936e-05
0.000113316
0.000166439
0.000202773
0.000224095
0.000232315
0.000229427
0.000217461
0.000198439
0.000174345
0.000147092
0.000118501
9.02676e-05
6.39324e-05
4.08491e-05
2.21609e-05
8.782e-06
1.38653e-06
0
0
0
0
0
0
0
0
0
0
0
0
0
0
0
0
0
0
0
0
0
0
0
0
0
0
0
0
0
0
0
0
0
0
0
0
0
0
0
0
0
0
0
0
0
0
0
0
0
0
0
0
0
0
0
0
0
0
0
0
0
0
0
0
0
0
0
0
0
0
0
0
0
0
0
0
0
0
0
0
0
0
0
0
0
0
0
0
0
0
0
0
0
0
0
0
0
0
0
0
0
0
0
-2.68229e-07
-1.63596e-06
-3.99829e-06
-7.18533e-06
-1.10483e-05
-1.5464e-05
-2.03376e-05
-2.56048e-05
-3.12346e-05
-3.72318e-05
-4.3641e-05
-5.05467e-05
-5.80722e-05
-6.63758e-05
-7.56458e-05
-8.61012e-05
-9.79881e-05
-0.000111579
-0.000127171
-0.000145076
-0.00016562
-0.000189135
-0.000215955
-0.000246423
-0.000280874
-0.000319642
-0.00036302
-0.000411247
-0.000464489
-0.000522842
-0.000586357
-0.000655055
-0.000728941
-0.000808002
-0.000892174
-0.000981327
-0.00107524
-0.0011736
-0.00127605
-0.0013822
-0.00149166
-0.00160401
-0.00171884
-0.00183566
-0.00195393
-0.00207311
-0.0021926
-0.00231182
-0.00243022
-0.00254723
-0.00266229
-0.00277487
-0.00288447
-0.00299067
-0.00309315
-0.00319165
-0.00328595
-0.00337587
-0.00346124
-0.0035419
-0.00361779
-0.00368895
-0.00375559
-0.00381799
-0.00387653
-0.00393159
-0.00398352
-0.00403267
-0.00407937
-0.00412399
-0.00416691
-0.00420854
-0.00424941
-0.00429007
-0.00433118
-0.00437341
-0.00441738
-0.00446364
-0.00451254
-0.00456431
-0.00461904
-0.00467678
-0.00473759
-0.00480156
-0.00486876
-0.00493917
-0.00501265
-0.00508893
-0.00516765
-0.00524837
-0.00533162
-0.00541919
-0.00551073
-0.00560566
-0.00570318
-0.00580266
-0.0059034
-0.0060048
-0.00610631
-0.00620727
-0.0063072
-0.00640538
-0.00650099
-0.00659313
-0.00668074
-0.00676322
-0.00683987
-0.00691003
-0.00697308
-0.00702815
-0.00707493
-0.00711287
-0.0071414
-0.00716
-0.00716783
-0.00716475
-0.00715038
-0.00712447
-0.00708686
-0.00703719
-0.00697565
-0.00690222
-0.0068169
-0.00671982
-0.00661103
-0.00649112
-0.00636052
-0.00621964
-0.00606888
-0.00590858
-0.00573922
-0.00556141
-0.0053759
-0.00518354
-0.0049854
-0.00478209
-0.00457434
-0.00436292
-0.00414867
-0.0039331
-0.0037169
-0.00350129
-0.00328746
-0.00307651
-0.00287024
-0.00266896
-0.00247377
-0.00228583
-0.00210628
-0.00193721
-0.00177854
-0.00163117
-0.001496
-0.001374
-0.00126739
-0.00117581
-0.00109997
-0.00104037
-0.000997359
-0.00097254
-0.000965015
-0.000975253
-0.00100371
-0.00105072
-0.00111749
-0.00120277
-0.00130632
-0.00142794
-0.00156752
-0.00172575
-0.00190177
-0.00209527
-0.00230572
-0.00253239
-0.00277459
-0.00303143
-0.00330218
-0.00358612
-0.00388242
-0.00418941
-0.00450676
-0.00483334
-0.00516795
-0.00550942
-0.00585475
-0.00620447
-0.00655729
-0.00691191
-0.00726707
-0.00761872
-0.00796841
-0.00831483
-0.00865657
-0.00899211
-0.00931627
-0.00963123
-0.00993568
-0.0102284
-0.0105083
-0.0107699
-0.0110161
-0.0112457
-0.0114574
-0.01165
-0.0118182
-0.0119656
-0.0120911
-0.0121939
-0.0122732
-0.0123244
-0.0123503
-0.0123503
-0.0123238
-0.0122705
-0.0121879
-0.0120779
-0.0119404
-0.0117753
-0.0115828
-0.0113631
-0.0111165
-0.0108433
-0.0105438
-0.0102185
-0.00987034
-0.00949764
-0.00910141
-0.00868281
-0.00824306
-0.0077888
-0.00731578
-0.00682525
-0.00631857
-0.00579733
-0.00527139
-0.00473463
-0.00418909
-0.00363685
-0.00307994
-0.00253056
-0.00198063
-0.00143229
-0.000887775
-0.00034946
0.000169111
0.000676502
0.00117015
0.00164746
0.00210589
0.0025324
0.00293521
0.00331207
0.00366071
0.00397881
0.00425557
0.00449697
0.00470062
0.00486425
0.00498582
0.00505899
0.00508676
0.00506772
0.00500051
0.00488379
0.00471702
0.00449847
0.00422745
0.00390356
0.00352675
0.00310399
0.00262886
0.00210193
0.00152398
0.000896183
0.000233029
-0.000476536
-0.00123031
-0.00202588
-0.00286071
-0.00371377
-0.00460043
-0.00551735
-0.00646081
-0.00742669
-0.00838879
-0.0093646
-0.0103497
-0.0113396
-0.0123296
-0.0132918
-0.0142442
-0.0151814
-0.0160982
-0.0169893
-0.0178288
-0.0186323
-0.0193947
-0.020111
-0.0207759
-0.0213691
-0.0219014
-0.0223685
-0.0227663
-0.023091
-0.0233318
-0.0234925
-0.0235702
-0.0235623
-0.0234665
-0.0232842
-0.0230111
-0.0226463
-0.0221891
-0.0216395
-0.0210122
-0.0202937
-0.0194856
-0.0185898
-0.0176088
-0.0165703
-0.0154526
-0.0142597
-0.0129957
-0.0116658
-0.0103086
-0.00889643
-0.00743506
-0.00593079
-0.00439025
-0.0028588
-0.00130536
0.000262494
0.00183699
0.00341019
0.00493546
0.00644321
0.00792515
0.00937278
0.0107776
0.0120978
0.0133589
0.0145533
0.0156737
0.0167127
0.0176397
0.0184715
0.0192019
0.019825
0.0203356
0.0207197
0.0209827
0.0211212
0.0211319
0.0210123
0.0207675
0.0203892
0.0198772
0.0192319
0.0184544
0.0175704
0.016558
0.0154199
0.0141596
0.0127817
0.0113308
0.00977321
0.00811544
0.00636448
0.00452796
0.00266519
0.000733732
-0.0012572
-0.00329787
-0.00537817
-0.00743074
-0.00950208
-0.0115815
-0.0136581
-0.0157207
-0.0177023
-0.0196482
-0.0215477
-0.0233904
-0.0251658
-0.0268158
-0.0283779
-0.0298424
-0.0311996
-0.0324405
-0.0335234
-0.0344739
-0.0352849
-0.03595
-0.0364634
-0.0368063
-0.036988
-0.0370053
-0.0368555
-0.0365368
-0.0360569
-0.0354069
-0.0345872
-0.0335997
-0.0324469
-0.0311636
-0.0297229
-0.0281297
-0.0263898
-0.0245094
-0.0225467
-0.0204587
-0.018254
-0.0159421
-0.0135331
-0.0111027
-0.00859665
-0.00602616
-0.00340315
-0.000739965
0.0018785
0.00451201
0.00714808
0.00977417
0.0123777
0.0148751
0.0173248
0.0197144
0.0220315
0.0242642
0.0263399
0.0283091
0.0301618
0.0318882
0.0334792
0.0348821
0.0361329
0.0372244
0.0381501
0.0389043
0.0394605
0.0398367
0.0400298
0.0400379
0.03986
0.0394996
0.0389534
0.0382228
0.0373097
0.0362175
0.0349789
0.0335702
0.0319972
0.0302667
0.0283862
0.0264143
0.0243089
0.022079
0.0197342
0.0172849
0.0148086
0.0122495
0.00961896
0.00692873
0.00419083
0.00149271
-0.00122887
-0.00396185
-0.00669408
-0.00941333
-0.0120321
-0.0146137
-0.0171463
-0.0196184
-0.0220189
-0.0242705
-0.0264303
-0.0284888
-0.030437
-0.0322663
-0.033917
-0.0354334
-0.0368088
-0.0380376
-0.0391151
-0.0400059
-0.0407377
-0.0413078
-0.0417143
-0.0419563
-0.0420256
-0.0419308
-0.0416732
-0.0412546
-0.0406778
-0.0399609
-0.039093
-0.038079
-0.0369245
-0.0356356
-0.0342539
-0.0327513
-0.0311351
-0.0294134
-0.0275946
-0.0257379
-0.0238022
-0.0217966
-0.0197304
-0.017613
-0.0155129
-0.0133803
-0.0112247
-0.00905558
-0.00688265
-0.00477686
-0.00268558
-0.000617509
0.00141888
0.00341538
0.00530653
0.00714244
0.00891609
0.0106209
0.0122507
0.0137516
0.0151667
0.0164914
0.0177216
0.0188542
0.0198515
0.0207462
0.0215366
0.0222215
0.0228003
0.0232531
0.0236002
0.0238425
0.0239817
0.0240201
0.0239558
0.0237957
0.0235427
0.0232001
0.0227712
0.0222695
0.0216893
0.0210345
0.0203096
0.0195194
0.0186896
0.017804
0.0168673
0.0158844
0.01486
0.0138283
0.0127651
0.0116751
0.0105633
0.00943465
0.00832744
0.00721248
0.00609399
0.00497598
0.00386227
0.00279123
0.00173129
0.000685385
-0.000343809
-0.00135379
-0.00230902
-0.00324039
-0.00414571
-0.0050229
-0.00587009
-0.00665628
-0.00740961
-0.00812904
-0.00881365
-0.00946264
-0.010051
-0.0106023
-0.0111162
-0.0115925
-0.012031
-0.0124136
-0.012759
-0.0130674
-0.0133392
-0.0135748
-0.0137627
-0.0139155
-0.014034
-0.0141193
-0.0141722
-0.0141877
-0.0141724
-0.0141269
-0.0140518
-0.0139478
-0.0138156
-0.0136561
-0.0134706
-0.0132602
-0.0130261
-0.0127753
-0.0125029
-0.0122096
-0.0118963
-0.0115639
-0.0112244
-0.0108676
-0.0104941
-0.0101048
-0.00970054
-0.00929807
-0.00888228
-0.00845409
-0.00801442
-0.00756414
-0.00712389
-0.00667461
-0.00621701
-0.00575183
-0.00527981
-0.00482403
-0.00436286
-0.00389702
-0.00342732
-0.00295473
-0.00250366
-0.00205206
-0.00160121
-0.00115235
-0.000706594
-0.000287207
0.000127163
0.000535555
0.000936879
0.00132992
0.00169421
0.00204777
0.0023895
0.00271834
0.00303327
0.00331897
0.0035884
0.00383875
0.00406766
0.00427354
0.00444743
0.00459575
0.00471749
0.0048118
0.00487802
0.00491557
0.00492441
0.00490468
0.00485683
0.00478153
0.00468658
0.0045659
0.00442061
0.00425201
0.00406161
0.00386358
0.00364699
0.00341377
0.00316592
0.00290548
0.0026501
0.00238586
0.00211497
0.0018398
0.00156277
0.00130226
0.00104392
0.0007898
0.000541758
0.000301517
8.4558e-05
-0.000122182
-0.000317323
-0.000499601
-0.000667932
-0.00081136
-0.000940021
-0.00105357
-0.00115179
-0.00123457
-0.00129617
-0.00134282
-0.00137483
-0.0013927
-0.00139712
-0.00138725
-0.00136586
-0.00133394
-0.00129253
-0.0012427
-0.00118675
-0.0011245
-0.00105711
-0.000985726
-0.000911475
-0.000838076
-0.000763631
-0.000689149
-0.000615591
-0.000543843
-0.000477445
-0.00041387
-0.000353657
-0.000297258
-0.000245056
-0.000199441
-0.000158185
-0.000121455
-8.93246e-05
-6.17711e-05
-3.98153e-05
-2.18443e-05
-7.62285e-06
3.13041e-06
1.07393e-05
1.51695e-05
1.73627e-05
1.7722e-05
1.66573e-05
1.45727e-05
1.1802e-05
8.79673e-06
5.87764e-06
3.3275e-06
1.38611e-06
2.45611e-07
0
0
0
0
0
0
0
0
0
0
0
0
0
0
0
0
0
0
0
0
0
0
0
0
0
0
0
0
0
0
0
0
0
0
0
0
0
0
0
0
0
0
0
0
0
0
0
0
0
0
0
0
0
0
0
0
0
0
0
0
0
0
0
0
0
0
0
0
0
0
0
0
0
0
0
0
0
0
0
0
0
0
0
0
0
0
0
0
0
0
0
0
0
0
0
0
0
0
0
0
0
0
0
0
0
0
0
0
0
0
0
0
0
