0
0
-0
-0
-0
-0
-0
-0
-0
-0
-0
-0
-0
-0
-0
-0
-0
-0
-0
-0
-0
-0
-0
-0
-0
-0
-0
-0
-0
-0
-0
-0
-0
-0
-0
-0
-0
-0
-0
-0
-0
-0
-0
-0
-0
0
0
0
0
0
0
0
0
0
0
0
0
0
0
0
0
0
0
0
0
0
0
0
0
0
0
0
0
0
0
0
0
0
0
0
0
0
0
0
0
0
-0
-0
-0
-0
-0
-0
-0
-0
-0
-0
-0
-0
-0
-0
-0
-0
-0
-0
-0
-0
-0
-0
-0
-0
-0
-0
-0
-0
-0
-0
-0
-0
-0
-0
-0
0
0
0
0
0
0
0
0
0
0
0
0
0
0
0
0
0
0
0
0
0
0
0
0
0
0
0
0
0
0
0
0
0
0
0
0
0
0
0
0
0
0
0
0
0
0
0
0
0
0
0
0
0
0
0
0
0
0
0
0
0
0
0
0
0
0
0
0
0
0
0
0
0
0
0
0
0
0
0
0
4.39305e-06
1.79319e-05
3.9308e-05
6.676e-05
9.80963e-05
0.000130715
0.000161635
0.000187539
0.000204821
0.00020965
0.000198032
0.000165887
0.00010912
2.37062e-05
-9.42363e-05
-0.000248362
-0.000442021
-0.000678191
-0.000959403
-0.00128768
-0.0016645
-0.00209071
-0.00256655
-0.00309157
-0.00366466
-0.00428403
-0.0049472
-0.00565107
-0.0063919
-0.00716539
-0.00796671
-0.00879061
-0.00963141
-0.0104832
-0.0113397
-0.0121948
-0.0130421
-0.0138755
-0.0146888
-0.0154764
-0.0162328
-0.0169531
-0.0176329
-0.0182684
-0.0188562
-0.0193939
-0.0198797
-0.0203124
-0.0206916
-0.0210177
-0.0212916
-0.021515
-0.0216903
-0.0218204
-0.0219085
-0.0219587
-0.0219752
-0.0219624
-0.0219249
-0.0218676
-0.0217951
-0.0217119
-0.0216221
-0.0215293
-0.0214369
-0.0213471
-0.0212617
-0.0211814
-0.0211061
-0.0210347
-0.0209651
-0.0208941
-0.0208176
-0.0207305
-0.020627
-0.0205002
-0.0203428
-0.0201464
-0.0199024
-0.0196016
-0.0192344
-0.018791
-0.0182614
-0.0176355
-0.0169035
-0.0160557
-0.0150828
-0.0139762
-0.0127282
-0.0113318
-0.00978479
-0.00808358
-0.00622213
-0.00419569
-0.00200093
0.000363879
0.00289871
0.00560172
0.00846909
0.011495
0.0146717
0.0179893
0.0214361
0.0249983
0.0286606
0.0324057
0.0362149
0.0400683
0.0439445
0.047821
0.0516745
0.0554809
0.0592153
0.0628524
0.0663662
0.0697307
0.0729194
0.0759058
0.0786634
0.0811655
0.083386
0.0852988
0.0868785
0.0881001
0.0889399
0.0893748
0.0893833
0.0889455
0.0880433
0.0866606
0.0847838
0.082402
0.0795069
0.0760936
0.0721601
0.0677081
0.0627426
0.0572721
0.0513087
0.044868
0.037969
0.0306341
0.0228888
0.0147618
0.0062848
-0.00250793
-0.0115794
-0.0208901
-0.0303985
-0.0400607
-0.0498311
-0.0596621
-0.0695048
-0.0793087
-0.0890223
-0.098593
-0.107967
-0.117092
-0.125913
-0.134377
-0.14243
-0.15002
-0.157095
-0.163607
-0.169507
-0.174749
-0.179292
-0.183095
-0.186122
-0.188341
-0.189723
-0.190244
-0.189886
-0.188633
-0.186478
-0.183416
-0.179449
-0.174584
-0.168835
-0.162219
-0.154761
-0.14649
-0.13744
-0.127651
-0.117167
-0.106035
-0.09431
-0.0820469
-0.069306
-0.0561504
-0.0426459
-0.0288608
-0.0148656
-0.000732647
0.0134644
0.0276504
0.0417495
0.0556852
0.069381
0.0827602
0.0957468
0.108266
0.120243
0.131606
0.142285
0.152213
0.161325
0.169561
0.176864
0.183182
0.188467
0.192679
0.195782
0.197746
0.19855
0.198176
0.196618
0.193874
0.18995
0.184863
0.178633
0.171292
0.162875
0.153429
0.143006
0.131664
0.119469
0.106492
0.0928103
0.0785053
0.0636636
0.0483752
0.0327336
0.0168347
0.000776367
-0.0153421
-0.0314207
-0.0473595
-0.0630592
-0.0784215
-0.0933499
-0.107751
-0.121533
-0.134609
-0.146896
-0.158316
-0.168795
-0.178267
-0.18667
-0.193951
-0.200063
-0.204966
-0.208629
-0.211029
-0.212152
-0.21199
-0.210546
-0.20783
-0.203862
-0.198668
-0.192283
-0.18475
-0.17612
-0.166448
-0.1558
-0.144245
-0.131857
-0.118719
-0.104915
-0.0905349
-0.0756722
-0.0604232
-0.0448869
-0.0291643
-0.0133577
0.00242956
0.0180943
0.0335336
0.0486459
0.0633314
0.0774928
0.091036
0.103871
0.115912
0.127079
0.137296
0.146496
0.154617
0.161605
0.167412
0.172
0.175338
0.177404
0.178183
0.17767
0.175867
0.172786
0.168445
0.162872
0.156101
0.148174
0.139141
0.129056
0.117984
0.105991
0.0931522
0.0795456
0.0652548
0.0503674
0.0349741
0.019169
0.00304801
-0.0132908
-0.0297485
-0.0462258
-0.0626235
-0.0788432
-0.0947884
-0.110364
-0.125479
-0.140045
-0.153978
-0.167197
-0.179628
-0.191201
-0.201854
-0.21153
-0.220177
-0.227753
-0.234221
-0.239552
-0.243723
-0.246721
-0.248537
-0.249172
-0.248634
-0.246936
-0.244099
-0.240152
-0.235127
-0.229065
-0.222012
-0.214017
-0.205138
-0.195433
-0.184967
-0.173808
-0.162026
-0.149695
-0.136889
-0.123687
-0.110167
-0.0964057
-0.0824835
-0.0684782
-0.0544672
-0.0405265
-0.0267303
-0.0131504
0.000143952
0.0130867
0.0256151
0.0376702
0.0491969
0.0601446
0.070467
0.0801226
0.0890747
0.0972915
0.104746
0.111418
0.117289
0.122349
0.126591
0.130014
0.132622
0.134423
0.13543
0.13566
0.135135
0.13388
0.131924
0.129297
0.126037
0.12218
0.117766
0.112837
0.107436
0.101609
0.0954021
0.0888611
0.0820336
0.0749668
0.0677077
0.060303
0.0527985
0.0452387
0.0376671
0.0301254
0.0226533
0.0152883
0.00806588
0.00101857
-0.00582361
-0.0124335
-0.018787
-0.0248627
-0.0306425
-0.0361111
-0.0412561
-0.0460681
-0.0505402
-0.0546685
-0.0584515
-0.06189
-0.0649874
-0.0677491
-0.0701825
-0.0722972
-0.0741043
-0.0756168
-0.0768492
-0.0778171
-0.0785377
-0.0790289
-0.0793095
-0.0793989
-0.079317
-0.0790836
-0.0787187
-0.0782419
-0.0776722
-0.077028
-0.0763268
-0.0755851
-0.0748181
-0.0740398
-0.0732628
-0.0724983
-0.0717558
-0.0710437
-0.0703686
-0.0697358
-0.0691489
-0.0686104
-0.0681211
-0.0676808
-0.0672876
-0.0669387
-0.0666298
-0.0663558
-0.0661101
-0.0658854
-0.0656732
-0.0654643
-0.0652486
-0.0650155
-0.0647537
-0.0644515
-0.0640969
-0.0636779
-0.0631824
-0.0625984
-0.0619144
-0.0611193
-0.0602026
-0.0591547
-0.0579667
-0.0566308
-0.0551405
-0.0534901
-0.0516755
-0.0496937
-0.047543
-0.0452232
-0.0427353
-0.0400817
-0.0372661
-0.0342936
-0.0311706
-0.0279046
-0.0245046
-0.0209807
-0.0173442
-0.0136077
-0.00978482
-0.00589037
-0.00194011
0.00204925
0.00606014
0.0100743
0.0140727
0.0180362
0.0219449
0.0257792
0.0295193
0.0331455
0.0366387
0.0399799
0.0431511
0.0461348
0.0489145
0.0514744
0.0538
0.0558776
0.0576949
0.0592405
0.0605045
0.0614782
0.0621543
0.0625268
0.0625914
0.0623452
0.061787
0.060917
0.0597374
0.0582519
0.0564658
0.0543864
0.0520223
0.0493837
0.0464825
0.0433315
0.0399453
0.0363391
0.0325294
0.0285335
0.0243693
0.0200555
0.0156113
0.0110561
0.00640983
0.00169272
-0.00307492
-0.00787264
-0.0126799
-0.0174764
-0.0222415
-0.0269553
-0.0315979
-0.0361498
-0.0405921
-0.0449065
-0.0490753
-0.0530819
-0.0569102
-0.0605455
-0.0639737
-0.0671823
-0.0701595
-0.0728949
-0.0753791
-0.077604
-0.0795626
-0.081249
-0.0826585
-0.0837875
-0.0846335
-0.0851953
-0.0854726
-0.0854663
-0.0851784
-0.084612
-0.0837715
-0.0826622
-0.0812906
-0.079664
-0.0777911
-0.0756814
-0.0733451
-0.0707936
-0.0680389
-0.0650936
-0.0619712
-0.0586855
-0.0552508
-0.051682
-0.0479939
-0.044202
-0.0403215
-0.0363681
-0.0323572
-0.0283043
-0.0242249
-0.0201342
-0.0160472
-0.0119788
-0.00794347
-0.00395539
-2.84441e-05
0.00382389
0.00758853
0.0112528
0.0148044
0.0182316
0.021523
0.0246678
0.0276554
0.030476
0.0331203
0.0355793
0.0378449
0.0399094
0.0417658
0.0434078
0.0448297
0.0460269
0.0469951
0.0477312
0.0482326
0.048498
0.0485266
0.0483185
0.047875
0.047198
0.0462903
0.0451558
0.0437991
0.0422257
0.040442
0.038455
0.0362728
0.0339039
0.0313578
0.0286445
0.0257746
0.0227593
0.0196104
0.0163402
0.0129612
0.00948649
0.00592947
0.00230383
-0.00137645
-0.00509712
-0.00884373
-0.0126016
-0.0163559
-0.0200917
-0.023794
-0.0274475
-0.0310371
-0.034548
-0.037965
-0.0412735
-0.0444558
-0.0474754
-0.0503102
-0.0529427
-0.0553564
-0.0575367
-0.0594704
-0.0611463
-0.0625547
-0.0636883
-0.0645413
-0.0651102
-0.0653934
-0.0653913
-0.0651061
-0.064542
-0.0637053
-0.0626094
-0.0613127
-0.0598355
-0.0581863
-0.0563736
-0.0544058
-0.0522913
-0.0500386
-0.0476557
-0.045151
-0.0425324
-0.0398081
-0.036986
-0.0340739
-0.0310796
-0.028011
-0.0248757
-0.0216814
-0.0184358
-0.0151467
-0.0118218
-0.00846898
-0.00509608
-0.00171122
0.00167734
0.00506112
0.0084314
0.0117791
0.0150949
0.0183691
0.0215915
0.0247516
0.0278384
0.0308406
0.0337465
0.0365439
0.0392206
0.0417638
0.0441608
0.0463986
0.0484645
0.0503455
0.0520291
0.0535033
0.0547562
0.0557768
0.0565546
0.0570799
0.0573442
0.0573398
0.0570602
0.0565002
0.0556558
0.0545247
0.0531059
0.0514001
0.0494098
0.047139
0.0445937
0.0417821
0.0387138
0.035401
0.0318573
0.028099
0.0241441
0.0200126
0.0157266
0.0113095
0.00678719
0.00218671
-0.00246346
-0.00713365
-0.0117936
-0.0164103
-0.0209448
-0.0253592
-0.0296172
-0.0336834
-0.0375232
-0.041104
-0.0443951
-0.0473682
-0.049998
-0.0522609
-0.054137
-0.0556095
-0.056665
-0.0572942
-0.0574903
-0.0572509
-0.0565819
-0.0555135
-0.0540565
-0.0522192
-0.0500122
-0.0474487
-0.044544
-0.0413154
-0.0377822
-0.0339655
-0.0298882
-0.0255748
-0.0210511
-0.0163441
-0.011482
-0.00649359
-0.00140848
0.00374364
0.00893226
0.0141271
0.0192978
0.0244145
0.029448
0.0343689
0.0391489
0.0437608
0.0481782
0.0523765
0.0563316
0.0600211
0.0634245
0.0665232
0.0693009
0.0717423
0.0738348
0.0755683
0.0769345
0.0779284
0.078546
0.0787865
0.078651
0.0781431
0.0772686
0.0760351
0.0744524
0.0725322
0.0702881
0.0677351
0.0648905
0.061773
0.0584028
0.0548015
0.050991
0.0469965
0.0428433
0.0385578
0.0341669
0.0296965
0.0251765
0.020635
0.0161002
0.0115998
0.00715839
0.00280509
-0.00143461
-0.00553637
-0.00947715
-0.0132387
-0.0167975
-0.0201349
-0.023234
-0.0260792
-0.0286608
-0.0309626
-0.0329741
-0.0346864
-0.0360922
-0.03719
-0.0379721
-0.0384367
-0.0385837
-0.0384151
-0.0379378
-0.0371547
-0.0360737
-0.0347046
-0.0330591
-0.031152
-0.0289968
-0.0266102
-0.0240096
-0.0212138
-0.0182409
-0.0151125
-0.0118488
-0.00847077
-0.00499914
-0.00144997
0.0021513
0.0057842
0.00942855
0.0130645
0.0166815
0.0202515
0.0237562
0.0271774
0.030498
0.0337145
0.036798
0.0397339
0.0425084
0.0451091
0.0475415
0.049779
0.0518131
0.0536368
0.0552445
0.0566509
0.0578343
0.0587932
0.0595274
0.0600381
0.0603457
0.0604351
0.0603103
0.0599764
0.0594393
0.0587208
0.0578133
0.0567251
0.0554651
0.0540427
0.0524762
0.0507682
0.0489299
0.0469728
0.0449089
0.0427476
0.040504
0.0381907
0.03582
0.0334046
0.0309404
0.0284559
0.0259633
0.0234741
0.0209998
0.0185202
0.0160773
0.0136814
0.0113423
0.00906928
0.00682542
0.00466467
0.00259464
0.000622265
-0.00124626
-0.00306239
-0.00476432
-0.00634795
-0.00780995
-0.0091478
-0.010422
-0.011569
-0.0125883
-0.0134801
-0.0142452
-0.0149446
-0.015521
-0.015977
-0.016316
-0.016542
-0.0167064
-0.0167679
-0.0167326
-0.0166072
-0.0163993
-0.0161409
-0.0158173
-0.0154381
-0.0150136
-0.0145546
-0.0140639
-0.0135617
-0.0130596
-0.0125696
-0.0121033
-0.0116257
-0.0111944
-0.0108199
-0.0105118
-0.0102788
-0.0100426
-0.00989583
-0.00984392
-0.00989084
-0.0100391
-0.0101686
-0.0104005
-0.0107334
-0.0111645
-0.0116894
-0.0121565
-0.0127054
-0.0133286
-0.0140172
-0.0147613
-0.0153958
-0.0160634
-0.0167519
-0.0174481
-0.0181377
-0.018664
-0.0191536
-0.0195905
-0.0199584
-0.0202399
-0.0203108
-0.0202605
-0.0200714
-0.0197259
-0.0192064
-0.0184449
-0.0174757
-0.0162829
-0.0148516
-0.0131675
-0.011239
-0.00903286
-0.00653887
-0.00374816
-0.00065346
0.00264947
0.00626581
0.0101975
0.0144445
0.0190045
0.0236949
0.0286878
0.0339746
0.0395444
0.0453836
0.0512356
0.0573232
0.0636263
0.070122
0.0767851
0.0833109
0.0899476
0.0966644
0.103428
0.110204
0.116677
0.123088
0.1294
0.135574
0.14157
0.147104
0.15238
0.157357
0.161997
0.166258
0.169934
0.173156
0.17589
0.1781
0.179755
0.180758
0.181147
0.180898
0.179988
0.1784
0.176172
0.173237
0.169587
0.165218
0.16013
0.154503
0.148169
0.141138
0.133427
0.125057
0.116336
0.107008
0.0971065
0.0866672
0.0757311
0.0646986
0.0532612
0.0414696
0.0293782
0.0170447
0.00491201
-0.00734026
-0.019648
-0.0319449
-0.0441631
-0.0558768
-0.0673742
-0.0785869
-0.0894464
-0.0998851
-0.109557
-0.118679
-0.127189
-0.135029
-0.142144
-0.148321
-0.153675
-0.158162
-0.161745
-0.164391
-0.166054
-0.166729
-0.166399
-0.165053
-0.162685
-0.159428
-0.155157
-0.149883
-0.143628
-0.136415
-0.128539
-0.119776
-0.110169
-0.0997667
-0.0886257
-0.0771634
-0.065089
-0.0524726
-0.0393889
-0.0259169
-0.0125344
0.00107122
0.0148149
0.0286098
0.0423682
0.0556256
0.0686727
0.0814249
0.0937989
0.105714
0.116791
0.127256
0.137041
0.146078
0.154306
0.161491
0.167761
0.173072
0.177386
0.180671
0.18287
0.183998
0.184043
0.183003
0.180881
0.177808
0.173685
0.168537
0.162398
0.155309
0.147563
0.138969
0.129584
0.119474
0.10871
0.0976991
0.0861871
0.0742559
0.0619904
0.0494783
0.0371714
0.0247963
0.0124425
0.000199566
-0.0118432
-0.0232652
-0.0343148
-0.0449101
-0.054972
-0.0644248
-0.0729474
-0.0807232
-0.087691
-0.093795
-0.0989853
-0.103092
-0.106205
-0.108293
-0.109334
-0.109311
-0.108235
-0.106088
-0.102875
-0.0986119
-0.0933208
-0.0871857
-0.0800874
-0.0720682
-0.0631772
-0.0534693
-0.0432714
-0.0323821
-0.0208705
-0.00881034
0.00372091
0.0163104
0.0292086
0.0423314
0.055593
0.0689063
0.0818399
0.0946512
0.107254
0.119564
0.131498
0.142675
0.153317
0.163352
0.17271
0.181325
0.188931
0.19568
0.201526
0.206428
0.210349
0.213178
0.214977
0.215731
0.215434
0.214083
0.211736
0.208355
0.203957
0.198569
0.192222
0.185129
0.177157
0.168356
0.158779
0.148486
0.137809
0.126546
0.114768
0.102548
0.0899646
0.0774157
0.0646598
0.0517761
0.038844
0.0259426
0.0134727
0.00118584
-0.0108457
-0.0225524
-0.0338674
-0.0444498
-0.0545194
-0.0640219
-0.0729076
-0.0811306
-0.0884556
-0.0950414
-0.100857
-0.105877
-0.110081
-0.113365
-0.115806
-0.117399
-0.118145
-0.118049
-0.117147
-0.115429
-0.112915
-0.109632
-0.105608
-0.101005
-0.095734
-0.0898362
-0.0833566
-0.0763432
-0.0690504
-0.0613268
-0.0532263
-0.0448042
-0.0361172
-0.0274672
-0.0186656
-0.00976829
-0.000830683
0.00809272
0.0167007
0.0251909
0.033515
0.0416265
0.0494817
0.0568227
0.0638284
0.070464
0.0766979
0.0825015
0.0876916
0.0924046
0.0966224
0.10033
0.103517
0.10609
0.10813
0.109636
0.11061
0.111059
0.110983
0.110403
0.109334
0.107794
0.105805
0.103446
0.100685
0.0975491
0.0940668
0.0902682
0.0862891
0.0820563
0.0776022
0.0729593
0.0681606
0.0633672
0.0584828
0.0535389
0.0485661
0.0435946
0.0387811
0.0340247
0.0293512
0.0247846
0.0203473
0.016167
0.0121551
0.00832786
0.0046998
0.00128335
-0.00183864
-0.00473022
-0.00738501
-0.00979857
-0.0119683
-0.013861
-0.0155102
-0.0169185
-0.0180906
-0.0190328
-0.0197578
-0.0202703
-0.0205812
-0.020703
-0.020644
-0.0204453
-0.020091
-0.019599
-0.0189884
-0.0182792
-0.0175373
-0.016736
-0.0158947
-0.0150318
-0.0141651
-0.0133554
-0.0125727
-0.0118302
-0.0111396
-0.010511
-0.0099834
-0.00953242
-0.00916313
-0.00887906
-0.00868229
-0.00858335
-0.00857123
-0.00864376
-0.0087975
-0.00902775
-0.00931824
-0.00967287
-0.0100837
-0.010542
-0.0110381
-0.0115367
-0.0120535
-0.0125778
-0.0130986
-0.0136053
-0.0140559
-0.0144738
-0.0148501
-0.0151766
-0.015446
-0.0156226
-0.015733
-0.0157737
-0.0157422
-0.0156372
-0.0154372
-0.0151665
-0.0148276
-0.0144236
-0.0139586
-0.013426
-0.0128439
-0.0122184
-0.0115561
-0.0108637
-0.0101463
-0.00941328
-0.00867201
-0.00792952
-0.00719271
-0.00647199
-0.00576931
-0.00509046
-0.00444076
-0.00382492
-0.00325308
-0.00272163
-0.00223328
-0.00179007
-0.00139325
-0.00104867
-0.000749663
-0.000495396
-0.000284367
-0.000114467
1.37788e-05
0.000107669
0.000170682
0.000206628
0.000219574
0.000212578
0.000191732
0.000161291
0.000125452
8.8288e-05
5.35441e-05
2.5149e-05
6.34274e-06
0
0
0
0
0
0
0
0
0
0
0
0
0
0
0
0
0
0
0
0
0
0
0
0
0
0
0
0
0
0
0
0
0
0
0
0
0
0
0
0
0
0
0
0
0
0
0
0
0
0
0
0
0
0
0
0
0
0
0
0
0
0
0
0
0
0
0
0
0
0
0
0
0
0
0
0
0
0
0
0
0
0
0
0
0
-0
-0
-0
-0
-0
-0
-0
-0
-0
-0
-0
-0
-0
-0
-0
-0
-0
-0
-0
-0
-0
-0
-0
-0
-0
-0
-0
-0
-0
-0
-0
-0
-0
-0
-0
-0
-0
-0
-0
-0
-0
-0
-0
-0
-0
-0
-0
-0
-0
-0
-0
-0
-0
-0
-0
-0
-0
-0
-0
-0
-0
-0
-0
-0
-0
-0
-0
-0
-0
-0
-0
-0
-0
-0
-0
-0
-0
-0
-0
-0
-0
-0
-0
-0
-0
-0
-0
-0
-0
-0
-0
-0
-0
-0
-0
-0
-0
-0
-0
-0
-0
-0
-0
-0
-0
-0
-0
-0
-0
-0
-0
0
0
0
0
0
