0
0
0
0
0
0
0
0
0
0
0
0
0
0
0
0
0
0
0
0
0
0
0
0
0
0
0
0
0
0
0
0
0
0
0
0
0
0
0
0
0
0
0
0
0
0
0
0
0
0
0
0
0
0
0
0
0
0
0
0
0
0
0
0
0
0
0
0
0
0
0
0
0
0
0
0
0
0
0
0
0
0
0
0
0
0
0
0
0
0
0
0
0
0
0
0
0
0
0
0
0
0
0
0
0
0
0
0
0
0
0
0
0
0
0
0
0
0
0
0
0
0
0
0
0
0
0
0
0
0
0
0
0
0
0
0
0
0
0
0
0
0
0
0
0
0
0
0
0
0
0
0
0
0
0
0
0
0
0
0
0
0
0
0
0
0
0
0
0
0
0
0
0
0
0
0
0
0
0
0
0
0
0
0
0
0
0
0
0
0
0
0
0
0
0
0
0
0
0
0
0
9.9817e-05
0.000398557
0.000854184
0.00141761
0.00203417
0.00264483
0.00318749
0.00359829
0.00381296
0.00376824
0.00340315
0.00266042
0.00148779
-0.000160654
-0.00232319
-0.00502938
-0.00829908
-0.0121418
-0.016556
-0.021529
-0.0270363
-0.0330414
-0.0394958
-0.0463392
-0.0535001
-0.0608967
-0.0684375
-0.0760228
-0.0835453
-0.0908911
-0.0979411
-0.104572
-0.11066
-0.116078
-0.120703
-0.124415
-0.127097
-0.12864
-0.128943
-0.127915
-0.125474
-0.121555
-0.116103
-0.109083
-0.100472
-0.0902671
-0.0784805
-0.0651429
-0.0503026
-0.0340268
-0.0164017
0.00246825
0.0224611
0.0434398
0.0652539
0.0877411
0.110728
0.13403
0.157452
0.180793
0.203844
0.226397
0.248246
0.269189
0.289028
0.307571
0.324634
0.340042
0.353633
0.365261
0.374798
0.382132
0.387167
0.389827
0.390055
0.387815
0.383098
0.37592
0.36632
0.354356
0.340107
0.323669
0.305155
0.2847
0.262458
0.238599
0.213305
0.186766
0.159182
0.130755
0.101733
0.0723232
0.0426933
0.013011
-0.0165585
-0.0458545
-0.074721
-0.103006
-0.130562
-0.157247
-0.182923
-0.207463
-0.230748
-0.252667
-0.27312
-0.292014
-0.309267
-0.324808
-0.338578
-0.350527
-0.360617
-0.368821
-0.37512
-0.379507
-0.381993
-0.382599
-0.381363
-0.378334
-0.373566
-0.367117
-0.359053
-0.349442
-0.338368
-0.325921
-0.312203
-0.297325
-0.281395
-0.264523
-0.246816
-0.228378
-0.209319
-0.189747
-0.169777
-0.149522
-0.129093
-0.108597
-0.0881313
-0.0677874
-0.0476511
-0.0278034
-0.00832176
0.010721
0.0292581
0.0472306
0.0645884
0.08129
0.0973014
0.112595
0.127148
0.140943
0.153969
0.16622
0.177699
0.188414
0.198379
0.207613
0.216137
0.223975
0.231158
0.237721
0.243705
0.249154
0.254118
0.258642
0.262775
0.266563
0.270051
0.273281
0.276294
0.279126
0.281813
0.284381
0.286856
0.289258
0.291602
0.293896
0.296144
0.298342
0.300478
0.302536
0.304491
0.306314
0.307969
0.309416
0.31061
0.311505
0.312051
0.312197
0.311891
0.31108
0.309707
0.307714
0.305041
0.301634
0.297436
0.292396
0.286462
0.279584
0.271713
0.262807
0.252824
0.241736
0.229517
0.216153
0.201633
0.18595
0.169104
0.151101
0.131956
0.111694
0.090349
0.0679651
0.0445951
0.020302
-0.00483991
-0.0307447
-0.0573152
-0.0844456
-0.112024
-0.139931
-0.168045
-0.196235
-0.224359
-0.252267
-0.279799
-0.306794
-0.333086
-0.358516
-0.382924
-0.406153
-0.428048
-0.448455
-0.467225
-0.484212
-0.499282
-0.512306
-0.523165
-0.531746
-0.537945
-0.541669
-0.542839
-0.541392
-0.537283
-0.53048
-0.520967
-0.508741
-0.493812
-0.476203
-0.45595
-0.433107
-0.407742
-0.379939
-0.349794
-0.31742
-0.282946
-0.246513
-0.208276
-0.168404
-0.127073
-0.0844676
-0.0407812
0.00378716
0.0490312
0.0947391
0.140695
0.186679
0.23247
0.277846
0.322584
0.366459
0.409249
0.450733
0.490698
0.528933
0.565238
0.599419
0.631293
0.660689
0.687446
0.711423
0.73249
0.750535
0.765458
0.777173
0.785608
0.790704
0.792422
0.790739
0.78565
0.777165
0.765314
0.750143
0.731715
0.710113
0.685439
0.657811
0.627363
0.59424
0.5586
0.520614
0.480467
0.438357
0.394494
0.3491
0.302401
0.254633
0.206033
0.156847
0.107321
0.0577082
0.00825711
-0.0407843
-0.089173
-0.13667
-0.183039
-0.228048
-0.271469
-0.313079
-0.352668
-0.390037
-0.425003
-0.457396
-0.487062
-0.513858
-0.537658
-0.558351
-0.57584
-0.590049
-0.600917
-0.608398
-0.612469
-0.613122
-0.610368
-0.604236
-0.594774
-0.582044
-0.566125
-0.547111
-0.525112
-0.500256
-0.472685
-0.442555
-0.410033
-0.375296
-0.338527
-0.299923
-0.259688
-0.218036
-0.175189
-0.131375
-0.0868233
-0.0417635
0.00357366
0.0489578
0.0941593
0.138951
0.183111
0.226424
0.268682
0.309686
0.349242
0.387161
0.423262
0.457371
0.48933
0.51899
0.54622
0.570905
0.592944
0.612251
0.628759
0.642415
0.653185
0.661051
0.666009
0.668073
0.667271
0.663646
0.657259
0.648182
0.636503
0.622319
0.605738
0.586875
0.565859
0.542825
0.517922
0.491304
0.463133
0.433573
0.402796
0.370973
0.33828
0.304897
0.271001
0.23677
0.202378
0.167999
0.133803
0.0999584
0.066631
0.0339799
0.00215658
-0.0286974
-0.0584502
-0.0869791
-0.114169
-0.139911
-0.164107
-0.186664
-0.207504
-0.226558
-0.243774
-0.259106
-0.272523
-0.284003
-0.293533
-0.30111
-0.306741
-0.310443
-0.312244
-0.312181
-0.310302
-0.306664
-0.301332
-0.294377
-0.285877
-0.275913
-0.264574
-0.251952
-0.238148
-0.223263
-0.207407
-0.190689
-0.173218
-0.155106
-0.136464
-0.117402
-0.0980301
-0.0784557
-0.0587837
-0.039117
-0.0195571
-0.000203899
0.0188446
0.0374944
0.0556575
0.0732532
0.0902081
0.106455
0.121933
0.136583
0.150354
0.163198
0.175077
0.185961
0.195825
0.204652
0.212429
0.219149
0.224811
0.22942
0.232989
0.235534
0.237078
0.237644
0.237261
0.235962
0.233787
0.230778
0.226982
0.222447
0.217222
0.211355
0.204897
0.197903
0.190431
0.182543
0.174298
0.165756
0.156975
0.14801
0.138918
0.129753
0.120569
0.11142
0.102354
0.0934168
0.0846537
0.0761071
0.0678184
0.0598262
0.0521649
0.0448636
0.0379466
0.0314347
0.0253466
0.0197001
0.0145109
0.00979102
0.00554782
0.0017836
-0.00150311
-0.00431595
-0.00665972
-0.00854055
-0.00996698
-0.010951
-0.0115084
-0.0116578
-0.0114196
-0.0108151
-0.00986657
-0.00859822
-0.00703633
-0.00520917
-0.00314561
-0.000873747
0.00157997
0.00419029
0.00693197
0.0097785
0.012702
0.015674
0.0186674
0.0216573
0.0246221
0.027542
0.0303982
0.0331721
0.0358455
0.0384013
0.040824
0.0431006
0.0452202
0.047173
0.0489509
0.0505466
0.0519546
0.0531715
0.0541959
0.0550281
0.0556697
0.0561234
0.0563928
0.0564827
0.0563987
0.0561474
0.0557358
0.0551713
0.0544623
0.0536181
0.0526493
0.051567
0.0503824
0.0491057
0.0477461
0.0463128
0.0448151
0.043264
0.0416713
0.0400487
0.0384064
0.0367528
0.0350942
0.0334366
0.0317867
0.0301522
0.028542
0.0269643
0.0254257
0.0239309
0.0224832
0.0210852
0.0197396
0.0184493
0.0172169
0.0160446
0.0149336
0.0138846
0.0128982
0.0119742
0.0111116
0.010308
0.009559
0.00885959
0.00820457
0.00758983
0.00701238
0.00646977
0.00595896
0.00547559
0.00501417
0.00456902
0.00413537
0.00370984
0.00329003
0.00287342
0.00245666
0.00203566
0.00160662
0.00116749
0.000718623
0.000262469
-0.000197837
-0.000659912
-0.00112278
-0.00158635
-0.00205003
-0.00251156
-0.00296661
-0.00340956
-0.00383468
-0.00423698
-0.00461221
-0.00495601
-0.00526289
-0.00552581
-0.00573654
-0.00588664
-0.00596814
-0.00597365
-0.00589578
-0.00572636
-0.00545628
-0.00507616
-0.0045776
-0.00395431
-0.0032025
-0.00232028
-0.00130652
-0.000159823
0.00112182
0.00254063
0.00409822
0.00579489
0.00762939
0.00959907
0.0117002
0.0139279
0.0162762
0.0187378
0.0213036
0.0239636
0.0267066
0.029519
0.0323733
0.0352494
0.0381279
0.0409886
0.0438098
0.0465694
0.0492444
0.0518119
0.0542487
0.0565316
0.0586383
0.0605479
0.0622413
0.0637017
0.0649142
0.0658653
0.066543
0.0669357
0.0670349
0.0668352
0.0663345
0.0655336
0.0644358
0.0630464
0.0613725
0.059424
0.0572134
0.0547568
0.0520737
0.0491856
0.0461155
0.0428874
0.0395252
0.0360541
0.0325002
0.0288906
0.0252539
0.0216186
0.0180128
0.0144637
0.010997
0.00763682
0.00440628
0.00132701
-0.00158086
-0.00429912
-0.00681181
-0.00910558
-0.0111699
-0.0129969
-0.0145817
-0.015922
-0.0170181
-0.0178732
-0.0184924
-0.0188834
-0.019056
-0.0190219
-0.0187944
-0.0183887
-0.0178212
-0.0171096
-0.0162724
-0.0153288
-0.0142982
-0.0131999
-0.0120531
-0.0108766
-0.00968868
-0.00850674
-0.00734731
-0.00622557
-0.00515514
-0.00414786
-0.00321371
-0.00236084
-0.00159558
-0.000922418
-0.000343998
0.000138901
0.000527333
0.000824111
0.00103369
0.00116204
0.00121643
0.00120527
0.00113795
0.00102462
0.000875978
0.000705384
0.000529557
0.000351176
0.000171619
-7.70093e-06
-0.000185459
-0.000360403
-0.000531387
-0.000697341
-0.000857208
-0.00100996
-0.00115458
-0.00129008
-0.00141559
-0.00153041
-0.00163396
-0.0017258
-0.00180572
-0.0018743
-0.00193161
-0.00197764
-0.00201251
-0.00203644
-0.0020497
-0.00205263
-0.00204549
-0.00202864
-0.00200251
-0.00196765
-0.00192477
-0.00187448
-0.00181744
-0.00175428
-0.00168563
-0.00161227
-0.00153478
-0.00145394
-0.00137055
-0.00128541
-0.00119938
-0.00111293
-0.00102666
-0.000941179
-0.000857127
-0.000775354
-0.000696261
-0.000620375
-0.000548144
-0.000479969
-0.000416446
-0.00035777
-0.000304327
-0.00025644
-0.000214324
-0.00017825
-0.000148062
-0.000123731
-0.000105219
-9.24754e-05
-8.54971e-05
-8.40549e-05
-8.79305e-05
-9.68578e-05
-0.000110555
-0.000128682
-0.000151003
-0.00017718
-0.000206799
-0.000239376
-0.000274153
-0.000310886
-0.000349146
-0.000388564
-0.000428781
-0.000468932
-0.000508997
-0.000548429
-0.000586662
-0.000623166
-0.000656803
-0.000687856
-0.000715956
-0.000740726
-0.000761759
-0.000777769
-0.00078919
-0.000795635
-0.000796765
-0.000792299
-0.000781055
-0.000763802
-0.00074039
-0.000710688
-0.000674567
-0.000630973
-0.000580694
-0.000523614
-0.000459665
-0.000388853
-0.000310539
-0.000225587
-0.000134167
-3.64469e-05
6.74097e-05
0.000177564
0.000293475
0.000414898
0.000541563
0.000673199
0.00080931
0.000949856
0.00109453
0.00124296
0.00139471
0.00154836
0.00170437
0.00186231
0.00202177
0.00218239
0.002342
0.0025018
0.00266122
0.00281967
0.00297658
0.00312905
0.00327903
0.00342604
0.00356953
0.00370888
0.00384046
0.00396658
0.00408666
0.00420011
0.00430634
0.00440152
0.00448806
0.00456517
0.00463202
0.00468786
0.00472902
0.00475784
0.00477363
0.00477569
0.00476321
0.0047332
0.00468717
0.00462452
0.00454472
0.00444732
0.00433089
0.00419593
0.00404202
0.00386882
0.00367608
0.00346443
0.00323307
0.00298204
0.00271142
0.00242141
0.00211508
0.00179007
0.00144697
0.00108642
0.000709155
0.000320844
-8.252e-05
-0.000499913
-0.000930113
-0.0013717
-0.00181638
-0.00226919
-0.00272841
-0.00319227
-0.00365894
-0.00411856
-0.00457695
-0.00503186
-0.00548091
-0.00592163
-0.00634331
-0.00675166
-0.00714414
-0.00751816
-0.00787114
-0.0081931
-0.00848887
-0.00875592
-0.00899179
-0.00919399
-0.0093548
-0.00947718
-0.00955894
-0.00959808
-0.00959282
-0.0095395
-0.00943884
-0.00928958
-0.00909056
-0.00884077
-0.0085414
-0.00819001
-0.00778645
-0.00733092
-0.00682391
-0.00627264
-0.00567159
-0.00502197
-0.00432529
-0.00358337
-0.00280911
-0.00199424
-0.0011415
-0.000253945
0.000665117
0.00159791
0.0025548
0.00353172
0.00452437
0.00552826
0.00652259
0.00751878
0.00851196
0.00949711
0.0104691
0.0114065
0.0123202
0.0132053
0.0140564
0.0148686
0.015623
0.0163285
0.0169803
0.0175738
0.0181046
0.0185591
0.0189428
0.0192522
0.0194838
0.0196349
0.0196995
0.0196786
0.0195704
0.0193736
0.0190873
0.018715
0.0182525
0.0177
0.0170585
0.0163294
0.0155264
0.0146401
0.013673
0.0126285
0.0115101
0.0103406
0.00910576
0.00781061
0.00646053
0.00506124
0.00364252
0.00218682
0.00070067
-0.000809108
-0.0023354
-0.00384491
-0.00535634
-0.00686236
-0.00835554
-0.00982839
-0.0112483
-0.0126327
-0.013974
-0.0152649
-0.0164982
-0.0176465
-0.0187239
-0.0197241
-0.0206411
-0.0214691
-0.0221896
-0.0228108
-0.0233283
-0.0237384
-0.0240375
-0.0242194
-0.0242851
-0.0242327
-0.024061
-0.0237694
-0.0233655
-0.0228424
-0.0222013
-0.0214439
-0.0205726
-0.0196085
-0.0185371
-0.0173628
-0.0160905
-0.0147258
-0.0133013
-0.0117966
-0.0102184
-0.008574
-0.00687119
-0.00515091
-0.00338878
-0.00159341
0.000226369
0.00206156
0.00386832
0.0056722
0.00746405
0.00923479
0.0109754
0.0126449
0.0142669
0.0158328
0.0173343
0.0187633
0.0200865
0.0213222
0.0224638
0.023505
0.0244401
0.0252485
0.0259406
0.0265124
0.0269602
0.0272812
0.0274702
0.0275286
0.0274556
0.0272508
0.0269146
0.0264583
0.0258734
0.0251621
0.0243277
0.0233736
0.0223268
0.0211694
0.0199067
0.0185447
0.0170898
0.0155813
0.0139939
0.0123354
0.0106139
0.00883761
0.00705361
0.00523241
0.00338304
0.00151461
-0.00036363
-0.00220287
-0.00403352
-0.00584651
-0.00763282
-0.00938355
-0.011054
-0.0126719
-0.014229
-0.0157175
-0.01713
-0.0184312
-0.0196428
-0.0207587
-0.0217732
-0.0226814
-0.0234619
-0.0241277
-0.0246752
-0.0251016
-0.025405
-0.0255803
-0.02563
-0.025554
-0.0253526
-0.0250268
-0.0245887
-0.0240301
-0.0233537
-0.0225629
-0.0216614
-0.0206763
-0.0195897
-0.0184072
-0.0171343
-0.0157775
-0.0143751
-0.0129019
-0.0113649
-0.00977134
-0.00812886
-0.0064826
-0.00480323
-0.00309887
-0.0013777
0.000352018
0.00204387
0.003728
0.00539649
0.00704159
0.00865579
0.0101972
0.0116935
0.0131381
0.0145244
0.0158463
0.0170707
0.0182194
0.0192877
0.0202711
0.0211657
0.0219508
0.0226405
0.0232323
0.023724
0.0241141
0.0243961
0.0245754
0.024652
0.0246267
0.0245005
0.0242809
0.0239641
0.0235524
0.0230489
0.0224569
0.0217961
0.0210546
0.020237
0.0193482
0.0183932
0.0174009
0.0163534
0.0152563
0.0141154
0.0129364
0.0117532
0.0105439
0.0093145
0.00807101
0.00681942
0.00559454
0.00437322
0.00316103
0.0019634
0.000785484
-0.000340997
-0.0014384
-0.00250251
-0.00352933
-0.00451505
-0.00543375
-0.0063045
-0.00712436
-0.00789086
-0.00860194
-0.00923984
-0.00981938
-0.0103396
-0.0107996
-0.0111992
-0.011529
-0.0117981
-0.0120072
-0.0121568
-0.0122478
-0.0122791
-0.0122543
-0.0121749
-0.012043
-0.0118604
-0.0116334
-0.0113604
-0.0110438
-0.0106861
-0.0102897
-0.00986589
-0.00940873
-0.00892107
-0.00840577
-0.00786573
-0.00731568
-0.00674645
-0.00616072
-0.00556115
-0.00495039
-0.00434486
-0.00373321
-0.0031178
-0.00250077
-0.00188412
-0.00128419
-0.000688185
-9.77349e-05
0.000485616
0.00106045
0.00161126
0.00215127
0.00267962
0.00319554
0.00369835
0.00417398
0.00463531
0.00508191
0.00551352
0.00592997
0.00631901
0.00669273
0.00705098
0.00739355
0.00772027
0.00802039
0.00830448
0.00857259
0.00882481
0.00906118
0.00927293
0.00946871
0.00964841
0.00981195
0.00995926
0.0100838
0.0101921
0.0102839
0.010359
0.0104173
0.0104547
0.0104748
0.0104774
0.0104624
0.0104295
0.010378
0.010308
0.0102193
0.0101114
0.00998422
0.00984054
0.00967713
0.00949393
0.00929092
0.00906811
0.00883254
0.00857709
0.00830174
0.00800656
0.00769182
0.00736885
0.00702748
0.00666847
0.00629265
0.00590079
0.00550773
0.00510018
0.00467909
0.00424569
0.00380146
0.00336432
0.00291971
0.0024693
0.00201478
0.0015578
0.00111702
0.000677275
0.000240421
-0.000191634
-0.000616973
-0.00101789
-0.00140838
-0.00178661
-0.00215075
-0.00249825
-0.00281325
-0.00310636
-0.00337552
-0.00361891
-0.00383489
-0.004014
-0.00416314
-0.00428134
-0.00436782
-0.00442198
-0.00444135
-0.00442802
-0.00438219
-0.0043044
-0.00419548
-0.00406045
-0.00389662
-0.00370545
-0.00348854
-0.00324767
-0.00299387
-0.00272006
-0.00242871
-0.00212249
-0.00180418
-0.00148904
-0.00116683
-0.000840155
-0.000511587
-0.000183699
0.000127232
0.00043301
0.000731209
0.0010195
0.00129571
0.00154503
0.00177917
0.00199658
0.00219592
0.00237609
0.00252604
0.00265597
0.0027654
0.00285408
0.00292188
0.00296227
0.00298276
0.00298393
0.00296656
0.00293161
0.00287705
0.00280749
0.00272421
0.00262861
0.00252212
0.00240601
0.00228211
0.00215197
0.00201714
0.00187915
0.00174098
0.00160237
0.00146469
0.00132923
0.00119719
0.00107171
0.000951327
0.00083688
0.000729082
0.000628515
0.000537414
0.000453927
0.000378259
0.000310487
0.000250567
0.000199413
0.000155365
0.000118092
8.71745e-05
6.21228e-05
4.2786e-05
2.7972e-05
1.70839e-05
9.50653e-06
4.61806e-06
1.84972e-06
5.05349e-07
5.19713e-08
0
0
0
0
0
0
0
0
0
0
0
0
0
0
0
0
0
0
0
0
0
0
0
0
0
0
0
0
0
0
0
0
0
0
0
0
0
0
0
0
0
0
0
0
0
0
0
0
0
0
0
0
0
0
0
0
0
0
0
0
0
0
0
0
0
0
0
0
0
0
0
0
0
0
0
0
0
0
0
0
0
0
0
0
0
0
0
0
0
0
0
0
0
0
0
0
0
0
0
0
0
0
0
0
0
0
0
0
0
0
0
0
0
0
0
0
0
0
0
0
0
0
0
0
0
0
0
0
0
0
0
0
0
0
0
0
0
0
0
0
0
0
0
0
0
0
0
0
0
0
0
0
0
0
0
0
0
0
0
0
0
0
0
0
0
0
0
0
0
0
0
0
0
0
0
0
0
0
0
0
0
0
0
0
0
0
0
0
0
0
0
0
0
0
0
0
0
0
0
0
0
