-0
-0
-0
-0
-0
-0
-0
0
0
0
0
0
0
0
0
0
0
0
0
0
0
0
0
0
0
0
0
0
0
0
0
0
0
0
0
0
0
0
0
0
0
0
0
0
0
0
0
0
0
0
0
0
0
0
0
0
0
0
0
0
-0
-0
-0
-0
-0
-0
-0
-0
-0
-0
-0
-0
-0
-0
-0
-0
-0
-0
-0
-0
-0
-0
-0
-0
-0
-0
-0
-0
-0
-0
-0
-0
-0
-0
-0
-0
-0
-0
-0
-0
-0
-0
-0
-0
0
0
0
0
0
0
0
0
0
9.15853e-06
5.79211e-05
0.000155765
0.000309231
0.000523302
0.000801324
0.00114496
0.00155413
0.00202701
0.00256003
0.0031479
0.00378371
0.004459
0.00516383
0.00588694
0.00661591
0.0073374
0.00803746
0.00870176
0.00931569
0.00986448
0.0103332
0.0107071
0.010972
0.0111149
0.0111244
0.0109908
0.0107062
0.0102638
0.00965788
0.0088842
0.00794038
0.006827
0.00554812
0.00411143
0.00252768
0.000809886
-0.0010274
-0.00296842
-0.00499608
-0.00709153
-0.00923369
-0.011399
-0.0135614
-0.0156931
-0.0177653
-0.0197493
-0.0216176
-0.0233441
-0.0249044
-0.0262741
-0.0274283
-0.0283404
-0.0289832
-0.029331
-0.0293615
-0.0290587
-0.0284129
-0.0274194
-0.026076
-0.024381
-0.0223326
-0.0199298
-0.0171754
-0.0140788
-0.0106566
-0.00693246
-0.00293491
0.00130539
0.00575738
0.0103902
0.0151725
0.0200709
0.0250483
0.0300635
0.0350711
0.0400224
0.0448676
0.0495573
0.0540451
0.0582878
0.0622452
0.0658796
0.0691537
0.0720298
0.0744703
0.0764387
0.0779023
0.0788348
0.0792172
0.0790542
0.0783729
0.0771724
0.0754521
0.0732119
0.070452
0.0671747
0.0633866
0.0591002
0.0543348
0.0491152
0.0434701
0.0374293
0.0310227
0.0242794
0.0172304
0.00991001
0.00235788
-0.00538101
-0.0132578
-0.0212223
-0.0292246
-0.0372161
-0.0451491
-0.0529753
-0.0606455
-0.0681094
-0.075317
-0.0822197
-0.0887711
-0.0949267
-0.100643
-0.105879
-0.110593
-0.114746
-0.118303
-0.121232
-0.123506
-0.125103
-0.126001
-0.126183
-0.125636
-0.124352
-0.122328
-0.119565
-0.116071
-0.111853
-0.106924
-0.1013
-0.0950019
-0.0880567
-0.0804992
-0.0723698
-0.0637126
-0.054573
-0.0449967
-0.0350293
-0.0247182
-0.0141143
-0.0032737
0.00774205
0.0188674
0.0300351
0.0411786
0.0522334
0.0631376
0.0738307
0.0842522
0.094341
0.104035
0.113274
0.121998
0.130151
0.137678
0.144531
0.150662
0.15603
0.160597
0.164331
0.167205
0.169197
0.170291
0.170472
0.169732
0.168064
0.165471
0.161962
0.157551
0.152261
0.146117
0.139147
0.131383
0.122863
0.113631
0.103736
0.0932376
0.0821966
0.0706769
0.0587424
0.0464569
0.0338852
0.0210944
0.00815574
-0.00485596
-0.0178629
-0.0307866
-0.04355
-0.0560795
-0.0683049
-0.0801595
-0.0915786
-0.102499
-0.112856
-0.122591
-0.131643
-0.139959
-0.147495
-0.15421
-0.16007
-0.165049
-0.169119
-0.17226
-0.174451
-0.175679
-0.175938
-0.175227
-0.173554
-0.170932
-0.167381
-0.162925
-0.157594
-0.151419
-0.14444
-0.136698
-0.128239
-0.119115
-0.109379
-0.0990922
-0.0883193
-0.0771288
-0.0655911
-0.0537769
-0.0417564
-0.0295989
-0.0173737
-0.00515178
0.00699408
0.0189893
0.0307593
0.0422315
0.0533377
0.0640149
0.0742055
0.0838552
0.0929117
0.101323
0.109038
0.116006
0.122182
0.127529
0.132018
0.135628
0.138344
0.140157
0.141054
0.141025
0.140062
0.138163
0.135335
0.131595
0.126972
0.121496
0.115202
0.108123
0.100291
0.0917426
0.0825154
0.0726568
0.0622214
0.0512706
0.0398696
0.028084
0.0159781
0.00361426
-0.0089462
-0.0216406
-0.0344031
-0.0471634
-0.0598477
-0.0723808
-0.0846896
-0.0967058
-0.108367
-0.119615
-0.130394
-0.140649
-0.150319
-0.159347
-0.167675
-0.175249
-0.182025
-0.187967
-0.193043
-0.197228
-0.200496
-0.202826
-0.204197
-0.204594
-0.204007
-0.202433
-0.199875
-0.196345
-0.191857
-0.186432
-0.180095
-0.172872
-0.164793
-0.155891
-0.146206
-0.135782
-0.124668
-0.112924
-0.100608
-0.0877833
-0.074512
-0.0608554
-0.0468758
-0.0326382
-0.0182113
-0.00366807
0.010916
0.0254642
0.0399008
0.0541515
0.0681443
0.0818089
0.0950773
0.107883
0.120161
0.131848
0.142882
0.153201
0.162746
0.171464
0.179307
0.186232
0.192207
0.1972
0.201186
0.20414
0.206039
0.206866
0.206609
0.20526
0.202822
0.199304
0.194722
0.189097
0.182455
0.174829
0.166251
0.15676
0.146395
0.1352
0.123221
0.110514
0.0971378
0.0831603
0.0686525
0.053688
0.0383413
0.0226866
0.00679786
-0.00925132
-0.0253869
-0.0415346
-0.0576194
-0.0735657
-0.0892973
-0.104737
-0.119807
-0.13443
-0.148532
-0.162041
-0.174888
-0.187012
-0.198354
-0.208861
-0.218487
-0.22719
-0.234935
-0.241693
-0.247441
-0.25216
-0.255837
-0.258464
-0.260035
-0.260554
-0.260026
-0.258464
-0.255885
-0.25231
-0.247767
-0.242287
-0.235907
-0.228669
-0.220615
-0.211792
-0.20225
-0.192041
-0.18122
-0.169846
-0.157982
-0.145688
-0.133029
-0.120068
-0.106869
-0.0934979
-0.0800195
-0.0664993
-0.0530014
-0.0395885
-0.0263213
-0.0132589
-0.00045875
0.0120232
0.0241335
0.035822
0.047042
0.0577501
0.0679062
0.0774726
0.0864143
0.0946997
0.102302
0.109197
0.115368
0.1208
0.125484
0.129413
0.132582
0.134994
0.136653
0.137568
0.137749
0.137213
0.135975
0.134058
0.131485
0.128286
0.124491
0.120134
0.115247
0.109864
0.104019
0.0977504
0.0910977
0.0841032
0.07681
0.0692606
0.0614964
0.0535579
0.0454855
0.0373195
0.0291005
0.0208686
0.012662
0.00451732
-0.00353059
-0.0114483
-0.0192037
-0.026766
-0.0341067
-0.0412001
-0.0480228
-0.0545539
-0.0607739
-0.0666646
-0.0722097
-0.0773951
-0.0822103
-0.0866476
-0.0907023
-0.0943711
-0.0976519
-0.100544
-0.103047
-0.105166
-0.106904
-0.10827
-0.109273
-0.109923
-0.11023
-0.110206
-0.109865
-0.109221
-0.10829
-0.107087
-0.105629
-0.103931
-0.102012
-0.0998875
-0.0975777
-0.0951007
-0.0924743
-0.0897153
-0.0868397
-0.0838634
-0.0808026
-0.077674
-0.0744944
-0.0712795
-0.0680436
-0.0647996
-0.0615593
-0.0583342
-0.055136
-0.0519759
-0.0488644
-0.0458108
-0.0428231
-0.039908
-0.0370717
-0.0343201
-0.0316588
-0.029093
-0.0266268
-0.0242632
-0.0220043
-0.0198515
-0.017806
-0.0158689
-0.0140411
-0.0123229
-0.0107138
-0.00921272
-0.00781771
-0.00652654
-0.00533686
-0.00424632
-0.00325248
-0.00235273
-0.00154415
-0.000823432
-0.000187079
0.000368433
0.000846404
0.00124979
0.00158127
0.00184347
0.00203931
0.00217214
0.0022458
0.00226423
0.00223119
0.00214986
0.00202278
0.00185206
0.00163965
0.00138765
0.00109828
0.000773805
0.000416206
2.7114e-05
-0.000392168
-0.000840458
-0.0013165
-0.0018189
-0.00234627
-0.00289738
-0.00347133
-0.00406752
-0.00468544
-0.00532445
-0.00598363
-0.00666179
-0.00735765
-0.00807008
-0.00879828
-0.00954177
-0.0103003
-0.0110738
-0.0118617
-0.0126634
-0.0134777
-0.0143032
-0.0151382
-0.0159812
-0.0168308
-0.017686
-0.0185456
-0.0194083
-0.0202722
-0.0211349
-0.0219938
-0.0228461
-0.0236892
-0.0245208
-0.0253392
-0.0261426
-0.0269294
-0.0276973
-0.0284438
-0.029166
-0.0298605
-0.0305242
-0.031154
-0.0317477
-0.0323035
-0.0328203
-0.0332968
-0.0337317
-0.0341227
-0.0344671
-0.0347623
-0.0350058
-0.0351959
-0.0353319
-0.0354133
-0.0354398
-0.035411
-0.0353262
-0.035185
-0.0349869
-0.0347317
-0.0344192
-0.0340493
-0.033622
-0.0331383
-0.0325995
-0.0320081
-0.0313667
-0.0306776
-0.0299425
-0.0291622
-0.0283378
-0.0274712
-0.0265657
-0.0256257
-0.024656
-0.0236605
-0.0226421
-0.0216031
-0.0205453
-0.0194715
-0.0183856
-0.017292
-0.0161955
-0.0151001
-0.0140095
-0.0129272
-0.0118566
-0.0108017
-0.00976602
-0.00875316
-0.00776598
-0.00680465
-0.00587276
-0.00497594
-0.00411998
-0.00331004
-0.00254993
-0.00184181
-0.00118677
-0.000585739
-4.03153e-05
0.000447152
0.00087419
0.00123913
0.00154174
0.00178312
0.00196511
0.00208958
0.00215811
0.00217228
0.00213411
0.00204642
0.0019126
0.00173617
0.0015204
0.00126839
0.000983548
0.000670128
0.000333403
-2.08257e-05
-0.000387056
-0.000760765
-0.00113851
-0.00151738
-0.00189427
-0.00226534
-0.00262611
-0.00297212
-0.00329953
-0.00360549
-0.00388795
-0.00414518
-0.00437538
-0.00457668
-0.00474741
-0.00488648
-0.00499357
-0.00506892
-0.00511303
-0.00512641
-0.00510961
-0.00506342
-0.00498917
-0.00488876
-0.0047645
-0.00461875
-0.00445375
-0.00427155
-0.00407418
-0.0038639
-0.00364328
-0.00341509
-0.00318212
-0.00294698
-0.00271198
-0.00247915
-0.00225039
-0.00202747
-0.0018121
-0.00160585
-0.00141013
-0.00122614
-0.00105485
-0.00089696
-0.000752961
-0.00062308
-0.00050732
-0.000405482
-0.000317199
-0.000241963
-0.000179127
-0.000127894
-8.73163e-05
-5.63006e-05
-3.3642e-05
-1.80605e-05
-8.23601e-06
-2.83403e-06
-5.23487e-07
6.26546e-09
0
0
0
0
0
0
0
0
0
0
0
0
0
0
0
0
0
0
0
0
0
0
0
0
0
0
0
0
0
0
0
0
0
0
-0
-0
-0
-0
-0
-0
-0
-0
-0
-0
-0
-0
-0
-0
-0
-0
-0
-0
-0
-0
-0
-0
-0
-0
-0
-0
-0
-0
-0
-0
-0
-0
-0
-0
-0
-0
-0
0
0
0
0
0
0
0
0
0
0
0
0
0
0
0
0
0
0
0
0
0
0
0
0
0
0
0
0
0
0
0
0
3.72059e-07
2.36429e-06
6.00553e-06
1.11833e-05
1.77537e-05
2.55431e-05
3.43506e-05
4.39511e-05
5.40997e-05
6.45381e-05
7.49998e-05
8.52147e-05
9.4912e-05
0.000103823
0.000111685
0.000118248
0.000123277
0.000126558
0.000127902
0.000127148
0.000124172
0.000118894
0.000111278
0.000101331
8.90942e-05
7.46344e-05
5.80424e-05
3.94425e-05
1.90097e-05
-3.01874e-06
-2.63408e-05
-5.06104e-05
-7.54612e-05
-0.000100526
-0.00012544
-0.00014983
-0.000173296
-0.000195407
-0.00021571
-0.000233741
-0.000249049
-0.000261193
-0.000269741
-0.00027428
-0.000274421
-0.000269839
-0.00026027
-0.000245508
-0.000225374
-0.000199675
-0.000168224
-0.000130844
-8.74334e-05
-3.80182e-05
1.7251e-05
7.8088e-05
0.000144186
0.000215256
0.000291041
0.000371306
0.000455715
0.000543863
0.000635259
0.000729365
0.000825663
0.000923586
0.00102258
0.00112205
0.00122137
0.00131993
0.00141708
0.00151229
0.00160506
0.00169492
0.00178138
0.00186385
0.00194183
0.00201489
0.00208275
0.00214529
0.00220244
0.00225415
0.00230027
0.0023406
0.00237493
0.00240317
0.00242534
0.0024416
0.00245219
0.00245731
0.00245773
0.00245471
0.00244857
0.00243955
0.00242783
0.00241375
0.00239751
0.00237936
0.00235954
0.00233821
0.00231586
0.00229283
0.00226939
0.00224576
0.00222186
0.00219792
0.00217398
0.00215012
0.00212644
0.0021029
0.00207988
0.00205752
0.00203592
0.00201509
0.00199477
0.00197504
0.00195577
0.00193688
0.00191831
0.00189995
0.00188198
0.00186439
0.00184712
0.00183001
0.00181281
0.00179536
0.00177755
0.00175927
0.0017405
0.0017213
0.0017015
0.001681
0.00165968
0.00163741
0.00161436
0.00159012
0.00156461
0.00153775
0.00150955
0.00148054
0.0014503
0.00141886
0.00138621
0.0013523
0.00131772
0.00128175
0.00124447
0.0012061
0.00116698
0.00112826
0.00108933
0.0010503
0.00101125
0.000972273
0.000934458
0.000897149
0.000860668
0.000825346
0.000791486
0.000760215
0.000730991
0.000704164
0.000680125
0.000659261
0.000642497
0.000629502
0.000620497
0.000615729
0.000615525
0.00062045
0.000630808
0.000647013
0.000669372
0.000698071
0.000732748
0.000773944
0.000821766
0.000876367
0.000937913
0.00100535
0.00107991
0.00116158
0.00125024
0.00134574
0.00144594
0.00155259
0.00166549
0.00178442
0.00190911
0.00203665
0.00216925
0.00230639
0.00244749
0.0025919
0.00273592
0.00288198
0.00302949
0.00317784
0.00332636
0.00347117
0.00361449
0.00375538
0.00389284
0.00402592
0.00415097
0.00426979
0.00438149
0.00448513
0.00457972
0.00466252
0.00473438
0.0047944
0.00484169
0.00487538
0.00489427
0.00489796
0.00488576
0.00485704
0.00481127
0.00474942
0.00466959
0.00457138
0.00445446
0.00431859
0.00416717
0.00399675
0.00380752
0.00359977
0.00337391
0.00313589
0.00288079
0.00260925
0.00232208
0.00202018
0.00171171
0.00139082
0.00105886
0.00071734
0.000367811
1.98423e-05
-0.000332918
-0.000688817
-0.00104611
-0.0014029
-0.0017493
-0.00209104
-0.0024259
-0.00275165
-0.00306608
-0.00336043
-0.00363924
-0.00390046
-0.00414202
-0.00436182
-0.00455358
-0.00471944
-0.00485743
-0.00496569
-0.00504251
-0.00508561
-0.00509441
-0.00506772
-0.00500449
-0.00490375
-0.00476805
-0.0045933
-0.00437906
-0.00412519
-0.00383183
-0.00350711
-0.00314397
-0.00274321
-0.00230578
-0.0018328
-0.00133721
-0.000809114
-0.000250433
0.000336651
0.000949762
0.00157198
0.00221504
0.00287607
0.00355197
0.00423946
0.00491942
0.00560397
0.00628954
0.00697246
0.007649
0.0083004
0.00893763
0.00955674
0.0101538
0.010725
0.0112545
0.0117509
0.0122106
0.0126302
0.0130064
0.0133287
0.0136015
0.0138221
0.013988
0.0140971
0.0141463
0.0141352
0.0140622
0.0139264
0.0137269
0.0134694
0.0131477
0.0127621
0.0123131
0.0118019
0.0112425
0.0106241
0.00994866
0.00921853
0.0084363
0.00762318
0.006764
0.00586228
0.00492195
0.00394723
0.0029646
0.00195655
0.000927782
-0.000116862
-0.00117235
-0.00221038
-0.00324883
-0.00428235
-0.00530555
-0.006313
-0.00727802
-0.00821654
-0.00912338
-0.00999348
-0.010822
-0.0115876
-0.0123024
-0.0129622
-0.0135627
-0.0141
-0.0145609
-0.0149517
-0.0152697
-0.0155126
-0.0156783
-0.0157645
-0.0157707
-0.0156961
-0.0155402
-0.015303
-0.0149928
-0.0146025
-0.0141334
-0.0135874
-0.0129666
-0.0122899
-0.011544
-0.010732
-0.00985758
-0.00892471
-0.00796018
-0.00694619
-0.00588779
-0.00479036
-0.00365955
-0.00252726
-0.00137337
-0.00020394
0.000974847
0.00215672
0.003309
0.00445204
0.0055799
0.00668681
0.00776718
0.00879213
0.00977996
0.0107257
0.0116246
0.012472
0.013246
0.0139598
0.0146095
0.0151916
0.0157028
0.0161313
0.0164846
0.0167615
0.016961
0.0170822
0.0171245
0.0170875
0.0169714
0.0167768
0.0165049
0.0161664
0.0157544
0.0152713
0.0147201
0.0141038
0.013443
0.0127242
0.0119514
0.0111286
0.0102599
0.00937239
0.0084479
0.00749149
0.00650856
0.00550471
0.00451092
0.00350702
0.00249795
0.00148848
0.000483379
-0.000487614
-0.00144433
-0.00238166
-0.00329454
-0.00417813
-0.00500684
-0.00579771
-0.00654709
-0.00725159
-0.00790808
-0.00849892
-0.00903609
-0.00951701
-0.00993924
-0.0103006
-0.0105926
-0.0108209
-0.0109846
-0.0110838
-0.0111187
-0.011092
-0.011002
-0.0108493
-0.0106347
-0.0103593
-0.0100355
-0.00965487
-0.00922015
-0.00873429
-0.00820039
-0.00763886
-0.00703547
-0.00639336
-0.00571586
-0.00500663
-0.00429135
-0.00355272
-0.00279532
-0.00202385
-0.00124287
-0.0004797
0.000284854
0.00104711
0.00180335
0.00254956
0.00326008
0.00395176
0.00462021
0.00526138
0.00587181
0.00643179
0.00695563
0.00744093
0.00788512
0.00828553
0.00862942
0.00892446
0.00916882
0.00936129
0.00950122
0.00958634
0.00961857
0.00959779
0.00952391
0.00939691
0.00922324
0.0089974
0.00872066
0.00839482
0.00802217
0.00761864
0.00717325
0.00668839
0.00616644
0.00560989
0.00504037
0.00444231
0.00381939
0.00317563
0.00251509
0.00186319
0.00120204
0.000535079
-0.000134213
-0.000802134
-0.00144349
-0.00207547
-0.00269403
-0.00329529
-0.00387568
-0.00441384
-0.00492479
-0.00540559
-0.00585341
-0.00626547
-0.0066268
-0.00694748
-0.00722547
-0.00745901
-0.00764659
-0.00778188
-0.00786905
-0.00790749
-0.00789692
-0.00783737
-0.00773198
-0.00757844
-0.00737751
-0.00713015
-0.00683759
-0.00651159
-0.00614373
-0.00573613
-0.0052912
-0.00481154
-0.00431599
-0.00379121
-0.00324001
-0.00266531
-0.00207017
-0.00147757
-0.000871336
-0.000255131
0.000367321
0.000992374
0.00159617
0.00219591
0.00278845
0.00337061
0.00393901
0.00447189
0.00498425
0.00547306
0.00593565
0.0063698
0.00675972
0.00711743
0.00744113
0.00772897
0.00797919
0.00818277
0.00834622
0.00846897
0.0085508
0.00859173
0.00859144
0.00855073
0.0084701
0.00835031
0.0081924
0.00800398
0.0077802
0.0075226
0.00723283
0.00691265
0.00657595
0.00621304
0.0058264
0.00541867
0.00499253
0.00456617
0.00412653
0.00367606
0.00321727
0.0027528
0.00230221
0.00185146
0.00140318
0.000959866
0.000523755
0.000112543
-0.000287425
-0.000674135
-0.00104548
-0.00139934
-0.00172145
-0.00202254
-0.00230141
-0.00255719
-0.00278919
-0.00298918
-0.00316388
-0.00331243
-0.00343411
-0.00352853
-0.00359374
-0.00363214
-0.00364441
-0.00363127
-0.00359339
-0.00353478
-0.00345274
-0.00334819
-0.0032223
-0.00307649
-0.00292003
-0.00274652
-0.00255735
-0.00235389
-0.0021377
-0.00192118
-0.00169547
-0.00146241
-0.00122372
-0.00098095
-0.000747236
-0.000512347
-0.000277838
-4.53735e-05
0.000183387
0.000396162
0.000602482
0.00080128
0.000991519
0.00117205
0.00133333
0.00148237
0.00161809
0.00173981
0.00184723
0.00193572
0.00200996
0.00206989
0.00211523
0.00214564
0.00216038
0.0021601
0.00214443
0.00211372
0.00206885
0.00201392
0.00194626
0.00186644
0.00177513
0.00167324
0.00156817
0.00145497
0.00133512
0.00121009
0.00108129
0.000957711
0.000832712
0.000707387
0.000582769
0.000459836
0.000347142
0.000237818
0.000132782
3.29339e-05
-6.09101e-05
-0.000141948
-0.000216089
-0.000283125
-0.000342992
-0.000395667
-0.000437245
-0.000471504
-0.000498216
-0.000517223
-0.000528563
-0.000531299
-0.00052726
-0.000517118
-0.00050154
-0.000481078
-0.000457136
-0.000428934
-0.000396774
-0.000361093
-0.00032252
-0.000284357
-0.000244744
-0.000204442
-0.000164062
-0.000124042
-8.78381e-05
-5.23147e-05
-1.77676e-05
1.54439e-05
4.69143e-05
7.32727e-05
9.74457e-05
0.000119199
0.000138407
0.000155025
0.000166782
0.000176219
0.000183328
0.000188094
0.00019052
0.000189264
0.000186
0.000180885
0.000174135
0.000166004
0.000156145
0.000145496
0.000134255
0.0001226
0.00011071
9.86605e-05
8.67753e-05
7.5241e-05
6.42302e-05
5.3889e-05
4.44077e-05
3.57694e-05
2.8042e-05
2.12749e-05
1.54975e-05
1.07709e-05
6.98177e-06
4.09291e-06
2.04377e-06
7.52555e-07
1.18922e-07
0
0
0
0
0
0
0
0
0
0
-0
-0
-0
-0
-0
-0
-0
-0
-0
-0
-0
-0
-0
-0
-0
-0
-0
-0
-0
-0
-0
-0
-0
-0
-0
-0
-0
-0
-0
-0
-0
-0
-0
-0
-0
-0
-0
-0
0
0
0
0
0
0
0
0
0
0
0
0
0
0
0
0
0
0
0
0
0
0
0
0
0
0
0
0
0
0
0
0
0
0
0
0
0
0
0
0
0
0
0
0
0
0
0
0
0
0
0
0
0
0
0
0
0
0
0
0
0
0
0
0
0
