0
0
0
0
0
0
0
0
0
0
0
0
0
0
0
0
0
0
0
0
0
0
0
0
0
0
0
0
0
0
0
0
0
0
0
0
0
0
0
0
0
0
0
0
0
0
0
0
0
0
0
0
0
0
0
0
0
0
0
0
0
0
0
0
0
0
0
0
0
0
0
0
0
0
0
0
0
0
0
0
0
0
0
0
0
0
0
0
0
0
0
0
0
0
0
0
0
0
0
0
0
0
0
0
0
0
0
0
0
0
0
0
0
0
0
0
0
0
0
0
0
0
0
0
0
0
0
0
0
0
0
0
0
0
0
0
0
0
0
0
0
0
0
0
0
0
0
0
0
0
0
0
0
0
0
0
0
0
0
0
0
0
0
0
0
0
0
0
0
0
0
0
0
0
0
0
0
0
0
0
0
0
0
0
0
0
0
0
0
0
0
0
0
0
0
0
0
0
0
0
0
0
0
0
0
0
0
0
0
0
0
0
0
0
0
0
0
0
0
0
0
0
0
0
0
0
0
0
0
0
0
0
0
0
0
0
0
0
0
0
0
0
0
0
0
0
0
0
0
0
0
0
0
0
0
0
0
0
0
0
0
0
0
0
0
0
0
0
0
0
0
0
0
0
0
0
0
0
0
0
0
0
0
0
0
0
0
0
0
0
0
0
0
0
0
0
0
0
0
0
0
0
0
0
0
0
0
0
0
0
0
0
0
0
0
0
0
0
0
0
0
0
0
0
0
0
0
0
0
0
0
0
0
0
0
0
0
0
0
0
0
0
0
0
0
0
0
0
0
0
0
0
0
0
0
0
0
0
0
0
0
0
0
0
0
0
0
0
0
0
0
0
0
0
0
0
0
0
0
0
0
0
0
0
6.34143e-07
7.98812e-06
3.08336e-05
7.78153e-05
0.00015726
0.000277004
0.000444228
0.000665297
0.000945618
0.00128951
0.00170008
0.00217915
0.00272717
0.00334316
0.00402467
0.00476775
0.00556699
0.00641549
0.00730492
0.00822564
0.00916673
0.0101161
0.0110608
0.0119867
0.0128791
0.0137229
0.0145025
0.0152022
0.0158064
0.0163
0.0166682
0.016897
0.0169737
0.0168867
0.016626
0.0161832
0.0155516
0.0147267
0.0137055
0.0124872
0.0110731
0.00946681
0.00767383
0.00570192
0.00356077
0.00126198
-0.00118102
-0.00375298
-0.00643685
-0.0092139
-0.0120638
-0.0149651
-0.0178952
-0.0208307
-0.0237477
-0.0266221
-0.0294296
-0.0321457
-0.0347467
-0.0372092
-0.0395108
-0.0416303
-0.0435479
-0.0452456
-0.0467071
-0.0479187
-0.0488686
-0.0495476
-0.0499489
-0.0500684
-0.0499042
-0.0494572
-0.0487309
-0.0477314
-0.0464675
-0.0449505
-0.0431939
-0.0412137
-0.0390278
-0.0366562
-0.0341203
-0.0314432
-0.0286487
-0.0257613
-0.0228058
-0.019807
-0.0167897
-0.0137779
-0.0107951
-0.00786385
-0.00500695
-0.00224331
0.000412755
0.00294775
0.00534909
0.00760514
0.00970542
0.0116406
0.0134029
0.0149857
0.016384
0.0175945
0.0186155
0.0194472
0.0200916
0.0205525
0.0208355
0.0209475
0.0208972
0.0206948
0.0203517
0.0198809
0.0192965
0.0186137
0.0178483
0.0170169
0.0161367
0.015225
0.0142992
0.0133766
0.0124742
0.0116084
0.010795
0.0100494
0.00938603
0.00881839
0.00835904
0.00801935
0.00780941
0.00773818
0.00781349
0.00804205
0.00842946
0.00897997
0.00969637
0.0105798
0.0116298
0.012844
0.0142184
0.0157472
0.0174225
0.0192349
0.0211727
0.0232226
0.0253693
0.0275959
0.0298835
0.0322116
0.0345579
0.0368989
0.0392104
0.0414672
0.0436439
0.0457151
0.0476547
0.0494371
0.0510366
0.0524283
0.0535885
0.0544947
0.0551261
0.0554632
0.0554885
0.0551857
0.0545408
0.0535415
0.0521776
0.0504409
0.0483252
0.0458266
0.0429434
0.0396763
0.0360288
0.0320073
0.0276206
0.0228803
0.0178
0.0123962
0.00668775
0.00069645
-0.0055529
-0.0120327
-0.0187128
-0.0255606
-0.0325415
-0.0396186
-0.046753
-0.0539041
-0.0610295
-0.0680861
-0.0750299
-0.0818166
-0.0884016
-0.0947403
-0.100788
-0.106501
-0.111835
-0.11675
-0.121207
-0.125168
-0.128599
-0.131468
-0.133746
-0.135407
-0.136427
-0.136787
-0.136471
-0.135467
-0.133766
-0.131363
-0.128259
-0.124456
-0.119962
-0.11479
-0.108953
-0.102471
-0.0953668
-0.0876665
-0.0794001
-0.0706017
-0.0613088
-0.0515621
-0.0414057
-0.0308861
-0.0200527
-0.00895743
0.00234527
0.0137989
0.0253451
0.0369241
0.048475
0.0599362
0.0712456
0.0823409
0.0931602
0.103642
0.113727
0.123356
0.132473
0.141023
0.148954
0.156219
0.162773
0.168573
0.173585
0.177776
0.181118
0.18359
0.185175
0.185861
0.185641
0.184515
0.182487
0.179567
0.17577
0.171117
0.165632
0.159347
0.152298
0.144523
0.136068
0.126981
0.117312
0.107118
0.0964546
0.0853832
0.0739661
0.0622677
0.0503534
0.0382892
0.0261411
0.0139752
0.00185705
-0.0101483
-0.021977
-0.0335669
-0.0448579
-0.0557926
-0.0663164
-0.0763781
-0.0859296
-0.094926
-0.103326
-0.111094
-0.118196
-0.124603
-0.130295
-0.13525
-0.139457
-0.142905
-0.145589
-0.147509
-0.14867
-0.14908
-0.148752
-0.147704
-0.145958
-0.143539
-0.140475
-0.136799
-0.132546
-0.127755
-0.122468
-0.116727
-0.110577
-0.104064
-0.097236
-0.0901419
-0.0828311
-0.0753533
-0.0677581
-0.0600943
-0.05241
-0.0447522
-0.0371665
-0.0296974
-0.0223872
-0.0152762
-0.00840218
-0.00180046
0.00449642
0.0104588
0.0160599
0.0212765
0.0260887
0.0304801
0.0344377
0.0379513
0.0410135
0.04362
0.0457696
0.0474645
0.0487103
0.0495163
0.0498943
0.049859
0.0494277
0.0486195
0.0474564
0.0459619
0.0441617
0.0420826
0.0397522
0.0371988
0.0344517
0.0315404
0.0284957
0.0253484
0.0221295
0.0188693
0.0155976
0.0123428
0.00913265
0.00599399
0.00295242
3.2045e-05
-0.00274499
-0.00535876
-0.00779162
-0.0100282
-0.0120552
-0.0138616
-0.015439
-0.0167811
-0.0178845
-0.0187476
-0.019371
-0.0197571
-0.0199096
-0.0198345
-0.0195396
-0.019035
-0.0183325
-0.0174452
-0.0163871
-0.0151733
-0.0138198
-0.0123436
-0.010763
-0.00909693
-0.00736494
-0.00558624
-0.00377972
-0.00196384
-0.000156906
0.00162284
0.00335732
0.00502896
0.00662112
0.00811842
0.00950684
0.0107737
0.0119073
0.0128975
0.0137352
0.0144128
0.0149246
0.0152663
0.015435
0.0154295
0.0152498
0.0148973
0.014375
0.0136878
0.0128415
0.0118433
0.0107012
0.00942392
0.00802122
0.006504
0.00488421
0.00317476
0.00138904
-0.000459374
-0.00235694
-0.00429014
-0.00624537
-0.0082088
-0.0101665
-0.0121047
-0.0140099
-0.0158692
-0.0176703
-0.0194014
-0.0210513
-0.0226092
-0.0240652
-0.0254095
-0.026633
-0.027729
-0.028692
-0.0295175
-0.0302022
-0.030744
-0.0311417
-0.0313959
-0.0315082
-0.0314812
-0.0313185
-0.0310242
-0.0306033
-0.0300619
-0.0294069
-0.0286466
-0.02779
-0.0268471
-0.0258278
-0.0247424
-0.0236009
-0.0224137
-0.0211912
-0.0199441
-0.0186832
-0.0174192
-0.0161623
-0.0149222
-0.0137079
-0.0125279
-0.0113902
-0.0103025
-0.00927212
-0.00830563
-0.00740865
-0.00658562
-0.00583988
-0.0051738
-0.00458912
-0.00408714
-0.0036687
-0.00333401
-0.00308243
-0.00291228
-0.00282089
-0.00280475
-0.00285969
-0.00298105
-0.00316359
-0.00340148
-0.00368825
-0.0040169
-0.00438017
-0.00477077
-0.00518159
-0.00560562
-0.00603586
-0.00646512
-0.00688604
-0.00729116
-0.00767325
-0.0080254
-0.00834114
-0.00861442
-0.00883946
-0.00901081
-0.0091235
-0.0091732
-0.00915641
-0.00907043
-0.00891323
-0.0086832
-0.00837905
-0.00799994
-0.00754568
-0.00701698
-0.00641559
-0.00574422
-0.00500631
-0.00420582
-0.00334712
-0.00243502
-0.00147498
-0.00047323
0.00056326
0.0016269
0.00270973
0.00380224
0.00489328
0.00597183
0.00702657
0.00804621
0.00901946
0.00992618
0.0107646
0.0115246
0.0121965
0.012772
0.013236
0.0135897
0.0138276
0.0139456
0.0139404
0.0138056
0.0135449
0.0131591
0.0126504
0.0120228
0.011281
0.0104318
0.00948248
0.0084413
0.00731729
0.00612423
0.00486931
0.00356454
0.00222269
0.000856979
-0.000512098
-0.00187843
-0.00322852
-0.00454901
-0.00582674
-0.00704013
-0.0081866
-0.00925498
-0.0102351
-0.0111178
-0.0118862
-0.0125432
-0.0130833
-0.0135023
-0.0137974
-0.0139599
-0.0139983
-0.0139142
-0.0137108
-0.0133923
-0.0129598
-0.0124258
-0.0117987
-0.0110878
-0.0103033
-0.0094543
-0.00855517
-0.00761827
-0.00665627
-0.00568206
-0.00470815
-0.00374788
-0.0028137
-0.00191756
-0.00107081
-0.000284029
0.000433297
0.00107256
0.0016263
0.00208836
0.00245481
0.00272168
0.00288698
0.00295026
0.00291256
0.00277918
0.00255179
0.00223572
0.00183762
0.0013654
0.000832655
0.000245239
-0.000385949
-0.00104932
-0.00173278
-0.00241858
-0.0030995
-0.00376316
-0.00439754
-0.00500321
-0.005578
-0.00612307
-0.00663493
-0.0071102
-0.00754567
-0.00793511
-0.00827883
-0.00857416
-0.00881869
-0.00901024
-0.00914612
-0.00922547
-0.00924694
-0.00920945
-0.00911227
-0.00895711
-0.0087419
-0.00846702
-0.0081332
-0.00774152
-0.00729831
-0.00680045
-0.00625011
-0.00564984
-0.00500254
-0.00431861
-0.00359435
-0.00283348
-0.00204
-0.0012182
-0.000381031
0.00047509
0.00134517
0.00222405
0.00310647
0.00397893
0.00484417
0.00569671
0.00653103
0.00734163
0.00811685
0.00885764
0.00955889
0.0102156
0.0108231
0.0113739
0.0118665
0.0122969
0.0126613
0.0129564
0.013181
0.0133308
0.0134034
0.0133972
0.0133111
0.013151
0.0129101
0.0125884
0.0121869
0.0117069
0.011162
0.0105428
0.00985235
0.00909394
0.00827144
0.00740423
0.00648195
0.00550972
0.00449314
0.00343817
0.00236754
0.00127143
0.000156695
-0.000969608
-0.00210017
-0.00321247
-0.00431399
-0.00539712
-0.0064542
-0.00747762
-0.00844894
-0.00937174
-0.0102389
-0.0110434
-0.0117787
-0.0124342
-0.0130082
-0.0134955
-0.0138912
-0.0141909
-0.0143947
-0.0144954
-0.0144903
-0.0143774
-0.0141552
-0.0138363
-0.0134075
-0.0128694
-0.0122235
-0.0114718
-0.0106386
-0.00970607
-0.00867857
-0.00756095
-0.00635877
-0.00510539
-0.00378026
-0.00239062
-0.000944267
0.000550522
0.00205524
0.00359091
0.00514834
0.00671805
0.00829025
0.00982659
0.0113455
0.0128369
0.0142911
0.0156983
0.0170262
0.0182882
0.0194752
0.0205783
0.0215893
0.0224871
0.0232776
0.023954
0.0245101
0.0249404
0.0252394
0.0254035
0.0254297
0.0253152
0.0250586
0.0246715
0.0241414
0.0234691
0.0226561
0.0217051
0.0206445
0.0194534
0.0181368
0.0167004
0.015151
0.0135306
0.0118122
0.0100043
0.00811607
0.00615712
0.00417817
0.00214911
8.0781e-05
-0.00201567
-0.00412884
-0.00620616
-0.00827721
-0.0103305
-0.0123545
-0.0143379
-0.0162333
-0.0180658
-0.0198249
-0.0215006
-0.0230832
-0.0245371
-0.0258801
-0.0271043
-0.0282024
-0.0291676
-0.0299811
-0.030651
-0.0311732
-0.0315446
-0.0317626
-0.0318277
-0.031737
-0.0314907
-0.0310898
-0.0305364
-0.0298503
-0.0290182
-0.0280446
-0.0269348
-0.0256947
-0.0243606
-0.0229103
-0.0213516
-0.0196932
-0.017944
-0.0161517
-0.014288
-0.012363
-0.0103872
-0.00837145
-0.00636833
-0.00434694
-0.00231805
-0.000292441
0.00171919
0.00366632
0.00557869
0.0074464
0.00925989
0.0110101
0.012655
0.0142199
0.0156974
0.0170804
0.0183628
0.0195158
0.0205575
0.0214834
0.02229
0.0229745
0.0235244
0.0239486
0.0242463
0.0244176
0.0244633
0.0243878
0.02419
0.0238727
0.0234392
0.0228933
0.0222544
0.0215126
0.0206735
0.019743
0.0187274
0.017657
0.0165153
0.0153093
0.0140468
0.0127353
0.0114117
0.0100548
0.00867271
0.00727324
0.00586428
0.00448344
0.00310835
0.00174621
0.000403993
-0.000911619
-0.00216718
-0.00338379
-0.00455585
-0.00567816
-0.00674594
-0.00773369
-0.00865886
-0.00951815
-0.0103088
-0.0110283
-0.0116616
-0.0122206
-0.0127046
-0.0131131
-0.0134463
-0.0136993
-0.0138783
-0.0139845
-0.0140195
-0.0139854
-0.0138871
-0.0137249
-0.0135019
-0.0132213
-0.0128867
-0.0125106
-0.0120881
-0.0116233
-0.0111203
-0.0105836
-0.0100301
-0.00945184
-0.00885318
-0.00823862
-0.00761256
-0.00699326
-0.00637096
-0.0057497
-0.00513338
-0.00452568
-0.00394318
-0.00337591
-0.00282678
-0.00229843
-0.00179331
-0.00132423
-0.0008824
-0.000469371
-8.63644e-05
0.0002657
0.000578994
0.000860292
0.00110941
0.00132638
0.00151151
0.00166179
0.00178154
0.00187174
0.00193353
0.00196823
0.0019769
0.00196148
0.00192372
0.0018655
0.00178884
0.00169763
0.00159215
0.00147451
0.00134686
0.0012114
0.0010731
0.000931355
0.00078829
0.000645916
0.00050615
0.000373337
0.000246659
0.000127729
1.80422e-05
-8.10705e-05
-0.000167104
-0.000240506
-0.000300541
-0.000346629
-0.000378338
-0.000395671
-0.000398254
-0.00038619
-0.000359781
-0.000319498
-0.000267868
-0.000203607
-0.000127577
-4.08913e-05
5.51747e-05
0.000156135
0.00026359
0.000375986
0.000491724
0.000609149
0.000723191
0.000835491
0.000944264
0.00104774
0.00114423
0.0012295
0.00130483
0.00136893
0.0014206
0.00145878
0.00148141
0.00148899
0.00148107
0.00145741
0.00141794
0.00136356
0.00129371
0.00120881
0.00110953
0.000996736
0.000874172
0.000740284
0.000596387
0.000443864
0.000284168
0.000122874
-4.26287e-05
-0.000210632
-0.000379391
-0.000547173
-0.000707686
-0.000864258
-0.0010154
-0.0011597
-0.0012958
-0.00141809
-0.00153015
-0.00163104
-0.00171996
-0.00179627
-0.00185596
-0.00190249
-0.00193568
-0.0019555
-0.00196211
-0.00195351
-0.00193268
-0.00190022
-0.0018568
-0.00180321
-0.00173924
-0.00166709
-0.00158781
-0.00150252
-0.00141235
-0.0013183
-0.00122173
-0.00112381
-0.00102566
-0.000928375
-0.000833272
-0.000740934
-0.000652214
-0.000567871
-0.00048856
-0.000415235
-0.000347823
-0.000286649
-0.000231912
-0.000183689
-0.000142201
-0.000106925
-7.76137e-05
-5.39215e-05
-3.54118e-05
-2.16433e-05
-1.18956e-05
-5.54266e-06
-1.91433e-06
-3.09512e-07
0
0
0
0
0
0
0
0
0
0
0
0
0
0
0
0
0
0
0
0
0
0
0
0
0
0
0
0
0
0
0
0
0
0
0
0
0
0
0
0
0
0
0
0
0
0
0
0
0
0
0
0
0
0
0
0
0
0
0
0
0
0
0
0
0
0
0
0
0
0
0
0
0
0
0
0
0
0
0
0
0
0
0
0
0
0
0
0
0
0
0
0
0
0
0
0
0
0
0
0
0
0
0
0
0
0
0
0
0
0
0
0
0
0
0
0
0
0
0
0
0
0
0
0
0
0
0
0
0
0
0
0
0
0
0
0
0
0
0
0
0
0
0
0
0
0
0
0
0
0
0
0
0
0
0
0
0
0
0
0
0
0
0
0
0
0
0
0
0
0
0
0
0
0
0
0
0
0
0
0
0
0
0
0
0
0
0
0
0
0
0
0
0
0
0
0
0
0
0
0
0
0
0
0
0
0
0
0
0
0
0
0
0
0
0
0
0
0
0
0
0
0
0
0
0
0
0
0
0
0
0
0
0
0
0
0
0
0
0
0
0
0
0
0
0
0
0
0
0
0
0
0
0
0
0
0
0
0
0
0
0
0
0
0
0
0
0
0
0
0
0
0
0
0
0
0
0
0
0
0
0
0
0
0
0
0
0
0
0
0
0
0
0
0
0
0
0
0
0
0
0
0
0
0
0
0
0
0
0
0
0
0
0
0
0
0
0
0
0
0
0
0
0
0
0
0
0
0
0
0
0
0
0
0
0
0
0
0
0
0
0
0
0
0
0
0
0
0
0
0
0
0
0
0
0
0
0
0
0
0
0
0
0
0
0
0
0
0
0
0
0
0
0
0
0
0
0
0
0
0
0
0
0
0
