0
0
0
-0
-0
-0
-0
-0
-0
-0
-0
-0
-0
-0
-0
-0
-0
-0
-0
-0
-0
-0
-0
-0
-0
-0
-0
-0
-0
-0
-0
-0
-0
-0
-0
-0
-0
-0
-0
-0
-0
-0
-0
-0
-0
-0
-0
-0
-0
-0
-0
0
0
0
0
0
0
0
0
0
0
0
0
0
0
0
0
0
0
0
0
0
0
0
0
0
0
0
0
0
0
0
0
0
0
0
0
0
0
0
0
0
0
0
0
0
0
0
0
0
0
0
-0
-0
-0
-0
-0
-0
-0
-0
-0
-0
-0
-0
-0
-0
-0
-0
-0
-0
-0
-0
-0
-0
-0
-0
-0
-0
-0
-0
-0
-0
-0
-0
-0
-0
-0
-0
-0
-0
-0
-0
-0
-0
-0
-0
-0
-0
-0
-0
-0
-0
-0
0
0
0
0
0
0
0
0
0
0
0
0
0
0
0
0
0
0
0
0
0
0
0
0
0
0
0
0
0
0
0
0
0
0
0
0
0
0
0
0
0
0
0
0
0
0
0
0
0
-0
-0
-0
-0
-0
-0
-0
-0
-0
-0
-0
-0
-0
-0
-0
-0
-0
-0
-0
-0
-0
-0
-0
-0
-0
-0
-0
-0
-0
-0
-0
-0
-0
-0
-1.33848e-05
-4.93805e-05
-9.92007e-05
-0.000153988
-0.000205064
-0.00024416
-0.000263613
-0.000256551
-0.000217064
-0.000140388
-2.30768e-05
0.000136862
0.000339875
0.000584826
0.000868969
0.00118792
0.00153565
0.0019045
0.00228537
0.00266787
0.00304057
0.0033911
0.00370618
0.00397168
0.00417269
0.00429405
0.00432082
0.00423896
0.00403561
0.00369912
0.0032189
0.00258533
0.0017901
0.000826868
-0.000308001
-0.0016149
-0.00309101
-0.00473067
-0.00652587
-0.00846641
-0.0105396
-0.01273
-0.0150188
-0.0173839
-0.0198007
-0.0222422
-0.0246796
-0.0270824
-0.0294178
-0.0316515
-0.0337479
-0.0356711
-0.037386
-0.0388591
-0.0400577
-0.0409506
-0.041507
-0.0416977
-0.0414955
-0.0408763
-0.0398201
-0.0383108
-0.0363365
-0.033889
-0.0309645
-0.0275638
-0.0236929
-0.0193635
-0.0145921
-0.0094004
-0.00381408
0.00213667
0.00841689
0.0149861
0.0217982
0.0288016
0.0359406
0.0431575
0.0503932
0.0575894
0.0646876
0.0716291
0.0783544
0.0848023
0.0909113
0.0966202
0.10187
0.106607
0.110782
0.114349
0.117311
0.119663
0.121379
0.12243
0.122794
0.122453
0.121393
0.119605
0.117084
0.113826
0.109834
0.105115
0.0996792
0.0935454
0.0867349
0.0792732
0.071188
0.0625104
0.0532747
0.0435204
0.0332921
0.0226396
0.0116161
0.000277505
-0.0113194
-0.0231169
-0.0350557
-0.047075
-0.0591116
-0.0711005
-0.0829758
-0.0946709
-0.10612
-0.117258
-0.128022
-0.138349
-0.148181
-0.157461
-0.166133
-0.174148
-0.181456
-0.188012
-0.193773
-0.198702
-0.202762
-0.205923
-0.20816
-0.20945
-0.209779
-0.209136
-0.207515
-0.204917
-0.201344
-0.196805
-0.191313
-0.184886
-0.177548
-0.169331
-0.16027
-0.150408
-0.13979
-0.128465
-0.116485
-0.103907
-0.0907889
-0.0771937
-0.0631868
-0.0488354
-0.0342094
-0.0193804
-0.00442254
0.0105884
0.0255756
0.0404622
0.0551729
0.0696344
0.0837759
0.0975282
0.110824
0.123597
0.135784
0.147324
0.158157
0.16823
0.177491
0.185895
0.1934
0.199972
0.205582
0.210205
0.213822
0.21642
0.217988
0.218521
0.218021
0.216495
0.213957
0.210427
0.20593
0.200494
0.194156
0.186952
0.178926
0.170125
0.1606
0.150405
0.139596
0.128233
0.116379
0.104097
0.0914568
0.0785261
0.065374
0.0520684
0.0386766
0.0252648
0.0118988
-0.00135642
-0.0144365
-0.0272785
-0.0398212
-0.0520054
-0.0637747
-0.0750757
-0.0858588
-0.0960788
-0.105695
-0.114671
-0.122975
-0.130577
-0.137453
-0.143579
-0.148938
-0.153517
-0.157306
-0.160304
-0.162514
-0.163941
-0.164599
-0.164503
-0.163673
-0.162131
-0.159904
-0.157021
-0.153513
-0.149415
-0.144763
-0.139597
-0.133961
-0.127898
-0.121459
-0.114691
-0.107646
-0.100376
-0.0929288
-0.0853552
-0.0777024
-0.0700172
-0.0623461
-0.0547355
-0.0472318
-0.0398802
-0.0327241
-0.025804
-0.0191576
-0.0128191
-0.00682019
-0.00118932
0.00404822
0.00887076
0.0132603
0.0172023
0.0206848
0.0236985
0.0262364
0.0282949
0.0298745
0.0309805
0.0316229
0.0318159
0.0315767
0.0309246
0.029881
0.0284691
0.0267146
0.0246452
0.022291
0.019684
0.0168579
0.0138483
0.0106927
0.00743017
0.00410077
0.000744598
-0.00259898
-0.00589179
-0.00909685
-0.0121782
-0.015101
-0.0178311
-0.0203361
-0.0225852
-0.0245496
-0.026202
-0.0275171
-0.0284716
-0.029045
-0.0292204
-0.0289848
-0.0283296
-0.0272498
-0.0257434
-0.0238114
-0.0214578
-0.0186897
-0.0155174
-0.0119549
-0.00801896
-0.00372917
0.000891856
0.00581831
0.0110209
0.0164667
0.02212
0.0279429
0.0338962
0.0399399
0.046033
0.0521335
0.0581986
0.0641843
0.0700464
0.0757406
0.0812226
0.086448
0.0913727
0.095953
0.100146
0.103913
0.107216
0.110021
0.112298
0.114018
0.115157
0.115693
0.115609
0.11489
0.113527
0.111511
0.108837
0.105501
0.101504
0.0968492
0.0915466
0.0856117
0.0790653
0.071933
0.0642446
0.0560338
0.0473382
0.0381991
0.0286609
0.0187702
0.00857553
-0.00187347
-0.0125254
-0.0233272
-0.0342239
-0.0451594
-0.0560769
-0.0669195
-0.0776302
-0.0881513
-0.0984241
-0.108388
-0.117984
-0.12715
-0.13583
-0.143969
-0.151516
-0.158423
-0.164647
-0.170148
-0.174891
-0.178845
-0.181988
-0.184298
-0.185761
-0.186369
-0.186117
-0.185006
-0.183043
-0.18024
-0.176612
-0.17218
-0.16697
-0.161008
-0.154326
-0.146961
-0.138952
-0.130343
-0.121181
-0.111516
-0.1014
-0.090886
-0.0800318
-0.068895
-0.0575349
-0.0460117
-0.0343859
-0.0227183
-0.0110698
0.000498908
0.0119284
0.0231605
0.0341393
0.0448111
0.0551239
0.0650282
0.0744763
0.0834231
0.0918266
0.0996482
0.106853
0.113412
0.119296
0.124483
0.128955
0.132696
0.135695
0.137945
0.139443
0.140191
0.140194
0.139461
0.138008
0.135852
0.133014
0.129519
0.125394
0.120668
0.115376
0.109552
0.103236
0.0964684
0.0892921
0.0817512
0.0738911
0.0657576
0.0573975
0.0488577
0.0401854
0.0314277
0.0226316
0.0138436
0.00510986
-0.00352503
-0.0120181
-0.0203285
-0.0284179
-0.0362497
-0.0437893
-0.0510034
-0.0578608
-0.0643327
-0.0703931
-0.0760193
-0.081192
-0.0858948
-0.090114
-0.0938386
-0.0970604
-0.0997744
-0.101978
-0.103671
-0.104857
-0.105541
-0.10573
-0.105435
-0.10467
-0.103451
-0.101795
-0.0997221
-0.0972516
-0.0944045
-0.0912039
-0.0876748
-0.0838444
-0.0797411
-0.0753936
-0.0708305
-0.0660797
-0.0611688
-0.0561257
-0.0509789
-0.0457569
-0.0404881
-0.0352002
-0.0299199
-0.0246732
-0.019485
-0.0143793
-0.00937864
-0.00450407
0.000225065
0.00479083
0.00917648
0.0133663
0.0173457
0.0211019
0.024624
0.0279033
0.0309328
0.0337074
0.036223
0.0384768
0.0404671
0.042194
0.0436588
0.0448641
0.0458139
0.0465132
0.0469682
0.0471866
0.0471772
0.0469494
0.0465129
0.0458775
0.0450533
0.0440508
0.042882
0.0415597
0.0400977
0.0385093
0.0368071
0.035003
0.0331087
0.0311356
0.0290959
0.0270019
0.0248657
0.022699
0.0205127
0.0183172
0.0161228
0.0139393
0.0117758
0.00964021
0.00753928
0.00547891
0.00346481
0.00150292
-0.000400812
-0.00224108
-0.00401394
-0.0057171
-0.00734948
-0.00891042
-0.0103989
-0.0118135
-0.0131527
-0.0144161
-0.0156044
-0.0167192
-0.0177626
-0.0187367
-0.0196431
-0.0204835
-0.0212603
-0.0219766
-0.0226359
-0.0232415
-0.0237962
-0.0243019
-0.0247607
-0.0251752
-0.025549
-0.0258859
-0.0261894
-0.0264618
-0.0267047
-0.0269189
-0.0271058
-0.0272676
-0.0274063
-0.0275239
-0.0276214
-0.0276985
-0.0277548
-0.0277897
-0.0278027
-0.0277936
-0.0277612
-0.0277036
-0.0276186
-0.0275039
-0.0273581
-0.0271803
-0.0269695
-0.026724
-0.0264409
-0.0261168
-0.0257484
-0.025336
-0.0248788
-0.0243756
-0.023825
-0.0232251
-0.022573
-0.0218666
-0.0211045
-0.0202863
-0.0194119
-0.0184814
-0.0174941
-0.0164497
-0.0153485
-0.0141919
-0.0129823
-0.0117221
-0.0104129
-0.00905541
-0.00764998
-0.00619809
-0.00470287
-0.00316903
-0.00160185
-6.06934e-06
0.00161463
0.00325709
0.00491764
0.00659112
0.00827089
0.00994955
0.01162
0.0132762
0.0149126
0.0165236
0.0181025
0.0196418
0.0211334
0.0225698
0.0239445
0.0252516
0.0264852
0.0276386
0.0287049
0.0296768
0.0305485
0.0313153
0.0319735
0.0325194
0.0329492
0.0332585
0.0334432
0.0334979
0.0334076
0.0331704
0.0327872
0.0322593
0.0315884
0.0307775
0.029831
0.0287552
0.0275579
0.0262471
0.0248312
0.0233186
0.0217185
0.0200413
0.0182984
0.0165018
0.0146634
0.0127947
0.010907
0.00901173
0.00712066
0.00524598
0.00339958
0.00159294
-0.000163927
-0.00186138
-0.00349013
-0.00504117
-0.00650613
-0.00787798
-0.00915128
-0.0103221
-0.0113876
-0.0123454
-0.0131928
-0.0139277
-0.0145494
-0.0150602
-0.0154633
-0.0157614
-0.0159585
-0.016059
-0.0160675
-0.0159904
-0.0158325
-0.0156005
-0.015301
-0.0149406
-0.0145272
-0.0140659
-0.0135636
-0.0130273
-0.0124641
-0.0118817
-0.0112845
-0.0106777
-0.0100661
-0.00945447
-0.00884897
-0.0082529
-0.00767032
-0.0071044
-0.00655757
-0.0060327
-0.00553047
-0.0050526
-0.00460068
-0.00417588
-0.0037794
-0.0034106
-0.00306912
-0.00275442
-0.00246593
-0.00220314
-0.00196508
-0.00175066
-0.00155854
-0.00138737
-0.00123548
-0.00110224
-0.000986704
-0.000887894
-0.000804713
-0.000734991
-0.000678469
-0.00063404
-0.000600815
-0.000578105
-0.000563818
-0.000558649
-0.000560911
-0.000569889
-0.000584936
-0.000603287
-0.000626327
-0.000653265
-0.000683233
-0.000715348
-0.000746278
-0.000777824
-0.000809348
-0.000840186
-0.000869569
-0.000893976
-0.000915127
-0.000932155
-0.000944305
-0.000950898
-0.000948903
-0.00093993
-0.000923157
-0.00089776
-0.000863022
-0.000816817
-0.00076032
-0.00069318
-0.000615021
-0.000525428
-0.000423743
-0.000309943
-0.000183861
-4.54123e-05
0.000105474
0.000267363
0.000441791
0.000628642
0.000827595
0.00103814
0.00125608
0.00148442
0.00172263
0.00197017
0.00222632
0.00248443
0.00274907
0.00301896
0.00329289
0.00356967
0.00384058
0.00411188
0.00438204
0.00464927
0.00491168
0.00515869
0.00539733
0.00562593
0.00584268
0.00604557
0.00622353
0.00638314
0.00652228
0.00663898
0.00673138
0.00678994
0.00682019
0.00681988
0.00678671
0.0067186
0.00660885
0.00646085
0.00627319
0.00604448
0.00577325
0.00545742
0.0050966
0.00469003
0.00423726
0.00373808
0.00319695
0.00260935
0.00197557
0.00129627
0.000572528
-0.000183788
-0.000981335
-0.00181821
-0.00269235
-0.00360141
-0.00452673
-0.00548118
-0.00646126
-0.00746325
-0.00848318
-0.00949655
-0.0105194
-0.011547
-0.0125743
-0.0135959
-0.0145836
-0.0155547
-0.0165037
-0.017425
-0.0183129
-0.0191393
-0.0199204
-0.0206504
-0.0213237
-0.0219344
-0.0224587
-0.0229098
-0.0232824
-0.0235716
-0.0237724
-0.0238691
-0.023869
-0.0237686
-0.0235646
-0.023254
-0.022833
-0.0223012
-0.0216574
-0.0209007
-0.0200308
-0.0190584
-0.0179743
-0.01678
-0.0154782
-0.0140719
-0.0125869
-0.0110052
-0.00933121
-0.00757038
-0.00572878
-0.00384641
-0.00189751
0.000110064
0.00216813
0.00426813
0.00636011
0.00847544
0.010604
0.0127351
0.0148578
0.0169172
0.0189466
0.0209352
0.0228721
0.024746
0.026504
0.0281766
0.0297532
0.0312235
0.0325775
0.0337724
0.0348324
0.0357488
0.0365136
0.0371193
0.0375396
0.0377887
0.0378615
0.0377537
0.0374619
0.0369809
0.0363116
0.0354536
0.0344075
0.0331747
0.0317748
0.030194
0.0284367
0.0265084
0.0244158
0.0222022
0.0198405
0.0173399
0.0147106
0.0119638
0.00916243
0.00626778
0.00329293
0.000251465
-0.00284254
-0.00591367
-0.00900782
-0.0121096
-0.0152033
-0.0182731
-0.0212402
-0.0241523
-0.0269944
-0.0297513
-0.0324078
-0.0348917
-0.0372463
-0.0394583
-0.041515
-0.0434044
-0.0450712
-0.0465493
-0.0478294
-0.0489033
-0.0497637
-0.0503796
-0.0507709
-0.0509337
-0.0508651
-0.0505634
-0.0500266
-0.0492577
-0.0482592
-0.0470346
-0.0455885
-0.0439486
-0.0420994
-0.0400489
-0.0378066
-0.0353829
-0.0328325
-0.0301245
-0.027272
-0.0242884
-0.0211883
-0.0180458
-0.0148178
-0.0115205
-0.00817033
-0.00478403
-0.00144538
0.00189601
0.00522331
0.00851971
0.0117686
0.0148871
0.0179264
0.0208715
0.0237077
0.0264206
0.0289389
0.0313076
0.0335149
0.0355504
0.0374045
0.0390272
0.0404524
0.0416732
0.0426839
0.0434802
0.0440386
0.044378
0.0444981
0.0443996
0.0440845
0.0435585
0.0428232
0.041884
0.0407475
0.0394211
0.0379375
0.0362818
0.034464
0.0324955
0.0303884
0.028197
0.0258932
0.0234904
0.0210024
0.0184436
0.0158809
0.0132768
0.0106461
0.00800401
0.00536538
0.00280034
0.000267537
-0.00221921
-0.00464641
-0.00700098
-0.00921961
-0.0113412
-0.0133545
-0.0152489
-0.0170148
-0.018604
-0.0200479
-0.0213398
-0.0224739
-0.0234457
-0.0242287
-0.0248428
-0.0252861
-0.0255579
-0.0256584
-0.0255848
-0.0253437
-0.0249386
-0.0243735
-0.0236539
-0.0227995
-0.0218035
-0.0206736
-0.0194183
-0.0180468
-0.0165974
-0.0150519
-0.0134211
-0.0117166
-0.00995011
-0.00817128
-0.00635442
-0.00451146
-0.00265435
-0.0007951
0.00101396
0.00280121
0.00455489
0.00626342
0.00791555
0.0094643
0.0109358
0.0123206
0.0136101
0.0147962
0.0158454
0.0167774
0.0175863
0.0182666
0.0188139
0.0192124
0.0194716
0.01959
0.0195672
0.0194034
0.0191033
0.0186654
0.0180923
0.0173878
0.0165567
0.0156232
0.0145745
0.0134173
0.0121586
0.0108066
0.00940064
0.00791912
0.00637186
0.00476911
0.00312143
0.00147734
-0.000190081
-0.00186974
-0.00355038
-0.00522063
-0.00683079
-0.00840845
-0.00994299
-0.0114239
-0.012841
-0.0141513
-0.0153781
-0.0165122
-0.0175451
-0.0184688
-0.0192543
-0.0199171
-0.0204514
-0.0208528
-0.0211172
-0.0212349
-0.02121
-0.0210405
-0.0207253
-0.0202638
-0.0196666
-0.0189255
-0.0180433
-0.0170238
-0.0158716
-0.0146179
-0.0132426
-0.0117521
-0.0101535
-0.00845489
-0.00670353
-0.00486986
-0.00296341
-0.00099427
0.00102695
0.00304314
0.00508908
0.00715344
0.00922492
0.0112923
0.0132975
0.0152764
0.0172179
0.0191107
0.0209435
0.0226643
0.0243043
0.0258541
0.0273045
0.028647
0.0298438
0.030917
0.0318603
0.0326679
0.0333347
0.0338428
0.0342023
0.0344104
0.0344651
0.0343654
0.034116
0.0337136
0.0331605
0.0324594
0.0316139
0.0306502
0.0295511
0.0283225
0.0269709
0.0255036
0.0239653
0.0223274
0.0205986
0.0187885
0.016907
0.0150112
0.0130648
0.011078
0.00906151
0.00702574
0.00503174
0.00304019
0.001062
-0.00089204
-0.00281146
-0.00463928
-0.00641299
-0.00812341
-0.00976171
-0.0113194
-0.0127509
-0.0140865
-0.0153199
-0.0164451
-0.0174571
-0.0183277
-0.0190766
-0.0197004
-0.0201965
-0.0205632
-0.0207927
-0.0208914
-0.0208599
-0.0206994
-0.0204123
-0.0200121
-0.0194915
-0.0188542
-0.0181043
-0.0172468
-0.0163124
-0.0152821
-0.0141626
-0.0129614
-0.0116863
-0.0103809
-0.00901665
-0.00760117
-0.00614256
-0.00464939
-0.00317205
-0.00167767
-0.000174804
0.0013282
0.00282309
0.00426074
0.005674
0.00705495
0.00839594
0.00968987
0.0108956
0.0120419
0.0131234
0.0141349
0.0150715
0.0159046
0.0166541
0.0173169
0.0178903
0.0183727
0.0187521
0.0190389
0.0192328
0.0193341
0.0193436
0.0192656
0.0190988
0.0188459
0.0185099
0.0180898
0.0175993
0.0170282
0.0163819
0.0156666
0.014889
0.0140806
0.013225
0.0123301
0.011404
0.0104544
0.009517
0.00857104
0.0076242
0.00668421
0.00575854
0.00488057
0.00402922
0.00320976
0.00242707
0.00168585
0.00101155
0.00038683
-0.000184982
-0.000701565
-0.00116162
-0.00155182
-0.00188533
-0.00216232
-0.00238319
-0.0025489
-0.00265697
-0.00271441
-0.00272447
-0.00269066
-0.00261652
-0.00250847
-0.00236685
-0.00219537
-0.00199813
-0.00177946
-0.00155145
-0.00131023
-0.00105979
-0.000803952
-0.000546391
-0.000300102
-5.8402e-05
0.000175554
0.000398972
0.00060945
0.000796277
0.000967157
0.00112059
0.00125535
0.00137058
0.00145945
0.00152902
0.00157956
0.00161155
0.00162561
0.00161886
0.00159638
0.00155934
0.00150916
0.00144744
0.00137455
0.0012937
0.00120655
0.00111476
0.00101993
0.000923757
0.000827663
0.000733091
0.000641348
0.000553583
0.00047131
0.000394673
0.000324353
0.000260869
0.000204572
0.000155996
0.000114627
8.03462e-05
5.28868e-05
3.18483e-05
1.67735e-05
6.89996e-06
1.55628e-06
0
0
0
0
0
0
0
0
0
0
0
0
0
0
-0
-0
-0
-0
-0
-0
-0
-0
-0
-0
-0
-0
0
0
0
0
0
0
0
0
0
0
0
0
0
0
0
0
0
0
0
0
0
0
0
0
0
0
0
0
0
0
0
0
0
0
0
0
0
0
0
0
0
0
0
0
0
0
0
0
0
0
0
0
0
0
0
0
0
0
0
0
0
0
0
0
0
0
0
0
0
-0
-0
-0
-0
-0
-0
-0
-0
-0
-0
-0
-0
-0
-0
-0
-0
-0
-0
-0
-0
-0
-0
-0
-0
-0
-0
-0
-0
-0
-0
-0
0
0
0
0
0
0
0
0
0
0
0
0
0
0
0
0
0
0
0
0
0
0
0
0
0
0
0
0
0
0
0
0
0
0
0
0
0
0
0
0
0
0
0
0
0
0
0
0
0
0
0
0
0
0
0
0
0
0
0
0
-0
-0
-0
-0
-0
-0
-0
-0
-0
-0
-0
-0
-0
-0
-0
-0
-0
-0
-0
-0
-0
-0
-0
-0
-0
-0
-0
-0
-0
-0
-0
-0
-0
-0
-0
-0
-0
-0
-0
-0
-0
-0
-0
-0
-0
-0
-0
-0
-0
-0
