0
0
0
0
0
0
0
0
0
0
0
0
0
0
0
0
0
0
0
0
0
0
0
0
0
0
0
0
0
0
0
0
0
0
0
0
0
0
0
0
0
0
0
0
0
0
0
0
0
0
0
-0
-0
-0
-0
-0
-0
-0
-0
-0
-0
-0
-0
-0
-0
-0
-0
-0
-0
-0
-0
-0
-0
-0
0
0
0
0
0
0
0
0
0
0
0
0
0
0
0
0
0
0
0
0
0
0
0
0
0
0
0
0
0
0
0
0
0
0
0
0
0
0
0
2.32852e-06
1.0892e-05
2.03371e-05
2.46481e-05
1.77953e-05
-6.11758e-06
-5.27306e-05
-0.000127324
-0.000234718
-0.000379151
-0.000564148
-0.000792374
-0.00106551
-0.00138412
-0.00174766
-0.00215435
-0.00260123
-0.00308414
-0.00359771
-0.00413538
-0.00468933
-0.00525047
-0.00580841
-0.00635146
-0.00686675
-0.00734048
-0.00775835
-0.00810594
-0.00836909
-0.00853394
-0.00858676
-0.0085136
-0.00830014
-0.00793191
-0.00739501
-0.00667701
-0.00576772
-0.00465942
-0.00334646
-0.00182455
-9.02186e-05
0.00185903
0.00402398
0.00640267
0.00898965
0.011776
0.0147502
0.0178986
0.0212064
0.0246571
0.0282317
0.0319081
0.0356608
0.0394618
0.0432811
0.0470879
0.0508505
0.0545362
0.0581112
0.0615407
0.0647905
0.0678271
0.0706193
0.0731368
0.0753499
0.0772281
0.0787407
0.079858
0.080553
0.0808039
0.0805943
0.0799123
0.0787497
0.0771001
0.0749589
0.0723244
0.0691987
0.0655896
0.0615106
0.0569804
0.0520226
0.0466643
0.040936
0.034872
0.0285099
0.0218904
0.015057
0.00805526
0.00093242
-0.00626275
-0.0134824
-0.0206873
-0.0278374
-0.0348927
-0.0418132
-0.04856
-0.0550951
-0.0613812
-0.0673811
-0.0730575
-0.0783735
-0.0832933
-0.087784
-0.0918153
-0.0953606
-0.098396
-0.1009
-0.102851
-0.104231
-0.105022
-0.105211
-0.104787
-0.103746
-0.102085
-0.0998102
-0.0969282
-0.0934498
-0.0893876
-0.0847564
-0.0795731
-0.073857
-0.0676309
-0.0609219
-0.0537619
-0.0461878
-0.03824
-0.0299608
-0.0213927
-0.0125773
-0.0035556
0.00562998
0.0149338
0.0243058
0.0336921
0.0430374
0.0522872
0.0613906
0.0702999
0.0789692
0.087352
0.0953991
0.103059
0.110278
0.117005
0.123196
0.128809
0.133813
0.138176
0.141873
0.144878
0.147164
0.148708
0.14949
0.149495
0.148713
0.147141
0.144784
0.141647
0.137743
0.133084
0.127686
0.121567
0.114749
0.107259
0.0991278
0.0903924
0.0810943
0.0712791
0.0609955
0.0502946
0.0392293
0.0278528
0.016219
0.00438206
-0.00760177
-0.0196735
-0.0317702
-0.0438263
-0.0557746
-0.0675502
-0.0790918
-0.0903427
-0.101249
-0.111759
-0.121818
-0.131369
-0.140356
-0.148728
-0.156438
-0.163447
-0.169723
-0.175237
-0.179959
-0.183859
-0.186907
-0.189074
-0.190339
-0.190691
-0.190127
-0.188653
-0.186278
-0.183015
-0.178879
-0.173886
-0.168054
-0.161407
-0.153973
-0.14579
-0.136898
-0.127341
-0.117168
-0.106426
-0.0951659
-0.083441
-0.0713073
-0.058824
-0.0460528
-0.0330566
-0.0198984
-0.00664068
0.00665369
0.0199212
0.0330975
0.0461175
0.058917
0.0714329
0.0836045
0.0953723
0.106678
0.117462
0.12767
0.137248
0.146147
0.154325
0.161744
0.168368
0.174163
0.179095
0.183134
0.186254
0.188439
0.189686
0.189994
0.189373
0.18783
0.185371
0.182
0.177726
0.172558
0.166518
0.159635
0.15195
0.143507
0.134351
0.124528
0.114076
0.103035
0.0914448
0.0793525
0.0668127
0.0538878
0.0406437
0.0271453
0.0134524
-0.000380758
-0.0143038
-0.0282654
-0.0422093
-0.0560731
-0.0697902
-0.0832936
-0.0965213
-0.109418
-0.121935
-0.134028
-0.145651
-0.156758
-0.167297
-0.177216
-0.186467
-0.195007
-0.2028
-0.209818
-0.216039
-0.221447
-0.226022
-0.229747
-0.2326
-0.234561
-0.235612
-0.23574
-0.234942
-0.233221
-0.230589
-0.227059
-0.222645
-0.21736
-0.211221
-0.204247
-0.196463
-0.187906
-0.178616
-0.168639
-0.158021
-0.146808
-0.135041
-0.122761
-0.11001
-0.0968332
-0.0832836
-0.0694194
-0.0553048
-0.0410069
-0.0265924
-0.0121255
0.00233366
0.0167273
0.0309979
0.0450855
0.058926
0.0724511
0.0855914
0.098279
0.110451
0.122049
0.133023
0.143323
0.152904
0.161719
0.169721
0.176862
0.183099
0.188391
0.192704
0.196011
0.198294
0.199539
0.199739
0.19889
0.196989
0.194035
0.190031
0.184984
0.178906
0.17182
0.163756
0.154748
0.144841
0.134077
0.122506
0.110178
0.0971447
0.0834614
0.0691857
0.054379
0.0391073
0.0234416
0.00745774
-0.00876399
-0.0251413
-0.041592
-0.0580356
-0.0743945
-0.0905933
-0.106559
-0.122218
-0.137499
-0.152328
-0.166633
-0.180341
-0.193379
-0.205675
-0.217161
-0.227772
-0.23745
-0.246143
-0.253807
-0.260404
-0.265903
-0.270278
-0.273511
-0.275589
-0.276509
-0.276271
-0.274884
-0.272359
-0.268715
-0.263975
-0.258167
-0.251326
-0.243492
-0.23471
-0.225029
-0.214502
-0.203186
-0.191141
-0.178433
-0.165128
-0.151297
-0.13701
-0.122342
-0.107368
-0.0921648
-0.076812
-0.0613889
-0.0459744
-0.0306455
-0.0154776
-0.000544668
0.0140802
0.0283253
0.0421205
0.0553994
0.0680995
0.0801627
0.0915353
0.102167
0.112012
0.121028
0.129176
0.136424
0.142744
0.148114
0.152517
0.155939
0.158374
0.159818
0.160276
0.159757
0.158275
0.15585
0.152505
0.148267
0.143166
0.137238
0.130523
0.123063
0.114907
0.106102
0.0967026
0.0867635
0.0763426
0.0654989
0.0542924
0.0427836
0.0310338
0.0191057
0.00706326
-0.00502891
-0.017107
-0.0291095
-0.0409775
-0.052655
-0.0640876
-0.0752218
-0.0860048
-0.0963855
-0.106316
-0.115752
-0.124654
-0.132987
-0.140717
-0.147816
-0.154256
-0.160015
-0.165074
-0.169418
-0.173039
-0.175927
-0.178079
-0.179494
-0.180175
-0.180132
-0.179379
-0.177933
-0.175815
-0.173046
-0.16965
-0.165653
-0.161084
-0.155977
-0.150369
-0.144299
-0.137805
-0.130928
-0.123707
-0.116185
-0.108405
-0.100415
-0.0922592
-0.0839844
-0.0756347
-0.0672534
-0.0588827
-0.0505643
-0.0423396
-0.0342487
-0.0263305
-0.018622
-0.0111585
-0.00397309
0.00290271
0.00944007
0.015613
0.0213989
0.0267778
0.0317324
0.0362475
0.0403094
0.0439065
0.04703
0.049674
0.0518362
0.0535171
0.0547202
0.0554514
0.0557191
0.055534
0.0549088
0.0538583
0.0523988
0.0505479
0.0483248
0.04575
0.0428458
0.0396359
0.0361452
0.0323993
0.0284244
0.0242471
0.0198945
0.0153945
0.0107751
0.00606418
0.00128914
-0.0035234
-0.00834743
-0.0131574
-0.017928
-0.0226346
-0.0272536
-0.0317629
-0.0361417
-0.0403708
-0.0444318
-0.048307
-0.0519797
-0.055435
-0.0586601
-0.0616449
-0.064381
-0.0668617
-0.069081
-0.0710338
-0.0727161
-0.0741257
-0.0752622
-0.0761274
-0.0767244
-0.0770574
-0.077132
-0.0769549
-0.0765342
-0.0758795
-0.075001
-0.0739096
-0.0726162
-0.0711323
-0.0694704
-0.0676444
-0.0656693
-0.0635611
-0.0613357
-0.0590084
-0.0565937
-0.0541062
-0.0515605
-0.0489715
-0.0463541
-0.0437228
-0.0410913
-0.0384727
-0.0358802
-0.033327
-0.0308262
-0.0283902
-0.0260299
-0.0237542
-0.0215705
-0.0194854
-0.0175059
-0.0156395
-0.0138933
-0.0122736
-0.0107849
-0.00942989
-0.00821001
-0.0071264
-0.00618017
-0.00537225
-0.00470272
-0.00417029
-0.00377236
-0.00350543
-0.00336581
-0.00334973
-0.00345303
-0.00367048
-0.00399547
-0.0044203
-0.00493716
-0.00553913
-0.00622049
-0.0069761
-0.0078002
-0.00868528
-0.00962191
-0.0105995
-0.0116078
-0.0126379
-0.0136826
-0.0147359
-0.0157915
-0.0168423
-0.0178802
-0.0188965
-0.019883
-0.0208323
-0.021738
-0.0225947
-0.0233974
-0.0241418
-0.0248246
-0.0254433
-0.0259962
-0.0264818
-0.0268982
-0.0272429
-0.0275137
-0.0277094
-0.0278302
-0.0278782
-0.0278566
-0.0277688
-0.0276176
-0.0274046
-0.0271202
-0.0267619
-0.026333
-0.0258377
-0.0252809
-0.0246678
-0.024004
-0.0232949
-0.0225457
-0.0217615
-0.020947
-0.0201069
-0.0192457
-0.0183683
-0.0174801
-0.016587
-0.0156945
-0.0148073
-0.0139293
-0.0130629
-0.0122105
-0.0113747
-0.0105586
-0.00976603
-0.00900036
-0.00826423
-0.00755917
-0.00688581
-0.00624454
-0.00563592
-0.00506084
-0.00452031
-0.00401503
-0.00354517
-0.00311045
-0.00271038
-0.00234458
-0.00201271
-0.00171436
-0.00144867
-0.00121433
-0.00100963
-0.000832825
-0.000682414
-0.000557184
-0.000456018
-0.00037759
-0.000320144
-0.000281504
-0.000259292
-0.000251224
-0.000255314
-0.000269912
-0.000293591
-0.000324977
-0.000362612
-0.000404908
-0.00045018
-0.000496713
-0.000542854
-0.0005871
-0.000628169
-0.000665047
-0.000696979
-0.000723406
-0.00074387
-0.000757933
-0.000765159
-0.000765164
-0.000757706
-0.00074276
-0.000720544
-0.000691487
-0.000656158
-0.000615219
-0.000569399
-0.000519506
-0.000466452
-0.00041126
-0.000355048
-0.000299004
-0.000244354
-0.000192339
-0.000144196
-0.000101142
-6.43496e-05
-3.49301e-05
-1.39105e-05
-2.21587e-06
-0
-0
-0
-0
-0
-0
-0
-0
-0
-0
-0
-0
-0
-0
-0
-0
-0
-0
-0
-0
-0
-0
-0
-0
-0
-0
-0
-0
-0
-0
0
0
0
0
0
0
0
0
0
0
0
0
0
0
0
0
0
0
0
0
0
0
0
0
0
0
0
0
0
0
0
0
0
0
0
0
0
0
0
0
0
0
0
0
0
0
0
0
0
0
0
0
0
0
-0
-0
-0
-0
-0
-0
-0
-0
-0
-0
-0
-0
-0
-0
-0
-0
-0
-0
-0
-6.76894e-07
-4.01689e-06
-9.36471e-06
-1.56455e-05
-2.15924e-05
-2.57696e-05
-2.65981e-05
-2.23871e-05
-1.13747e-05
8.22428e-06
3.81809e-05
8.02226e-05
0.000136025
0.000207202
0.000295269
0.000401581
0.000527232
0.000672978
0.000839211
0.001026
0.0012332
0.00146047
0.00170725
0.0019727
0.00225554
0.00255401
0.00286594
0.00318874
0.00351964
0.00385563
0.00419356
0.00453008
0.00486169
0.00518482
0.00549594
0.00579158
0.00606834
0.00632272
0.0065511
0.00674985
0.00691557
0.00704538
0.00713709
0.00718914
0.00720039
0.00716976
0.00709622
0.00697887
0.00681731
0.00661204
0.00636445
0.00607693
0.00575258
0.00539485
0.00500747
0.00459404
0.00415832
0.00370421
0.00323585
0.00275791
0.00227529
0.00179368
0.00131934
0.000858834
0.000418702
4.49807e-06
-0.000378954
-0.000727578
-0.0010376
-0.00130487
-0.00152513
-0.00169367
-0.00180606
-0.00185875
-0.00184932
-0.00177682
-0.00164099
-0.00144191
-0.00117962
-0.000854125
-0.000465788
-1.55813e-05
0.000494541
0.00106153
0.00168122
0.00234896
0.00305953
0.00380761
0.00458796
0.00539514
0.00622561
0.00707762
0.00794722
0.00882973
0.0097192
0.0106107
0.0114986
0.0123778
0.013244
0.0140922
0.01492
0.0157239
0.0165001
0.0172448
0.0179524
0.0186204
0.0192454
0.0198245
0.0203558
0.0208363
0.0212665
0.0216457
0.0219728
0.0222466
0.0224643
0.0226263
0.0227322
0.0227828
0.0227794
0.0227228
0.0226159
0.0224602
0.0222567
0.022006
0.0217087
0.0213668
0.0209831
0.0205606
0.0201031
0.0196149
0.0190991
0.0185585
0.0179962
0.0174146
0.0168184
0.0162084
0.0155875
0.014959
0.0143262
0.013696
0.0130675
0.0124431
0.0118245
0.0112135
0.0106171
0.0100321
0.00946077
0.00890536
0.00836786
0.00785629
0.00736556
0.00689684
0.00645134
0.00603033
0.00564204
0.00528086
0.004948
0.00464473
0.00437237
0.00413873
0.00393872
0.00377348
0.00364389
0.00355079
0.0034998
0.00348769
0.00351622
0.00358731
0.00370251
0.00386418
0.00407102
0.00432283
0.00461953
0.00496154
0.00534683
0.00577933
0.00625971
0.00678804
0.00736369
0.00797739
0.00863608
0.00933853
0.0100836
0.0108699
0.0116825
0.0125337
0.013422
0.0143458
0.0153033
0.0162736
0.0172722
0.0182953
0.0193389
0.0203984
0.0214482
0.0225064
0.0235696
0.0246338
0.0256944
0.0267231
0.0277367
0.0287289
0.0296932
0.0306233
0.0314929
0.0323165
0.0330883
0.0338025
0.0344529
0.0350187
0.0355066
0.0359088
0.036218
0.0364276
0.0365287
0.0365208
0.0364003
0.0361632
0.0358051
0.0353301
0.0347242
0.0339834
0.0331052
0.0320888
0.0309583
0.0296906
0.0282869
0.0267488
0.0250785
0.0233178
0.0214319
0.0194254
0.0173035
0.0150724
0.0127896
0.0104137
0.00795482
0.00542433
0.00283422
0.000253545
-0.00236301
-0.0050034
-0.00765472
-0.0103029
-0.0128756
-0.0154141
-0.0179021
-0.0203236
-0.0226627
-0.0248552
-0.0269337
-0.0288827
-0.0306866
-0.0323306
-0.0337685
-0.0350177
-0.0360641
-0.036894
-0.0374947
-0.0378476
-0.0379504
-0.0377958
-0.0373774
-0.0366898
-0.0357501
-0.0345313
-0.0330303
-0.0312459
-0.0291794
-0.0268872
-0.0243215
-0.0214886
-0.0183958
-0.0150519
-0.0115481
-0.00781634
-0.00387095
0.000271942
0.00459506
0.008979
0.0135059
0.0181555
0.0229058
0.0277337
0.0325044
0.0373036
0.0421061
0.0468858
0.051616
0.0561641
0.0606089
0.0649242
0.0690842
0.0730636
0.0767512
0.0802083
0.08341
0.0863321
0.0889514
0.0911939
0.0930938
0.094634
0.0957989
0.0965742
0.0969373
0.0968866
0.0964135
0.0955119
0.0941783
0.0924507
0.0902908
0.0877018
0.0846886
0.0812589
0.077509
0.0733645
0.0688398
0.0639519
0.0587199
0.0532914
0.0475639
0.0415622
0.0353131
0.028844
0.0223361
0.0156676
0.00887052
0.00197853
-0.00497349
-0.0117907
-0.0185987
-0.0253638
-0.0320522
-0.0386297
-0.0449136
-0.051017
-0.0569056
-0.0625463
-0.0679076
-0.0728434
-0.0774422
-0.0816776
-0.0855245
-0.0889598
-0.0918931
-0.0943755
-0.0963909
-0.0979255
-0.0989676
-0.0994959
-0.0995153
-0.0990219
-0.0980146
-0.0964948
-0.0945145
-0.092031
-0.0890529
-0.0855916
-0.0816622
-0.0773868
-0.0726822
-0.0675705
-0.0620754
-0.056222
-0.0501845
-0.0438443
-0.0372325
-0.0303825
-0.0233287
-0.0162796
-0.00909663
-0.00181524
0.00552825
0.0128967
0.020074
0.0272026
0.0342472
0.041174
0.0479499
0.0543795
0.0605941
0.066563
0.0722563
0.0776462
0.0825785
0.0871578
0.0913621
0.0951712
0.098567
0.101455
0.103901
0.105894
0.107427
0.108493
0.109065
0.109164
0.108788
0.107939
0.106625
0.104888
0.102704
0.100082
0.0970374
0.0935852
0.0898331
0.0857101
0.0812364
0.0764327
0.0713209
0.0660556
0.0605301
0.0547717
0.0488093
0.0426728
0.0365487
0.0303073
0.0239751
0.0175785
0.0111441
0.00486542
-0.00139511
-0.00760899
-0.0137481
-0.019785
-0.0255377
-0.031138
-0.0365636
-0.0417935
-0.0468086
-0.0514603
-0.0558613
-0.0599938
-0.0638397
-0.0673817
-0.0705124
-0.0733129
-0.0757758
-0.0778967
-0.0796725
-0.0810538
-0.0820815
-0.08275
-0.0830539
-0.0829902
-0.0825632
-0.0817725
-0.0806244
-0.0791266
-0.0772874
-0.0751669
-0.0727212
-0.0699594
-0.0668919
-0.0635315
-0.0599877
-0.0561835
-0.0521373
-0.0478678
-0.0433923
-0.0388526
-0.0341371
-0.0292602
-0.024238
-0.01909
-0.0139832
-0.00879718
-0.00355613
0.00171742
0.00700354
0.0121357
0.017246
0.022317
0.0273291
0.0322609
0.0369517
0.041518
0.0459396
0.0501986
0.0542793
0.058054
0.0616225
0.0649706
0.0680832
0.0709446
0.0734623
0.0756994
0.0776452
0.0792921
0.0806353
0.0816391
0.0823317
0.0827078
0.0827612
0.0824863
0.0818965
0.0809775
0.079735
0.0781778
0.076315
0.0742179
0.0718297
0.0691564
0.0662057
0.0629881
0.0596219
0.0560194
0.0521985
0.0481777
0.0439752
0.0397437
0.0353679
0.0308679
0.0262643
0.0215784
0.0169808
0.0123434
0.00768758
0.00303509
-0.0015921
-0.00602454
-0.010389
-0.0146653
-0.0188339
-0.0228758
-0.026643
-0.0302469
-0.0336703
-0.0368969
-0.0399113
-0.042603
-0.0450546
-0.0472539
-0.0491905
-0.0508556
-0.0521914
-0.0532427
-0.0540043
-0.0544712
-0.0546395
-0.0545074
-0.0540755
-0.0533476
-0.0523295
-0.0510276
-0.0494992
-0.0476981
-0.0456304
-0.0433049
-0.0407342
-0.0380308
-0.0351169
-0.0320105
-0.0287274
-0.0252814
-0.0218145
-0.018212
-0.0144915
-0.0106736
-0.00678065
-0.00298004
0.000854044
0.00470391
0.00855247
0.0123817
0.0160277
0.0196141
0.0231202
0.0265271
0.0298178
0.0328525
0.0357434
0.0384772
0.0410405
0.0434198
0.0455112
0.0473949
0.0490622
0.0505062
0.0517212
0.052656
0.0533528
0.0538084
0.0540206
0.053989
0.0537177
0.0532071
0.0524613
0.0514856
0.0502857
0.0489184
0.0473407
0.0455613
0.0435907
0.0414412
0.0392161
0.0368394
0.0343243
0.0316838
0.0289306
0.0261949
0.0233752
0.0204881
0.0175512
0.0145823
0.0117252
0.0088662
0.006018
0.00319341
0.000406255
-0.0022059
-0.00475058
-0.00721367
-0.00958295
-0.0118483
-0.013899
-0.0158293
-0.0176311
-0.0192954
-0.0208135
-0.0221074
-0.0232417
-0.0242125
-0.0250172
-0.0256539
-0.0260899
-0.0263557
-0.0264513
-0.0263783
-0.0261387
-0.0257454
-0.025192
-0.0244827
-0.0236225
-0.0226181
-0.0215245
-0.0203035
-0.0189641
-0.0175145
-0.0159624
-0.0143919
-0.0127356
-0.011004
-0.00920867
-0.00736151
-0.00556749
-0.00374212
-0.00189311
-3.11731e-05
0.00183081
0.00358022
0.00530177
0.00698193
0.00860879
0.0101726
0.0115757
0.0129018
0.0141438
0.0152947
0.0163473
0.0172259
0.017997
0.0186579
0.0192071
0.019644
0.0199249
0.0200948
0.0201555
0.02011
0.0199626
0.0197027
0.0193526
0.0189182
0.0184054
0.0178204
0.0171777
0.0164768
0.0157261
0.0149338
0.0141077
0.0132796
0.0124304
0.0115665
0.0106943
0.00982021
0.00898409
0.00815731
0.00734559
0.0065539
0.00578643
0.00508094
0.00440438
0.00375994
0.0031506
0.0025789
0.00207605
0.00161125
0.00118491
0.000797155
0.000447994
0.000158966
-9.42581e-05
-0.000312654
-0.000497721
-0.000651367
-0.000762231
-0.000847356
-0.000908519
-0.000947378
-0.000965719
-0.000959164
-0.000937727
-0.000904066
-0.000860668
-0.000809632
-0.000750718
-0.000687693
-0.000621957
-0.000554986
-0.000488334
-0.000423766
-0.000362256
-0.000304773
-0.00025195
-0.000204169
-0.000162373
-0.000125742
-9.43555e-05
-6.81652e-05
-4.698e-05
-3.08085e-05
-1.86664e-05
-1.00935e-05
-4.56041e-06
-1.4756e-06
-1.99563e-07
-0
-0
-0
0
0
0
0
0
0
0
0
0
0
0
0
0
0
0
0
0
0
0
0
0
0
0
0
0
0
0
0
0
0
0
0
0
0
0
0
0
0
0
0
0
0
0
0
0
0
0
0
0
0
0
0
0
0
0
0
0
0
-0
-0
-0
-0
-0
-0
-0
-0
-0
-0
-0
-0
-0
-0
-0
-0
-0
-0
-0
-0
-0
-0
-0
-0
-0
-0
-0
-0
-0
-0
-0
-0
-0
-0
-0
-0
-0
-0
-0
-0
-0
-0
-0
-0
-0
-0
-0
-0
-0
-0
-0
-0
