0
0
0
0
0
0
0
0
0
0
0
0
0
0
0
0
0
0
0
0
0
0
0
0
0
0
0
0
0
0
0
0
0
0
0
0
0
0
0
0
0
0
0
0
0
0
0
0
0
0
0
0
0
0
0
0
0
0
0
0
0
0
0
0
0
0
0
0
0
0
0
0
0
0
0
0
0
0
0
0
0
0
0
0
0
0
0
0
0
0
0
0
0
0
0
0
0
0
0
0
0
0
0
0
0
0
0
0
0
0
0
0
0
-9.89073e-06
-6.08322e-05
-0.000159633
-0.000310057
-0.000514438
-0.000773674
-0.00108724
-0.00145317
-0.00186814
-0.00232743
-0.00282509
-0.00335402
-0.00390611
-0.00447233
-0.00504286
-0.00560719
-0.00615445
-0.00667362
-0.00715383
-0.00758445
-0.00795504
-0.00825535
-0.00847546
-0.00860616
-0.00863958
-0.00856964
-0.00839213
-0.00810437
-0.00770456
-0.00719146
-0.00656454
-0.00582479
-0.00497569
-0.00402398
-0.00297958
-0.00185486
-0.000663547
0.000580161
0.0018619
0.00316686
0.00447916
0.00578147
0.00705487
0.00827921
0.00943368
0.0104976
0.011451
0.0122755
0.0129541
0.0134715
0.0138128
0.0139631
0.0139067
0.0136275
0.0131113
0.0123469
0.0113289
0.0100574
0.00853656
0.00677272
0.00477175
0.00253852
7.81976e-05
-0.00260121
-0.00548622
-0.00855671
-0.0117866
-0.0151464
-0.0186061
-0.0221369
-0.0257126
-0.0293078
-0.0328963
-0.0364492
-0.0399332
-0.0433116
-0.0465449
-0.0495937
-0.0524211
-0.0549937
-0.0572827
-0.0592624
-0.060909
-0.0621983
-0.0631058
-0.0636069
-0.0636792
-0.0633044
-0.06247
-0.0611705
-0.0594184
-0.057241
-0.0546433
-0.0516303
-0.0482073
-0.0443802
-0.0401568
-0.0355486
-0.030572
-0.0252492
-0.0196072
-0.0136758
-0.00748498
-0.00106367
0.00556025
0.0123579
0.0192971
0.0263399
0.0334432
0.0405604
0.0476445
0.0546505
0.061536
0.0682605
0.0747829
0.0810604
0.0870489
0.092704
0.0979837
0.102849
0.107263
0.111193
0.114603
0.117462
0.119737
0.1214
0.122425
0.122793
0.122488
0.121497
0.119811
0.117422
0.11433
0.110537
0.106049
0.10088
0.0950406
0.0885484
0.0814222
0.0736867
0.0653735
0.056521
0.0471741
0.0373807
0.0271894
0.0166479
0.005803
-0.00529757
-0.0166024
-0.0280543
-0.0395902
-0.0511428
-0.0626432
-0.0740243
-0.0852219
-0.0961755
-0.106826
-0.117115
-0.126983
-0.136368
-0.14521
-0.153451
-0.161036
-0.167914
-0.174037
-0.179362
-0.183847
-0.187458
-0.190163
-0.191938
-0.192764
-0.192628
-0.19152
-0.189435
-0.18637
-0.182332
-0.177333
-0.171391
-0.164531
-0.156783
-0.148179
-0.138754
-0.128552
-0.117622
-0.10602
-0.0938096
-0.0810581
-0.0678345
-0.0542069
-0.0402436
-0.0260134
-0.0115881
0.00295604
0.0175386
0.032076
0.046484
0.0606802
0.074586
0.0881273
0.101234
0.113839
0.125874
0.137275
0.147975
0.157913
0.167031
0.175281
0.182621
0.189017
0.194439
0.198862
0.202262
0.204619
0.205918
0.206151
0.20532
0.203432
0.200504
0.196556
0.191615
0.185712
0.178883
0.171169
0.162615
0.153269
0.143185
0.132423
0.121048
0.109131
0.0967455
0.0839692
0.0708786
0.0575492
0.0440559
0.0304742
0.0168816
0.0033589
-0.0100114
-0.0231466
-0.035967
-0.048398
-0.0603714
-0.0718244
-0.0826974
-0.0929324
-0.102471
-0.111256
-0.11923
-0.126345
-0.132558
-0.137838
-0.142162
-0.145514
-0.147879
-0.149243
-0.149593
-0.148917
-0.147213
-0.144487
-0.140761
-0.136062
-0.130425
-0.123884
-0.116474
-0.108229
-0.0991849
-0.0893851
-0.0788812
-0.0677336
-0.0560092
-0.0437788
-0.031113
-0.0180812
-0.00475078
0.00881058
0.0225332
0.0363432
0.0501616
0.0639056
0.0774916
0.0908383
0.10387
0.116517
0.128715
0.140402
0.151512
0.161981
0.17174
0.180725
0.188877
0.196148
0.202496
0.207888
0.212293
0.215683
0.218032
0.219316
0.219519
0.21863
0.216645
0.213569
0.209412
0.204193
0.197934
0.19066
0.182404
0.173199
0.163084
0.152104
0.140311
0.127764
0.114528
0.100672
0.0862673
0.0713829
0.0560884
0.0404553
0.0245587
0.00847941
-0.00769701
-0.0238822
-0.0399878
-0.0559277
-0.0716184
-0.0869794
-0.101932
-0.116398
-0.130301
-0.143566
-0.156119
-0.167891
-0.178811
-0.188816
-0.197847
-0.205851
-0.212784
-0.218607
-0.223285
-0.226791
-0.229096
-0.230178
-0.23002
-0.228613
-0.225955
-0.222051
-0.216915
-0.210569
-0.203039
-0.194359
-0.184568
-0.173712
-0.16184
-0.149002
-0.135253
-0.120654
-0.105269
-0.0891713
-0.0724399
-0.0551602
-0.0374211
-0.0193127
-0.00092516
0.0176523
0.0363317
0.055026
0.073649
0.0921147
0.110336
0.128226
0.145692
0.162646
0.178997
0.194657
0.209545
0.223585
0.236707
0.248849
0.259953
0.26997
0.278854
0.286571
0.293091
0.298392
0.302461
0.305289
0.306873
0.307218
0.306333
0.304233
0.30094
0.296478
0.29088
0.284183
0.276432
0.267675
0.257969
0.247371
0.235942
0.223748
0.210854
0.197332
0.183253
0.168696
0.153738
0.138457
0.122932
0.107242
0.0914658
0.075682
0.0599673
0.0443961
0.0290403
0.0139692
-0.000749501
-0.0150501
-0.0288689
-0.0421455
-0.0548238
-0.0668534
-0.0781888
-0.0887887
-0.0986158
-0.107636
-0.115819
-0.12314
-0.129579
-0.135122
-0.13976
-0.143489
-0.14631
-0.148228
-0.149253
-0.1494
-0.148691
-0.147146
-0.144792
-0.141657
-0.137773
-0.133178
-0.127912
-0.122021
-0.115549
-0.108544
-0.101049
-0.0931133
-0.0847842
-0.0761139
-0.0671564
-0.0579662
-0.0485971
-0.0391012
-0.0295287
-0.0199289
-0.0103506
-0.000842049
0.00855008
0.0177812
0.0268095
0.0355957
0.0441027
0.0522956
0.0601419
0.0676126
0.0746825
0.0813297
0.0875353
0.0932819
0.0985539
0.103338
0.107624
0.111407
0.114686
0.117462
0.119741
0.121527
0.122829
0.123656
0.124018
0.123933
0.123416
0.122488
0.121169
0.119478
0.11744
0.115076
0.112413
0.109476
0.106291
0.102884
0.0992813
0.0955079
0.0915911
0.0875585
0.0834374
0.079254
0.0750324
0.0707954
0.0665645
0.0623614
0.058208
0.0541256
0.0501341
0.0462512
0.0424922
0.0388704
0.0353982
0.032087
0.0289476
0.0259892
0.0232192
0.0206429
0.0182639
0.0160846
0.0141069
0.012332
0.01076
0.00938988
0.00821855
0.00724154
0.00645325
0.0058474
0.00541741
0.00515631
0.0050566
0.00511011
0.00530798
0.00564081
0.00609892
0.00667254
0.00735189
0.00812714
0.00898833
0.00992529
0.0109277
0.0119851
0.0130873
0.0142246
0.0153878
0.0165685
0.0177585
0.0189502
0.0201355
0.0213068
0.0224567
0.0235782
0.0246654
0.0257134
0.026718
0.0276753
0.028582
0.0294347
0.0302306
0.0309678
0.031645
0.0322617
0.032818
0.033314
0.03375
0.0341268
0.0344456
0.0347084
0.0349179
0.035077
0.0351884
0.0352547
0.0352783
0.0352613
0.0352062
0.035116
0.0349942
0.0348445
0.0346708
0.0344768
0.0342659
0.0340409
0.0338041
0.0335578
0.0333041
0.0330451
0.0327829
0.0325198
0.0322572
0.0319964
0.0317377
0.0314812
0.0312268
0.0309746
0.0307247
0.0304776
0.0302335
0.0299922
0.0297527
0.0295135
0.0292724
0.0290268
0.0287743
0.0285127
0.0282408
0.0279577
0.0276631
0.0273567
0.0270375
0.0267033
0.0263517
0.0259798
0.0255855
0.0251674
0.0247255
0.02426
0.0237711
0.023259
0.0227233
0.0221634
0.0215791
0.0209701
0.0203364
0.019678
0.0189954
0.0182899
0.0175638
0.0168205
0.0160635
0.0152959
0.0145197
0.0137357
0.0129448
0.0121491
0.0113522
0.0105592
0.00977573
0.00900652
0.00825487
0.00752294
0.00681267
0.00612678
0.00546911
0.00484433
0.00425712
0.00371162
0.00321132
0.00275949
0.0023596
0.00201538
0.0017304
0.00150766
0.00134938
0.00125697
0.00123255
0.00127892
0.001399
0.00159483
0.00186664
0.00221251
0.00262904
0.00311247
0.00365968
0.00426832
0.00493605
0.00565935
0.00643284
0.00724938
0.00810095
0.00897955
0.00987763
0.0107878
0.0117024
0.0126129
0.0135106
0.0143869
0.0152343
0.0160458
0.0168147
0.0175337
0.0181948
0.0187898
0.0193116
0.0197547
0.0201161
0.0203941
0.0205874
0.0206947
0.0207145
0.0206458
0.020489
0.0202463
0.0199209
0.0195167
0.0190381
0.0184891
0.0178744
0.0171994
0.0164708
0.0156957
0.0148817
0.0140361
0.013166
0.0122785
0.0113808
0.0104806
0.00958532
0.00870222
0.00783766
0.00699726
0.00618603
0.00540869
0.00466971
0.00397326
0.00332294
0.00272153
0.00217091
0.00167214
0.00122558
0.000831048
0.000487878
0.000194892
-4.96023e-05
-0.000247819
-0.000402451
-0.000516622
-0.000593821
-0.000637849
-0.000652738
-0.000642664
-0.000611851
-0.000564501
-0.000504738
-0.000436586
-0.000363939
-0.000290511
-0.000219776
-0.000154895
-9.86564e-05
-5.34368e-05
-2.11735e-05
-3.34721e-06
0
0
0
0
0
0
0
0
0
0
0
0
0
0
0
0
0
0
0
0
0
0
0
0
0
0
0
0
0
0
0
0
0
0
0
0
0
0
0
0
0
0
0
0
0
0
0
0
0
0
0
0
0
0
0
0
0
0
0
0
0
0
0
0
0
0
0
0
0
0
0
0
0
0
0
0
0
0
0
0
0
0
0
0
0
0
0
0
0
0
0
0
0
0
0
0
0
0
0
0
0
0
0
3.11155e-06
1.91918e-05
4.73422e-05
8.5673e-05
0.000132277
0.000185262
0.000242772
0.000303018
0.000364331
0.000425236
0.000484505
0.000541181
0.000594566
0.000644202
0.000689863
0.000731604
0.000769755
0.000804935
0.000838042
0.000870254
0.000903151
0.000938749
0.000979526
0.00102831
0.001088
0.00116142
0.00125114
0.00135973
0.00149001
0.00164534
0.00182963
0.00204696
0.0023011
0.00259513
0.00293144
0.00331207
0.00373907
0.00421468
0.00474125
0.00532095
0.00595545
0.00664601
0.00739358
0.00819882
0.00906201
0.00998228
0.0109578
0.0119857
0.0130632
0.0141879
0.0153582
0.0165723
0.017828
0.0191209
0.0204449
0.0217918
0.023154
0.0245252
0.0259006
0.0272765
0.0286475
0.0300076
0.0313492
0.0326643
0.0339459
0.0351867
0.0363801
0.0375196
0.0385982
0.0396095
0.0405469
0.041406
0.0421828
0.0428738
0.0434744
0.0439787
0.0443808
0.0446772
0.0448669
0.0449522
0.0449365
0.0448225
0.0446111
0.0443012
0.0438913
0.0433817
0.0427751
0.0420765
0.0412922
0.0404279
0.0394983
0.0385255
0.037515
0.0364719
0.0353993
0.0343044
0.0331919
0.0320668
0.0309349
0.0297999
0.0286727
0.0275612
0.0264725
0.0254118
0.0243791
0.0233808
0.0224197
0.0214993
0.0206244
0.0197964
0.0190254
0.0183168
0.0176748
0.0171018
0.0165942
0.0161558
0.0157859
0.0154846
0.0152534
0.0150918
0.0150059
0.0149977
0.0150672
0.0152125
0.0154291
0.0157146
0.016066
0.0164815
0.0169596
0.0175009
0.0181008
0.0187559
0.0194621
0.020215
0.0210162
0.0218546
0.0227256
0.0236245
0.0245478
0.0255033
0.0264772
0.0274661
0.0284647
0.0294664
0.030479
0.0314808
0.0324677
0.0334386
0.034394
0.0353529
0.0362954
0.037218
0.038116
0.0389851
0.0398426
0.0406676
0.0414608
0.0422224
0.0429525
0.043669
0.044354
0.0450094
0.0456385
0.046245
0.0468442
0.0474253
0.047989
0.048537
0.0490727
0.0496048
0.0501366
0.0506742
0.051222
0.0517823
0.0523464
0.0529256
0.0535226
0.0541415
0.0547873
0.0554389
0.0561252
0.0568476
0.0576066
0.0584018
0.0591909
0.0600154
0.0608751
0.0617702
0.0627005
0.063609
0.064549
0.065516
0.066504
0.0675056
0.0684485
0.0693916
0.0703293
0.071256
0.0721643
0.0729782
0.0737528
0.0744752
0.0751316
0.0757086
0.0761353
0.076458
0.0766646
0.076742
0.0766769
0.0764169
0.0759878
0.0753769
0.0745721
0.0735613
0.0723247
0.0708599
0.0691573
0.0672091
0.0650086
0.0625812
0.0598907
0.0569323
0.0537025
0.0501995
0.0464987
0.0425285
0.0382942
0.0338034
0.0290649
0.0242063
0.0191214
0.0138232
0.00832711
0.00265115
-0.00303199
-0.00885048
-0.014778
-0.0207861
-0.0268449
-0.0327534
-0.0386524
-0.0445113
-0.0502978
-0.055977
-0.0613422
-0.0665226
-0.0714769
-0.076164
-0.0805435
-0.0844344
-0.0879415
-0.0910279
-0.0936568
-0.0957909
-0.0973031
-0.0982478
-0.0985909
-0.0983013
-0.097351
-0.0957002
-0.0933453
-0.09027
-0.0864604
-0.0819044
-0.0766647
-0.0706622
-0.0638955
-0.056369
-0.0480942
-0.0392528
-0.029701
-0.0194631
-0.0085662
0.00295905
0.0148291
0.0272511
0.0401787
0.0535607
0.0673421
0.0811562
0.0952513
0.109563
0.124023
0.138559
0.152759
0.166882
0.180851
0.19459
0.208019
0.220738
0.232986
0.244682
0.255747
0.266104
0.27542
0.283885
0.291431
0.297993
0.303506
0.307756
0.310846
0.312729
0.313363
0.312712
0.310724
0.307398
0.302717
0.29667
0.289254
0.280598
0.270587
0.259237
0.246577
0.232642
0.21775
0.201679
0.184486
0.166234
0.14699
0.127222
0.106613
0.0852518
0.0632317
0.040653
0.0180926
-0.00481709
-0.0279689
-0.0512534
-0.0745584
-0.0972739
-0.119782
-0.141966
-0.163713
-0.184907
-0.204978
-0.224273
-0.242684
-0.260111
-0.276455
-0.291269
-0.304821
-0.317027
-0.327808
-0.33709
-0.344603
-0.350492
-0.354714
-0.357232
-0.358017
-0.357029
-0.354276
-0.349752
-0.343458
-0.335406
-0.325787
-0.314462
-0.301473
-0.286872
-0.270719
-0.253431
-0.234735
-0.214713
-0.193452
-0.171048
-0.148085
-0.124188
-0.0994733
-0.0740636
-0.0480863
-0.0222319
0.00392654
0.0302546
0.0566161
0.0828741
0.108326
0.133407
0.157991
0.181953
0.205175
0.227039
0.247941
0.267776
0.286447
0.30386
0.319549
0.333807
0.346557
0.357729
0.367265
0.374918
0.38086
0.385072
0.38754
0.388259
0.387223
0.384438
0.379915
0.373679
0.365765
0.356415
0.345489
0.333049
0.319165
0.303913
0.28774
0.27037
0.251892
0.2324
0.21199
0.191249
0.169794
0.147738
0.125203
0.102312
0.0797347
0.0570406
0.0343394
0.0117363
-0.010664
-0.0322217
-0.053361
-0.0739718
-0.0939459
-0.113181
-0.131128
-0.148157
-0.16419
-0.17916
-0.193003
-0.205343
-0.216443
-0.226253
-0.234723
-0.241815
-0.247353
-0.25146
-0.25413
-0.255366
-0.255183
-0.253644
-0.25072
-0.246429
-0.240796
-0.233853
-0.225868
-0.216671
-0.206325
-0.1949
-0.182467
-0.169472
-0.155612
-0.140962
-0.125595
-0.109595
-0.0935144
-0.0769848
-0.0601064
-0.0429807
-0.0257063
-0.00886945
0.00794179
0.0246493
0.041174
0.0574315
0.072873
0.0878623
0.102308
0.116125
0.129243
0.141243
0.152435
0.162772
0.172202
0.180672
0.187913
0.194093
0.199177
0.203142
0.205979
0.207642
0.208176
0.207581
0.205859
0.203011
0.199178
0.194244
0.188237
0.181198
0.173175
0.164512
0.154971
0.144603
0.133459
0.12159
0.109459
0.0967298
0.08348
0.069793
0.055754
0.0419064
0.0278632
0.013696
-0.000522562
-0.0147155
-0.0283441
-0.041779
-0.0549349
-0.0677302
-0.0800886
-0.091553
-0.102446
-0.112704
-0.122267
-0.131075
-0.138806
-0.145677
-0.151643
-0.156665
-0.160711
-0.163645
-0.165556
-0.166429
-0.16626
-0.165047
-0.162859
-0.159645
-0.155421
-0.150207
-0.144029
-0.13714
-0.129357
-0.120726
-0.111298
-0.101127
-0.090618
-0.0794822
-0.0677794
-0.0555711
-0.0429226
-0.0303256
-0.0174323
-0.00432075
0.00892977
0.0222415
0.0351026
0.0478825
0.060514
0.0729283
0.0850533
0.0964213
0.107355
0.117788
0.127663
0.136933
0.145258
0.152897
0.15981
0.165957
0.171301
0.175648
0.179137
0.181756
0.1835
0.184369
0.184356
0.183477
0.181744
0.179172
0.175783
0.17174
0.166939
0.161413
0.155197
0.148328
0.141105
0.133319
0.125024
0.116276
0.107133
0.0979844
0.088551
0.0788849
0.0690401
0.0590733
0.0494042
0.0397314
0.0301118
0.0205985
0.0112398
0.00241545
-0.00616768
-0.0144663
-0.0224351
-0.0300289
-0.0369412
-0.0434024
-0.0493867
-0.0548757
-0.0598542
-0.064146
-0.0678948
-0.0710826
-0.0736938
-0.07572
-0.0771193
-0.0779435
-0.0782068
-0.0779248
-0.0771118
-0.075854
-0.0740935
-0.0718499
-0.0691486
-0.0660195
-0.0626619
-0.0589386
-0.054879
-0.050513
-0.0458737
-0.0412272
-0.0363837
-0.0313824
-0.0262602
-0.0210505
-0.0160352
-0.0109946
-0.00596223
-0.000973686
0.00393537
0.00850137
0.0129289
0.017195
0.0212774
0.0251515
0.0286125
0.0318107
0.0347232
0.0373351
0.0396404
0.0415393
0.0431325
0.0444185
0.0453914
0.0460441
0.0463603
0.0463543
0.046018
0.045359
0.0443961
0.0432174
0.0417654
0.0400525
0.0380932
0.0359067
0.0336518
0.0312227
0.0286509
0.0259678
0.0232037
0.0205519
0.0178695
0.0151801
0.0125058
0.00986777
0.00744945
0.00510343
0.00284942
0.00070674
-0.00130709
-0.00304612
-0.00463714
-0.00607567
-0.0073604
-0.00849077
-0.009383
-0.0101182
-0.0106914
-0.0110993
-0.0113426
-0.0114013
-0.0113147
-0.011097
-0.0107627
-0.0103236
-0.00980984
-0.00920464
-0.00851451
-0.00774883
-0.00692107
-0.00610212
-0.00525205
-0.0043872
-0.00352067
-0.00266187
-0.00188495
-0.00112264
-0.000381281
0.000331417
0.00100675
0.00157239
0.00209112
0.00255794
0.00297012
0.00332674
0.00357904
0.00378155
0.00393409
0.00403637
0.00408844
0.00406149
0.00399145
0.00388167
0.00373683
0.00356234
0.00335077
0.00312225
0.00288102
0.00263092
0.00237576
0.00211719
0.00186214
0.00161462
0.00137834
0.00115642
0.00095296
0.000767588
0.000601762
0.000456545
0.000332566
0.000231137
0.000149824
8.78312e-05
4.3858e-05
1.61493e-05
2.55198e-06
0
0
0
0
0
0
0
0
0
0
0
0
0
0
0
0
0
0
0
0
0
0
0
0
0
0
0
0
0
0
0
0
0
0
0
0
0
0
0
0
0
0
0
0
0
0
0
0
0
0
0
0
0
0
0
0
0
0
0
0
0
0
0
0
0
0
0
0
0
0
0
0
0
0
0
0
0
0
0
0
0
0
0
0
0
0
0
0
0
0
0
0
0
0
0
0
0
0
0
0
0
0
0
0
0
0
0
0
0
0
0
0
0
