0
0
0
0
0
0
0
0
0
0
0
0
0
0
0
0
0
0
0
0
0
0
0
0
0
0
0
0
0
0
0
0
0
0
0
0
0
0
0
0
0
0
-0
-0
-0
-0
-0
-0
-0
-0
-0
-0
-0
-0
-0
-0
-0
-0
-0
-0
-0
-0
-0
-0
-0
-0
-0
-0
-0
-0
-0
-0
-0
-0
-0
-0
-0
-0
-0
-0
-0
-0
-0
-0
-0
-0
0
0
0
0
0
0
0
0
0
0
0
0
0
0
0
0
0
0
0
0
0
0
0
0
0
0
0
0
0
0
0
0
0
0
0
0
0
0
0
0
0
0
0
0
-0
-0
-0
-0
-0
-0
-0
-0
-0
-0
-0
-0
-0
-0
-0
-0
-0
-0
-0
-0
-0
-0
-0
-0
-0
-0
-0
-0
-0
-0
-0
-0
-0
-0
-0
-0
-0
-0
-0
-0
-0
-0
-0
-0
-0
0
0
0
0
0
0
0
0
0
0
0
0
0
0
0
0
0
0
0
0
0
0
0
0
0
0
0
0
0
0
0
0
0
0
0
0
0
0
0
0
0
0
0
0
0
-0
-0
-0
-0
-0
-0
-0
-0
-0
-0
-0
-0
-0
-0
-0
-0
-0
-0
-0
-0
-0
-0
-0
-0
-0
-0
-0
-0
-0
-0
-0
-0
-0
-0
-0
-0
-0
-0
-0
-0
-0
-0
-0
-0
-0
-0
-0
0
0
0
0
0
0
0
0
0
0
0
0
0
0
0
0
0
0
0
0
0
0
0
0
0
0
0
0
0
0
0
0
0
0
0
0
0
0
0
0
0
0
0
0
0
-0
-0
-0
-0
-0
-0
-0
-0
-0
-0
-0
-0
-0
-0
-0
-0
-0
-0
-0
-0
-0
-0
-0
-0
-0
-0
-0
-0
-0
-0
-0
-0
-0
-0
-0
-0
-0
-0
-0
-0
-0
-0
-0
-0
-0
-0
-0
0
0
0
0
0
0
0
0
0
0
0
0
0
0
0
0
0
0
0
0
0
0
0
0
0
2.66082e-06
1.26458e-05
2.92843e-05
5.15803e-05
7.83542e-05
0.000108266
0.000139842
0.000171499
0.000201579
0.000228379
0.000250183
0.000265288
0.000272032
0.000268814
0.000254127
0.00022659
0.000184983
0.00012827
5.5627e-05
-3.35578e-05
-0.000139676
-0.0002629
-0.000403172
-0.000560189
-0.000733387
-0.000921922
-0.00112467
-0.00134026
-0.0015671
-0.00180338
-0.0020472
-0.00229646
-0.00254893
-0.00280221
-0.00305373
-0.00330081
-0.00354068
-0.00377062
-0.00398796
-0.00419014
-0.00437466
-0.00453907
-0.004681
-0.00479816
-0.00488848
-0.00495012
-0.00498157
-0.00498159
-0.00494921
-0.00488371
-0.00478458
-0.00465156
-0.00448473
-0.00428449
-0.0040516
-0.00378717
-0.0034926
-0.00316958
-0.00282002
-0.00244611
-0.00205026
-0.0016351
-0.00120349
-0.000758487
-0.000303345
0.00015851
0.000623552
0.00108823
0.00154906
0.00200264
0.00244566
0.00287487
0.00328701
0.00367882
0.00404709
0.00438876
0.00470104
0.00498144
0.00522785
0.00543845
0.00561171
0.00574638
0.00584146
0.00589628
0.00591044
0.00588385
0.00581671
0.00570955
0.00556326
0.00537909
0.00516006
0.00490969
0.0046297
0.00432185
0.00398791
0.00362967
0.00324902
0.00284801
0.00242891
0.00199416
0.00154628
0.00108783
0.000621333
0.000149336
-0.000325549
-0.000800602
-0.00127302
-0.00174
-0.00219886
-0.0026471
-0.00308238
-0.00350251
-0.00390526
-0.0042884
-0.00464968
-0.00498689
-0.00529799
-0.00558111
-0.0058346
-0.00605694
-0.00624674
-0.00640271
-0.00652379
-0.00660911
-0.00665808
-0.00667031
-0.00664557
-0.00658369
-0.00648465
-0.00634858
-0.0061759
-0.00596731
-0.00572383
-0.00544669
-0.00513724
-0.00479689
-0.00442719
-0.00402984
-0.00360676
-0.00316004
-0.00269194
-0.00220475
-0.00170081
-0.00118251
-0.000652374
-0.000113124
0.000432326
0.000980941
0.00152965
0.00207542
0.00261523
0.00314608
0.00366493
0.00416878
0.00465467
0.00511983
0.00556165
0.00597766
0.00636545
0.00672262
0.00704678
0.00733568
0.00758726
0.00779973
0.00797145
0.00810094
0.00818676
0.00822761
0.0082225
0.00817086
0.00807267
0.0079283
0.00773833
0.00750333
0.00722376
0.00690008
0.00653296
0.00612355
0.00567354
0.00518509
0.00466068
0.0041029
0.00351439
0.00289787
0.00225621
0.00159255
0.00091025
0.000212825
-0.000496139
-0.00121302
-0.00193413
-0.00265565
-0.00337359
-0.00408387
-0.00478236
-0.00546499
-0.00612777
-0.00676673
-0.00737789
-0.00795726
-0.00850095
-0.0090053
-0.00946704
-0.00988328
-0.0102514
-0.0105691
-0.0108339
-0.0110437
-0.0111963
-0.01129
-0.0113236
-0.0112963
-0.0112075
-0.0110569
-0.0108444
-0.01057
-0.0102342
-0.00983798
-0.00938309
-0.00887165
-0.00830616
-0.00768927
-0.00702368
-0.00631227
-0.0055583
-0.00476553
-0.00393833
-0.00308147
-0.00219993
-0.00129867
-0.000382528
0.000543678
0.00147499
0.00240613
0.00333149
0.00424523
0.00514144
0.00601434
0.00685836
0.00766807
0.00843814
0.00916328
0.00983835
0.0104584
0.0110191
0.0115161
0.0119459
0.012305
0.0125901
0.0127982
0.0129265
0.0129726
0.0129347
0.0128116
0.0126028
0.0123082
0.0119281
0.0114635
0.0109155
0.0102859
0.00957697
0.0087916
0.00793313
0.00700546
0.00601304
0.00496077
0.00385401
0.00269849
0.0015002
0.000265438
-0.000999233
-0.00228695
-0.00359052
-0.00490251
-0.00621523
-0.00752091
-0.00881168
-0.0100796
-0.0113169
-0.0125156
-0.0136679
-0.0147662
-0.0158032
-0.0167717
-0.0176651
-0.0184766
-0.0192001
-0.0198294
-0.0203591
-0.0207841
-0.0211002
-0.0213036
-0.0213912
-0.0213605
-0.0212097
-0.0209376
-0.0205436
-0.0200282
-0.0193921
-0.018637
-0.0177649
-0.0167787
-0.0156819
-0.0144791
-0.0131754
-0.0117769
-0.0102903
-0.00872265
-0.00708152
-0.00537493
-0.00361132
-0.00179963
5.08059e-05
0.00193027
0.00382874
0.00573589
0.00764115
0.00953373
0.0114028
0.0132375
0.0150273
0.0167618
0.0184309
0.020025
0.0215343
0.0229495
0.0242618
0.0254627
0.0265441
0.0274987
0.0283198
0.0290014
0.0295381
0.0299254
0.0301597
0.0302383
0.0301595
0.0299221
0.029526
0.0289717
0.0282606
0.0273951
0.0263783
0.0252141
0.0239075
0.022464
0.02089
0.0191931
0.0173815
0.0154641
0.0134507
0.0113513
0.00917647
0.00693686
0.00464359
0.00230811
-5.78221e-05
-0.0024422
-0.00483286
-0.0072176
-0.00958411
-0.01192
-0.014213
-0.0164507
-0.018621
-0.0207121
-0.0227127
-0.0246121
-0.0264001
-0.0280672
-0.0296046
-0.0310041
-0.0322587
-0.0333623
-0.0343094
-0.0350959
-0.0357181
-0.0361735
-0.0364603
-0.0365777
-0.0365259
-0.0363061
-0.0359201
-0.0353708
-0.0346618
-0.0337976
-0.0327834
-0.0316253
-0.03033
-0.0289048
-0.0273577
-0.0256972
-0.0239324
-0.0220731
-0.0201294
-0.0181118
-0.0160308
-0.0138975
-0.0117227
-0.00951779
-0.00729391
-0.00506236
-0.00283433
-0.000620785
0.00156753
0.00372013
0.00582677
0.0078775
0.00986275
0.0117735
0.0136011
0.0153379
0.0169765
0.01851
0.0199323
0.0212376
0.022421
0.0234785
0.0244066
0.025203
0.0258657
0.0263935
0.0267858
0.0270428
0.0271652
0.0271548
0.0270137
0.026764
0.0264355
0.0260295
0.0255464
0.0249857
0.0243466
0.0236276
0.0228269
0.0219425
0.0209721
0.0199138
0.0187655
0.0175255
0.0161925
0.0147653
0.0132432
0.0116264
0.00991567
0.00811272
0.00622034
0.00424224
0.00218304
4.82974e-05
-0.00215549
-0.00442077
-0.00673893
-0.00910035
-0.0114945
-0.01391
-0.0163349
-0.0187564
-0.0211612
-0.0235355
-0.0258649
-0.028135
-0.0303313
-0.0324393
-0.0344449
-0.0363339
-0.0380926
-0.0397079
-0.0411673
-0.0424592
-0.0435731
-0.0444994
-0.0452299
-0.0457572
-0.0460755
-0.0461801
-0.0460677
-0.0457364
-0.0451859
-0.044417
-0.0434323
-0.0422358
-0.040833
-0.0392308
-0.0374377
-0.0354632
-0.0333179
-0.0310136
-0.0285633
-0.0259808
-0.0232813
-0.0204803
-0.0175939
-0.0146387
-0.0116315
-0.00858975
-0.00553076
-0.00247214
0.000568656
0.00357442
0.00652827
0.0094137
0.0122147
0.0149157
0.0175021
0.0199601
0.0222772
0.0244416
0.0264426
0.0282701
0.0299154
0.0313706
0.0326293
0.0336867
0.0345391
0.0351813
0.035609
0.0358301
0.0358539
0.0356824
0.0353188
0.034773
0.0340437
0.033136
0.0320561
0.0308108
0.029423
0.0278857
0.0262077
0.024398
0.0224655
0.020444
0.0183191
0.0161016
0.0138028
0.0114343
0.00903895
0.00659687
0.00411954
0.00161863
-0.000893844
-0.00337103
-0.00583578
-0.00827633
-0.0106813
-0.0130395
-0.0153061
-0.017504
-0.0196224
-0.0216505
-0.0235781
-0.0253676
-0.0270388
-0.0285835
-0.0299939
-0.0312626
-0.0323649
-0.033313
-0.0341017
-0.0347269
-0.0351846
-0.035468
-0.0355783
-0.0355141
-0.0352747
-0.0348606
-0.0342853
-0.0335383
-0.0326222
-0.0315397
-0.0302944
-0.0289184
-0.0273889
-0.0257122
-0.0238953
-0.0219458
-0.0199133
-0.0177643
-0.0155078
-0.0131533
-0.0107111
-0.0082427
-0.00570772
-0.00311754
-0.000483983
0.00218077
0.00480966
0.00744545
0.0100758
0.0126884
0.0152707
0.0177588
0.0201922
0.0225587
0.0248463
0.027043
0.0290958
0.0310347
0.0328486
0.0345266
0.036058
0.0374078
0.0385923
0.0396028
0.0404314
0.0410653
0.0414896
0.041702
0.041697
0.0414707
0.0410199
0.0403623
0.0394777
0.0383666
0.0370306
0.035473
0.0337404
0.0317962
0.0296469
0.0273005
0.024766
0.0221148
0.0192972
0.0163257
0.0132138
0.00997618
0.00670133
0.00333154
-0.000116606
-0.00362556
-0.00717703
-0.0106756
-0.0141792
-0.0176694
-0.0211274
-0.0245344
-0.0278015
-0.0309799
-0.0340513
-0.0369975
-0.0398011
-0.0423916
-0.0448068
-0.0470313
-0.0490506
-0.0508512
-0.0523909
-0.053689
-0.0547362
-0.0555241
-0.0560461
-0.0562951
-0.0562684
-0.0559639
-0.0553808
-0.0545201
-0.0534124
-0.0520331
-0.0503872
-0.0484813
-0.0463236
-0.0439785
-0.0414026
-0.0386083
-0.035609
-0.032419
-0.0291281
-0.025679
-0.0220893
-0.0183777
-0.0145637
-0.010751
-0.00687561
-0.00295819
0.000980097
0.00491766
0.00875
0.012539
0.0162641
0.0199054
0.0234437
0.0267892
0.0299951
0.0330441
0.0359203
0.0386085
0.0410446
0.0432658
0.0452601
0.047017
0.0485267
0.0497584
0.0507286
0.0514325
0.0518671
0.0520309
0.0519301
0.0515602
0.0509245
0.0500277
0.048876
0.0475109
0.0459068
0.0440734
0.0420217
0.0397644
0.0373709
0.0347997
0.0320662
0.0291866
0.0261776
0.0231268
0.0199823
0.0167628
0.0134869
0.0101734
0.00691453
0.00365518
0.000413641
-0.00279186
-0.00594332
-0.00895605
-0.0118806
-0.0147008
-0.0174016
-0.0199683
-0.0223348
-0.0245409
-0.0265753
-0.0284278
-0.0300897
-0.0315219
-0.0327492
-0.0337661
-0.0345684
-0.035153
-0.0355112
-0.0356503
-0.0355717
-0.035278
-0.0347734
-0.034079
-0.0331852
-0.0320995
-0.0308301
-0.029386
-0.0278124
-0.0260846
-0.0242143
-0.022214
-0.0200972
-0.0179262
-0.0156664
-0.013332
-0.0109375
-0.00849732
-0.0060803
-0.00364743
-0.00121332
0.00120766
0.0036015
0.00590326
0.00815093
0.0103316
0.0124327
0.0144426
0.0163088
0.0180632
0.0196972
0.0212025
0.0225716
0.0237707
0.0248213
0.025719
0.0264603
0.0270429
0.0274549
0.0277055
0.0277944
0.0277228
0.0274929
0.0271155
0.0265875
0.0259141
0.0251005
0.024153
0.0231005
0.021929
0.020647
0.0192641
0.0177898
0.0162665
0.0146713
0.0130143
0.0113057
0.00955644
0.00781479
0.00605394
0.00428436
0.00251639
0.000760348
-0.00093656
-0.00260099
-0.00422292
-0.0057928
-0.00730171
-0.00871045
-0.0100428
-0.0112921
-0.0124521
-0.013517
-0.01446
-0.0152975
-0.0160253
-0.0166398
-0.0171382
-0.0175094
-0.0177623
-0.0178969
-0.0179136
-0.0178132
-0.0175998
-0.0172721
-0.0168329
-0.0162858
-0.0156357
-0.0149015
-0.0140745
-0.0131599
-0.012163
-0.0110895
-0.00996794
-0.00878344
-0.00754365
-0.00625622
-0.00492849
-0.00359432
-0.00223405
-0.000855152
0.000534394
0.00192633
0.00328517
0.00463081
0.00595634
0.00725516
0.00852073
0.00972208
0.0108772
0.01198
0.0130253
0.0140084
0.0149069
0.0157351
0.0164893
0.0171657
0.0177615
0.0182642
0.0186825
0.0190156
0.0192626
0.0194229
0.0194946
0.0194793
0.019378
0.0191932
0.0189276
0.0185916
0.0181809
0.0176983
0.0171463
0.0165283
0.0158622
0.0151388
0.0143633
0.0135407
0.0126762
0.0117933
0.010878
0.00993544
0.00897096
0.00799014
0.00701923
0.00604296
0.00506655
0.00409512
0.00313376
0.00220735
0.00130103
0.000419532
-0.00043265
-0.00125127
-0.00201592
-0.00273912
-0.00341727
-0.00404714
-0.00462593
-0.00514039
-0.00559958
-0.00600181
-0.00634549
-0.00662916
-0.00684726
-0.00700327
-0.00709684
-0.00712809
-0.00709745
-0.00700825
-0.00685858
-0.00664945
-0.00638229
-0.00605902
-0.00569123
-0.00527238
-0.00480523
-0.00429252
-0.00373702
-0.00315604
-0.00253842
-0.00188778
-0.00120802
-0.000503197
0.00020507
0.000930517
0.00166919
0.00241691
0.00316929
0.00390332
0.00463338
0.00535566
0.00606671
0.00676315
0.00742437
0.00806341
0.00867602
0.00925805
0.00980582
0.0103032
0.0107611
0.0111772
0.0115492
0.0118745
0.0121431
0.0123557
0.0125073
0.0125971
0.0126246
0.0125892
0.0124913
0.0123307
0.0121078
0.0118237
0.0114876
0.0110953
0.0106499
0.0101547
0.00961322
0.0090421
0.00843207
0.00778772
0.00711404
0.00641614
0.00571638
0.00500184
0.00427746
0.00354847
0.00282036
0.00211759
0.00142574
0.000749449
9.28744e-05
-0.000540112
-0.00112794
-0.00168527
-0.00220836
-0.00269374
-0.00313846
-0.00352599
-0.00386958
-0.00416805
-0.00442065
-0.00462694
-0.0047777
-0.00488307
-0.00494379
-0.00496094
-0.00493596
-0.00486687
-0.00476009
-0.00461841
-0.00444495
-0.00424302
-0.00401681
-0.00376863
-0.0035018
-0.00321979
-0.00292631
-0.00262936
-0.00232829
-0.00202683
-0.00172841
-0.00143614
-0.00115847
-0.000891965
-0.000639261
-0.000402813
-0.000184752
7.90452e-06
0.000179993
0.000330625
0.000459248
0.00056561
0.000645774
0.000704841
0.000743466
0.000762635
0.000763652
0.000745808
0.000713808
0.000669619
0.000615364
0.000553284
0.000484807
0.000413553
0.000341849
0.000271987
0.000206181
0.000146365
9.47454e-05
5.30063e-05
2.2597e-05
4.70138e-06
0
0
0
0
0
0
0
0
0
0
0
0
0
0
0
0
0
0
0
0
0
0
0
0
0
0
0
-0
-0
-0
-0
-0
-0
-0
-0
-0
-0
-0
-0
-0
-0
-0
-0
-0
-0
-0
-0
-0
-0
-0
-0
-0
-0
-0
-0
-0
-0
-0
-0
-0
-0
-0
-0
-0
-0
-0
-0
-0
-0
0
0
0
0
0
0
0
0
0
0
0
0
0
0
0
0
0
0
0
0
0
0
0
0
0
0
0
0
0
0
0
0
0
0
0
0
0
0
0
0
0
0
0
0
0
0
0
0
0
0
-0
-0
-0
-0
-0
-0
-0
-0
-0
-0
-0
-0
-0
-0
-0
-0
-0
-0
-0
-0
-0
-0
-0
-0
-0
-0
-0
-0
-0
-0
-0
-0
-0
-0
-0
-0
-0
-0
-0
0
0
0
0
0
0
0
0
0
0
0
0
0
0
0
0
0
0
0
0
0
0
0
0
0
0
0
0
0
0
0
0
0
0
0
0
0
0
0
0
0
0
0
0
0
0
0
0
0
0
0
0
0
0
0
0
0
-0
-0
-0
-0
-0
-0
-0
-0
-0
-0
-0
-0
-0
-0
-0
-0
-0
-0
-0
-0
-0
-0
-0
-0
-0
-0
-0
-0
-0
-0
-0
0
0
0
0
0
0
0
0
0
0
0
0
0
0
0
0
0
0
0
0
0
0
0
0
0
0
0
0
0
0
0
0
0
0
0
0
0
0
0
0
0
0
0
0
0
0
0
0
0
0
0
0
0
0
0
0
0
0
0
0
0
0
0
0
0
0
0
0
0
0
0
0
0
0
0
0
0
0
0
0
0
0
0
0
0
0
0
0
0
0
0
0
0
0
0
0
0
0
0
0
0
0
0
0
0
0
0
0
0
0
0
0
0
0
0
0
0
0
0
0
0
0
0
0
0
0
0
0
0
0
0
0
0
0
0
0
0
0
