0
0
0
0
0
0
0
0
0
0
0
0
0
0
0
0
0
0
0
0
0
0
0
0
0
0
0
0
0
0
0
0
0
0
0
0
0
0
-0
-0
-0
-0
-0
-0
-0
-0
-0
-0
-0
-0
-0
-0
-0
-0
-0
-0
-0
-0
-0
-0
-0
-0
-0
-0
-0
-0
-0
-0
-0
-0
-0
-0
-0
-0
-0
-0
-0
-0
-0
-0
-0
-0
-0
-0
-0
-0
-0
-0
-0
0
0
0
0
0
0
0
0
0
0
0
0
0
0
0
0
0
0
0
0
0
0
0
0
0
0
0
0
0
0
0
0
0
0
0
0
0
0
0
0
0
0
0
0
0
0
0
0
0
-0
-0
-0
-0
-0
-0
-0
-0
-0
-0
-0
-0
-0
-0
-0
-0
-0
-0
-0
-0
-0
-0
-0
-0
-0
-0
-0
-0
-0
-0
-0
-0
-0
-0
-0
-0
-0
-0
-0
-0
-0
-0
-0
-0
-0
-0
-0
-0
-0
-0
-0
0
0
0
0
0
0
0
0
0
0
0
0
0
0
0
0
0
0
0
0
0
0
0
0
0
0
0
0
0
0
0
0
0
0
0
0
0
0
0
0
0
0
0
0
0
0
0
0
0
0
0
0
-0
-0
-0
-0
-0
-0
-0
-0
-0
-0
-0
-0
-0
-0
-0
-0
-0
-0
-0
-0
-0
-0
-0
-0
0
0
0
0
0
0
0
0
0
0
0
0
0
0
0
0
-0
-0
-0
-0
-0
-0
-0
-0
-0
-0
-0
-0
-0
-0
-0
-0
-0
-0
-0
-0
-0
-0
-0
-0
-0
-0
-0
-0
-0
-0
-0
-0
-0
-0
-0
-0
-0
-0
-0
-0
-0
-0
-0
-0
-0
-0
-0
-0
-0
-0
-0
0
0
0
0
0
0
0
0
0
0
0
0
0
0
0
0
0
0
0
0
0
0
0
0
0
0
0
0
0
0
0
0
0
0
0
0
0
0
0
0
0
0
0
-0
-0
-0
-0
-0
-0
-0
-0
-0
-1.77272e-06
-9.34615e-06
-2.38896e-05
-4.62852e-05
-7.71778e-05
-0.000116956
-0.000165733
-0.000223329
-0.000289264
-0.000362761
-0.000442772
-0.000527998
-0.000616907
-0.000707731
-0.00079845
-0.000886805
-0.000970334
-0.00104645
-0.00111249
-0.00116582
-0.00120376
-0.00122365
-0.00122283
-0.00119875
-0.00114902
-0.00107153
-0.000964496
-0.000826384
-0.000655913
-0.000452055
-0.000214131
5.8058e-05
0.000364148
0.000703227
0.00107395
0.00147466
0.00190342
0.00235796
0.00283552
0.00333272
0.00384565
0.00436997
0.00490117
0.0054347
0.00596591
0.00649006
0.00700219
0.00749721
0.00796999
0.00841557
0.00882921
0.00920631
0.00954229
0.00983254
0.0100725
0.010258
0.0103854
0.0104518
0.010455
0.0103936
0.0102664
0.0100727
0.00981209
0.00948454
0.00909072
0.00863198
0.00811037
0.0075287
0.00689045
0.00619968
0.00546081
0.00467842
0.00385712
0.00300157
0.00211659
0.00120739
0.000279756
-0.000660071
-0.00160554
-0.00255005
-0.00348719
-0.00441073
-0.00531463
-0.00619299
-0.00704019
-0.00785097
-0.00862052
-0.00934449
-0.0100187
-0.0106391
-0.0112044
-0.0117153
-0.0121696
-0.0125658
-0.0129035
-0.0131829
-0.0134043
-0.0135674
-0.0136717
-0.0137161
-0.0137003
-0.0136246
-0.0134904
-0.0132999
-0.0130554
-0.0127592
-0.0124126
-0.0120171
-0.0115739
-0.0110849
-0.0105527
-0.00998043
-0.00937149
-0.00872909
-0.00805621
-0.00735558
-0.00662991
-0.0058821
-0.00511528
-0.00433279
-0.003538
-0.00273423
-0.00192464
-0.00111226
-0.000300053
0.000509036
0.00131211
0.00210637
0.0028891
0.00365774
0.00440985
0.00514306
0.00585512
0.00654385
0.00720722
0.00784328
0.00845014
0.00902591
0.00956873
0.0100768
0.0105485
0.0109824
0.0113774
0.0117326
0.0120472
0.0123201
0.0125505
0.0127377
0.012881
0.0129803
0.0130356
0.0130471
0.0130149
0.0129392
0.0128199
0.0126571
0.0124508
0.0122014
0.0119091
0.0115744
0.0111977
0.01078
0.0103224
0.00982664
0.00929445
0.00872746
0.00812692
0.00749383
0.00682923
0.00613459
0.00541196
0.00466392
0.00389319
0.00310233
0.00229361
0.00146922
0.00063164
-0.000216069
-0.00107033
-0.00192736
-0.00278368
-0.0036363
-0.00448271
-0.00532042
-0.00614662
-0.00695787
-0.00775028
-0.0085197
-0.00926207
-0.00997346
-0.01065
-0.0112877
-0.0118826
-0.012431
-0.0129295
-0.0133752
-0.0137656
-0.014098
-0.0143694
-0.0145765
-0.0147157
-0.0147842
-0.0147797
-0.014701
-0.0145471
-0.0143173
-0.0140108
-0.0136266
-0.0131644
-0.0126243
-0.0120073
-0.0113148
-0.010548
-0.00970818
-0.00879638
-0.00781434
-0.00676482
-0.0056519
-0.00448074
-0.00325697
-0.00198611
-0.000673167
0.000677122
0.00205988
0.00346951
0.00489946
0.00634227
0.00779002
0.00923474
0.0106688
0.0120847
0.0134752
0.0148326
0.0161489
0.0174155
0.0186237
0.019765
0.0208313
0.0218149
0.0227086
0.0235051
0.0241976
0.0247789
0.0252426
0.0255827
0.0257939
0.0258718
0.0258128
0.0256134
0.0252707
0.0247821
0.0241458
0.0233609
0.0224277
0.0213473
0.0201219
0.0187543
0.0172478
0.0156066
0.0138356
0.0119411
0.00993018
0.00781128
0.00559343
0.00328638
0.000900549
-0.00155294
-0.00406225
-0.00661488
-0.00919786
-0.0117979
-0.0144013
-0.0169944
-0.0195629
-0.0220921
-0.0245669
-0.0269723
-0.029293
-0.0315144
-0.033622
-0.0356019
-0.0374405
-0.0391247
-0.0406419
-0.0419805
-0.0431293
-0.0440781
-0.0448174
-0.0453386
-0.045634
-0.0456972
-0.0455231
-0.0451079
-0.0444495
-0.0435469
-0.0424006
-0.0410121
-0.0393842
-0.0375211
-0.0354283
-0.0331126
-0.0305824
-0.0278475
-0.0249192
-0.0218103
-0.0185348
-0.015108
-0.011546
-0.00786577
-0.0040849
-0.000221748
0.0037046
0.00767429
0.0116668
0.0156609
0.0196351
0.0235673
0.0274354
0.0312172
0.0348911
0.0384359
0.041831
0.045057
0.0480948
0.050926
0.053533
0.0558986
0.0580069
0.059843
0.0613936
0.0626469
0.0635926
0.0642222
0.064529
0.064508
0.0641561
0.0634719
0.0624559
0.06111
0.0594378
0.0574445
0.0551371
0.0525244
0.0496172
0.0464279
0.0429706
0.0392612
0.0353171
0.0311574
0.0268027
0.0222749
0.0175969
0.012792
0.00788432
0.00289834
-0.00214093
-0.00720798
-0.0122769
-0.0173216
-0.0223158
-0.0272333
-0.0320481
-0.0367342
-0.0412659
-0.0456181
-0.0497664
-0.0536878
-0.0573604
-0.0607638
-0.0638792
-0.0666894
-0.0691791
-0.0713349
-0.0731458
-0.0746029
-0.0756996
-0.0764309
-0.0767943
-0.076789
-0.0764165
-0.0756802
-0.0745856
-0.0731402
-0.0713531
-0.0692351
-0.0667987
-0.064058
-0.0610287
-0.0577283
-0.0541751
-0.050389
-0.0463908
-0.0422022
-0.0378461
-0.0333462
-0.0287269
-0.024013
-0.0192297
-0.0144021
-0.00955537
-0.00471477
9.46181e-05
0.00484807
0.00952142
0.0140912
0.0185349
0.0228308
0.026958
0.0308967
0.0346283
0.0381356
0.0414027
0.0444154
0.047161
0.0496281
0.051807
0.0536894
0.0552686
0.0565399
0.0575003
0.0581483
0.0584842
0.05851
0.058229
0.0576464
0.0567686
0.0556036
0.0541636
0.0524628
0.0505125
0.0483249
0.0459133
0.0432918
0.0404752
0.0374788
0.0343185
0.0310106
0.0275721
0.0240204
0.0203735
0.0166494
0.0128661
0.00904196
0.0051949
0.001343
-0.00249586
-0.006304
-0.0100641
-0.0137591
-0.0173728
-0.020889
-0.0242923
-0.027568
-0.0307021
-0.0336815
-0.036494
-0.0391284
-0.0415741
-0.0438214
-0.0458614
-0.0476862
-0.0492891
-0.0506646
-0.0518082
-0.0527165
-0.0533869
-0.053818
-0.0540092
-0.0539612
-0.0536758
-0.053156
-0.0524057
-0.0514295
-0.0502333
-0.0488237
-0.0472083
-0.045396
-0.0433961
-0.0412187
-0.0388742
-0.0363737
-0.0337287
-0.0309516
-0.0280553
-0.0250532
-0.0219589
-0.0187861
-0.0155485
-0.01226
-0.00893505
-0.00558789
-0.00223306
0.00111509
0.00444246
0.00773517
0.0109795
0.0141619
0.0172689
0.0202875
0.0232054
0.0260106
0.0286918
0.0312379
0.0336383
0.0358827
0.0379613
0.0398652
0.0415863
0.0431174
0.0444519
0.0455835
0.0465069
0.047217
0.0477099
0.0479825
0.0480202
0.0478097
0.0473533
0.046655
0.0457172
0.0445444
0.0431481
0.0415294
0.0396968
0.0376597
0.0354287
0.0330306
0.030463
0.0277399
0.0248765
0.0218886
0.0188162
0.0156526
0.0124157
0.0091236
0.00579515
0.00247862
-0.000837027
-0.00413287
-0.00739006
-0.0105899
-0.0136828
-0.0166834
-0.0195748
-0.0223413
-0.0249677
-0.0274108
-0.0296879
-0.0317872
-0.0336981
-0.0354115
-0.0368968
-0.038172
-0.0392327
-0.0400759
-0.0407002
-0.041092
-0.0412675
-0.04123
-0.0409845
-0.0405372
-0.0398925
-0.0390628
-0.0380583
-0.0368904
-0.0355712
-0.0341204
-0.0325447
-0.0308582
-0.0290754
-0.0272111
-0.0252947
-0.0233261
-0.0213201
-0.0192914
-0.0172538
-0.0152394
-0.0132408
-0.0112697
-0.00933694
-0.00745255
-0.00564534
-0.00390134
-0.00222697
-0.000627444
0.000893153
0.00231329
0.00365118
0.00490622
0.00607891
0.00717066
0.00816839
0.00909145
0.00994345
0.0107285
0.0114512
0.012105
0.0127066
0.0132607
0.0137717
0.0142435
0.0146731
0.0150702
0.0154368
0.0157742
0.0160543
0.0162544
0.0163733
0.0164092
0.0163603
0.0162255
0.0160079
0.0157033
0.0153117
0.0148338
0.0142706
0.0136333
0.0129142
0.0121158
0.0112409
0.0102929
0.00929007
0.00822214
0.00709376
0.00590999
0.00467622
0.00341588
0.00211723
0.000786521
-0.000569745
-0.00194481
-0.00331292
-0.00468587
-0.00605656
-0.00741783
-0.00876247
-0.0100656
-0.0113378
-0.012572
-0.0137612
-0.0148989
-0.0159645
-0.0169659
-0.0178973
-0.0187531
-0.019528
-0.0202088
-0.0207995
-0.0212964
-0.0216961
-0.0219956
-0.0221908
-0.0222815
-0.0222665
-0.022145
-0.0219167
-0.0215875
-0.0211529
-0.0206142
-0.0199735
-0.0192334
-0.0184093
-0.0174927
-0.0164879
-0.0153996
-0.0142329
-0.0130108
-0.0117221
-0.0103731
-0.0089707
-0.00752203
-0.00605483
-0.00455627
-0.00303404
-0.001496
4.98478e-05
0.00157457
0.00309112
0.00459164
0.00606837
0.00751373
0.00890147
0.0102433
0.0115322
0.0127617
0.0139255
0.0150034
0.0160042
0.016923
0.0177552
0.0184969
0.019136
0.019678
0.0201202
0.0204608
0.0206983
0.0208306
0.020859
0.0207838
0.0206059
0.0203269
0.0199544
0.0194851
0.0189222
0.0182689
0.0175294
0.0167195
0.0158326
0.0148738
0.0138487
0.0127631
0.0116389
0.0104668
0.00925319
0.00800486
0.00672851
0.00544877
0.00415466
0.00285302
0.00155073
0.000254602
-0.00101116
-0.00225762
-0.00347852
-0.0046678
-0.00581959
-0.00691321
-0.00795855
-0.00895079
-0.0098855
-0.0107586
-0.0115555
-0.0122838
-0.0129407
-0.0135235
-0.0140302
-0.0144535
-0.014798
-0.0150633
-0.0152492
-0.015356
-0.0153839
-0.0153344
-0.0152092
-0.01501
-0.0147392
-0.0144039
-0.0140023
-0.0135377
-0.0130138
-0.0124342
-0.0118117
-0.011142
-0.0104294
-0.00967848
-0.00889393
-0.00809139
-0.00726471
-0.00641866
-0.00555804
-0.0046876
-0.00382388
-0.00295972
-0.00209972
-0.00124838
-0.00040998
0.000400302
0.00118983
0.00195506
0.00269261
0.00339926
0.00406282
0.00468975
0.00527765
0.00582446
0.00632842
0.00678167
0.00718932
0.00755036
0.00786413
0.0081303
0.00834577
0.00851396
0.00863535
0.00871057
0.00874041
0.00872593
0.00866843
0.00856953
0.00843112
0.00825523
0.00804665
0.00780478
0.00753174
0.00722982
0.00690146
0.00655394
0.00618526
0.00579809
0.00539505
0.00497866
0.00455718
0.00412734
0.00369166
0.00325268
0.00281288
0.00238059
0.00195202
0.00152918
0.00111394
0.000708142
0.000319034
-5.71047e-05
-0.00041863
-0.000764074
-0.0010922
-0.00139765
-0.00168404
-0.00195074
-0.00219714
-0.0024226
-0.00262351
-0.00280245
-0.0029592
-0.00309381
-0.00320656
-0.00329627
-0.00336492
-0.00341285
-0.00344045
-0.00344817
-0.00343646
-0.0034063
-0.00335863
-0.00329437
-0.00321444
-0.00312062
-0.00301286
-0.00289213
-0.00275954
-0.00261627
-0.00246524
-0.00230573
-0.00213866
-0.00196493
-0.00178543
-0.00160343
-0.00141766
-0.00122915
-0.00103886
-0.000847664
-0.000658885
-0.000470767
-0.000284065
-9.95068e-05
8.22508e-05
0.000258166
0.00043028
0.000598179
0.000761414
0.000919476
0.00106956
0.00121346
0.00135084
0.00148149
0.00160532
0.0017203
0.00182818
0.00192872
0.00202168
0.0021069
0.00218285
0.00225106
0.00231162
0.00236456
0.00240984
0.00244643
0.00247519
0.00249609
0.00250923
0.00251473
0.00251239
0.00250267
0.00248563
0.00246132
0.00242983
0.00239154
0.00234638
0.00229452
0.00223612
0.0021713
0.00210105
0.00202467
0.00194236
0.00185439
0.00176106
0.00166406
0.0015623
0.00145606
0.00134566
0.00123143
0.00111559
0.000996661
0.000875025
0.000751077
0.000625231
0.000500087
0.000373955
0.000247329
0.00012071
-5.4052e-06
-0.000128281
-0.000249678
-0.000369093
-0.000486006
-0.000599882
-0.000708111
-0.000812273
-0.000911875
-0.00100641
-0.00109536
-0.0011765
-0.001251
-0.00131842
-0.00137837
-0.00143058
-0.00147375
-0.00150859
-0.00153474
-0.00155183
-0.00155955
-0.00155753
-0.00154595
-0.0015249
-0.00149447
-0.0014547
-0.00140625
-0.00134837
-0.00128109
-0.00120466
-0.00111946
-0.00102755
-0.000927491
-0.000819536
-0.000704166
-0.000581906
-0.000455666
-0.000324062
-0.000188116
-4.89073e-05
9.25327e-05
0.000232665
0.000373237
0.00051335
0.000652036
0.000788264
0.000918441
0.00104424
0.00116483
0.00127943
0.00138731
0.00148556
0.00157568
0.00165703
0.00172912
0.00179161
0.00184281
0.00188411
0.00191542
0.00193664
0.00194776
0.00194816
0.00193876
0.00191986
0.00189185
0.00185519
0.00181047
0.00175819
0.00169899
0.0016336
0.00156275
0.00148787
0.00140898
0.0013268
0.00124212
0.00115573
0.00106947
0.00098304
0.000897169
0.000812518
0.000729683
0.000650296
0.000573701
0.000500374
0.000430733
0.000365122
0.000304745
0.000248798
0.000197457
0.00015086
0.000109082
7.27766e-05
4.11223e-05
1.39581e-05
-8.92305e-06
-2.77489e-05
-4.23929e-05
-5.35263e-05
-6.14286e-05
-6.64157e-05
-6.88342e-05
-6.89074e-05
-6.71546e-05
-6.39137e-05
-5.95039e-05
-5.42291e-05
-4.83681e-05
-4.22069e-05
-3.59916e-05
-2.99355e-05
-2.42162e-05
-1.90009e-05
-1.43636e-05
-1.03809e-05
-7.0942e-06
-4.50893e-06
-2.60727e-06
-1.30565e-06
-5.16805e-07
-1.28814e-07
-7.58937e-09
0
0
0
0
0
0
0
0
0
0
0
0
0
0
0
0
0
0
0
0
0
0
0
0
0
0
0
0
0
0
0
0
0
0
0
0
0
0
0
0
0
0
0
0
0
0
0
0
0
0
0
0
0
0
0
0
0
0
0
0
0
0
0
0
0
0
0
0
0
0
0
0
0
0
0
0
0
0
0
0
0
0
0
0
0
0
0
0
0
0
0
0
0
0
0
0
0
0
0
0
0
0
0
0
0
0
0
0
0
0
0
0
0
0
0
0
0
0
0
0
0
0
0
0
0
0
0
0
0
0
0
0
0
0
0
0
0
0
0
0
0
0
0
0
0
0
0
0
0
0
0
0
0
0
0
0
0
0
0
0
0
0
0
0
0
0
0
0
0
0
0
0
0
0
0
0
0
0
0
0
0
0
0
0
0
0
0
0
0
0
0
0
0
0
0
0
0
0
0
0
0
0
0
-0
-0
-0
-0
-0
-0
-0
-0
-0
-0
-0
-0
-0
-0
-0
-0
-0
-0
-0
-0
-0
-0
-0
-0
-0
-0
-0
-0
-0
-0
0
0
0
0
0
0
0
0
0
0
0
0
0
0
0
0
0
0
0
0
0
0
0
0
0
0
0
0
0
0
0
0
0
0
0
0
0
0
0
0
0
0
0
0
0
0
0
0
0
0
0
0
0
0
0
0
0
0
0
0
0
0
0
0
0
0
0
-0
-0
-0
-0
-0
-0
-0
-0
-0
-0
-0
-0
-0
-0
-0
-0
-0
-0
-0
-0
-0
-0
-0
-0
-0
-0
-0
-0
-0
-0
-0
-0
-0
-0
-0
-0
-0
-0
-0
-0
0
0
0
0
0
0
0
0
0
0
0
0
0
0
0
0
0
0
0
0
0
0
0
0
0
0
0
0
0
0
0
0
0
0
0
0
0
0
0
0
0
0
0
0
