1.29153e-05
1.87587e-05
2.19147e-05
2.02482e-05
1.16384e-05
-5.9845e-06
-3.46027e-05
-7.60746e-05
-0.0001321
-0.000204187
-0.00029362
-0.000401428
-0.000528365
-0.000674879
-0.0008411
-0.00102682
-0.00123148
-0.00145417
-0.00169362
-0.00194821
-0.00221598
-0.00249462
-0.00278151
-0.00307373
-0.0033681
-0.0036612
-0.00394938
-0.00422884
-0.00449563
-0.00474572
-0.00497504
-0.0051795
-0.00535506
-0.00549779
-0.00560388
-0.00566973
-0.00569195
-0.00566747
-0.00559351
-0.00546771
-0.00528807
-0.00505309
-0.0047617
-0.00441336
-0.00400808
-0.00354638
-0.00302936
-0.00245867
-0.00183651
-0.00116565
-0.000449373
0.000308508
0.0011037
0.00193146
0.00278663
0.00366365
0.00455668
0.00545955
0.0063659
0.00726918
0.00816274
0.00903986
0.00989384
0.0107181
0.011506
0.0122514
0.0129482
0.0135907
0.0141735
0.0146918
0.015141
0.0155172
0.0158172
0.0160382
0.016178
0.0162353
0.0162091
0.0160995
0.0159069
0.0156325
0.0152783
0.0148467
0.0143409
0.0137645
0.0131217
0.0124173
0.0116564
0.0108445
0.00999025
0.00910219
0.00818507
0.00724369
0.00628292
0.00530768
0.00432287
0.00333343
0.00234422
0.00136007
0.000385708
-0.000574238
-0.00151527
-0.00243306
-0.00332342
-0.00418239
-0.00500621
-0.00579135
-0.00653454
-0.00723274
-0.00788322
-0.00848354
-0.00903153
-0.00952535
-0.00996348
-0.0103447
-0.0106681
-0.0109332
-0.0111397
-0.0112877
-0.0113775
-0.01141
-0.0113861
-0.0113071
-0.0111746
-0.0109903
-0.0107565
-0.0104752
-0.0101491
-0.00978074
-0.009373
-0.00892884
-0.00845134
-0.00794368
-0.00740915
-0.00685108
-0.00627284
-0.00567784
-0.00506951
-0.00445128
-0.00382653
-0.00319863
-0.00257091
-0.0019466
-0.00132886
-0.000720749
-0.000125207
0.000454974
0.00101716
0.00155888
0.00207787
0.00257206
0.00303963
0.00347896
0.00388869
0.0042677
0.00461514
0.00493038
0.00521305
0.00546302
0.0056804
0.00586548
0.00601877
0.00614098
0.00623296
0.00629573
0.00633041
0.00633828
0.0063207
0.0062791
0.00621501
0.00613001
0.00602572
0.00590383
0.00576602
0.00561402
0.00544956
0.00527436
0.00509015
0.00489862
0.00470144
0.0045002
0.00429647
0.00409172
0.00388734
0.00368462
0.00348475
0.00328879
0.00309769
0.00291224
0.00273313
0.00256087
0.00239588
0.00223839
0.00208854
0.00194632
0.00181159
0.0016841
0.00156349
0.00144928
0.00134091
0.00123774
0.00113904
0.00104402
0.000951842
0.000861621
0.000772453
0.000683417
0.000593597
0.000502091
0.000408031
0.000310592
0.000209008
0.000102586
-9.2857e-06
-0.000127126
-0.000251354
-0.000382279
-0.000520101
-0.000664901
-0.000816645
-0.000975178
-0.00114023
-0.00131141
-0.00148821
-0.00167002
-0.00185612
-0.00204567
-0.00223775
-0.00243133
-0.00262529
-0.00281846
-0.00300957
-0.00319729
-0.00338025
-0.00355704
-0.00372622
-0.00388634
-0.00403595
-0.00417363
-0.00429797
-0.00440761
-0.00450126
-0.00457768
-0.00463571
-0.00467429
-0.00469243
-0.00468927
-0.00466403
-0.00461606
-0.00454482
-0.00444988
-0.00433097
-0.00418791
-0.00402069
-0.00382941
-0.00361435
-0.00337591
-0.00311468
-0.00283136
-0.00252687
-0.00220225
-0.00185871
-0.00149762
-0.00112051
-0.000729047
-0.000325038
8.95887e-05
0.000512788
0.000942417
0.00137625
0.00181199
0.00224728
0.00267975
0.00310696
0.0035265
0.00393596
0.00433292
0.00471502
0.00507993
0.00542539
0.00574919
0.0060492
0.00632342
0.00656991
0.0067869
0.00697271
0.00712584
0.00724494
0.00732884
0.00737655
0.00738728
0.00736045
0.00729567
0.00719279
0.00705188
0.0068732
0.00665727
0.0064048
0.00611671
0.00579413
0.0054384
0.00505102
0.00463369
0.00418828
0.00371681
0.00322146
0.00270455
0.00216852
0.00161594
0.0010495
0.000471976
-0.000113766
-0.000704777
-0.00129805
-0.00189051
-0.00247909
-0.00306066
-0.00363213
-0.00419039
-0.00473241
-0.00525519
-0.00575585
-0.00623156
-0.00667966
-0.00709761
-0.00748304
-0.00783376
-0.00814776
-0.00842328
-0.00865873
-0.0088528
-0.00900439
-0.00911266
-0.00917703
-0.00919716
-0.00917298
-0.00910465
-0.00899261
-0.00883753
-0.00864032
-0.00840215
-0.00812438
-0.0078086
-0.00745662
-0.00707043
-0.0066522
-0.00620428
-0.00572916
-0.00522948
-0.00470799
-0.00416758
-0.00361119
-0.00304186
-0.00246267
-0.00187677
-0.00128728
-0.000697385
-0.000110205
0.000471146
0.00104361
0.00160419
0.00214999
0.00267818
0.00318607
0.0036711
0.00413084
0.00456302
0.00496554
0.00533646
0.00567405
0.00597676
0.00624325
0.00647238
0.00666322
0.00681505
0.00692737
0.00699991
0.0070326
0.00702558
0.00697922
0.00689409
0.00677096
0.0066108
0.00641478
0.00618425
0.00592072
0.00562587
0.00530154
0.00494971
0.00457247
0.00417205
0.00375076
0.003311
0.00285526
0.00238606
0.00190599
0.00141765
0.000923669
0.000426673
-7.0724e-05
-0.000565931
-0.0010564
-0.00153962
-0.00201316
-0.00247466
-0.00292184
-0.00335253
-0.00376467
-0.00415631
-0.00452563
-0.00487097
-0.00519079
-0.00548372
-0.00574854
-0.00598421
-0.00618982
-0.00636468
-0.00650824
-0.00662012
-0.00670012
-0.00674822
-0.00676454
-0.00674939
-0.00670324
-0.0066267
-0.00652056
-0.00638573
-0.00622329
-0.00603444
-0.0058205
-0.00558293
-0.00532328
-0.00504323
-0.00474453
-0.004429
-0.00409856
-0.00375515
-0.0034008
-0.00303752
-0.00266739
-0.00229246
-0.00191479
-0.00153643
-0.00115938
-0.000785636
-0.000417111
-5.56762e-05
0.00029687
0.000638806
0.000968494
0.00128439
0.00158505
0.00186912
0.00213539
0.00238273
0.00261015
0.00281676
0.00300182
0.0031647
0.00330491
0.00342207
0.00351594
0.00358641
0.00363349
0.00365731
0.00365814
0.00363635
0.00359244
0.00352699
0.00344072
0.00333444
0.00320903
0.00306547
0.00290482
0.00272822
0.00253683
0.0023319
0.00211472
0.0018866
0.00164888
0.00140293
0.00115013
0.000891841
0.000629448
0.00036431
9.77731e-05
-0.000168844
-0.000434251
-0.000697195
-0.000956467
-0.0012109
-0.0014594
-0.0017009
-0.00193443
-0.00215906
-0.00237395
-0.00257833
-0.0027715
-0.00295286
-0.00312186
-0.00327806
-0.00342109
-0.00355066
-0.00366656
-0.00376867
-0.00385692
-0.00393134
-0.00399202
-0.00403914
-0.00407291
-0.00409364
-0.00410168
-0.00409744
-0.00408139
-0.00405405
-0.00401598
-0.00396778
-0.00391009
-0.00384357
-0.00376891
-0.00368683
-0.00359803
-0.00350325
-0.00340321
-0.00329864
-0.00319024
-0.00307872
-0.00296476
-0.00284901
-0.00273212
-0.00261471
-0.00249736
-0.00238062
-0.00226503
-0.00215107
-0.00203922
-0.00192988
-0.00182346
-0.0017203
-0.00162071
-0.00152496
-0.00143328
-0.00134585
-0.00126281
-0.00118427
-0.00111029
-0.00104089
-0.000976055
-0.000915741
-0.000859862
-0.000808306
-0.000760932
-0.000717576
-0.000678048
-0.000642142
-0.000609631
-0.000580274
-0.000553819
-0.00053
-0.000508547
-0.000489181
-0.000471625
-0.000455597
-0.000440823
-0.000427031
-0.000413963
-0.000401368
-0.000389013
-0.00037668
-0.000364174
-0.000351316
-0.000337954
-0.000323957
-0.000309219
-0.000293661
-0.000277227
-0.000259886
-0.000241633
-0.000222489
-0.000202498
-0.000181728
-0.000160274
-0.000138251
-0.000115799
-9.30789e-05
-7.02734e-05
-4.75842e-05
-2.52305e-05
-3.44746e-06
1.75163e-05
3.74016e-05
5.59411e-05
7.28623e-05
8.78903e-05
0.000100751
0.000111172
0.00011889
0.000123645
0.00012519
0.00012329
0.000117721
0.000108276
9.47651e-05
7.70138e-05
5.48692e-05
2.81989e-05
-3.10685e-06
-3.91335e-05
-7.99407e-05
-0.00012556
-0.000175996
-0.000231222
-0.000291179
-0.000355782
-0.000424909
-0.000498412
-0.00057611
-0.000657794
-0.000743228
-0.000832148
-0.000924268
-0.00101927
-0.00111684
-0.0012166
-0.00131819
-0.00142123
-0.00152529
-0.00162996
-0.00173479
-0.00183935
-0.00194315
-0.00204574
-0.00214661
-0.0022453
-0.0023413
-0.00243413
-0.0025233
-0.00260832
-0.00268874
-0.0027641
-0.00283395
-0.00289789
-0.00295551
-0.00300646
-0.00305026
-0.00308521
-0.00311062
-0.00312624
-0.00313187
-0.00312737
-0.0031127
-0.00308786
-0.00305295
-0.00300811
-0.00295359
-0.00288967
-0.00281671
-0.00273515
-0.00264546
-0.00254818
-0.00244389
-0.00233324
-0.00221688
-0.00209554
-0.00196994
-0.00184084
-0.00170902
-0.00157527
-0.00144038
-0.00130514
-0.00117035
-0.00103678
-0.000905183
-0.000776294
-0.000650812
-0.000529396
-0.000412664
-0.00030118
-0.000195453
-9.59322e-05
-3.00161e-06
8.30213e-05
0.000161888
0.000233417
0.000297499
0.000354088
0.000403204
0.000444927
0.000479397
0.000506806
0.000527396
0.000541455
0.00054931
0.000551327
0.000547905
0.000539471
0.000526475
0.00050939
0.000488701
0.000464908
0.000438514
0.000410023
0.000379935
0.000348739
0.000316908
0.000284895
0.000253124
0.000221991
0.000191855
0.000163036
0.000135815
0.000110426
8.70632e-05
6.58722e-05
4.69558e-05
3.03724e-05
1.61383e-05
4.22916e-06
-5.41736e-06
-1.28993e-05
-1.83473e-05
-2.19214e-05
-2.38074e-05
-2.42135e-05
-2.33659e-05
-2.15051e-05
-1.88813e-05
-1.575e-05
-1.23676e-05
-8.98657e-06
-5.85136e-06
-3.19379e-06
-1.22903e-06
-1.51737e-07
-0
-0
-0
-0
-0
-0
-0
-0
-0
-0
-0
-0
-0
-0
-0
-0
-0
-0
-0
-0
-0
-0
-0
-0
-0
-0
-0
-0
-0
-0
-0
-0
-0
-0
-0
-0
-0
0
0
0
0
0
0
0
0
0
0
0
0
0
0
0
0
0
0
0
0
0
0
0
0
0
0
0
0
0
0
-0
-0
-0
-0
-0
-0
-0
-0
-0
-0
-0
-0
-0
-0
-0
-0
-0
-0
-0
-0
-0
-0
-0
-0
-0
-0
-0
-0
-0
-0
-0
-0
-0
-0
-0
-0
-0
-0
-0
-0
-0
-0
-0
-0
-0
-0
-0
-0
-0
-0
0
0
0
0
0
0
0
0
0
0
0
0
0
0
0
0
0
0
0
0
0
0
0
0
0
0
0
0
0
0
0
0
0
0
0
0
0
0
0
0
0
0
0
-0
-0
-0
-0
-0
-0
-0
-0
-0
-0
-0
-0
-0
-0
-0
-0
-0
-0
-0
-0
-0
-0
-0
-0
-0
-0
-0
-0
-0
-0
-0
-0
-0
-0
-0
-0
-0
-0
-0
-0
0
0
0
0
0
0
0
0
0
0
0
0
0
0
0
0
0
0
0
0
0
0
0
0
0
0
0
0
0
0
0
0
0
0
0
0
0
0
0
0
0
0
0
0
0
0
0
0
0
0
0
0
0
0
-0
-0
-0
-0
-0
-0
-0
-0
-0
-0
-0
-0
-0
-0
-0
-0
-0
-0
-0
-0
0
0
0
0
0
0
0
0
0
0
0
0
0
0
0
0
0
0
0
0
0
0
0
0
0
0
0
0
0
0
0
0
0
0
0
0
0
0
0
0
0
0
0
0
0
0
0
0
0
0
0
0
0
0
0
0
0
0
0
1.07754e-06
8.54118e-06
2.17814e-05
3.92955e-05
5.96811e-05
8.16625e-05
0.000104115
0.000126085
0.000146808
0.000165722
0.000182475
0.000196934
0.000209182
0.000219519
0.000228452
0.000236688
0.000245119
0.000254805
0.000266957
0.000282918
0.000304136
0.000332144
0.000368536
0.00041494
0.000472995
0.000544325
0.000630518
0.000733097
0.000853501
0.000993057
0.00115297
0.00133431
0.00153796
0.00176463
0.00201482
0.00228884
0.00258677
0.00290848
0.00325357
0.00362143
0.00401123
0.00442195
0.00485235
0.005301
0.00576631
0.00624664
0.00674021
0.00724521
0.0077598
0.00828209
0.00881035
0.00934283
0.00987788
0.0104139
0.0109495
0.0114832
0.0120137
0.0125399
0.0130606
0.0135747
0.0140812
0.0145792
0.0150676
0.0155458
0.0160129
0.0164682
0.0169111
0.0173413
0.0177584
0.0181621
0.0185524
0.0189295
0.0192935
0.0196448
0.0199837
0.0203106
0.020626
0.0209302
0.0212236
0.0215061
0.021778
0.0220389
0.0222886
0.0225265
0.022752
0.0229641
0.023162
0.0233444
0.0235102
0.0236582
0.0237898
0.0239147
0.0240327
0.0241427
0.0242437
0.0243344
0.0244137
0.0244803
0.0245331
0.0245708
0.0245921
0.0245958
0.0245805
0.0245451
0.0244885
0.0244095
0.0243071
0.0241807
0.0240295
0.0238534
0.0236519
0.023425
0.0231731
0.0228966
0.0225965
0.0222735
0.0219287
0.0215636
0.0211796
0.0207788
0.0203629
0.0199338
0.019494
0.0190457
0.0185916
0.0181343
0.0176766
0.0172213
0.0167716
0.0163303
0.0159007
0.015486
0.0150892
0.0147134
0.0143612
0.0140358
0.0137398
0.0134756
0.0132456
0.0130509
0.0128941
0.0127766
0.0126996
0.012664
0.0126695
0.0127176
0.0128084
0.012942
0.0131179
0.0133341
0.0135912
0.0138881
0.0142234
0.0145952
0.0149998
0.0154364
0.0159023
0.0163944
0.0169092
0.0174414
0.0179884
0.0185461
0.0191098
0.0196749
0.0202351
0.0207869
0.0213253
0.0218452
0.0223416
0.0228093
0.0232438
0.0236406
0.0239953
0.0243035
0.0245618
0.0247658
0.0249118
0.0249966
0.0250171
0.0249728
0.0248592
0.0246741
0.024416
0.0240836
0.0236799
0.0232005
0.0226455
0.0220152
0.0213105
0.0205385
0.0196953
0.0187832
0.0178051
0.016764
0.015671
0.0145232
0.0133252
0.0120822
0.0107998
0.00949208
0.00815753
0.00680301
0.00543574
0.00406319
0.00270062
0.00134843
1.46656e-05
-0.00129256
-0.00256508
-0.00378897
-0.00496207
-0.00607656
-0.00712479
-0.00809936
-0.00899049
-0.00979405
-0.0105036
-0.0111131
-0.0116169
-0.0120117
-0.0122909
-0.0124503
-0.0124861
-0.0123952
-0.012183
-0.0118398
-0.0113643
-0.0107562
-0.0100157
-0.00915799
-0.00817071
-0.00705648
-0.00581871
-0.0044616
-0.00301017
-0.00145015
0.000211987
0.00196898
0.00381289
0.00571056
0.00767731
0.00970335
0.0117783
0.0138913
0.0160047
0.0181331
0.0202648
0.0223873
0.0244884
0.0265305
0.0285259
0.030462
0.0323263
0.0341065
0.0357715
0.0373284
0.0387658
0.0400728
0.0412389
0.0422456
0.0430923
0.0437706
0.0442728
0.0445921
0.044728
0.04467
0.0444142
0.0439577
0.0432987
0.0424584
0.0414152
0.0401705
0.038727
0.0370884
0.0352987
0.0333245
0.0311727
0.0288512
0.0263688
0.0237897
0.0210703
0.0182219
0.0152571
0.0121889
0.00909589
0.005928
0.0027004
-0.000571082
-0.00387002
-0.00711184
-0.0103471
-0.0135584
-0.0167281
-0.0198382
-0.0228092
-0.0256853
-0.0284492
-0.0310836
-0.033572
-0.0358521
-0.0379544
-0.0398643
-0.0415676
-0.0430512
-0.0442819
-0.0452695
-0.0460037
-0.0464757
-0.0466774
-0.0466137
-0.0462679
-0.0456361
-0.0447158
-0.043506
-0.0420543
-0.0403154
-0.0382929
-0.0359919
-0.0334191
-0.0306648
-0.0276565
-0.0244055
-0.0209247
-0.0172281
-0.0134423
-0.00947329
-0.00533925
-0.00105961
0.00334492
0.00772432
0.0121844
0.0167017
0.0212522
0.0258107
0.0302209
0.0345883
0.0388871
0.0430913
0.0471754
0.0509974
0.054649
0.058106
0.0613449
0.0643431
0.0669949
0.0693643
0.0714324
0.0731817
0.074596
0.0756228
0.0762869
0.0765773
0.0764845
0.0760008
0.0751389
0.0738769
0.0722131
0.0701481
0.0676845
0.0649046
0.0617381
0.058194
0.0542837
0.0500209
0.0455522
0.0407638
0.0356748
0.0303062
0.0246808
0.0189951
0.0131023
0.00702905
0.000803237
-0.00554594
-0.0117946
-0.0181061
-0.0244493
-0.0307926
-0.0371036
-0.0431582
-0.049116
-0.0549451
-0.0606138
-0.0660909
-0.0711812
-0.0760202
-0.0805797
-0.084833
-0.0887544
-0.0922052
-0.0952785
-0.0979541
-0.100214
-0.102043
-0.103377
-0.104255
-0.104666
-0.104604
-0.104063
-0.10307
-0.101597
-0.0996475
-0.0972261
-0.0943412
-0.0911048
-0.0874284
-0.0833272
-0.0788193
-0.073925
-0.0688318
-0.0633992
-0.0576538
-0.0516238
-0.0453394
-0.0390403
-0.0325508
-0.0259043
-0.0191352
-0.0122787
-0.00559569
0.0011039
0.00778501
0.0144126
0.0209519
0.0271549
0.0332031
0.039065
0.0447104
0.0501103
0.0550617
0.0597151
0.0640473
0.0680368
0.071664
0.0747965
0.0775343
0.0798646
0.0817763
0.083261
0.0842706
0.0848419
0.0849727
0.0846627
0.0839139
0.0827667
0.0811912
0.0791955
0.0767904
0.0739888
0.0709124
0.0674713
0.0636843
0.0595723
0.055158
0.0506265
0.0458422
0.0408318
0.0356229
0.0302441
0.0249164
0.0194771
0.0139553
0.00838035
0.00278152
-0.00261508
-0.00797857
-0.0132816
-0.0184973
-0.0235995
-0.0283861
-0.0330103
-0.0374496
-0.0416825
-0.0456887
-0.0493135
-0.0526761
-0.0557613
-0.0585557
-0.0610476
-0.0631454
-0.0649232
-0.0663753
-0.0674981
-0.0682898
-0.068728
-0.0688374
-0.0686219
-0.0680872
-0.0672409
-0.0661247
-0.0647163
-0.0630276
-0.0610716
-0.058863
-0.0564942
-0.0539048
-0.0511121
-0.0481344
-0.0449907
-0.0418052
-0.0384932
-0.0350749
-0.0315709
-0.0280019
-0.0245029
-0.02098
-0.0174533
-0.0139425
-0.0104669
-0.00715235
-0.0039093
-0.000754467
0.00229639
0.00522858
0.00794095
0.0105092
0.0129226
0.0151721
0.01725
0.0190884
0.0207444
0.0222148
0.0234981
0.024594
0.025469
0.0261604
0.0266721
0.027009
0.0271773
0.0271702
0.0270093
0.0267031
0.026261
0.0256931
0.0250089
0.0242204
0.0233388
0.0223757
0.0213432
0.0202548
0.0191207
0.0179524
0.0167615
0.015559
0.0143518
0.0131535
0.0119731
0.010819
0.00969849
0.00860441
0.0075558
0.00655709
0.00561164
0.00472181
0.00386613
0.00306822
0.00232793
0.00164436
0.00101584
0.000413917
-0.000137766
-0.00064226
-0.00110315
-0.00152452
-0.00193028
-0.00230549
-0.002655
-0.00298403
-0.00329819
-0.00360401
-0.00390655
-0.00421174
-0.00452566
-0.00485451
-0.00517525
-0.005523
-0.00590347
-0.00632218
-0.00678437
-0.00722835
-0.00772496
-0.00827797
-0.00889054
-0.00956515
-0.0101986
-0.0108971
-0.0116607
-0.0124889
-0.0133803
-0.0141954
-0.0150682
-0.015995
-0.0169709
-0.0179906
-0.0188929
-0.0198264
-0.0207842
-0.0217591
-0.0227432
-0.023576
-0.0244028
-0.0252161
-0.0260084
-0.0267723
-0.0273734
-0.0279323
-0.0284427
-0.0288984
-0.0292932
-0.0295425
-0.0297197
-0.0298198
-0.0298378
-0.0297687
-0.0295957
-0.0293269
-0.0289584
-0.0284868
-0.0279091
-0.0272877
-0.0265558
-0.0257126
-0.0247575
-0.0236911
-0.0226559
-0.0215125
-0.0202634
-0.0189122
-0.0174631
-0.0161266
-0.0147021
-0.013195
-0.0116113
-0.00995767
-0.00848856
-0.00696294
-0.00538755
-0.00376959
-0.00211669
-0.000695554
0.000745533
0.0021992
0.00365765
0.0051127
0.00632004
0.0075081
0.0086663
0.00978302
0.0108483
0.0116732
0.0124295
0.0131096
0.0137064
0.0142131
0.0145287
0.0147449
0.0148584
0.0148665
0.0147675
0.0145617
0.0142483
0.0138288
0.0133054
0.0126814
0.012053
0.0113309
0.0105207
0.00962892
0.00866292
0.00779229
0.0068585
0.00587008
0.00483611
0.00376609
0.00286889
0.00194675
0.00100869
6.38133e-05
-0.000878823
-0.00160863
-0.00232936
-0.00303388
-0.00371537
-0.00436736
-0.00480961
-0.00522181
-0.00560001
-0.00594066
-0.0062407
-0.00637024
-0.006464
-0.00652117
-0.00654136
-0.00652456
-0.0063972
-0.00624066
-0.00605662
-0.00584703
-0.00561409
-0.00533372
-0.00503796
-0.00472981
-0.00441237
-0.00408873
-0.00376892
-0.00344832
-0.00312995
-0.0028167
-0.00251126
-0.0022397
-0.00197729
-0.00172613
-0.00148809
-0.00126476
-0.00108315
-0.000913905
-0.000758016
-0.000616229
-0.000489044
-0.000395533
-0.000312309
-0.000239504
-0.000177066
-0.00012476
-9.16413e-05
-6.431e-05
-4.24757e-05
-2.57384e-05
-1.3597e-05
-8.02445e-06
-4.17181e-06
-1.76175e-06
-4.83354e-07
