-0
-0
-0
-0
-0
-0
-0
-0
-0
-0
-0
-0
-0
-0
-0
-0
-0
-0
-0
-0
-0
-0
-0
-0
-0
-0
-0
-0
-0
-0
-0
-0
-0
-0
-0
-0
-0
-0
-0
-0
0
0
0
0
0
0
0
0
0
0
0
0
0
0
0
0
0
0
0
0
0
0
0
0
0
0
0
0
0
0
0
0
0
0
0
0
0
0
0
0
0
0
0
0
-0
-0
-0
-0
-0
-0
-0
-0
-0
-0
-0
-0
-0
-0
-0
-0
-0
-0
-0
-0
-0
-0
-0
-0
-0
-0
-0
-0
-0
-0
-0
-0
-0
-0
-0
-0
-0
-0
-0
-0
-0
0
0
0
0
0
0
0
0
0
0
0
0
0
0
0
0
0
0
0
0
0
0
0
0
0
0
0
0
0
0
0
0
0
0
0
0
0
0
0
0
0
0
0
0
0
0
0
0
0
0
0
0
0
0
0
0
0
0
0
0
0
0
0
0
0
0
0
0
0
0
0
0
0
0
0
0
6.91831e-06
2.29439e-05
3.734e-05
3.83785e-05
1.35696e-05
-5.01062e-05
-0.00016594
-0.000347217
-0.000606923
-0.000957441
-0.00141025
-0.0019756
-0.00266227
-0.00347723
-0.0044254
-0.00550944
-0.00672951
-0.00808311
-0.00956496
-0.0111669
-0.0128778
-0.0146836
-0.0165675
-0.0185097
-0.0204878
-0.0224772
-0.0244508
-0.02638
-0.0282345
-0.029983
-0.0315933
-0.0330334
-0.0342714
-0.035276
-0.0360175
-0.0364679
-0.0366014
-0.036395
-0.035829
-0.034887
-0.033557
-0.0318311
-0.0297059
-0.0271831
-0.0242693
-0.0209764
-0.0173215
-0.013327
-0.00902033
-0.00443422
0.000393895
0.005422
0.0106039
0.0158897
0.0212262
0.0265577
0.0318265
0.0369735
0.0419393
0.0466644
0.0510906
0.0551612
0.0588221
0.0620225
0.0647154
0.0668584
0.0684144
0.0693518
0.0696453
0.0692761
0.0682321
0.0665084
0.0641074
0.0610386
0.0573189
0.0529725
0.0480307
0.0425314
0.0365195
0.0300457
0.0231669
0.0159449
0.00844662
0.000742793
-0.00709232
-0.0149819
-0.0228473
-0.0306089
-0.0381874
-0.0455042
-0.0525003
-0.0591254
-0.0653207
-0.0710305
-0.0762028
-0.0807894
-0.0847469
-0.0880367
-0.0906256
-0.092486
-0.0935961
-0.0939399
-0.0935078
-0.0922959
-0.0903065
-0.0875475
-0.0840328
-0.0797818
-0.0748192
-0.0691751
-0.0628844
-0.0559868
-0.0485268
-0.0405532
-0.0321187
-0.0232803
-0.0140984
-0.00463701
0.00503693
0.0148537
0.0247413
0.0346259
0.0444321
0.0540839
0.0635047
0.0726184
0.0813499
0.0896254
0.0973735
0.104525
0.111016
0.116784
0.121772
0.125929
0.129209
0.13157
0.132979
0.133408
0.132836
0.131248
0.128636
0.125
0.120346
0.114688
0.108045
0.100443
0.0919154
0.0825018
0.0722471
0.0612028
0.0494258
0.0369783
0.0239279
0.0103469
-0.00368783
-0.0180952
-0.0327905
-0.0476856
-0.0626894
-0.0777088
-0.0926486
-0.107413
-0.121904
-0.136027
-0.149685
-0.162784
-0.175233
-0.186943
-0.197829
-0.207811
-0.216814
-0.224768
-0.231611
-0.237286
-0.241745
-0.244946
-0.246857
-0.247452
-0.246715
-0.244639
-0.241223
-0.236477
-0.230418
-0.223072
-0.214473
-0.204661
-0.193686
-0.181603
-0.168474
-0.154369
-0.139362
-0.123533
-0.106967
-0.0897553
-0.0719908
-0.0537719
-0.0351998
-0.0163789
0.00258433
0.0215813
0.0405023
0.0592365
0.0776732
0.095702
0.113213
0.1301
0.146257
0.161583
0.17598
0.189356
0.201622
0.212699
0.222512
0.230996
0.238092
0.243751
0.247934
0.25061
0.25176
0.251374
0.249452
0.246006
0.241057
0.234637
0.226787
0.217559
0.207013
0.195218
0.182253
0.168203
0.153158
0.137218
0.120486
0.10307
0.0850828
0.0666394
0.0478573
0.0288556
0.00975381
-0.00932835
-0.0282722
-0.0469608
-0.0652793
-0.0831163
-0.100364
-0.116919
-0.132684
-0.147567
-0.161481
-0.17435
-0.186101
-0.196673
-0.206012
-0.214071
-0.220817
-0.226222
-0.230268
-0.23295
-0.234268
-0.234233
-0.232865
-0.230194
-0.226255
-0.221093
-0.21476
-0.207316
-0.198824
-0.189357
-0.178991
-0.167807
-0.155891
-0.143332
-0.130224
-0.116662
-0.102744
-0.0885691
-0.0742381
-0.0598517
-0.04551
-0.0313123
-0.0173559
-0.00373567
0.0094568
0.0221339
0.0342127
0.0456154
0.0562699
0.0661104
0.0750779
0.0831203
0.0901924
0.0962567
0.101283
0.105249
0.108139
0.109945
0.110666
0.110309
0.108886
0.106418
0.102929
0.0984529
0.0930259
0.0866917
0.0794983
0.0714989
0.062751
0.0533162
0.0432596
0.0326499
0.0215581
0.010058
-0.00177518
-0.0138647
-0.0261332
-0.0385032
-0.0508973
-0.0632395
-0.0754551
-0.0874713
-0.0992182
-0.110629
-0.12164
-0.132193
-0.142231
-0.151706
-0.160571
-0.168787
-0.176319
-0.183136
-0.189215
-0.194537
-0.199087
-0.202857
-0.205843
-0.208045
-0.209469
-0.210124
-0.210023
-0.209185
-0.207629
-0.205381
-0.202467
-0.198917
-0.194765
-0.190046
-0.184796
-0.179053
-0.172859
-0.166255
-0.159281
-0.151979
-0.144393
-0.136563
-0.128532
-0.120338
-0.112021
-0.103619
-0.0951688
-0.0867036
-0.0782565
-0.0698583
-0.0615376
-0.053321
-0.0452328
-0.0372954
-0.029529
-0.0219514
-0.0145786
-0.00742401
-0.000499426
0.00618562
0.0126235
0.0188083
0.0247358
0.0304036
0.0358102
0.0409556
0.0458407
0.0504671
0.0548372
0.0589536
0.0628192
0.0664371
0.0698104
0.072942
0.0758348
0.0784912
0.0809136
0.0831042
0.0850647
0.0867965
0.0883011
0.0895791
0.0906313
0.0914578
0.0920585
0.0924326
0.0925791
0.0924965
0.0921827
0.0916351
0.0908509
0.0898266
0.0885586
0.087043
0.0852758
0.083253
0.0809708
0.0784255
0.0756139
0.0725333
0.0691815
0.0655572
0.0616595
0.0574887
0.0530458
0.0483329
0.0433528
0.0381099
0.0326092
0.0268572
0.0208617
0.0146317
0.00817781
0.00151185
-0.00535262
-0.0124006
-0.0196154
-0.0269789
-0.0344714
-0.0420719
-0.0497579
-0.0575058
-0.0652909
-0.0730875
-0.0808693
-0.0886092
-0.0962799
-0.103854
-0.111303
-0.118599
-0.125715
-0.132623
-0.139296
-0.145706
-0.151829
-0.157638
-0.163108
-0.168215
-0.172937
-0.177251
-0.181136
-0.184573
-0.187544
-0.190033
-0.192024
-0.193506
-0.194466
-0.194897
-0.19479
-0.194142
-0.192949
-0.191211
-0.188931
-0.186112
-0.182761
-0.178887
-0.174501
-0.169617
-0.164252
-0.158422
-0.152149
-0.145455
-0.138364
-0.130902
-0.123096
-0.114976
-0.106572
-0.0979141
-0.089036
-0.07997
-0.0707497
-0.0614092
-0.0519828
-0.0425053
-0.0330115
-0.0235362
-0.0141143
-0.00478045
0.0044308
0.0134855
0.0223501
0.0309918
0.0393787
0.04748
0.055266
0.0627084
0.0697805
0.0764572
0.0827151
0.0885326
0.0938901
0.0987695
0.103155
0.107032
0.110389
0.113215
0.115501
0.11724
0.118427
0.11906
0.119135
0.118655
0.117622
0.116041
0.113919
0.111265
0.108092
0.104414
0.100247
0.0956089
0.0905213
0.0850065
0.0790888
0.0727944
0.0661505
0.0591861
0.0519308
0.0444157
0.0366726
0.0287338
0.0206327
0.0124032
0.00407969
-0.004303
-0.0127095
-0.0211043
-0.0294515
-0.0377153
-0.0458599
-0.0538498
-0.06165
-0.0692261
-0.0765446
-0.0835729
-0.09028
-0.0966361
-0.102613
-0.108184
-0.113326
-0.118014
-0.12223
-0.125955
-0.129172
-0.131869
-0.134033
-0.135655
-0.136729
-0.137251
-0.137218
-0.136632
-0.135496
-0.133815
-0.131599
-0.128858
-0.125606
-0.121859
-0.117636
-0.112958
-0.107848
-0.102332
-0.0964388
-0.0901971
-0.0836391
-0.076798
-0.069709
-0.0624083
-0.0549334
-0.047323
-0.0396163
-0.0318532
-0.0240739
-0.016319
-0.00862853
-0.00104256
0.00639957
0.0136593
0.0206992
0.027483
0.033976
0.040145
0.0459589
0.0513886
0.0564069
0.0609893
0.0651133
0.0687594
0.0719103
0.0745515
0.0766712
0.0782606
0.0793134
0.0798263
0.079799
0.0792339
0.0781365
0.0765151
0.0743808
0.0717477
0.0686326
0.065055
0.0610372
0.0566036
0.0517813
0.0465995
0.0410893
0.0352836
0.0292171
0.0229259
0.0164469
0.00981855
0.00307961
-0.00373048
-0.010572
-0.0174051
-0.0241903
-0.0308881
-0.0374601
-0.0438684
-0.0500762
-0.056048
-0.0617498
-0.0671491
-0.0722155
-0.0769205
-0.0812375
-0.0851427
-0.0886144
-0.0916336
-0.0941837
-0.0962511
-0.0978248
-0.0988968
-0.0994616
-0.0995098
-0.0989967
-0.0979197
-0.0962889
-0.0941194
-0.0914304
-0.0882459
-0.0845936
-0.0805053
-0.0760162
-0.0711643
-0.0659906
-0.060538
-0.0548511
-0.0489758
-0.0429585
-0.036846
-0.0306869
-0.0245394
-0.0184398
-0.0124177
-0.00650106
-0.000715924
0.00491352
0.010365
0.0156179
0.0206539
0.025456
0.0300093
0.0343005
0.0383181
0.0420521
0.0454943
0.0486378
0.0514775
0.0540093
0.0562309
0.0581409
0.0597392
0.0610269
0.0620058
0.062679
0.0630499
0.063123
0.0629029
0.0623952
0.0616055
0.06054
0.0592049
0.0576071
0.0557532
0.0536504
0.051306
0.0487276
0.0459232
0.042901
0.0396697
0.0362386
0.0326175
0.0288167
0.0248475
0.0207219
0.0164525
0.012053
0.0075378
0.00292233
-0.00177717
-0.00654359
-0.011359
-0.0162049
-0.0210617
-0.0259094
-0.0307275
-0.0354948
-0.04019
-0.0447914
-0.0492769
-0.0536246
-0.0578124
-0.0618188
-0.0656218
-0.0692003
-0.0725334
-0.0756011
-0.0783842
-0.0808639
-0.0830228
-0.0848445
-0.0863142
-0.0874188
-0.0881368
-0.0884195
-0.0882561
-0.0876438
-0.0865832
-0.0850779
-0.0831348
-0.0807646
-0.0779807
-0.0748005
-0.0712429
-0.0673302
-0.0630872
-0.0585409
-0.0537209
-0.0486575
-0.043383
-0.0379343
-0.0323592
-0.0266864
-0.0209407
-0.0151472
-0.00933101
-0.00351723
0.0022693
0.00800444
0.0136644
0.0192262
0.0246676
0.0299671
0.0351046
0.040061
0.0448183
0.0493601
0.0536716
0.0577386
0.061549
0.065092
0.068358
0.0713395
0.0740293
0.0764222
0.0785139
0.0803016
0.0817845
0.0829614
0.0838333
0.0844022
0.0846714
0.084646
0.0843312
0.0837338
0.082862
0.0817251
0.0803339
0.0786995
0.0768341
0.074751
0.0724642
0.0699882
0.0673382
0.0645293
0.0615773
0.058498
0.0553068
0.0520201
0.0486537
0.0452233
0.0417447
0.0382323
0.0347025
0.0311705
0.0276514
0.0241598
0.020708
0.0173118
0.0139844
0.0107386
0.00758595
0.00453454
0.00159711
-0.00121755
-0.00390177
-0.00644899
-0.00885746
-0.0111191
-0.0132304
-0.0151887
-0.0169922
-0.0186436
-0.020138
-0.0214747
-0.0226535
-0.0236745
-0.0245419
-0.0252521
-0.0258059
-0.0262045
-0.0264496
-0.026547
-0.0264963
-0.0263015
-0.0259672
-0.025499
-0.024905
-0.0241909
-0.0233646
-0.0224348
-0.0214104
-0.0202994
-0.0191126
-0.0178595
-0.0165493
-0.0151912
-0.0137885
-0.0123548
-0.010898
-0.00942533
-0.00794378
-0.0064501
-0.00496002
-0.00347915
-0.00201269
-0.000565428
0.000872557
0.00228298
0.0036623
0.00500749
0.00631601
0.00760409
0.00885204
0.010059
0.0112246
0.0123493
0.0134544
0.0145209
0.0155506
0.0165459
0.0175098
0.0184656
0.0193967
0.0203069
0.0212005
0.0220818
0.0229717
0.0238586
0.0247475
0.0256433
0.0265513
0.0274852
0.0284419
0.0294264
0.0304442
0.0315002
0.0325965
0.0337408
0.0349375
0.0361905
0.0375032
0.0388609
0.0402834
0.0417723
0.0433283
0.0449511
0.0466054
0.0483234
0.0501019
0.051937
0.0538234
0.0557053
0.0576254
0.0595757
0.061547
0.0635294
0.0654498
0.0673586
0.0692432
0.0710903
0.0728857
0.0745469
0.0761267
0.0776092
0.0789786
0.0802183
0.081247
0.082113
0.0827997
0.0832909
0.0835702
0.083571
0.0833289
0.0828294
0.0820583
0.0810022
0.0796229
0.0779346
0.0759265
0.0735892
0.070914
0.0679027
0.0645402
0.0608217
0.0567441
0.052306
0.0475583
0.0424527
0.0369934
0.0311874
0.0250437
0.018668
0.0119808
0.00499933
-0.00225647
-0.00976369
-0.0173644
-0.0251629
-0.0331283
-0.0412276
-0.0494252
-0.0575246
-0.0656458
-0.0737481
-0.0817895
-0.0897263
-0.0973459
-0.104771
-0.111957
-0.118856
-0.125423
-0.131455
-0.137061
-0.142194
-0.14681
-0.150863
-0.154194
-0.156877
-0.158872
-0.160143
-0.160653
-0.160315
-0.159156
-0.157151
-0.154279
-0.150523
-0.145893
-0.140357
-0.133913
-0.12656
-0.118306
-0.109272
-0.0993627
-0.0885997
-0.0770088
-0.0646213
-0.0516675
-0.0379941
-0.023647
-0.00867703
0.00685985
0.022641
0.0388642
0.0554605
0.0723571
0.0894771
0.106438
0.12346
0.140458
0.157344
0.17403
0.19012
0.205829
0.221068
0.235746
0.249775
0.262802
0.275009
0.286312
0.296635
0.305902
0.313857
0.32062
0.326131
0.330335
0.333186
0.334569
0.334523
0.333021
0.330044
0.325583
0.319693
0.312322
0.303484
0.293201
0.281506
0.26863
0.254428
0.238955
0.222275
0.204459
0.185893
0.166352
0.145927
0.124715
0.102816
0.0807261
0.0581679
0.0352552
0.0121058
-0.0111599
-0.0340033
-0.0567185
-0.0791831
-0.101274
-0.12287
-0.143463
-0.163325
-0.182343
-0.200408
-0.217417
-0.232965
-0.247266
-0.260235
-0.271794
-0.281873
-0.290234
-0.297
-0.302126
-0.305578
-0.30733
-0.307347
-0.30564
-0.302214
-0.29708
-0.290262
-0.281935
-0.271997
-0.260499
-0.247502
-0.233074
-0.217581
-0.200822
-0.18289
-0.163888
-0.143923
-0.123498
-0.102344
-0.0805844
-0.0583476
-0.0357643
-0.0133991
0.00904654
0.0314398
0.0536481
0.0755403
0.0965777
0.117047
0.136827
0.155805
0.173871
0.190593
0.206204
0.220616
0.233748
0.245528
0.255697
0.264395
0.271579
0.277211
0.281266
0.283694
0.284523
0.283756
0.281408
0.277503
0.272203
0.265423
0.257215
0.247642
0.236774
0.224958
0.212013
0.19803
0.18311
0.167359
0.151249
0.134531
0.117323
0.0997435
0.0819156
0.0643561
0.0467915
0.029342
0.0121268
-0.00473725
-0.0207734
-0.0362354
-0.0510189
-0.0650243
-0.0781571
-0.0900576
-0.100917
-0.110661
-0.119225
-0.12655
-0.132449
-0.137019
-0.140228
-0.142053
-0.142482
-0.14153
-0.139183
-0.135459
-0.130381
-0.123985
-0.116482
-0.107755
-0.0978644
-0.0868768
-0.0748677
-0.0622082
-0.0486951
-0.0344204
-0.0194809
-0.00397805
0.0116217
0.027574
0.0437707
0.0601017
0.076456
0.0923485
0.108044
0.123436
0.138418
0.152887
0.166418
0.179243
0.191275
0.20243
0.212632
0.221586
0.229457
0.236194
0.241751
0.246094
0.249104
0.250855
0.251338
0.250554
0.248511
0.245281
0.240833
0.235202
0.228425
0.220552
0.211824
0.202113
0.191482
0.180003
0.167751
0.155098
0.141835
0.128046
0.11382
0.0992452
0.084763
0.0701133
0.0553854
0.0406678
0.0260473
0.0119605
-0.00186403
-0.0153489
-0.0284205
-0.0410086
-0.0527448
-0.0638714
-0.074333
-0.0840785
-0.0930617
-0.101029
-0.108158
-0.114418
-0.119784
-0.124236
-0.127665
-0.130158
-0.131712
-0.13233
-0.13202
-0.130824
-0.128733
-0.125773
-0.121972
-0.117366
-0.112132
-0.106175
-0.0995407
-0.0922808
-0.0844487
-0.0763227
-0.0677387
-0.0587564
-0.0494366
-0.0398415
-0.0303001
-0.020607
-0.0108228
-0.00100763
0.00877981
0.0182121
0.0275052
0.0366073
0.0454688
0.054043
0.0620501
0.0696857
0.0769131
0.0836986
0.0900121
0.0956548
0.100776
0.105356
0.109381
0.112837
0.115626
0.117834
0.119462
0.120511
0.12099
0.120897
0.120257
0.119086
0.117404
0.115232
0.112659
0.109649
0.106231
0.102437
0.0982992
0.093965
0.089355
0.0845042
0.0794481
0.0742225
0.0690027
0.0636839
0.0583003
0.0528854
0.0474719
0.0422303
0.0370511
0.0319619
0.0269892
0.0221573
0.0176052
0.0132364
0.00906874
0.00511793
0.00139754
-0.0020022
-0.00515104
-0.00804205
-0.0106703
-0.0130331
-0.0150943
-0.0168902
-0.0184239
-0.0197003
-0.0207262
-0.0215158
-0.0220738
-0.0224124
-0.0225451
-0.0224808
-0.0222645
-0.0218786
-0.0213428
-0.020678
-0.0199056
-0.0190977
-0.0182252
-0.0173089
-0.0163693
-0.0154255
-0.0145438
-0.0136914
-0.0128828
-0.0121307
-0.0114463
-0.0108717
-0.0103806
-0.00997844
-0.0096691
-0.00945482
-0.00934707
-0.00933387
-0.00941286
-0.00958028
-0.00983101
-0.0101474
-0.0105335
-0.010981
-0.01148
-0.0120203
-0.0125632
-0.013126
-0.0136969
-0.0142641
-0.0148158
-0.0153065
-0.0157616
-0.0161714
-0.016527
-0.0168203
-0.0170127
-0.0171329
-0.0171772
-0.0171429
-0.0170286
-0.0168107
-0.016516
-0.0161469
-0.0157069
-0.0152006
-0.0146206
-0.0139867
-0.0133056
-0.0125843
-0.0118303
-0.011049
-0.0102509
-0.00944362
-0.00863506
-0.0078327
-0.00704785
-0.00628265
-0.0055434
-0.00483588
-0.00416525
-0.00354253
-0.00296379
-0.002432
-0.00194934
-0.00151722
-0.00114197
-0.000816366
-0.000539475
-0.000309669
-0.000124652
1.50048e-05
0.000117249
0.000185869
0.000225013
0.000239111
0.000231493
0.000208792
0.000175642
0.000136614
9.61436e-05
5.83083e-05
2.73866e-05
6.9071e-06
0
0
0
0
0
0
0
0
0
0
0
0
0
0
0
0
0
0
0
0
0
0
0
0
0
0
0
0
0
0
0
0
0
0
0
0
0
0
0
0
0
0
0
0
0
0
0
0
0
0
0
0
0
0
0
0
0
0
0
0
0
0
0
0
0
0
0
0
0
0
0
0
0
0
0
0
0
0
0
0
0
0
0
0
0
-0
-0
-0
-0
-0
-0
-0
-0
-0
-0
-0
-0
-0
-0
-0
-0
-0
-0
-0
-0
-0
-0
-0
-0
-0
-0
-0
-0
-0
-0
-0
-0
-0
-0
-0
-0
-0
-0
-0
-0
-0
-0
-0
-0
-0
-0
-0
-0
-0
-0
-0
-0
-0
-0
-0
-0
-0
-0
-0
-0
-0
-0
-0
-0
-0
-0
-0
-0
-0
-0
-0
-0
-0
-0
-0
-0
-0
-0
-0
-0
-0
-0
-0
-0
-0
-0
-0
-0
-0
-0
-0
-0
-0
-0
-0
-0
-0
-0
-0
-0
-0
-0
-0
-0
-0
-0
-0
-0
-0
-0
-0
0
0
0
0
0
