-0
-0
-0
-0
-0
-0
-0
-0
-0
-0
-0
-0
-0
0
0
0
0
0
0
0
0
0
0
0
0
0
0
0
0
0
0
0
0
0
0
0
0
0
0
0
0
0
0
0
0
0
0
0
0
0
0
0
0
0
0
0
0
0
0
0
0
0
0
0
0
0
-0
-0
-0
-0
-0
-0
-0
-0
-0
-0
-0
-0
-0
-0
-0
-0
-0
-0
-0
-0
-0
-0
-0
-0
-0
-0
-0
-0
-0
-0
-0
-0
-0
-0
-0
-0
-0
-0
-0
-0
-0
-0
-0
-0
-0
-0
-0
0
0
0
0
0
0
0
0
0
0
0
0
0
0
0
0
0
0
0
0
0
0
0
0
0
0
0
0
0
0
0
0
0
0
0
0
0
0
0
0
0
0
0
0
0
0
0
-0
-0
-0
-0
-0
-0
-0
-0
-0
-0
-0
-0
-0
-0
-0
-0
-0
-0
-0
-0
-0
-0
-0
-0
-0
-0
-0
-0
-0
-0
-0
-0
-0
-0
-0
-0
-0
-0
-0
-0
-0
-0
-0
-0
0
0
0
0
0
0
0
0
0
0
0
0
0
0
0
0
0
0
0
0
0
0
0
0
0
0
0
0
0
0
0
0
3.7885e-06
1.43663e-05
2.96887e-05
4.74493e-05
6.51204e-05
7.99935e-05
8.92242e-05
8.98799e-05
7.899e-05
5.35979e-05
1.08146e-05
-5.21281e-05
-0.000137824
-0.000248638
-0.000386659
-0.000553648
-0.00075099
-0.000979658
-0.00124017
-0.00153255
-0.00185632
-0.00221046
-0.00259337
-0.00300293
-0.00343641
-0.00389055
-0.00436152
-0.00484498
-0.00533606
-0.00582944
-0.00631939
-0.00679978
-0.00726416
-0.00770583
-0.00811792
-0.0084934
-0.00882524
-0.00910643
-0.00933007
-0.00948948
-0.00957827
-0.0095904
-0.00952032
-0.00936297
-0.00911394
-0.00876947
-0.00832657
-0.00778304
-0.00713757
-0.00638974
-0.00554009
-0.00459015
-0.00354243
-0.00240048
-0.00116883
0.000146943
0.00154032
0.0030038
0.00452899
0.00610664
0.00772671
0.00937842
0.0110504
0.0127306
0.0144068
0.0160661
0.0176956
0.0192822
0.0208128
0.0222743
0.0236542
0.0249399
0.0261195
0.0271817
0.0281159
0.0289121
0.0295614
0.030056
0.0303889
0.0305544
0.0305483
0.0303673
0.0300097
0.0294753
0.028765
0.0278815
0.0268288
0.0256121
0.0242384
0.0227157
0.0210607
0.0192871
0.017403
0.0154171
0.0133386
0.0111771
0.008943
0.00664678
0.00429941
0.00191213
-0.000503597
-0.00293613
-0.0053737
-0.00780449
-0.0102167
-0.0125985
-0.0149382
-0.0172244
-0.0194458
-0.0215913
-0.0236504
-0.0256127
-0.0274686
-0.0292086
-0.0308241
-0.032307
-0.0336498
-0.0348458
-0.0358888
-0.0367738
-0.037496
-0.0380521
-0.038439
-0.0386549
-0.0386987
-0.0385701
-0.0382699
-0.0377995
-0.0371614
-0.0363588
-0.035396
-0.0342777
-0.0330097
-0.0315985
-0.0300513
-0.0283758
-0.0265806
-0.0246746
-0.0226674
-0.0205687
-0.0183888
-0.0161384
-0.0138281
-0.0114689
-0.00907193
-0.0066482
-0.00420887
-0.00176499
0.000672425
0.00309253
0.00548464
0.00783828
0.0101432
0.0123896
0.0145678
0.0166685
0.0186832
0.0206034
0.0224215
0.0241302
0.0257229
0.0271937
0.0285373
0.0297491
0.0308253
0.0317628
0.032559
0.0332125
0.0337222
0.0340879
0.0343101
0.0343899
0.0343291
0.0341302
0.0337962
0.0333307
0.0327378
0.0320222
0.0311892
0.0302442
0.0291934
0.0280432
0.0268004
0.0254722
0.0240658
0.0225889
0.0210493
0.0194548
0.0178134
0.0161331
0.0144218
0.0126873
0.0109373
0.00917949
0.00742105
0.00566909
0.00393041
0.00221148
0.000518458
-0.00114286
-0.00276706
-0.00434911
-0.00588436
-0.00736859
-0.00879801
-0.0101692
-0.0114793
-0.0127258
-0.0139065
-0.01502
-0.0160648
-0.0170402
-0.0179458
-0.0187815
-0.0195476
-0.0202446
-0.0208734
-0.0214351
-0.021931
-0.0223625
-0.0227314
-0.0230392
-0.023288
-0.0234797
-0.0236161
-0.0236993
-0.0237313
-0.0237143
-0.0236501
-0.0235409
-0.0233887
-0.0231953
-0.0229628
-0.0226928
-0.0223871
-0.0220474
-0.0216749
-0.0212711
-0.020837
-0.0203734
-0.0198811
-0.0193606
-0.0188121
-0.0182357
-0.0176314
-0.016999
-0.016338
-0.015648
-0.0149287
-0.0141794
-0.0133997
-0.0125893
-0.0117478
-0.010875
-0.00997102
-0.00903588
-0.00806991
-0.00707361
-0.00604763
-0.00499284
-0.00391028
-0.00280117
-0.00166692
-0.000509135
0.000670407
0.00186972
0.00308659
0.00431862
0.00556315
0.00681727
0.00807782
0.00934134
0.0106041
0.0118621
0.0131111
0.0143464
0.0155632
0.0167565
0.017921
0.0190511
0.0201414
0.0211861
0.0221795
0.023116
0.0239897
0.0247953
0.0255273
0.0261805
0.02675
0.0272312
0.0276198
0.0279118
0.0281036
0.0281922
0.0281748
0.0280491
0.0278135
0.0274665
0.0270075
0.0264361
0.0257525
0.0249575
0.0240524
0.023039
0.0219196
0.0206972
0.0193751
0.0179573
0.0164484
0.0148534
0.0131779
0.011428
0.00961033
0.00773202
0.0058006
0.00382406
0.0018108
-0.000230457
-0.00229065
-0.00436049
-0.00643046
-0.0084909
-0.0105321
-0.0125442
-0.0145176
-0.0164427
-0.0183099
-0.0201102
-0.0218344
-0.0234742
-0.0250213
-0.0264679
-0.027807
-0.0290317
-0.0301362
-0.0311147
-0.0319627
-0.032676
-0.0332512
-0.0336856
-0.0339772
-0.0341249
-0.0341283
-0.0339876
-0.0337039
-0.033279
-0.0327154
-0.0320165
-0.0311859
-0.0302285
-0.0291493
-0.0279541
-0.0266493
-0.0252419
-0.0237391
-0.0221489
-0.0204794
-0.0187392
-0.0169372
-0.0150826
-0.0131846
-0.0112528
-0.00929683
-0.00732625
-0.00535074
-0.00337987
-0.00142308
0.000510321
0.00241127
0.00427095
0.00608088
0.00783291
0.00951931
0.0111328
0.0126665
0.0141141
0.0154698
0.0167283
0.017885
0.0189358
0.0198772
0.0207063
0.021421
0.0220195
0.022501
0.0228651
0.023112
0.0232426
0.0232584
0.0231613
0.0229539
0.0226395
0.0222215
0.021704
0.0210916
0.0203892
0.0196021
0.0187359
0.0177966
0.0167904
0.0157236
0.0146029
0.0134351
0.012227
0.0109856
0.00971768
0.00843033
0.00713039
0.00582466
0.00451981
0.00322236
0.00193862
0.000674695
-0.000563572
-0.00177062
-0.00294117
-0.0040703
-0.0051534
-0.00618623
-0.00716493
-0.00808601
-0.00894637
-0.00974334
-0.0104746
-0.0111383
-0.011733
-0.0122575
-0.0127112
-0.0130939
-0.0134057
-0.0136471
-0.0138188
-0.0139222
-0.0139588
-0.0139304
-0.0138393
-0.0136878
-0.0134786
-0.0132147
-0.0128992
-0.0125353
-0.0121265
-0.0116765
-0.0111888
-0.0106673
-0.0101158
-0.00953813
-0.0089382
-0.00831986
-0.00768697
-0.00704332
-0.00639264
-0.00573858
-0.00508467
-0.00443436
-0.00379093
-0.00315755
-0.0025372
-0.00193273
-0.00134677
-0.000781787
-0.000240053
0.000276369
0.000765623
0.00122606
0.00165625
0.00205497
0.00242123
0.00275423
0.00305339
0.00331835
0.00354895
0.0037452
0.00390734
0.00403575
0.004131
0.00419382
0.0042251
0.00422583
0.00419716
0.00414034
0.00405672
0.00394775
0.00381494
0.00365989
0.00348424
0.00328969
0.00307796
0.00285082
0.00261004
0.00235742
0.00209473
0.00182378
0.00154632
0.0012641
0.000978834
0.000692204
0.000405839
0.000121313
-0.000159857
-0.000436223
-0.000706409
-0.00096912
-0.00122314
-0.00146736
-0.00170075
-0.00192236
-0.00213139
-0.00232709
-0.00250885
-0.00267614
-0.00282855
-0.00296576
-0.00308756
-0.00319383
-0.00328452
-0.0033597
-0.00341949
-0.00346408
-0.00349374
-0.00350878
-0.00350958
-0.00349653
-0.0034701
-0.00343076
-0.00337903
-0.00331545
-0.00324059
-0.00315506
-0.00305948
-0.0029545
-0.0028408
-0.00271909
-0.0025901
-0.00245458
-0.00231331
-0.00216707
-0.00201666
-0.00186289
-0.00170656
-0.00154846
-0.00138938
-0.00123009
-0.00107133
-0.000913818
-0.000758247
-0.000605279
-0.000455546
-0.000309651
-0.000168167
-3.16373e-05
9.94219e-05
0.000224523
0.000343205
0.000455037
0.000559618
0.00065658
0.000745588
0.000826346
0.000898596
0.000962125
0.00101676
0.00106239
0.00109893
0.00112635
0.00114467
0.00115398
0.00115436
0.00114599
0.00112905
0.00110379
0.00107047
0.00102942
0.000980961
0.000925485
0.000863399
0.000795143
0.000721187
0.000642028
0.000558191
0.000470221
0.000378685
0.000284164
0.000187252
8.85499e-05
-1.13386e-05
-0.000111812
-0.000212276
-0.000312147
-0.000410852
-0.000507839
-0.000602572
-0.000694561
-0.000783586
-0.000869348
-0.000951507
-0.00102973
-0.00110371
-0.00117312
-0.00123768
-0.0012971
-0.0013511
-0.00139944
-0.00144189
-0.00147823
-0.00150827
-0.00153188
-0.00154893
-0.00155934
-0.00156304
-0.00156003
-0.00155032
-0.00153397
-0.00151107
-0.00148173
-0.00144611
-0.00140437
-0.00135674
-0.00130344
-0.00124473
-0.00118091
-0.00111229
-0.00103922
-0.000962066
-0.000881239
-0.000797172
-0.000710328
-0.000621196
-0.000530291
-0.00043815
-0.000345327
-0.000252389
-0.000159912
-6.84719e-05
2.13563e-05
0.000109008
0.000193933
0.000275599
0.000353497
0.000427145
0.000496089
0.000559909
0.000618216
0.00067066
0.000716924
0.00075669
0.000789475
0.000815025
0.000833181
0.000843847
0.000846985
0.000842625
0.000830857
0.000811833
0.000785768
0.000752934
0.000713661
0.000668335
0.000617388
0.000561304
0.000500604
0.000435852
0.00036764
0.000296588
0.000223341
0.000148555
7.28988e-05
-2.95561e-06
-7.83402e-05
-0.000152604
-0.000225098
-0.000295205
-0.000362337
-0.000425946
-0.000485523
-0.000540614
-0.000590817
-0.000635785
-0.000675234
-0.000708929
-0.000736721
-0.000758513
-0.000774295
-0.000784286
-0.000788584
-0.000787341
-0.000780719
-0.000768914
-0.00075215
-0.00073064
-0.000704688
-0.000674581
-0.000640621
-0.000603125
-0.000562382
-0.000518766
-0.00047262
-0.000424292
-0.00037413
-0.000322447
-0.00026963
-0.000216022
-0.000161961
-0.000107774
-5.37481e-05
-2.20389e-07
5.25187e-05
0.000104194
0.000154549
0.000203361
0.000250391
0.000295436
0.000338315
0.000378864
0.000416938
0.000452416
0.000485195
0.00051519
0.000542334
0.00056655
0.000587839
0.000606185
0.00062159
0.00063407
0.00064359
0.000650253
0.000654107
0.00065521
0.000653621
0.000649309
0.000642443
0.000633092
0.000621328
0.000607221
0.000590703
0.000571894
0.000550544
0.00052675
0.000500658
0.000472264
0.000441912
0.000409796
0.000376126
0.000341129
0.000304873
0.000267791
0.000230155
0.00019225
0.000154366
0.000116645
7.95447e-05
4.33652e-05
8.40065e-06
-2.50637e-05
-5.68538e-05
-8.6613e-05
-0.000114102
-0.000139101
-0.000161415
-0.000180867
-0.000197309
-0.000210613
-0.000220675
-0.000227412
-0.000230614
-0.00023039
-0.000226718
-0.0002196
-0.000209056
-0.000194803
-0.000177234
-0.00015644
-0.000132537
-0.000105671
-7.5502e-05
-4.27503e-05
-7.65324e-06
2.95217e-05
6.84775e-05
0.000109577
0.00015178
0.000194714
0.00023799
0.000281203
0.000324747
0.000367401
0.000408751
0.00044839
0.000485922
0.000521788
0.000554798
0.000584609
0.000610897
0.000633369
0.000652464
0.000667231
0.000677461
0.000682976
0.000683634
0.000679764
0.000670862
0.0006569
0.000637892
0.0006139
0.000585026
0.000551423
0.00051329
0.000470869
0.000424451
0.000373788
0.000319834
0.000262998
0.000203725
0.000142489
7.85458e-05
1.36621e-05
-5.16222e-05
-0.000116755
-0.000181174
-0.000246222
-0.00030942
-0.000370196
-0.000427989
-0.000482248
-0.0005349
-0.000582955
-0.00062591
-0.000663291
-0.000694659
-0.000722404
-0.000743369
-0.000757237
-0.000763747
-0.000762698
-0.000756719
-0.000742966
-0.000721428
-0.000692171
-0.00065534
-0.00061346
-0.000564509
-0.000508845
-0.000446904
-0.000379195
-0.000307666
-0.000231576
-0.000151618
-6.85401e-05
1.68554e-05
0.00010373
0.0001912
0.000278356
0.000364262
0.000447966
0.000530224
0.00060835
0.000681387
0.000748389
0.000808434
0.000864205
0.000911266
0.000948806
0.000976068
0.000992361
0.00100239
0.00100028
0.000985573
0.000957899
0.000917001
0.000869398
0.000808367
0.000733979
0.00064643
0.000546052
0.00044063
0.00032341
0.000195093
5.65151e-05
-9.13549e-05
-0.000240367
-0.000396398
-0.000558155
-0.000724238
-0.000893146
-0.00105756
-0.00122157
-0.00138349
-0.00154155
-0.00169395
-0.00183549
-0.0019677
-0.00208874
-0.00219679
-0.00229003
-0.00236658
-0.00242484
-0.00246317
-0.00248002
-0.00247392
-0.00244725
-0.0023951
-0.0023164
-0.00221028
-0.002076
-0.00192064
-0.00173625
-0.00152269
-0.00128005
-0.0010086
-0.000719907
-0.000403631
-6.06991e-05
0.000307744
0.000700334
0.00110204
0.00152459
0.00196605
0.00242431
0.00289706
0.00336742
0.0038472
0.00433367
0.00482396
0.00531507
0.00579033
0.00626015
0.00672131
0.00717054
0.00760452
0.00800913
0.00839194
0.00874972
0.00907934
0.00937772
0.00963556
0.00985644
0.0100378
0.0101771
0.0102722
0.0103204
0.0103207
0.0102714
0.0101714
0.0100198
0.00982133
0.0095701
0.00926599
0.0089092
0.00850021
0.00805156
0.00755263
0.00700482
0.00640983
0.00576969
0.00510345
0.00439693
0.00365294
0.00287461
0.00206529
0.00124863
0.000408353
-0.000451578
-0.00132702
-0.00221367
-0.00308611
-0.00396087
-0.00483343
-0.00569921
-0.00655358
-0.00737252
-0.00817096
-0.00894445
-0.00968863
-0.0103992
-0.0110567
-0.0116726
-0.0122431
-0.0127647
-0.0132341
-0.0136388
-0.0139854
-0.0142715
-0.0144948
-0.0146535
-0.0147438
-0.0147669
-0.0147217
-0.014608
-0.0144255
-0.0141799
-0.0138666
-0.0134864
-0.0130407
-0.0125312
-0.0119724
-0.0113541
-0.010679
-0.00995012
-0.00917057
-0.00836181
-0.00750955
-0.00661768
-0.00569029
-0.00473166
-0.00376756
-0.00278114
-0.00177699
-0.000759791
0.00026571
0.00127248
0.00227808
0.00327786
0.0042672
0.00524156
0.00617584
0.00708646
0.00796937
0.00882066
0.00963661
0.0103969
0.0111151
0.0117883
0.0124138
0.0129892
0.0135008
0.0139582
0.0143599
0.0147046
0.0149913
0.0152141
0.0153779
0.0154825
0.0155281
0.0155151
0.0154456
0.0153192
0.0151373
0.0149011
0.0146125
0.0142802
0.0138995
0.0134726
0.0130018
0.0124898
0.0119508
0.0113761
0.0107686
0.0101314
0.00946761
0.00879468
0.00810141
0.00739095
0.00666647
0.00593113
0.00520369
0.0044715
0.00373748
0.00300446
0.00227518
0.00156765
0.000868865
0.000181118
-0.000493469
-0.00115293
-0.00178148
-0.00239147
-0.00298141
-0.00354999
-0.00409603
-0.00460681
-0.00509314
-0.00555426
-0.00598954
-0.00639847
-0.00677167
-0.00711784
-0.00743682
-0.00772854
-0.00799303
-0.00822422
-0.00842853
-0.00860627
-0.0087578
-0.00888359
-0.00898059
-0.00905287
-0.00910101
-0.00912559
-0.00912721
-0.0091054
-0.00906178
-0.0089969
-0.00891127
-0.00880535
-0.0086808
-0.00853678
-0.00837362
-0.00819162
-0.00799105
-0.0077756
-0.00754203
-0.00729053
-0.0070213
-0.0067345
-0.00643601
-0.00612031
-0.0057876
-0.00543808
-0.00507194
-0.00469738
-0.00430667
-0.00390007
-0.00347787
-0.00304038
-0.00259816
-0.00214139
-0.0016705
-0.00118599
-0.000688425
-0.00019071
0.000318704
0.000839011
0.00136931
0.00190858
0.00244188
0.00298185
0.00352717
0.00407642
0.00462809
0.005166
0.00570303
0.00623742
0.00676733
0.00729085
0.00779185
0.00828248
0.0087607
0.00922443
0.00967153
0.0100875
0.0104827
0.0108548
0.0112018
0.0115215
0.011803
0.0120532
0.0122702
0.0124522
0.0125974
0.0126999
0.0127625
0.0127839
0.012763
0.0126987
0.0125914
0.0124394
0.012242
0.0119992
0.0117108
0.0113845
0.0110133
0.0105978
0.0101388
0.00963729
0.00910802
0.00853904
0.00793205
0.00728893
0.0066118
0.00592128
0.00520155
0.00445526
0.00368527
0.00289458
0.00210794
0.00130702
0.000495176
-0.000324123
-0.00114733
-0.00194824
-0.00274588
-0.00353667
-0.00431703
-0.00508337
-0.00581097
-0.00651761
-0.00719995
-0.00785471
-0.00847873
-0.00905169
-0.009588
-0.0100849
-0.0105399
-0.0109505
-0.0113034
-0.0116076
-0.0118615
-0.0120636
-0.0122125
-0.0123034
-0.0123392
-0.0123195
-0.0122439
-0.0121126
-0.0119302
-0.0116929
-0.0114015
-0.0110573
-0.0106615
-0.0102281
-0.00974673
-0.00921952
-0.00864886
-0.00803731
-0.00740633
-0.00674017
-0.00604194
-0.00531489
-0.00456243
-0.00381114
-0.00304154
-0.00225727
-0.00146204
-0.000659643
0.000121317
0.000901927
0.00167848
0.00244729
0.00320472
0.00392349
0.00462392
0.00530269
0.00595665
0.00658271
0.00715812
0.00770006
0.008206
0.00867363
0.0090984
0.00946104
0.00977305
0.0100326
0.0102382
0.0103889
0.010478
0.0105116
0.0104898
0.0104136
0.010284
0.0101045
0.00987525
0.00959844
0.00927677
0.00891322
0.00852008
0.00809163
0.00763153
0.00714365
0.00663201
0.00611473
0.0055815
0.00503643
0.00448362
0.00392713
0.00338742
0.00285123
0.00232221
0.00180383
0.00129939
0.000828184
0.000376035
-5.45651e-05
-0.000461381
-0.000842449
-0.00118222
-0.00149397
-0.00177668
-0.00202961
-0.0022523
-0.0024344
-0.00258687
-0.00271009
-0.00280472
-0.00287161
-0.00290577
-0.00291503
-0.00290083
-0.00286479
-0.00280865
-0.00273186
-0.00263895
-0.00253192
-0.00241279
-0.00228359
-0.00214662
-0.00200357
-0.00185638
-0.00170692
-0.00155697
-0.00140992
-0.00126536
-0.00112473
-0.000989303
-0.000860196
-0.000740431
-0.000628419
-0.000524811
-0.000430093
-0.000344593
-0.000270139
-0.000204738
-0.000148286
-0.000100548
-6.11634e-05
-3.06268e-05
-7.11489e-06
1.00022e-05
2.14257e-05
2.79153e-05
2.99165e-05
2.87889e-05
2.53479e-05
2.04079e-05
1.4769e-05
9.16109e-06
4.40705e-06
1.15772e-06
0
0
0
0
0
0
0
0
0
0
0
0
0
0
0
0
0
0
0
0
0
0
0
0
0
0
0
0
0
0
0
0
0
0
0
0
0
-0
-0
-0
-0
-0
-0
-0
-0
-0
-0
-0
-0
-0
-0
-0
-0
-0
-0
-0
-0
-0
-0
-0
-0
-0
-0
-0
-0
-0
-0
-0
-0
-0
-0
-0
-0
-0
-0
-0
0
0
0
0
0
0
0
0
0
0
0
0
0
0
0
0
0
0
0
0
0
0
0
0
0
0
0
0
0
0
0
0
0
0
0
0
0
0
0
0
0
0
0
0
0
0
0
-0
-0
-0
-0
-0
-0
-0
-0
-0
-0
-0
-0
-0
-0
-0
-0
-0
-0
-0
-0
-0
-0
-0
-0
-0
-0
-0
-0
-0
-0
-0
-0
-0
-0
-0
-0
-0
-0
-0
-0
-0
-0
-0
-0
-0
-0
-0
-0
0
0
0
0
0
0
0
0
0
0
0
0
0
0
0
0
0
0
0
0
0
0
0
0
0
0
0
0
0
0
0
0
0
0
0
0
0
0
0
0
0
0
0
0
0
0
0
0
0
0
0
0
0
0
0
0
0
0
0
0
0
0
0
0
0
