0
0
0
0
0
0
-0
-0
-0
-0
-0
-0
-0
-0
-0
-0
-0
-0
-0
-0
-0
-0
-0
-0
-0
-0
-0
-0
-0
-0
-0
-0
-0
-0
-0
-0
-0
-0
-0
-0
-0
-0
-0
-0
-0
-0
-0
-0
-0
-0
-0
-0
-0
-0
0
0
0
0
0
0
0
0
0
0
0
0
0
0
0
0
0
0
0
0
0
0
0
0
0
0
0
0
0
0
0
0
0
0
0
0
0
0
0
0
0
0
0
0
0
0
0
0
0
-0
-0
-0
-0
-0
-0
-0
-0
-0
-0
-0
-0
-0
-0
-0
-0
-0
-0
-0
-0
-0
-0
-0
-0
-0
-0
-0
-0
-0
-0
-0
-0
-0
-0
-0
-0
-0
-0
-0
-0
-0
-0
-0
-0
-0
-0
-0
-0
0
0
0
0
0
0
0
0
0
0
0
0
0
0
0
0
0
0
0
0
0
0
0
0
0
0
0
0
0
0
0
0
0
0
0
0
0
0
0
0
0
0
0
0
0
0
0
-0
-0
-0
-0
-0
-0
-0
-0
-0
-0
-0
-0
-0
-0
-0
-0
-0
-0
-0
-0
-0
-0
-0
-0
-0
-0
-0
-0
-0
-0
-0
-0
-0
-0
-0
-0
-0
-0
-4.58471e-06
-1.41463e-05
-2.15162e-05
-1.971e-05
-2.09998e-06
3.74247e-05
0.000104314
0.000203229
0.000337924
0.000511141
0.000724515
0.000978502
0.00127233
0.00160399
0.0019702
0.00236641
0.00278685
0.00322459
0.00367166
0.0041192
0.00455757
0.00497646
0.00536493
0.0057115
0.00600434
0.00623157
0.00638162
0.00644356
0.00640726
0.00626342
0.00600354
0.00562002
0.00510636
0.00445762
0.0036708
0.00274507
0.00168173
0.000484097
-0.000842767
-0.00229202
-0.00385492
-0.00552062
-0.00727608
-0.0091062
-0.010994
-0.0129211
-0.0148675
-0.0168118
-0.0187316
-0.020603
-0.0224017
-0.0241032
-0.0256836
-0.0271192
-0.028387
-0.0294647
-0.0303305
-0.030964
-0.0313466
-0.031462
-0.0312963
-0.030838
-0.0300781
-0.02901
-0.0276299
-0.0259376
-0.0239363
-0.0216331
-0.0190382
-0.0161645
-0.0130277
-0.00964659
-0.00604306
-0.00224282
0.00172484
0.00582771
0.0100316
0.0143014
0.0186015
0.0228959
0.0271482
0.0313213
0.0353773
0.0392781
0.0429864
0.0464661
0.0496832
0.0526058
0.0552044
0.0574521
0.0593451
0.0608794
0.0620389
0.0628103
0.0631826
0.0631476
0.0626994
0.061834
0.0605494
0.0588464
0.0567288
0.0542038
0.0512819
0.0479763
0.0443023
0.0402767
0.035918
0.0312468
0.0262864
0.021063
0.0156058
0.00994585
0.00411524
-0.0018532
-0.00792613
-0.0140693
-0.0202472
-0.026423
-0.0325593
-0.0386183
-0.0445631
-0.0503575
-0.0559659
-0.0613534
-0.0664859
-0.0713301
-0.0758546
-0.08003
-0.0838295
-0.0872285
-0.0902044
-0.0927361
-0.0948046
-0.0963934
-0.0974886
-0.09808
-0.0981604
-0.0977258
-0.096775
-0.0953091
-0.093332
-0.0908499
-0.0878721
-0.0844111
-0.0804822
-0.076104
-0.0712977
-0.0660876
-0.0605001
-0.0545642
-0.0483111
-0.0417737
-0.0349868
-0.0279865
-0.0208103
-0.0134964
-0.00608377
0.00138802
0.00887864
0.0163471
0.0237517
0.0310507
0.0382026
0.045167
0.0519051
0.0583796
0.0645555
0.070399
0.0758781
0.0809625
0.0856238
0.0898358
0.0935749
0.09682
0.0995529
0.101758
0.103424
0.104541
0.105106
0.105114
0.104569
0.103473
0.101833
0.0996596
0.0969642
0.093763
0.0900753
0.0859231
0.081331
0.0763259
0.0709369
0.0651954
0.0591342
0.052788
0.0461927
0.0393852
0.0324034
0.0252863
0.0180738
0.0108065
0.00352521
-0.00372952
-0.0109182
-0.0180025
-0.0249454
-0.0317107
-0.0382633
-0.0445694
-0.0505962
-0.0563127
-0.06169
-0.0667011
-0.0713213
-0.0755285
-0.0793031
-0.0826282
-0.0854903
-0.0878783
-0.0897842
-0.091202
-0.0921284
-0.0925624
-0.0925055
-0.0919623
-0.0909403
-0.0894501
-0.0875048
-0.0851203
-0.082315
-0.0791096
-0.0755269
-0.0715913
-0.0673291
-0.0627677
-0.0579357
-0.0528629
-0.0475807
-0.0421216
-0.0365192
-0.0308082
-0.0250235
-0.0192004
-0.0133741
-0.00757945
-0.00185058
0.00377909
0.00927718
0.0146124
0.0197545
0.0246743
0.0293435
0.0337352
0.0378241
0.0415867
0.045002
0.0480508
0.0507167
0.0529856
0.0548458
0.0562885
0.0573074
0.0578984
0.0580598
0.0577919
0.057097
0.0559802
0.054449
0.052514
0.0501885
0.0474886
0.0444322
0.0410393
0.0373316
0.0333325
0.0290674
0.0245628
0.0198467
0.0149484
0.00989795
0.00472678
-0.000532586
-0.00584659
-0.0111811
-0.0165016
-0.0217743
-0.0269655
-0.0320423
-0.0369722
-0.0417233
-0.0462646
-0.050566
-0.0545991
-0.0583368
-0.0617538
-0.0648259
-0.0675305
-0.0698471
-0.0717573
-0.0732451
-0.0742976
-0.0749041
-0.0750565
-0.0747494
-0.0739794
-0.0727464
-0.071053
-0.0689044
-0.0663085
-0.0632756
-0.0598184
-0.055952
-0.0516942
-0.0470655
-0.0420891
-0.0367903
-0.0311961
-0.0253353
-0.0192383
-0.0129372
-0.00646572
0.000140971
0.00684653
0.0136138
0.020405
0.0271818
0.0339054
0.0405367
0.047037
0.0533681
0.0594931
0.0653761
0.0709825
0.0762787
0.0812324
0.0858129
0.0899913
0.0937409
0.0970371
0.0998571
0.10218
0.103987
0.105262
0.105991
0.106164
0.105775
0.104821
0.103301
0.101221
0.0985854
0.0954046
0.0916914
0.0874614
0.0827332
0.0775276
0.0718677
0.065779
0.0592897
0.0524303
0.0452336
0.0377343
0.0299687
0.0219745
0.0137912
0.00546017
-0.00297557
-0.0114716
-0.0199826
-0.0284635
-0.0368694
-0.0451562
-0.0532803
-0.0611991
-0.0688709
-0.0762554
-0.0833146
-0.0900124
-0.0963153
-0.102192
-0.107614
-0.112555
-0.116991
-0.120902
-0.12427
-0.127082
-0.129324
-0.130989
-0.132069
-0.132561
-0.132466
-0.131785
-0.130527
-0.128699
-0.126314
-0.123387
-0.119934
-0.115975
-0.111534
-0.106634
-0.101302
-0.0955677
-0.089461
-0.0830149
-0.0762633
-0.0692418
-0.0619867
-0.0545349
-0.046924
-0.0391919
-0.0313767
-0.023517
-0.0156513
-0.00781772
-5.37838e-05
0.00760395
0.01512
0.0224599
0.0295907
0.0364807
0.0430999
0.0494202
0.0554151
0.0610604
0.0663341
0.0712162
0.0756895
0.079739
0.0833519
0.0865178
0.0892286
0.0914781
0.0932628
0.0945814
0.0954354
0.0958288
0.0957679
0.095261
0.0943187
0.0929531
0.0911782
0.08901
0.0864658
0.0835646
0.0803269
0.0767744
0.0729304
0.068819
0.0644653
0.0598949
0.0551337
0.0502077
0.0451434
0.0399671
0.0347057
0.029386
0.0240347
0.0186775
0.0133397
0.00804544
0.00281805
-0.00231992
-0.00734684
-0.0122421
-0.0169862
-0.0215609
-0.0259492
-0.0301354
-0.0341052
-0.0378456
-0.0413456
-0.0445958
-0.0475884
-0.050317
-0.0527764
-0.0549621
-0.0568713
-0.0585023
-0.0598555
-0.060933
-0.0617382
-0.0622756
-0.0625505
-0.0625689
-0.0623374
-0.0618642
-0.0611583
-0.06023
-0.0590901
-0.0577504
-0.0562229
-0.0545201
-0.052655
-0.0506411
-0.0484918
-0.0462208
-0.0438418
-0.0413685
-0.0388147
-0.0361945
-0.0335216
-0.0308097
-0.0280716
-0.0253199
-0.0225664
-0.0198226
-0.0170999
-0.0144093
-0.0117614
-0.00916627
-0.00663337
-0.00417149
-0.0017889
0.000506785
0.00270865
0.0048106
0.00680734
0.00869415
0.0104667
0.0121211
0.0136537
0.0150618
0.0163436
0.0174983
0.0185263
0.0194283
0.0202053
0.0208585
0.0213895
0.0218004
0.022094
0.0222738
0.0223439
0.0223086
0.0221725
0.0219404
0.0216176
0.0212096
0.0207221
0.0201607
0.0195309
0.0188382
0.0180886
0.0172884
0.0164443
0.0155628
0.0146499
0.0137112
0.0127517
0.0117765
0.0107907
0.00979997
0.00881004
0.00782623
0.00685332
0.00589552
0.00495678
0.00404096
0.00315191
0.00229321
0.00146798
0.000678722
-7.24838e-05
-0.000783714
-0.001453
-0.0020784
-0.00265832
-0.00319185
-0.00367884
-0.00411973
-0.0045151
-0.00486547
-0.00517123
-0.00543297
-0.00565178
-0.00582935
-0.00596785
-0.00606956
-0.00613664
-0.00617112
-0.00617517
-0.0061513
-0.0061024
-0.00603157
-0.0059418
-0.00583584
-0.00571631
-0.00558599
-0.00544804
-0.00530589
-0.00516292
-0.00502208
-0.00488571
-0.00475575
-0.00463477
-0.00453097
-0.00444811
-0.00438853
-0.00435431
-0.00434711
-0.00436824
-0.00441905
-0.00450122
-0.00461684
-0.00476814
-0.0049571
-0.00518534
-0.00545422
-0.00576521
-0.00612012
-0.00652094
-0.00696934
-0.00746612
-0.00801099
-0.0086029
-0.00924069
-0.00992352
-0.0106509
-0.0114219
-0.0122345
-0.0130852
-0.013969
-0.0148803
-0.0158137
-0.016764
-0.0177259
-0.018693
-0.0196572
-0.0206094
-0.0215399
-0.0224389
-0.0232974
-0.0241062
-0.0248554
-0.0255339
-0.0261301
-0.0266324
-0.02703
-0.0273136
-0.0274744
-0.0275033
-0.0273909
-0.0271278
-0.0267056
-0.0261181
-0.0253608
-0.0244313
-0.0233269
-0.0220429
-0.020579
-0.0189375
-0.017123
-0.0151426
-0.0130052
-0.0107203
-0.00829848
-0.00575131
-0.00309233
-0.000337438
0.0024956
0.00538821
0.00832201
0.0112791
0.0142418
0.0171916
0.0201089
0.0229735
0.0257657
0.0284666
0.0310589
0.033526
0.0358522
0.0380216
0.0400198
0.0418346
0.0434562
0.0448766
0.0460888
0.0470861
0.0478621
0.0484121
0.0487331
0.0488267
0.0486969
0.0483523
0.0478175
0.0471009
0.0462108
0.045155
0.0439433
0.0425861
0.0410924
0.0394751
0.0377451
0.0359134
0.0339921
0.0319907
0.029925
0.027807
0.0256473
0.0234563
0.0212408
0.019016
0.0167941
0.0145868
0.0124044
0.0102509
0.00813699
0.00606883
0.00405324
0.00209757
0.000205273
-0.00161428
-0.00335747
-0.00502245
-0.00660817
-0.00811597
-0.00954162
-0.0108837
-0.0121417
-0.0133166
-0.0144112
-0.0154274
-0.0163672
-0.0172325
-0.0180255
-0.0187472
-0.0194046
-0.0200034
-0.0205494
-0.0210476
-0.021496
-0.021904
-0.0222754
-0.022615
-0.0229284
-0.0232114
-0.0234783
-0.0237301
-0.0239708
-0.0242043
-0.0244214
-0.0246393
-0.0248613
-0.02509
-0.0253278
-0.0255607
-0.0258071
-0.0260691
-0.026348
-0.026644
-0.0269388
-0.0272474
-0.0275674
-0.0278968
-0.0282332
-0.0285587
-0.0288841
-0.0292039
-0.0295119
-0.0298014
-0.030056
-0.0302796
-0.0304656
-0.0306068
-0.030695
-0.0307202
-0.030676
-0.0305547
-0.0303486
-0.03005
-0.0296603
-0.0291618
-0.028547
-0.0278097
-0.0269446
-0.0259703
-0.0248595
-0.0236076
-0.0222109
-0.0206666
-0.0190106
-0.0172072
-0.0152585
-0.0131665
-0.0109331
-0.00860946
-0.00615104
-0.0035641
-0.000857078
0.00196016
0.00482148
0.00777253
0.0108026
0.0138993
0.017048
0.0201757
0.0233217
0.0264688
0.0296003
0.0326997
0.0357006
0.0386321
0.041473
0.0442011
0.0467947
0.0492022
0.0514356
0.0534758
0.0553032
0.0568972
0.0582328
0.0592954
0.0600678
0.0605345
0.0606814
0.0605239
0.0600196
0.0591569
0.0579258
0.0563191
0.0543987
0.0520951
0.0494067
0.046333
0.0428759
0.0391419
0.0350364
0.0305696
0.0257543
0.0206048
0.015268
0.00963193
0.00371792
-0.00244936
-0.00884259
-0.0152872
-0.0218987
-0.0286462
-0.035497
-0.0424164
-0.0492253
-0.0560283
-0.062787
-0.0694624
-0.0760153
-0.0822874
-0.0883573
-0.0941844
-0.0997277
-0.104947
-0.109728
-0.114108
-0.11805
-0.121518
-0.12448
-0.126893
-0.12874
-0.129993
-0.13063
-0.130627
-0.130032
-0.128764
-0.126811
-0.124165
-0.120824
-0.116929
-0.11234
-0.107063
-0.101108
-0.0944909
-0.0874437
-0.0797787
-0.0715229
-0.0627061
-0.0533609
-0.0437852
-0.0337576
-0.0233233
-0.012532
-0.00143594
0.00962878
0.0208899
0.0322914
0.0437747
0.0552776
0.0664695
0.0775526
0.0884628
0.0991368
0.109512
0.119312
0.128689
0.137581
0.145929
0.153676
0.16064
0.166898
0.1724
0.177103
0.180961
0.183922
0.185967
0.187069
0.187205
0.186356
0.184619
0.181875
0.178119
0.173356
0.167592
0.161073
0.153589
0.145166
0.135834
0.12563
0.114924
0.103433
0.0912091
0.0783067
0.0647845
0.0510944
0.036914
0.022314
0.00736876
-0.00784479
-0.0228444
-0.0379565
-0.053102
-0.0681997
-0.0831669
-0.0975519
-0.111641
-0.125355
-0.138616
-0.151348
-0.163195
-0.174371
-0.184807
-0.194441
-0.203212
-0.210908
-0.217636
-0.223352
-0.228014
-0.231587
-0.234032
-0.23534
-0.235499
-0.2345
-0.23234
-0.229162
-0.224834
-0.219371
-0.212794
-0.205136
-0.196706
-0.18727
-0.176871
-0.16556
-0.15339
-0.1408
-0.127476
-0.113489
-0.0989104
-0.0838152
-0.0687099
-0.0532446
-0.0375018
-0.0215661
-0.00552334
0.010115
0.0256921
0.0411257
0.0563341
0.0712357
0.0853824
0.099068
0.112222
0.124781
0.136682
0.147605
0.157759
0.167094
0.175563
0.183123
0.189609
0.195123
0.199639
0.203141
0.205616
0.207073
0.207495
0.20689
0.20527
0.202654
0.199221
0.194845
0.18956
0.183406
0.176429
0.168942
0.16073
0.151847
0.142348
0.132291
0.122074
0.111427
0.100419
0.0891195
0.0775998
0.0662854
0.0548904
0.043483
0.0321303
0.0208983
0.0101753
-0.000302063
-0.0104752
-0.0202874
-0.029684
-0.0383634
-0.0465283
-0.0541359
-0.0611474
-0.0675282
-0.0731024
-0.077989
-0.0821661
-0.0856174
-0.0883321
-0.0902787
-0.0914841
-0.0919534
-0.0916961
-0.0907259
-0.0891488
-0.0868979
-0.0839984
-0.0804798
-0.0763751
-0.071903
-0.066922
-0.0614764
-0.055614
-0.0493857
-0.0430842
-0.0365208
-0.0297469
-0.0228147
-0.0157768
-0.00894423
-0.00211259
0.00466448
0.0113332
0.0178402
0.023902
0.0297009
0.0351904
0.0403272
0.0450714
0.0492183
0.0529031
0.0560954
0.0587678
0.0608958
0.0623816
0.0632876
0.0636033
0.0633223
0.0624418
0.0609865
0.0589373
0.0563036
0.0530998
0.0493457
0.0451853
0.0405246
0.0353927
0.0298212
0.0238451
0.0177002
0.0112304
0.00447999
-0.00250454
-0.00967479
-0.0167395
-0.0238895
-0.0310724
-0.0382342
-0.0453206
-0.0520315
-0.0585616
-0.0648608
-0.0708803
-0.0765717
-0.0816774
-0.0863618
-0.0905815
-0.094295
-0.0974636
-0.0999133
-0.101752
-0.102953
-0.103494
-0.103358
-0.102488
-0.100915
-0.098633
-0.0956349
-0.0919198
-0.0875561
-0.0824886
-0.0767332
-0.0703105
-0.0632451
-0.055731
-0.0476324
-0.038983
-0.029821
-0.0201887
-0.0103788
-0.000191801
0.0103222
0.0211104
0.0321172
0.0429897
0.0539632
0.064978
0.075975
0.0868956
0.0973808
0.107674
0.117716
0.127447
0.136809
0.145481
0.153674
0.161338
0.168426
0.174893
0.180505
0.185415
0.189589
0.192995
0.19561
0.197324
0.198207
0.198244
0.197426
0.19575
0.193246
0.189896
0.185712
0.180713
0.17492
0.168498
0.161335
0.153467
0.14493
0.135767
0.126258
0.116216
0.105691
0.0947358
0.0834081
0.0720654
0.0604679
0.0486745
0.0367442
0.0247371
0.0130353
0.00137949
-0.0101684
-0.0215473
-0.0326979
-0.0432634
-0.0534903
-0.0633268
-0.0727221
-0.0816271
-0.0897557
-0.0973058
-0.10424
-0.110523
-0.116125
-0.120871
-0.124885
-0.128149
-0.130647
-0.132369
-0.133266
-0.133379
-0.13271
-0.131269
-0.129068
-0.126192
-0.122594
-0.118296
-0.113323
-0.107704
-0.101635
-0.09499
-0.0878126
-0.0801476
-0.0720413
-0.0637722
-0.0551534
-0.0462315
-0.0370555
-0.027677
-0.0184156
-0.00905813
0.000343686
0.00973909
0.019078
0.0280487
0.0368638
0.0454745
0.0538341
0.0618989
0.0694073
0.076545
0.0832785
0.0895756
0.0954056
0.100586
0.105246
0.109363
0.112923
0.115914
0.118261
0.120027
0.121214
0.121821
0.121853
0.121339
0.120269
0.118658
0.116528
0.113871
0.110774
0.107171
0.103096
0.0985863
0.0936852
0.0885926
0.0832019
0.0775634
0.0717271
0.0657421
0.0598348
0.053872
0.0479021
0.0419737
0.036134
0.0305959
0.0252241
0.0200521
0.0151105
0.0104293
0.00617115
0.00222502
-0.00138775
-0.00465224
-0.00755996
-0.0100256
-0.0121329
-0.0138828
-0.0152775
-0.0163228
-0.0170025
-0.017361
-0.0174187
-0.0171979
-0.0167208
-0.0160282
-0.0151219
-0.0140255
-0.0127648
-0.0113676
-0.00991085
-0.00836969
-0.00676966
-0.00513499
-0.00348921
-0.00191537
-0.000370711
0.00112458
0.00255264
0.0038981
0.00509243
0.00618489
0.00716587
0.00802752
0.00876428
0.00933256
0.00977741
0.0101006
0.0103052
0.0103951
0.010352
0.0102082
0.00997138
0.00965052
0.00925583
0.00878972
0.00827273
0.00771549
0.0071285
0.00652211
0.0059071
0.00529261
0.00468785
0.00410119
0.00353997
0.00301386
0.00252379
0.00207412
0.00166816
0.00130816
0.000997541
0.000733001
0.000513786
0.000338192
0.000203658
0.000107261
4.41228e-05
9.95186e-06
0
0
0
0
0
0
0
0
0
0
0
0
0
0
-0
-0
-0
-0
-0
-0
-0
-0
-0
-0
-0
-0
0
0
0
0
0
0
0
0
0
0
0
0
0
0
0
0
0
0
0
0
0
0
0
0
0
0
0
0
0
0
0
0
0
0
0
0
0
0
0
0
0
0
0
0
0
0
0
0
0
0
0
0
0
0
0
0
0
0
0
0
0
0
0
0
0
0
0
0
0
-0
-0
-0
-0
-0
-0
-0
-0
-0
-0
-0
-0
-0
-0
-0
-0
-0
-0
-0
-0
-0
-0
-0
-0
-0
-0
-0
-0
-0
-0
-0
0
0
0
0
0
0
0
0
0
0
0
0
0
0
0
0
0
0
0
0
0
0
0
0
0
0
0
0
0
0
0
0
0
0
0
0
0
0
0
0
0
0
0
0
0
0
0
0
0
0
0
0
0
0
0
0
0
0
0
0
-0
-0
-0
-0
-0
-0
-0
-0
-0
-0
-0
-0
-0
-0
-0
-0
-0
-0
-0
-0
-0
-0
-0
-0
-0
-0
-0
-0
-0
-0
-0
-0
-0
-0
-0
-0
-0
-0
-0
-0
-0
-0
-0
-0
-0
-0
-0
-0
-0
-0
