0.000694163
0.00123849
0.00190934
0.00268239
0.00352967
0.00442005
0.00531969
0.00619263
0.00700135
0.00770736
0.00827184
0.00865625
0.00882303
0.00873617
0.00836196
0.00766951
0.00663144
0.00522448
0.00343007
0.00123492
-0.00136858
-0.00438214
-0.00780145
-0.0116161
-0.0158094
-0.0203583
-0.0252332
-0.030398
-0.0358099
-0.0414207
-0.0471762
-0.0530177
-0.0588816
-0.0647005
-0.0704035
-0.075917
-0.0811665
-0.0860773
-0.0905754
-0.0945882
-0.0980445
-0.100875
-0.103012
-0.104394
-0.104963
-0.104668
-0.103468
-0.101329
-0.098228
-0.0941457
-0.0890723
-0.0830052
-0.0759508
-0.0679255
-0.058957
-0.0490842
-0.0383565
-0.0268324
-0.0145781
-0.00166687
0.0118215
0.0258002
0.040175
0.0548454
0.0697053
0.0846462
0.0995591
0.114337
0.128873
0.143064
0.156805
0.169991
0.182518
0.194287
0.205204
0.215186
0.22416
0.232062
0.238839
0.244442
0.248831
0.251976
0.253858
0.25447
0.25382
0.251928
0.248822
0.244537
0.239181
0.232877
0.225673
0.217622
0.208783
0.199221
0.189005
0.178203
0.166881
0.15511
0.142958
0.1305
0.11781
0.104966
0.0920481
0.0791323
0.0662937
0.0536041
0.0411324
0.0289454
0.0171085
0.00568605
-0.00525971
-0.0156707
-0.0254951
-0.0346889
-0.0432167
-0.05105
-0.0581658
-0.064544
-0.0701666
-0.0750184
-0.0790881
-0.0823706
-0.0848679
-0.0865892
-0.0875501
-0.0877705
-0.0872748
-0.0860908
-0.0842502
-0.0817892
-0.0787477
-0.0751691
-0.0710991
-0.0665853
-0.0616765
-0.0564233
-0.0508773
-0.045091
-0.0391168
-0.0330063
-0.0268101
-0.020578
-0.0143589
-0.00820145
-0.00215318
0.00374081
0.00943907
0.0149047
0.0201052
0.025012
0.0295988
0.0338409
0.0377145
0.0411972
0.0442692
0.0469138
0.0491186
0.0508758
0.0521823
0.0530393
0.0534512
0.0534259
0.0529736
0.0521074
0.0508437
0.0492025
0.0472082
0.0448886
0.0422744
0.0393973
0.0362891
0.0329808
0.029503
0.025886
0.0221602
0.0183563
0.0145054
0.0106381
0.00678499
0.00297673
-0.000755954
-0.00438213
-0.00787113
-0.0111932
-0.0143202
-0.0172257
-0.0198848
-0.0222741
-0.0243721
-0.0261591
-0.0276185
-0.0287368
-0.0295043
-0.0299135
-0.029959
-0.0296362
-0.0289415
-0.0278727
-0.0264295
-0.024614
-0.0224303
-0.0198844
-0.0169843
-0.0137393
-0.010161
-0.00626306
-0.00206176
0.00242465
0.00717604
0.0121707
0.0173856
0.0227966
0.0283788
0.034108
0.039961
0.0459163
0.0519531
0.0580499
0.0641837
0.0703288
0.0764582
0.0825453
0.0885654
0.0944973
0.100322
0.106022
0.111579
0.11697
0.122175
0.127169
0.13193
0.136435
0.140665
0.144599
0.148219
0.151504
0.154434
0.156988
0.159144
0.16088
0.162171
0.162995
0.163327
0.163147
0.162434
0.161169
0.159332
0.156905
0.153868
0.150207
0.145907
0.14096
0.135359
0.129101
0.122182
0.114603
0.106367
0.0974822
0.0879607
0.0778193
0.0670774
0.055757
0.043882
0.0314804
0.0185848
0.00523371
-0.00852975
-0.0226587
-0.0371039
-0.0518143
-0.0667365
-0.0818138
-0.0969857
-0.112189
-0.127357
-0.142425
-0.157323
-0.171982
-0.186331
-0.200297
-0.213805
-0.226783
-0.23916
-0.250868
-0.261839
-0.272007
-0.281307
-0.289672
-0.297042
-0.303359
-0.30857
-0.312627
-0.315484
-0.317103
-0.317446
-0.316485
-0.3142
-0.310579
-0.305617
-0.299315
-0.291674
-0.282703
-0.272415
-0.260831
-0.247985
-0.233917
-0.218677
-0.202321
-0.184913
-0.166521
-0.147219
-0.127088
-0.106212
-0.0846809
-0.0625859
-0.0400225
-0.0170907
0.0061039
0.0294504
0.0528339
0.0761378
0.0992461
0.122044
0.144418
0.166256
0.187445
0.207873
0.227433
0.246019
0.263531
0.279873
0.294952
0.30868
0.320972
0.331754
0.340956
0.34852
0.354396
0.358541
0.360923
0.361515
0.360301
0.357273
0.352435
0.3458
0.337387
0.327226
0.315354
0.301817
0.286674
0.26999
0.251844
0.232317
0.211503
0.189497
0.166403
0.142331
0.117394
0.0917129
0.0654102
0.0386118
0.011447
-0.0159516
-0.0434469
-0.0708985
-0.0981641
-0.125101
-0.151571
-0.177435
-0.202563
-0.226827
-0.250105
-0.272282
-0.293246
-0.312897
-0.331143
-0.347898
-0.363088
-0.376649
-0.388522
-0.398662
-0.407032
-0.413605
-0.418363
-0.4213
-0.422418
-0.421727
-0.419248
-0.415011
-0.409054
-0.401422
-0.392171
-0.381365
-0.369074
-0.355378
-0.340362
-0.324118
-0.306741
-0.288333
-0.269
-0.248851
-0.228
-0.206563
-0.184657
-0.162399
-0.139908
-0.117302
-0.0946995
-0.0722171
-0.0499686
-0.0280646
-0.00661141
0.0142887
0.0345377
0.0540417
0.0727119
0.0904655
0.107226
0.122925
0.137501
0.150897
0.163066
0.173966
0.183563
0.191831
0.198755
0.204325
0.208538
0.211401
0.212923
0.213125
0.212032
0.209679
0.206107
0.201361
0.195489
0.188546
0.180587
0.171676
0.16188
0.151271
0.139924
0.127914
0.115319
0.102218
0.0886908
0.0748168
0.0606772
0.0463519
0.0319187
0.0174532
0.00302926
-0.0112808
-0.0254062
-0.0392785
-0.0528331
-0.0660099
-0.0787542
-0.091016
-0.102749
-0.113911
-0.124463
-0.13437
-0.143602
-0.152136
-0.159951
-0.167035
-0.173376
-0.178969
-0.183812
-0.187908
-0.191263
-0.193888
-0.195798
-0.197009
-0.197543
-0.197425
-0.196684
-0.195353
-0.193465
-0.191055
-0.18816
-0.184815
-0.181059
-0.176929
-0.172468
-0.167716
-0.162715
-0.157507
-0.152133
-0.146631
-0.14104
-0.135396
-0.129736
-0.124094
-0.118503
-0.112996
-0.107605
-0.102359
-0.0972848
-0.0924047
-0.0877384
-0.0833031
-0.0791141
-0.0751856
-0.07153
-0.068157
-0.0650727
-0.0622796
-0.0597777
-0.0575656
-0.0556412
-0.0540015
-0.0526421
-0.0515554
-0.050731
-0.0501561
-0.0498174
-0.0497016
-0.0497961
-0.0500881
-0.050563
-0.0512039
-0.051992
-0.0529075
-0.0539317
-0.0550472
-0.056238
-0.0574889
-0.0587845
-0.0601091
-0.0614469
-0.0627827
-0.064102
-0.0653914
-0.0666381
-0.06783
-0.0689567
-0.0700093
-0.0709808
-0.0718654
-0.0726581
-0.0733534
-0.0739464
-0.074433
-0.0748115
-0.0750826
-0.0752486
-0.0753121
-0.0752749
-0.0751375
-0.074901
-0.0745685
-0.074146
-0.0736419
-0.0730656
-0.0724254
-0.0717277
-0.0709778
-0.0701818
-0.0693477
-0.0684861
-0.0676084
-0.0667251
-0.0658444
-0.0649724
-0.0641148
-0.0632783
-0.0624715
-0.0617036
-0.0609837
-0.0603185
-0.0597124
-0.0591686
-0.0586905
-0.0582821
-0.0579485
-0.0576941
-0.0575218
-0.0574328
-0.0574269
-0.0575036
-0.0576633
-0.0579064
-0.0582332
-0.0586428
-0.0591324
-0.059698
-0.060335
-0.061039
-0.0618054
-0.0626297
-0.063507
-0.064432
-0.0653995
-0.0664045
-0.0674421
-0.0685068
-0.0695925
-0.0706919
-0.0717975
-0.0729025
-0.0740017
-0.0750909
-0.0761667
-0.0772248
-0.0782595
-0.0792639
-0.0802304
-0.0811523
-0.0820235
-0.0828392
-0.0835951
-0.0842868
-0.0849103
-0.085462
-0.0859392
-0.0863403
-0.086664
-0.0869088
-0.0870733
-0.0871562
-0.0871573
-0.0870775
-0.086919
-0.0866846
-0.0863766
-0.0859966
-0.085546
-0.0850264
-0.0844407
-0.0837925
-0.0830859
-0.0823247
-0.0815117
-0.0806493
-0.0797406
-0.0787893
-0.0778008
-0.0767806
-0.0757344
-0.0746667
-0.0735815
-0.0724792
-0.0713319
-0.0701376
-0.0689035
-0.0676367
-0.0663443
-0.0650323
-0.0637067
-0.0623726
-0.0610348
-0.0596968
-0.0583618
-0.0570321
-0.0557099
-0.0543982
-0.0531003
-0.0518194
-0.0505583
-0.0493186
-0.048101
-0.0469053
-0.0457312
-0.0445786
-0.0434471
-0.0423361
-0.0412443
-0.0401703
-0.0391127
-0.0380707
-0.0370436
-0.0360308
-0.0350315
-0.0340439
-0.0330667
-0.0320985
-0.0311391
-0.0301888
-0.029248
-0.0283166
-0.0273938
-0.0264786
-0.0255701
-0.0246687
-0.0237753
-0.0228911
-0.0220169
-0.021153
-0.0202991
-0.0194552
-0.018622
-0.0178008
-0.0169935
-0.0162016
-0.0154259
-0.0146668
-0.0139242
-0.0131984
-0.0124899
-0.0117993
-0.0111273
-0.0104744
-0.00984054
-0.00922586
-0.00863035
-0.00805401
-0.00749679
-0.00695842
-0.00643846
-0.00593644
-0.00545205
-0.00498524
-0.00453618
-0.00410513
-0.00369229
-0.0032978
-0.00292179
-0.00256456
-0.00222661
-0.00190867
-0.00161158
-0.00133622
-0.00108352
-0.000854443
-0.000650015
-0.000471355
-0.000319622
-0.000195972
-0.000101523
-3.73396e-05
-4.43362e-06
-0
-0
-0
-0
-0
-0
-0
-0
-0
-0
-0
-0
-0
-0
-0
-0
-0
-0
-0
-0
-0
-0
-0
-0
-0
-0
-0
-0
-0
-0
-0
-0
-0
-0
-0
-0
-0
-0
-0
-0
-0
-0
-0
-0
-0
-0
-0
-0
-0
-0
-0
-0
-0
-0
-0
-0
-0
-0
-0
-0
-0
-0
-0
-0
-0
-0
-0
-0
-0
-0
-0
-0
-0
-0
-0
-0
-0
-0
-0
-0
-0
-0
-0
-0
-0
-0
-0
-0
-0
-0
-0
-0
-0
-0
-0
-0
-0
-0
-0
-0
-0
-0
-0
-0
-0
-0
-0
-0
-0
-0
-0
-0
-0
-0
-0
-0
-0
-0
-0
-0
-0
-0
-0
-0
-0
-0
-0
-0
-0
-0
-0
-0
-0
-0
-0
-0
-0
-0
-0
-0
-0
-0
0
0
0
0
0
0
0
0
0
0
0
0
0
0
0
0
0
0
0
0
0
0
0
0
0
0
0
0
0
0
0
0
0
0
0
0
0
0
0
0
0
0
0
0
0
0
0
0
0
0
0
0
0
0
0
0
0
0
0
0
0
0
0
0
0
0
0
-0
-0
-0
-0
-0
-0
-0
-0
-0
-0
-0
-0
-0
-0
0
0
0
0
0
0
0
0
0
0
0
0
0
0
0
0
0
0
0
0
0
0
0
0
0
0
0
0
0
0
0
0
0
0
0
0
0
0
0
0
0
0
0
0
0
0
0
0
0
0
0
0
0
0
0
0
0
0
0
0
0
0
0
0
0
0
0
0
0
0
0
0
0
0
0
0
0
0
0
0
0
0
0
0
0
0
0
0
0
0
0
0
0
0
0
0
0
0
0
0
0
0
0
0
0
0
0
0
0
0
5.23165e-06
4.50916e-05
0.000125509
0.000248089
0.000414397
0.000625904
0.000883948
0.00118975
0.00154448
0.0019493
0.00240531
0.00291352
0.00347468
0.00408934
0.00475792
0.00548086
0.0062587
0.00709197
0.00798107
0.00892621
0.00992757
0.0109855
0.0121007
0.0132743
0.014507
0.0157995
0.0171516
0.0185627
0.0200321
0.0215598
0.0231463
0.0247923
0.0264979
0.0282625
0.0300843
0.0319612
0.0338914
0.0358737
0.0379072
0.0399911
0.0421237
0.0443028
0.0465255
0.0487886
0.0510884
0.0534208
0.0557809
0.0581635
0.0605635
0.0629767
0.0653996
0.0678291
0.0702608
0.0726878
0.0751013
0.0774913
0.0798483
0.0821655
0.0844385
0.0866639
0.0888372
0.0909517
0.0929983
0.094967
0.0968486
0.098635
0.10032
0.1019
0.103371
0.104731
0.105976
0.107106
0.108118
0.109008
0.109773
0.110406
0.110903
0.111261
0.111484
0.111575
0.111542
0.111392
0.111126
0.110747
0.110255
0.109652
0.108943
0.108133
0.10723
0.10624
0.105184
0.104116
0.103048
0.101987
0.100938
0.0999104
0.0989077
0.0979345
0.0969952
0.096093
0.0952387
0.0944402
0.0937037
0.0930323
0.0924225
0.091878
0.0913989
0.0909867
0.0906444
0.0903704
0.0901715
0.0900485
0.0900006
0.0900269
0.0901212
0.0902867
0.0905208
0.0908199
0.0911798
0.0915922
0.0920566
0.0925688
0.0931235
0.0937137
0.0943287
0.09496
0.0955984
0.0962366
0.09687
0.0974969
0.0981119
0.0987093
0.0992812
0.0998186
0.100319
0.10077
0.101165
0.101501
0.101771
0.101982
0.102119
0.102178
0.102159
0.102061
0.101902
0.101665
0.101346
0.100944
0.100456
0.0999002
0.0992598
0.0985382
0.0977388
0.0968649
0.09594
0.0949469
0.0938907
0.0927784
0.0916181
0.0904374
0.0892236
0.0879832
0.0867231
0.0854516
0.0841938
0.0829463
0.0817208
0.0805283
0.0793791
0.0782881
0.0772584
0.076299
0.0754188
0.0746262
0.0739222
0.0733215
0.0728321
0.072462
0.0722199
0.0720904
0.0721037
0.0722652
0.0725783
0.0730457
0.0736289
0.0743701
0.0752697
0.0763267
0.0775376
0.0788405
0.080285
0.081864
0.0835704
0.0853969
0.0872678
0.0892411
0.0913049
0.0934449
0.0956452
0.0978177
0.100017
0.102227
0.104432
0.106615
0.108693
0.110713
0.112654
0.114497
0.116221
0.117757
0.119135
0.120335
0.12134
0.122131
0.122673
0.122962
0.122979
0.122703
0.122119
0.121238
0.120021
0.118458
0.116539
0.114256
0.111674
0.108716
0.105381
0.101671
0.0975867
0.093253
0.0885586
0.0835146
0.0781358
0.0724403
0.0666062
0.0604954
0.0541278
0.0475239
0.0407069
0.0338871
0.0269146
0.0198264
0.0126618
0.00546025
-0.0015552
-0.00853355
-0.0154382
-0.0222305
-0.028869
-0.0351487
-0.0411877
-0.0469425
-0.05237
-0.0574267
-0.0619596
-0.0660361
-0.0696153
-0.0726591
-0.0751328
-0.0769718
-0.0781796
-0.0787278
-0.0785881
-0.0777344
-0.0762059
-0.0739233
-0.070875
-0.0670541
-0.0624571
-0.0572478
-0.0512646
-0.044514
-0.0370081
-0.0287645
-0.0200651
-0.0106768
-0.000629892
0.0100414
0.0212975
0.0327605
0.0447132
0.0571007
0.0698648
0.0829442
0.0959049
0.109053
0.122319
0.135632
0.148917
0.161732
0.174367
0.186744
0.198786
0.210416
0.221247
0.231509
0.241124
0.25002
0.258123
0.265167
0.271285
0.276415
0.2805
0.283488
0.285277
0.285881
0.285264
0.283394
0.280245
0.275907
0.27026
0.263302
0.255043
0.245497
0.234966
0.223191
0.210201
0.196032
0.180731
0.164783
0.147827
0.129935
0.111184
0.0916522
0.0719556
0.0516497
0.0308282
0.009591
-0.0119585
-0.0331403
-0.0544257
-0.0757091
-0.0968819
-0.117832
-0.137898
-0.157515
-0.176576
-0.194977
-0.212618
-0.228951
-0.24433
-0.258661
-0.271855
-0.283831
-0.294225
-0.303265
-0.310894
-0.317059
-0.321711
-0.324721
-0.32614
-0.325949
-0.324137
-0.320705
-0.315798
-0.309291
-0.301204
-0.291561
-0.280399
-0.268111
-0.254406
-0.239344
-0.222995
-0.205432
-0.187261
-0.168043
-0.147874
-0.126859
-0.105106
-0.0833684
-0.061115
-0.0384592
-0.0155188
0.00758337
0.0300376
0.0524012
0.0745515
0.0963712
0.117748
0.137932
0.157463
0.176239
0.194162
0.211137
0.226548
0.240842
0.253949
0.265799
0.276331
0.285135
0.292519
0.298448
0.302894
0.305838
0.307123
0.306886
0.305127
0.301853
0.297082
0.290919
0.283319
0.274321
0.263969
0.252312
0.239693
0.225887
0.210966
0.195009
0.1781
0.160778
0.142675
0.123875
0.104465
0.0845337
0.0647385
0.0446047
0.0242235
0.00368582
-0.0169177
-0.0368857
-0.0567408
-0.0763957
-0.0957652
-0.114768
-0.132737
-0.150194
-0.167074
-0.183315
-0.198859
-0.213141
-0.226621
-0.239256
-0.251004
-0.261831
-0.271317
-0.279821
-0.28732
-0.2938
-0.299252
-0.303444
-0.306606
-0.308746
-0.309869
-0.309987
-0.309048
-0.307136
-0.304277
-0.300496
-0.295825
-0.290387
-0.284125
-0.277078
-0.269288
-0.260799
-0.251887
-0.24237
-0.232293
-0.221698
-0.210628
-0.199459
-0.187907
-0.176023
-0.163857
-0.151459
-0.139273
-0.126947
-0.11452
-0.102035
-0.0895295
-0.0774686
-0.0654655
-0.0535568
-0.0417782
-0.0301647
-0.0191637
-0.00839333
0.00211739
0.0123422
0.022258
0.0314741
0.0403417
0.0488428
0.0569603
0.0646786
0.0716853
0.078269
0.0844213
0.0901353
0.0954045
0.100015
0.104172
0.107874
0.111123
0.113922
0.116167
0.117965
0.119316
0.12022
0.120678
0.120689
0.120263
0.119405
0.118123
0.116423
0.114405
0.111976
0.109142
0.105913
0.102299
0.0984953
0.0943284
0.0898078
0.084943
0.0797454
0.0744762
0.0689047
0.0630491
0.0569284
0.0505616
0.0442528
0.0377388
0.0310441
0.0241971
0.017228
0.0104584
0.00362439
-0.00324901
-0.0101373
-0.0170144
-0.0235841
-0.030084
-0.0364829
-0.0427503
-0.0488578
-0.0545623
-0.0600572
-0.0653195
-0.0703275
-0.0750609
-0.0793564
-0.0833461
-0.0870189
-0.0903646
-0.0933727
-0.095967
-0.0982002
-0.100063
-0.10155
-0.102664
-0.103425
-0.103825
-0.103868
-0.103561
-0.102909
-0.102004
-0.100771
-0.0992218
-0.0973765
-0.0952558
-0.0930126
-0.0905334
-0.0878349
-0.0849333
-0.0818453
-0.078739
-0.0754822
-0.0720945
-0.0685976
-0.0650144
-0.0615083
-0.0579633
-0.0544028
-0.0508499
-0.0473274
-0.0439596
-0.0406645
-0.0374615
-0.0343693
-0.0314054
-0.0286344
-0.0260221
-0.0235812
-0.0213226
-0.0192554
-0.0173768
-0.0157033
-0.0142385
-0.012983
-0.0119354
-0.0110325
-0.0103345
-0.00984079
-0.0095498
-0.00945802
-0.00946807
-0.00966609
-0.0100437
-0.0105893
-0.0112888
-0.012032
-0.012899
-0.0138742
-0.0149401
-0.0160781
-0.0172048
-0.0183723
-0.0195678
-0.0207771
-0.0219838
-0.0231595
-0.024297
-0.0253792
-0.0263896
-0.0273134
-0.0282023
-0.028982
-0.0296427
-0.0301741
-0.030566
-0.0309526
-0.031187
-0.0312685
-0.0311995
-0.030983
-0.0308295
-0.0305293
-0.0300805
-0.0294825
-0.028738
-0.0281013
-0.0273324
-0.0264418
-0.0254421
-0.0243471
-0.0234183
-0.0224172
-0.0213549
-0.0202454
-0.0191054
-0.0181568
-0.0172054
-0.0162605
-0.0153317
-0.0144293
-0.0136848
-0.0129854
-0.0123365
-0.0117483
-0.0112364
-0.0108185
-0.0104957
-0.0102703
-0.0101429
-0.0101153
-0.0100662
-0.0101223
-0.0102869
-0.0105641
-0.0109572
-0.0112261
-0.0116063
-0.0120868
-0.0126565
-0.0133066
-0.0137141
-0.0141996
-0.0147582
-0.0153816
-0.0160571
-0.0164244
-0.0168245
-0.0172458
-0.0176799
-0.0181216
-0.0182487
-0.0183902
-0.0185401
-0.0186873
-0.0188176
-0.0186689
-0.0184961
-0.0182965
-0.0180682
-0.0178081
-0.017358
-0.0168796
-0.016371
-0.01583
-0.015255
-0.0145905
-0.0139033
-0.0131991
-0.0124809
-0.0117493
-0.0110279
-0.0102944
-0.00955305
-0.00880876
-0.00806622
-0.00740446
-0.00674738
-0.00609953
-0.00546428
-0.00484453
-0.00433613
-0.00384
-0.00336075
-0.00290234
-0.00246779
-0.00214328
-0.0018343
-0.00154263
-0.00127009
-0.00101854
-0.000849696
-0.000693483
-0.000551033
-0.000423142
-0.000310265
-0.000245702
-0.000187752
-0.000136663
-9.28109e-05
-5.65313e-05
-4.06342e-05
-2.74275e-05
-1.68969e-05
-8.94426e-06
-3.37561e-06
-2.28408e-06
-1.35388e-06
-6.35619e-07
-1.86653e-07
