0
0
0
0
0
0
0
0
0
0
0
0
0
0
0
0
0
0
0
0
0
0
0
0
0
0
0
0
0
0
0
0
0
0
0
0
0
0
0
0
0
0
0
0
0
0
0
0
0
0
0
0
0
0
0
0
0
0
0
0
0
0
0
0
0
0
0
0
0
0
0
0
0
0
0
0
0
0
0
0
0
0
0
0
0
0
0
0
0
0
0
0
0
0
0
0
0
0
0
0
0
0
0
0
0
0
0
0
0
0
0
0
0
0
0
0
0
0
0
0
0
0
0
0
0
0
0
0
0
0
0
0
0
0
0
0
0
0
0
0
0
0
0
0
0
0
0
0
0
0
0
0
0
0
0
0
0
0
0
0
0
0
0
0
0
0
0
0
0
0
0
0
0
0
0
0
0
0
0
0
0
0
0
0
0
0
0
0
0
0
0
0
0
0
0
0
0
0
0
0
0
0
0
0
0
0
0
0
0
0
0
0
0
0
0
0
0
0
0
0
0
0
0
0
0
0
0
0
0
0
0
0
0
0
0
0
0
0
0
0
0
0
0
0
0
0
0
0
0
0
0
0
0
0
0
0
0
0
0
0
0
0
0
0
0
0
0
0
0
0
0
0
0
0
0
0
0
0
0
0
0
0
0
0
0
0
0
0
0
0
0
0
0
0
0
0
0
0
0
0
0
0
0
0
0
0
0
0
0
0
0
0
0
0
0
0
0
0
0
0
0
0
0
0
0
0
0
0
0
0
0
0
0
0
0
0
0
0
0
0
0
0
0
0
0
0
0
0
0
0
0
0
0
0
0
0
0
0
0
0
0
0
0
0
0
0
0
0
0
0
0
0
0
0
0
0
0
0
0
0
0
0
0
0
1.56067e-06
9.75928e-06
2.83463e-05
6.07681e-05
0.000110153
0.000179248
0.000270351
0.000385243
0.000525139
0.00069065
0.000881772
0.00109787
0.00133763
0.00159906
0.00187948
0.00217551
0.00248321
0.00279809
0.00311518
0.00342896
0.00373342
0.00402207
0.00428805
0.00452437
0.00472401
0.00487999
0.00498532
0.00503299
0.00501604
0.00492777
0.00476207
0.00451356
0.00417772
0.00375069
0.00322917
0.00261043
0.00189252
0.00107457
0.000157012
-0.000858381
-0.00196875
-0.00317034
-0.00445859
-0.00582801
-0.00727193
-0.00878249
-0.0103509
-0.0119677
-0.0136233
-0.0153077
-0.0170099
-0.0187182
-0.0204191
-0.0220986
-0.0237423
-0.0253365
-0.0268685
-0.0283264
-0.029698
-0.0309712
-0.0321335
-0.0331731
-0.034079
-0.0348421
-0.0354541
-0.0359079
-0.0361967
-0.0363144
-0.036256
-0.0360188
-0.0356016
-0.0350051
-0.0342307
-0.0332807
-0.0321583
-0.0308684
-0.0294184
-0.0278173
-0.0260759
-0.0242047
-0.022214
-0.0201139
-0.0179154
-0.0156311
-0.0132756
-0.010865
-0.00841539
-0.00594209
-0.00345951
-0.000981684
0.00147732
0.00390562
0.00629214
0.00862627
0.0108985
0.0131002
0.0152237
0.0172605
0.0192021
0.02104
0.022767
0.0243774
0.0258671
0.0272327
0.0284705
0.0295761
0.0305448
0.0313732
0.0320595
0.0326037
0.0330069
0.0332704
0.0333947
0.0333799
0.0332269
0.0329382
0.0325181
0.031972
0.0313057
0.0305243
0.0296324
0.0286348
0.0275375
0.0263479
0.0250741
0.0237239
0.0223045
0.0208219
0.0192823
0.0176926
0.0160609
0.0143957
0.0127052
0.0109964
0.0092751
0.00754679
0.00581748
0.00409409
0.002384
0.00069396
-0.000970723
-0.00260624
-0.00420945
-0.00577679
-0.00730369
-0.00878486
-0.0102154
-0.0115921
-0.0129132
-0.0141787
-0.0153881
-0.0165404
-0.017633
-0.0186633
-0.019629
-0.0205296
-0.0213655
-0.0221378
-0.0228472
-0.0234939
-0.0240775
-0.024598
-0.0250562
-0.0254535
-0.0257913
-0.0260706
-0.0262919
-0.0264556
-0.0265629
-0.0266159
-0.0266175
-0.0265705
-0.0264768
-0.0263368
-0.0261504
-0.0259177
-0.0256397
-0.0253187
-0.0249575
-0.0245584
-0.0241226
-0.0236501
-0.0231402
-0.0225926
-0.022008
-0.0213875
-0.0207326
-0.0200441
-0.0193219
-0.0185655
-0.0177748
-0.0169501
-0.0160926
-0.0152036
-0.0142836
-0.0133327
-0.0123497
-0.0113341
-0.0102854
-0.00920466
-0.00809307
-0.00695204
-0.00578241
-0.00458448
-0.00335842
-0.00210494
-0.000825711
0.000476787
0.00179973
0.0031405
0.00449691
0.0058669
0.00724794
0.00863654
0.0100283
0.0114184
0.0128023
0.0141763
0.0155369
0.0168807
0.018203
0.0194978
0.0207578
0.021976
0.0231457
0.0242617
0.0253194
0.0263141
0.02724
0.0280899
0.0288559
0.0295301
0.0301058
0.0305774
0.0309403
0.0311898
0.0313209
0.0313279
0.031205
0.030947
0.0305501
0.0300113
0.0293282
0.0284987
0.0275205
0.0263913
0.0251098
0.0236757
0.0220898
0.0203542
0.0184714
0.0164442
0.0142757
0.0119697
0.00953129
0.00696656
0.00428296
0.00148892
-0.00140636
-0.00439303
-0.00746061
-0.010598
-0.0137935
-0.0170351
-0.0203103
-0.0236063
-0.0269098
-0.0302065
-0.0334813
-0.0367182
-0.0399008
-0.0430123
-0.0460364
-0.0489567
-0.0517572
-0.0544219
-0.0569345
-0.0592792
-0.0614401
-0.0634021
-0.0651505
-0.0666715
-0.067952
-0.0689799
-0.0697441
-0.0702349
-0.0704434
-0.070362
-0.0699841
-0.0693039
-0.0683168
-0.0670193
-0.0654095
-0.063487
-0.0612532
-0.0587113
-0.0558661
-0.0527239
-0.0492928
-0.0455827
-0.041605
-0.0373726
-0.0329001
-0.0282032
-0.023299
-0.018206
-0.0129443
-0.00753502
-0.00200105
0.00363369
0.00934425
0.015105
0.0208896
0.0266715
0.0324238
0.0381189
0.0437293
0.049227
0.0545838
0.059772
0.0647638
0.0695323
0.0740516
0.0782966
0.0822433
0.0858691
0.0891523
0.0920726
0.0946109
0.0967497
0.0984725
0.0997651
0.100615
0.10101
0.100944
0.10041
0.0994046
0.0979276
0.0959806
0.0935681
0.0906965
0.0873749
0.0836143
0.0794278
0.0748307
0.0698399
0.0644749
0.0587568
0.0527095
0.0463587
0.039732
0.0328591
0.0257707
0.0184987
0.0110764
0.00353761
-0.00408298
-0.0117503
-0.0194294
-0.027085
-0.0346824
-0.0421869
-0.0495635
-0.0567775
-0.063794
-0.0705788
-0.0770984
-0.0833203
-0.0892133
-0.0947474
-0.0998944
-0.104628
-0.108923
-0.112758
-0.116115
-0.118976
-0.12133
-0.123166
-0.124476
-0.125255
-0.125502
-0.125217
-0.124403
-0.123066
-0.121215
-0.118861
-0.116017
-0.1127
-0.108927
-0.104719
-0.100099
-0.0950894
-0.0897175
-0.0840106
-0.0779983
-0.0717113
-0.0651815
-0.0584414
-0.0515244
-0.0444641
-0.037295
-0.0300521
-0.0227706
-0.0154855
-0.00823117
-0.00104143
0.00605075
0.0130131
0.0198142
0.0264235
0.0328116
0.0389506
0.0448145
0.0503786
0.0556205
0.060519
0.0650554
0.0692124
0.0729755
0.0763318
0.0792711
0.0817848
0.0838667
0.0855126
0.0867205
0.0874908
0.0878264
0.087726
0.0871877
0.0862205
0.0848359
0.0830477
0.0808721
0.0783272
0.075433
0.072211
0.0686841
0.0648763
0.060813
0.0565209
0.0520277
0.0473617
0.0425514
0.0376252
0.0326116
0.027539
0.0224358
0.0173298
0.0122484
0.00721803
0.00226388
-0.00258993
-0.00732035
-0.0119054
-0.0163244
-0.0205581
-0.024589
-0.0284015
-0.0319817
-0.0353175
-0.038398
-0.0412139
-0.0437575
-0.046023
-0.0480063
-0.0497051
-0.0511187
-0.0522478
-0.0530945
-0.0536623
-0.0539561
-0.0539821
-0.053748
-0.0532621
-0.0525338
-0.0515734
-0.050392
-0.0490016
-0.0474149
-0.0456453
-0.0437066
-0.0416127
-0.0393776
-0.0370155
-0.0345412
-0.0319692
-0.0293146
-0.0265919
-0.0238155
-0.0209996
-0.018158
-0.0153043
-0.0124521
-0.00961461
-0.00680467
-0.00403449
-0.00131567
0.00134078
0.00392431
0.00642481
0.00883252
0.0111382
0.0133331
0.0154091
0.0173589
0.0191754
0.0208523
0.0223837
0.0237642
0.024989
0.0260536
0.0269543
0.0276881
0.0282524
0.0286452
0.0288529
0.028862
0.0286692
0.0282726
0.0276754
0.0268826
0.0259081
0.0247532
0.023428
0.0219439
0.0203133
0.0185636
0.0166958
0.0147259
0.0126708
0.0105481
0.00839441
0.00620884
0.00400983
0.00181587
-0.000354602
-0.00246235
-0.00451169
-0.00648574
-0.00836855
-0.0101452
-0.0117814
-0.0132862
-0.0146483
-0.0158582
-0.0169076
-0.0177735
-0.0184692
-0.018992
-0.0193408
-0.0195166
-0.0195108
-0.0193402
-0.0190112
-0.0185317
-0.0179115
-0.0171568
-0.0162857
-0.0153118
-0.0142501
-0.0131165
-0.0119276
-0.0107006
-0.00945327
-0.00820323
-0.00696831
-0.0057681
-0.00461705
-0.00353174
-0.00252792
-0.00162034
-0.000823373
-0.000147195
0.000397396
0.000801228
0.00105688
0.0011621
0.00111159
0.000903608
0.000538419
1.83224e-05
-0.000643548
-0.00144795
-0.00238678
-0.00345015
-0.00462645
-0.00588885
-0.00723497
-0.00864904
-0.0101142
-0.0116127
-0.0131102
-0.0146028
-0.0160718
-0.0174983
-0.0188639
-0.0201363
-0.0213123
-0.022376
-0.0233126
-0.0241088
-0.0247442
-0.0252179
-0.0255219
-0.025651
-0.0256352
-0.0254946
-0.0252289
-0.0248374
-0.0243204
-0.0236784
-0.022921
-0.0220422
-0.0210445
-0.0199314
-0.0187065
-0.0173913
-0.0159739
-0.01446
-0.0128558
-0.0111683
-0.00942862
-0.00762056
-0.0057522
-0.00383199
-0.00186872
9.9983e-05
0.00209337
0.00410198
0.00611615
0.00812611
0.0100922
0.0120345
0.0139432
0.0158086
0.0176213
0.0193446
0.020997
0.0225697
0.0240545
0.0254434
0.0267076
0.0278615
0.0288988
0.0298137
0.0306011
0.0312435
0.0317498
0.0321168
0.0323419
0.0324234
0.032358
0.0321475
0.0317922
0.0312933
0.0306524
0.0298808
0.0289731
0.0279331
0.0267654
0.0254753
0.0240871
0.0225886
0.0209865
0.0192884
0.0175021
0.0156626
0.0137521
0.0117799
0.00975548
0.00768859
0.00562025
0.00352945
0.00142618
-0.000679571
-0.00277791
-0.00482724
-0.00684978
-0.00883614
-0.0107772
-0.0126641
-0.0144597
-0.0161847
-0.0178314
-0.0193926
-0.0208613
-0.0222087
-0.0234511
-0.0245833
-0.0256008
-0.0264994
-0.0272625
-0.0279009
-0.0284127
-0.0287967
-0.0290521
-0.0291756
-0.0291714
-0.0290409
-0.0287859
-0.0284088
-0.027919
-0.0273137
-0.0265967
-0.0257728
-0.0248474
-0.0238412
-0.0227452
-0.0215658
-0.0203097
-0.0189838
-0.0176171
-0.0161951
-0.0147252
-0.013215
-0.011672
-0.0101293
-0.00856918
-0.00699941
-0.00542763
-0.00386138
-0.00233355
-0.000825584
0.000655765
0.002104
0.00351288
0.00485346
0.00614315
0.00737674
0.0085494
0.00965672
0.0106768
0.011624
0.0124954
0.0132882
0.0140005
0.014619
0.0151541
0.0156049
0.015971
0.0162526
0.0164459
0.0165559
0.0165839
0.0165315
0.0164009
0.0161973
0.0159207
0.0155743
0.0151613
0.0146853
0.0141585
0.0135763
0.0129424
0.012261
0.0115364
0.0107859
0.0100009
0.00918597
0.00834571
0.00748461
0.00662232
0.00574793
0.00486565
0.00397961
0.00309385
0.00222791
0.00137006
0.000523972
-0.000306853
-0.00111915
-0.00189571
-0.00264798
-0.00337344
-0.00406976
-0.00473485
-0.00535532
-0.00594107
-0.00649072
-0.00700314
-0.00747736
-0.00790456
-0.00829214
-0.00863968
-0.00894704
-0.00921438
-0.00943786
-0.00962245
-0.00976892
-0.00987806
-0.0099507
-0.00998702
-0.00998883
-0.00995749
-0.0098946
-0.00980189
-0.00968336
-0.00953834
-0.00936834
-0.00917491
-0.00895972
-0.00872916
-0.00848071
-0.00821632
-0.00793776
-0.00764654
-0.00734991
-0.00704333
-0.00672834
-0.00640672
-0.00608033
-0.00575741
-0.00543284
-0.00510757
-0.00478232
-0.00445778
-0.00414127
-0.00382753
-0.00351782
-0.00321324
-0.00291455
-0.00262797
-0.00234767
-0.00207371
-0.00180633
-0.00154603
-0.00129848
-0.00105899
-0.0008277
-0.000604453
-0.000388951
-0.000185191
1.10877e-05
0.000199771
0.000380746
0.000554061
0.000716612
0.000872157
0.00102105
0.00116345
0.00129937
0.00142612
0.0015463
0.00166007
0.00176771
0.00186943
0.00196337
0.00205127
0.00213285
0.00220785
0.00227619
0.00233663
0.0023905
0.00243765
0.00247776
0.00251037
0.00253448
0.00255046
0.00255827
0.00255786
0.00254895
0.00253122
0.00250373
0.00246581
0.00241707
0.00235742
0.00228811
0.002208
0.00211679
0.00201385
0.00189848
0.00177237
0.0016331
0.00148083
0.00131582
0.0011382
0.000951298
0.000751431
0.000538446
0.000312488
7.40057e-05
-0.000171753
-0.000428922
-0.000697156
-0.000976205
-0.00126569
-0.00155924
-0.00186155
-0.00217145
-0.00248787
-0.00281
-0.00313075
-0.00345585
-0.00378435
-0.00411491
-0.00444596
-0.00476931
-0.00509032
-0.00540791
-0.00572109
-0.0060287
-0.00632306
-0.00660873
-0.00688405
-0.00714755
-0.007398
-0.00762917
-0.00784508
-0.00804444
-0.00822578
-0.00838771
-0.00852562
-0.00864205
-0.0087363
-0.00880765
-0.00885522
-0.00887694
-0.0088731
-0.00884314
-0.00878688
-0.00870439
-0.00859728
-0.00846405
-0.00830458
-0.00811879
-0.00790688
-0.00767367
-0.0074158
-0.00713431
-0.00683014
-0.00650415
-0.00616392
-0.00580379
-0.00542513
-0.00502955
-0.00461874
-0.00420295
-0.00377499
-0.00333629
-0.0028884
-0.00243314
-0.00198233
-0.00152776
-0.00107163
-0.000616581
-0.000165165
0.00027023
0.000696828
0.0011119
0.00151278
0.00189703
0.00225382
0.00259008
0.00290405
0.00319398
0.00345817
0.00368857
0.00389073
0.00406395
0.0042079
0.00432241
0.00440362
0.00445523
0.00447724
0.00446996
0.00443408
0.00436994
0.00427957
0.00416439
0.00402587
0.00386555
0.00368711
0.00349044
0.00327761
0.00305083
0.00281228
0.00256806
0.00231613
0.00205865
0.00179788
0.00153606
0.00128041
0.00102761
0.000779475
0.000537716
0.000304005
8.51616e-05
-0.000122767
-0.00031836
-0.000500443
-0.000668125
-0.000816248
-0.000949229
-0.0010667
-0.00116838
-0.00125412
-0.00132054
-0.00137159
-0.00140764
-0.00142923
-0.00143699
-0.00142955
-0.00141013
-0.00137969
-0.0013393
-0.00129009
-0.00123219
-0.00116792
-0.00109843
-0.00102487
-0.000948388
-0.000869883
-0.000790779
-0.000712119
-0.000634859
-0.000559862
-0.000488
-0.000419852
-0.000356027
-0.000297034
-0.000243265
-0.000195139
-0.000152617
-0.000115758
-8.45229e-05
-5.87709e-05
-3.83205e-05
-2.27437e-05
-1.16371e-05
-4.52161e-06
-8.53562e-07
0
0
0
0
0
0
0
0
0
0
0
0
0
0
0
0
0
0
0
0
0
0
0
0
0
0
0
0
0
0
0
0
0
0
0
0
0
0
0
0
0
0
0
0
0
0
0
0
0
0
0
0
0
0
0
0
0
0
0
0
0
0
0
0
0
0
0
0
0
0
0
0
0
0
0
0
0
0
0
0
0
0
0
0
0
0
0
0
0
0
0
0
0
0
0
0
0
0
0
0
0
0
0
0
0
0
0
0
0
0
0
0
0
0
0
0
0
0
0
0
0
0
0
0
0
0
0
0
0
0
0
0
0
0
0
0
0
0
0
0
0
0
0
0
0
0
0
0
0
0
0
0
0
0
0
0
0
0
0
0
0
0
0
0
0
0
0
0
0
0
0
0
0
0
0
0
0
0
0
0
0
0
0
0
0
0
0
0
0
0
0
0
0
0
0
0
0
0
0
0
0
0
0
0
0
0
0
0
0
0
0
0
0
0
0
0
0
0
0
0
0
0
0
0
0
0
0
0
0
0
0
0
0
0
0
0
0
0
0
0
0
0
0
0
0
0
0
0
0
0
0
0
0
0
0
0
0
0
0
0
0
0
0
0
0
0
0
0
0
0
0
0
0
0
0
0
0
0
0
0
0
0
0
0
0
0
0
0
0
0
0
0
0
0
0
0
0
0
0
0
0
0
0
0
0
0
0
0
0
0
0
0
0
0
0
0
0
0
0
0
0
0
0
0
0
0
0
0
0
0
0
0
0
0
0
0
0
0
0
0
0
0
0
0
0
0
0
0
0
0
0
0
0
0
0
0
0
0
0
0
0
0
0
0
0
0
0
0
0
0
0
0
0
0
0
0
0
0
0
0
0
0
0
0
