-0
-0
-0
-0
-0
-0
-0
-0
-0
-0
-0
-0
-0
-0
-0
-0
-0
-0
-0
-0
-0
-0
-0
-0
-0
0
0
0
0
0
0
0
0
0
0
0
0
0
0
0
0
0
0
0
0
0
0
0
0
0
0
0
0
0
0
0
0
0
0
0
0
0
0
0
0
0
0
0
0
0
0
0
0
0
-0
-0
-0
-0
-0
-0
-0
-0
-0
-0
-0
-0
-0
-0
-0
-0
-0
-0
-0
-0
-0
-0
-0
-0
-0
-0
-0
-0
-0
-0
-0
-0
-0
-0
-0
-0
-0
-0
-0
-0
-0
-0
-0
-0
-0
-0
0
0
0
0
0
0
0
0
0
0
0
0
0
0
0
0
0
0
0
0
0
0
0
0
0
0
0
0
0
0
0
0
0
0
0
0
0
0
0
0
0
0
0
0
0
0
0
0
0
0
0
0
0
0
0
0
0
0
0
0
0
0
0
0
0
0
0
0
0
0
0
0
0
0
0
0
0
0
0
0
0
1.69418e-05
6.56218e-05
0.000135395
0.000213985
0.000287731
0.000341789
0.000360363
0.000326971
0.000224742
3.67527e-05
-0.000253616
-0.000662332
-0.00120437
-0.00189342
-0.00274153
-0.00375885
-0.00495328
-0.00633013
-0.00789187
-0.0096379
-0.0115644
-0.0136644
-0.0159274
-0.0183395
-0.0208832
-0.0235374
-0.0262772
-0.0290746
-0.0318989
-0.0347169
-0.0374937
-0.0401926
-0.042775
-0.0452009
-0.0474289
-0.0494169
-0.0511228
-0.0525054
-0.0535252
-0.0541443
-0.054327
-0.0540401
-0.0532535
-0.0519408
-0.0500799
-0.0476542
-0.0446523
-0.0410692
-0.0369052
-0.0321666
-0.0268651
-0.0210175
-0.0146463
-0.00777934
-0.000450363
0.00730097
0.0154292
0.0238836
0.0326091
0.041547
0.0506355
0.0598099
0.0690021
0.0781411
0.0871527
0.0959611
0.10449
0.112666
0.120417
0.127675
0.134374
0.140452
0.145852
0.150521
0.15441
0.157481
0.159697
0.161032
0.161464
0.160978
0.159565
0.157224
0.153964
0.149798
0.14475
0.138851
0.132137
0.12465
0.116441
0.107562
0.0981079
0.0881572
0.0777597
0.0669671
0.0558331
0.0444126
0.0327617
0.0209372
0.00899567
-0.00300609
-0.0150113
-0.0269629
-0.0388032
-0.0504747
-0.0619206
-0.0730858
-0.0839175
-0.0943649
-0.10438
-0.113915
-0.122924
-0.131366
-0.139199
-0.146388
-0.152901
-0.15871
-0.163789
-0.168115
-0.171668
-0.174432
-0.176394
-0.177545
-0.177882
-0.177407
-0.176124
-0.174043
-0.171175
-0.167538
-0.163149
-0.158031
-0.152209
-0.145712
-0.13857
-0.13082
-0.122499
-0.11365
-0.104318
-0.0945491
-0.084393
-0.0738998
-0.0631209
-0.0521093
-0.0409189
-0.0296045
-0.0182209
-0.00682257
0.00453642
0.0158023
0.0269212
0.0378391
0.0485023
0.0588578
0.0688543
0.0784424
0.0875751
0.0962083
0.1043
0.111812
0.118709
0.124956
0.130522
0.135379
0.139499
0.142859
0.145438
0.147221
0.148197
0.148361
0.147713
0.146257
0.143999
0.14095
0.137124
0.132539
0.127214
0.121174
0.114446
0.107061
0.0990495
0.0904497
0.0813005
0.0716444
0.0615266
0.0509949
0.0400997
0.0288936
0.017432
0.00577255
-0.00602501
-0.0178997
-0.0297898
-0.0416338
-0.0533706
-0.0649399
-0.0762828
-0.0873418
-0.0980613
-0.108387
-0.118267
-0.127649
-0.136484
-0.144725
-0.152324
-0.159241
-0.165438
-0.170881
-0.175539
-0.179386
-0.182399
-0.184556
-0.185842
-0.186247
-0.185764
-0.184395
-0.182143
-0.17902
-0.175039
-0.170219
-0.164582
-0.158155
-0.15097
-0.143065
-0.13448
-0.125263
-0.115463
-0.105136
-0.0943386
-0.0831317
-0.0715775
-0.0597397
-0.0476832
-0.035474
-0.0231793
-0.0108672
0.00139361
0.013534
0.0254853
0.0371797
0.0485506
0.0595334
0.0700654
0.0800865
0.0895386
0.0983666
0.106518
0.113943
0.120595
0.126433
0.13142
0.135524
0.138719
0.140984
0.142304
0.142671
0.14208
0.140534
0.138042
0.134617
0.130279
0.125055
0.118977
0.112083
0.104417
0.0960303
0.0869759
0.0773128
0.0671032
0.0564128
0.0453112
0.033871
0.0221673
0.0102769
-0.00172235
-0.0137524
-0.0257352
-0.0375934
-0.0492503
-0.060631
-0.0716628
-0.082276
-0.0924037
-0.101982
-0.11095
-0.119251
-0.126831
-0.133645
-0.139652
-0.144818
-0.149114
-0.152517
-0.155009
-0.156579
-0.15722
-0.156934
-0.15573
-0.153623
-0.150632
-0.146784
-0.142109
-0.136642
-0.130424
-0.123502
-0.11593
-0.107765
-0.0990682
-0.0899042
-0.0803394
-0.0704433
-0.0602872
-0.0499441
-0.0394875
-0.0289913
-0.018529
-0.00817414
0.00199993
0.0119202
0.0215151
0.0307157
0.039457
0.0476786
0.0553241
0.0623409
0.0686801
0.0742962
0.0791478
0.0831987
0.0864185
0.0887827
0.0902732
0.0908778
0.0905906
0.0894118
0.0873479
0.0844113
0.0806206
0.0759995
0.0705774
0.0643886
0.0574727
0.049874
0.0416413
0.0328272
0.0234879
0.0136827
0.00347471
-0.00706996
-0.0178822
-0.028891
-0.0400242
-0.0512095
-0.0623751
-0.07345
-0.084364
-0.0950482
-0.105435
-0.115459
-0.125058
-0.134172
-0.142744
-0.150719
-0.158047
-0.16468
-0.170575
-0.175694
-0.180005
-0.183478
-0.186093
-0.187832
-0.188684
-0.188643
-0.187712
-0.185898
-0.183212
-0.179673
-0.175304
-0.170131
-0.164187
-0.15751
-0.15014
-0.142124
-0.133508
-0.124346
-0.11469
-0.1046
-0.0941341
-0.0833543
-0.0723231
-0.0611033
-0.0497584
-0.0383524
-0.0269493
-0.0156132
-0.00440675
0.0066088
0.0173744
0.0278327
0.0379282
0.0476072
0.0568184
0.0655143
0.0736516
0.0811918
0.0880999
0.0943448
0.099898
0.104735
0.108836
0.112186
0.114776
0.116602
0.117662
0.11796
0.117499
0.116291
0.11435
0.111696
0.108354
0.104352
0.0997178
0.0944829
0.0886798
0.0823451
0.0755198
0.068248
0.0605757
0.0525494
0.044215
0.0356187
0.026808
0.0178321
0.00874169
-0.000412482
-0.00958089
-0.0187158
-0.027771
-0.0367009
-0.0454601
-0.0540041
-0.0622902
-0.0702796
-0.0779366
-0.085229
-0.0921261
-0.0985983
-0.104618
-0.110158
-0.115199
-0.119723
-0.123716
-0.127171
-0.130077
-0.132429
-0.134223
-0.135458
-0.136137
-0.136268
-0.13586
-0.134924
-0.133473
-0.131522
-0.129086
-0.126187
-0.122847
-0.11909
-0.114942
-0.110426
-0.10557
-0.100401
-0.0949499
-0.0892482
-0.0833286
-0.0772228
-0.0709615
-0.0645747
-0.058093
-0.0515478
-0.0449709
-0.0383941
-0.0318474
-0.0253589
-0.018955
-0.0126608
-0.00650137
-0.000501293
0.00531554
0.0109266
0.0163114
0.0214507
0.0263273
0.0309249
0.0352287
0.0392257
0.042905
0.0462578
0.0492769
0.0519558
0.0542889
0.0562716
0.057901
0.0591762
0.0600988
0.0606717
0.0608993
0.0607867
0.0603393
0.0595639
0.0584685
0.0570622
0.0553556
0.0533598
0.0510864
0.0485479
0.0457576
0.04273
0.0394803
0.036024
0.0323769
0.0285543
0.024572
0.0204464
0.0161944
0.0118338
0.00738213
0.00285634
-0.00172692
-0.00635115
-0.0109994
-0.015654
-0.020297
-0.0249109
-0.0294789
-0.0339852
-0.0384147
-0.0427524
-0.046983
-0.051091
-0.0550616
-0.058881
-0.0625365
-0.0660166
-0.06931
-0.072405
-0.0752903
-0.077955
-0.080389
-0.082584
-0.0845326
-0.0862281
-0.0876643
-0.0888355
-0.0897368
-0.0903647
-0.0907171
-0.0907931
-0.0905928
-0.0901162
-0.0893641
-0.0883377
-0.08704
-0.0854758
-0.083651
-0.0815732
-0.0792499
-0.0766896
-0.0739009
-0.070894
-0.0676805
-0.0642731
-0.0606856
-0.0569318
-0.0530254
-0.0489801
-0.0448103
-0.0405312
-0.0361595
-0.0317126
-0.0272085
-0.0226652
-0.0181002
-0.0135306
-0.00897362
-0.00444662
3.27719e-05
0.0044469
0.00877847
0.0130107
0.0171277
0.0211139
0.0249545
0.0286351
0.032142
0.0354622
0.0385837
0.0414953
0.0441871
0.0466498
0.0488747
0.0508544
0.0525823
0.054053
0.0552627
0.0562085
0.0568891
0.0573038
0.0574531
0.0573383
0.056962
0.056328
0.0554415
0.0543091
0.0529385
0.0513383
0.0495181
0.0474882
0.0452596
0.0428442
0.0402545
0.0375036
0.0346055
0.0315744
0.0284253
0.0251736
0.021835
0.018425
0.0149592
0.0114527
0.00792045
0.00437732
0.000838158
-0.00268205
-0.00616836
-0.00960606
-0.0129809
-0.0162794
-0.0194887
-0.0225967
-0.0255923
-0.0284651
-0.0312059
-0.0338063
-0.0362588
-0.0385565
-0.040693
-0.0426626
-0.0444604
-0.0460789
-0.0474932
-0.0486957
-0.0496839
-0.0504567
-0.0510143
-0.0513583
-0.0514917
-0.051419
-0.0511461
-0.0506803
-0.0500299
-0.0492043
-0.0482137
-0.0470688
-0.0457815
-0.0443636
-0.0428375
-0.0413013
-0.0397785
-0.0382695
-0.0367736
-0.0352886
-0.033811
-0.032336
-0.0308577
-0.0293693
-0.0278635
-0.0263329
-0.0247701
-0.0231672
-0.0215162
-0.0198084
-0.0180349
-0.0161868
-0.0142559
-0.0122348
-0.0101172
-0.00789734
-0.00557031
-0.00313181
-0.000578438
0.00209215
0.00488118
0.00778906
0.0108157
0.0139604
0.0172219
0.0205972
0.0240811
0.0276659
0.0313419
0.0350981
0.0389237
0.0428083
0.0467413
0.0507116
0.0547062
0.0587098
0.0627049
0.0666733
0.0705961
0.0744541
0.0782276
0.0818966
0.0854409
0.0888397
0.0920719
0.095116
0.0979495
0.10055
0.102894
0.104959
0.106724
0.108169
0.109278
0.110037
0.11043
0.110443
0.110062
0.109272
0.108062
0.106424
0.104353
0.101851
0.0989184
0.0955596
0.0917796
0.0875847
0.0829844
0.077987
0.0726005
0.0668467
0.060753
0.0543509
0.0476709
0.0407454
0.0336069
0.0262894
0.0188303
0.0112676
0.00364321
-0.00399983
-0.0116188
-0.0191714
-0.0266186
-0.0339206
-0.0410399
-0.0479581
-0.0546479
-0.0610813
-0.0672315
-0.0730737
-0.0785834
-0.0837367
-0.0885084
-0.0928756
-0.0968184
-0.100321
-0.103374
-0.105962
-0.108073
-0.109689
-0.110794
-0.111377
-0.111425
-0.110935
-0.109909
-0.10835
-0.106268
-0.103659
-0.100524
-0.0968692
-0.0927071
-0.0880625
-0.0829501
-0.0773939
-0.0714185
-0.0650479
-0.0583147
-0.0512343
-0.0438312
-0.03613
-0.0281567
-0.0199485
-0.0115295
-0.00293681
0.00578967
0.0146105
0.023483
0.0323825
0.0412806
0.0501482
0.0589524
0.067652
0.0762097
0.0845856
0.092744
0.100654
0.108291
0.115626
0.122631
0.12928
0.135543
0.141404
0.146829
0.151795
0.156278
0.160257
0.163728
0.166655
0.169027
0.170836
0.172078
0.172776
0.172893
0.172425
0.171368
0.169726
0.167548
0.164812
0.161536
0.157733
0.153416
0.148639
0.14338
0.137663
0.131522
0.124989
0.118141
0.110969
0.103505
0.0957832
0.0878413
0.0797545
0.0715336
0.0632219
0.054861
0.0464914
0.0381732
0.0299336
0.0218212
0.0138859
0.00617631
-0.00126743
-0.00839912
-0.015179
-0.0215667
-0.0275209
-0.0330335
-0.0380318
-0.0424817
-0.0463547
-0.0496272
-0.0523441
-0.0544196
-0.0558344
-0.0565708
-0.0566143
-0.0560521
-0.0547822
-0.0528039
-0.0501207
-0.0467389
-0.0427907
-0.0381684
-0.0328911
-0.0269835
-0.0204753
-0.0135353
-0.00606648
0.00188967
0.010288
0.0190794
0.028081
0.037367
0.0468782
0.0565531
0.0663276
0.0760315
0.085702
0.0952704
0.104666
0.113819
0.122599
0.130993
0.138932
0.14635
0.153183
0.159378
0.164865
0.169584
0.17348
0.176498
0.178683
0.179901
0.180115
0.179295
0.177417
0.174637
0.170763
0.165786
0.159706
0.152529
0.144525
0.135458
0.125353
0.11424
0.102158
0.0894656
0.0759059
0.061544
0.0464523
0.030709
0.014729
-0.00173785
-0.018604
-0.0357764
-0.0531548
-0.0703219
-0.0874801
-0.104519
-0.121328
-0.137796
-0.153574
-0.168792
-0.18334
-0.197107
-0.209983
-0.22174
-0.232404
-0.241881
-0.250085
-0.256931
-0.262369
-0.266296
-0.268648
-0.269367
-0.268409
-0.265935
-0.261718
-0.255739
-0.247989
-0.238467
-0.227554
-0.214906
-0.20056
-0.184563
-0.166974
-0.148369
-0.128316
-0.106901
-0.0842187
-0.0603745
-0.0360762
-0.0108517
0.0151702
0.0418535
0.0690566
0.0960261
0.12322
0.150486
0.177665
0.204592
0.230561
0.255943
0.280572
0.304287
0.326935
0.347981
0.367671
0.385865
0.402428
0.417226
0.429968
0.440708
0.449349
0.455807
0.460009
0.461992
0.461613
0.458838
0.453645
0.446025
0.436348
0.424271
0.409829
0.39307
0.374061
0.353483
0.330831
0.306214
0.279751
0.251568
0.222571
0.192137
0.160426
0.127612
0.0938808
0.0602648
0.0261233
-0.00834593
-0.0429436
-0.0774682
-0.110925
-0.143902
-0.176198
-0.207614
-0.237953
-0.266397
-0.293393
-0.318769
-0.342356
-0.364002
-0.383191
-0.40017
-0.414827
-0.427059
-0.436775
-0.443841
-0.448249
-0.449956
-0.448941
-0.445204
-0.439041
-0.430194
-0.418702
-0.404613
-0.387996
-0.369525
-0.348724
-0.325721
-0.300658
-0.273691
-0.245787
-0.21631
-0.18544
-0.15337
-0.1203
-0.0873485
-0.0538162
-0.0199155
0.0141388
0.0481296
0.0809649
0.113306
0.144943
0.175673
0.205299
0.232925
0.259076
0.283582
0.306279
0.327019
0.345238
0.361247
0.374946
0.386248
0.395079
0.401301
0.404955
0.406019
0.40449
0.400383
0.394008
0.385135
0.373825
0.360161
0.34424
0.326776
0.307296
0.285942
0.262866
0.238235
0.213048
0.186668
0.159288
0.131108
0.10233
0.0740745
0.045628
0.0171962
-0.0110105
-0.0387795
-0.0650354
-0.0904419
-0.114807
-0.13795
-0.159696
-0.179207
-0.197001
-0.212933
-0.226872
-0.238703
-0.247956
-0.254924
-0.259544
-0.261767
-0.261554
-0.258877
-0.253741
-0.246158
-0.236164
-0.223806
-0.209512
-0.193001
-0.174371
-0.153731
-0.131208
-0.107613
-0.08242
-0.0557819
-0.027863
0.00116311
0.0302272
0.060026
0.0903642
0.121043
0.151865
0.18167
0.21123
0.240353
0.26885
0.296527
0.322306
0.346904
0.370152
0.391897
0.411993
0.42962
0.44534
0.45904
0.47062
0.479992
0.486713
0.491105
0.49313
0.492762
0.489991
0.484811
0.477246
0.467328
0.4551
0.440625
0.424333
0.40595
0.385572
0.363307
0.339277
0.314285
0.287796
0.259956
0.230917
0.200841
0.170787
0.140033
0.108756
0.0771335
0.0453463
0.0145556
-0.016047
-0.0462906
-0.0760058
-0.105025
-0.132249
-0.158457
-0.1835
-0.207238
-0.229541
-0.249526
-0.267847
-0.284406
-0.299109
-0.311873
-0.322132
-0.330317
-0.336381
-0.340291
-0.342026
-0.34142
-0.338633
-0.333679
-0.326579
-0.317368
-0.306275
-0.293167
-0.278106
-0.261168
-0.242438
-0.222513
-0.200996
-0.178
-0.153639
-0.128035
-0.102053
-0.0750715
-0.0472207
-0.0186396
0.0105244
0.0392309
0.0682223
0.0973575
0.126501
0.155524
0.183374
0.210844
0.237801
0.264114
0.289654
0.31346
0.336259
0.357945
0.378417
0.397575
0.414672
0.430284
0.44434
0.456782
0.467557
0.476218
0.483125
0.488239
0.491533
0.492989
0.492498
0.490175
0.486035
0.480104
0.47241
0.463184
0.452267
0.439707
0.425558
0.409881
0.393214
0.375159
0.355795
0.33521
0.313504
0.291466
0.268512
0.244745
0.220265
0.195178
0.170409
0.14525
0.119815
0.0942213
0.0685852
0.0438777
0.0193518
-0.0048823
-0.0287131
-0.0520292
-0.0739278
-0.0951058
-0.115472
-0.134941
-0.153428
-0.170203
-0.185828
-0.200218
-0.2133
-0.225007
-0.234869
-0.243258
-0.250136
-0.255469
-0.259228
-0.261246
-0.26165
-0.260435
-0.257597
-0.253144
-0.247227
-0.239722
-0.230656
-0.220067
-0.208002
-0.194929
-0.18049
-0.164741
-0.147744
-0.129564
-0.110913
-0.0912396
-0.0706354
-0.0491951
-0.027014
-0.00496584
0.017636
0.0406954
0.06411
0.0877708
0.110735
0.133722
0.15662
0.179321
0.201717
0.222921
0.243611
0.263686
0.283049
0.301523
0.318265
0.3338
0.348028
0.360858
0.372206
0.381591
0.389367
0.395488
0.399923
0.402653
0.403533
0.40272
0.400237
0.396121
0.390419
0.383307
0.374729
0.364762
0.353496
0.341031
0.327812
0.31361
0.298543
0.282728
0.266287
0.249808
0.232931
0.215783
0.198493
0.181191
0.16451
0.148038
0.131886
0.116152
0.100925
0.0867454
0.073198
0.0603461
0.0482473
0.036952
0.0268592
0.0176163
0.00923882
0.00173057
-0.00491412
-0.0104792
-0.0152283
-0.0191834
-0.0223711
-0.0248244
-0.0264784
-0.0274965
-0.0279332
-0.0278474
-0.0272993
-0.026337
-0.0250336
-0.023447
-0.0216339
-0.0196499
-0.0175891
-0.0154583
-0.0133062
-0.0111778
-0.00911224
-0.00719827
-0.00539952
-0.00373913
-0.00223608
-0.00090558
0.000196012
0.00111639
0.00185302
0.00240853
0.00279046
0.00298506
0.00303998
0.00297154
0.0027979
0.00253891
0.00220717
0.00183809
0.00145394
0.00107688
0.00072833
0.000427616
0.000195425
4.81455e-05
0
0
0
0
0
0
0
0
0
0
0
0
0
0
0
0
0
0
0
0
0
0
0
0
0
0
0
0
0
0
0
0
0
0
0
0
0
0
0
0
0
0
0
0
0
0
0
0
0
0
0
0
0
0
0
0
0
0
0
0
0
0
0
0
0
0
0
0
0
0
0
0
0
0
0
0
0
0
0
0
0
0
0
0
0
0
0
0
0
0
0
0
0
0
0
0
0
0
0
0
0
0
0
0
0
0
0
0
0
0
0
0
0
0
0
0
0
0
0
0
0
0
0
0
0
0
0
0
0
0
0
0
0
0
0
0
0
0
0
0
0
0
0
0
0
0
0
0
0
0
0
0
0
0
0
0
0
0
0
0
0
0
0
0
0
0
0
0
0
0
0
0
0
0
0
0
0
0
0
0
0
0
0
0
0
0
0
0
0
0
0
0
0
0
0
0
-0
-0
-0
-0
-0
