-0
-0
-0
-0
-0
-0
-0
-0
-0
-0
0
0
0
0
0
0
0
0
0
0
0
0
0
0
0
0
0
0
0
0
0
0
0
0
0
0
0
0
0
0
0
0
0
0
0
0
0
-0
-0
-0
-0
-0
-0
-0
-0
-0
-0
-0
-0
-0
-0
-0
-0
-0
-0
-0
-0
-0
-0
-0
-0
-0
-0
-0
-0
-0
-0
-0
-0
-0
-0
-0
-0
-0
0
0
0
0
0
0
0
0
0
0
0
0
0
0
0
0
0
0
0
0
0
0
0
0
0
0
0
0
0
0
0
0
0
0
0
0
0
0
0
0
0
0
0
0
-0
-0
-0
-0
-0
-0
-0
-0
-0
-0
-0
-0
-0
-0
-0
-0
-0
-0
-0
-0
-0
-0
-0
-0
-0
-0
-0
-0
-0
-0
-0
-0
-0
-0
-0
-0
-0
-0
-0
-0
-0
-0
-0
-0
-0
-0
-0
0
0
0
0
0
0
0
0
0
0
0
0
0
0
0
0
0
0
0
0
0
0
0
0
0
0
0
0
0
0
0
0
0
0
0
0
0
0
0
0
0
0
0
0
0
0
0
0
-0
-0
-0
-0
-0
-0
-0
-0
-0
-0
-0
-0
-0
-7.5232e-06
-3.20069e-05
-7.47456e-05
-0.000136457
-0.000217284
-0.000316803
-0.00043404
-0.00056749
-0.000715153
-0.000874577
-0.00104291
-0.00121697
-0.00139327
-0.00156811
-0.0017376
-0.00189771
-0.00204443
-0.00217376
-0.00228187
-0.00236513
-0.00242016
-0.00244384
-0.00243335
-0.00238616
-0.00230018
-0.0021738
-0.00200598
-0.0017963
-0.00154495
-0.00125263
-0.000920528
-0.000550282
-0.000143971
0.000295826
0.000766005
0.00126295
0.00178263
0.00232071
0.00287267
0.00343394
0.00399988
0.00456579
0.00512686
0.0056782
0.00621495
0.00673235
0.00722589
0.00769139
0.00812505
0.00852341
0.0088834
0.00920232
0.00947787
0.00970823
0.00989206
0.0100285
0.0101173
0.0101585
0.0101527
0.010101
0.0100048
0.00986564
0.00968558
0.00946669
0.00921132
0.00892204
0.00860179
0.00825373
0.00788124
0.00748771
0.00707646
0.00665073
0.00621378
0.00576892
0.00531959
0.00486923
0.00442099
0.00397758
0.00354108
0.00311311
0.00269513
0.00228878
0.00189613
0.00151952
0.00116131
0.000823384
0.000506834
0.000211972
-6.1402e-05
-0.00031356
-0.00054468
-0.000754795
-0.000943679
-0.0011112
-0.0012576
-0.00138353
-0.00148983
-0.00157725
-0.00164622
-0.00169686
-0.00172922
-0.00174354
-0.00174038
-0.0017205
-0.00168454
-0.00163282
-0.0015652
-0.00148133
-0.001381
-0.00126444
-0.00113242
-0.000986029
-0.000826372
-0.000654274
-0.000470225
-0.000274532
-6.75811e-05
0.000149981
0.000377247
0.000613207
0.000856939
0.0011077
0.00136486
0.00162773
0.0018954
0.00216669
0.0024402
0.00271448
0.00298808
0.00325954
0.00352735
0.00378983
0.00404508
0.00429104
0.00452554
0.00474635
0.00495128
0.00513817
0.00530498
0.0054498
0.0055709
0.00566671
0.00573576
0.00577653
0.00578751
0.00576718
0.00571424
0.00562775
0.00550718
0.00535246
0.00516374
0.00494133
0.00468554
0.00439674
0.00407546
0.00372245
0.0033388
0.00292588
0.00248534
0.00201914
0.00152954
0.00101916
0.000490934
-5.19947e-05
-0.00060641
-0.00116916
-0.00173716
-0.00230733
-0.00287643
-0.00344091
-0.00399689
-0.0045402
-0.00506653
-0.00557156
-0.0060511
-0.00650109
-0.00691764
-0.00729701
-0.00763555
-0.00792974
-0.00817614
-0.00837149
-0.00851279
-0.00859739
-0.00862314
-0.00858839
-0.008492
-0.00833327
-0.00811184
-0.00782771
-0.00748126
-0.0070734
-0.00660556
-0.00607974
-0.00549846
-0.00486465
-0.00418163
-0.0034531
-0.00268321
-0.00187655
-0.00103812
-0.000173239
0.000712525
0.00161336
0.00252318
0.00343554
0.00434368
0.00524059
0.0061192
0.00697258
0.00779405
0.0085772
0.00931587
0.0100041
0.0106362
0.0112069
0.0117112
0.0121445
0.0125028
0.0127819
0.0129782
0.0130883
0.0131093
0.0130391
0.0128763
0.0126208
0.0122728
0.0118335
0.0113046
0.0106883
0.00998765
0.00920613
0.00834796
0.00741781
0.00642087
0.00536282
0.00424996
0.00308927
0.00188842
0.000655631
-0.000600497
-0.00187112
-0.00314727
-0.00441982
-0.00567953
-0.00691699
-0.00812278
-0.00928753
-0.010402
-0.0114572
-0.0124442
-0.0133542
-0.0141787
-0.0149095
-0.0155388
-0.0160595
-0.0164651
-0.0167499
-0.0169089
-0.0169376
-0.0168323
-0.01659
-0.0162087
-0.0156875
-0.0150263
-0.0142265
-0.01329
-0.0122202
-0.0110213
-0.00969824
-0.00825701
-0.0067042
-0.00504714
-0.00329379
-0.00145285
0.000466214
0.00245319
0.00449707
0.00658615
0.00870802
0.0108497
0.0129976
0.0151379
0.0172565
0.0193393
0.0213724
0.0233418
0.025234
0.0270353
0.0287324
0.0303122
0.0317622
0.0330701
0.0342245
0.0352145
0.0360299
0.0366617
0.0371016
0.0373428
0.0373797
0.0372081
0.0368253
0.0362294
0.0354197
0.0343968
0.0331619
0.0317178
0.0300685
0.0282194
0.0261773
0.0239504
0.0215484
0.0189825
0.016265
0.0134094
0.0104299
0.00734161
0.00416019
0.000901956
-0.00241612
-0.00577647
-0.00916095
-0.012551
-0.0159276
-0.0192718
-0.0225641
-0.0257853
-0.0289159
-0.0319369
-0.0348297
-0.0375762
-0.0401594
-0.0425629
-0.0447713
-0.0467702
-0.0485463
-0.0500874
-0.0513824
-0.0524214
-0.0531961
-0.0536992
-0.0539246
-0.0538681
-0.0535267
-0.0528992
-0.0519862
-0.0507899
-0.0493144
-0.0475653
-0.0455498
-0.0432768
-0.0407567
-0.0380009
-0.0350224
-0.0318351
-0.0284542
-0.0248961
-0.0211782
-0.0173188
-0.0133373
-0.00925395
-0.00508953
-0.00086568
0.00339538
0.00767086
0.0119376
0.0161724
0.0203519
0.0244532
0.0284538
0.0323318
0.0360659
0.0396358
0.0430223
0.0462075
0.0491747
0.0519086
0.0543955
0.0566228
0.0585796
0.0602566
0.0616462
0.0627425
0.0635412
0.0640398
0.064237
0.0641334
0.0637312
0.0630343
0.0620483
0.06078
0.059238
0.0574318
0.0553725
0.0530723
0.0505448
0.0478045
0.0448674
0.04175
0.0384697
0.0350445
0.0314931
0.0278348
0.0240894
0.0202771
0.0164181
0.0125327
0.00864096
0.00476288
0.000918173
-0.00287382
-0.00659428
-0.0102251
-0.0137491
-0.0171499
-0.0204121
-0.0235212
-0.0264637
-0.029227
-0.0317997
-0.0341717
-0.0363341
-0.0382794
-0.0400013
-0.0414948
-0.042756
-0.0437826
-0.0445734
-0.0451287
-0.0454501
-0.0455403
-0.0454034
-0.0450444
-0.0444695
-0.0436858
-0.0427016
-0.0415261
-0.0401694
-0.0386423
-0.0369566
-0.0351242
-0.0331579
-0.0310707
-0.0288761
-0.0265878
-0.02422
-0.0217868
-0.0193024
-0.0167808
-0.0142359
-0.0116813
-0.00913033
-0.00659604
-0.00409119
-0.00162813
0.000781344
0.0031261
0.00539572
0.00758051
0.00967157
0.0116607
0.0135407
0.0153051
0.0169483
0.0184656
0.0198529
0.0211071
0.0222258
0.0232073
0.0240512
0.0247577
0.0253281
0.0257642
0.0260686
0.0262443
0.026295
0.0262251
0.0260396
0.0257443
0.0253452
0.0248486
0.0242612
0.0235897
0.0228411
0.0220229
0.0211425
0.0202077
0.0192262
0.0182057
0.0171537
0.0160779
0.0149855
0.0138837
0.0127792
0.0116786
0.0105878
0.00951289
0.00845933
0.00743246
0.00643717
0.00547777
0.00455798
0.00368095
0.00284936
0.00206562
0.00133182
0.000649671
2.0422e-05
-0.000555256
-0.00107723
-0.00154584
-0.00196175
-0.00232592
-0.00263967
-0.00290464
-0.00312285
-0.00329662
-0.00342841
-0.00352085
-0.00357666
-0.00359882
-0.00359058
-0.0035555
-0.00349725
-0.00341945
-0.00332549
-0.00321851
-0.00310156
-0.00297768
-0.00285001
-0.00272173
-0.00259586
-0.00247515
-0.00236204
-0.00225866
-0.00216699
-0.00208884
-0.00202577
-0.00197899
-0.0019493
-0.00193709
-0.00194258
-0.00196592
-0.00200729
-0.00206672
-0.00214395
-0.00223821
-0.00234824
-0.00247243
-0.00260907
-0.00275651
-0.00291317
-0.00307739
-0.0032473
-0.00342076
-0.00359543
-0.00376894
-0.00393902
-0.00410348
-0.00426016
-0.00440681
-0.00454109
-0.00466061
-0.00476315
-0.00484668
-0.00490946
-0.00494986
-0.00496638
-0.00495753
-0.00492199
-0.00485864
-0.00476667
-0.00464554
-0.00449491
-0.00431453
-0.00410426
-0.00386415
-0.00359452
-0.00329604
-0.00296972
-0.00261677
-0.00223856
-0.00183659
-0.0014125
-0.000968216
-0.000505922
-2.80012e-05
0.000463061
0.000964766
0.00147461
0.00198999
0.00250816
0.0030262
0.00354119
0.00405024
0.00455061
0.00503975
0.00551515
0.0059743
0.00641459
0.00683339
0.00722819
0.00759677
0.00793717
0.00824771
0.00852681
0.00877298
0.00898476
0.00916083
0.00930014
0.00940189
0.0094656
0.00949094
0.00947777
0.00942608
0.00933608
0.00920826
0.00904341
0.00884255
0.00860686
0.00833766
0.00803633
0.00770442
0.00734371
0.00695618
0.00654401
0.00610951
0.00565502
0.00518291
0.00469557
0.00419545
0.00368508
0.00316704
0.00264394
0.00211841
0.00159311
0.0010707
0.000553875
4.53027e-05
-0.000452476
-0.000937099
-0.00140641
-0.00185841
-0.00229117
-0.00270281
-0.00309116
-0.0034528
-0.00378531
-0.00408686
-0.00435606
-0.00459186
-0.00479355
-0.00496057
-0.00509259
-0.00518944
-0.00525127
-0.00527856
-0.00527212
-0.0052331
-0.0051629
-0.00506312
-0.00493553
-0.00478205
-0.00460476
-0.00440585
-0.00418766
-0.00395256
-0.003703
-0.00344144
-0.00317044
-0.00289247
-0.00261009
-0.00232579
-0.00204199
-0.00176094
-0.00148469
-0.00121514
-0.000954006
-0.000702861
-0.000463107
-0.000236116
-2.30399e-05
0.000175154
0.000357719
0.000524244
0.000674279
0.000807684
0.00092449
0.00102487
0.00110929
0.00117797
0.0012314
0.00127021
0.00129512
0.00130723
0.00130726
0.00129625
0.00127525
0.00124528
0.00120758
0.0011629
0.00111223
0.00105659
0.000997007
0.000934688
0.000870387
0.000805005
0.000739364
0.000674218
0.000610389
0.000548342
0.000488616
0.00043166
0.000377835
0.000327485
0.000280734
0.000237724
0.000198542
0.00016321
0.000131697
0.000103883
7.96015e-05
5.8639e-05
4.07531e-05
2.56505e-05
1.30935e-05
2.79838e-06
-5.52401e-06
-1.21637e-05
-1.74595e-05
-2.16168e-05
-2.48791e-05
-2.74566e-05
-2.95199e-05
-3.12727e-05
-3.26323e-05
-3.32984e-05
-3.32242e-05
-3.23987e-05
-3.09227e-05
-2.86876e-05
-2.56944e-05
-2.19462e-05
-1.74488e-05
-1.23393e-05
-6.50526e-06
3.01614e-08
7.23544e-06
1.50716e-05
2.33602e-05
3.2188e-05
4.15046e-05
5.12566e-05
6.13864e-05
7.17128e-05
8.22903e-05
9.30496e-05
0.000103917
0.000114813
0.000125572
0.000136185
0.000146557
0.000156597
0.000166217
0.000175318
0.000183829
0.000191663
0.000198729
0.000204933
0.000210262
0.000214554
0.000217737
0.000219741
0.000220498
0.000220118
0.000218348
0.00021512
0.000210385
0.000204111
0.000196575
0.000187483
0.000176834
0.000164631
0.000150883
0.000135996
0.000119624
0.000101826
8.26733e-05
6.2244e-05
4.10649e-05
1.87799e-05
-4.50979e-06
-2.86841e-05
-5.36037e-05
-7.86671e-05
-0.000104166
-0.00012994
-0.000155826
-0.000181651
-0.000206842
-0.000231583
-0.000255664
-0.000278872
-0.000300996
-0.000321584
-0.00034067
-0.000358041
-0.000373476
-0.000386755
-0.00039764
-0.000405966
-0.000411557
-0.000414245
-0.000413872
-0.000410523
-0.000403813
-0.000393616
-0.000379826
-0.000362364
-0.000341711
-0.000317287
-0.000289071
-0.000257062
-0.000221286
-0.000182623
-0.000140335
-9.45346e-05
-4.53583e-05
7.03389e-06
6.14097e-05
0.000118607
0.000178386
0.000240478
0.000304592
0.000369252
0.000435297
0.00050238
0.000570133
0.000638165
0.000704929
0.000771138
0.000836363
0.000900171
0.00096212
0.00102083
0.00107678
0.00112953
0.00117863
0.00122363
0.00126357
0.00129859
0.0013283
0.00135233
0.00137032
0.00138189
0.00138679
0.00138474
0.00137551
0.0013589
0.0013353
0.00130404
0.00126502
0.00121821
0.00116362
0.00110251
0.00103379
0.000957606
0.000874148
0.000783662
0.00068819
0.000586324
0.000478448
0.000364995
0.000246439
0.000125438
4.072e-07
-0.000128058
-0.000259327
-0.000392739
-0.000525323
-0.000658661
-0.000792026
-0.000924667
-0.00105581
-0.00118255
-0.00130622
-0.00142607
-0.00154133
-0.00165122
-0.00175333
-0.00184861
-0.00193637
-0.00201593
-0.00208666
-0.00214702
-0.00219741
-0.0022373
-0.00226624
-0.00228382
-0.00228967
-0.00228351
-0.00226514
-0.00223439
-0.00219116
-0.00213646
-0.0020693
-0.00198979
-0.00189812
-0.00179455
-0.00168142
-0.00155711
-0.00142209
-0.00127687
-0.00112207
-0.000961147
-0.000792023
-0.000615477
-0.000432334
-0.000243467
-5.30615e-05
0.000141194
0.000338306
0.00053725
0.000736984
0.000933107
0.00112791
0.00132034
0.00150933
0.0016938
0.00186972
0.00203905
0.00220079
0.00235398
0.00249771
0.00262887
0.00274887
0.00285692
0.00295233
0.00303445
0.00310159
0.00315436
0.00319234
0.00321517
0.0032226
0.00321459
0.0031909
0.00315153
0.00309655
0.00302613
0.00294193
0.00284286
0.00272931
0.00260179
0.00246088
0.00230982
0.00214676
0.00197249
0.00178786
0.0015938
0.00139465
0.00118807
0.000975121
0.000756917
0.000534607
0.000313119
8.98943e-05
-0.000133864
-0.000356954
-0.00057818
-0.000792733
-0.00100311
-0.00120819
-0.00140689
-0.00159815
-0.0017779
-0.00194827
-0.00210838
-0.00225743
-0.00239468
-0.00251739
-0.00262705
-0.00272314
-0.00280522
-0.00287293
-0.00292511
-0.00296241
-0.00298471
-0.00299196
-0.00298422
-0.00296207
-0.0029253
-0.00287423
-0.00280924
-0.00273079
-0.00264104
-0.00253894
-0.00242517
-0.00230043
-0.00216552
-0.00202381
-0.00187362
-0.00171582
-0.00155136
-0.00138121
-0.00120946
-0.00103402
-0.000855892
-0.000676087
-0.000495616
-0.000318679
-0.000143074
3.02246e-05
0.000200274
0.000366173
0.000524216
0.000676466
0.000822172
0.00096062
0.00109113
0.00121092
0.00132159
0.00142262
0.0015136
0.00159417
0.00166285
0.00172062
0.00176735
0.00180294
0.0018274
0.00184061
0.00184287
0.00183436
0.00181534
0.00178612
0.00174785
0.00170015
0.00164349
0.00157836
0.00150533
0.00142654
0.00134106
0.00124955
0.00115272
0.00105127
0.000947928
0.000841399
0.000732392
0.000621622
0.000509805
0.000399782
0.000290113
0.000181469
7.4502e-05
-3.01637e-05
-0.000130018
-0.00022641
-0.000318817
-0.000406754
-0.000489784
-0.000566091
-0.000636753
-0.000701469
-0.00075998
-0.000812078
-0.000856835
-0.000894907
-0.00092623
-0.000950776
-0.000968558
-0.000979566
-0.000983955
-0.000981874
-0.000973523
-0.000959153
-0.00093963
-0.000914689
-0.000884665
-0.000849921
-0.000810844
-0.000768892
-0.000723446
-0.000674946
-0.000623842
-0.000570593
-0.00051695
-0.000462106
-0.000406536
-0.000350713
-0.000295089
-0.000241357
-0.000188648
-0.000137342
-8.78135e-05
-4.04339e-05
3.41398e-06
4.4421e-05
8.22891e-05
0.000116759
0.00014761
0.000174042
0.000196514
0.000214903
0.000229119
0.000239105
0.000244713
0.000246065
0.000243182
0.000236115
0.000224943
0.000210149
0.000191528
0.000169273
0.000143604
0.000114756
8.37348e-05
5.00436e-05
1.39601e-05
-2.4219e-05
-6.41823e-05
-0.000104621
-0.000146215
-0.000188656
-0.000231626
-0.000274801
-0.000316803
-0.000358345
-0.000399103
-0.000438774
-0.000477073
-0.00051282
-0.000546667
-0.000578362
-0.000607669
-0.000634377
-0.000657684
-0.000678064
-0.000695397
-0.00070958
-0.000720521
-0.000727912
-0.000731941
-0.000732595
-0.000729888
-0.00072386
-0.000714738
-0.00070241
-0.000686959
-0.000668492
-0.000647153
-0.000623662
-0.000597664
-0.000569359
-0.000538947
-0.000506628
-0.000473435
-0.000438769
-0.000402869
-0.000365985
-0.000328367
-0.000291222
-0.000253817
-0.000216381
-0.000179146
-0.000142344
-0.000107155
-7.28282e-05
-3.95469e-05
-7.47796e-06
2.32204e-05
5.15818e-05
7.82646e-05
0.000103123
0.000126025
0.00014686
0.000164981
0.00018087
0.000194468
0.000205728
0.000214614
0.000220876
0.000224752
0.00022626
0.00022543
0.000222298
0.000217015
0.000209535
0.000199932
0.000188293
0.000174717
0.000159724
0.000143011
0.000124699
0.000104924
8.38317e-05
6.22278e-05
3.95996e-05
1.60809e-05
-8.20012e-06
-3.31122e-05
-5.77041e-05
-8.26289e-05
-0.000107725
-0.000132839
-0.000157832
-0.000181733
-0.000205296
-0.000228416
-0.000250986
-0.00027289
-0.000293226
-0.000312707
-0.000331271
-0.000348864
-0.00036543
-0.00038025
-0.000393904
-0.000406327
-0.000417476
-0.000427335
-0.000435476
-0.000442334
-0.0004479
-0.000452144
-0.000455024
-0.000456346
-0.000456266
-0.000454809
-0.00045202
-0.000447951
-0.000442777
-0.000436404
-0.000428856
-0.000420155
-0.000410329
-0.00039983
-0.000388284
-0.000375741
-0.000362255
-0.000347788
-0.000332964
-0.000317192
-0.000300556
-0.000283152
-0.000265083
-0.00024732
-0.000229104
-0.000210532
-0.000191696
-0.000172676
-0.000154513
-0.000136339
-0.000118274
-0.000100448
-8.29833e-05
-6.69083e-05
-5.13494e-05
-3.63607e-05
-2.20001e-05
-8.34396e-06
3.72604e-06
1.49207e-05
2.51594e-05
3.43908e-05
4.25903e-05
4.91903e-05
5.47439e-05
5.92148e-05
6.25577e-05
6.47376e-05
6.54823e-05
6.50963e-05
6.36308e-05
6.11429e-05
5.76825e-05
5.33211e-05
4.80695e-05
4.19819e-05
3.51299e-05
2.75994e-05
1.97634e-05
1.14133e-05
2.63876e-06
-6.46611e-06
-1.57979e-05
-2.47943e-05
-3.38247e-05
-4.27803e-05
-5.15626e-05
-6.00815e-05
-6.77344e-05
-7.49925e-05
-8.17631e-05
-8.79573e-05
-9.34985e-05
-9.7847e-05
-0.000101494
-0.00010441
-0.000106565
-0.000107937
-0.000108129
-0.000107561
-0.000106241
-0.000104194
-0.000101459
-9.78401e-05
-9.36685e-05
-8.89978e-05
-8.38877e-05
-7.84055e-05
-7.25099e-05
-6.64251e-05
-6.0234e-05
-5.40188e-05
-4.78595e-05
-4.17981e-05
-3.59532e-05
-3.03932e-05
-2.51813e-05
-2.03737e-05
-1.60188e-05
-1.2156e-05
-8.81493e-06
-6.01446e-06
-3.76259e-06
-2.05792e-06
-8.81277e-07
-2.07508e-07
-0
-0
-0
-0
-0
-0
-0
-0
-0
-0
-0
-0
-0
-0
-0
-0
-0
0
0
0
0
0
0
0
0
0
0
0
0
0
0
0
0
0
0
0
0
0
0
0
0
0
0
0
0
0
0
0
0
0
0
0
0
0
-0
-0
-0
-0
-0
-0
-0
-0
-0
-0
-0
-0
-0
-0
-0
-0
-0
-0
-0
-0
-0
-0
-0
-0
-0
-0
-0
-0
-0
-0
-0
-0
-0
-0
-0
-0
-0
-0
-0
-0
-0
-0
-0
-0
-0
-0
-0
-0
-0
-0
-0
-0
-0
-0
-0
-0
-0
0
0
0
0
0
0
0
0
0
0
0
0
0
0
0
0
0
0
0
0
0
0
0
0
0
0
0
0
0
0
0
0
0
0
0
-0
-0
-0
-0
-0
-0
-0
-0
-0
-0
-0
-0
-0
-0
-0
-0
-0
-0
-0
-0
-0
-0
-0
-0
-0
-0
-0
-0
-0
-0
-0
-0
-0
-0
-0
-0
-0
-0
-0
-0
-0
-0
-0
-0
-0
-0
-0
-0
-0
-0
-0
-0
-0
-0
-0
-0
-0
-0
-0
-0
-0
-0
-0
-0
-0
-0
-0
-0
-0
-0
-0
-0
-0
-0
-0
-0
-0
-0
-0
-0
-0
-0
-0
-0
-0
-0
-0
-0
-0
-0
