0
0
0
0
0
0
0
0
0
0
0
0
0
0
0
0
0
0
0
0
0
0
0
0
0
0
0
0
0
0
0
0
0
0
0
0
0
0
0
0
0
0
0
0
0
0
0
0
0
0
0
0
0
0
0
0
0
0
0
0
0
0
0
0
0
0
0
0
0
0
0
0
0
0
0
0
0
0
0
0
0
0
0
0
0
0
0
2.09059e-06
0.000182659
0.000673755
0.00149736
0.00266855
0.00419521
0.00607788
0.00830959
0.0108759
0.0137552
0.0169182
0.0203292
0.0239453
0.0277174
0.0315909
0.0355056
0.0393967
0.0431958
0.0468307
0.050227
0.0533082
0.0559964
0.058214
0.0598836
0.0609303
0.0612817
0.0608695
0.0596301
0.0575051
0.0544418
0.0503943
0.0453244
0.0392026
0.0320089
0.0237342
0.0143799
0.00395834
-0.00750706
-0.0199821
-0.0334212
-0.0477675
-0.0629527
-0.0788975
-0.0955121
-0.112697
-0.130344
-0.148337
-0.166552
-0.184857
-0.203117
-0.221189
-0.238929
-0.256188
-0.272818
-0.288669
-0.303591
-0.317439
-0.330072
-0.341355
-0.351161
-0.359371
-0.365875
-0.370572
-0.373374
-0.374208
-0.373017
-0.369758
-0.364407
-0.356954
-0.347405
-0.335782
-0.322125
-0.306492
-0.288959
-0.269619
-0.248579
-0.225959
-0.201895
-0.176532
-0.15003
-0.12256
-0.0943062
-0.0654563
-0.0362053
-0.00675024
0.0227105
0.0519785
0.0808566
0.109151
0.136671
0.163238
0.188755
0.21313
0.236246
0.257999
0.278287
0.297021
0.31412
0.32951
0.343131
0.354926
0.364851
0.372868
0.378951
0.383082
0.385256
0.38548
0.383769
0.380151
0.374664
0.367357
0.358285
0.347517
0.335127
0.321196
0.305813
0.289077
0.271093
0.251976
0.231845
0.210829
0.189053
0.166648
0.143745
0.120472
0.0969606
0.073342
0.0497466
0.0263042
0.00314327
-0.019609
-0.0418281
-0.0633933
-0.0841895
-0.104109
-0.123054
-0.140934
-0.157664
-0.173166
-0.187369
-0.200205
-0.211616
-0.221555
-0.229986
-0.236886
-0.242242
-0.246049
-0.248313
-0.249049
-0.248282
-0.246047
-0.242389
-0.237364
-0.231031
-0.223462
-0.214733
-0.20493
-0.194146
-0.18248
-0.17004
-0.156934
-0.143273
-0.129171
-0.114744
-0.100111
-0.0853904
-0.0707021
-0.0561632
-0.0418887
-0.0279907
-0.0145783
-0.0017577
0.0103698
0.0217088
0.0321716
0.0416788
0.0501583
0.0575443
0.063777
0.0688026
0.0725754
0.0750595
0.0762301
0.0760744
0.0745899
0.0717842
0.0676736
0.0622838
0.05565
0.0478172
0.0388395
0.0287792
0.0177053
0.00569372
-0.00717291
-0.0208042
-0.0351018
-0.0499603
-0.0652682
-0.0809101
-0.0967675
-0.112719
-0.128642
-0.144409
-0.159894
-0.174971
-0.18952
-0.203423
-0.21657
-0.228857
-0.240182
-0.250451
-0.259575
-0.267473
-0.274072
-0.279307
-0.28312
-0.285461
-0.286287
-0.285564
-0.283267
-0.279381
-0.273903
-0.26684
-0.258207
-0.24803
-0.236344
-0.223191
-0.208629
-0.192722
-0.175547
-0.157187
-0.137736
-0.117292
-0.0959661
-0.0738765
-0.0511506
-0.0279234
-0.00433478
0.0194715
0.043349
0.0671484
0.0907179
0.113903
0.136548
0.158501
0.179612
0.199734
0.21873
0.236463
0.252806
0.267634
0.280833
0.2923
0.301943
0.309683
0.315454
0.319203
0.320888
0.320481
0.317968
0.31335
0.306641
0.29787
0.287083
0.274337
0.259703
0.243268
0.225127
0.205389
0.184172
0.161601
0.137811
0.112944
0.0871522
0.0605928
0.0334292
0.00582781
-0.0220439
-0.050018
-0.0779259
-0.105599
-0.13287
-0.159574
-0.185552
-0.210653
-0.234733
-0.257655
-0.279293
-0.299525
-0.318238
-0.335329
-0.350706
-0.364291
-0.376017
-0.38583
-0.393687
-0.399558
-0.403426
-0.405291
-0.405165
-0.403074
-0.399058
-0.393166
-0.385456
-0.375999
-0.364876
-0.352177
-0.338005
-0.322469
-0.305685
-0.287775
-0.268867
-0.249095
-0.228601
-0.207529
-0.18603
-0.164253
-0.14235
-0.120465
-0.0987438
-0.0773258
-0.0563475
-0.0359397
-0.0162272
0.00267173
0.0206457
0.0375893
0.0534034
0.0679961
0.0812843
0.0931957
0.10367
0.11266
0.12013
0.126053
0.130415
0.13321
0.134444
0.134134
0.132311
0.129017
0.124303
0.118231
0.110869
0.10229
0.0925765
0.0818131
0.0700929
0.0575136
0.0441778
0.0301919
0.0156652
0.000709601
-0.0145612
-0.0300317
-0.0455849
-0.0611038
-0.0764718
-0.0915747
-0.106302
-0.120546
-0.134208
-0.147191
-0.159404
-0.170766
-0.1812
-0.190638
-0.199023
-0.206307
-0.212449
-0.217419
-0.221194
-0.223759
-0.225109
-0.225249
-0.224192
-0.22196
-0.218585
-0.2141
-0.20855
-0.201983
-0.194455
-0.18603
-0.176778
-0.166774
-0.156094
-0.144819
-0.133032
-0.120817
-0.108263
-0.0954602
-0.0825004
-0.0694748
-0.056473
-0.0435832
-0.0308917
-0.0184834
-0.00644089
0.00515721
0.0162374
0.0267323
0.0365801
0.0457239
0.0541106
0.0616913
0.068422
0.0742657
0.079193
0.0831819
0.0862174
0.0882894
0.0893931
0.089529
0.0887039
0.0869324
0.0842363
0.0806444
0.0761906
0.0709135
0.0648556
0.058064
0.0505906
0.0424916
0.033827
0.0246589
0.0150514
0.00507025
-0.00521646
-0.0157385
-0.0264241
-0.0372011
-0.0479984
-0.0587475
-0.0693816
-0.0798361
-0.0900472
-0.0999528
-0.109493
-0.118611
-0.127254
-0.135374
-0.142928
-0.149872
-0.156171
-0.16179
-0.166701
-0.170883
-0.174318
-0.176994
-0.178904
-0.180045
-0.180416
-0.180023
-0.178878
-0.176996
-0.174399
-0.17111
-0.167157
-0.162569
-0.157378
-0.151622
-0.145341
-0.138576
-0.131373
-0.123779
-0.115841
-0.107608
-0.0991323
-0.0904647
-0.0816575
-0.0727627
-0.0638313
-0.0549142
-0.0460623
-0.0373265
-0.0287565
-0.0204006
-0.0123037
-0.00450795
0.00294731
0.0100243
0.0166863
0.0228981
0.0286269
0.0338438
0.0385245
0.0426489
0.0462012
0.0491683
0.0515393
0.0533063
0.0544645
0.0550132
0.0549561
0.0543011
0.0530596
0.0512461
0.0488776
0.0459735
0.0425562
0.0386505
0.0342845
0.0294892
0.0242984
0.0187482
0.0128766
0.00672276
0.000326857
-0.00627011
-0.0130261
-0.019898
-0.0268416
-0.0338122
-0.0407654
-0.0476583
-0.0544491
-0.0610979
-0.0675652
-0.0738125
-0.0798016
-0.0854957
-0.0908605
-0.0958642
-0.100478
-0.104676
-0.108433
-0.111726
-0.114537
-0.116847
-0.118644
-0.119917
-0.120662
-0.120873
-0.120551
-0.119697
-0.118318
-0.116423
-0.114028
-0.111148
-0.107803
-0.104012
-0.0997959
-0.0951787
-0.0901873
-0.0848523
-0.0792077
-0.0732893
-0.0671337
-0.0607774
-0.0542573
-0.0476113
-0.0408784
-0.0340987
-0.0273128
-0.0205612
-0.0138837
-0.00731953
-0.000907719
0.00531307
0.011305
0.0170319
0.02246
0.0275581
0.0322975
0.0366515
0.0405951
0.0441051
0.0471608
0.0497451
0.0518442
0.0534478
0.0545486
0.0551421
0.0552265
0.0548029
0.0538759
0.0524534
0.0505467
0.0481695
0.0453375
0.0420685
0.0383822
0.0343015
0.0298525
0.0250646
0.0199698
0.0146016
0.00899399
0.00318098
-0.00280349
-0.00892512
-0.0151486
-0.0214374
-0.027754
-0.0340606
-0.0403202
-0.046497
-0.052557
-0.0584671
-0.0641945
-0.0697065
-0.0749708
-0.0799566
-0.0846356
-0.088983
-0.0929772
-0.0965986
-0.0998288
-0.10265
-0.105046
-0.107004
-0.108514
-0.109571
-0.110175
-0.110324
-0.110019
-0.109259
-0.108046
-0.106384
-0.104282
-0.101755
-0.0988186
-0.0954919
-0.0917914
-0.087734
-0.0833383
-0.0786261
-0.0736238
-0.0683605
-0.0628661
-0.0571691
-0.0512958
-0.0452715
-0.0391222
-0.0328767
-0.0265662
-0.0202237
-0.0138813
-0.00756911
-0.00131487
0.00485498
0.0109142
0.0168363
0.0225946
0.0281634
0.033514
0.0386051
0.0434061
0.0478892
0.0520293
0.055804
0.0591953
0.0621893
0.0647756
0.0669469
0.0686972
0.0700227
0.070922
0.0713979
0.071458
0.0711142
0.0703819
0.0692787
0.0678229
0.0660346
0.063935
0.0615476
0.0588977
0.0560116
0.0529162
0.0496387
0.046207
0.0426502
0.0389986
0.0352832
0.0315343
0.0277805
0.0240481
0.0203619
0.0167453
0.0132217
0.00981378
0.00654264
0.00342685
0.000481666
-0.00228085
-0.004851
-0.00722057
-0.00938239
-0.0113306
-0.0130614
-0.0145734
-0.0158683
-0.0169498
-0.0178235
-0.0184957
-0.0189738
-0.0192659
-0.0193818
-0.0193323
-0.0191297
-0.0187869
-0.0183177
-0.0177359
-0.0170553
-0.01629
-0.0154541
-0.0145616
-0.0136261
-0.0126609
-0.0116783
-0.0106903
-0.00970801
-0.00874206
-0.00780217
-0.00689716
-0.00603473
-0.00522142
-0.00446259
-0.00376244
-0.0031241
-0.00254961
-0.00203997
-0.00159511
-0.00121391
-0.000894225
-0.000632906
-0.000425888
-0.000268244
-0.000154285
-7.76573e-05
-3.14509e-05
-8.29653e-06
-4.61262e-07
5.80734e-08
0
0
0
0
0
0
0
0
0
0
0
0
0
0
0
0
0
0
0
0
0
0
0
0
0
0
0
0
0
0
0
0
0
0
0
0
0
0
0
0
0
0
0
0
0
0
0
0
0
0
0
0
0
0
0
0
0
0
0
0
0
0
0
0
0
0
0
0
0
0
0
0
0
0
0
0
0
0
0
0
0
0
0
0
0
0
0
0
0
0
0
0
0
0
0
0
0
0
0
0
0
0
0
0
0
0
0
0
0
0
0
0
0
0
0
0
0
0
0
0
0
0
0
0
0
0
0
0
0
0
0
0
0
0
0
0
0
0
0
0
0
0
0
0
0
0
0
0
0
0
0
0
0
-7.0514e-09
-1.71223e-07
-4.76732e-07
-8.22276e-07
-1.10882e-06
-1.24132e-06
-1.13005e-06
-6.91713e-07
1.49613e-07
1.46166e-06
3.303e-06
5.72261e-06
8.75945e-06
1.24422e-05
1.67888e-05
2.18059e-05
2.74878e-05
3.3817e-05
4.07646e-05
4.82933e-05
5.63596e-05
6.49171e-05
7.3917e-05
8.33071e-05
9.30304e-05
0.000103022
0.000113207
0.000123506
0.000133834
0.000144109
0.00015425
0.000164183
0.000173838
0.00018315
0.000192055
0.000200483
0.000208365
0.000215634
0.000222225
0.000228085
0.000233159
0.000237399
0.000240763
0.000243208
0.000244699
0.000245196
0.000244674
0.00024312
0.000240536
0.000236942
0.000232351
0.000226787
0.000220282
0.000212871
0.000204604
0.000195523
0.000185681
0.000175141
0.00016397
0.000152254
0.000140081
0.000127553
0.000114773
0.000101834
8.88158e-05
7.57894e-05
6.28234e-05
4.99931e-05
3.73817e-05
2.50664e-05
1.31228e-05
1.60038e-06
-9.4677e-06
-2.00478e-05
-3.00986e-05
-3.95255e-05
-4.82257e-05
-5.60995e-05
-6.30761e-05
-6.91396e-05
-7.42685e-05
-7.84547e-05
-8.16595e-05
-8.38052e-05
-8.48097e-05
-8.45693e-05
-8.30411e-05
-8.02349e-05
-7.61938e-05
-7.09744e-05
-6.45795e-05
-5.70143e-05
-4.82413e-05
-3.82301e-05
-2.69975e-05
-1.45941e-05
-1.09839e-06
1.34193e-05
2.89184e-05
4.53969e-05
6.28453e-05
8.12439e-05
0.000100535
0.000120624
0.000141424
0.000162801
0.000184675
0.000206994
0.000229721
0.000252863
0.000276308
0.000299959
0.000323691
0.000347368
0.00037093
0.000394203
0.000417109
0.000439598
0.000461623
0.00048322
0.000504218
0.000524511
0.000543969
0.000562457
0.000579953
0.000596244
0.000611244
0.000624894
0.000637159
0.000648133
0.000657709
0.000665885
0.000672643
0.000677934
0.000681778
0.000684009
0.000684598
0.000683584
0.000681081
0.000677301
0.000672328
0.000666242
0.000659044
0.000650696
0.000641168
0.000630523
0.000618913
0.000606557
0.000593677
0.000580344
0.000566738
0.000552902
0.00053889
0.000524818
0.000510671
0.000496875
0.000483627
0.000471067
0.000459274
0.000447992
0.000437638
0.000428366
0.000420369
0.000413833
0.000408464
0.000404755
0.000402738
0.000402453
0.000403978
0.000406926
0.000411899
0.000418939
0.000428008
0.000439
0.000451282
0.000465285
0.000480969
0.000498311
0.000517253
0.000537213
0.000558438
0.000580675
0.000603661
0.000627153
0.000650627
0.000674133
0.000697387
0.00072006
0.000741801
0.000762245
0.00078112
0.000798152
0.000813056
0.000825512
0.000835469
0.000842231
0.000845448
0.000844837
0.000840189
0.000832051
0.000819539
0.000802452
0.000780564
0.000753658
0.000722689
0.000686463
0.000644978
0.000598274
0.0005464
0.000490846
0.000430193
0.000364515
0.000293963
0.000218781
0.000140944
5.91672e-05
-2.6173e-05
-0.000114705
-0.000206055
-0.00029818
-0.000392266
-0.000487781
-0.000584123
-0.000680645
-0.000775321
-0.000868911
-0.00096083
-0.00105051
-0.00113737
-0.00121994
-0.00129836
-0.00137188
-0.00143972
-0.00150116
-0.00155551
-0.00160222
-0.00164075
-0.00167059
-0.00169119
-0.00170293
-0.00170434
-0.00169493
-0.00167434
-0.00164231
-0.00160067
-0.00154729
-0.00148206
-0.00140492
-0.00131585
-0.00121792
-0.00110838
-0.000987555
-0.000855862
-0.000713752
-0.000565409
-0.000407629
-0.000241005
-6.62576e-05
0.000115742
0.000299966
0.000489382
0.000682899
0.000879431
0.0010779
0.0012734
0.00146863
0.00166242
0.00185353
0.00204067
0.00221951
0.00239172
0.00255599
0.00271104
0.0028556
0.00298685
0.00310525
0.0032097
0.00329911
0.00337241
0.00342877
0.00346707
0.0034865
0.00348641
0.00346631
0.00342806
0.0033691
0.00328916
0.00318804
0.00306567
0.00292641
0.00276621
0.0025855
0.00238487
0.00216506
0.00193285
0.00168309
0.00141674
0.00113487
0.000838724
0.000536723
0.000223384
-9.96579e-05
-0.000430687
-0.000767923
-0.00110239
-0.00143933
-0.00177679
-0.00211272
-0.00244507
-0.00276554
-0.00307834
-0.00338153
-0.00367319
-0.00395141
-0.00421
-0.00445148
-0.00467408
-0.00487612
-0.00505602
-0.0052107
-0.00534051
-0.00544428
-0.00552101
-0.00556984
-0.00559161
-0.00558423
-0.0055473
-0.00548064
-0.00538422
-0.00526299
-0.00511253
-0.00493341
-0.00472638
-0.00449237
-0.00423999
-0.003963
-0.00366282
-0.00334102
-0.00299932
-0.00264883
-0.00228228
-0.00190177
-0.00150952
-0.00110787
-0.00070899
-0.000305644
9.96121e-05
0.000504163
0.000905372
0.00129184
0.00166976
0.00203657
0.00238972
0.00272668
0.00303853
0.00332926
0.00359663
0.00383856
0.00405322
0.00423604
0.00438855
0.00450947
0.00459769
0.00465222
0.0046734
0.00465955
0.0046104
0.00452593
0.00440639
0.0042574
0.00407445
0.00385838
0.00361029
0.00333148
0.00303202
0.0027051
0.00235261
0.0019766
0.00157931
0.00117375
0.000751825
0.000316228
-0.000130185
-0.000584461
-0.00103251
-0.00148249
-0.00193145
-0.00237645
-0.0028145
-0.00323287
-0.00363842
-0.00402833
-0.00439989
-0.00475055
-0.00507112
-0.00536615
-0.00563357
-0.0058714
-0.00607786
-0.00624874
-0.00638533
-0.00648654
-0.0065515
-0.00657954
-0.00657232
-0.00652747
-0.00644498
-0.00632515
-0.00616856
-0.00598274
-0.00576224
-0.00550851
-0.00522318
-0.00490812
-0.00457547
-0.00421726
-0.00383579
-0.00343359
-0.00301332
-0.00258992
-0.0021542
-0.0017092
-0.00125807
-0.000804023
-0.000362446
7.56437e-05
0.000507122
0.000928908
0.00133797
0.00172112
0.0020857
0.00242896
0.00274827
0.00304119
0.00329891
0.00352604
0.00372082
0.00388169
0.00400728
0.0040946
0.00414454
0.00415641
0.00412976
0.00406446
0.00396389
0.00382521
0.00364912
0.00343657
0.00318877
0.00291505
0.00260911
0.00227278
0.00190807
0.00151719
0.00111385
0.000689297
0.000246227
-0.000212559
-0.000684169
-0.00115272
-0.00162819
-0.00210755
-0.00258773
-0.00306565
-0.00352566
-0.00397732
-0.00441773
-0.00484409
-0.00525369
-0.00563369
-0.00599194
-0.00632619
-0.00663437
-0.00691461
-0.00715885
-0.00737207
-0.00755308
-0.00770092
-0.00781487
-0.00789279
-0.00793617
-0.00794505
-0.0079197
-0.00786057
-0.00777144
-0.00764998
-0.00749724
-0.00731454
-0.00710344
-0.00687303
-0.00661788
-0.00633996
-0.00604131
-0.00572405
-0.00540056
-0.00506294
-0.00471358
-0.00435498
-0.00398966
-0.00363141
-0.00327136
-0.00291185
-0.00255516
-0.00220351
-0.00186963
-0.00154499
-0.00123153
-0.000931077
-0.000645378
-0.000384259
-0.000140944
8.32861e-05
0.00028733
0.000470278
0.000626709
0.000760778
0.000872075
0.000960302
0.00102527
0.00106626
0.00108403
0.00107884
0.00105115
0.00100161
0.000934182
0.000846567
0.000739745
0.000614797
0.000472888
0.00032146
0.000155573
-2.34543e-05
-0.000214241
-0.000415343
-0.000617357
-0.000826632
-0.00104156
-0.00126047
-0.00148165
-0.00169537
-0.00190797
-0.00211779
-0.00232323
-0.00252275
-0.00270826
-0.00288504
-0.00305186
-0.00320756
-0.00335111
-0.00347752
-0.00358992
-0.00368753
-0.00376969
-0.00383586
-0.00388495
-0.00391736
-0.00393292
-0.00393162
-0.00391355
-0.00388165
-0.00383351
-0.00376956
-0.00369038
-0.00359664
-0.00349474
-0.00337999
-0.00325337
-0.00311596
-0.00296889
-0.00282067
-0.00266508
-0.00250329
-0.00233656
-0.0021662
-0.00200134
-0.00183567
-0.00167058
-0.00150745
-0.00134758
-0.00119877
-0.00105564
-0.000919315
-0.000790922
-0.000671561
-0.000566322
-0.000472074
-0.000389633
-0.000319722
-0.000262979
-0.000220572
-0.000192351
-0.000178676
-0.000179789
-0.0001958
-0.000223478
-0.000265893
-0.000322797
-0.000393845
-0.00047859
-0.000569712
-0.000673361
-0.000788825
-0.000915322
-0.00105201
-0.00118853
-0.00133344
-0.00148576
-0.00164443
-0.00180834
-0.00196548
-0.00212554
-0.00228741
-0.00244997
-0.00261209
-0.00276206
-0.00290937
-0.00305291
-0.00319158
-0.00332431
-0.00344138
-0.00355055
-0.00365091
-0.00374159
-0.00382171
-0.00388505
-0.00393627
-0.00397472
-0.00399984
-0.00401115
-0.00400714
-0.00398867
-0.00395555
-0.00390767
-0.003845
-0.00377109
-0.00368252
-0.00357947
-0.00346219
-0.003331
-0.00319425
-0.00304465
-0.0028829
-0.00270979
-0.00252618
-0.00234424
-0.0021535
-0.00195446
-0.00174741
-0.00153369
-0.00132805
-0.00111861
-0.000906877
-0.000694375
-0.000482577
-0.000286314
-9.34108e-05
9.48056e-05
0.000277023
0.000451948
0.00060674
0.000752053
0.000886871
0.0010103
0.0011216
0.00121182
0.00128909
0.00135312
0.00140377
0.00144101
0.00146063
0.00146726
0.00146121
0.00144285
0.00141269
0.00137111
0.00131907
0.00125741
0.00118703
0.00110887
0.00102703
0.000939261
0.000846579
0.000750016
0.000650606
0.000554672
0.000457666
0.000360579
0.000264338
0.000169793
8.38632e-05
7.29966e-07
-7.89387e-05
-0.000154539
-0.000225534
-0.000285652
-0.000340766
-0.000390559
-0.000434804
-0.000473353
-0.000501472
-0.000524248
-0.000541718
-0.000553975
-0.000561166
-0.000560325
-0.000555215
-0.000546108
-0.000533308
-0.000517155
-0.00049627
-0.00047302
-0.000447788
-0.00042096
-0.000392919
-0.000363369
-0.000333477
-0.000303592
-0.000274036
-0.000245108
-0.000216998
-0.00019006
-0.000164512
-0.000140545
-0.000118316
-9.80612e-05
-7.97244e-05
-6.33657e-05
-4.90096e-05
-3.66487e-05
-2.63208e-05
-1.78498e-05
-1.11621e-05
-6.16097e-06
-2.72851e-06
-7.31853e-07
-8.29549e-09
0
0
0
0
0
0
0
0
0
0
0
0
0
0
0
0
0
0
0
0
0
0
0
0
0
0
0
0
0
0
0
0
0
0
0
0
0
0
0
0
0
0
0
0
0
0
0
0
0
0
0
0
0
0
0
0
0
0
0
0
0
0
0
0
0
0
0
0
0
0
0
0
0
0
0
0
0
0
0
0
0
0
0
0
0
0
0
