-0
-0
-0
-0
-0
-0
-0
-0
-0
-0
-0
-0
-0
-0
-0
-0
-0
-0
-0
-0
-0
-0
-0
-0
-0
-0
-0
-0
-0
-0
-0
-0
-0
-0
-0
-0
-0
-0
-0
-0
0
0
0
0
0
0
0
0
0
0
0
0
0
0
0
0
0
0
0
0
0
0
0
0
0
0
0
0
0
0
0
0
0
0
0
0
0
0
0
0
0
0
0
0
0
0
0
0
0
0
-0
-0
-0
-0
-0
-0
-0
-0
-0
-0
-0
-0
-0
-0
-0
-0
-0
-0
-0
-0
-0
-0
-0
-0
-0
-0
-0
-0
-0
-0
-0
-0
-0
-0
-0
-0
-0
-0
-0
-0
-0
-0
-0
-0
-0
-0
-0
-0
-0
-0
-0
0
0
0
0
0
0
0
0
0
0
0
0
0
0
0
0
0
0
0
0
0
0
0
0
0
0
0
0
0
0
0
0
0
0
0
0
0
0
0
0
0
0
0
0
0
0
0
0
0
-0
-0
-0
-0
-0
-0
-0
-0
-0
-0
-0
-0
-0
-0
-0
-0
-0
-0
-0
-0
-0
-0
-0
-0
-0
-0
-0
-0
-0
-0
-0
-0
-0
-0
-0
-0
-0
-0
-0
-0
-0
-0
-0
-0
-0
-0
-0
-0
-0
0
0
0
0
0
0
0
0
0
0
0
0
0
0
0
0
0
0
0
0
0
0
0
0
0
0
0
0
0
0
0
0
0
0
0
0
0
0
0
0
-0
-0
-0
-0
-0
-0
-0
-0
-0
-0
-0
-0
-0
-0
-0
-0
-0
-0
-0
-0
-0
-0
-0
-0
-0
-0
-0
-0
-0
-0
-0
-0
-0
-0
-0
-0
-0
-0
-0
-0
-0
-0
-0
-0
-0
-0
-0
0
0
0
0
0
0
0
0
0
0
0
0
0
0
0
0
0
0
0
0
0
0
0
0
0
0
0
0
0
0
0
0
0
0
0
0
0
0
-0
-0
-0
-0
-0
-0
-0
-0
-0
-0
-0
-0
-0
-0
-0
-0
-0
-0
-0
-0
-1.5535e-06
-7.54182e-06
-1.78278e-05
-3.2037e-05
-4.96335e-05
-6.99283e-05
-9.2091e-05
-0.000115167
-0.0001381
-0.000159757
-0.000178947
-0.000194446
-0.000205008
-0.000209393
-0.000206393
-0.000194861
-0.000173744
-0.000142104
-9.91424e-05
-4.42212e-05
2.31085e-05
0.000103084
0.000195714
0.000300785
0.00041786
0.000546289
0.000685195
0.000833453
0.000989669
0.00115219
0.00131912
0.00148838
0.00165774
0.00182484
0.00198718
0.00214208
0.00228676
0.00241835
0.00253396
0.00263075
0.00270597
0.00275691
0.00278099
0.0027757
0.00273877
0.00266815
0.00256216
0.00241943
0.00223889
0.00201974
0.00176146
0.00146387
0.00112723
0.000752228
0.000340008
-0.000107938
-0.000589804
-0.00110347
-0.00164645
-0.00221576
-0.00280793
-0.00341903
-0.0040448
-0.0046808
-0.0053225
-0.00596525
-0.00660431
-0.00723473
-0.0078514
-0.00844912
-0.00902271
-0.00956711
-0.0100774
-0.010549
-0.0109772
-0.0113579
-0.0116874
-0.011962
-0.0121789
-0.0123354
-0.0124292
-0.0124585
-0.0124216
-0.0123175
-0.0121459
-0.0119069
-0.0116016
-0.0112313
-0.0107982
-0.0103045
-0.00975548
-0.00915703
-0.00851154
-0.00782168
-0.00709042
-0.006321
-0.00551688
-0.00468174
-0.00381945
-0.00293405
-0.00202964
-0.00111037
-0.000180391
0.000756172
0.00169514
0.00263226
0.00356312
0.00448323
0.00538807
0.00627319
0.00713428
0.00796723
0.00876815
0.00953328
0.010259
0.0109419
0.0115786
0.0121658
0.0127005
0.0131797
0.0136008
0.0139614
0.0142595
0.0144937
0.0146627
0.0147658
0.0148025
0.0147723
0.0146753
0.0145113
0.0142809
0.0139849
0.0136244
0.013201
0.0127166
0.0121733
0.0115733
0.0109192
0.0102136
0.00945937
0.00865974
0.00781809
0.00693803
0.00602342
0.00507829
0.00410679
0.00311313
0.00210146
0.00107588
4.0412e-05
-0.00100092
-0.00204399
-0.00308456
-0.00411828
-0.00514078
-0.00614777
-0.00713509
-0.00809874
-0.00903477
-0.00993932
-0.0108086
-0.0116389
-0.012427
-0.0131697
-0.0138643
-0.0145085
-0.0150999
-0.0156365
-0.0161164
-0.016538
-0.0168997
-0.0172001
-0.0174379
-0.017612
-0.0177217
-0.0177663
-0.0177457
-0.0176604
-0.017511
-0.0172985
-0.0170238
-0.0166881
-0.0162928
-0.0158394
-0.0153299
-0.0147664
-0.0141512
-0.0134866
-0.0127752
-0.0120194
-0.0112221
-0.0103867
-0.00951648
-0.00861517
-0.00768626
-0.00673306
-0.00575876
-0.00476658
-0.00375994
-0.00274248
-0.00171803
-0.000690494
0.000336293
0.00135859
0.00237273
0.00337513
0.0043623
0.00533089
0.00627774
0.00719984
0.00809426
0.008958
0.00978799
0.0105812
0.0113349
0.0120465
0.0127142
0.0133361
0.0139104
0.014435
0.0149075
0.0153257
0.0156876
0.0159917
0.0162375
0.0164248
0.0165536
0.0166237
0.0166348
0.0165864
0.0164784
0.0163106
0.0160836
0.0157979
0.0154544
0.0150537
0.0145964
0.0140833
0.0135152
0.0128937
0.0122204
0.0114973
0.0107265
0.00990988
0.00904939
0.00814706
0.00720517
0.00622639
0.00521375
0.0041705
0.00309991
0.00200512
0.000889026
-0.000245538
-0.00139566
-0.00255816
-0.00372948
-0.00490574
-0.00608292
-0.00725703
-0.00842423
-0.00958077
-0.010723
-0.011847
-0.012949
-0.0140249
-0.0150707
-0.0160824
-0.017056
-0.0179878
-0.0188738
-0.0197102
-0.020493
-0.0212184
-0.021883
-0.0224835
-0.0230169
-0.0234801
-0.0238702
-0.0241842
-0.0244191
-0.0245722
-0.0246411
-0.0246238
-0.0245187
-0.0243245
-0.0240405
-0.0236662
-0.0232013
-0.0226461
-0.0220008
-0.021266
-0.0204425
-0.0195312
-0.0185337
-0.0174517
-0.0162878
-0.015045
-0.0137267
-0.012337
-0.0108801
-0.00936072
-0.0077837
-0.00615435
-0.00447829
-0.00276144
-0.00101003
0.000769343
0.0025698
0.00438414
0.00620491
0.00802452
0.00983532
0.0116297
0.0134
0.0151385
0.0168376
0.0184893
0.0200856
0.0216184
0.0230798
0.0244619
0.0257572
0.0269586
0.0280593
0.0290531
0.0299341
0.030697
0.0313369
0.0318493
0.0322301
0.0324757
0.0325831
0.0325498
0.0323739
0.0320543
0.0315906
0.0309831
0.0302329
0.0293419
0.0283126
0.0271486
0.0258535
0.024432
0.022889
0.0212299
0.0194608
0.0175885
0.0156202
0.013564
0.0114287
0.00922328
0.00695745
0.00464126
0.00228516
-0.000100169
-0.00250387
-0.00491509
-0.00732304
-0.00971702
-0.0120864
-0.0144206
-0.0167089
-0.0189408
-0.0211055
-0.0231927
-0.0251921
-0.0270938
-0.0288883
-0.0305664
-0.0321194
-0.0335395
-0.0348193
-0.0359525
-0.0369337
-0.0377583
-0.0384225
-0.0389235
-0.0392593
-0.0394287
-0.0394317
-0.039269
-0.0389423
-0.0384541
-0.0378075
-0.0370063
-0.0360552
-0.0349595
-0.0337252
-0.0323589
-0.030868
-0.0292603
-0.0275442
-0.0257286
-0.0238229
-0.0218366
-0.0197799
-0.0176629
-0.015496
-0.0132899
-0.0110553
-0.0088032
-0.00654441
-0.00428973
-0.00204977
0.00016513
0.00234487
0.00447962
0.0065598
0.00857617
0.0105199
0.0123827
0.0141568
0.0158352
0.0174111
0.0188786
0.0202324
0.0214676
0.0225804
0.0235672
0.0244254
0.025153
0.0257486
0.0262116
0.0265418
0.0267401
0.0268078
0.0267476
0.026563
0.026257
0.0258331
0.0252954
0.0246484
0.0238971
0.0230469
0.0221037
0.0210737
0.0199633
0.0187792
0.0175284
0.0162179
0.0148549
0.0134469
0.0120012
0.0105251
0.00902617
0.00751181
0.00598947
0.00446649
0.00295001
0.00144691
-3.62144e-05
-0.00149297
-0.00291714
-0.00430269
-0.0056438
-0.00693499
-0.00817117
-0.00934774
-0.0104605
-0.0115056
-0.0124797
-0.0133795
-0.0142025
-0.0149463
-0.0156093
-0.0161899
-0.0166872
-0.0171006
-0.01743
-0.0176755
-0.0178379
-0.0179182
-0.0179181
-0.0178392
-0.0176837
-0.017454
-0.0171526
-0.0167825
-0.0163471
-0.01585
-0.015295
-0.0146862
-0.0140277
-0.0133237
-0.0125786
-0.0117969
-0.0109831
-0.0101417
-0.00927754
-0.00839516
-0.00749932
-0.00659478
-0.00568627
-0.00477842
-0.00387573
-0.00298249
-0.00210287
-0.00124092
-0.000400638
0.00041406
0.00119938
0.00195174
0.00266781
0.00334452
0.00397906
0.00456881
0.00511134
0.00560442
0.00604607
0.00643458
0.00676851
0.00704672
0.00726827
0.00743249
0.00753681
0.00757888
0.00755906
0.00747817
0.00733727
0.00713783
0.00688561
0.00657885
0.00622016
0.00581253
0.00535934
0.00487136
0.0043454
0.00378567
0.00319652
0.00258247
0.00195771
0.00131726
0.000665939
8.67469e-06
-0.00064958
-0.00129301
-0.00192796
-0.00254977
-0.00315395
-0.00373622
-0.00428178
-0.00479794
-0.00528114
-0.00572811
-0.00613588
-0.00649271
-0.00680591
-0.00707375
-0.00729492
-0.0074685
-0.00758774
-0.00765914
-0.00768302
-0.00766009
-0.00759139
-0.00747558
-0.00731743
-0.0071191
-0.00688312
-0.00661232
-0.00631051
-0.00598025
-0.00562501
-0.00524836
-0.00485397
-0.00444911
-0.00403378
-0.00361174
-0.00318673
-0.00276239
-0.00234749
-0.0019396
-0.00154181
-0.001157
-0.000787773
-0.000442301
-0.000116208
0.000188803
0.000471348
0.00073037
0.000959797
0.00116513
0.00134629
0.00150351
0.00163737
0.00174455
0.00183085
0.00189764
0.00194643
0.00197893
0.00199411
0.00199707
0.0019898
0.00197427
0.00195247
0.00192464
0.00189436
0.00186326
0.00183275
0.00180404
0.00177736
0.00175415
0.00173476
0.0017192
0.00169997
0.00167209
0.00163537
0.00158982
0.00153549
0.00147244
0.0014018
0.00132276
0.00123555
0.00114044
0.00103773
0.000929563
0.000814561
0.000693166
0.000565864
0.00043318
0.000298085
0.000158761
1.58281e-05
-0.000130067
-0.000278253
-0.000425265
-0.000573183
-0.0007213
-0.000868895
-0.00101524
-0.00115677
-0.00129558
-0.00143097
-0.0015622
-0.00168858
-0.0018069
-0.00191904
-0.00202435
-0.00212225
-0.00221216
-0.00229165
-0.00236214
-0.00242318
-0.00247436
-0.00251531
-0.00254471
-0.00256332
-0.00257095
-0.00256747
-0.00255279
-0.00252687
-0.00248975
-0.00244151
-0.00238229
-0.00231228
-0.00223272
-0.00214292
-0.00204323
-0.00193406
-0.00181586
-0.00169106
-0.00155829
-0.00141814
-0.00127123
-0.00111823
-0.000962402
-0.000801868
-0.000637353
-0.000469615
-0.000299433
-0.000130564
3.91714e-05
0.00020899
0.000378113
0.000545774
0.000708227
0.000867728
0.00102356
0.00117502
0.00132143
0.00145948
0.00159122
0.00171607
0.00183348
0.00194297
0.00204202
0.00213227
0.00221336
0.00228495
0.00234679
0.00239743
0.00243793
0.00246819
0.00248814
0.00249778
0.00249685
0.00248573
0.00246455
0.00243347
0.00239272
0.00234317
0.00228452
0.00221712
0.00214136
0.00205766
0.0019679
0.00187114
0.00176791
0.00165871
0.0015441
0.0014266
0.00130479
0.00117927
0.0010506
0.000919384
0.000788533
0.000656329
0.000523364
0.000390222
0.00025748
0.000128069
1.55194e-07
-0.000125747
-0.000249145
-0.000369566
-0.000484387
-0.000595369
-0.00070212
-0.000804274
-0.000901491
-0.000991671
-0.00107631
-0.00115514
-0.00122793
-0.00129451
-0.00135347
-0.00140595
-0.00145187
-0.00149117
-0.00152382
-0.00154917
-0.00156788
-0.00158
-0.00158561
-0.00158483
-0.00157774
-0.00156454
-0.00154542
-0.00152056
-0.00149017
-0.00145497
-0.0014147
-0.0013696
-0.00131993
-0.00126596
-0.00120887
-0.00114805
-0.00108381
-0.00101645
-0.000946293
-0.000874849
-0.000801187
-0.000725586
-0.000648327
-0.00056969
-0.000491342
-0.00041217
-0.000332445
-0.000252429
-0.000172381
-9.39766e-05
-1.60309e-05
6.12265e-05
0.000137576
0.00021281
0.000285376
0.000356443
0.000425836
0.00049339
0.000558949
0.000621173
0.00068111
0.000738622
0.00079358
0.000845868
0.000894428
0.000940148
0.000982962
0.0010228
0.00105959
0.00109256
0.00112229
0.00114874
0.00117187
0.00119168
0.00120778
0.00122056
0.00123001
0.00123608
0.00123875
0.00123794
0.00123375
0.00122624
0.00121548
0.00120151
0.0011846
0.00116452
0.0011413
0.00111499
0.00108566
0.00105397
0.00101948
0.000982285
0.000942459
0.000900069
0.000855983
0.00080954
0.000760894
0.000710221
0.000657693
0.000604455
0.000549661
0.000493445
0.000435946
0.000377326
0.000318886
0.000259708
0.000199999
0.000139964
7.98034e-05
2.08782e-05
-3.77879e-05
-9.59996e-05
-0.000153553
-0.000210238
-0.000264716
-0.000317897
-0.000369573
-0.000419543
-0.000467615
-0.000512626
-0.00055537
-0.00059567
-0.000633352
-0.000668245
-0.000699455
-0.000727568
-0.000752447
-0.000773962
-0.000791996
-0.000806025
-0.000816381
-0.000822992
-0.000825806
-0.000824779
-0.000819835
-0.000811003
-0.00079828
-0.00078168
-0.000761235
-0.000737331
-0.000709687
-0.000678377
-0.000643487
-0.000605125
-0.000564127
-0.000519939
-0.000472729
-0.000422674
-0.000369953
-0.000315763
-0.000259282
-0.000200716
-0.000140289
-7.82361e-05
-1.60233e-05
4.73188e-05
0.000111538
0.000176377
0.000241568
0.000305534
0.000369304
0.000432606
0.000495179
0.000556764
0.000615857
0.000673453
0.0007293
0.000783153
0.000834779
0.000882904
0.000928387
0.000971031
0.00101064
0.00104701
0.00107921
0.00110783
0.00113275
0.00115387
0.0011711
0.00118402
0.00119293
0.00119777
0.0011985
0.0011951
0.00118765
0.00117611
0.00116054
0.00114098
0.00111754
0.00109079
0.00106039
0.00102648
0.00098921
0.000948758
0.000906124
0.000860657
0.00081256
0.000762063
0.000709414
0.000655962
0.000600859
0.00054435
0.000486679
0.0004281
0.000370101
0.000311721
0.000253224
0.000194871
0.00013692
8.08459e-05
2.56892e-05
-2.82914e-05
-8.08442e-05
-0.000131734
-0.00017968
-0.000225557
-0.000269182
-0.000310372
-0.000348944
-0.000383927
-0.00041582
-0.000444348
-0.000469362
-0.000490739
-0.000507937
-0.000521331
-0.00053088
-0.000536581
-0.00053847
-0.000536559
-0.000530991
-0.00052187
-0.000509317
-0.000493483
-0.000474856
-0.000453353
-0.000429222
-0.000402719
-0.000374097
-0.000344176
-0.00031263
-0.000279732
-0.000245774
-0.000211061
-0.00017661
-0.000141962
-0.000107379
-7.31121e-05
-3.94121e-05
-7.2645e-06
2.38586e-05
5.37378e-05
8.21811e-05
0.000109025
0.000133482
0.000156109
0.000176797
0.000195453
0.000212008
0.000225936
0.000237738
0.000247422
0.000255012
0.000260541
0.000263764
0.000265071
0.000264554
0.000262324
0.000258503
0.000253093
0.000246353
0.00023841
0.000229402
0.000219475
0.000208787
0.000197484
0.000185715
0.000173621
0.000161335
0.000149064
0.000136845
0.000124793
0.000113016
0.000101608
9.07464e-05
8.03905e-05
7.06006e-05
6.14281e-05
5.29138e-05
4.51663e-05
3.81058e-05
3.17366e-05
2.60535e-05
2.10426e-05
1.67312e-05
1.30306e-05
9.90683e-06
7.31942e-06
5.22275e-06
3.58678e-06
2.33272e-06
1.40854e-06
7.6185e-07
3.40942e-07
9.94009e-08
-1.61517e-08
-4.82489e-08
-3.50673e-08
-9.89248e-09
-0
-0
-0
-0
-0
-0
-0
-0
-0
-0
-0
-0
-0
-0
-0
-0
0
0
0
0
0
0
0
0
0
0
0
0
0
0
0
0
0
0
0
0
0
0
0
0
0
0
0
0
0
0
0
0
0
0
0
0
0
0
0
0
0
0
0
0
0
0
0
0
0
0
0
0
0
0
-0
-0
-0
-0
-0
-0
-0
-0
-0
-0
-0
-0
-0
-0
-0
-0
-0
-0
-0
-0
-0
-0
-0
-0
-0
-0
-0
-0
-0
-0
-0
-0
0
0
0
0
0
0
0
0
0
0
0
0
0
0
0
0
0
0
0
0
0
0
0
0
0
0
0
0
0
0
0
0
0
0
0
0
0
0
0
0
0
0
0
0
0
0
0
0
0
0
0
-0
-0
-0
-0
-0
-0
-0
-0
-0
-0
-0
-0
-0
-0
-0
-0
-0
-0
-0
-0
-0
-0
-0
-0
-0
-0
-0
-0
-0
-0
-0
-0
-0
-0
0
0
0
0
0
0
0
0
0
0
0
0
0
0
0
0
0
0
0
0
0
0
0
0
0
0
0
0
0
0
0
0
0
0
0
0
0
0
0
0
0
0
0
0
0
0
0
0
0
-0
-0
-0
-0
-0
-0
-0
-0
-0
-0
-0
-0
-0
-0
-0
-0
-0
-0
-0
-0
-0
-0
-0
-0
-0
-0
-0
-0
-0
-0
-0
-0
-0
-0
-0
-0
-0
-0
-0
-0
-0
-0
-0
-0
-0
-0
-0
-0
-0
-0
-0
-0
-0
-0
-0
-0
0
0
0
0
0
0
0
0
0
0
0
0
0
0
0
0
0
0
0
0
0
0
0
0
0
0
0
0
0
0
0
0
0
0
0
0
0
0
0
0
0
0
0
0
0
0
0
0
0
0
0
0
0
0
0
0
0
0
0
0
0
-0
-0
-0
-0
-0
-0
-0
-0
-0
-0
-0
-0
-0
-0
-0
-0
-0
-0
-0
-0
-0
-0
-0
-0
-0
-0
-0
-0
-0
-0
-0
