-0
0
0
0
0
0
0
0
0
0
0
0
0
0
0
0
0
0
0
0
0
0
0
0
0
0
0
0
0
0
0
0
0
0
0
0
0
0
0
0
0
0
0
0
0
0
0
0
0
0
-0
-0
-0
-0
-0
-0
-0
-0
-0
-0
-0
-0
-0
-0
-0
-0
-0
-0
-0
-0
-0
-0
-0
-0
-0
-0
-0
-0
-0
-0
-0
-0
-0
-0
-0
-0
-0
-0
-0
-0
-0
-0
-0
-0
-0
-0
0
0
0
0
0
0
0
0
0
0
0
0
0
0
0
0
0
0
0
0
0
0
0
0
0
0
0
0
0
0
0
0
0
0
0
0
0
0
0
0
0
0
0
0
0
0
0
0
0
0
0
-0
-0
-0
-0
-0
-0
-0
-0
-0
-0
-0
-0
-0
-0
-0
-0
-0
-0
-0
-0
-0
-0
-0
-0
-0
-0
-0
-0
-0
-0
-0
-0
-0
-0
-0
-0
-0
-0
-0
-0
-0
-0
-0
-0
-0
-0
-0
-0
-0
-0
-0
-0
-0
-0
-0
-0
-0
-0
-0
-0
-0
-0
-0
-0
-0
-0
-0
-0
-0
-0
-0
-0
-0
-0
-0
-0
-0
-0
-0
-0
-0
-0
-0
-0
-0
-0
0
0
0
0
0
0
0
0
0
0
0
0
0
0
0
0
0
0
0
0
0
0
0
0
0
0
0
0
0
0
0
0
0
0
0
0
0
0
0
0
0
0
0
0
0
-0
-0
-0
-0
-0
-0
-0
-0
-0
-0
-0
-0
-0
-0
-0
-0
-0
-0
-0
-0
-0
-0
-0
-0
-0
-0
-0
-0
-0
-0
-0
-0
-0
-0
-0
-0
-0
-0
-0
-0
-0
-0
-0
-0
-3.19916e-07
-1.17091e-05
-3.69779e-05
-7.25333e-05
-0.00011449
-0.000158704
-0.000200806
-0.000236241
-0.000260332
-0.000268366
-0.000255689
-0.000217772
-0.000150235
-4.88523e-05
9.04296e-05
0.00027143
0.000497627
0.000772057
0.00109725
0.00147524
0.0019076
0.00239538
0.0029391
0.00353854
0.00419271
0.00489984
0.00565754
0.00646289
0.00731248
0.00820234
0.00912766
0.0100828
0.0110612
0.0120558
0.0130593
0.0140642
0.015063
0.0160474
0.0170084
0.0179361
0.0188203
0.0196506
0.0204171
0.0211104
0.0217212
0.0222403
0.022658
0.0229648
0.0231513
0.023209
0.0231304
0.0229089
0.022539
0.0220155
0.021334
0.0204911
0.019484
0.0183108
0.0169706
0.0154634
0.0137901
0.0119531
0.00995627
0.00780492
0.00550584
0.0030669
0.000496866
-0.00219459
-0.00499668
-0.00789722
-0.0108826
-0.013938
-0.0170475
-0.0201947
-0.0233627
-0.026534
-0.0296906
-0.0328143
-0.0358863
-0.0388881
-0.0418015
-0.0446084
-0.0472907
-0.0498304
-0.0522099
-0.0544122
-0.056422
-0.0582257
-0.0598117
-0.0611694
-0.062291
-0.0631951
-0.0638845
-0.0643535
-0.0645978
-0.0646145
-0.0644023
-0.0639611
-0.0632912
-0.0623932
-0.0612684
-0.0599192
-0.0583489
-0.0565627
-0.0545667
-0.0523682
-0.049975
-0.0473956
-0.0446387
-0.0417142
-0.0386326
-0.0354059
-0.0320469
-0.0285696
-0.0249887
-0.0213197
-0.017578
-0.0137791
-0.00993866
-0.0060722
-0.00219586
0.00167351
0.00551829
0.0093205
0.0130623
0.0167269
0.0202984
0.023762
0.0271034
0.0303079
0.0333605
0.0362461
0.0389501
0.0414592
0.0437621
0.0458489
0.0477105
0.0493388
0.0507256
0.0518636
0.0527464
0.053369
0.0537279
0.0538208
0.0536462
0.0532036
0.0524942
0.051521
0.0502896
0.0488076
0.0470837
0.0451269
0.0429457
0.0405487
0.0379454
0.0351468
0.0321661
0.0290178
0.0257169
0.0222782
0.0187162
0.0150459
0.0112838
0.0074482
0.0035592
-0.000362873
-0.00429851
-0.00822959
-0.0121391
-0.0160102
-0.0198251
-0.0235656
-0.0272133
-0.0307507
-0.034162
-0.0374327
-0.0405488
-0.0434955
-0.0462573
-0.0488189
-0.0511665
-0.0532895
-0.0551805
-0.0568344
-0.0582467
-0.059412
-0.0603238
-0.0609753
-0.0613605
-0.0614763
-0.0613223
-0.0609003
-0.0602137
-0.059266
-0.0580607
-0.0566017
-0.0548941
-0.0529445
-0.0507618
-0.0483564
-0.0457401
-0.0429256
-0.0399264
-0.0367563
-0.033429
-0.029958
-0.0263564
-0.022637
-0.0188133
-0.0148998
-0.0109131
-0.00687094
-0.00279223
0.00130435
0.00540104
0.00948126
0.0135292
0.0175293
0.0214656
0.0253213
0.0290799
0.0327251
0.0362416
0.0396153
0.0428327
0.0458805
0.0487455
0.0514142
0.0538739
0.0561121
0.058118
0.0598815
0.0613935
0.062646
0.0636318
0.064345
0.0647812
0.0649377
0.0648124
0.064404
0.0637105
0.0627298
0.0614602
0.0599009
0.0580533
0.0559209
0.0535089
0.0508231
0.0478691
0.0446526
0.0411795
0.0374577
0.0334977
0.0293129
0.0249184
0.0203299
0.0155618
0.0106273
0.00553878
0.000309517
-0.00504504
-0.0105064
-0.0160534
-0.0216636
-0.0273144
-0.0329841
-0.0386524
-0.0442991
-0.0499038
-0.055445
-0.0608997
-0.0662441
-0.071454
-0.076505
-0.0813733
-0.0860354
-0.0904684
-0.0946503
-0.0985599
-0.102177
-0.105482
-0.108456
-0.11108
-0.113335
-0.115203
-0.116666
-0.117708
-0.118316
-0.118478
-0.118184
-0.117425
-0.116192
-0.114476
-0.112273
-0.109579
-0.106397
-0.102733
-0.0985953
-0.0939968
-0.0889487
-0.0834617
-0.0775467
-0.0712154
-0.0644833
-0.0573701
-0.049901
-0.0421046
-0.0340116
-0.025653
-0.0170587
-0.00825873
0.000715551
0.00982966
0.0190448
0.0283184
0.0376051
0.0468595
0.056038
0.065099
0.0740028
0.0827096
0.091178
0.099364
0.107221
0.114704
0.121766
0.128367
0.134469
0.140039
0.145046
0.149459
0.153249
0.156386
0.158841
0.160589
0.161611
0.16189
0.161417
0.160187
0.158199
0.155454
0.151952
0.147699
0.142703
0.136975
0.130534
0.123404
0.115613
0.107197
0.09819
0.0886315
0.0785604
0.0680176
0.0570463
0.0456937
0.0340108
0.0220531
0.00987902
-0.00245097
-0.014876
-0.0273359
-0.0397712
-0.0521236
-0.0643348
-0.0763467
-0.0881004
-0.0995367
-0.110596
-0.12122
-0.131352
-0.140936
-0.14992
-0.158258
-0.165903
-0.172816
-0.178961
-0.184308
-0.18883
-0.192507
-0.195323
-0.197267
-0.198332
-0.198517
-0.197824
-0.19626
-0.193836
-0.190567
-0.186474
-0.181582
-0.175918
-0.169516
-0.162411
-0.154644
-0.146256
-0.137295
-0.127807
-0.117846
-0.107464
-0.0967174
-0.0856631
-0.0743594
-0.0628649
-0.0512384
-0.039539
-0.0278255
-0.0161565
-0.00459024
0.00681618
0.0180069
0.028928
0.0395273
0.0497555
0.0595657
0.0689139
0.0777595
0.0860647
0.0937951
0.100919
0.10741
0.113243
0.118399
0.122862
0.126621
0.129669
0.132004
0.133624
0.134535
0.134742
0.134259
0.133099
0.131282
0.128832
0.125775
0.122139
0.117956
0.113259
0.108085
0.102469
0.0964523
0.0900747
0.0833787
0.0764077
0.0692062
0.0618189
0.0542907
0.0466656
0.0389867
0.0312963
0.0236359
0.0160462
0.00856711
0.00123736
-0.00590605
-0.0128284
-0.0194974
-0.0258833
-0.0319587
-0.0376982
-0.0430791
-0.048081
-0.0526861
-0.0568798
-0.0606505
-0.0639896
-0.0668911
-0.069352
-0.0713719
-0.0729531
-0.0741005
-0.0748212
-0.0751245
-0.0750219
-0.0745273
-0.0736568
-0.0724285
-0.0708628
-0.0689811
-0.066806
-0.064361
-0.0616701
-0.0587583
-0.0556516
-0.052377
-0.0489619
-0.0454338
-0.0418202
-0.0381478
-0.0344429
-0.0307307
-0.0270408
-0.0234008
-0.0198287
-0.0163416
-0.0129559
-0.00968712
-0.00654988
-0.00355749
-0.00072201
0.0019457
0.00443572
0.00673884
0.00884644
0.0107507
0.012445
0.013924
0.0151841
0.0162232
0.0170402
0.0176354
0.01801
0.0181661
0.0181075
0.0178391
0.0173672
0.0166991
0.015843
0.0148082
0.0136052
0.0122459
0.0107434
0.00911177
0.00736563
0.00552004
0.0035905
0.0015933
-0.000454361
-0.0025344
-0.0046283
-0.00671761
-0.00878442
-0.0108115
-0.0127821
-0.0146799
-0.0164887
-0.0181931
-0.0197783
-0.0212309
-0.0225386
-0.0236902
-0.0246757
-0.0254863
-0.0261147
-0.0265557
-0.0268058
-0.0268634
-0.0267285
-0.0264023
-0.0258875
-0.0251885
-0.0243114
-0.0232645
-0.0220578
-0.0207029
-0.0192125
-0.0176006
-0.0158817
-0.0140715
-0.0121865
-0.0102439
-0.00826117
-0.00625616
-0.00424698
-0.00225198
-0.000289586
0.0016221
0.00346579
0.00522527
0.00688535
0.0084316
0.0098501
0.0111275
0.0122515
0.0132113
0.0139985
0.0146065
0.0150312
0.0152697
0.015318
0.0151739
0.0148419
0.0143287
0.0136408
0.0127865
0.011786
0.0106388
0.00935681
0.00795391
0.00644565
0.00485593
0.00319465
0.00147877
-0.000274943
-0.00204943
-0.00382586
-0.00558648
-0.00731211
-0.00898395
-0.0105845
-0.0121048
-0.0135235
-0.0148275
-0.0160039
-0.017041
-0.0179433
-0.0186862
-0.0192627
-0.0196671
-0.0198956
-0.0199685
-0.0198613
-0.019575
-0.0191125
-0.0184785
-0.0177075
-0.0167772
-0.0156956
-0.0144716
-0.0131159
-0.0116713
-0.0101203
-0.00847712
-0.0067566
-0.00497332
-0.00317074
-0.00133431
0.000520452
0.00237772
0.00422186
0.00601509
0.00776679
0.00946343
0.0110918
0.0126389
0.0140789
0.015414
0.0166344
0.0177312
0.0186972
0.0195241
0.0202076
0.0207424
0.0211242
0.0213499
0.0214288
0.0213486
0.0211094
0.0207116
0.0201561
0.0194681
0.0186262
0.0176337
0.0164947
0.0152134
0.0138283
0.0123093
0.0106613
0.00888971
0.00700011
0.00503977
0.00297282
0.000805336
-0.00145648
-0.00380608
-0.00619159
-0.00865088
-0.0111762
-0.0137596
-0.0163845
-0.0189883
-0.0215987
-0.0241996
-0.0267741
-0.0293051
-0.0317391
-0.0340952
-0.0363562
-0.0385048
-0.0405237
-0.0423739
-0.0440612
-0.04557
-0.0468854
-0.047993
-0.0488763
-0.0495253
-0.0499286
-0.050076
-0.0499589
-0.0495905
-0.0489448
-0.0480173
-0.046805
-0.0453063
-0.0435654
-0.0415408
-0.0392364
-0.0366578
-0.0338119
-0.0307718
-0.0274829
-0.0239571
-0.0202085
-0.0162527
-0.0121865
-0.00794827
-0.00355698
0.000966922
0.00560152
0.0102377
0.0149374
0.019676
0.0244285
0.0291695
0.033792
0.038351
0.0428199
0.0471717
0.0513798
0.0553528
0.0591313
0.0626912
0.066009
0.0690622
0.07179
0.0742113
0.0763075
0.0780614
0.0794574
0.080476
0.0811103
0.0813502
0.0811877
0.080617
0.0796666
0.0783034
0.0765277
0.0743422
0.0717516
0.068831
0.0655221
0.0618369
0.0577893
0.0533954
0.0487708
0.0438375
0.0386173
0.0331342
0.0274136
0.0215991
0.0156016
0.00944951
0.00317266
-0.00319795
-0.00950816
-0.0158477
-0.022184
-0.0284842
-0.0347156
-0.0407333
-0.0466174
-0.0523363
-0.0578589
-0.0631552
-0.0681083
-0.0727793
-0.0771425
-0.0811731
-0.0848478
-0.0880926
-0.0909404
-0.0933743
-0.0953792
-0.0969424
-0.0980439
-0.0986849
-0.0988598
-0.0985655
-0.0978015
-0.0966053
-0.0949454
-0.0928283
-0.0902626
-0.0872598
-0.08391
-0.0801532
-0.0760077
-0.0714937
-0.0666331
-0.0615575
-0.056184
-0.0505396
-0.0446526
-0.0385526
-0.0323966
-0.0260891
-0.0196615
-0.0131461
-0.0065758
-0.000112873
0.00634003
0.0127514
0.0190904
0.0253263
0.0313119
0.0371348
0.0427664
0.0481797
0.0533493
0.0581605
0.0626829
0.0668962
0.0707815
0.0743215
0.0774451
0.0801955
0.0825624
0.0845377
0.0861152
0.0872752
0.0880304
0.0883806
0.0883279
0.0878765
0.087058
0.0858551
0.0842774
0.0823362
0.0800445
0.0774775
0.0745914
0.0714039
0.0679336
0.0642001
0.0603102
0.056199
0.051889
0.0474036
0.0427665
0.0381027
0.033335
0.0284874
0.0235842
0.0186496
0.0138108
0.00898796
0.00420309
-0.0005224
-0.00516771
-0.00961867
-0.0139493
-0.0181407
-0.0221751
-0.0260365
-0.0296354
-0.0330335
-0.0362188
-0.0391799
-0.0419064
-0.0443394
-0.0465217
-0.0484479
-0.0501145
-0.0515189
-0.0526379
-0.0534931
-0.0540851
-0.0544153
-0.0544864
-0.0543073
-0.0538774
-0.0532029
-0.0522914
-0.0511519
-0.0498235
-0.0482876
-0.0465551
-0.0446371
-0.042545
-0.0403384
-0.0379827
-0.0354913
-0.0328776
-0.0301549
-0.0273951
-0.024552
-0.0216387
-0.0186685
-0.0156549
-0.0126744
-0.009677
-0.0066753
-0.00368153
-0.000707856
0.00217304
0.0050104
0.00779365
0.0105134
0.013161
0.0156754
0.0181015
0.0204308
0.0226551
0.0247668
0.0267188
0.028548
0.0302515
0.0318267
0.0332711
0.0345542
0.0357002
0.0367068
0.0375725
0.0382971
0.0388688
0.0393015
0.0395971
0.0397575
0.0397851
0.0396842
0.0394561
0.0391043
0.0386323
0.0380442
0.0373588
0.0365666
0.0356725
0.0346817
0.0335991
0.0324544
0.0312281
0.0299259
0.0285537
0.0271178
0.0256565
0.0241438
0.0225859
0.0209888
0.0193592
0.0177398
0.0161007
0.0144476
0.0127862
0.0111221
0.00949864
0.00788476
0.00628691
0.00471109
0.00316244
0.0016804
0.000233726
-0.00117327
-0.00253546
-0.00384712
-0.0050726
-0.00623747
-0.00733843
-0.00837311
-0.00933928
-0.0102116
-0.0110093
-0.0117289
-0.0123673
-0.0129224
-0.0133794
-0.0137504
-0.0140343
-0.01423
-0.0143367
-0.0143514
-0.0142778
-0.0141174
-0.013871
-0.0135394
-0.0131303
-0.0126367
-0.0120607
-0.0114054
-0.0106753
-0.00989169
-0.00904033
-0.00812323
-0.00714205
-0.00609923
-0.00502402
-0.00389649
-0.00272264
-0.00150819
-0.000257963
0.000993053
0.00227145
0.00357227
0.00488968
0.00621736
0.0075162
0.0088142
0.0101069
0.0113897
0.0126577
0.0138727
0.0150604
0.0162147
0.01733
0.018402
0.0193993
0.0203461
0.0212387
0.0220731
0.022845
0.0235303
0.0241461
0.0246897
0.0251592
0.0255529
0.0258583
0.0260846
0.0262303
0.0262938
0.0262743
0.0261714
0.0259859
0.0257191
0.0253729
0.0249494
0.0244613
0.0238997
0.0232665
0.0225642
0.0217957
0.020985
0.0201154
0.0191909
0.0182153
0.0171927
0.0161556
0.0150804
0.0139719
0.0128349
0.0116738
0.0105262
0.0093637
0.00819127
0.00701454
0.00583938
0.00470562
0.003584
0.00247884
0.00139419
0.000334295
-0.000664185
-0.00162808
-0.00255236
-0.00343253
-0.00426484
-0.00502
-0.00572161
-0.00636702
-0.00695336
-0.00747776
-0.00791958
-0.00829441
-0.00860035
-0.00883579
-0.00899949
-0.00908289
-0.00909344
-0.00902992
-0.00888899
-0.00867125
-0.00838087
-0.00801603
-0.00757877
-0.00707215
-0.00650029
-0.00588136
-0.00520673
-0.00448106
-0.00370877
-0.00289443
-0.00206466
-0.00120349
-0.000317358
0.000587212
0.00150401
0.00240085
0.00329935
0.00419393
0.00507871
0.00594759
0.00676688
0.00756009
0.00832267
0.00905052
0.00973964
0.0103603
0.0109355
0.0114624
0.0119384
0.0123618
0.01271
0.0130043
0.0132435
0.0134269
0.0135541
0.0136103
0.0136126
0.0135626
0.0134621
0.0133128
0.0131078
0.0128589
0.0125686
0.0122399
0.0118762
0.0114774
0.0110505
0.010599
0.0101266
0.00963728
0.00913576
0.0086248
0.00810789
0.00758838
0.00706953
0.00655796
0.00605334
0.00555881
0.00507722
0.00461097
0.0041661
0.00373996
0.00333432
0.00295085
0.00259099
0.00225926
0.00195224
0.00167023
0.00141326
0.00118122
0.000976103
0.00079456
0.000635864
0.000499011
0.000382756
0.000286827
0.000208163
0.000145204
9.63074e-05
5.97484e-05
3.40641e-05
1.69201e-05
6.56644e-06
1.29804e-06
-5.28282e-07
-4.68548e-07
-1.9648e-08
-0
-0
-0
-0
-0
-0
-0
-0
-0
-0
-0
-0
-0
-0
-0
-0
-0
-0
-0
-0
-0
-0
-0
-0
-0
-0
-0
-0
-0
0
0
0
0
0
0
0
0
0
0
0
0
0
0
0
0
0
0
0
0
0
0
0
0
0
0
0
0
0
0
0
0
0
0
0
0
0
0
0
0
0
0
0
0
0
0
0
0
0
0
0
0
0
0
0
0
0
0
0
0
0
0
0
0
0
0
0
0
0
0
-0
-0
-0
-0
-0
-0
-0
-0
-0
-0
-0
-0
-0
-0
-0
-0
-0
-0
-0
-0
-0
0
0
0
0
0
0
0
0
0
0
0
0
0
0
0
0
0
0
0
0
0
0
0
0
0
0
0
0
0
0
0
0
0
0
0
0
0
0
0
0
0
0
0
0
0
0
0
0
0
0
0
0
0
0
0
0
0
0
0
0
0
0
0
0
0
0
0
0
0
0
0
0
0
0
0
0
0
0
0
0
0
0
0
0
0
0
0
0
0
0
0
0
0
0
0
0
0
0
0
0
0
0
0
0
0
0
0
0
0
-0
-0
-0
-0
-0
-0
-0
-0
-0
-0
-0
-0
-0
-0
-0
-0
-0
-0
-0
-0
-0
-0
-0
-0
-0
-0
-0
-0
-0
-0
-0
-0
-0
-0
-0
0
0
0
0
0
0
0
0
0
0
0
0
0
0
0
0
0
0
0
0
0
0
0
0
0
0
0
0
0
0
0
0
0
0
0
0
0
0
0
0
0
0
0
0
0
0
0
0
0
0
0
0
0
0
0
0
0
0
