0
0
0
0
0
0
0
0
0
0
0
0
0
0
0
0
0
0
0
0
0
0
0
0
0
0
0
0
0
0
0
0
0
0
0
0
0
0
0
0
0
0
0
0
0
0
0
0
0
0
0
0
0
0
0
0
0
0
0
0
0
0
0
0
0
0
0
0
0
0
0
0
0
0
0
0
0
0
0
0
0
0
0
0
0
0
0
0
0
0
0
0
0
0
0
0
0
0
0
0
0
0
0
0
0
0
0
0
0
0
0
0
0
0
0
0
0
0
0
0
0
0
0
0
0
0
0
0
0
0
0
0
0
0
0
0
0
0
0
0
0
0
0
0
0
0
0
0
0
0
0
0
0
0
0
0
0
0
0
0
0
0
0
0
0
0
0
0
0
0
0
0
0
0
0
0
0
0
0
0
0
0
0
0
0
0
0
0
0
0
0
0
0
0
0
0
0
0
0
0
0
-1.26285e-05
-4.77706e-05
-9.61008e-05
-0.000147689
-0.000192213
-0.000219134
-0.00021787
-0.000177982
-8.93508e-05
5.76462e-05
0.000271975
0.00056179
0.000934281
0.00139554
0.00195043
0.00260254
0.00335411
0.00420603
0.00515781
0.00620754
0.00735173
0.00858532
0.00990162
0.0112924
0.0127481
0.0142577
0.0158093
0.0173896
0.0189844
0.0205786
0.0221563
0.023701
0.025196
0.0266246
0.0279703
0.029217
0.0303492
0.0313519
0.0322107
0.0329117
0.0334415
0.033788
0.03394
0.0338882
0.0336255
0.0331467
0.0324481
0.0315279
0.0303851
0.0290199
0.0274339
0.0256303
0.0236142
0.0213932
0.0189769
0.0163773
0.0136077
0.0106828
0.00761822
0.00442965
0.00113334
-0.00225393
-0.00571447
-0.00922946
-0.0127791
-0.0163434
-0.0199025
-0.0234379
-0.0269322
-0.0303689
-0.0337319
-0.037005
-0.0401729
-0.043221
-0.0461368
-0.0489093
-0.0515292
-0.0539879
-0.0562766
-0.0583871
-0.0603116
-0.062044
-0.0635804
-0.0649182
-0.0660563
-0.0669938
-0.0677301
-0.0682651
-0.0685998
-0.0687365
-0.0687017
-0.0685186
-0.068191
-0.0677226
-0.0671171
-0.0663783
-0.0655101
-0.0645158
-0.0633979
-0.0621576
-0.0607955
-0.0593126
-0.0577113
-0.0559954
-0.0541697
-0.0522382
-0.0502033
-0.0480659
-0.0458254
-0.0434822
-0.0410379
-0.0384961
-0.035861
-0.0331364
-0.0303246
-0.0274262
-0.0244413
-0.0213708
-0.0182172
-0.0149852
-0.0116809
-0.00831074
-0.00488071
-0.0013964
0.00213657
0.00571158
0.00932038
0.012953
0.0165982
0.0202444
0.0238803
0.0274954
0.031079
0.0346198
0.0381051
0.0415202
0.0448491
0.0480756
0.0511846
0.0541625
0.0569971
0.0596765
0.0621878
0.0645162
0.0666455
0.0685595
0.0702432
0.0716844
0.0728732
0.0738012
0.0744602
0.0748411
0.0749339
0.0747291
0.0742191
0.0733988
0.0722655
0.0708187
0.0690588
0.0669865
0.0646032
0.0619117
0.0589168
0.0556257
0.052048
0.0481949
0.0440787
0.0397122
0.0351092
0.0302849
0.0252562
0.0200425
0.0146651
0.00914695
0.0035119
-0.00221611
-0.00801318
-0.0138554
-0.0197184
-0.0255767
-0.0314035
-0.0371711
-0.0428517
-0.0484181
-0.0538446
-0.0591072
-0.0641827
-0.0690482
-0.0736806
-0.078056
-0.0821513
-0.0859443
-0.0894146
-0.0925444
-0.0953173
-0.0977187
-0.0997353
-0.101355
-0.102567
-0.103363
-0.103736
-0.103681
-0.103196
-0.102278
-0.10093
-0.0991544
-0.0969579
-0.0943497
-0.0913414
-0.0879461
-0.0841782
-0.0800534
-0.075589
-0.0708038
-0.0657185
-0.0603552
-0.0547376
-0.0488906
-0.0428406
-0.0366155
-0.0302446
-0.0237585
-0.0171884
-0.0105661
-0.00392338
0.00270765
0.00929441
0.0158039
0.022203
0.028459
0.0345399
0.040415
0.0460551
0.051432
0.0565187
0.0612894
0.0657189
0.0697834
0.0734599
0.0767265
0.0795627
0.0819498
0.0838715
0.0853143
0.0862678
0.0867245
0.0866797
0.0861308
0.0850769
0.0835192
0.0814607
0.0789066
0.0758644
0.072344
0.068358
0.0639217
0.0590532
0.0537735
0.0481058
0.042075
0.0357076
0.029031
0.0220742
0.0148678
0.00744445
-0.000160827
-0.00791128
-0.0157688
-0.0236945
-0.0316492
-0.0395937
-0.0474889
-0.0552958
-0.0629757
-0.0704898
-0.0777997
-0.0848665
-0.0916513
-0.0981154
-0.104221
-0.109932
-0.115214
-0.120038
-0.124373
-0.128195
-0.131478
-0.134201
-0.136343
-0.137885
-0.138813
-0.139113
-0.138774
-0.137788
-0.136152
-0.133864
-0.130929
-0.127355
-0.123154
-0.11834
-0.112931
-0.106945
-0.100406
-0.0933361
-0.0857653
-0.077725
-0.0692508
-0.0603808
-0.051156
-0.0416193
-0.0318157
-0.0217913
-0.0115939
-0.00127187
0.00912551
0.0195481
0.0299451
0.0402645
0.0504538
0.0604603
0.0702313
0.0797148
0.0888598
0.0976167
0.105938
0.113777
0.121091
0.127839
0.133984
0.139488
0.144319
0.148445
0.151838
0.154471
0.156324
0.15738
0.157626
0.157056
0.155664
0.153453
0.150427
0.146597
0.141976
0.136581
0.130434
0.123559
0.115982
0.107735
0.098852
0.089373
0.0793416
0.0688056
0.0578159
0.0464261
0.0346919
0.0226712
0.0104229
-0.00199301
-0.0145162
-0.0270863
-0.0396432
-0.052127
-0.0644779
-0.0766357
-0.0885404
-0.100132
-0.111352
-0.122143
-0.132449
-0.142217
-0.151396
-0.159939
-0.167802
-0.174945
-0.181332
-0.186931
-0.191717
-0.195668
-0.198768
-0.201008
-0.20238
-0.202884
-0.202522
-0.201302
-0.199234
-0.196337
-0.192629
-0.188136
-0.182885
-0.176909
-0.170242
-0.162923
-0.154993
-0.146497
-0.137482
-0.127998
-0.118094
-0.107825
-0.0972423
-0.0864027
-0.0753622
-0.0641776
-0.0529055
-0.0416016
-0.0303209
-0.0191175
-0.00804479
0.00284455
0.0134995
0.0238709
0.0339123
0.0435798
0.0528321
0.0616309
0.0699405
0.0777283
0.0849656
0.0916269
0.0976905
0.103138
0.107953
0.112124
0.115642
0.118502
0.120704
0.122251
0.12315
0.12341
0.123042
0.122062
0.120486
0.118334
0.115632
0.112406
0.108684
0.104497
0.099876
0.0948543
0.0894661
0.0837474
0.0777349
0.071466
0.0649783
0.0583094
0.0514969
0.0445788
0.0375929
0.0305763
0.0235651
0.0165934
0.00969385
0.00289769
-0.00376471
-0.0102638
-0.0165714
-0.0226611
-0.0285092
-0.034095
-0.0394001
-0.0444083
-0.049105
-0.0534769
-0.0575129
-0.0612038
-0.0645436
-0.0675286
-0.0701578
-0.0724319
-0.0743535
-0.0759265
-0.077157
-0.0780526
-0.078623
-0.078879
-0.0788328
-0.0784972
-0.0778861
-0.0770145
-0.0758987
-0.074556
-0.0730048
-0.0712633
-0.0693499
-0.0672826
-0.0650796
-0.0627588
-0.0603386
-0.0578368
-0.0552713
-0.0526589
-0.050016
-0.0473582
-0.0447007
-0.0420579
-0.0394432
-0.0368688
-0.0343454
-0.0318823
-0.0294883
-0.0271716
-0.02494
-0.0228005
-0.020759
-0.0188195
-0.0169843
-0.0152546
-0.0136307
-0.0121127
-0.0107002
-0.00939239
-0.00818712
-0.00708108
-0.00607
-0.00514915
-0.00431382
-0.00355946
-0.00288139
-0.00227446
-0.00173273
-0.0012496
-0.000818184
-0.000431773
-8.4065e-05
0.00023087
0.000518802
0.000785505
0.00103673
0.001278
0.0015144
0.00175054
0.00199067
0.00223882
0.00249889
0.00277438
0.00306813
0.00338205
0.00371717
0.00407397
0.00445266
0.00485344
0.0052763
0.00572075
0.00618549
0.00666841
0.00716679
0.00767765
0.00819791
0.00872435
0.00925333
0.00978057
0.0103012
0.0108101
0.0113021
0.0117725
0.0122167
0.0126305
0.0130091
0.0133478
0.013642
0.0138873
0.0140801
0.0142173
0.0142958
0.0143127
0.0142648
0.0141492
0.0139635
0.0137063
0.0133764
0.0129735
0.0124972
0.0119473
0.0113241
0.010628
0.00986037
0.009023
0.00811791
0.00714725
0.00611329
0.00501871
0.00386688
0.00266196
0.0014087
0.000112029
-0.00122325
-0.00259253
-0.00399118
-0.00541425
-0.00685625
-0.00831125
-0.00977308
-0.0112356
-0.012693
-0.0141391
-0.0155681
-0.0169737
-0.0183499
-0.0196907
-0.0209905
-0.0222442
-0.0234466
-0.0245925
-0.0256767
-0.0266943
-0.0276405
-0.0285114
-0.0293036
-0.0300138
-0.0306389
-0.0311756
-0.0316209
-0.0319722
-0.0322273
-0.0323847
-0.0324434
-0.0324026
-0.0322617
-0.0320207
-0.0316799
-0.0312404
-0.0307036
-0.0300712
-0.0293451
-0.0285277
-0.0276214
-0.0266295
-0.0255557
-0.0244039
-0.0231785
-0.0218837
-0.020524
-0.0191043
-0.01763
-0.0161073
-0.0145421
-0.0129407
-0.0113088
-0.00965193
-0.00797615
-0.0062878
-0.00459369
-0.00290075
-0.00121573
0.000455007
0.00210533
0.00372908
0.00531947
0.00686647
0.00836064
0.00979354
0.0111576
0.0124461
0.0136525
0.0147709
0.0157953
0.0167205
0.0175423
0.0182572
0.0188629
0.0193577
0.0197406
0.020011
0.0201697
0.0202167
0.0201406
0.0199412
0.0196224
0.0191887
0.0186454
0.0179994
0.0172593
0.0164352
0.0155379
0.0145788
0.013569
0.0125194
0.0114414
0.0103469
0.00924849
0.00815909
0.00709118
0.00605652
0.00506603
0.00412992
0.0032579
0.00245917
0.00174226
0.00111468
0.000582786
0.00015164
-0.000174862
-0.000393972
-0.000504118
-0.00050499
-0.0003976
-0.000184258
0.000131518
0.000545071
0.00105062
0.00164124
0.00230893
0.00304473
0.00383896
0.00468137
0.00556117
0.00646696
0.00738676
0.00830815
0.0092186
0.0101059
0.010958
0.0117636
0.0125114
0.0131904
0.0137896
0.0142992
0.0147104
0.0150157
0.0152085
0.0152832
0.0152344
0.0150581
0.0147517
0.0143143
0.0137473
0.013053
0.0122355
0.0112991
0.0102491
0.00909187
0.00783539
0.00648974
0.00506554
0.00357354
0.00202435
0.000428379
-0.00120238
-0.00285628
-0.00452144
-0.00618584
-0.0078387
-0.00946998
-0.0110711
-0.0126336
-0.0141479
-0.0156034
-0.0169885
-0.018293
-0.0195083
-0.0206283
-0.021648
-0.0225632
-0.023369
-0.0240619
-0.0246483
-0.0251265
-0.0254962
-0.0257578
-0.0259126
-0.0259618
-0.0259046
-0.0257424
-0.0254755
-0.0251048
-0.0246327
-0.0240605
-0.0233943
-0.0226384
-0.0217973
-0.0208755
-0.019875
-0.0188029
-0.0176638
-0.016463
-0.0152063
-0.0138975
-0.0125465
-0.0111606
-0.00974695
-0.00831193
-0.00685897
-0.00539675
-0.00393165
-0.00247056
-0.00102068
0.000413177
0.00182269
0.00320253
0.0045479
0.00585394
0.00711619
0.00832777
0.0094828
0.0105762
0.011604
0.0125628
0.0134516
0.0142681
0.0150098
0.0156738
0.0162539
0.016752
0.0171679
0.0175028
0.017758
0.0179286
0.0180212
0.0180359
0.0179729
0.0178335
0.0176114
0.0173192
0.0169613
0.0165413
0.0160621
0.0155146
0.0149122
0.0142572
0.0135527
0.0128026
0.0119986
0.0111576
0.0102832
0.00937863
0.00844644
0.00747688
0.00648429
0.00547112
0.00443992
0.00339324
0.00232416
0.00124393
0.000153952
-0.00094498
-0.00205259
-0.00317289
-0.00430193
-0.0054398
-0.00658665
-0.00774283
-0.00890542
-0.010079
-0.0112649
-0.0124641
-0.0136777
-0.0148934
-0.016125
-0.0173735
-0.01864
-0.0199257
-0.0212085
-0.0225125
-0.0238379
-0.0251843
-0.0265509
-0.0279038
-0.0292747
-0.0306623
-0.0320646
-0.0334789
-0.0348612
-0.0362472
-0.0376312
-0.0390073
-0.0403689
-0.0416663
-0.0429352
-0.0441679
-0.0453562
-0.0464911
-0.0475228
-0.0484806
-0.0493528
-0.0501279
-0.0507938
-0.0513092
-0.0516921
-0.0519309
-0.0520138
-0.0519287
-0.051651
-0.0511815
-0.0505096
-0.0496252
-0.0485194
-0.0471944
-0.0456325
-0.0438275
-0.041774
-0.0394684
-0.0369455
-0.0341663
-0.0311305
-0.0278391
-0.0242946
-0.0205669
-0.0165974
-0.0123951
-0.00797056
-0.00333601
0.00140593
0.00632953
0.0114179
0.0166517
0.0220094
0.0273627
0.0327923
0.0382732
0.0437791
0.0492824
0.0546447
0.0599445
0.0651499
0.0702285
0.0751479
0.0797778
0.0841842
0.0883348
0.0921967
0.095737
0.0988521
0.101582
0.103899
0.105773
0.107179
0.10806
0.108423
0.108246
0.107511
0.106202
0.104329
0.101858
0.0987819
0.0950947
0.0907943
0.0859633
0.0805274
0.0744965
0.0678839
0.060706
0.0531179
0.0450065
0.0363986
0.0273253
0.0178218
0.00810662
-0.0019604
-0.0123368
-0.0229775
-0.0338343
-0.0446498
-0.0555768
-0.0665598
-0.0775416
-0.0884637
-0.0990596
-0.109477
-0.119657
-0.129538
-0.139059
-0.147981
-0.156427
-0.164341
-0.171668
-0.178354
-0.184221
-0.189351
-0.193698
-0.197224
-0.19989
-0.201613
-0.202414
-0.20227
-0.20116
-0.19907
-0.196028
-0.191992
-0.186964
-0.180948
-0.173958
-0.166137
-0.15738
-0.147715
-0.137174
-0.125798
-0.11384
-0.101137
-0.0877405
-0.0737084
-0.0591026
-0.0442618
-0.0289823
-0.0133363
0.00260136
0.0187531
0.0347371
0.0507755
0.0667871
0.0826897
0.0984006
0.113542
0.128327
0.142676
0.156508
0.169746
0.182068
0.193652
0.204432
0.214341
0.223321
0.231144
0.237928
0.243628
0.248205
0.251625
0.253793
0.254756
0.254498
0.253011
0.250294
0.2464
0.241291
0.234985
0.227504
0.21888
0.209306
0.198666
0.187007
0.174383
0.160854
0.146734
0.131843
0.116252
0.100041
0.0832895
0.0663964
0.0491338
0.0315884
0.0138485
-0.00399698
-0.0215229
-0.0389777
-0.056275
-0.0733296
-0.0900578
-0.106061
-0.121578
-0.136532
-0.150851
-0.164465
-0.177049
-0.188801
-0.199662
-0.20958
-0.218508
-0.226234
-0.232893
-0.238457
-0.242904
-0.246218
-0.248328
-0.249287
-0.249098
-0.247767
-0.245306
-0.241788
-0.237184
-0.231523
-0.224838
-0.217169
-0.20872
-0.199382
-0.189207
-0.178255
-0.166584
-0.154497
-0.141821
-0.128623
-0.114975
-0.10095
-0.0869067
-0.0726316
-0.0581968
-0.043675
-0.0291398
-0.0149633
-0.000919732
0.01292
0.0264874
0.0397168
0.0522741
0.0643719
0.075954
0.0869671
0.0973611
0.106878
0.115687
0.12375
0.131034
0.137509
0.14302
0.147677
0.151466
0.154376
0.156401
0.157508
0.157733
0.157081
0.155566
0.153203
0.150076
0.146145
0.141439
0.135988
0.129827
0.123142
0.115827
0.10793
0.0994949
0.0905709
0.0814124
0.0718624
0.0619721
0.0517947
0.0413856
0.0310392
0.0205717
0.0100375
-0.00050908
-0.0110135
-0.0211809
-0.0311986
-0.0410152
-0.0505824
-0.0598544
-0.0685766
-0.0769197
-0.0848437
-0.0923094
-0.0992794
-0.105561
-0.111283
-0.11642
-0.12095
-0.124855
-0.128035
-0.130564
-0.132433
-0.133636
-0.134167
-0.134022
-0.13321
-0.131738
-0.129618
-0.126866
-0.123574
-0.119692
-0.115244
-0.110255
-0.104753
-0.0989047
-0.0926033
-0.085882
-0.078777
-0.0713268
-0.0637588
-0.0559275
-0.0478759
-0.0396476
-0.0312866
-0.0230466
-0.0147577
-0.00645975
0.00180768
0.0100044
0.0178811
0.0256053
0.033137
0.0404373
0.0474697
0.0540195
0.060235
0.0660859
0.0715428
0.0765784
0.0810364
0.0850259
0.0885276
0.0915248
0.094003
0.0958833
0.0972237
0.0980183
0.0982645
0.0979619
0.0971166
0.0957285
0.0938036
0.0913506
0.0883814
0.0849837
0.0811026
0.0767579
0.0719704
0.0667624
0.0612889
0.0554454
0.0492613
0.0427682
0.0359993
0.0291599
0.0221111
0.0148857
0.00751742
4.11097e-05
-0.00731612
-0.0147083
-0.0220986
-0.029451
-0.0367304
-0.0437165
-0.0505636
-0.0572399
-0.0637141
-0.0699557
-0.0757743
-0.0813034
-0.0865175
-0.091393
-0.0959085
-0.0999273
-0.10355
-0.106763
-0.109551
-0.111905
-0.113752
-0.115149
-0.116096
-0.116592
-0.116642
-0.116244
-0.115411
-0.11415
-0.112469
-0.110381
-0.10795
-0.105144
-0.101983
-0.0984866
-0.0946757
-0.0906651
-0.0863821
-0.0818508
-0.077098
-0.0721523
-0.0671665
-0.062044
-0.0568098
-0.0514873
-0.0461
-0.0408089
-0.0355047
-0.0302159
-0.0249704
-0.0197942
-0.0148413
-0.00999884
-0.00528359
-0.000712591
0.00369596
0.00780985
0.011724
0.0154227
0.0188941
0.0221297
0.0250389
0.0277009
0.03011
0.0322603
0.0341474
0.0357181
0.0370273
0.0380812
0.0388872
0.0394523
0.0397618
0.0398398
0.039692
0.0393271
0.0387581
0.0380079
0.0370854
0.0360044
0.0347761
0.0334093
0.0319401
0.0303535
0.0286647
0.0268908
0.0250487
0.0231896
0.0212863
0.0193463
0.0173769
0.0153868
0.0134276
0.0114713
0.00952955
0.0076116
0.00572237
0.00390433
0.00212632
0.000395227
-0.00128181
-0.00289818
-0.0044162
-0.00586544
-0.0072443
-0.00855204
-0.00978812
-0.0109246
-0.0119896
-0.0129844
-0.0139119
-0.014776
-0.015556
-0.0162809
-0.0169537
-0.0175768
-0.0181532
-0.0186605
-0.0191292
-0.0195636
-0.0199673
-0.0203428
-0.0206631
-0.0209597
-0.0212341
-0.0214873
-0.0217195
-0.0218974
-0.0220537
-0.0221861
-0.0222924
-0.0223709
-0.0223866
-0.0223747
-0.0223345
-0.0222642
-0.0221614
-0.0219909
-0.021784
-0.0215385
-0.021253
-0.0209268
-0.0205339
-0.0201031
-0.0196349
-0.0191303
-0.0185902
-0.0179982
-0.0173741
-0.0167192
-0.0160353
-0.0153251
-0.0145845
-0.0138261
-0.0130541
-0.0122732
-0.0114873
-0.0107009
-0.00991735
-0.0091409
-0.00837608
-0.0076277
-0.00690581
-0.00620865
-0.00554018
-0.00490379
-0.00430238
-0.00374493
-0.00322574
-0.00274661
-0.00230886
-0.00191325
-0.0015648
-0.00125682
-0.000988548
-0.000758706
-0.000565543
-0.00040908
-0.000283421
-0.000185789
-0.000113106
-6.20247e-05
-2.92962e-05
-1.04777e-05
-1.93485e-06
0
0
0
0
0
0
0
0
0
0
0
0
0
0
0
0
0
0
0
0
0
0
0
0
0
0
0
0
0
0
0
0
0
0
0
0
0
0
0
0
0
0
0
0
0
0
0
0
0
0
0
0
0
0
0
0
0
0
0
0
0
0
0
0
0
0
0
0
0
0
0
0
0
0
0
0
0
0
0
0
0
0
0
0
0
0
0
0
0
0
0
0
0
0
0
0
0
0
0
0
0
0
0
0
0
0
0
0
0
0
0
0
0
0
0
0
0
0
0
0
0
0
0
0
0
0
0
0
0
0
0
0
0
0
0
0
0
0
0
0
0
0
0
0
0
0
0
0
0
0
0
0
0
0
0
0
0
0
0
0
0
0
0
0
0
0
0
0
0
0
0
0
0
0
0
0
0
0
0
0
0
0
0
0
0
0
0
0
0
0
0
0
0
0
0
0
0
0
0
0
0
