0
0
0
0
0
0
0
0
0
0
0
0
0
0
0
0
0
0
0
0
0
0
0
0
0
0
0
0
0
0
0
0
0
0
0
0
0
0
0
0
0
0
0
0
0
0
0
0
0
0
0
0
0
0
0
0
0
0
0
0
0
0
0
0
0
0
0
0
0
0
0
0
0
0
0
0
0
0
0
0
0
0
0
0
0
0
0
0
0
0
0
0
0
0
0
0
0
0
0
0
0
0
0
0
0
0
0
0
0
0
0
0
0
0
0
0
0
0
0
0
0
0
0
0
0
0
0
0
0
0
0
0
0
0
0
0
0
0
0
0
0
0
0
0
0
0
0
0
0
0
0
0
0
0
0
0
0
0
0
0
0
0
0
0
0
0
0
0
0
0
0
0
0
0
0
0
0
0
0
0
0
0
0
0
0
0
0
0
0
0
0
0
0
0
0
0
0
0
0
0
0
0
0
0
0
0
0
0
0
0
0
0
0
0
0
0
0
0
0
0
0
0
0
0
0
0
0
0
0
0
0
0
0
0
0
0
0
0
0
0
0
0
0
0
0
0
0
0
0
0
0
0
0
0
0
0
0
0
0
0
0
0
0
0
0
0
0
0
0
0
0
0
0
0
0
0
0
0
0
0
0
0
0
0
0
0
0
0
0
0
0
0
0
0
0
0
0
0
0
0
0
0
0
0
0
0
0
0
0
0
0
0
0
0
0
0
0
0
0
0
0
0
0
0
0
0
0
0
0
0
0
0
0
0
0
0
0
0
0
0
0
0
0
0
0
0
0
0
0
0
0
0
0
0
0
0
0
0
0
0
0
0
0
0
0
0
0
0
0
0
0
0
0
0
0
0
0
0
0
0
0
0
0
0
-1.26057e-08
-5.95989e-08
-1.37373e-07
-2.40943e-07
-3.64596e-07
-5.01969e-07
-6.46143e-07
-7.89737e-07
-9.25009e-07
-1.04396e-06
-1.13847e-06
-1.20035e-06
-1.22153e-06
-1.19414e-06
-1.11063e-06
-9.63876e-07
-7.47336e-07
-4.55124e-07
-8.21447e-08
3.75808e-07
9.21946e-07
1.5584e-06
2.28612e-06
3.10484e-06
4.01299e-06
5.00764e-06
6.08453e-06
7.23799e-06
8.46101e-06
9.74521e-06
1.10809e-05
1.24571e-05
1.38617e-05
1.52814e-05
1.67019e-05
1.81079e-05
1.94834e-05
2.08115e-05
2.20749e-05
2.32558e-05
2.43362e-05
2.52978e-05
2.61227e-05
2.67931e-05
2.72917e-05
2.7602e-05
2.77083e-05
2.75963e-05
2.72527e-05
2.66661e-05
2.58266e-05
2.47264e-05
2.33599e-05
2.17234e-05
1.98158e-05
1.76386e-05
1.51956e-05
1.24933e-05
9.54106e-06
6.35068e-06
2.93681e-06
-6.83262e-07
-4.48959e-06
-8.45968e-06
-1.25686e-05
-1.67891e-05
-2.10917e-05
-2.54453e-05
-2.9817e-05
-3.41724e-05
-3.84764e-05
-4.26931e-05
-4.67864e-05
-5.07202e-05
-5.44591e-05
-5.79685e-05
-6.12151e-05
-6.41672e-05
-6.6795e-05
-6.90709e-05
-7.09699e-05
-7.24695e-05
-7.35505e-05
-7.41963e-05
-7.43938e-05
-7.41332e-05
-7.34084e-05
-7.22166e-05
-7.05588e-05
-6.84399e-05
-6.58855e-05
-6.29274e-05
-5.95754e-05
-5.58413e-05
-5.1739e-05
-4.72849e-05
-4.24974e-05
-3.73969e-05
-3.20061e-05
-2.63493e-05
-2.04526e-05
-1.43437e-05
-8.0519e-06
-1.60756e-06
4.95767e-06
1.16112e-05
1.83196e-05
2.50489e-05
3.17644e-05
3.84314e-05
4.5015e-05
5.14803e-05
5.77928e-05
6.39185e-05
6.98244e-05
7.54782e-05
8.08492e-05
8.59079e-05
9.06269e-05
9.49804e-05
9.89449e-05
0.000102499
0.000105624
0.000108304
0.000110523
0.000112272
0.000113541
0.000114323
0.000114614
0.000114413
0.000113722
0.000112542
0.00011088
0.000108744
0.000106144
0.000103094
9.96073e-05
9.57021e-05
9.13976e-05
8.67153e-05
8.16785e-05
7.63121e-05
7.06424e-05
6.4697e-05
5.85045e-05
5.2094e-05
4.5495e-05
3.87372e-05
3.18501e-05
2.4863e-05
1.78047e-05
1.07033e-05
3.58621e-06
-3.51992e-06
-1.05893e-05
-1.75971e-05
-2.45194e-05
-3.13332e-05
-3.80164e-05
-4.45483e-05
-5.09091e-05
-5.70802e-05
-6.30443e-05
-6.87856e-05
-7.42896e-05
-7.95434e-05
-8.45358e-05
-8.92568e-05
-9.36983e-05
-9.78534e-05
-0.000101717
-0.000105285
-0.000108554
-0.000111523
-0.00011419
-0.000116556
-0.00011862
-0.000120384
-0.000121848
-0.000123015
-0.000123885
-0.000124462
-0.000124747
-0.000124742
-0.000124451
-0.000123875
-0.000123017
-0.00012188
-0.000120467
-0.000118778
-0.000116815
-0.000114581
-0.000112075
-0.000109297
-0.000106247
-0.000102923
-9.93233e-05
-9.54464e-05
-9.12894e-05
-8.68497e-05
-8.21252e-05
-7.71136e-05
-7.18136e-05
-6.62245e-05
-6.03464e-05
-5.41807e-05
-4.77298e-05
-4.09975e-05
-3.39889e-05
-2.67104e-05
-1.91697e-05
-1.1376e-05
-3.33972e-06
4.92716e-06
1.34113e-05
2.20976e-05
3.09695e-05
4.00086e-05
4.91944e-05
5.85044e-05
6.79138e-05
7.73954e-05
8.69195e-05
9.64538e-05
0.000105964
0.000115412
0.000124759
0.000133963
0.00014298
0.000151765
0.000160271
0.000168451
0.000176256
0.000183638
0.000190547
0.000196936
0.000202757
0.000207963
0.000212508
0.000216349
0.000219442
0.000221748
0.000223228
0.000223846
0.00022357
0.000222369
0.000220218
0.000217093
0.000212975
0.000207852
0.000201713
0.000194554
0.000186376
0.000177185
0.000166994
0.00015582
0.000143688
0.000130626
0.00011667
0.000101861
8.62469e-05
6.98787e-05
5.28143e-05
3.51166e-05
1.68533e-05
-1.90313e-06
-2.10757e-05
-4.05833e-05
-6.03407e-05
-8.0259e-05
-0.000100246
-0.000120208
-0.000140046
-0.000159661
-0.000178953
-0.000197821
-0.000216162
-0.000233876
-0.000250863
-0.000267025
-0.000282268
-0.000296497
-0.000309627
-0.000321573
-0.000332256
-0.000341603
-0.000349549
-0.000356031
-0.000360997
-0.0003644
-0.000366199
-0.000366365
-0.000364872
-0.000361705
-0.000356855
-0.000350322
-0.000342115
-0.00033225
-0.000320754
-0.000307658
-0.000293007
-0.000276851
-0.00025925
-0.000240271
-0.000219992
-0.000198496
-0.000175875
-0.00015223
-0.000127667
-0.000102298
-7.62426e-05
-4.96242e-05
-2.2571e-05
4.785e-06
3.23091e-05
5.98647e-05
8.73139e-05
0.000114518
0.000141341
0.000167645
0.000193297
0.000218165
0.000242124
0.00026505
0.000286827
0.000307344
0.000326497
0.000344188
0.00036033
0.00037484
0.000387648
0.00039869
0.000407913
0.000415274
0.000420739
0.000424284
0.000425897
0.000425573
0.000423319
0.000419153
0.0004131
0.000405198
0.000395492
0.000384036
0.000370895
0.00035614
0.000339851
0.000322115
0.000303027
0.000282688
0.000261203
0.000238685
0.00021525
0.000191017
0.000166111
0.000140657
0.000114784
8.86194e-05
6.22941e-05
3.59371e-05
9.67687e-06
-1.63596e-05
-4.20476e-05
-6.72652e-05
-9.18938e-05
-0.000115819
-0.000138932
-0.000161126
-0.000182305
-0.000202373
-0.000221247
-0.000238846
-0.000255099
-0.000269941
-0.000283316
-0.000295177
-0.000305484
-0.000314205
-0.000321318
-0.000326807
-0.000330668
-0.000332902
-0.000333521
-0.000332542
-0.000329993
-0.000325907
-0.000320327
-0.0003133
-0.000304883
-0.000295136
-0.000284128
-0.000271931
-0.000258623
-0.000244288
-0.000229012
-0.000212886
-0.000196002
-0.000178457
-0.000160349
-0.000141776
-0.000122838
-0.000103636
-8.42693e-05
-6.48369e-05
-4.54363e-05
-2.61634e-05
-7.11157e-06
1.16285e-05
2.99692e-05
4.78266e-05
6.51208e-05
8.17759e-05
9.77207e-05
0.000112889
0.00012722
0.000140657
0.000153151
0.000164657
0.000175136
0.000184556
0.000192891
0.00020012
0.000206229
0.00021121
0.000215062
0.000217787
0.000219397
0.000198233
0.000123021
-4.89467e-06
-0.00018236
-0.000404777
-0.000666218
-0.000959571
-0.00127668
-0.00160853
-0.00194541
-0.00227708
-0.00259299
-0.00288246
-0.00313488
-0.00333986
-0.00348748
-0.00356839
-0.00357404
-0.00349681
-0.00333014
-0.00306867
-0.00270835
-0.00224651
-0.00168195
-0.00101499
-0.000247478
0.000617178
0.00157405
0.00261673
0.00373736
0.00492672
0.00617437
0.0074687
0.00879709
0.0101461
0.0115014
0.0128485
0.0141721
0.0154569
0.0166877
0.0178493
0.0189269
0.0199063
0.0207738
0.0215168
0.0221237
0.0225839
0.0228883
0.0230292
0.0230004
0.0227973
0.0224172
0.0218589
0.0211231
0.0202124
0.0191311
0.0178853
0.0164827
0.0149328
0.0132465
0.0114363
0.00951589
0.00750007
0.00540478
0.00324673
0.00104331
-0.00118763
-0.00342792
-0.00565933
-0.00786369
-0.0100231
-0.0121202
-0.0141382
-0.0160611
-0.0178738
-0.0195624
-0.0211141
-0.0225173
-0.0237621
-0.0248397
-0.025743
-0.0264664
-0.0270058
-0.0273589
-0.0275247
-0.027504
-0.0272989
-0.0269132
-0.0263522
-0.0256225
-0.0247394
-0.0237187
-0.0225683
-0.0212968
-0.0199178
-0.0184369
-0.0168641
-0.0152101
-0.0134858
-0.0117107
-0.00988767
-0.00802821
-0.00614377
-0.00424577
-0.00235786
-0.000478879
0.00138021
0.00320871
0.00499622
0.00671715
0.00837741
0.00996777
0.0114795
0.0129042
0.0142171
0.0154281
0.0165305
0.0175185
0.0183865
0.0191131
0.0197109
0.0201764
0.020507
0.0207006
0.0207424
0.0206451
0.0204088
0.0200343
0.0195228
0.0188694
0.0180839
0.0171696
0.0161305
0.0149711
0.0136983
0.012316
0.0108303
0.0092478
0.00757559
0.00583364
0.00401727
0.00213464
0.000194274
-0.00179506
-0.00380041
-0.00583645
-0.00789375
-0.00996271
-0.0120336
-0.0140621
-0.0160728
-0.0180557
-0.0200008
-0.021898
-0.0236957
-0.0254259
-0.0270791
-0.0286457
-0.0301166
-0.0314382
-0.0326466
-0.0337338
-0.0346922
-0.0355145
-0.0361522
-0.0366409
-0.0369753
-0.0371505
-0.0371621
-0.0369741
-0.036616
-0.0360855
-0.0353811
-0.034502
-0.0334314
-0.0321866
-0.0307691
-0.029181
-0.0274254
-0.0255104
-0.0234363
-0.0212087
-0.0188336
-0.0163183
-0.0136986
-0.0109551
-0.0080973
-0.00513533
-0.00208008
0.00100545
0.00416066
0.00737289
0.0106289
0.013915
0.0171457
0.020378
0.0235971
0.0267879
0.0299353
0.0329398
0.0358701
0.0387109
0.0414472
0.0440635
0.0464581
0.0487035
0.0507859
0.0526916
0.0544077
0.055843
0.0570649
0.0580627
0.0588267
0.0593479
0.0595594
0.0595136
0.0592049
0.0586289
0.0577824
0.056634
0.0552125
0.0535185
0.0515541
0.0493227
0.0468359
0.044093
0.0411012
0.0378695
0.034408
0.0307739
0.0269342
0.0229026
0.0186943
0.0143255
0.00989512
0.0053395
0.000677638
-0.00407068
-0.00888487
-0.0136342
-0.0184069
-0.023181
-0.0279344
-0.0326447
-0.0371642
-0.0415959
-0.0459179
-0.0501086
-0.0541465
-0.0578849
-0.0614299
-0.0647621
-0.0678633
-0.070716
-0.0731932
-0.0753904
-0.0772939
-0.0788911
-0.0801708
-0.0810427
-0.0815794
-0.0817746
-0.0816235
-0.0811229
-0.0802319
-0.0789905
-0.0774012
-0.0754679
-0.0731965
-0.0706018
-0.0676858
-0.0644596
-0.0609359
-0.0571289
-0.0531083
-0.0488371
-0.0443336
-0.0396174
-0.0347092
-0.0297251
-0.0245929
-0.0193358
-0.0139773
-0.00854191
-0.00317769
0.00221431
0.00760945
0.012983
0.0183104
0.0234297
0.028455
0.0333632
0.0381318
0.0427392
0.04703
0.0511191
0.0549883
0.0586201
0.0619984
0.064993
0.0677063
0.0701265
0.0722435
0.0740485
0.0754511
0.0765292
0.0772793
0.0776993
0.0777887
0.0775061
0.0768971
0.0759663
0.0747198
0.0731653
0.0713132
0.0691728
0.066756
0.0640761
0.0611473
0.0580275
0.0546906
0.0511536
0.0474345
0.0435518
0.039601
0.0355251
0.0313439
0.0270772
0.0227452
0.0184666
0.0141626
0.00985244
0.00555555
0.00129083
-0.00281511
-0.00685291
-0.0108057
-0.0146572
-0.018392
-0.0218908
-0.0252449
-0.0284419
-0.0314704
-0.03432
-0.0368912
-0.0392663
-0.0414382
-0.0434012
-0.0451508
-0.0466162
-0.0478626
-0.0488887
-0.0496946
-0.0502816
-0.0506119
-0.0507286
-0.050636
-0.0503392
-0.0498442
-0.049146
-0.0482638
-0.0472059
-0.045981
-0.0445983
-0.043081
-0.0414257
-0.0396426
-0.0377423
-0.0357357
-0.033667
-0.0315135
-0.0292862
-0.0269959
-0.0246532
-0.022316
-0.0199473
-0.0175572
-0.0151555
-0.0127516
-0.0104087
-0.00808115
-0.00577711
-0.00350415
-0.00126943
0.000865204
0.00294896
0.00497634
0.00694237
0.00884256
0.0106213
0.0123268
0.013956
0.0155066
0.0169763
0.0183185
0.0195771
0.020751
0.0218398
0.0228432
0.023725
0.0245221
0.0252352
0.0258652
0.0264134
0.0268535
0.0272146
0.0274984
0.0277066
0.0278411
0.0278849
0.0278588
0.0277647
0.0276045
0.0273803
0.0270833
0.0267261
0.0263104
0.0258381
0.025311
0.0247286
0.0240949
0.0234117
0.0226808
0.0219038
0.0210881
0.0202298
0.0193305
0.018392
0.017416
0.0164176
0.015385
0.0143202
0.013225
0.0121012
0.0109718
0.00981791
0.00864167
0.00744537
0.00623139
0.00503006
0.00381619
0.0025925
0.00136189
0.000127345
-0.00107467
-0.0022743
-0.00346824
-0.00465308
-0.0058253
-0.00694461
-0.00804411
-0.00912015
-0.010169
-0.011187
-0.0121332
-0.0130411
-0.0139072
-0.014728
-0.0154999
-0.0161854
-0.0168157
-0.0173878
-0.0178991
-0.0183469
-0.0187012
-0.0189877
-0.0192048
-0.0193511
-0.0194254
-0.0194084
-0.0193181
-0.0191544
-0.0189174
-0.0186077
-0.0182191
-0.0177599
-0.0172315
-0.0166359
-0.0159753
-0.0152578
-0.0144807
-0.0136473
-0.0127609
-0.0118255
-0.0108622
-0.00985808
-0.00881746
-0.00774497
-0.00664541
-0.0055508
-0.00443901
-0.00331508
-0.00218411
-0.00105125
4.48461e-05
0.00113271
0.00220743
0.00326417
0.00429821
0.00526906
0.00620837
0.00711212
0.00797646
0.0087978
0.00953871
0.0102304
0.0108702
0.0114558
0.0119852
0.0124282
0.0128119
0.0131355
0.0133982
0.0135997
0.0137202
0.013775
0.0137613
0.0136802
0.0135335
0.0133138
0.0130336
0.0126959
0.0123044
0.0118632
0.0113774
0.0108506
0.0102878
0.00969383
0.00907391
0.00844304
0.0077964
0.00713912
0.00647625
0.00581275
0.00516925
0.00453399
0.0039112
0.00330484
0.00271859
0.0021743
0.00165575
0.00116546
0.000705577
0.000277895
-9.80941e-05
-0.000440244
-0.000747966
-0.00102101
-0.00125946
-0.00144843
-0.00160469
-0.00172922
-0.00182329
-0.00188835
-0.00191491
-0.00191661
-0.00189543
-0.00185346
-0.00179286
-0.00170913
-0.00161173
-0.00150295
-0.001385
-0.00126009
-0.00112738
-0.000992076
-0.000856068
-0.000721123
-0.000588852
-0.00046049
-0.000337559
-0.000221172
-0.000112268
-1.16215e-05
7.88607e-05
0.000160196
0.000232089
0.000294383
0.00034705
0.000388396
0.00042069
0.00044423
0.000459406
0.000466686
0.000465039
0.000456938
0.000443023
0.000423969
0.000400485
0.000372277
0.000341381
0.000308522
0.000274423
0.000239793
0.000204854
0.000170927
0.000138622
0.00010852
8.11627e-05
5.69491e-05
3.65303e-05
2.03026e-05
8.6193e-06
1.79027e-06
0
0
0
0
0
0
0
0
0
0
0
0
0
0
0
0
0
0
0
0
0
0
0
0
0
0
0
0
0
0
0
0
0
0
0
0
0
0
0
0
0
0
0
0
0
0
0
0
0
0
0
0
0
0
0
0
0
0
0
0
0
0
0
0
0
0
0
0
0
0
0
0
0
0
0
0
0
0
0
0
0
0
0
0
0
0
0
0
0
0
0
0
0
0
0
0
0
0
0
0
0
0
0
0
0
0
0
0
0
0
0
0
0
0
0
0
0
0
0
0
0
0
0
0
0
0
0
0
0
0
0
0
0
0
0
0
0
0
0
0
0
0
0
0
0
0
0
0
0
0
0
0
0
0
0
0
0
0
0
0
0
0
0
0
0
0
0
0
0
0
0
0
0
0
0
0
0
0
0
0
0
0
0
0
0
0
0
0
0
0
0
0
0
0
0
0
0
0
0
0
0
0
0
0
0
0
0
0
0
0
0
0
0
0
0
0
0
0
0
0
0
0
0
0
0
0
0
0
0
0
0
0
0
0
0
0
0
0
0
0
0
0
0
0
0
0
0
0
0
0
0
0
0
0
0
0
0
0
0
0
0
0
0
0
0
0
0
0
0
0
0
0
0
0
0
0
0
0
0
0
0
0
0
0
0
0
0
0
0
0
0
0
0
0
0
0
0
0
0
0
0
0
0
0
0
0
0
0
0
0
0
0
0
0
0
0
0
0
0
0
0
0
0
0
0
0
0
0
0
0
0
0
0
0
0
0
0
0
0
0
0
0
0
0
0
0
0
0
0
0
0
0
0
0
0
0
0
0
0
0
0
0
0
0
0
0
0
0
0
0
0
0
0
0
0
0
0
0
0
0
0
0
0
0
