0
0
0
0
0
0
0
0
0
0
0
0
0
0
0
0
0
0
0
0
0
0
0
0
0
0
0
0
0
0
0
0
0
0
0
0
0
0
0
0
0
0
0
0
0
0
0
0
0
0
0
0
0
0
0
0
0
0
0
0
0
0
0
0
0
0
0
0
0
0
0
0
0
0
0
0
0
0
0
0
0
0
0
0
0
0
0
0
0
0
0
0
0
0
0
0
0
0
0
0
0
0
0
0
0
0
0
0
0
0
0
0
0
0
0
0
0
0
0
0
0
0
0
0
0
0
0
0
0
0
0
0
0
0
0
0
0
0
0
0
0
0
0
0
0
0
0
0
0
0
0
0
0
0
0
0
0
0
0
0
0
0
0
0
0
0
0
0
0
0
0
0
0
0
0
0
0
0
0
0
0
0
0
0
0
0
0
0
0
0
0
0
0
0
0
0
0
0
0
0
0
0
0
0
0
0
0
0
0
0
0
0
0
0
0
0
0
0
0
0
0
0
0
0
0
0
0
0
0
0
0
0
0
0
0
0
0
0
0
0
0
0
0
0
0
0
0
0
0
0
0
0
0
0
0
0
0
0
0
0
0
0
0
0
0
0
0
0
0
0
0
0
0
0
0
0
0
0
0
0
0
0
0
0
0
0
0
0
0
0
0
0
0
0
0
0
0
0
0
0
0
0
0
0
0
0
0
0
0
0
0
0
0
0
0
0
0
0
0
0
0
0
0
0
0
0
0
0
0
0
0
0
0
0
0
0
0
0
0
0
0
0
0
0
0
0
0
0
0
0
0
0
0
0
0
0
0
0
0
0
0
0
0
0
0
0
0
0
0
0
0
0
0
0
0
0
0
0
0
0
0
0
0
0
-4.4925e-07
-2.52984e-06
-6.83267e-06
-1.3883e-05
-2.41477e-05
-3.8025e-05
-5.58347e-05
-7.78078e-05
-0.000104078
-0.000134677
-0.000169534
-0.000208469
-0.000251194
-0.000297305
-0.000346281
-0.000397494
-0.000450215
-0.000503626
-0.000556825
-0.000608823
-0.000658548
-0.000704851
-0.000746529
-0.000782355
-0.000811099
-0.00083154
-0.000842453
-0.000842612
-0.000830803
-0.000805858
-0.000766708
-0.000712418
-0.000642192
-0.000555359
-0.000451348
-0.000329694
-0.00019007
-3.23405e-05
0.000143399
0.000336825
0.000547408
0.000774458
0.00101713
0.00127438
0.001545
0.00182752
0.00212031
0.00242163
0.00272965
0.00304246
0.00335803
0.0036741
0.00398819
0.00429766
0.00459986
0.0048922
0.00517223
0.00543761
0.005686
0.00591504
0.00612235
0.00630566
0.00646287
0.00659217
0.00669197
0.00676081
0.00679737
0.00680047
0.0067692
0.00670297
0.00660153
0.00646495
0.00629347
0.00608753
0.00584776
0.00557518
0.00527118
0.00493756
0.00457637
0.00418971
0.00377967
0.00334833
0.00289798
0.00243124
0.00195106
0.00146065
0.000963267
0.000462032
-4.00589e-05
-0.00054006
-0.00103522
-0.00152331
-0.00200203
-0.00246918
-0.00292272
-0.00336082
-0.00378173
-0.0041837
-0.0045649
-0.00492358
-0.00525817
-0.00556742
-0.00585034
-0.00610608
-0.00633378
-0.00653249
-0.00670129
-0.00683948
-0.00694666
-0.0070228
-0.00706807
-0.00708265
-0.00706669
-0.0070203
-0.00694377
-0.00683769
-0.00670298
-0.00654081
-0.00635237
-0.00613884
-0.00590134
-0.00564108
-0.00535953
-0.0050584
-0.00473957
-0.00440488
-0.00405603
-0.00369462
-0.00332221
-0.00294054
-0.00255156
-0.00215731
-0.0017598
-0.00136083
-0.000961989
-0.000564803
-0.000170848
0.000218171
0.000600498
0.00097449
0.00133875
0.00169215
0.00203369
0.00236235
0.00267697
0.00297635
0.00325942
0.0035254
0.00377386
0.00400459
0.00421745
0.00441215
0.00458827
0.00474536
0.00488316
0.0050017
0.00510127
0.00518229
0.00524517
0.00529023
0.0053178
0.00532827
0.00532222
0.00530035
0.0052634
0.00521209
0.00514706
0.00506895
0.00497856
0.00487686
0.00476494
0.00464391
0.00451468
0.00437797
0.00423436
0.00408444
0.00392901
0.00376901
0.00360548
0.00343935
0.00327134
0.00310193
0.00293146
0.00276033
0.00258903
0.00241815
0.00224825
0.00207972
0.0019128
0.00174758
0.00158415
0.00142267
0.00126339
0.00110649
0.000952062
0.000799962
0.000649919
0.000501627
0.000354871
0.000209566
6.56968e-05
-7.68002e-05
-0.000218131
-0.00035865
-0.000498777
-0.000638864
-0.000779123
-0.000919624
-0.00106039
-0.00120149
-0.00134308
-0.00148537
-0.00162847
-0.00177235
-0.00191681
-0.00206155
-0.00220633
-0.00235105
-0.00249564
-0.00264001
-0.00278384
-0.00292649
-0.00306712
-0.0032048
-0.00333874
-0.00346833
-0.00359311
-0.00371256
-0.00382594
-0.0039322
-0.00403008
-0.00411827
-0.00419559
-0.00426107
-0.00431388
-0.00435317
-0.00437799
-0.00438718
-0.00437958
-0.00435404
-0.00430961
-0.00424553
-0.00416113
-0.00405575
-0.00392864
-0.00377906
-0.00360633
-0.00340994
-0.00318966
-0.00294545
-0.00267739
-0.00238563
-0.00207034
-0.00173175
-0.00137025
-0.000986489
-0.000581332
-0.000155908
0.000288475
0.000750378
0.00122827
0.00172055
0.00222553
0.00274144
0.00326636
0.00379828
0.00433497
0.00487407
0.00541303
0.00594918
0.00647974
0.00700188
0.00751276
0.00800949
0.00848919
0.00894896
0.00938591
0.00979717
0.0101799
0.0105315
0.010849
0.01113
0.0113718
0.0115721
0.0117286
0.0118393
0.0119026
0.0119167
0.0118803
0.0117922
0.0116513
0.0114567
0.0112077
0.010904
0.0105455
0.0101325
0.00966553
0.00914548
0.00857357
0.00795133
0.0072806
0.00656353
0.00580252
0.00500019
0.00415942
0.00328334
0.00237535
0.00143911
0.000478566
-0.000502097
-0.00149851
-0.00250613
-0.00352031
-0.00453629
-0.00554921
-0.00655414
-0.00754609
-0.00852002
-0.00947087
-0.0103936
-0.0112832
-0.0121347
-0.0129434
-0.0137046
-0.0144139
-0.015067
-0.01566
-0.0161891
-0.0166508
-0.017042
-0.0173596
-0.0176008
-0.0177632
-0.0178448
-0.0178439
-0.0177593
-0.0175903
-0.0173368
-0.0169989
-0.0165773
-0.0160734
-0.0154885
-0.0148247
-0.0140843
-0.01327
-0.0123848
-0.0114322
-0.0104159
-0.00934017
-0.00820963
-0.00702927
-0.00580443
-0.00454077
-0.00324416
-0.0019207
-0.000576594
0.000781824
0.0021482
0.00351617
0.00487941
0.00623161
0.00756646
0.00887765
0.0101588
0.0114037
0.0126061
0.0137598
0.014859
0.015898
0.0168714
0.0177741
0.0186012
0.0193485
0.0200121
0.0205887
0.0210754
0.02147
0.0217706
0.0219761
0.0220855
0.0220988
0.022016
0.0218381
0.0215662
0.021202
0.0207477
0.0202059
0.0195795
0.0188721
0.0180874
0.0172297
0.0163034
0.0153133
0.0142646
0.0131629
0.0120138
0.0108232
0.00959717
0.00834186
0.00706351
0.00576844
0.00446305
0.00315377
0.00184701
0.000549093
-0.000733793
-0.00199559
-0.00323041
-0.00443253
-0.00559644
-0.00671689
-0.00778894
-0.00880796
-0.00976964
-0.01067
-0.0115054
-0.0122726
-0.0129685
-0.0135908
-0.0141374
-0.0146065
-0.014997
-0.0153079
-0.0155388
-0.0156898
-0.0157612
-0.015754
-0.0156401
-0.0153799
-0.0149789
-0.0144449
-0.0137884
-0.0130215
-0.0121586
-0.0112156
-0.0102095
-0.00915857
-0.00808185
-0.00699886
-0.00592941
-0.00489325
-0.00390979
-0.00299779
-0.00217509
-0.00145843
-0.000863177
-0.000403115
-9.02453e-05
6.54069e-05
5.5931e-05
-0.000124369
-0.000478902
-0.00100873
-0.00171251
-0.00258653
-0.0036247
-0.00481866
-0.00615793
-0.00762997
-0.00922037
-0.0109129
-0.0126897
-0.0145314
-0.0164178
-0.0183273
-0.0202381
-0.0221277
-0.0239733
-0.0257524
-0.0274426
-0.029022
-0.0304699
-0.0317663
-0.0328928
-0.0338321
-0.0345685
-0.0350883
-0.0353795
-0.0354327
-0.0352404
-0.0347975
-0.034101
-0.0331504
-0.0319474
-0.0304962
-0.0288035
-0.0268786
-0.0247328
-0.0223794
-0.0198337
-0.0171128
-0.0142356
-0.0112227
-0.00809628
-0.00487956
-0.00159662
0.00172796
0.00506926
0.00840211
0.0117012
0.0149412
0.0180972
0.0211446
0.0240597
0.0268199
0.0294039
0.0317916
0.0339644
0.0359057
0.0376002
0.0390349
0.0401987
0.0410829
0.0416808
0.0419882
0.0420052
0.0417338
0.0411909
0.0403939
0.0393466
0.0380537
0.0365314
0.0347765
0.0327968
0.0306008
0.028198
0.0256192
0.0228543
0.019915
0.0168138
0.0135643
0.0102116
0.0067393
0.00316277
-0.000502171
-0.00423898
-0.00799169
-0.0117814
-0.0155902
-0.0194
-0.0231922
-0.0269056
-0.0305638
-0.0341479
-0.037639
-0.0410183
-0.0442257
-0.0472843
-0.0501761
-0.0528835
-0.055389
-0.0576421
-0.0596607
-0.06143
-0.0629357
-0.0641648
-0.065085
-0.0657044
-0.0660128
-0.0660012
-0.0656621
-0.0649896
-0.0639793
-0.0626285
-0.0609355
-0.0589005
-0.0565484
-0.0538601
-0.0508411
-0.0474989
-0.0438424
-0.0399298
-0.0357264
-0.0312467
-0.026507
-0.0215254
-0.0163905
-0.0110547
-0.00554061
0.000127954
0.00592547
0.0117408
0.0176301
0.0235648
0.0295155
0.0354524
0.0412544
0.0469811
0.0526014
0.0580837
0.0633966
0.0684239
0.0732206
0.0777576
0.0820062
0.085939
0.0894613
0.0926163
0.0953806
0.0977328
0.0996536
0.101086
0.102054
0.102546
0.10255
0.102066
0.101085
0.0996102
0.0976394
0.0951748
0.0922208
0.0888202
0.0849467
0.0806122
0.075831
0.0706199
0.065072
0.0591342
0.05283
0.0461852
0.0392275
0.032092
0.0247041
0.0170962
0.00930207
0.00135681
-0.00657783
-0.0145904
-0.0226433
-0.0306981
-0.038716
-0.0465273
-0.0542243
-0.0617687
-0.0691228
-0.0762494
-0.0829921
-0.0894361
-0.0955479
-0.101295
-0.106647
-0.11148
-0.115861
-0.119768
-0.123176
-0.126067
-0.128367
-0.130117
-0.131305
-0.131922
-0.131961
-0.13141
-0.130276
-0.128564
-0.126276
-0.123422
-0.120051
-0.116139
-0.111702
-0.10676
-0.101334
-0.0955307
-0.0892931
-0.0826492
-0.0756292
-0.0682653
-0.0607079
-0.0528762
-0.0448068
-0.0365382
-0.0281096
-0.0196973
-0.0112046
-0.00267123
0.00586323
0.0143594
0.0226385
0.030802
0.0388121
0.0466318
0.0542252
0.0614316
0.068345
0.0749347
0.0811713
0.0870276
0.0923793
0.0973022
0.101776
0.105782
0.109306
0.112274
0.114736
0.116683
0.11811
0.119014
0.11938
0.119227
0.118559
0.117386
0.115717
0.113594
0.111002
0.107958
0.10448
0.10059
0.0963781
0.0918006
0.0868837
0.0816545
0.0761414
0.0704691
0.0645721
0.0584809
0.0522263
0.0458395
0.0394626
0.033016
0.0265307
0.020038
0.0135684
0.00726455
0.0010428
-0.00506897
-0.0110439
-0.016856
-0.0223797
-0.027693
-0.0327745
-0.0376044
-0.0421644
-0.0463589
-0.0502521
-0.0538309
-0.0570839
-0.0600016
-0.0625265
-0.0647032
-0.0665283
-0.0680001
-0.0691185
-0.0698671
-0.0702672
-0.0703238
-0.0700437
-0.0694351
-0.0685202
-0.0672976
-0.0657799
-0.0639803
-0.0619134
-0.0596327
-0.0571159
-0.0543795
-0.0514408
-0.0483176
-0.0450851
-0.0417052
-0.0381967
-0.0345788
-0.0308706
-0.0271577
-0.0233917
-0.0195905
-0.0157719
-0.0119535
-0.00822084
-0.00452198
-0.000872802
0.0027117
0.00621751
0.0095693
0.0128176
0.0159516
0.0189612
0.0218371
0.0245204
0.0270546
0.0294335
0.0316521
0.0337059
0.0355562
0.0372353
0.0387414
0.0400735
0.0412322
0.0422004
0.0429995
0.0436326
0.044103
0.0444138
0.0445654
0.0445657
0.04442
0.0441352
0.0437183
0.0431866
0.0425367
0.0417749
0.0409075
0.0399418
0.0389054
0.037787
0.0365951
0.0353373
0.03402
0.032675
0.031282
0.0298477
0.0283796
0.0268859
0.0254025
0.0239069
0.0224034
0.0208951
0.0193852
0.0179063
0.0164353
0.0149782
0.0135402
0.012125
0.0107602
0.00942078
0.00810735
0.00682153
0.00556601
0.00436634
0.00320261
0.0020761
0.000986853
-6.56817e-05
-0.00106317
-0.00202361
-0.00294576
-0.00382841
-0.00467111
-0.00545953
-0.0062096
-0.00692224
-0.00759769
-0.00823536
-0.00882295
-0.00937146
-0.00988114
-0.0103528
-0.0107871
-0.0111755
-0.0115254
-0.0118354
-0.0121041
-0.0123313
-0.0125115
-0.0126505
-0.012748
-0.0128028
-0.0128132
-0.0127751
-0.0126908
-0.0125606
-0.0123848
-0.012163
-0.0118943
-0.0115756
-0.0112046
-0.0107803
-0.0103035
-0.00978045
-0.00920714
-0.00858327
-0.00790717
-0.00717673
-0.00640058
-0.00556921
-0.00468445
-0.0037486
-0.00276336
-0.00174451
-0.000676879
0.000439168
0.00160204
0.00280887
0.00403577
0.0053002
0.00660003
0.0079336
0.00929882
0.0106673
0.0120594
0.0134699
0.014894
0.0163282
0.0177413
0.0191589
0.020577
0.0219901
0.0233916
0.0247462
0.0260777
0.0273821
0.0286557
0.0298939
0.0310637
0.032186
0.0332541
0.0342623
0.0352063
0.0360593
0.0368402
0.0375441
0.0381656
0.0386995
0.0391267
0.0394592
0.039695
0.0398318
0.0398668
0.0397916
0.0396082
0.039315
0.0389119
0.0383997
0.0377861
0.0370649
0.036236
0.0352995
0.0342565
0.0331284
0.0319006
0.0305778
0.0291642
0.0276635
0.0261091
0.024476
0.0227701
0.0209983
0.0191677
0.0173233
0.0154331
0.013503
0.0115395
0.00955012
0.00758639
0.0056121
0.00363657
0.00167086
-0.000274525
-0.00214576
-0.00397532
-0.00575189
-0.0074644
-0.00910275
-0.0106199
-0.0120469
-0.0133765
-0.0146013
-0.0157144
-0.0166805
-0.0175245
-0.0182433
-0.0188358
-0.0193013
-0.0196229
-0.0198169
-0.0198834
-0.0198237
-0.0196408
-0.0193362
-0.0189186
-0.0183943
-0.0177695
-0.017051
-0.0162547
-0.0153799
-0.0144358
-0.0134317
-0.0123772
-0.0112988
-0.0101875
-0.00905265
-0.00790396
-0.00675126
-0.00562619
-0.00451397
-0.00342255
-0.00235938
-0.00133176
-0.000369622
0.000544456
0.00140426
0.00220465
0.00294171
0.00359279
0.0041773
0.00469364
0.00514057
0.00551741
0.00580936
0.00603371
0.00619214
0.00628698
0.00632102
0.00628822
0.00620274
0.00606883
0.00589114
0.00567463
0.00541995
0.00513726
0.00483159
0.00450801
0.0041716
0.00382629
0.00347834
0.00313234
0.0027925
0.00246262
0.00214653
0.00184677
0.00156603
0.00130654
0.00107003
0.000858344
0.000671305
0.000509178
0.000371785
0.000258511
0.000168558
0.000100041
5.11871e-05
1.98889e-05
3.7545e-06
0
0
0
0
0
0
0
0
0
0
0
0
0
0
0
0
0
0
0
0
0
0
0
0
0
0
0
0
0
0
0
0
0
0
0
0
0
0
0
0
0
0
0
0
0
0
0
0
0
0
0
0
0
0
0
0
0
0
0
0
0
0
0
0
0
0
0
0
0
0
0
0
0
0
0
0
0
0
0
0
0
0
0
0
0
0
0
0
0
0
0
0
0
0
0
0
0
0
0
0
0
0
0
0
0
0
0
0
0
0
0
0
0
0
0
0
0
0
0
0
0
0
0
0
0
0
0
0
0
0
0
0
0
0
0
0
0
0
0
0
0
0
0
0
0
0
0
0
0
0
0
0
0
0
0
0
0
0
0
0
0
0
0
0
0
0
0
0
0
0
0
0
0
0
0
0
0
0
0
0
0
0
0
0
0
0
0
0
0
0
0
0
0
0
0
0
0
0
0
0
0
0
0
0
0
0
0
0
0
0
0
0
0
0
0
0
0
0
0
0
0
0
0
0
0
0
0
0
0
0
0
0
0
0
0
0
0
0
0
0
0
0
0
0
0
0
0
0
0
0
0
0
0
0
0
0
0
0
0
0
0
0
0
0
0
0
0
0
0
0
0
0
0
0
0
0
0
0
0
0
0
0
0
0
0
0
0
0
0
0
0
0
0
0
0
0
0
0
0
0
0
0
0
0
0
0
0
0
0
0
0
0
0
0
0
0
0
0
0
0
0
0
0
0
0
0
0
0
0
0
0
0
0
0
0
0
0
0
0
0
0
0
0
0
0
0
0
0
0
0
0
0
0
0
0
0
0
0
0
0
0
0
0
0
0
0
0
0
0
0
0
0
0
0
0
0
0
0
0
0
0
0
0
0
