0
0
0
0
0
0
0
0
0
0
0
0
0
0
0
0
0
0
0
0
0
0
0
0
0
0
0
0
0
0
0
0
0
0
0
0
0
0
0
0
0
0
0
0
0
0
0
0
0
0
0
0
0
0
0
0
0
0
0
0
0
0
0
-1.14437e-07
-6.86076e-06
-2.72634e-05
-6.55685e-05
-0.000125605
-0.000210719
-0.000323717
-0.000466822
-0.000641634
-0.000849082
-0.00108939
-0.00136207
-0.0016659
-0.00199895
-0.00235865
-0.00274175
-0.00314439
-0.00356207
-0.0039897
-0.00442171
-0.0048521
-0.00527457
-0.00568264
-0.00606963
-0.00642872
-0.00675296
-0.00703535
-0.00726902
-0.00744736
-0.00756421
-0.00761399
-0.00759165
-0.00749275
-0.0073134
-0.00705029
-0.00670077
-0.00626295
-0.00573575
-0.00511902
-0.00441356
-0.00362115
-0.0027446
-0.00178776
-0.000755489
0.000346328
0.00151092
0.00273073
0.00399754
0.00530257
0.00663655
0.00798972
0.00935178
0.010712
0.012059
0.0133815
0.0146678
0.0159064
0.0170862
0.0181964
0.0192265
0.0201664
0.0210065
0.0217379
0.0223528
0.0228443
0.0232067
0.023435
0.0235253
0.0234742
0.0232794
0.0229399
0.0224557
0.0218284
0.0210607
0.0201561
0.0191191
0.0179549
0.0166703
0.0152731
0.0137722
0.0121773
0.0104983
0.00874549
0.00692913
0.00506026
0.00315064
0.0012128
-0.000740412
-0.00269629
-0.00464263
-0.00656787
-0.00846427
-0.0103247
-0.0121411
-0.0139058
-0.0156116
-0.0172521
-0.0188216
-0.0203148
-0.0217259
-0.0230494
-0.0242792
-0.0254102
-0.0264377
-0.0273581
-0.0281684
-0.0288658
-0.0294477
-0.0299118
-0.0302565
-0.030481
-0.0305853
-0.0305699
-0.0304352
-0.0301814
-0.029809
-0.0293187
-0.0287123
-0.0279925
-0.0271626
-0.0262266
-0.0251881
-0.0240513
-0.0228204
-0.0215006
-0.0200975
-0.0186174
-0.0170667
-0.0154519
-0.0137793
-0.0120552
-0.010286
-0.00847826
-0.00663846
-0.00477313
-0.00288884
-0.000992462
0.000908581
0.00280617
0.00469169
0.0065564
0.00839192
0.0101905
0.0119451
0.0136489
0.0152956
0.0168789
0.0183926
0.0198305
0.0211869
0.0224559
0.023632
0.0247094
0.0256828
0.0265474
0.0272995
0.0279359
0.0284543
0.0288526
0.0291292
0.0292823
0.0293109
0.0292146
0.0289934
0.0286484
0.0281809
0.0275926
0.0268855
0.0260623
0.0251264
0.0240817
0.0229328
0.0216843
0.0203415
0.0189097
0.0173949
0.0158035
0.0141427
0.0124204
0.0106446
0.00882391
0.00696676
0.00508188
0.00317812
0.00126427
-0.000651004
-0.00255929
-0.00445246
-0.0063225
-0.00816144
-0.00996128
-0.0117141
-0.0134124
-0.0150491
-0.0166176
-0.0181119
-0.0195264
-0.0208556
-0.0220941
-0.0232371
-0.0242799
-0.0252182
-0.0260481
-0.0267661
-0.0273689
-0.0278541
-0.0282199
-0.0284655
-0.0285909
-0.0285969
-0.0284851
-0.0282574
-0.0279163
-0.0274649
-0.0269068
-0.0262463
-0.0254879
-0.0246369
-0.0236986
-0.022679
-0.0215849
-0.020423
-0.0192007
-0.0179253
-0.0166039
-0.0152436
-0.0138517
-0.0124356
-0.0110031
-0.00956199
-0.00811981
-0.00668379
-0.00526067
-0.00385676
-0.00247808
-0.00113031
0.000181305
0.00145218
0.0026785
0.00385724
0.00498599
0.00606279
0.00708607
0.00805456
0.00896747
0.00982459
0.0106263
0.0113735
0.0120679
0.0127118
0.013308
0.01386
0.014372
0.0148481
0.0152926
0.0157099
0.0161044
0.0164804
0.0168428
0.0171967
0.017547
0.0178986
0.0182562
0.018624
0.0190059
0.0194056
0.0198265
0.0202712
0.0207417
0.0212394
0.0217651
0.0223196
0.0229032
0.0235165
0.0241588
0.0248288
0.0255236
0.0262392
0.0269706
0.0277127
0.0284597
0.0292056
0.029944
0.0306677
0.031369
0.0320399
0.0326724
0.0332584
0.03379
0.034259
0.0346567
0.0349741
0.0352022
0.035332
0.0353552
0.035264
0.0350507
0.0347085
0.0342307
0.0336113
0.0328451
0.0319282
0.0308573
0.0296304
0.028246
0.0267034
0.0250032
0.0231468
0.021137
0.0189783
0.0166761
0.0142375
0.0116703
0.00898367
0.0061876
0.00329291
0.000311126
-0.00274553
-0.00586408
-0.00903068
-0.0122305
-0.0154474
-0.0186647
-0.0218648
-0.0250295
-0.0281405
-0.0311795
-0.034128
-0.0369673
-0.0396791
-0.0422451
-0.0446476
-0.0468699
-0.0488959
-0.0507105
-0.0522998
-0.0536506
-0.0547508
-0.055589
-0.056155
-0.0564395
-0.0564343
-0.056133
-0.0555306
-0.0546244
-0.0534135
-0.051899
-0.0500838
-0.0479725
-0.0455714
-0.0428885
-0.0399332
-0.0367167
-0.0332515
-0.0295515
-0.025632
-0.0215095
-0.0172016
-0.0127275
-0.00810733
-0.00336265
0.001484
0.00640898
0.0113876
0.016394
0.0214015
0.0263827
0.0313099
0.0361555
0.0408924
0.0454941
0.0499353
0.0541913
0.0582388
0.0620557
0.0656215
0.068917
0.071925
0.07463
0.0770181
0.0790779
0.0807995
0.0821753
0.0831993
0.0838675
0.0841773
0.0841286
0.0837228
0.082964
0.081858
0.0804127
0.0786375
0.0765431
0.0741419
0.0714477
0.0684759
0.0652438
0.0617699
0.058074
0.0541767
0.0500991
0.0458635
0.0414928
0.0370108
0.0324416
0.0278098
0.0231397
0.0184554
0.0137809
0.00914005
0.00455648
5.33872e-05
-0.00434684
-0.0086229
-0.0127545
-0.0167225
-0.0205085
-0.0240951
-0.027466
-0.0306065
-0.0335037
-0.0361462
-0.0385245
-0.0406302
-0.0424564
-0.0439979
-0.0452507
-0.046213
-0.0468845
-0.0472664
-0.0473613
-0.0471731
-0.0467072
-0.0459709
-0.0449732
-0.0437244
-0.042236
-0.0405202
-0.0385897
-0.0364583
-0.0341407
-0.0316528
-0.0290114
-0.0262339
-0.023338
-0.0203414
-0.0172617
-0.0141171
-0.0109259
-0.00770663
-0.00447724
-0.00125521
0.00194278
0.00510061
0.00820253
0.0112331
0.0141774
0.0170212
0.0197517
0.022357
0.0248264
0.0271502
0.0293191
0.031325
0.0331611
0.0348218
0.0363029
0.0376014
0.0387147
0.0396414
0.0403808
0.0409338
0.0413028
0.0414914
0.0415044
0.0413466
0.0410232
0.04054
0.0399034
0.0391213
0.0382027
0.0371573
0.0359948
0.0347251
0.033358
0.0319035
0.0303727
0.0287769
0.0271276
0.0254363
0.0237134
0.0219692
0.0202138
0.0184577
0.0167115
0.0149856
0.0132897
0.0116323
0.0100209
0.00846274
0.00696467
0.00553374
0.00417673
0.00289968
0.00170747
0.000603794
-0.000408583
-0.00132742
-0.00215074
-0.00287692
-0.00350485
-0.00403422
-0.00446548
-0.00479974
-0.00503857
-0.0051839
-0.00523818
-0.00520447
-0.00508657
-0.0048888
-0.00461573
-0.00427198
-0.00386216
-0.003391
-0.00286358
-0.00228543
-0.00166245
-0.00100063
-0.000305866
0.00041618
0.00115998
0.00192003
0.00269084
0.00346698
0.0042432
0.00501448
0.00577594
0.00652271
0.00724995
0.00795294
0.00862741
0.00926975
0.00987701
0.0104467
0.0109765
0.0114636
0.0119055
0.0122997
0.0126441
0.0129377
0.0131801
0.0133715
0.013512
0.0136017
0.0136409
0.0136299
0.0135695
0.013461
0.0133056
0.0131052
0.0128614
0.0125764
0.0122526
0.011893
0.0115005
0.0110782
0.0106287
0.0101546
0.0096586
0.00914373
0.00861339
0.00807122
0.00752074
0.00696512
0.0064072
0.00584958
0.00529494
0.00474609
0.00420599
0.00367758
0.00316369
0.00266704
0.00219027
0.001736
0.00130673
0.000904732
0.000531854
0.000189608
-0.000120651
-0.000397469
-0.000639164
-0.000843931
-0.00101013
-0.00113661
-0.00122279
-0.00126863
-0.00127432
-0.00124012
-0.00116627
-0.00105309
-0.000901133
-0.000711171
-0.000484159
-0.000221125
7.68107e-05
0.000408298
0.000771578
0.00116445
0.00158443
0.00202914
0.00249655
0.00298497
0.00349282
0.00401814
0.00455832
0.00511017
0.00567024
0.00623532
0.00680264
0.00736977
0.00793428
0.00849344
0.00904416
0.00958323
0.0101077
0.0106149
0.0111029
0.0115693
0.0120119
0.0124283
0.0128158
0.0131724
0.0134965
0.0137866
0.0140416
0.01426
0.0144401
0.0145804
0.0146802
0.0147389
0.0147568
0.0147343
0.0146712
0.0145674
0.0144228
0.0142374
0.0140101
0.0137363
0.0134178
0.0130567
0.0126552
0.0122156
0.0117407
0.0112339
0.0106989
0.0101393
0.00955874
0.00896069
0.00834867
0.00772656
0.00709863
0.00646926
0.00584251
0.00522189
0.00461046
0.00401113
0.00342699
0.00286143
0.00231787
0.00179935
0.00130825
0.000846233
0.00041455
1.43744e-05
-0.000353033
-0.00068643
-0.000984887
-0.00124803
-0.00147608
-0.00166967
-0.0018296
-0.00195673
-0.00205202
-0.00211672
-0.00215247
-0.00216125
-0.0021452
-0.00210641
-0.00204682
-0.00196838
-0.00187316
-0.00176348
-0.00164189
-0.00151096
-0.00137309
-0.00123041
-0.00108484
-0.000938195
-0.000792273
-0.000648881
-0.000509725
-0.000376305
-0.000249867
-0.000131428
-2.18507e-05
7.81101e-05
0.000167813
0.000246786
0.000314776
0.000371756
0.000417888
0.000453459
0.000478844
0.000494509
0.00050103
0.000499117
0.000489597
0.000473376
0.000451393
0.000424583
0.000393865
0.000360151
0.000324343
0.000287332
0.00024998
0.000213103
0.000177458
0.000143737
0.000112558
8.44626e-05
5.99084e-05
3.92658e-05
2.28152e-05
1.07475e-05
3.16484e-06
8.16358e-08
0
0
0
0
0
0
0
0
0
0
0
0
0
0
0
0
0
0
0
0
0
0
0
0
0
0
0
0
0
0
0
0
0
0
0
0
0
0
0
0
0
0
0
0
0
0
0
0
0
0
0
0
0
0
0
0
0
0
0
0
0
0
0
0
0
0
0
0
0
0
0
0
0
0
0
0
0
0
0
0
0
0
0
0
0
0
0
0
0
0
0
0
0
0
0
0
0
0
0
0
0
0
0
0
0
0
0
0
0
0
0
0
0
0
0
0
0
0
0
0
0
0
0
0
0
0
0
0
0
0
0
0
0
0
0
0
0
0
0
0
0
0
0
0
0
0
0
0
0
0
0
0
0
0
0
0
0
0
0
0
0
0
0
0
0
0
0
0
0
0
0
0
0
0
0
0
0
0
0
0
0
0
0
0
0
0
0
0
0
0
0
0
0
0
0
0
0
0
0
0
0
3.5392e-08
1.50525e-06
5.58448e-06
1.29063e-05
2.41148e-05
3.98594e-05
6.07851e-05
8.7516e-05
0.000120636
0.000160675
0.000208107
0.000263358
0.000326795
0.000398709
0.000479288
0.000568596
0.000666587
0.000773136
0.000888065
0.00101114
0.00114203
0.00128024
0.0014251
0.0015758
0.00173149
0.00189133
0.0020545
0.00222012
0.00238715
0.00255433
0.00272029
0.00288365
0.0030432
0.00319789
0.00334671
0.00348854
0.00362208
0.00374588
0.00385859
0.0039591
0.00404659
0.00412041
0.00417988
0.00422419
0.00425249
0.0042641
0.00425865
0.00423615
0.00419682
0.00414087
0.00406837
0.00397926
0.00387365
0.00375202
0.00361524
0.00346452
0.00330092
0.00312547
0.00293913
0.00274301
0.00253865
0.00232769
0.00211194
0.00189301
0.00167229
0.00145113
0.00123085
0.00101328
0.000800526
0.000594738
0.000397868
0.000211158
3.56344e-05
-0.000127708
-0.000277667
-0.000412725
-0.000531579
-0.000633095
-0.000716502
-0.000781244
-0.000826668
-0.000851999
-0.000856304
-0.000838836
-0.000799323
-0.000738107
-0.000655715
-0.000552744
-0.000429581
-0.000286474
-0.000124062
5.7117e-05
0.00025607
0.000471632
0.000702746
0.000948217
0.001208
0.0014816
0.00176822
0.00206672
0.00237505
0.00269254
0.00301796
0.00335019
0.00368792
0.0040287
0.0043716
0.00471487
0.00505707
0.00539712
0.00573312
0.00606486
0.00639069
0.00670854
0.00701628
0.00731127
0.00759333
0.00786172
0.00811564
0.00835382
0.00857378
0.00877429
0.00895369
0.00911087
0.00924529
0.0093563
0.00944366
0.00950648
0.00954373
0.00955453
0.00953878
0.00949589
0.00942577
0.00932815
0.00920255
0.00904988
0.00886881
0.00866
0.00842465
0.00816417
0.00788207
0.00757678
0.00724884
0.00689892
0.00652815
0.0061415
0.00573755
0.00531826
0.00488541
0.00444072
0.00399009
0.00353139
0.00306686
0.00259885
0.00212961
0.00166579
0.00120512
0.000749968
0.000303011
-0.000132962
-0.000551147
-0.000953348
-0.00133752
-0.00170167
-0.00204355
-0.00235754
-0.00264378
-0.00289956
-0.0031226
-0.00331125
-0.0034634
-0.00357899
-0.00365691
-0.00369584
-0.0036943
-0.00365286
-0.0035684
-0.00344002
-0.0032671
-0.00304934
-0.00279223
-0.00249078
-0.00214578
-0.00175814
-0.00132874
-0.000867467
-0.000366083
0.000174118
0.000751122
0.00136216
0.00199162
0.00264866
0.00333032
0.00403389
0.0047565
0.00548008
0.00621515
0.00695694
0.00770056
0.00844138
0.00915993
0.00986739
0.0105594
0.0112309
0.0118764
0.0124768
0.0130403
0.0135624
0.0140389
0.0144655
0.0148283
0.0151317
0.0153708
0.0155414
0.0156398
0.0156607
0.0156039
0.0154667
0.0152463
0.01494
0.0145522
0.0140756
0.01351
0.0128559
0.0121134
0.0112993
0.0103979
0.00941029
0.00833878
0.00718663
0.00598396
0.00470879
0.00336543
0.00195843
0.000492908
-0.000990919
-0.00252073
-0.00408932
-0.0056891
-0.0073123
-0.00891179
-0.0105182
-0.0121228
-0.013716
-0.0152883
-0.0167912
-0.0182543
-0.0196683
-0.0210234
-0.0223095
-0.023483
-0.0245675
-0.0255541
-0.026434
-0.027199
-0.0278189
-0.0283072
-0.028656
-0.0288579
-0.0289064
-0.0287912
-0.0285129
-0.0280674
-0.0274511
-0.0266607
-0.0257093
-0.024581
-0.0232764
-0.0217974
-0.0201459
-0.0183609
-0.0164089
-0.014294
-0.0120221
-0.00960081
-0.00709519
-0.004459
-0.0017022
0.00116492
0.0041314
0.00711452
0.0101714
0.0132873
0.0164469
0.0196345
0.0227573
0.0258769
0.0289773
0.0320416
0.0350522
0.0379169
0.0406934
0.0433652
0.0459159
0.0483294
0.0505277
0.0525563
0.0543998
0.0560439
0.0574758
0.0586447
0.0595783
0.0602661
0.0606983
0.0608662
0.0607541
0.0603655
0.0596966
0.0587452
0.0575099
0.0560163
0.0542402
0.0521848
0.0498553
0.0472586
0.0444621
0.0414157
0.0381297
0.0346161
0.0308886
0.0270505
0.0230307
0.0188467
0.0145165
0.0100589
0.00560024
0.00105491
-0.00355476
-0.00820546
-0.0128737
-0.0174233
-0.0219452
-0.0264173
-0.0308167
-0.03512
-0.0391974
-0.0431315
-0.0469001
-0.0504826
-0.0538596
-0.056928
-0.0597543
-0.0623211
-0.0646119
-0.0666115
-0.0682552
-0.0695837
-0.0705877
-0.0712596
-0.0715928
-0.0715709
-0.0712032
-0.0704896
-0.0694316
-0.0680322
-0.0663254
-0.0642873
-0.0619252
-0.0592488
-0.05627
-0.0530707
-0.0495979
-0.0458676
-0.0418968
-0.0377035
-0.0334051
-0.0289243
-0.0242832
-0.0195046
-0.0146123
-0.00974552
-0.00481232
0.000163196
0.00515637
0.0101422
0.014977
0.0197557
0.0244552
0.0290532
0.0335279
0.0377502
0.0418078
0.0456815
0.0493537
0.0528083
0.0559465
0.0588394
0.0614754
0.0638438
0.0659356
0.0676914
0.0691577
0.0703307
0.0712079
0.071788
0.0720555
0.0720282
0.0717096
0.0711052
0.0702221
0.0690878
0.0676919
0.0660445
0.064157
0.0620421
0.0597634
0.057286
0.0546254
0.051797
0.048817
0.0457725
0.0426102
0.0393478
0.0360032
0.0325941
0.0292185
0.0258116
0.0223895
0.0189684
0.0155646
0.0122752
0.00903426
0.00585576
0.00275229
-0.000264589
-0.00311235
-0.00585251
-0.00847557
-0.0109729
-0.0133371
-0.0155061
-0.0175307
-0.0194068
-0.0211309
-0.0227008
-0.0240779
-0.0252993
-0.0263662
-0.0272804
-0.0280444
-0.0286424
-0.029096
-0.0294093
-0.0295877
-0.029638
-0.0295654
-0.0293791
-0.0290861
-0.0286928
-0.0282062
-0.0276433
-0.0270026
-0.0262926
-0.025522
-0.0246988
-0.0238466
-0.0229556
-0.0220322
-0.0210829
-0.0201143
-0.0191512
-0.0181811
-0.0172091
-0.01624
-0.0152781
-0.0143449
-0.0134262
-0.0125244
-0.011641
-0.0107769
-0.00994764
-0.00913824
-0.00834905
-0.00758026
-0.00683148
-0.00611503
-0.00541528
-0.0047297
-0.0040557
-0.00339096
-0.002747
-0.00210793
-0.00147101
-0.000832843
-0.0001897
0.000445788
0.00109275
0.00175348
0.00242991
0.00312398
0.00381687
0.00453179
0.00527074
0.00603516
0.0068258
0.0076159
0.00843224
0.00927449
0.010142
0.0110338
0.0119156
0.0128176
0.0137371
0.0146713
0.0156173
0.0165361
0.0174603
0.0183858
0.0193076
0.0202206
0.0210837
0.0219282
0.0227497
0.0235434
0.0243043
0.0249955
0.0256422
0.0262385
0.0267794
0.0272603
0.0276561
0.0279845
0.0282417
0.0284239
0.0285277
0.0285425
0.0284738
0.0283198
0.0280792
0.0277508
0.027343
0.0268463
0.0262616
0.0255902
0.0248341
0.0240217
0.0231287
0.0221575
0.021111
0.019993
0.0188502
0.0176461
0.016386
0.0150749
0.0137176
0.0123725
0.0109913
0.00957991
0.00814491
0.006693
0.00529032
0.00388287
0.00247621
0.00107614
-0.000311106
-0.00161973
-0.00290262
-0.00415386
-0.00536804
-0.00654007
-0.00761286
-0.00863308
-0.00959535
-0.0104945
-0.0113261
-0.0120479
-0.0126957
-0.0132671
-0.0137593
-0.0141695
-0.0144745
-0.014694
-0.0148277
-0.0148764
-0.0148411
-0.0147213
-0.0145183
-0.0142324
-0.0138643
-0.0134161
-0.0129097
-0.0123302
-0.0116814
-0.0109669
-0.0101898
-0.00938944
-0.00853306
-0.00762497
-0.00667024
-0.00567415
-0.00469164
-0.00367771
-0.00263718
-0.00157515
-0.000497085
0.00053403
0.00157057
0.00260813
0.00364289
0.00467115
0.00563009
0.00657385
0.00749728
0.00839526
0.00926322
0.0100437
0.0107877
0.0114926
0.0121558
0.0127741
0.0133016
0.0137795
0.0142069
0.014583
0.0149073
0.0151501
0.0153386
0.0154715
0.0155475
0.0155662
0.0155166
0.0154117
0.0152529
0.0150409
0.0147763
0.0144653
0.014103
0.0136913
0.0132325
0.0127291
0.0122059
0.0116428
0.011042
0.0104058
0.00973655
0.00907257
0.00838012
0.00766113
0.00691749
0.00615137
0.00541103
0.00465462
0.00388607
0.00310906
0.00232653
0.00159052
0.000852317
0.000113818
-0.000621397
-0.001349
-0.00201535
-0.00266572
-0.00329664
-0.00390502
-0.00448788
-0.00499959
-0.00548048
-0.00592783
-0.00633915
-0.00671241
-0.00701433
-0.00727675
-0.00749901
-0.00768007
-0.00781878
-0.00789561
-0.00793033
-0.00792412
-0.00787832
-0.00779412
-0.00766711
-0.00750429
-0.00730726
-0.00707786
-0.00681832
-0.00653748
-0.0062318
-0.00590416
-0.00555725
-0.00519373
-0.00483143
-0.00445832
-0.00407798
-0.00369371
-0.00330822
-0.00294329
-0.00258035
-0.00222169
-0.00187
-0.00152819
-0.00121946
-0.000924206
-0.000644032
-0.000380061
-0.000133136
7.77843e-05
0.000271817
0.000448266
0.00060644
0.000745848
0.000852322
0.000941738
0.00101463
0.00107148
0.00111277
0.00112994
0.00113444
0.00112748
0.00111018
0.00108354
0.00104361
0.000997167
0.000945267
0.000888907
0.000829051
0.000764876
0.000699617
0.000634232
0.000569533
0.000506225
0.000444828
0.000386185
0.000330867
0.000279316
0.000231853
0.000189061
0.000150655
0.000116773
8.74804e-05
6.27601e-05
4.26963e-05
2.68036e-05
1.48791e-05
6.66096e-06
1.83453e-06
3.45129e-08
0
0
0
0
0
0
0
0
0
0
0
0
0
0
0
0
0
0
0
0
0
0
0
0
0
0
0
0
0
0
0
0
0
0
0
0
0
0
0
0
0
0
0
0
0
0
0
0
0
0
0
0
0
0
0
0
0
0
0
0
0
0
0
