0
0
0
0
0
0
0
0
0
0
0
0
0
0
0
0
0
0
0
0
0
0
0
0
0
0
0
0
0
0
0
0
0
0
0
0
0
0
0
0
0
0
0
0
0
0
0
0
0
0
0
0
0
0
0
0
-0
-0
-0
-0
-0
-0
-0
-0
-0
-0
-0
-0
-0
-0
-0
-0
-0
-0
-0
-0
-0
-0
-0
-0
-0
-0
-0
-0
-0
-0
-0
-0
-0
-0
-0
-0
-0
-0
-0
-0
-0
-0
-0
-0
-0
-0
-0
-0
-0
-0
-0
-0
-0
-0
-0
-0
-0
-0
-0
-0
-0
-0
-0
-0
0
0
0
0
0
0
0
0
0
0
0
0
0
0
0
0
0
0
0
0
0
0
0
0
0
0
0
0
0
0
0
0
0
0
0
0
0
0
0
0
0
0
0
0
0
0
0
0
0
0
0
0
0
0
0
0
0
0
0
0
0
0
0
0
0
0
0
-0
-0
-0
-0
-0
-0
-0
-0
-0
-0
-0
-0
-0
-0
-0
-0
-0
-0
-0
-0
-0
-0
-0
-0
-0
-0
-0
-0
-0
-0
-0
-0
-0
-0
-0
-0
-0
-0
-0
-0
-0
-0
-0
-0
-0
-0
-0
-0
-0
-1.86736e-06
-4.20124e-06
-1.49135e-06
1.19361e-05
4.18213e-05
9.3873e-05
0.000173666
0.000286541
0.000437503
0.000631125
0.000871463
0.00116197
0.00150541
0.00190378
0.00235824
0.00286903
0.00343542
0.00405568
0.00472706
0.00544582
0.00620718
0.00700538
0.00783367
0.00868429
0.00954854
0.0104168
0.0112787
0.0121231
0.0129383
0.0137122
0.0144324
0.0150864
0.0156617
0.0161457
0.0165262
0.0167911
0.0169291
0.0169291
0.0167814
0.0164767
0.0160071
0.0153659
0.0145475
0.013548
0.0123651
0.0109979
0.00944733
0.0077158
0.00580725
0.00372723
0.00148301
-0.000916307
-0.00345979
-0.00613482
-0.00892732
-0.011822
-0.0148026
-0.0178518
-0.0209513
-0.0240818
-0.027223
-0.0303538
-0.0334529
-0.0364985
-0.0394689
-0.0423426
-0.0450982
-0.0477151
-0.0501732
-0.0524542
-0.0545406
-0.0564168
-0.0580681
-0.0594813
-0.0606446
-0.0615476
-0.0621819
-0.0625413
-0.0626217
-0.0624211
-0.0619397
-0.0611795
-0.0601445
-0.0588408
-0.0572765
-0.0554613
-0.0534069
-0.0511268
-0.0486358
-0.0459505
-0.0431037
-0.0401217
-0.0370186
-0.0338085
-0.0305058
-0.0271248
-0.0236802
-0.0201869
-0.01666
-0.0131149
-0.00956662
-0.0060303
-0.00252087
0.000946843
0.00435818
0.0076989
0.0109554
0.0141151
0.0171662
0.0200976
0.0228988
0.0255597
0.0280708
0.0304234
0.0326098
0.0346237
0.0364601
0.038115
0.0395852
0.0408683
0.041963
0.0428688
0.0435865
0.0441173
0.0444631
0.0446262
0.0446094
0.0444162
0.0440513
0.0435207
0.0428311
0.0419897
0.041004
0.0398815
0.03863
0.0372579
0.0357742
0.0341886
0.032511
0.0307513
0.0289193
0.0270246
0.0250773
0.0230877
0.0210661
0.0190229
0.0169676
0.0149091
0.0128556
0.0108151
0.0087953
0.0068037
0.00484727
0.0029322
0.00106372
-0.000753709
-0.00251622
-0.0042203
-0.00586284
-0.00744137
-0.00895435
-0.0104012
-0.0117822
-0.0130982
-0.0143503
-0.0155394
-0.016667
-0.0177348
-0.0187448
-0.0196995
-0.0206011
-0.0214522
-0.0222549
-0.0230115
-0.0237246
-0.0243968
-0.0250312
-0.0256307
-0.026198
-0.0267355
-0.0272454
-0.02773
-0.0281916
-0.0286326
-0.0290549
-0.0294601
-0.0298493
-0.0302229
-0.0305811
-0.0309241
-0.0312512
-0.0315618
-0.0318541
-0.0321257
-0.0323738
-0.0325946
-0.0327841
-0.0329381
-0.0330518
-0.0331201
-0.0331379
-0.0330997
-0.0330003
-0.0328343
-0.0325964
-0.0322811
-0.0318829
-0.0313969
-0.0308184
-0.0301436
-0.0293694
-0.0284932
-0.0275127
-0.026426
-0.0252317
-0.0239292
-0.0225187
-0.0210013
-0.0193787
-0.0176534
-0.0158282
-0.0139066
-0.0118928
-0.009792
-0.00761021
-0.00535403
-0.00303051
-0.000647183
0.0017878
0.00426539
0.0067755
0.00930717
0.0118488
0.0143886
0.0169146
0.0194146
0.0218758
0.0242851
0.0266286
0.0288923
0.0310623
0.0331254
0.035069
0.0368805
0.0385479
0.0400591
0.0414026
0.0425677
0.0435446
0.0443249
0.0449012
0.0452672
0.0454173
0.0453472
0.0450537
0.0445353
0.0437922
0.042826
0.0416401
0.0402387
0.0386279
0.0368148
0.0348086
0.0326196
0.0302598
0.0277421
0.0250805
0.0222899
0.0193862
0.0163862
0.0133074
0.0101682
0.00698726
0.00378329
0.000575216
-0.00261805
-0.00577755
-0.00888436
-0.0119198
-0.0148658
-0.0177049
-0.0204208
-0.0229979
-0.025422
-0.0276795
-0.0297581
-0.0316465
-0.0333348
-0.0348141
-0.0360775
-0.0371196
-0.0379364
-0.0385259
-0.0388874
-0.0390216
-0.0389308
-0.0386186
-0.0380901
-0.0373522
-0.0364133
-0.0352834
-0.0339734
-0.0324954
-0.0308624
-0.0290882
-0.0271877
-0.0251766
-0.0230713
-0.0208888
-0.0186461
-0.0163605
-0.0140491
-0.0117295
-0.0094192
-0.0071358
-0.0048965
-0.00271792
-0.000615853
0.00139471
0.00329947
0.0050848
0.00673789
0.00824698
0.00960176
0.0107935
0.011815
0.0126605
0.0133254
0.0138063
0.0141009
0.0142082
0.0141288
0.0138646
0.0134191
0.012797
0.0120041
0.0110477
0.00993626
0.00867987
0.00728975
0.00577821
0.00415839
0.00244406
0.000649585
-0.00121017
-0.00311987
-0.00506392
-0.00702666
-0.0089926
-0.0109465
-0.0128731
-0.0147577
-0.0165853
-0.0183413
-0.0200115
-0.0215827
-0.0230421
-0.024378
-0.0255796
-0.0266368
-0.0275404
-0.0282827
-0.0288572
-0.0292586
-0.0294833
-0.0295287
-0.0293934
-0.0290774
-0.0285822
-0.0279106
-0.0270672
-0.0260578
-0.0248894
-0.02357
-0.0221082
-0.0205139
-0.0187974
-0.0169704
-0.0150449
-0.013034
-0.0109508
-0.0088092
-0.00662335
-0.00440775
-0.00217714
5.37738e-05
0.0022705
0.00445887
0.00660509
0.0086956
0.0107171
0.0126566
0.0145016
0.0162407
0.0178631
0.0193594
0.020721
0.02194
0.0230096
0.0239236
0.0246772
0.0252663
0.0256883
0.0259418
0.0260262
0.0259418
0.0256903
0.0252742
0.0246971
0.023964
0.0230805
0.0220534
0.02089
0.0195984
0.0181875
0.0166668
0.0150466
0.0133378
0.0115515
0.00969924
0.00779266
0.00584376
0.00386474
0.00186797
-0.00013422
-0.00212974
-0.00410685
-0.0060542
-0.0079608
-0.00981597
-0.0116094
-0.0133315
-0.014973
-0.0165256
-0.0179818
-0.0193346
-0.0205778
-0.0217059
-0.0227139
-0.0235978
-0.0243548
-0.0249825
-0.0254796
-0.0258455
-0.0260804
-0.0261853
-0.0261619
-0.0260132
-0.0257427
-0.0253544
-0.0248529
-0.0242433
-0.023531
-0.0227225
-0.0218249
-0.0208458
-0.0197934
-0.018676
-0.0175018
-0.016279
-0.0150159
-0.0137209
-0.0124027
-0.0110699
-0.0097312
-0.00839483
-0.00706888
-0.00576119
-0.00447947
-0.00323123
-0.00202358
-0.000863123
0.000244244
0.00129324
0.00227906
0.00319723
0.00404355
0.00481422
0.00550607
0.00611675
0.00664483
0.00708968
0.00745124
0.00772984
0.00792612
0.00804111
0.00807632
0.00803387
0.00791655
0.00772772
0.00747123
0.00715132
0.00677257
0.00633982
0.00585815
0.00533276
0.00476893
0.00417199
0.00354737
0.00290064
0.00223753
0.00156387
0.000885414
0.000207763
-0.000463776
-0.00112415
-0.00176851
-0.00239212
-0.00299041
-0.003559
-0.00409387
-0.00459148
-0.0050487
-0.00546288
-0.00583169
-0.00615315
-0.00642563
-0.00664788
-0.00681906
-0.00693877
-0.00700697
-0.00702405
-0.00699083
-0.00690857
-0.00677903
-0.00660433
-0.00638686
-0.00612913
-0.00583377
-0.00550352
-0.00514139
-0.00475074
-0.00433527
-0.00389888
-0.00344552
-0.00297909
-0.0025034
-0.00202229
-0.00153969
-0.00105961
-0.000586066
-0.000122936
0.000326103
0.000757545
0.00116795
0.00155384
0.00191175
0.00223834
0.00253058
0.00278588
0.00300204
0.00317714
0.00330935
0.00339696
0.00343847
0.00343281
0.00337955
0.0032788
0.00313116
0.00293745
0.00269864
0.00241582
0.00209036
0.00172404
0.00131911
0.000878154
0.00040403
-0.00010025
-0.000631477
-0.00118617
-0.00176055
-0.00235058
-0.00295212
-0.00356106
-0.00417336
-0.00478494
-0.00539157
-0.0059888
-0.00657207
-0.00713697
-0.00767941
-0.00819566
-0.00868222
-0.00913555
-0.00955188
-0.00992735
-0.0102582
-0.0105412
-0.0107737
-0.0109538
-0.0110799
-0.0111504
-0.0111652
-0.0111377
-0.0110701
-0.0109609
-0.0108082
-0.0106102
-0.0103646
-0.0100686
-0.0097189
-0.00931238
-0.00884597
-0.00831694
-0.00772283
-0.00706129
-0.00632993
-0.00552647
-0.00464894
-0.00369597
-0.00266702
-0.00156231
-0.00038275
0.000870094
0.00219392
0.00358543
0.00504017
0.0065524
0.00811524
0.00972093
0.0113609
0.0130259
0.0147057
0.0163887
0.0180625
0.0197138
0.0213286
0.0228927
0.0243916
0.0258108
0.0271349
0.0283485
0.0294361
0.0303826
0.0311735
0.031795
0.0322337
0.0324765
0.0325109
0.0323259
0.031912
0.0312619
0.0303703
0.0292335
0.0278491
0.0262151
0.0243287
0.0221937
0.0198178
0.0172111
0.0143862
0.011357
0.00813897
0.00474921
0.00120687
-0.00246655
-0.00624754
-0.0101113
-0.0140323
-0.0179849
-0.021943
-0.0258797
-0.0297671
-0.0335764
-0.037279
-0.0408471
-0.0442544
-0.0474762
-0.050489
-0.0532701
-0.0557987
-0.0580552
-0.0600226
-0.061686
-0.0630328
-0.0640533
-0.0647396
-0.0650864
-0.0650912
-0.0647546
-0.0640815
-0.0630789
-0.0617599
-0.060158
-0.0582877
-0.0561611
-0.0537918
-0.0511952
-0.0483881
-0.0453879
-0.0422121
-0.0388782
-0.0354041
-0.0318083
-0.0281105
-0.0243307
-0.0204887
-0.0166035
-0.0126933
-0.00877624
-0.0048696
-0.000991563
0.00283941
0.0066052
0.0102879
0.0138727
0.0173454
0.0206925
0.0239012
0.0269576
0.0298508
0.0325697
0.0351047
0.0374472
0.0395886
0.0415243
0.043249
0.0447585
0.0460495
0.0471179
0.0479644
0.0485881
0.0489891
0.0491679
0.0491242
0.0488621
0.0483852
0.0476976
0.0468042
0.0457085
0.044417
0.0429353
0.04127
0.0394289
0.0374198
0.0352509
0.0329264
0.0304562
0.0278507
0.0251217
0.0222804
0.0193393
0.0163119
0.0132114
0.0100532
0.00684814
0.0036088
0.000347727
-0.00292253
-0.00618555
-0.00943282
-0.0126521
-0.0158314
-0.0189586
-0.0220164
-0.0249992
-0.0278962
-0.0306978
-0.0333955
-0.0359741
-0.0384335
-0.0407665
-0.0429658
-0.0450241
-0.0469263
-0.0486743
-0.050263
-0.0516883
-0.0529469
-0.0540287
-0.0549398
-0.0556792
-0.0562464
-0.0566411
-0.0568574
-0.056902
-0.0567757
-0.0564791
-0.0560138
-0.0553785
-0.0545793
-0.0536199
-0.0525046
-0.0512385
-0.0498277
-0.048276
-0.0465884
-0.0447701
-0.0428266
-0.0407714
-0.0386045
-0.0363336
-0.0339672
-0.0315134
-0.0289939
-0.0264035
-0.0237505
-0.0210436
-0.0182923
-0.0155255
-0.0127341
-0.0099282
-0.00711778
-0.00431286
-0.00154749
0.00119143
0.00389291
0.00654596
0.00913996
0.0116391
0.0140597
0.0163924
0.018628
0.0207567
0.0227444
0.0246066
0.0263348
0.0279214
0.0293592
0.0306218
0.0317209
0.0326494
0.0334007
0.0339695
0.0343421
0.0345249
0.0345152
0.0343105
0.0339082
0.0333097
0.0325102
0.0315097
0.0303094
0.0289115
0.0273378
0.0255725
0.0236197
0.0214844
0.0191732
0.0167288
0.0141247
0.0113699
0.0084737
0.00544585
0.00234571
-0.000863677
-0.00416935
-0.00755741
-0.0110134
-0.0144646
-0.0179541
-0.0214666
-0.024986
-0.0284956
-0.0319174
-0.0352946
-0.0386095
-0.0418444
-0.0449811
-0.0479469
-0.0507784
-0.0534582
-0.0559692
-0.0582952
-0.0603805
-0.0622501
-0.0638895
-0.065285
-0.066424
-0.0672785
-0.0678569
-0.0681518
-0.0681566
-0.0678653
-0.0672834
-0.0663964
-0.0652026
-0.0637023
-0.0618982
-0.0598357
-0.0574794
-0.0548364
-0.0519158
-0.0487283
-0.0453565
-0.0417452
-0.0379102
-0.033868
-0.0296362
-0.0253253
-0.020865
-0.0162786
-0.0115911
-0.00682888
-0.00212023
0.00261154
0.00734137
0.0120439
0.016693
0.021162
0.0255228
0.0297481
0.033811
0.037686
0.0412662
0.0446103
0.0476956
0.0505003
0.0530042
0.0551371
0.056934
0.0583803
0.0594631
0.0601714
0.060485
0.0604081
0.0599368
0.0590698
0.0578082
0.0561895
0.0541856
0.0518043
0.0490557
0.0459525
0.0425858
0.0388974
0.034907
0.0306368
0.0261111
0.0214646
0.0166165
0.0115965
0.00643565
0.00116606
-0.00405323
-0.0093146
-0.0145837
-0.0198251
-0.0250029
-0.0299569
-0.0347766
-0.0394282
-0.043879
-0.0480972
-0.0519491
-0.0555076
-0.0587441
-0.0616312
-0.0641438
-0.0661956
-0.0678313
-0.0690345
-0.0697917
-0.0700917
-0.0699132
-0.0692647
-0.0681446
-0.066555
-0.0645013
-0.0620332
-0.0591206
-0.0557775
-0.0520212
-0.0478726
-0.0434463
-0.0386786
-0.033599
-0.0282394
-0.0226336
-0.0169429
-0.0110794
-0.00508299
0.00100384
0.00713695
0.0131314
0.019083
0.0249478
0.0306817
0.0362408
0.041451
0.0463992
0.0510431
0.0553426
0.0592601
0.0626652
0.0656219
0.0681008
0.070075
0.0715204
0.0723739
0.0726606
0.0723675
0.0714857
0.0700098
0.067961
0.0653191
0.0620911
0.0582886
0.0539278
0.0491169
0.0437925
0.037982
0.0317168
0.0250321
0.0181089
0.0108476
0.00329416
-0.00450294
-0.0124932
-0.0204495
-0.0284946
-0.0365747
-0.0446343
-0.0526165
-0.0602829
-0.0677575
-0.0749842
-0.0819075
-0.0884732
-0.0944723
-0.100012
-0.105044
-0.109523
-0.113409
-0.116556
-0.119036
-0.120816
-0.121872
-0.122179
-0.121688
-0.120419
-0.118363
-0.115516
-0.111881
-0.107513
-0.102375
-0.0964821
-0.0898564
-0.0825233
-0.0746428
-0.0661197
-0.0569933
-0.0473074
-0.03711
-0.0266458
-0.0157752
-0.00455385
0.00695975
0.0187046
0.0303862
0.0421709
0.0539932
0.065787
0.0774865
0.0887892
0.0998683
0.11066
0.1211
0.131128
0.140474
0.149293
0.157534
0.165148
0.17209
0.178166
0.183487
0.188022
0.19174
0.194621
0.196572
0.197659
0.197873
0.197212
0.195676
0.193286
0.190039
0.185954
0.181053
0.175365
0.169021
0.161958
0.154216
0.145836
0.136868
0.12753
0.117705
0.107448
0.0968128
0.0858591
0.0748622
0.0636657
0.0523296
0.0409137
0.0294771
0.0183109
0.00723733
-0.00368875
-0.0144132
-0.0248834
-0.0348277
-0.0444203
-0.0536176
-0.0623793
-0.070668
-0.078267
-0.085327
-0.0918201
-0.0977221
-0.103013
-0.107552
-0.111452
-0.114704
-0.117304
-0.11925
-0.120487
-0.121078
-0.121031
-0.12036
-0.11908
-0.117224
-0.114801
-0.111836
-0.108356
-0.104389
-0.100036
-0.0952581
-0.0900893
-0.0845649
-0.0787216
-0.07271
-0.0664555
-0.0599959
-0.0533687
-0.0466109
-0.0398947
-0.0331197
-0.0263208
-0.0195323
-0.0127872
-0.00625712
0.000169729
0.00646689
0.0126099
0.0185761
0.0242167
0.0296411
0.0348333
0.0397797
0.0444698
0.0487911
0.0528409
0.0566137
0.0601053
0.0633127
0.0661607
0.0687241
0.0710059
0.0730113
0.0747466
0.0761758
0.0773511
0.0782818
0.0789788
0.0794541
0.0797027
0.0797566
0.0796299
0.079337
0.0788926
0.0783117
0.0776092
0.0768001
0.0758996
0.0749218
0.0738906
0.0728081
0.0716862
0.0705364
0.0693696
0.0682095
0.0670517
0.0659034
0.0647706
0.0636573
0.0625787
0.0615251
0.0604979
0.0594975
0.0585236
0.0575839
0.0566668
0.0557695
0.0548888
0.0540212
0.0531714
0.0523261
0.0514798
0.0506267
0.0497605
0.0488876
0.04799
0.047062
0.0460979
0.0450914
0.0440576
0.0429691
0.0418204
0.0406068
0.0393247
0.038006
0.0366122
0.0351401
0.0335864
0.0319487
0.0302777
0.0285203
0.0266771
0.0247495
0.02274
0.020721
0.0186268
0.0164623
0.014234
0.0119496
0.00970093
0.00741417
0.00509864
0.00276356
0.000418221
-0.00183855
-0.00408597
-0.00631308
-0.00850791
-0.0106578
-0.0126644
-0.0146008
-0.0164548
-0.0182149
-0.0198643
-0.0213123
-0.0226165
-0.0237644
-0.0247448
-0.0255472
-0.026118
-0.0264942
-0.0266694
-0.0266386
-0.0263986
-0.025938
-0.0252676
-0.0243901
-0.0233093
-0.0220308
-0.0205877
-0.0189605
-0.0171586
-0.0151932
-0.0130777
-0.0108868
-0.0085762
-0.0061633
-0.00366603
-0.00110229
0.00142731
0.00399078
0.00656993
0.00914584
0.0116989
0.0141162
0.0164758
0.0187599
0.0209518
0.0230362
0.024909
0.0266525
0.0282548
0.0297054
0.0309953
0.0320417
0.0329196
0.0336254
0.0341569
0.0345133
0.0346412
0.0346005
0.0343953
0.034031
0.0335149
0.0328247
0.0320033
0.0310606
0.0300072
0.0288543
0.0276035
0.0262794
0.0248957
0.0234659
0.0220036
0.0205251
0.0190395
0.0175592
0.016096
0.0146608
0.0132735
0.0119323
0.0106458
0.00942149
0.0082658
0.00719411
0.00619863
0.00528248
0.00444751
0.00369433
0.00302923
0.00244206
0.00193071
0.00149225
0.00112294
0.000821088
0.000577332
0.000386172
0.000241704
0.000137748
6.83479e-05
2.62923e-05
5.49012e-06
0
0
0
0
0
0
0
-0
-0
-0
-0
-0
-0
-0
-0
-0
-0
-0
-0
-0
-0
-0
-0
-0
-0
-0
0
0
0
0
0
0
0
0
0
0
0
0
0
0
0
0
0
0
0
0
0
0
0
0
0
0
0
0
0
0
0
0
0
0
0
0
0
0
0
0
0
0
0
0
0
0
0
0
0
0
0
0
0
0
0
0
0
0
0
0
0
0
0
0
0
0
0
0
0
0
0
0
0
0
0
0
0
0
0
0
0
0
0
0
0
0
0
0
0
0
0
0
0
0
0
0
0
0
0
0
0
0
0
0
0
0
0
0
0
0
0
0
0
0
0
0
0
0
0
0
0
0
0
0
0
0
0
0
0
0
0
0
0
0
0
0
0
0
0
0
0
0
0
0
0
0
0
0
0
0
0
0
0
0
0
0
0
0
0
0
0
0
0
0
0
0
0
0
0
0
0
0
0
0
0
0
0
0
0
0
0
0
0
0
0
0
-0
-0
-0
-0
-0
-0
-0
-0
-0
-0
-0
-0
-0
-0
-0
-0
-0
-0
-0
-0
-0
-0
-0
-0
