0
0
0
0
0
0
0
0
0
0
0
0
0
0
0
0
0
0
0
0
0
0
0
0
0
0
0
0
0
0
0
0
0
0
0
0
0
0
0
0
0
0
0
0
0
0
0
0
0
0
0
0
0
0
0
0
0
0
0
0
0
0
0
0
0
0
0
0
0
0
0
0
0
0
0
0
0
0
0
0
0
0
0
0
0
0
0
0
0
0
0
0
0
0
0
0
0
0
0
0
0
0
0
0
0
0
0
0
0
0
0
0
0
0
0
0
0
0
0
0
0
0
0
0
0
0
0
0
0
0
0
0
0
0
0
0
0
0
0
0
0
0
0
0
0
0
0
0
0
0
0
0
0
0
0
0
0
0
0
0
0
0
0
0
0
0
0
0
0
0
0
0
0
0
0
0
0
0
0
0
0
0
0
0
0
0
0
0
0
0
0
0
0
0
0
0
0
0
0
0
0
0
0
0
0
0
0
0
0
0
0
0
0
0
0
0
0
0
0
0
0
0
0
0
0
0
0
0
0
0
0
0
0
0
0
0
0
0
0
0
0
0
0
0
0
0
0
0
0
0
0
0
0
0
0
0
0
0
0
0
0
0
0
0
0
0
0
0
0
0
0
0
0
0
0
0
0
0
0
0
0
0
0
0
0
0
0
0
0
0
0
0
0
0
0
0
0
0
0
0
0
0
0
0
0
0
0
0
0
0
0
0
0
0
0
0
0
0
0
0
0
0
-5.41755e-07
-2.04622e-05
-6.67179e-05
-0.000135247
-0.000220983
-0.000317931
-0.000419267
-0.00051745
-0.000604313
-0.000671162
-0.000708882
-0.0007081
-0.000659365
-0.000553327
-0.000380854
-0.000133101
0.000198433
0.000621771
0.00114427
0.00177238
0.00251153
0.00336606
0.00433931
0.00543357
0.00664999
0.00798827
0.00944646
0.0110209
0.0127066
0.0144971
0.0163851
0.0183622
0.0204183
0.0225414
0.0247177
0.0269321
0.0291684
0.0314102
0.0336405
0.0358416
0.0379949
0.0400801
0.0420769
0.0439643
0.0457223
0.0473309
0.0487705
0.050021
0.0510625
0.0518758
0.0524428
0.0527474
0.0527751
0.0525126
0.0519473
0.0510674
0.0498627
0.0483257
0.0464516
0.044238
0.0416845
0.0387917
0.0355619
0.0319998
0.0281137
0.0239158
0.0194213
0.0146477
0.00961286
0.00433549
-0.0011644
-0.0068642
-0.0127378
-0.018756
-0.0248872
-0.0310988
-0.0373577
-0.04363
-0.0498806
-0.0560728
-0.0621692
-0.0681323
-0.0739254
-0.0795133
-0.0848608
-0.0899325
-0.0946918
-0.0991024
-0.103129
-0.106741
-0.109914
-0.112673
-0.115022
-0.116944
-0.118425
-0.11945
-0.120005
-0.120079
-0.119661
-0.118746
-0.117327
-0.115399
-0.11296
-0.110006
-0.106536
-0.102555
-0.0980658
-0.0930768
-0.0875977
-0.0816403
-0.0752188
-0.0683496
-0.0610517
-0.0533457
-0.0452539
-0.0367995
-0.0280075
-0.0189049
-0.00952201
0.000107554
0.00994728
0.0199592
0.0301054
0.0403488
0.0506528
0.0609801
0.0712912
0.0815434
0.0916917
0.10169
0.111493
0.121055
0.130335
0.139289
0.147876
0.156052
0.163776
0.171008
0.177708
0.183839
0.189364
0.194249
0.198459
0.201964
0.204739
0.206764
0.208023
0.208502
0.20819
0.207074
0.205145
0.202396
0.198828
0.194449
0.189271
0.183306
0.17657
0.16908
0.160857
0.151928
0.142327
0.132091
0.121265
0.109891
0.098014
0.0856821
0.0729454
0.0598582
0.0464777
0.0328627
0.0190724
0.00516651
-0.0087936
-0.0227437
-0.0366168
-0.0503446
-0.0638603
-0.0771009
-0.0900068
-0.102521
-0.114587
-0.126145
-0.137135
-0.1475
-0.157186
-0.166144
-0.174334
-0.181719
-0.188265
-0.193938
-0.198707
-0.202544
-0.205429
-0.207346
-0.208288
-0.208251
-0.207239
-0.205256
-0.202313
-0.198426
-0.193616
-0.18791
-0.18134
-0.173943
-0.16576
-0.156838
-0.147229
-0.13699
-0.126183
-0.11487
-0.103113
-0.0909761
-0.0785214
-0.0658153
-0.0529273
-0.0399303
-0.0268984
-0.0139045
-0.00101749
0.0116982
0.0241822
0.0363756
0.0482198
0.0596553
0.0706237
0.0810701
0.0909455
0.100208
0.108823
0.116759
0.123991
0.130493
0.136244
0.141227
0.145432
0.148857
0.151505
0.153384
0.154505
0.154883
0.154538
0.153495
0.151783
0.149438
0.146498
0.143003
0.138996
0.134522
0.129631
0.124377
0.118819
0.113014
0.10702
0.100891
0.0946788
0.0884348
0.0822115
0.0760628
0.0700426
0.0642033
0.0585929
0.0532544
0.0482259
0.0435417
0.0392332
0.0353299
0.0318591
0.0288442
0.0263043
0.0242524
0.0226954
0.0216337
0.0210615
0.020968
0.0213378
0.0221519
0.0233877
0.0250194
0.0270173
0.0293472
0.0319705
0.0348437
0.0379195
0.0411472
0.0444746
0.0478486
0.0512164
0.0545257
0.0577245
0.06076
0.0635776
0.0661211
0.0683336
0.0701596
0.0715479
0.0724536
0.0728386
0.0726699
0.0719172
0.0705503
0.0685391
0.0658561
0.0624798
0.058398
0.05361
0.0481245
0.0419562
0.0351225
0.0276411
0.0195311
0.0108152
0.00152417
-0.0083016
-0.0186114
-0.0293465
-0.0404435
-0.0518373
-0.0634626
-0.0752547
-0.0871471
-0.0990698
-0.110948
-0.122701
-0.134243
-0.145489
-0.156353
-0.166753
-0.176613
-0.185861
-0.194425
-0.202235
-0.20922
-0.215308
-0.220431
-0.224529
-0.227549
-0.229448
-0.230189
-0.229745
-0.228092
-0.225209
-0.221082
-0.215704
-0.209074
-0.201202
-0.192107
-0.181815
-0.170365
-0.1578
-0.144172
-0.129537
-0.113956
-0.0974937
-0.0802205
-0.0622132
-0.0435563
-0.0243418
-0.00466847
0.0153607
0.0356408
0.0560664
0.0765331
0.0969371
0.117175
0.137145
0.156743
0.175865
0.194407
0.212265
0.229334
0.245513
0.260702
0.274812
0.28776
0.299471
0.30988
0.318929
0.326568
0.332757
0.337464
0.340666
0.342349
0.342507
0.341142
0.338266
0.333894
0.328054
0.320777
0.312105
0.302085
0.290773
0.278229
0.26452
0.249722
0.233914
0.217182
0.199615
0.181307
0.162353
0.142854
0.122909
0.102623
0.0821008
0.0614464
0.0407644
0.0201583
-0.000269933
-0.0204199
-0.0401934
-0.0594958
-0.0782358
-0.0963266
-0.113685
-0.130234
-0.145898
-0.16061
-0.174306
-0.186933
-0.198441
-0.208791
-0.217948
-0.225884
-0.232577
-0.238012
-0.24218
-0.245081
-0.246721
-0.247115
-0.246282
-0.244247
-0.241043
-0.236706
-0.231279
-0.224809
-0.217348
-0.208954
-0.199685
-0.189607
-0.178787
-0.167297
-0.155208
-0.142596
-0.129535
-0.116101
-0.102371
-0.0884206
-0.0743266
-0.0601647
-0.0460091
-0.0319319
-0.0180033
-0.0042907
0.00914101
0.0222301
0.0349182
0.0471511
0.058878
0.070052
0.0806299
0.0905724
0.0998447
0.108417
0.116265
0.123368
0.129711
0.135282
0.140074
0.144082
0.14731
0.149762
0.151451
0.152392
0.152605
0.15211
0.150933
0.149101
0.146647
0.143603
0.140006
0.135893
0.131304
0.12628
0.120862
0.115094
0.109022
0.102688
0.0961363
0.0894109
0.0825542
0.0755839
0.068516
0.0614092
0.0543205
0.0473043
0.0404117
0.0336902
0.0271842
0.0209344
0.0149778
0.00934727
0.00407093
-0.000827713
-0.00532992
-0.00942157
-0.0130931
-0.0163396
-0.0191607
-0.0215602
-0.0235461
-0.0251297
-0.0263256
-0.0271516
-0.0276286
-0.0277803
-0.0276331
-0.0272149
-0.026554
-0.0256791
-0.0246186
-0.0234009
-0.0220542
-0.0206067
-0.0190861
-0.0175191
-0.0159305
-0.0143436
-0.0127794
-0.011257
-0.00979335
-0.00840304
-0.00709831
-0.00588898
-0.00478259
-0.00378448
-0.00289794
-0.00212421
-0.00146248
-0.000910002
-0.00046226
-0.000113298
0.000143959
0.000317455
0.00041584
0.000448358
0.000424701
0.000354803
0.000248588
0.000115728
-3.45409e-05
-0.000193541
-0.000353261
-0.000506466
-0.000646837
-0.00076908
-0.000869004
-0.000943535
-0.000990696
-0.00100958
-0.00100031
-0.000964047
-0.000902886
-0.000819802
-0.000718526
-0.000603433
-0.000479435
-0.000351865
-0.000226343
-0.000108612
-4.35886e-06
8.09489e-05
0.000142192
0.000174706
0.000174372
0.000137729
6.20809e-05
-5.44029e-05
-0.000212621
-0.000412875
-0.000655332
-0.000940638
-0.00127034
-0.00164539
-0.00206661
-0.00253089
-0.00304266
-0.00360252
-0.00421081
-0.0048675
-0.00556938
-0.00631762
-0.00711022
-0.00794447
-0.00881714
-0.00972427
-0.0106614
-0.0116232
-0.012603
-0.0135934
-0.0145899
-0.0155791
-0.0165508
-0.0174941
-0.0183973
-0.0192578
-0.0200528
-0.0207684
-0.0213901
-0.0219034
-0.0223111
-0.0225818
-0.022701
-0.0226549
-0.0224302
-0.0220406
-0.0214498
-0.0206475
-0.0196244
-0.0183729
-0.0169201
-0.0152306
-0.0133028
-0.0111374
-0.00873735
-0.00614441
-0.00333124
-0.000308515
0.00290991
0.00630707
0.00982973
0.0134886
0.0172602
0.0211185
0.0250354
0.0289573
0.0328722
0.036744
0.0405355
0.0442089
0.0477249
0.0510461
0.0541337
0.0569488
0.0594529
0.0616381
0.0634401
0.0648258
0.0657639
0.0662259
0.0662506
0.0657513
0.0647094
0.0631107
0.0609456
0.0583096
0.055101
0.0513221
0.0469799
0.0420875
0.0367942
0.0309964
0.0247243
0.0180124
0.0108983
0.00356762
-0.0040792
-0.0119933
-0.0201214
-0.0284139
-0.036685
-0.0450244
-0.0533815
-0.0617045
-0.0699401
-0.0779208
-0.0857058
-0.0932406
-0.100471
-0.107345
-0.113742
-0.119678
-0.125102
-0.129966
-0.134226
-0.137837
-0.140762
-0.142966
-0.144415
-0.14508
-0.145005
-0.144099
-0.142343
-0.139728
-0.136247
-0.132049
-0.126987
-0.121069
-0.114307
-0.106719
-0.0985429
-0.0895934
-0.0799044
-0.069515
-0.0584692
-0.0470759
-0.0351266
-0.0226777
-0.00978966
0.00347348
0.0167676
0.0303012
0.0440027
0.0577978
0.0716097
0.0851019
0.0984539
0.111587
0.124424
0.136885
0.148694
0.159975
0.170657
0.180666
0.189935
0.198282
0.205762
0.212317
0.217895
0.222449
0.225932
0.228311
0.229553
0.229632
0.228528
0.226345
0.222956
0.218361
0.212568
0.205589
0.19768
0.188632
0.178479
0.16726
0.155017
0.142127
0.12832
0.113659
0.0982122
0.0820523
0.065638
0.0486707
0.0312353
0.0134201
-0.00468441
-0.022597
-0.0406143
-0.0586426
-0.0765865
-0.0943491
-0.111484
-0.128244
-0.144535
-0.160265
-0.175345
-0.189432
-0.202707
-0.215094
-0.226522
-0.236922
-0.246092
-0.254116
-0.260945
-0.266537
-0.270856
-0.273876
-0.27557
-0.275922
-0.274924
-0.272574
-0.269023
-0.264141
-0.257948
-0.250474
-0.241753
-0.232098
-0.221288
-0.209379
-0.196431
-0.18251
-0.168044
-0.152749
-0.136706
-0.119999
-0.102718
-0.0853571
-0.0676123
-0.0495807
-0.0313592
-0.0130436
0.0048843
0.0227222
0.040382
0.0577771
0.0748215
0.0911012
0.106861
0.12202
0.136499
0.150225
0.162902
0.174704
0.185581
0.195491
0.204398
0.212162
0.218862
0.224476
0.228984
0.232375
0.234665
0.235841
0.235917
0.234917
0.232871
0.229946
0.22604
0.221191
0.215437
0.208827
0.201634
0.193698
0.185085
0.175865
0.166106
0.156148
0.145783
0.135074
0.124086
0.112885
0.10182
0.0906847
0.0795518
0.068489
0.0575585
0.0470585
0.036796
0.0268178
0.0171704
0.00790078
-0.000765503
-0.00896448
-0.0166598
-0.0238242
-0.03044
-0.0363985
-0.0417917
-0.0466142
-0.0508599
-0.0545234
-0.0575876
-0.060074
-0.0619984
-0.0633854
-0.0642657
-0.0647265
-0.0647424
-0.0643408
-0.0635488
-0.0623961
-0.0610204
-0.0593601
-0.0574602
-0.0553673
-0.0531259
-0.0508975
-0.0485973
-0.046259
-0.0439163
-0.041604
-0.0394678
-0.0374322
-0.0355293
-0.033788
-0.0322331
-0.0309601
-0.0299112
-0.0291002
-0.0285387
-0.0282349
-0.0282192
-0.0284689
-0.0289829
-0.0297565
-0.0307815
-0.0320176
-0.0334773
-0.0351411
-0.0369856
-0.0389851
-0.0410395
-0.0431945
-0.0454225
-0.0476943
-0.0499783
-0.0521401
-0.0542423
-0.0562459
-0.0581125
-0.0598063
-0.0611934
-0.0623471
-0.0632403
-0.0638447
-0.0641298
-0.0639858
-0.0634609
-0.0625297
-0.0611728
-0.0593769
-0.0571001
-0.0543677
-0.0511718
-0.0475045
-0.0433603
-0.0387657
-0.0336995
-0.0281742
-0.0222066
-0.0158157
-0.00911207
-0.00202508
0.00542184
0.0132007
0.0212783
0.0294705
0.0378865
0.046488
0.0552363
0.064091
0.0728227
0.0815717
0.09029
0.0989295
0.107445
0.115592
0.12353
0.131217
0.138609
0.145656
0.152126
0.158161
0.163725
0.168787
0.17332
0.177153
0.180404
0.183044
0.185048
0.186393
0.186984
0.186893
0.186117
0.184659
0.182521
0.179701
0.176209
0.172055
0.167253
0.161822
0.155863
0.149323
0.142231
0.134615
0.126509
0.118099
0.109271
0.100065
0.0905201
0.0806767
0.0707814
0.0606722
0.0503953
0.0399994
0.0295336
0.0192822
0.00905281
-0.0011132
-0.0111751
-0.0210912
-0.0305775
-0.0398297
-0.0488041
-0.0574598
-0.0657603
-0.073457
-0.0807376
-0.0875742
-0.0939386
-0.0998031
-0.104973
-0.109596
-0.113655
-0.117135
-0.120028
-0.122221
-0.123812
-0.124798
-0.12518
-0.124962
-0.124122
-0.122697
-0.120696
-0.118126
-0.115001
-0.111383
-0.107246
-0.102616
-0.0975198
-0.0919819
-0.0861382
-0.0799001
-0.073293
-0.0663464
-0.0590934
-0.0517328
-0.0441353
-0.0363334
-0.0283584
-0.0202416
-0.0122114
-0.00410548
0.00404217
0.012199
0.0203345
0.0282134
0.0360137
0.0437061
0.0512596
0.058644
0.0656353
0.0724069
0.0789392
0.0852139
0.0912118
0.0967447
0.101959
0.106837
0.111364
0.115529
0.119199
0.122493
0.125403
0.127919
0.130035
0.131675
0.132912
0.133748
0.134186
0.134229
0.133863
0.133109
0.131974
0.130468
0.128603
0.126429
0.12392
0.121069
0.117838
0.114244
0.110396
0.106237
0.101792
0.0970894
0.0921531
0.0871272
0.0819222
0.0765698
0.0711037
0.0655569
0.0600943
0.0546073
0.0491219
0.043665
0.0382645
0.0330842
0.0280131
0.0230755
0.0182928
0.013684
0.00938803
0.00529695
0.00142697
-0.00220748
-0.00559492
-0.0086304
-0.0114093
-0.0139283
-0.0161845
-0.0181758
-0.0198349
-0.0212336
-0.022377
-0.0232721
-0.0239281
-0.0243177
-0.02449
-0.0244559
-0.0242273
-0.0238174
-0.0232303
-0.0224923
-0.0216191
-0.0206268
-0.0195317
-0.0183595
-0.0171176
-0.0158227
-0.0144909
-0.0131373
-0.0117962
-0.0104594
-0.0091401
-0.00785093
-0.00660377
-0.00543247
-0.00432045
-0.00327556
-0.00230435
-0.00141223
-0.000624241
8.00552e-05
0.000698575
0.0012305
0.00167627
0.00202241
0.0022892
0.00247998
0.00259892
0.00265101
0.00263328
0.00256285
0.00244644
0.00229111
0.00210415
0.00188941
0.00165936
0.00142142
0.00118287
0.000950716
0.000730763
0.000530597
0.000355807
0.000211411
0.000101786
3.05895e-05
7.96837e-07
0
0
0
0
0
0
0
0
0
0
0
0
0
0
0
0
0
0
0
0
0
0
0
0
0
0
0
0
0
0
0
0
0
0
0
0
0
0
0
0
0
0
0
0
0
0
0
0
0
0
0
0
0
0
0
0
0
0
0
0
0
0
0
0
0
0
0
0
0
0
0
0
0
0
0
0
0
0
0
0
0
0
0
0
0
0
0
0
0
0
0
0
0
0
0
0
0
0
0
0
0
0
0
0
0
0
0
0
0
0
0
0
0
0
0
0
0
0
0
0
0
0
0
0
0
0
0
0
0
0
0
0
0
0
0
0
0
0
0
0
0
0
0
0
0
0
0
0
0
0
0
0
0
0
0
0
0
0
0
0
0
0
0
0
0
0
0
0
0
0
0
0
0
0
0
0
0
0
0
0
0
0
0
0
0
0
0
0
0
0
0
0
0
0
0
0
0
0
0
0
0
0
0
0
0
0
0
0
0
0
0
0
0
0
0
0
0
0
0
0
0
0
0
0
0
0
0
0
0
0
0
0
0
0
0
0
0
0
0
0
0
0
0
0
0
0
0
0
0
0
0
0
0
0
0
0
0
0
0
0
0
0
0
0
0
0
0
0
0
0
0
0
0
0
0
0
0
0
0
0
0
0
0
0
0
0
0
0
0
0
0
0
0
0
0
0
0
0
0
0
0
0
0
0
0
0
0
0
0
0
0
0
0
0
0
0
0
0
0
0
0
0
