0
0
0
0
0
0
0
0
0
0
0
-0
-0
-0
-0
-0
-0
-0
-0
-0
-0
-0
-0
-0
-0
-0
-0
-0
-0
-0
-0
-0
-0
-0
-0
-0
-0
-0
-0
-0
-0
-0
-0
-0
-0
-0
-0
-0
-0
-0
-0
-0
0
0
0
0
0
0
0
0
0
0
0
7.93927e-07
4.28129e-05
0.000156111
0.000349348
0.000629054
0.00099953
0.00146279
0.00201855
0.00266423
0.003395
0.00420381
0.00508149
0.00601688
0.00699699
0.0080072
0.00903146
0.0100525
0.011052
0.0120107
0.0129092
0.0137273
0.0144455
0.015044
0.0155042
0.0158077
0.0159372
0.0158764
0.0156104
0.015126
0.0144122
0.0134603
0.012264
0.0108197
0.00912595
0.00718384
0.0049966
0.00256975
-8.88839e-05
-0.002969
-0.00605772
-0.0093395
-0.0127961
-0.0164067
-0.0201481
-0.0239951
-0.0279204
-0.0318954
-0.03589
-0.0398734
-0.0438145
-0.0476818
-0.0514441
-0.0550697
-0.0585267
-0.0617833
-0.0648079
-0.0675703
-0.0700415
-0.072195
-0.0740064
-0.0754533
-0.0765153
-0.0771745
-0.0774158
-0.0772276
-0.0766016
-0.0755328
-0.0740189
-0.07206
-0.0696588
-0.0668205
-0.0635537
-0.0598706
-0.0557867
-0.0513202
-0.0464924
-0.0413267
-0.0358496
-0.0300902
-0.0240804
-0.0178533
-0.0114431
-0.00488465
0.00178702
0.00853557
0.0153231
0.0221105
0.028858
0.0355262
0.0420771
0.0484751
0.0547082
0.0607594
0.066605
0.0722221
0.0775891
0.0826862
0.0874953
0.0919987
0.0961787
0.100017
0.103496
0.106598
0.109309
0.111616
0.11351
0.114979
0.116015
0.116612
0.116764
0.116468
0.115724
0.114532
0.112894
0.110811
0.108284
0.105317
0.101918
0.098096
0.0938636
0.0892347
0.0842243
0.0788487
0.0731258
0.0670765
0.0607238
0.0540926
0.0472089
0.040099
0.0327895
0.0253078
0.0176822
0.00994211
0.00211736
-0.00576204
-0.0136658
-0.0215626
-0.0294197
-0.0372022
-0.044874
-0.0523984
-0.0597397
-0.0668638
-0.0737385
-0.0803329
-0.0866171
-0.092562
-0.0981396
-0.103323
-0.108088
-0.11241
-0.116266
-0.119636
-0.122498
-0.124835
-0.126634
-0.127881
-0.128571
-0.128697
-0.128256
-0.127247
-0.12567
-0.12353
-0.120834
-0.117593
-0.113818
-0.109525
-0.10473
-0.0994519
-0.0937139
-0.0875405
-0.0809589
-0.0739985
-0.0666898
-0.059065
-0.0511583
-0.0430055
-0.0346445
-0.0261149
-0.0174574
-0.0087131
7.58785e-05
0.00886717
0.0176181
0.0262865
0.034831
0.0432118
0.0513909
0.0593317
0.0669983
0.074356
0.0813711
0.088012
0.0942495
0.100057
0.105412
0.110292
0.114679
0.118556
0.121907
0.124722
0.126989
0.128701
0.129854
0.130445
0.130473
0.129943
0.12886
0.127235
0.125082
0.122418
0.119262
0.115636
0.111565
0.107074
0.102191
0.096945
0.0913679
0.0854917
0.0793502
0.072979
0.0664144
0.0596936
0.0528534
0.0459302
0.0389596
0.0319769
0.0250169
0.0181144
0.0113029
0.00461479
-0.0019198
-0.00827291
-0.0144188
-0.020334
-0.0259969
-0.0313887
-0.0364937
-0.0412991
-0.0457954
-0.049976
-0.0538367
-0.0573755
-0.0605926
-0.0634906
-0.0660747
-0.0683521
-0.0703326
-0.0720282
-0.0734532
-0.0746247
-0.0755622
-0.0762869
-0.0768211
-0.0771874
-0.0774081
-0.0775054
-0.0775018
-0.0774204
-0.0772847
-0.0771178
-0.0769421
-0.0767783
-0.0766457
-0.0765623
-0.0765446
-0.0766077
-0.0767647
-0.0770261
-0.0773997
-0.0778911
-0.0785042
-0.0792417
-0.0801049
-0.0810923
-0.082199
-0.0834161
-0.0847308
-0.0861276
-0.0875889
-0.0890962
-0.0906292
-0.0921657
-0.0936815
-0.0951501
-0.0965436
-0.0978339
-0.0989924
-0.0999907
-0.1008
-0.10139
-0.10173
-0.10179
-0.10154
-0.100953
-0.100002
-0.0986625
-0.0969117
-0.0947281
-0.0920928
-0.0889897
-0.0854062
-0.0813333
-0.076765
-0.0716986
-0.0661342
-0.0600755
-0.0535297
-0.0465085
-0.0390275
-0.0311069
-0.0227708
-0.0140471
-0.00496705
0.00443465
0.0141205
0.0240503
0.0341815
0.0444691
0.0548654
0.0653198
0.0757788
0.0861863
0.0964844
0.106614
0.116516
0.12613
0.135396
0.144256
0.152648
0.160517
0.167805
0.174459
0.18043
0.185669
0.190134
0.193783
0.196578
0.198486
0.199475
0.199519
0.198593
0.196682
0.193772
0.189858
0.184941
0.179027
0.17213
0.164267
0.155461
0.145742
0.135143
0.123703
0.111465
0.0984785
0.0847946
0.0704696
0.0555636
0.040141
0.02427
0.00802279
-0.00852527
-0.0252956
-0.0422065
-0.0591735
-0.07611
-0.0929274
-0.109537
-0.125851
-0.141782
-0.157246
-0.172162
-0.186449
-0.200033
-0.212842
-0.22481
-0.235873
-0.245976
-0.255067
-0.263104
-0.270046
-0.275862
-0.280527
-0.28402
-0.286329
-0.287444
-0.287365
-0.286096
-0.283648
-0.280039
-0.275293
-0.269439
-0.262511
-0.254549
-0.245597
-0.235705
-0.224927
-0.213324
-0.200959
-0.187897
-0.174207
-0.159961
-0.145233
-0.1301
-0.114639
-0.0989307
-0.0830528
-0.0670844
-0.0511037
-0.0351891
-0.0194179
-0.00386638
0.011392
0.0262866
0.0407505
0.0547192
0.0681315
0.0809286
0.0930556
0.104462
0.115103
0.124938
0.133933
0.142057
0.149283
0.155591
0.160964
0.165392
0.168869
0.171395
0.172974
0.173615
0.173329
0.172136
0.170059
0.167127
0.163371
0.158826
0.15353
0.147522
0.140846
0.13355
0.125683
0.117298
0.108448
0.099187
0.0895691
0.0796503
0.0694873
0.0591377
0.0486584
0.038105
0.0275316
0.0169909
0.0065349
-0.00378521
-0.0139195
-0.0238202
-0.0334432
-0.0427473
-0.0516946
-0.0602496
-0.068379
-0.076052
-0.0832414
-0.0899239
-0.09608
-0.101693
-0.10675
-0.111239
-0.115152
-0.118485
-0.121238
-0.123414
-0.125021
-0.126066
-0.12656
-0.126513
-0.125941
-0.124862
-0.123298
-0.121272
-0.11881
-0.115937
-0.11268
-0.109065
-0.105124
-0.100886
-0.0963859
-0.0916545
-0.0867231
-0.0816219
-0.0763818
-0.0710345
-0.065613
-0.0601498
-0.0546756
-0.0492185
-0.0438045
-0.0384584
-0.0332053
-0.0280708
-0.0230801
-0.0182567
-0.0136214
-0.0091917
-0.00498291
-0.00100908
0.00271634
0.00618065
0.00937259
0.012283
0.0149051
0.0172341
0.0192666
0.0210006
0.0224358
0.0235735
0.0244172
0.0249718
0.0252436
0.0252389
0.0249649
0.0244293
0.0236414
0.0226123
0.0213547
0.0198822
0.0182089
0.0163491
0.0143173
0.0121286
0.00979884
0.0073439
0.00477981
0.00212249
-0.000611954
-0.00340694
-0.00624529
-0.0091097
-0.0119835
-0.0148513
-0.017699
-0.0205132
-0.0232805
-0.0259864
-0.0286157
-0.0311535
-0.0335862
-0.0359022
-0.0380916
-0.0401458
-0.0420563
-0.0438148
-0.0454132
-0.0468441
-0.0481017
-0.0491812
-0.0500788
-0.0507914
-0.0513167
-0.0516535
-0.0518022
-0.0517646
-0.0515435
-0.051142
-0.050563
-0.0498098
-0.0488861
-0.0477974
-0.0465505
-0.0451537
-0.0436153
-0.0419436
-0.0401468
-0.038233
-0.0362111
-0.0340913
-0.0318846
-0.0296023
-0.0272562
-0.0248578
-0.0224189
-0.0199516
-0.017468
-0.0149798
-0.0124983
-0.0100338
-0.00759685
-0.00519814
-0.00284926
-0.000562221
0.00165122
0.00378044
0.00581625
0.00775078
0.00957678
0.0112872
0.012875
0.0143333
0.0156561
0.016838
0.0178743
0.0187605
0.019493
0.0200689
0.0204867
0.0207466
0.0208497
0.0207977
0.0205914
0.0202316
0.019719
0.0190558
0.0182464
0.0172967
0.0162141
0.0150053
0.0136768
0.0122345
0.0106848
0.00903562
0.0072961
0.00547617
0.00358557
0.00163332
-0.00037203
-0.00242162
-0.00450568
-0.00661351
-0.00873416
-0.0108572
-0.0129733
-0.0150734
-0.0171486
-0.019189
-0.0211842
-0.0231241
-0.0249997
-0.0268036
-0.0285296
-0.0301715
-0.0317222
-0.0331741
-0.0345195
-0.0357517
-0.0368603
-0.0378253
-0.0386416
-0.0393058
-0.0398147
-0.0401658
-0.0403586
-0.0403939
-0.0402745
-0.0400036
-0.0395849
-0.0390222
-0.0383205
-0.0374864
-0.0365281
-0.0354549
-0.0342762
-0.0330007
-0.0316369
-0.0301937
-0.0286813
-0.0271116
-0.0254968
-0.0238493
-0.02218
-0.0204983
-0.0188135
-0.0171348
-0.0154722
-0.0138359
-0.0122356
-0.0106799
-0.0091759
-0.00772992
-0.00634786
-0.00503549
-0.00379816
-0.00264029
-0.00156492
-0.000573807
0.000332085
0.00115209
0.00188565
0.0025326
0.00309366
0.00357079
0.00396706
0.00428623
0.00453224
0.00470896
0.00482024
0.00487031
0.00486393
0.00480639
0.00470328
0.0045601
0.00438212
0.00417441
0.00394202
0.00369008
0.00342371
0.00314788
0.00286718
0.00258578
0.00230741
0.00203551
0.00177322
0.0015234
0.00128844
0.00107027
0.00087025
0.000689338
0.000528112
0.000386864
0.000265596
0.000163999
8.14186e-05
1.68691e-05
-3.09384e-05
-6.3548e-05
-8.27172e-05
-9.03817e-05
-8.86224e-05
-7.96285e-05
-6.56564e-05
-4.89913e-05
-3.19111e-05
-1.66541e-05
-5.38338e-06
-1.51315e-07
-0
-0
-0
-0
-0
-0
-0
-0
-0
-0
-0
-0
-0
-0
-0
-0
-0
-0
-0
-0
-0
-0
-0
-0
-0
-0
-0
-0
-0
-0
-0
-0
-0
-0
-0
-0
-0
-0
-0
-0
-0
-0
-0
0
0
0
0
0
0
0
0
0
0
0
0
0
0
0
0
0
0
0
0
0
0
0
0
0
0
0
0
0
0
0
0
0
0
0
0
0
0
0
0
0
0
0
0
-0
-0
-0
-0
-0
-0
-0
-0
-0
-0
-0
-0
-0
-0
-0
-0
-0
-0
-0
-0
-0
-0
-0
-0
0
0
0
0
0
0
0
0
0
0
0
0
0
0
0
0
0
0
0
0
0
0
0
0
0
0
0
0
0
0
0
0
0
0
0
0
0
0
0
0
0
0
0
0
0
0
0
0
0
0
0
0
0
0
0
0
0
0
0
0
0
0
0
0
0
0
0
0
0
0
0
0
0
0
0
0
0
0
0
0
0
0
0
0
0
0
0
0
0
0
1.51003e-09
6.70692e-08
2.59287e-07
6.23015e-07
1.20787e-06
2.0681e-06
3.26202e-06
4.85041e-06
6.89457e-06
9.45505e-06
1.25917e-05
1.63646e-05
2.08335e-05
2.60553e-05
3.20805e-05
3.89505e-05
4.66988e-05
5.53549e-05
6.49468e-05
7.55005e-05
8.70325e-05
9.95436e-05
0.000113014
0.000127409
0.000142687
0.000158809
0.000175737
0.000193422
0.000211793
0.000230746
0.000250158
0.000269903
0.00028987
0.000309961
0.000330078
0.000350101
0.00036988
0.000389242
0.000408016
0.000426054
0.00044324
0.000459466
0.000474616
0.000488546
0.000501101
0.00051214
0.000521552
0.000529272
0.000535255
0.000539445
0.000541766
0.000542118
0.000540417
0.000536625
0.000530752
0.000522847
0.000512943
0.000501061
0.00048722
0.000471457
0.000453865
0.000434554
0.00041366
0.0003913
0.000367563
0.000342543
0.000316335
0.000289103
0.000261061
0.000232438
0.000203449
0.000174237
0.000144928
0.000115657
8.65976e-05
5.79717e-05
2.99829e-05
2.82204e-06
-2.33583e-05
-4.84248e-05
-7.22248e-05
-9.45827e-05
-0.000115296
-0.000134179
-0.000151097
-0.000165987
-0.000178796
-0.000189477
-0.000197944
-0.000204093
-0.00020787
-0.000209296
-0.000208431
-0.00020533
-0.000200037
-0.000192617
-0.000182993
-0.000171148
-0.000157103
-0.000140929
-0.000122806
-0.000102739
-8.07962e-05
-5.70367e-05
-3.15362e-05
-4.51982e-06
2.39772e-05
5.38109e-05
8.48725e-05
0.000117096
0.000150303
0.000184533
0.000219633
0.000255395
0.000291604
0.000327965
0.000364501
0.000401152
0.000437847
0.00047445
0.00051066
0.000546331
0.000581247
0.000615258
0.000648274
0.000680184
0.000710923
0.00074034
0.000768257
0.00079451
0.000819025
0.000841661
0.000862329
0.000880912
0.000897255
0.000911377
0.000923002
0.000932101
0.000938706
0.000942861
0.000944879
0.000944411
0.000941374
0.000935699
0.00092737
0.000916863
0.000903834
0.000888371
0.000870543
0.000850406
0.000828554
0.000804562
0.000778563
0.000750709
0.00072115
0.0006906
0.000658643
0.000625469
0.00059131
0.000556426
0.000521597
0.000486513
0.000451367
0.000416353
0.000381706
0.0003481
0.000315489
0.000284204
0.000254526
0.000226678
0.000200947
0.000177374
0.000156141
0.000137468
0.000121598
0.000108526
9.87275e-05
9.24016e-05
8.97246e-05
9.08456e-05
9.5187e-05
0.000103515
0.000115874
0.000132295
0.000152826
0.000176371
0.000204149
0.000236172
0.000272365
0.000312564
0.000354972
0.000400958
0.000450348
0.000502999
0.000558755
0.000615515
0.00067482
0.000736262
0.000799408
0.000863856
0.00092731
0.000991368
0.00105564
0.00111966
0.00118286
0.00124293
0.00130107
0.00135678
0.00140962
0.00145911
0.00150353
0.00154347
0.00157832
0.00160754
0.00163065
0.00164693
0.00165632
0.0016584
0.00165274
0.00163888
0.00161727
0.00158683
0.00154739
0.00149882
0.00144096
0.00137576
0.00130097
0.00121654
0.00112253
0.00101911
0.000909872
0.000791778
0.000665125
0.000530241
0.000387525
0.000241845
8.94229e-05
-6.90745e-05
-0.000232937
-0.000401424
-0.000568786
-0.000739179
-0.000911708
-0.00108542
-0.00125931
-0.00142742
-0.0015937
-0.00175715
-0.00191666
-0.00207106
-0.00221492
-0.00235133
-0.00247918
-0.00259743
-0.00270503
-0.00279813
-0.00287845
-0.00294492
-0.00299655
-0.00303244
-0.00305115
-0.00305264
-0.00303627
-0.0030014
-0.00294745
-0.00287587
-0.00278445
-0.00267305
-0.00254163
-0.00239021
-0.00222346
-0.00203682
-0.00183051
-0.00160498
-0.00136087
-0.00110615
-0.000834619
-0.000547231
-0.000244983
7.10348e-05
0.000390591
0.000721257
0.00106146
0.00140953
0.00176376
0.00211259
0.00246415
0.00281665
0.00316815
0.00351666
0.00385063
0.00417757
0.00449555
0.00480264
0.00509688
0.00536842
0.00562314
0.00585912
0.00607456
0.00626781
0.00643239
0.00657177
0.00668454
0.00676935
0.00682498
0.00684931
0.00684258
0.00680418
0.00673361
0.00663048
0.00649784
0.00633235
0.00613418
0.00590372
0.0056416
0.00535609
0.00504054
0.00469595
0.00432354
0.00392475
0.00351242
0.00307718
0.00262093
0.00214567
0.00165345
0.00116009
0.000654356
0.000138795
-0.000383922
-0.000911097
-0.00142567
-0.00193949
-0.00245002
-0.00295459
-0.00345044
-0.0039213
-0.00437787
-0.00481752
-0.00523778
-0.00563635
-0.00600021
-0.00633795
-0.00664742
-0.00692656
-0.00717349
-0.00737995
-0.00755113
-0.00768579
-0.00778287
-0.00784148
-0.00785938
-0.00783764
-0.00777608
-0.0076747
-0.00753368
-0.00735716
-0.00714181
-0.00688834
-0.00659769
-0.00627111
-0.00591875
-0.00553356
-0.00511728
-0.00467177
-0.00419905
-0.00371375
-0.00320576
-0.00267759
-0.00213191
-0.00157145
-0.00101372
-0.000446762
0.000126561
0.000703315
0.0012805
0.00183999
0.00239403
0.00293984
0.00347468
0.00399593
0.00448726
0.00495994
0.00541166
0.00584027
0.0062438
0.00660975
0.00694727
0.00725493
0.00753142
0.00777562
0.00797998
0.00815041
0.00828641
0.00838763
0.00845386
0.00848306
0.00847742
0.00843733
0.00836341
0.00825645
0.00811988
0.00795229
0.00775488
0.007529
0.00727619
0.00700442
0.00670919
0.00639231
0.00605567
0.00570118
0.00533979
0.00496456
0.00457762
0.00418108
0.00377705
0.00337787
0.00297516
0.00257084
0.00216684
0.00176515
0.00137798
0.000996849
0.000623399
0.000259115
-9.46494e-05
-0.000427506
-0.000747403
-0.00105324
-0.00134402
-0.00161888
-0.00187
-0.00210392
-0.00232017
-0.00251839
-0.00269832
-0.00285512
-0.00299358
-0.00311387
-0.0032163
-0.0033012
-0.00336661
-0.00341529
-0.00344778
-0.00346476
-0.00346708
-0.00345536
-0.00343076
-0.00339411
-0.00334619
-0.00328783
-0.00322114
-0.00314587
-0.00306304
-0.00297368
-0.00287872
-0.00278108
-0.00267942
-0.00257446
-0.00246691
-0.0023575
-0.00224927
-0.0021405
-0.00203176
-0.00192354
-0.00181627
-0.0017126
-0.00161061
-0.00151053
-0.00141246
-0.00131643
-0.00122434
-0.00113421
-0.00104603
-0.000959755
-0.000875288
-0.000794151
-0.00071432
-0.000635444
-0.000557176
-0.000479211
-0.000403014
-0.00032657
-0.00024954
-0.000171515
-9.20469e-05
-1.27765e-05
6.86935e-05
0.000152612
0.000239177
0.000328584
0.000418381
0.000511466
0.000608034
0.000708207
0.00081202
0.000916003
0.00102351
0.00113443
0.00124865
0.00136597
0.00148198
0.00160049
0.00172111
0.00184346
0.00196715
0.00208716
0.00220765
0.00232806
0.00244777
0.00256612
0.00267787
0.00278702
0.00289301
0.00299525
0.00309312
0.00318193
0.0032649
0.00334132
0.00341056
0.00347206
0.00352262
0.00356453
0.00359732
0.00362053
0.00363371
0.00363555
0.00362674
0.00360706
0.00357635
0.00353446
0.00348246
0.00341917
0.00334465
0.00325911
0.00316279
0.00305931
0.00294557
0.00282187
0.00268858
0.00254619
0.00240066
0.00224731
0.00208683
0.00191986
0.001747
0.0015757
0.00139979
0.00122005
0.00103729
0.000852385
0.000673747
0.000494502
0.000315357
0.000137052
-3.96207e-05
-0.000206281
-0.000369663
-0.000529014
-0.000683646
-0.000832909
-0.000969533
-0.00109946
-0.00122201
-0.00133653
-0.00144243
-0.00153436
-0.00161686
-0.00168963
-0.00175231
-0.00180456
-0.0018434
-0.00187134
-0.00188838
-0.00189458
-0.00189008
-0.00187483
-0.00184898
-0.00181257
-0.00176569
-0.0017086
-0.00164411
-0.00157031
-0.00148768
-0.00139669
-0.00129771
-0.00119579
-0.00108673
-0.000971077
-0.000849487
-0.00072263
-0.000597502
-0.000468374
-0.000335858
-0.000200603
-6.33062e-05
6.80112e-05
0.000200019
0.000332158
0.000463939
0.000594894
0.000717019
0.000837211
0.000954815
0.00106918
0.00117972
0.00127911
0.00137386
0.00146364
0.00154809
0.00162685
0.00169402
0.00175489
0.00180931
0.00185721
0.00189852
0.00192943
0.00195345
0.00197037
0.00198005
0.00198244
0.00197612
0.00196276
0.00194253
0.00191553
0.00188183
0.00184222
0.00179609
0.00174366
0.00168523
0.00162112
0.00155448
0.00148276
0.00140625
0.00132523
0.00124
0.00115544
0.00106725
0.000975682
0.000880976
0.000783407
0.000689121
0.000592788
0.000494909
0.000395953
0.000296295
0.00020256
0.000108547
1.44952e-05
-7.91379e-05
-0.000171801
-0.000256664
-0.000339492
-0.000419843
-0.000497322
-0.000571552
-0.000636722
-0.000697965
-0.000754937
-0.00080732
-0.000854857
-0.000893308
-0.000926729
-0.000955034
-0.000978094
-0.000995759
-0.00100554
-0.00100997
-0.00100917
-0.00100334
-0.000992618
-0.000976443
-0.000955707
-0.000930614
-0.000901399
-0.000868346
-0.000832579
-0.000793649
-0.000751923
-0.000707742
-0.000661446
-0.000615306
-0.000567788
-0.00051935
-0.000470411
-0.000421317
-0.000374843
-0.00032862
-0.000282943
-0.000238154
-0.000194622
-0.000155304
-0.000117702
-8.20205e-05
-4.84026e-05
-1.69555e-05
9.9062e-06
3.46171e-05
5.70887e-05
7.7233e-05
9.49872e-05
0.000108547
0.000119935
0.000129218
0.000136457
0.000141717
0.000143903
0.000144477
0.000143591
0.000141387
0.000137994
0.000132909
0.000126994
0.000120384
0.000113206
0.000105584
9.74106e-05
8.90996e-05
8.07725e-05
7.25328e-05
6.44701e-05
5.66509e-05
4.91825e-05
4.21375e-05
3.55722e-05
2.95276e-05
2.40778e-05
1.91866e-05
1.48716e-05
1.1141e-05
7.9928e-06
5.43757e-06
3.41357e-06
1.89492e-06
8.48305e-07
2.33636e-07
4.39539e-09
0
0
0
0
0
0
0
0
0
0
0
0
0
0
0
0
0
0
0
0
0
-0
-0
-0
-0
-0
-0
-0
-0
-0
-0
-0
-0
-0
-0
-0
-0
-0
-0
-0
-0
-0
-0
-0
-0
-0
-0
-0
-0
-0
-0
-0
-0
-0
-0
-0
-0
-0
-0
-0
-0
-0
-0
