0
0
0
0
0
0
0
0
0
0
0
0
0
0
0
0
0
0
0
0
0
0
0
0
0
0
0
0
0
0
0
0
0
0
0
0
0
-0
-0
-0
-0
-0
-0
-0
-0
-0
-0
-0
-0
-0
-0
-0
-0
-0
-0
-0
-0
-0
-0
-0
-0
-0
-0
-0
-0
-0
-0
-0
-0
-0
-0
-0
-0
-0
-0
-0
-0
-0
-0
-0
-0
-0
-0
-0
-0
-0
-0
-0
0
0
0
0
0
0
0
0
0
0
0
0
0
0
0
0
0
0
0
0
0
0
0
0
0
0
0
0
0
0
0
0
0
0
0
0
0
0
0
0
0
0
0
0
0
0
0
0
0
-0
-0
-0
-0
-0
-0
-0
-0
-0
-0
-0
-0
-0
-0
-0
-0
-0
-0
-0
-0
-0
-0
-0
-0
-0
-0
-0
-0
-0
-0
-0
-0
-0
-0
-0
-0
-0
-0
-0
-0
-0
-0
-0
-0
-0
-0
-0
-0
-0
-0
-0
-0
0
0
0
0
0
0
0
0
0
0
0
0
0
0
0
0
0
0
0
0
0
0
0
0
0
0
0
0
0
0
0
0
0
0
0
0
0
0
0
0
0
0
0
0
0
0
0
0
0
0
0
-0
-0
-0
-0
-0
-0
-0
-0
-0
-0
-0
-0
-0
-0
-0
-0
-0
-0
-0
-0
-0
-0
0
0
0
0
0
0
0
0
0
0
0
0
0
0
0
0
0
0
0
0
0
0
0
-0
-0
-0
-0
-0
-0
-0
-0
-0
-0
-0
-0
-0
-0
-0
-0
-0
-0
-0
-0
-0
-0
-0
-0
-0
-0
-0
-0
-0
-0
-0
-0
-0
-0
-0
-0
-0
-0
-0
-0
-0
-0
-0
-0
-0
-0
-0
0
0
0
0
0
0
0
0
0
0
0
0
0
0
0
0
0
0
0
0
0
0
0
0
0
0
0
0
0
0
0
0
0
0
0
0
0
0
0
0
0
0
0
-0
-0
-0
-0
-0
-0
-0
-0
-0
-3.96072e-07
-2.11691e-06
-5.478e-06
-1.07343e-05
-1.80897e-05
-2.7692e-05
-3.96272e-05
-5.39153e-05
-7.05075e-05
-8.92851e-05
-0.000110062
-0.000132586
-0.000156543
-0.000181556
-0.000207187
-0.000232937
-0.000258252
-0.000282539
-0.000305176
-0.000325518
-0.000342911
-0.000356689
-0.000366186
-0.000370748
-0.000369752
-0.000362617
-0.000348819
-0.000327885
-0.000299398
-0.000263001
-0.000218419
-0.000165474
-0.000104102
-3.4348e-05
4.36427e-05
0.000129641
0.000223334
0.000324311
0.000432045
0.000545879
0.000665033
0.000788637
0.000915751
0.00104539
0.00117652
0.00130806
0.00143884
0.00156768
0.00169337
0.0018147
0.0019305
0.00203961
0.00214087
0.00223311
0.00231518
0.00238602
0.00244464
0.00249024
0.00252213
0.00253971
0.00254252
0.00253017
0.00250236
0.00245895
0.00239991
0.00232538
0.00223562
0.00213106
0.00201225
0.00187992
0.0017349
0.00157814
0.00141063
0.0012334
0.0010475
0.000854069
0.000654365
0.000449746
0.000241669
3.16261e-05
-0.000178903
-0.000388481
-0.000595716
-0.000799246
-0.000997745
-0.00118994
-0.00137463
-0.00155071
-0.00171714
-0.00187294
-0.00201768
-0.00215133
-0.00227333
-0.00238326
-0.00248088
-0.00256609
-0.00263884
-0.00269906
-0.0027466
-0.00278126
-0.0028029
-0.00281156
-0.00280746
-0.00279101
-0.00276267
-0.00272287
-0.00267194
-0.00261013
-0.00253772
-0.00245508
-0.00236277
-0.00226145
-0.00215185
-0.00203468
-0.00191053
-0.00177994
-0.00164347
-0.0015017
-0.00135529
-0.00120498
-0.00105147
-0.000895475
-0.000737617
-0.00057851
-0.000418761
-0.00025899
-9.98269e-05
5.81209e-05
0.000214285
0.000368144
0.000519202
0.000666976
0.000810981
0.000950743
0.00108582
0.0012158
0.00134032
0.00145902
0.00157154
0.00167753
0.00177661
0.00186847
0.00195284
0.0020295
0.00209823
0.00215884
0.00221109
0.00225478
0.00228976
0.00231593
0.00233328
0.00234178
0.00234141
0.00233211
0.0023138
0.00228641
0.00224994
0.00220439
0.00214982
0.00208626
0.00201375
0.00193236
0.00184226
0.00174367
0.00163689
0.00152222
0.00139989
0.00127008
0.00113297
0.000988818
0.000838039
0.000681175
0.000518838
0.000351609
0.000179993
4.43785e-06
-0.000174573
-0.000356437
-0.000540395
-0.000725577
-0.000911099
-0.00109615
-0.00128
-0.00146198
-0.00164136
-0.00181732
-0.00198891
-0.0021551
-0.00231487
-0.00246723
-0.0026112
-0.00274584
-0.00287017
-0.00298325
-0.00308418
-0.00317215
-0.00324642
-0.00330626
-0.00335094
-0.00337963
-0.0033915
-0.00338582
-0.00336197
-0.00331954
-0.00325829
-0.003178
-0.00307851
-0.00295965
-0.0028213
-0.00266349
-0.00248643
-0.00229049
-0.00207611
-0.00184379
-0.00159403
-0.00132744
-0.00104476
-0.000747003
-0.000435412
-0.000111408
0.00022352
0.000567908
0.00092033
0.00127935
0.00164342
0.00201082
0.0023796
0.00274768
0.0031129
0.00347311
0.00382623
0.00417024
0.00450309
0.00482268
0.00512685
0.0054134
0.00568014
0.00592499
0.00614597
0.00634126
0.00650909
0.00664775
0.0067556
0.00683104
0.00687266
0.00687923
0.00684976
0.00678344
0.00667967
0.00653794
0.0063579
0.00613935
0.00588234
0.00558721
0.00525456
0.0048853
0.00448049
0.00404139
0.00356942
0.00306617
0.00253349
0.0019735
0.00138856
0.000781271
0.000154436
-0.000488996
-0.00114594
-0.00181316
-0.00248731
-0.00316493
-0.00384247
-0.00451631
-0.00518279
-0.00583822
-0.00647887
-0.00710097
-0.00770076
-0.0082745
-0.00881852
-0.00932927
-0.00980335
-0.0102375
-0.0106287
-0.010974
-0.0112707
-0.0115164
-0.0117088
-0.0118458
-0.0119256
-0.0119467
-0.011908
-0.0118086
-0.011648
-0.0114261
-0.011143
-0.0107992
-0.0103956
-0.00993341
-0.00941404
-0.00883935
-0.00821146
-0.00753283
-0.00680626
-0.00603491
-0.00522228
-0.00437216
-0.00348862
-0.00257591
-0.00163845
-0.00068079
0.000292355
0.00127613
0.00226553
0.00325545
0.00424067
0.00521595
0.00617601
0.00711556
0.00802939
0.00891238
0.00975958
0.0105662
0.0113277
0.0120398
0.0126984
0.0132995
0.0138393
0.0143146
0.0147222
0.0150593
0.0153236
0.015513
0.015626
0.0156614
0.0156185
0.0154969
0.0152968
0.0150188
0.0146638
0.0142332
0.0137287
0.0131524
0.0125069
0.0117951
0.0110202
0.010186
0.00929646
0.00835604
0.0073694
0.00634156
0.00527777
0.00418347
0.0030642
0.00192563
0.000773467
-0.000386498
-0.00154842
-0.00270642
-0.00385458
-0.00498703
-0.00609794
-0.00718154
-0.00823217
-0.0092443
-0.0102126
-0.0111318
-0.0119972
-0.0128042
-0.0135486
-0.0142266
-0.0148347
-0.01537
-0.0158299
-0.0162123
-0.0165156
-0.0167387
-0.0168808
-0.0169418
-0.0169217
-0.0168213
-0.0166415
-0.0163839
-0.0160505
-0.0156435
-0.0151655
-0.0146197
-0.0140092
-0.0133378
-0.0126095
-0.0118283
-0.0109987
-0.0101253
-0.00921307
-0.00826694
-0.0072921
-0.00629381
-0.0052774
-0.00424823
-0.00321167
-0.00217306
-0.00113772
-0.000110928
0.000902164
0.00189653
0.00286733
0.00380991
0.00471983
0.00559286
0.00642502
0.00721257
0.00795211
0.00864053
0.00927505
0.00985323
0.0103729
0.0108323
0.0112299
0.0115645
0.0118354
0.0120421
0.0121846
0.0122631
0.0122782
0.0122309
0.0121224
0.0119541
0.011728
0.0114585
0.0111642
0.0108447
0.0104985
0.0101239
0.00971876
0.00928052
0.00880643
0.00829356
0.00773897
0.00713974
0.00649318
0.00579682
0.00504855
0.00424671
0.00339007
0.00247801
0.00151051
0.000488221
-0.00058747
-0.00171444
-0.00288981
-0.0041099
-0.00537022
-0.00666551
-0.00798976
-0.0093363
-0.0106978
-0.0120665
-0.013434
-0.0147915
-0.0161297
-0.017439
-0.0187096
-0.0199317
-0.0210954
-0.0221912
-0.0232096
-0.0241412
-0.0249774
-0.0257095
-0.0263299
-0.0268313
-0.0272073
-0.0274523
-0.0275615
-0.027531
-0.0273577
-0.0270399
-0.0265766
-0.025968
-0.0252152
-0.0243202
-0.0232859
-0.0221164
-0.020817
-0.0193938
-0.0178541
-0.0162058
-0.0144574
-0.0126181
-0.0106976
-0.00870653
-0.00665598
-0.0045576
-0.00242333
-0.000265257
0.00190447
0.00407361
0.00622984
0.00836083
0.0104544
0.0124986
0.0144819
0.0163933
0.0182222
0.0199581
0.0215913
0.0231127
0.024514
0.0257877
0.0269273
0.027927
0.0287818
0.0294873
0.0300401
0.0304377
0.0306783
0.0307597
0.0306803
0.0304489
0.0300749
0.0295604
0.0289084
0.0281262
0.027214
0.0261763
0.0250177
0.0237435
0.0223692
0.0208906
0.0193145
0.0176476
0.0158971
0.0140864
0.0122073
0.0102677
0.00827589
0.00624037
0.00419055
0.00211434
2.05682e-05
-0.00208184
-0.00418386
-0.006253
-0.00830377
-0.0103272
-0.0123145
-0.0142569
-0.0161227
-0.0179267
-0.0196606
-0.0213164
-0.0228865
-0.0243439
-0.0257016
-0.0269531
-0.0280923
-0.0291133
-0.0299979
-0.0307543
-0.0313783
-0.0318664
-0.0322156
-0.0324199
-0.0324807
-0.0323967
-0.0321672
-0.0317921
-0.0312797
-0.0306235
-0.0298252
-0.0288873
-0.0278129
-0.0266249
-0.0253086
-0.0238693
-0.0223126
-0.0206447
-0.0189013
-0.0170602
-0.0151291
-0.0131161
-0.0110299
-0.00891591
-0.00674664
-0.00453149
-0.00228027
-3.14343e-06
0.00224958
0.00450749
0.00676002
0.00899656
0.0112064
0.0133406
0.0154267
0.0174542
0.0194125
0.0212915
0.0230497
0.0247093
0.0262611
0.0276962
0.0290057
0.0301612
0.0311753
0.0320411
0.0327521
0.0333001
0.0336729
0.0338709
0.0338904
0.0337286
0.0333836
0.0328671
0.0321666
0.0312834
0.0302193
0.0289774
0.0275911
0.0260361
0.0243183
0.0224445
0.0204226
0.0183052
0.0160576
0.0136899
0.0112133
0.00863961
0.00603519
0.00335881
0.000623758
-0.00215614
-0.00496664
-0.00773555
-0.0105059
-0.013263
-0.0159923
-0.0186788
-0.0212542
-0.0237579
-0.0261758
-0.0284942
-0.0306998
-0.0327369
-0.0346366
-0.0363876
-0.0379789
-0.0394009
-0.040618
-0.0416486
-0.0424858
-0.0431237
-0.0435573
-0.0437772
-0.0437861
-0.0435823
-0.0431655
-0.0425364
-0.0417133
-0.0406826
-0.0394483
-0.0380156
-0.0363908
-0.0346181
-0.032669
-0.0305528
-0.0282796
-0.0258605
-0.0233603
-0.0207386
-0.0180089
-0.0151852
-0.0122819
-0.00937637
-0.00642117
-0.00343151
-0.00042286
0.00258918
0.00552505
0.0084335
0.0112996
0.0141086
0.0168462
0.0194407
0.0219361
0.0243196
0.0265787
0.0287018
0.030634
0.0324096
0.0340198
0.0354566
0.0367131
0.0377583
0.0386126
0.0392723
0.0397345
0.0399977
0.0400571
0.0399174
0.0395803
0.0390485
0.0383259
0.0374344
0.0363622
0.0351159
0.033703
0.0321317
0.0304466
0.0286222
0.0266689
0.0245977
0.0224203
0.020197
0.0178921
0.0155183
0.0130885
0.010616
0.00816818
0.0057037
0.00323552
0.000776638
-0.00166016
-0.00400881
-0.00631109
-0.00855558
-0.0107312
-0.0128274
-0.0147876
-0.0166488
-0.0184022
-0.0200402
-0.0215556
-0.0229085
-0.0241269
-0.0252061
-0.0261419
-0.0269314
-0.0275545
-0.028028
-0.0283515
-0.0285256
-0.0285512
-0.028429
-0.028163
-0.0277567
-0.0272145
-0.0265413
-0.0257563
-0.0248517
-0.023834
-0.0227104
-0.0214888
-0.0202031
-0.0188358
-0.0173954
-0.0158906
-0.0143302
-0.0127569
-0.0111464
-0.00950806
-0.00785096
-0.00618408
-0.00455235
-0.00292817
-0.00131999
0.000263923
0.00181561
0.00329357
0.00472501
0.00610357
0.00742326
0.00867839
0.00983554
0.010918
0.0119216
0.0128428
0.013679
0.0144085
0.0150487
0.0155984
0.0160566
0.0164231
0.0166887
0.0168639
0.0169502
0.0169492
0.0168632
0.0166947
0.0164466
0.0161224
0.0157259
0.0152612
0.014741
0.0141611
0.013526
0.0128402
0.0121087
0.0113509
0.0105575
0.00973395
0.00888521
0.00801639
0.00715004
0.00627347
0.0053915
0.00450889
0.00363028
0.00277833
0.00193889
0.00111579
0.000312575
-0.000467395
-0.00120424
-0.00191167
-0.00258681
-0.00322704
-0.00383008
-0.00438064
-0.00489087
-0.00535974
-0.00578637
-0.00616984
-0.00649994
-0.00678518
-0.0070252
-0.00722022
-0.00737099
-0.00747383
-0.00753464
-0.00755443
-0.00753406
-0.00747452
-0.00737644
-0.00724207
-0.00707329
-0.00687211
-0.00664039
-0.00638276
-0.00609804
-0.00578811
-0.00545508
-0.00510128
-0.00473446
-0.00435126
-0.00395353
-0.003543
-0.00312144
-0.00269782
-0.00226711
-0.00183131
-0.00139226
-0.000951614
-0.000518652
-8.7221e-05
0.000341062
0.000764605
0.001182
0.00158449
0.00197887
0.00236438
0.00274016
0.00310514
0.00345119
0.00378421
0.00410344
0.00440844
0.00469892
0.00496864
0.00522288
0.00546086
0.00568179
0.00588517
0.00606638
0.00623004
0.00637637
0.00650538
0.00661677
0.00670718
0.00677894
0.00683173
0.00686552
0.00688046
0.00687569
0.00685245
0.00681079
0.00675077
0.00667249
0.00657693
0.00646356
0.00633262
0.00618427
0.00601863
0.00583846
0.00564145
0.00542809
0.00519899
0.00495482
0.00470053
0.00443238
0.00415092
0.00385679
0.00355071
0.00323926
0.00291768
0.00258702
0.00224833
0.00190274
0.00155805
0.00120889
0.000856532
0.00050224
0.000147236
-0.000200389
-0.000546255
-0.000888988
-0.00122708
-0.00155896
-0.00187664
-0.00218503
-0.00248271
-0.0027683
-0.00304035
-0.00329229
-0.00352776
-0.00374545
-0.00394421
-0.00412306
-0.00427793
-0.00441087
-0.00452069
-0.00460618
-0.00466631
-0.00469987
-0.00470729
-0.00468868
-0.00464413
-0.00457349
-0.00447849
-0.0043565
-0.00420738
-0.00403154
-0.00382994
-0.00360857
-0.00336261
-0.00309231
-0.00279871
-0.00248296
-0.00215349
-0.00180555
-0.00144181
-0.00106514
-0.000678291
-0.00029173
0.000100204
0.000495063
0.00089016
0.00128261
0.00166164
0.00203259
0.00239303
0.00274073
0.00307343
0.00338219
0.00367155
0.00393941
0.00418408
0.00440432
0.00459469
0.00475923
0.0048973
0.0050083
0.00509177
0.00514542
0.0051716
0.0051708
0.00514375
0.00509134
0.00501492
0.0049155
0.00479461
0.00465399
0.00449547
0.00432299
0.00413619
0.00393696
0.00372732
0.00350945
0.00328872
0.00306402
0.00283745
0.00261091
0.00238617
0.0021682
0.00195501
0.0017481
0.00154885
0.00135844
0.0011807
0.00101335
0.000857168
0.000712796
0.000580733
0.000463245
0.000358094
0.000265067
0.000183804
0.000113877
5.59302e-05
8.15828e-06
-3.00612e-05
-5.94765e-05
-8.09462e-05
-9.49696e-05
-0.000102971
-0.000105842
-0.000104436
-9.95835e-05
-9.20617e-05
-8.26902e-05
-7.21884e-05
-6.11957e-05
-5.02611e-05
-3.99194e-05
-3.04364e-05
-2.20999e-05
-1.5103e-05
-9.5392e-06
-5.43965e-06
-2.64118e-06
-9.7388e-07
-1.94759e-07
6.65984e-09
0
0
0
0
0
0
0
0
0
0
0
0
0
0
0
0
0
0
0
0
0
0
0
0
0
0
0
0
0
0
0
0
0
0
0
0
0
0
0
0
0
0
0
0
0
0
0
0
0
0
0
0
0
0
0
0
0
0
0
0
0
0
0
0
0
0
0
0
0
0
0
0
0
0
0
0
0
0
0
0
0
0
0
0
0
0
0
0
0
0
0
0
0
0
0
0
0
0
0
0
0
0
0
0
0
0
0
0
0
0
0
0
0
0
0
0
0
0
0
0
0
0
0
0
0
0
0
0
0
0
0
0
0
0
0
0
0
0
0
0
0
0
0
0
0
0
0
0
0
0
0
0
0
0
0
0
0
0
0
0
0
0
0
0
0
0
0
0
0
0
0
0
0
0
0
0
0
0
0
0
0
0
0
0
0
0
0
0
0
0
0
0
0
0
0
0
0
0
0
0
0
0
0
-0
-0
-0
-0
-0
-0
-0
-0
-0
-0
-0
-0
-0
-0
-0
-0
-0
-0
-0
-0
-0
-0
-0
-0
-0
-0
-0
-0
-0
-0
0
0
0
0
0
0
0
0
0
0
0
0
0
0
0
0
0
0
0
0
0
0
0
0
0
0
0
0
0
0
0
0
0
0
0
0
0
0
0
0
0
0
0
0
0
0
0
0
0
0
0
0
0
0
0
0
0
0
0
0
0
0
0
0
0
0
0
-0
-0
-0
-0
-0
-0
-0
-0
-0
-0
-0
-0
-0
-0
-0
-0
-0
-0
-0
-0
-0
-0
-0
-0
-0
-0
-0
-0
-0
-0
-0
-0
-0
-0
-0
-0
-0
-0
-0
-0
0
0
0
0
0
0
0
0
0
0
0
0
0
0
0
0
0
0
0
0
0
0
0
0
0
0
0
0
0
0
0
0
0
0
0
0
0
0
0
0
0
0
0
0
