-0
0
0
0
0
0
0
0
0
0
0
0
0
0
0
0
0
0
0
0
0
0
0
0
0
0
0
0
0
0
0
0
0
0
0
0
0
0
0
0
0
0
0
0
0
0
0
0
0
0
0
0
0
0
0
0
0
0
0
0
0
0
0
0
0
0
0
0
0
0
0
0
0
0
0
0
0
0
0
0
0
0
0
0
0
0
-0
-0
-0
-0
-0
-0
-0
-0
-0
-0
-0
-0
-0
-0
-0
-0
-0
-0
-0
-0
-0
-0
-0
-0
-0
-0
-0
-0
-0
-0
-0
-0
-0
-0
-0
-0
-0
-0
-0
-0
-0
-0
-0
-0
-0
-0
-0
-0
-0
-0
-0
-0
-0
-0
-0
-0
-0
-0
-0
-0
0
0
0
0
0
0
0
0
0
0
0
0
0
0
0
0
0
0
0
0
0
0
0
0
0
0
0
0
0
0
0
0
0
0
0
0
0
0
0
0
0
0
0
0
0
0
0
0
0
0
-0
-0
-0
-0
-0
-0
-0
-0
-0
-0
-0
-0
-0
-0
-0
-0
-0
-0
-0
-0
-0
-0
-0
-0
-0
-0
-0
-0
-0
-0
-0
-0
-0
-0
-0
-0
-0
-0
-0
-0
-1.5253e-05
-5.50796e-05
-0.000107083
-0.000157985
-0.000193858
-0.000200349
-0.000162931
-6.71454e-05
0.000101142
0.000355496
0.000708678
0.00117241
0.00175716
0.00247189
0.00332385
0.00431835
0.0054586
0.00674559
0.00817799
0.00975207
0.0114617
0.0132981
0.0152502
0.0173044
0.0194444
0.0216517
0.0239054
0.0261826
0.0284586
0.0307072
0.0329008
0.0350111
0.0370089
0.0388647
0.0405487
0.0420313
0.0432829
0.0442752
0.0449808
0.0453739
0.0454308
0.0451297
0.0444517
0.0433807
0.0419037
0.0400112
0.0376969
0.0349576
0.0317939
0.0282096
0.0242126
0.0198146
0.0150319
0.00988422
0.00439485
-0.00140989
-0.00750085
-0.013846
-0.0204104
-0.0271564
-0.0340435
-0.0410295
-0.0480707
-0.055122
-0.0621373
-0.0690695
-0.0758711
-0.0824948
-0.0888946
-0.0950265
-0.100849
-0.106323
-0.111411
-0.116077
-0.120289
-0.124015
-0.127228
-0.129907
-0.132034
-0.133593
-0.134576
-0.134977
-0.134792
-0.134026
-0.132684
-0.130777
-0.128321
-0.125333
-0.121836
-0.117855
-0.113459
-0.108701
-0.103607
-0.0982017
-0.0925109
-0.0865607
-0.0803782
-0.0739913
-0.0674287
-0.0607196
-0.0538938
-0.0469807
-0.04001
-0.0330115
-0.0260152
-0.0190504
-0.0121454
-0.00532686
0.00138037
0.00795287
0.0143681
0.0206038
0.0266384
0.0324516
0.0380248
0.0433421
0.0483901
0.0531574
0.0576344
0.0618125
0.0656851
0.0692469
0.0724942
0.0754248
0.0780373
0.0803312
0.0823069
0.0839664
0.0853137
0.0863549
0.0870979
0.0875514
0.0877245
0.0876263
0.0872665
0.0866557
0.085806
0.0847307
0.0834437
0.081959
0.0802905
0.0784525
0.0764594
0.0743264
0.0720685
0.0697003
0.0672352
0.0646851
0.0620611
0.0593736
0.0566325
0.0538472
0.0510259
0.0481752
0.0453001
0.0424045
0.0394915
0.0365642
0.0336246
0.0306736
0.0277102
0.0247316
0.0217334
0.0187109
0.0156595
0.0125746
0.00945155
0.00628551
0.0030711
-0.000196875
-0.00352294
-0.00691059
-0.0103624
-0.0138807
-0.0174676
-0.0211254
-0.024856
-0.0286599
-0.0325364
-0.0364832
-0.0404974
-0.0445756
-0.048714
-0.0529085
-0.0571533
-0.0614407
-0.0657613
-0.0701041
-0.0744575
-0.0788089
-0.0831449
-0.0874504
-0.0917083
-0.0958993
-0.100003
-0.103996
-0.107857
-0.111562
-0.115086
-0.118405
-0.121491
-0.124318
-0.126861
-0.129093
-0.130991
-0.132531
-0.133687
-0.134438
-0.134762
-0.134641
-0.134057
-0.132997
-0.131448
-0.1294
-0.126846
-0.123778
-0.120194
-0.116094
-0.111481
-0.10636
-0.100739
-0.094629
-0.0880436
-0.080999
-0.0735149
-0.0656136
-0.05732
-0.0486614
-0.0396681
-0.0303729
-0.0208119
-0.0110239
-0.00104973
0.0090681
0.0192857
0.0295576
0.0398364
0.0500724
0.0602146
0.0702107
0.0800086
0.089557
0.0988055
0.107704
0.116204
0.124256
0.131812
0.138829
0.145262
0.151073
0.156226
0.160686
0.164423
0.167411
0.169626
0.171052
0.171676
0.17149
0.17049
0.168679
0.166062
0.16265
0.158459
0.153511
0.14783
0.141447
0.134397
0.126716
0.118447
0.109635
0.100329
0.0905802
0.0804439
0.069976
0.0592344
0.0482786
0.037169
0.025967
0.0147344
0.00353249
-0.00757824
-0.0185385
-0.0292905
-0.039778
-0.0499465
-0.059744
-0.0691204
-0.0780288
-0.0864254
-0.0942702
-0.101527
-0.108164
-0.114154
-0.119472
-0.1241
-0.128021
-0.131224
-0.133703
-0.135454
-0.136481
-0.136791
-0.136397
-0.135315
-0.133564
-0.13117
-0.128158
-0.124561
-0.120413
-0.115751
-0.110615
-0.105046
-0.0990889
-0.0927886
-0.0861935
-0.0793536
-0.0723196
-0.0651426
-0.0578735
-0.0505627
-0.0432602
-0.0360157
-0.0288778
-0.0218935
-0.0151076
-0.00856238
-0.00229697
0.00365183
0.00924955
0.014464
0.0192659
0.023629
0.0275309
0.0309528
0.0338798
0.0363005
0.038207
0.0395953
0.0404658
0.0408228
0.0406748
0.0400336
0.0389146
0.0373357
0.0353183
0.0328863
0.0300668
0.0268891
0.0233842
0.0195847
0.0155241
0.0112376
0.00676189
0.00213546
-0.00260208
-0.00741053
-0.0122498
-0.0170805
-0.0218637
-0.0265609
-0.0311344
-0.0355473
-0.0397643
-0.043752
-0.0474798
-0.0509194
-0.0540447
-0.0568323
-0.0592611
-0.0613133
-0.0629742
-0.064233
-0.0650823
-0.0655174
-0.0655364
-0.06514
-0.0643311
-0.0631158
-0.0615029
-0.0595043
-0.0571342
-0.0544095
-0.051349
-0.0479739
-0.0443077
-0.0403756
-0.0362044
-0.0318221
-0.0272574
-0.0225403
-0.0177014
-0.0127728
-0.00778727
-0.00277823
0.00222129
0.00717893
0.0120632
0.0168433
0.0214894
0.0259718
0.0302622
0.0343336
0.0381609
0.0417208
0.044992
0.0479552
0.0505927
0.0528885
0.0548293
0.056404
0.0576039
0.058423
0.0588573
0.0589049
0.0585663
0.0578441
0.0567435
0.0552722
0.0534401
0.0512591
0.0487429
0.045907
0.0427688
0.0393473
0.0356635
0.0317395
0.0275982
0.0232637
0.0187606
0.0141146
0.00935225
0.00450098
-0.000411596
-0.00535793
-0.0103109
-0.0152439
-0.0201307
-0.0249457
-0.0296635
-0.0342597
-0.0387107
-0.0429942
-0.047089
-0.0509748
-0.0546326
-0.0580444
-0.0611942
-0.0640676
-0.0666527
-0.0689391
-0.0709182
-0.0725827
-0.0739264
-0.0749452
-0.0756367
-0.0760012
-0.0760408
-0.0757597
-0.0751632
-0.0742575
-0.07305
-0.0715492
-0.0697652
-0.0677098
-0.0653961
-0.062838
-0.0600505
-0.0570492
-0.0538507
-0.0504725
-0.0469329
-0.0432508
-0.0394451
-0.0355346
-0.031538
-0.0274742
-0.0233624
-0.0192224
-0.0150741
-0.0109369
-0.00682952
-0.00276945
0.00122664
0.00514262
0.00896267
0.0126712
0.0162531
0.0196941
0.0229811
0.0261021
0.0290463
0.0318041
0.0343664
0.0367255
0.0388743
0.0408067
0.0425172
0.0440012
0.0452547
0.0462748
0.0470599
0.0476098
0.0479255
0.048009
0.0478628
0.04749
0.0468944
0.0460804
0.0450539
0.0438215
0.0423912
0.0407712
0.0389701
0.036997
0.0348611
0.0325723
0.0301411
0.0275787
0.0248964
0.0221062
0.0192199
0.0162499
0.0132085
0.0101082
0.00696149
0.00378037
0.000576742
-0.00263753
-0.00585038
-0.00904945
-0.0122223
-0.0153565
-0.0184404
-0.0214629
-0.0244132
-0.0272809
-0.0300557
-0.0327272
-0.0352857
-0.0377217
-0.0400266
-0.0421927
-0.0442123
-0.0460782
-0.0477835
-0.049322
-0.0506882
-0.0518777
-0.0528864
-0.0537111
-0.0543485
-0.0547958
-0.055051
-0.055113
-0.0549822
-0.0546596
-0.0541468
-0.0534455
-0.0525576
-0.0514855
-0.0502323
-0.0488025
-0.0472014
-0.045435
-0.0435099
-0.0414327
-0.0392108
-0.0368521
-0.0343652
-0.0317595
-0.0290448
-0.0262309
-0.0233283
-0.020348
-0.0173019
-0.0142025
-0.0110627
-0.00789527
-0.00471257
-0.00152682
0.00164955
0.00480347
0.00792121
0.0109889
0.0139932
0.0169215
0.0197625
0.0225051
0.025138
0.0276494
0.0300276
0.032261
0.0343397
0.0362553
0.0380028
0.0395765
0.0409699
0.0421766
0.0431907
0.0440074
0.0446234
0.0450363
0.0452447
0.0452473
0.0450433
0.0446323
0.0440153
0.0431945
0.0421739
0.0409582
0.0395526
0.0379631
0.0361958
0.0342581
0.0321581
0.0299053
0.0275096
0.0249815
0.0223317
0.0195712
0.0167121
0.0137674
0.0107506
0.00767594
0.00455739
0.00140896
-0.00175528
-0.00492087
-0.00807288
-0.011196
-0.0142751
-0.0172952
-0.0202421
-0.0231015
-0.0258598
-0.0285032
-0.0310187
-0.0333939
-0.0356177
-0.03768
-0.0395712
-0.0412822
-0.0428044
-0.0441296
-0.0452509
-0.0461633
-0.0468596
-0.0473178
-0.0475331
-0.0475053
-0.0472352
-0.0467257
-0.0459817
-0.0450105
-0.043821
-0.0424235
-0.0408295
-0.0390518
-0.0371043
-0.035003
-0.0327652
-0.0304094
-0.0279545
-0.0254192
-0.0228221
-0.0201817
-0.0175167
-0.014846
-0.0121883
-0.0095617
-0.0069834
-0.00446971
-0.00203583
0.000303943
0.00253626
0.00464922
0.00663201
0.00847566
0.0101728
0.0117172
0.0131044
0.0143303
0.0153929
0.016292
0.0170304
0.0176119
0.0180408
0.018322
0.0184613
0.0184651
0.0183408
0.0180967
0.0177419
0.0172862
0.0167396
0.016112
0.0154135
0.0146544
0.0138452
0.0129966
0.0121187
0.0112217
0.0103144
0.00940523
0.00850172
0.00761076
0.0067393
0.00589344
0.00507852
0.004299
0.00355814
0.00285901
0.00220369
0.00159366
0.00102984
0.000512264
4.10214e-05
-0.000384697
-0.000766196
-0.00110519
-0.00140405
-0.00166485
-0.00189026
-0.00208319
-0.00224667
-0.002384
-0.00249792
-0.00259132
-0.00266694
-0.0027274
-0.00277532
-0.00281282
-0.00284192
-0.00286429
-0.00288128
-0.00289394
-0.00290062
-0.00289306
-0.00287091
-0.00283483
-0.00278546
-0.00272358
-0.00264991
-0.00256519
-0.0024702
-0.00236556
-0.00225253
-0.00213214
-0.00200552
-0.00187378
-0.0017376
-0.00159859
-0.00145787
-0.00131656
-0.00117575
-0.00103577
-0.000898294
-0.000764286
-0.000634733
-0.00051064
-0.00039216
-0.000281074
-0.000178204
-8.42244e-05
3.38714e-07
7.60154e-05
0.000141533
0.000196611
0.000241013
0.000274561
0.000298063
0.000310572
0.000312141
0.000302903
0.000283076
0.000253706
0.00021447
0.000165892
0.000108602
4.33132e-05
-2.88296e-05
-0.000107405
-0.000191599
-0.000280574
-0.000373446
-0.000469428
-0.000567344
-0.000666107
-0.000764591
-0.000861671
-0.000957098
-0.00104905
-0.0011366
-0.00121887
-0.00129502
-0.00136575
-0.00142866
-0.00148296
-0.00152791
-0.00156291
-0.00158966
-0.00160548
-0.00160996
-0.00160277
-0.00158363
-0.00155517
-0.00151461
-0.00146209
-0.00139785
-0.00132224
-0.00123863
-0.00114444
-0.00104018
-0.000926486
-0.000804153
-0.00067693
-0.000542903
-0.000403045
-0.000258363
-0.000109936
3.88196e-05
0.000188825
0.000338683
0.000486962
0.000632265
0.000772144
0.000906398
0.0010337
0.00115267
0.00126185
0.00136023
0.001446
0.00151789
0.00157477
0.00161555
0.00164147
0.00164931
0.0016382
0.00160739
0.0015563
0.00148861
0.00139994
0.00129011
0.00115901
0.00100665
0.000838916
0.00065049
0.000441964
0.000214115
-3.21424e-05
-0.000289001
-0.00056215
-0.000850354
-0.00115221
-0.00146616
-0.00178339
-0.00210917
-0.00244157
-0.00277856
-0.003118
-0.00345123
-0.00378236
-0.00410907
-0.00442904
-0.00473996
-0.00503482
-0.00531603
-0.00558127
-0.00582825
-0.00605476
-0.00625667
-0.00643411
-0.00658529
-0.00670849
-0.00680201
-0.00686553
-0.00689633
-0.00689322
-0.00685522
-0.00678164
-0.0066768
-0.00653554
-0.00635771
-0.00614338
-0.00589285
-0.00561487
-0.0053021
-0.00495554
-0.00457634
-0.00416585
-0.00373631
-0.0032789
-0.00279576
-0.00228937
-0.0017624
-0.00122956
-0.000681625
-0.000121405
0.000448182
0.00102403
0.00159119
0.00215789
0.00272067
0.00327607
0.00382071
0.00434167
0.00484532
0.00532843
0.0057878
0.0062203
0.00661691
0.0069808
0.00730929
0.00759985
0.00785014
0.00805673
0.00821905
0.00833556
0.00840501
0.0084265
0.00840333
0.00833116
0.00820988
0.00803964
0.00782094
0.00756349
0.00725953
0.00691054
0.00651829
0.00608487
0.00562538
0.00512973
0.0046008
0.00404169
0.0034557
0.00286105
0.00224659
0.0016161
0.000973561
0.000323111
-0.000316467
-0.000955549
-0.00158999
-0.00221567
-0.00282851
-0.00341235
-0.00397519
-0.00451299
-0.00502182
-0.0054979
-0.00593021
-0.00632302
-0.00667339
-0.00697863
-0.00723635
-0.00744292
-0.00759815
-0.00770073
-0.0077497
-0.00774451
-0.00768975
-0.00758068
-0.00741769
-0.00720156
-0.0069335
-0.00662572
-0.00626959
-0.00586743
-0.00542186
-0.00493581
-0.00442718
-0.00388474
-0.00331231
-0.00271404
-0.0020944
-0.00147437
-0.000842156
-0.000202408
0.000440154
0.0010807
0.00169908
0.00230557
0.00289528
0.00346343
0.00400544
0.0045058
0.00497166
0.00539917
0.00578465
0.00612466
0.00641107
0.00664599
0.00682695
0.00695181
0.00701881
0.00702915
0.00697915
0.00686826
0.00669642
0.00646412
0.00618262
0.00584303
0.00544716
0.00499721
0.00449582
0.00396268
0.00338462
0.0027655
0.00210949
0.00142105
0.000725365
6.71911e-06
-0.000729852
-0.00147905
-0.00223534
-0.00297181
-0.00370395
-0.00442605
-0.0051324
-0.00581739
-0.00645716
-0.00706477
-0.00763511
-0.00816324
-0.00864443
-0.00906199
-0.00942406
-0.00972687
-0.00996704
-0.0101416
-0.0102442
-0.0102765
-0.0102368
-0.0101238
-0.00993679
-0.00968126
-0.00935156
-0.00894833
-0.00847274
-0.00792635
-0.00732639
-0.00666014
-0.00593057
-0.00514118
-0.00429592
-0.00342175
-0.00250066
-0.0015375
-0.000537451
0.000494022
0.00152407
0.00257385
0.00363727
0.00470819
0.00578045
0.00682015
0.00784896
0.00886079
0.00984952
0.0108091
0.0117091
0.0125688
0.0133829
0.0141467
0.0148554
0.0154869
0.0160549
0.0165555
0.0169858
0.0173431
0.0176166
0.0178135
0.0179326
0.0179729
0.0179339
0.0178171
0.0176213
0.0173475
0.0169973
0.0165726
0.0160874
0.0155326
0.0149113
0.0142268
0.0134827
0.0127032
0.0118724
0.0109948
0.0100752
0.00911853
0.00815514
0.00716499
0.00615337
0.00512563
0.00408708
0.00307031
0.00205309
0.00104053
3.77601e-05
-0.000950153
-0.00189242
-0.00281032
-0.00369954
-0.00455601
-0.00537592
-0.00613435
-0.0068493
-0.00751772
-0.0081369
-0.0087045
-0.00920404
-0.00964845
-0.0100365
-0.0103671
-0.0106397
-0.0108473
-0.0109965
-0.0110875
-0.0111212
-0.0110985
-0.0110222
-0.0108924
-0.010711
-0.0104801
-0.0102018
-0.00988671
-0.00952921
-0.00913199
-0.00869796
-0.0082302
-0.00774513
-0.00723278
-0.00669642
-0.00613924
-0.00556443
-0.00499109
-0.00440638
-0.00381339
-0.00321518
-0.00261477
-0.00203142
-0.00145136
-0.000877032
-0.000310758
0.000245275
0.000774036
0.00128865
0.00178747
0.0022691
0.0027324
0.00316427
0.00357606
0.00396709
0.00433672
0.00468444
0.00500124
0.00529561
0.00556763
0.00581757
0.00604584
0.00624781
0.00642917
0.00659056
0.00673271
0.00685649
0.00696072
0.00704852
0.00712089
0.00717889
0.00722358
0.0072561
0.00727758
0.00728922
0.00729219
0.00728762
0.00727774
0.00726221
0.00724187
0.00721746
0.00718969
0.00716079
0.00712969
0.00709676
0.00706225
0.00702627
0.00699029
0.00695291
0.00691411
0.00687378
0.00683175
0.00678885
0.00674365
0.00669576
0.0066448
0.00659035
0.006533
0.00647125
0.00640454
0.00633231
0.00625396
0.00617039
0.00607966
0.00598128
0.00587476
0.00575955
0.00563764
0.005506
0.00536422
0.00521199
0.00504911
0.00487959
0.00469917
0.00450774
0.00430519
0.00409149
0.00387284
0.00364328
0.0034031
0.00315273
0.00289264
0.00263155
0.00236196
0.0020846
0.00180038
0.00151035
0.00122536
0.000936863
0.000646006
0.000353922
6.17264e-05
-0.000218986
-0.000497482
-0.000772471
-0.00104255
-0.00130625
-0.00155202
-0.00178845
-0.00201414
-0.00222772
-0.00242722
-0.00260202
-0.00275887
-0.00289636
-0.0030132
-0.00310822
-0.00317519
-0.00321851
-0.00323748
-0.00323161
-0.00320056
-0.00314308
-0.0030605
-0.00295321
-0.00282176
-0.00266685
-0.00249246
-0.00229636
-0.00207975
-0.00184399
-0.00159073
-0.00132878
-0.00105298
-0.000765427
-0.000468249
-0.000163565
0.000136825
0.000440875
0.000746455
0.00105135
0.00135326
0.00163899
0.00191769
0.00218727
0.0024458
0.0026915
0.00291221
0.00311756
0.0033062
0.0034769
0.00362863
0.0037517
0.00385492
0.00393788
0.00400035
0.00404224
0.0040573
0.00405258
0.00402855
0.00398587
0.00392539
0.00384451
0.00374826
0.0036378
0.00351438
0.00337932
0.00323279
0.00307769
0.00291561
0.00274814
0.00257687
0.0024037
0.00222971
0.00205635
0.00188498
0.0017169
0.00155444
0.00139738
0.00124671
0.00110333
0.000967991
0.000842488
0.00072591
0.000618621
0.000520839
0.000432636
0.000354748
0.000285985
0.000226102
0.000174755
0.000131506
9.61561e-05
6.76103e-05
4.52239e-05
2.83055e-05
1.61314e-05
8.0041e-06
3.07904e-06
6.42938e-07
0
0
0
0
0
0
0
-0
-0
-0
-0
-0
-0
-0
-0
-0
-0
-0
-0
-0
-0
-0
-0
-0
-0
-0
0
0
0
0
0
0
0
0
0
0
0
0
0
0
0
0
0
0
0
0
0
0
0
0
0
0
0
0
0
0
0
0
0
0
0
0
0
0
0
0
0
0
0
0
0
0
0
0
0
0
0
0
0
0
0
0
0
0
0
0
0
0
0
0
0
0
0
0
0
0
0
0
0
0
0
0
0
0
0
0
0
0
0
0
0
0
0
0
0
0
0
0
0
0
0
0
0
0
0
0
0
0
0
0
0
0
0
0
0
0
0
0
0
0
0
0
0
0
0
0
0
0
0
0
0
0
0
0
0
0
0
0
0
0
0
0
0
0
0
0
0
0
0
0
0
0
0
0
0
0
0
0
0
0
0
0
0
0
0
0
0
0
0
0
0
0
0
0
0
0
0
0
0
0
0
0
0
0
0
0
0
0
0
0
0
0
-0
-0
-0
-0
-0
-0
-0
-0
-0
-0
-0
-0
-0
-0
-0
-0
-0
-0
-0
-0
-0
-0
-0
-0
