-0
0
0
0
0
0
0
0
0
0
0
0
0
0
0
0
0
0
0
0
0
0
0
0
0
0
0
0
0
0
0
0
0
0
0
0
0
0
0
0
0
0
0
0
0
0
0
0
-0
-0
-0
-0
-0
-0
-0
-0
-0
-0
-0
-0
-0
-0
-0
-0
-0
-0
-0
-0
-0
-0
-0
-0
-0
-0
-0
-0
-0
-0
-0
-0
-0
-0
-0
-0
-0
-0
-0
-0
-0
-0
-0
-0
-0
0
0
0
0
0
0
0
0
0
0
0
0
0
0
0
0
0
0
0
0
0
0
0
0
0
0
0
0
0
0
0
0
0
0
0
0
0
0
0
0
0
0
-0
-0
-0
-0
-0
-0
-0
-0
-0
-0
-0
-0
-0
-0
-0
0
0
0
0
0
0
0
0
0
0
0
0
0
0
0
0
0
0
0
0
0
0
0
0
0
0
0
0
0
0
0
0
0
0
0
0
-0
-0
-0
-0
-0
-0
-0
-0
-0
-0
-0
-0
-0
-0
-0
-0
-0
-0
-0
-0
-0
-0
-0
-0
-0
-0
-0
-0
-0
-0
-0
-0
-0
-0
-0
-0
-0
-0
-0
-0
-0
-0
-0
-0
-0
-0
0
0
0
0
0
0
0
0
0
0
0
0
0
0
0
0
0
0
0
0
0
0
0
0
0
0
0
0
0
0
0
0
0
0
0
0
0
0
0
-0
-0
-0
-0
-0
-0
-0
-0
-0
-0
-0
-0
-0
-0
-0
-0
-0
-0
-0
-0
-0
-0
-0
-0
-0
-0
-0
0
0
0
0
0
0
0
0
0
0
0
0
0
0
0
0
0
0
0
0
0
0
0
0
0
0
0
0
0
-0
-0
-0
-0
-0
-0
-0
-0
-0
-0
-0
-0
-0
-0
-0
-0
-0
-0
-0
-0
-0
-0
-0
-0
-0
-0
-0
-0
-0
-0
-0
-0
-0
-0
-0
-0
-0
-0
-0
-0
-0
-0
-0
-0
-0
-0
-0
-0
0
0
0
0
0
0
0
0
0
5.26476e-06
2.80296e-05
7.22973e-05
0.000141282
0.000237552
0.000362965
0.000518631
0.000704873
0.000921213
0.00116635
0.00143817
0.00173373
0.00204931
0.00238052
0.00272229
0.00306898
0.00341445
0.00375204
0.00407467
0.00437498
0.00464546
0.00487862
0.00506708
0.0052037
0.00528157
0.00529413
0.00523531
0.00509969
0.00488266
0.00458049
0.00419038
0.00371037
0.0031394
0.00247735
0.00172524
0.000885287
-3.90512e-05
-0.00104314
-0.00212132
-0.003267
-0.0044727
-0.00573001
-0.00702962
-0.00836138
-0.00971455
-0.011078
-0.0124404
-0.0137903
-0.0151161
-0.0164059
-0.0176478
-0.0188303
-0.0199419
-0.0209723
-0.0219119
-0.0227518
-0.0234841
-0.0241014
-0.0245975
-0.0249671
-0.0252062
-0.0253124
-0.0252846
-0.0251232
-0.0248299
-0.0244074
-0.0238595
-0.0231911
-0.0224084
-0.0215186
-0.0205304
-0.0194538
-0.0182999
-0.0170805
-0.0158077
-0.0144934
-0.0131492
-0.0117865
-0.0104165
-0.00905106
-0.0077023
-0.0063825
-0.00510356
-0.00387653
-0.00271131
-0.00161656
-0.000599894
0.000332003
0.00117331
0.00191912
0.00256626
0.0031135
0.00356006
0.00390597
0.0041522
0.00430075
0.00435478
0.00431848
0.00419686
0.00399536
0.00371955
0.00337502
0.00296753
0.00250336
0.00198949
0.00143372
0.000844393
0.000230143
-0.000400396
-0.00103863
-0.00167592
-0.0023035
-0.00291255
-0.00349439
-0.00404088
-0.00454456
-0.00499866
-0.0053969
-0.00573328
-0.00600201
-0.00619773
-0.00631593
-0.00635323
-0.00630743
-0.00617723
-0.00596178
-0.00566036
-0.00527229
-0.00479732
-0.00423612
-0.00359069
-0.00286443
-0.00206199
-0.00118874
-0.000250512
0.000746632
0.00179628
0.0028915
0.00402467
0.0051875
0.00637111
0.00756617
0.00876295
0.00995141
0.0111212
0.0122619
0.013363
0.0144147
0.0154074
0.0163324
0.0171811
0.0179452
0.0186162
0.0191861
0.0196469
0.0199914
0.0202133
0.0203071
0.0202685
0.0200943
0.0197822
0.0193313
0.0187413
0.0180124
0.0171449
0.0161396
0.0149978
0.0137222
0.0123171
0.0107892
0.00914707
0.00740044
0.00555939
0.00363378
0.00163315
-0.000432882
-0.00255411
-0.00471935
-0.00691637
-0.00913218
-0.0113533
-0.0135662
-0.0157569
-0.0179114
-0.0200157
-0.0220559
-0.0240184
-0.0258908
-0.0276609
-0.0293174
-0.0308486
-0.0322431
-0.0334894
-0.0345772
-0.0354969
-0.0362408
-0.0368023
-0.037176
-0.0373573
-0.0373421
-0.0371277
-0.0367122
-0.036095
-0.0352767
-0.0342585
-0.0330424
-0.0316311
-0.0300284
-0.0282402
-0.0262739
-0.0241388
-0.021845
-0.0194031
-0.0168239
-0.0141184
-0.0112989
-0.00837867
-0.0053727
-0.0022971
0.00083155
0.00399674
0.0071823
0.0103722
0.01355
0.0166989
0.0198013
0.022839
0.0257942
0.0286498
0.0313894
0.0339972
0.0364583
0.0387575
0.0408802
0.0428119
0.0445385
0.0460471
0.0473254
0.0483627
0.0491492
0.0496758
0.0499351
0.0499206
0.0496276
0.0490532
0.0481961
0.0470568
0.0456368
0.0439385
0.041965
0.0397205
0.0372107
0.0344434
0.0314283
0.0281768
0.0247019
0.0210176
0.0171382
0.0130793
0.00885711
0.00448927
-5.40953e-06
-0.00460699
-0.00929467
-0.0140469
-0.0188415
-0.0236555
-0.0284652
-0.0332466
-0.0379755
-0.0426281
-0.0471809
-0.051611
-0.0558954
-0.0600108
-0.0639339
-0.0676415
-0.0711106
-0.0743196
-0.0772478
-0.0798763
-0.0821872
-0.0841639
-0.0857914
-0.0870559
-0.087945
-0.0884481
-0.0885557
-0.0882602
-0.0875555
-0.0864374
-0.0849042
-0.0829563
-0.0805968
-0.0778307
-0.074665
-0.0711084
-0.0671713
-0.0628659
-0.0582064
-0.0532091
-0.0478927
-0.0422777
-0.0363869
-0.0302447
-0.0238775
-0.0173127
-0.0105794
-0.00370721
0.00327316
0.0103305
0.0174328
0.0245474
0.0316406
0.0386779
0.0456242
0.0524441
0.0591022
0.0655634
0.0717933
0.0777587
0.0834282
0.0887716
0.0937609
0.0983695
0.102573
0.106346
0.109667
0.112515
0.11487
0.116714
0.118031
0.11881
0.11904
0.118716
0.117833
0.116391
0.114393
0.111844
0.108753
0.105129
0.100987
0.0963407
0.0912094
0.0856135
0.0795761
0.0731229
0.0662821
0.0590841
0.0515615
0.0437486
0.0356815
0.0273975
0.0189354
0.0103345
0.00163505
-0.00712249
-0.0158974
-0.0246485
-0.0333346
-0.0419139
-0.0503447
-0.0585853
-0.0665945
-0.0743325
-0.0817603
-0.0888412
-0.0955397
-0.101823
-0.107659
-0.113021
-0.117881
-0.122218
-0.126012
-0.129247
-0.131908
-0.133987
-0.135476
-0.13637
-0.13667
-0.136376
-0.135494
-0.134034
-0.132004
-0.129419
-0.126296
-0.122652
-0.118509
-0.113891
-0.108824
-0.103335
-0.0974557
-0.0912162
-0.08465
-0.0777914
-0.0706763
-0.0633412
-0.0558233
-0.0481604
-0.0403906
-0.0325518
-0.0246822
-0.0168196
-0.00900141
-0.0012643
0.00635597
0.0138247
0.0211083
0.0281748
0.0349935
0.0415356
0.0477743
0.0536845
0.0592433
0.0644297
0.0692248
0.0736121
0.0775772
0.0811081
0.0841955
0.0868323
0.0890137
0.0907375
0.092004
0.0928156
0.0931772
0.0930958
0.0927006
0.0921726
0.0915107
0.0907067
0.0897468
0.0886122
0.0872799
0.0857232
0.0839125
0.0818161
0.0794012
0.0766348
0.0734843
0.0699186
0.0659084
0.0614272
0.0564524
0.0509655
0.0449532
0.0384078
0.0313274
0.0237161
0.0155843
0.00694887
-0.00216641
-0.0117305
-0.0217055
-0.0320469
-0.0427044
-0.0536225
-0.0647408
-0.0759943
-0.0873137
-0.098626
-0.109855
-0.120923
-0.131751
-0.142259
-0.152367
-0.161997
-0.171072
-0.179519
-0.187269
-0.194258
-0.200425
-0.205717
-0.210083
-0.21348
-0.215871
-0.217228
-0.217532
-0.21677
-0.214939
-0.212043
-0.208092
-0.203105
-0.197108
-0.190136
-0.182231
-0.173443
-0.163825
-0.153437
-0.142345
-0.130618
-0.118332
-0.10557
-0.0924128
-0.0789467
-0.065257
-0.0514306
-0.037555
-0.0237177
-0.0100057
0.0034965
0.0167072
0.029548
0.041943
0.0538195
0.0651082
0.0757448
0.0856715
0.094837
0.103196
0.11071
0.117341
0.123059
0.127841
0.13167
0.134532
0.136419
0.137372
0.137436
0.136622
0.134945
0.132453
0.129143
0.125047
0.1202
0.114637
0.108478
0.101677
0.0942747
0.086314
0.0778424
0.0690486
0.0598447
0.0502819
0.0404111
0.030284
0.020138
0.00984117
-0.000552043
-0.0109873
-0.0214106
-0.031556
-0.041585
-0.0514453
-0.061085
-0.0704532
-0.0792852
-0.087752
-0.0958099
-0.103417
-0.110532
-0.116926
-0.122753
-0.12798
-0.132576
-0.136513
-0.139634
-0.14205
-0.143742
-0.144694
-0.144893
-0.144282
-0.142907
-0.140767
-0.137864
-0.134205
-0.129848
-0.124755
-0.118942
-0.11243
-0.105241
-0.0975561
-0.089249
-0.0803533
-0.0709067
-0.0609504
-0.050779
-0.0401841
-0.0292113
-0.0179078
-0.00632329
0.00516409
0.0168275
0.0286111
0.0404581
0.0523113
0.0637477
0.0750766
0.0862397
0.097178
0.107832
0.117784
0.127339
0.136445
0.145047
0.153093
0.160219
0.166688
0.172453
0.177471
0.181701
0.184889
0.187217
0.188654
0.18917
0.188728
0.187214
0.1847
0.181178
0.176643
0.171095
0.164609
0.157127
0.148666
0.13925
0.128907
0.117895
0.106028
0.093347
0.0799018
0.0657458
0.0513026
0.0362693
0.0207109
0.00469578
-0.0117049
-0.0279498
-0.0444303
-0.0610679
-0.0777815
-0.0944882
-0.110588
-0.126516
-0.14219
-0.157529
-0.172452
-0.186377
-0.199729
-0.212433
-0.224417
-0.23561
-0.24552
-0.254512
-0.262531
-0.269526
-0.27545
-0.279967
-0.283335
-0.285522
-0.286502
-0.286255
-0.284643
-0.281783
-0.277673
-0.272319
-0.265732
-0.257999
-0.249072
-0.23898
-0.227757
-0.215445
-0.202343
-0.188248
-0.173218
-0.157313
-0.1406
-0.12356
-0.105856
-0.087564
-0.0687643
-0.0495384
-0.0304862
-0.0111782
0.00829758
0.0278519
0.0473951
0.0662813
0.0849824
0.103415
0.121497
0.139145
0.155748
0.171757
0.187097
0.201694
0.21548
0.227949
0.239485
0.250036
0.259552
0.267988
0.275002
0.280864
0.285544
0.289023
0.291283
0.292184
0.29185
0.290283
0.28749
0.283482
0.278331
0.272008
0.264543
0.255969
0.246325
0.235875
0.224451
0.212108
0.198902
0.184897
0.170504
0.155438
0.139769
0.123567
0.106909
0.0903066
0.0734017
0.0562701
0.0389876
0.0216304
0.00473721
-0.0120784
-0.028741
-0.0451761
-0.0613111
-0.0766434
-0.0915388
-0.105933
-0.119765
-0.132974
-0.145151
-0.156598
-0.167267
-0.177115
-0.186103
-0.193958
-0.200888
-0.206867
-0.211872
-0.215886
-0.218794
-0.220688
-0.221566
-0.221429
-0.220286
-0.218186
-0.215108
-0.211068
-0.206089
-0.200198
-0.193585
-0.186127
-0.177863
-0.168837
-0.159094
-0.148934
-0.138151
-0.126797
-0.114926
-0.102595
-0.0901747
-0.0774133
-0.0643708
-0.0511081
-0.0376879
-0.0244961
-0.011274
0.00191667
0.0150169
0.0279699
0.0404266
0.0526258
0.0645118
0.0760289
0.0871232
0.0975142
0.107389
0.116708
0.125434
0.133531
0.14082
0.147413
0.153284
0.158408
0.162769
0.166309
0.169063
0.171023
0.172183
0.172544
0.172163
0.170995
0.169055
0.166359
0.162927
0.158917
0.154218
0.148859
0.142873
0.136297
0.129365
0.121919
0.114001
0.105655
0.0969294
0.088101
0.0789925
0.0696537
0.0601343
0.0504842
0.0409823
0.0314531
0.0219494
0.0125239
0.00322768
-0.00569317
-0.014389
-0.022814
-0.0309227
-0.0386706
-0.0458731
-0.0526335
-0.058917
-0.0646922
-0.0699306
-0.0745351
-0.0785518
-0.0819595
-0.0847404
-0.0868815
-0.0883812
-0.0892281
-0.0894212
-0.0889629
-0.0878591
-0.0861991
-0.0839152
-0.0810231
-0.0775413
-0.0734912
-0.069036
-0.0640639
-0.0586053
-0.0526944
-0.0463679
-0.039842
-0.0329796
-0.0258221
-0.0184124
-0.0107949
-0.00320392
0.00450463
0.012286
0.0200957
0.0278896
0.0354482
0.0429035
0.0502124
0.0573321
0.0642217
0.0707035
0.0768815
0.082724
0.0882029
0.0932922
0.0978822
0.102035
0.105729
0.108943
0.111658
0.113838
0.1155
0.116641
0.117267
0.117384
0.117035
0.11619
0.114857
0.113046
0.110771
0.10814
0.105085
0.101631
0.0978053
0.0936364
0.0892783
0.0846391
0.0797515
0.0746488
0.0693635
0.0640659
0.0586498
0.0531486
0.047598
0.0420348
0.0366271
0.0312779
0.0260188
0.0208789
0.0158855
0.0111705
0.00665332
0.00235686
-0.00169821
-0.0054935
-0.00894531
-0.0121044
-0.0149553
-0.0174848
-0.0196836
-0.0215256
-0.0230343
-0.0242136
-0.0250682
-0.0256013
-0.0258361
-0.0257564
-0.0253713
-0.0246953
-0.0237478
-0.0226037
-0.0212296
-0.0196437
-0.0178637
-0.0159089
-0.0138738
-0.0117117
-0.00944909
-0.00711154
-0.00472257
-0.00237722
-2.34115e-05
0.00231629
0.0046177
0.00685643
0.00895171
0.0109425
0.0128126
0.0145472
0.0161319
0.0175219
0.0187272
0.0197301
0.0205212
0.021095
0.0214535
0.0215924
0.0215138
0.0212221
0.0207245
0.0200685
0.0192287
0.0182186
0.0170528
0.0157469
0.0143796
0.0129096
0.0113602
0.0097564
0.00812293
0.00655157
0.00499217
0.00346367
0.00198494
0.000575488
-0.000684121
-0.00183791
-0.00286917
-0.00376384
-0.00451063
-0.00506119
-0.00545028
-0.00567354
-0.0057286
-0.00561532
-0.0053242
-0.00487168
-0.00426411
-0.00350989
-0.00261968
-0.00162224
-0.000515407
0.000684866
0.00196198
0.00329899
0.00464209
0.00601226
0.00739082
0.00875873
0.0100974
0.0113433
0.0125307
0.0136453
0.0146737
0.0156032
0.0163771
0.0170346
0.0175676
0.0179703
0.0182392
0.0183373
0.018305
0.0181441
0.0178581
0.0174524
0.0169114
0.0162704
0.0155398
0.0147305
0.0138544
0.012913
0.0119322
0.0109255
0.00990643
0.00888829
0.00788113
0.00690061
0.00595797
0.00506351
0.00422649
0.00345544
0.00275629
0.00213411
0.00159233
0.00113277
0.000756174
0.00046017
0.000241862
9.67575e-05
1.88614e-05
0
0
0
0
0
0
0
0
0
0
0
0
0
0
0
-0
-0
-0
-0
-0
-0
-0
-0
-0
-0
-0
-0
-0
-0
-0
-0
-0
-0
-0
-0
-0
-0
-0
-0
-0
-0
-0
-0
-0
-0
-0
-0
-0
-0
-0
-0
0
0
0
0
0
0
0
0
0
0
0
0
0
0
0
0
0
0
0
0
0
0
0
0
0
0
0
0
0
0
0
0
0
0
0
0
0
0
0
0
0
0
0
0
0
0
0
0
0
0
0
0
0
0
0
0
0
0
0
0
0
0
0
0
0
0
0
0
0
0
0
0
0
0
0
0
0
0
0
0
0
0
0
0
0
0
0
0
0
0
0
0
0
0
0
0
0
0
0
0
0
0
0
0
0
0
0
0
0
0
0
0
0
0
0
0
0
0
0
0
0
0
0
0
0
0
0
0
0
0
0
0
0
0
0
0
0
0
0
0
0
0
0
0
0
0
0
0
0
0
0
0
0
0
0
0
0
0
0
0
0
0
0
0
0
0
0
0
0
0
0
0
0
0
0
0
0
0
0
0
0
0
0
0
0
0
0
0
0
0
0
0
0
0
0
0
0
0
0
0
0
0
0
0
0
0
0
0
0
0
0
0
0
0
0
0
0
0
0
0
0
0
0
0
0
0
0
0
0
0
0
0
0
0
0
0
0
0
0
0
0
0
0
0
0
0
0
0
0
0
0
0
0
0
0
0
0
0
0
0
0
0
0
0
0
0
0
0
0
0
0
0
0
0
0
0
0
0
0
0
0
0
0
0
0
0
0
0
0
0
0
0
0
0
0
0
0
0
0
0
0
0
0
0
0
0
0
0
0
0
0
0
0
0
0
0
0
0
0
0
0
0
0
0
0
0
0
0
0
0
0
0
0
