-0
-0
-0
-0
-0
-0
-0
-0
-0
-0
-0
-0
-0
-0
-0
-0
-0
-0
-0
-0
-0
0
0
0
0
0
0
0
0
0
0
0
0
0
0
0
0
0
0
0
0
0
0
0
0
0
0
0
0
0
0
0
0
0
0
0
0
0
0
0
0
0
0
0
-0
-0
-0
-0
-0
-0
-0
-0
-0
-0
-0
-0
-0
-0
-0
-0
-0
-0
-0
-0
-0
-0
-0
-2.57069e-07
-2.09498e-05
-7.17846e-05
-0.000147427
-0.000241198
-0.000345181
-0.000450358
-0.000546759
-0.000623635
-0.000669649
-0.000673073
-0.000622005
-0.000504582
-0.000309203
-2.47566e-05
0.000359152
0.000851975
0.001462
0.00219617
0.00305987
0.00405677
0.00518872
0.00645556
0.00785508
0.00938292
0.0110325
0.012795
0.0146592
0.016612
0.0186379
0.0207198
0.0228385
0.0249734
0.0271022
0.0292011
0.0312453
0.0332086
0.0350643
0.0367853
0.0383446
0.0397155
0.0408722
0.0417898
0.0424449
0.0428158
0.0428822
0.0426261
0.0420312
0.0410838
0.0397727
0.0380896
0.0360298
0.0335919
0.0307778
0.0275933
0.0240474
0.0201522
0.0159234
0.0113796
0.00654271
0.00143711
-0.00390998
-0.00946871
-0.0152064
-0.0210874
-0.0270734
-0.0331235
-0.0391953
-0.0452456
-0.0512314
-0.0571101
-0.0628398
-0.0683791
-0.0736872
-0.078724
-0.0834509
-0.087831
-0.0918298
-0.095415
-0.0985575
-0.101231
-0.103412
-0.105082
-0.106226
-0.106832
-0.106895
-0.106411
-0.105381
-0.103809
-0.101703
-0.0990777
-0.0959886
-0.092469
-0.0885353
-0.0842052
-0.0794979
-0.0744348
-0.0690391
-0.0633365
-0.0573542
-0.0511208
-0.0446652
-0.0380162
-0.0312029
-0.0242543
-0.0172
-0.0100701
-0.00289464
0.00429592
0.0114714
0.0186013
0.0256551
0.0326021
0.0394113
0.0460528
0.0524975
0.0587182
0.0646894
0.0703874
0.0757898
0.0808756
0.0856251
0.0900197
0.0940426
0.0976781
0.100912
0.103732
0.106125
0.108083
0.109599
0.110666
0.111281
0.111444
0.111154
0.110413
0.109223
0.107588
0.105514
0.103007
0.100077
0.0967338
0.0929902
0.0888605
0.0843604
0.0795074
0.0743204
0.068819
0.0630241
0.0569567
0.0506388
0.0440928
0.0373422
0.0304119
0.0233276
0.0161164
0.0088056
0.0014231
-0.00600325
-0.0134456
-0.0208761
-0.0282672
-0.0355913
-0.0428211
-0.04993
-0.0568919
-0.0636812
-0.0702732
-0.0766434
-0.0827679
-0.0886234
-0.0941877
-0.0994391
-0.104357
-0.108923
-0.113118
-0.116926
-0.120331
-0.123319
-0.125878
-0.127998
-0.12967
-0.130888
-0.131646
-0.13194
-0.131767
-0.131128
-0.130021
-0.128448
-0.126414
-0.123921
-0.120975
-0.117584
-0.113756
-0.109504
-0.104844
-0.0997922
-0.0943689
-0.0885946
-0.082491
-0.0760805
-0.0693863
-0.0624331
-0.0552467
-0.0478541
-0.0402834
-0.0325632
-0.0247228
-0.0167915
-0.00879933
-0.000776284
0.00724755
0.0152422
0.0231779
0.0310247
0.0387528
0.0463318
0.0537311
0.0609203
0.0678693
0.0745491
0.0809317
0.0869904
0.0926993
0.0980341
0.102971
0.10749
0.111569
0.115192
0.118341
0.121001
0.123158
0.124801
0.125919
0.126504
0.126551
0.126059
0.125026
0.123456
0.121352
0.11872
0.115569
0.111908
0.10775
0.10311
0.0980032
0.0924491
0.0864677
0.0800821
0.0733172
0.0662003
0.0587601
0.0510265
0.0430302
0.0348026
0.0263763
0.0177844
0.00906088
0.000240253
-0.00864256
-0.0175523
-0.0264532
-0.0353093
-0.0440845
-0.052743
-0.0612498
-0.0695707
-0.0776727
-0.085524
-0.0930936
-0.100352
-0.10727
-0.11382
-0.119979
-0.125721
-0.131025
-0.135868
-0.140232
-0.144097
-0.147448
-0.150271
-0.152557
-0.154296
-0.155483
-0.156114
-0.156186
-0.155699
-0.154656
-0.153059
-0.150915
-0.148231
-0.145017
-0.141283
-0.137043
-0.132312
-0.12711
-0.121456
-0.115372
-0.108882
-0.10201
-0.0947814
-0.087224
-0.0793657
-0.071236
-0.0628647
-0.0542824
-0.0455209
-0.0366129
-0.0275928
-0.0184955
-0.00935688
-0.000212627
0.00890181
0.0179513
0.0269009
0.0357159
0.0443619
0.0528054
0.0610137
0.0689555
0.0766008
0.0839198
0.0908836
0.0974636
0.103632
0.109363
0.114631
0.119415
0.123694
0.127449
0.130663
0.133322
0.135415
0.13693
0.137862
0.138205
0.137956
0.137115
0.135681
0.133657
0.13105
0.127867
0.124118
0.119815
0.114973
0.10961
0.103745
0.0974014
0.0906044
0.0833817
0.0757629
0.0677792
0.0594636
0.0508507
0.0419763
0.0328774
0.0235917
0.0141573
0.00461275
-0.00500279
-0.0146495
-0.0242867
-0.0338734
-0.0433682
-0.0527295
-0.0619159
-0.0708864
-0.0795999
-0.0880166
-0.0960976
-0.103806
-0.111107
-0.117967
-0.124355
-0.130243
-0.135605
-0.140416
-0.144655
-0.148306
-0.151354
-0.153789
-0.155601
-0.156786
-0.157342
-0.15727
-0.156573
-0.155259
-0.153336
-0.150818
-0.147719
-0.144058
-0.139855
-0.135133
-0.129919
-0.12424
-0.118125
-0.111605
-0.104712
-0.0974801
-0.0899452
-0.0821443
-0.0741151
-0.0658963
-0.0575266
-0.0490456
-0.0404928
-0.0319084
-0.0233322
-0.0148039
-0.00636203
0.00195534
0.0101113
0.0180701
0.0257972
0.0332598
0.0404269
0.0472695
0.0537604
0.059874
0.0655862
0.0708753
0.0757217
0.0801087
0.0840226
0.0874524
0.0903893
0.0928266
0.0947596
0.0961862
0.0971068
0.097525
0.0974469
0.096881
0.0958377
0.0943295
0.0923708
0.0899782
0.0871705
0.0839686
0.0803951
0.0764735
0.0722286
0.0676865
0.0628745
0.0578211
0.0525562
0.0471099
0.0415125
0.0357939
0.029984
0.0241125
0.0182093
0.012304
0.00642627
0.000604771
-0.00513266
-0.0107593
-0.0162495
-0.0215787
-0.0267235
-0.031662
-0.0363738
-0.0408402
-0.045044
-0.0489699
-0.052604
-0.0559341
-0.0589501
-0.0616435
-0.0640081
-0.0660393
-0.0677343
-0.0690919
-0.0701123
-0.0707977
-0.0711522
-0.0711815
-0.0708931
-0.0702958
-0.0693998
-0.0682165
-0.0667586
-0.0650402
-0.0630764
-0.0608834
-0.0584784
-0.0558788
-0.053103
-0.0501695
-0.0470977
-0.0439068
-0.0406165
-0.0372468
-0.0338173
-0.0303477
-0.0268578
-0.0233664
-0.0198921
-0.0164526
-0.0130651
-0.00974613
-0.00651185
-0.00337785
-0.000358939
0.00253113
0.00527995
0.00787647
0.0103109
0.0125746
0.0146597
0.0165597
0.0182687
0.0197824
0.0210974
0.0222115
0.0231234
0.0238332
0.024342
0.0246526
0.0247692
0.0246969
0.0244417
0.0240097
0.0234075
0.0226424
0.0217222
0.020656
0.0194537
0.0181258
0.0166829
0.0151358
0.0134954
0.011773
0.00998006
0.00812841
0.00622972
0.00429531
0.00233622
0.000363445
-0.0016118
-0.00357811
-0.00552415
-0.00743926
-0.00931382
-0.0111393
-0.0129079
-0.0146121
-0.0162443
-0.0177969
-0.0192628
-0.0206358
-0.021911
-0.0230842
-0.0241519
-0.0251111
-0.0259589
-0.0266931
-0.027312
-0.0278153
-0.0282028
-0.0284749
-0.0286323
-0.0286756
-0.0286064
-0.0284271
-0.0281408
-0.027751
-0.0272613
-0.0266749
-0.025995
-0.0252253
-0.0243704
-0.0234362
-0.0224289
-0.021355
-0.0202199
-0.0190289
-0.0177865
-0.0164979
-0.0151685
-0.0138048
-0.0124132
-0.011
-0.00957103
-0.00813208
-0.00668885
-0.00524727
-0.00381332
-0.00239283
-0.000991209
0.000386454
0.00173522
0.00305005
0.00432584
0.00555762
0.00674098
0.00787223
0.0089483
0.00996636
0.0109235
0.0118164
0.0126422
0.0133979
0.0140814
0.0146914
0.0152266
0.0156856
0.0160672
0.01637
0.0165929
0.0167357
0.0167988
0.0167826
0.0166878
0.0165152
0.0162656
0.0159403
0.0155415
0.0150715
0.0145327
0.0139272
0.0132567
0.0125229
0.011728
0.010875
0.00996755
0.00900956
0.00800474
0.00695643
0.00586781
0.00474227
0.00358365
0.0023963
0.00118465
-4.70871e-05
-0.00129507
-0.00255568
-0.00382511
-0.00509914
-0.0063731
-0.00764224
-0.00890203
-0.0101483
-0.0113773
-0.0125852
-0.0137676
-0.0149202
-0.016036
-0.0171028
-0.018114
-0.0190643
-0.0199486
-0.020762
-0.0214996
-0.0221567
-0.0227292
-0.0232136
-0.0236071
-0.0239074
-0.0241128
-0.024222
-0.0242346
-0.0241506
-0.023971
-0.0236972
-0.023331
-0.0228744
-0.0223303
-0.0217021
-0.020994
-0.0202111
-0.019359
-0.0184435
-0.0174706
-0.0164462
-0.0153768
-0.014269
-0.0131298
-0.0119667
-0.0107871
-0.00959853
-0.00840846
-0.00722429
-0.00605327
-0.00490239
-0.00377826
-0.00268702
-0.00163445
-0.000626033
0.00033303
0.00123785
0.00208406
0.00286796
0.00358666
0.004238
0.00482042
0.00533283
0.00577461
0.00614568
0.00644661
0.00667868
0.0068438
0.00694443
0.00698343
0.00696402
0.00688981
0.0067648
0.00659339
0.0063803
0.00613043
0.00584876
0.00554029
0.00521001
0.00486294
0.00450408
0.00413836
0.00377052
0.00340507
0.00304618
0.00269768
0.00236303
0.00204533
0.00174723
0.00147093
0.00121813
0.000990043
0.000787407
0.000610481
0.000459068
0.000332511
0.000229703
0.000149107
8.87931e-05
4.64722e-05
1.95437e-05
5.13611e-06
1.53676e-07
0
0
0
0
-0
-0
-0
-0
-0
-0
-0
-0
-0
-0
-0
-0
-0
-0
-0
-0
-0
-0
-0
-0
-0
-0
-0
-0
-0
-0
-0
-0
-0
-0
-0
-0
-0
-0
-0
-0
-0
-0
-0
-0
-0
-0
-0
-0
-0
-0
-0
0
0
0
0
0
0
0
0
0
0
0
0
0
0
0
0
0
0
0
0
0
0
0
0
0
0
0
0
0
0
0
0
0
0
0
0
0
0
0
0
0
0
0
0
0
0
0
0
0
0
-0
-0
-0
-0
-0
-0
-0
-0
-0
-0
-0
-0
-0
-0
-0
-0
-0
-0
-0
-0
-0
-0
-0
-0
-0
-0
-0
-0
-0
-0
-0
-0
-0
-0
-0
-0
-0
-0
-0
-0
-0
0
0
0
0
0
0
0
0
0
0
0
3.85208e-07
1.13625e-05
3.9001e-05
8.49108e-05
0.000150117
0.000235047
0.000339524
0.000462774
0.000603435
0.000759553
0.000928613
0.00110756
0.00129286
0.0014806
0.0016665
0.00184602
0.00201433
0.00216632
0.00229668
0.00239997
0.00247082
0.00250395
0.00249418
0.0024364
0.00232551
0.00215674
0.00192563
0.00162833
0.00126165
0.000822937
0.000310042
-0.000278985
-0.000945834
-0.00169171
-0.0025171
-0.0034214
-0.0044032
-0.0054604
-0.00659056
-0.0077908
-0.00905757
-0.0103862
-0.0117706
-0.0132037
-0.0146779
-0.0161854
-0.0177193
-0.0192726
-0.0208378
-0.022406
-0.0239672
-0.0255106
-0.0270255
-0.028502
-0.0299312
-0.0313052
-0.0326153
-0.0338515
-0.0350024
-0.0360564
-0.0370032
-0.0378335
-0.0385395
-0.0391139
-0.0395488
-0.0398371
-0.0399722
-0.0399489
-0.0397646
-0.0394176
-0.0389085
-0.0382366
-0.0374006
-0.0363989
-0.0352315
-0.0339021
-0.0324179
-0.0307881
-0.0290228
-0.0271305
-0.0251191
-0.0229953
-0.0207661
-0.0184408
-0.0160316
-0.0135525
-0.0110195
-0.00844861
-0.00585559
-0.00325613
-0.000663388
0.00191076
0.00445818
0.00697103
0.00943891
0.0118536
0.014204
0.016479
0.0186681
0.02076
0.0227505
0.0246333
0.0264015
0.0280473
0.0295583
0.0309304
0.0321575
0.0332355
0.0341615
0.0349276
0.0355346
0.0359778
0.0362527
0.0363565
0.0362838
0.0360419
0.0356326
0.0350571
0.034315
0.033401
0.0323205
0.0310763
0.0296733
0.028117
0.0264092
0.0245562
0.0225613
0.0204285
0.0181643
0.0157772
0.0132759
0.0106678
0.00795836
0.00515169
0.00225704
-0.000722493
-0.00377637
-0.00689205
-0.0100569
-0.0132503
-0.0164726
-0.0197157
-0.0229712
-0.0262297
-0.0294657
-0.032684
-0.0358744
-0.0390264
-0.0421287
-0.0451483
-0.048092
-0.0509467
-0.0537012
-0.0563468
-0.0588527
-0.0612346
-0.0634828
-0.0655846
-0.0675262
-0.0692704
-0.0708305
-0.0721979
-0.0733653
-0.0743254
-0.0750491
-0.0755483
-0.0758147
-0.0758421
-0.0756254
-0.075148
-0.0744175
-0.0734289
-0.0721772
-0.0706596
-0.0688768
-0.0668311
-0.0645265
-0.0619665
-0.0591533
-0.056106
-0.0528108
-0.0492739
-0.0455044
-0.0415134
-0.037349
-0.0329868
-0.0284386
-0.0237179
-0.0188399
-0.0138772
-0.0087925
-0.00360354
0.00167258
0.00701837
0.0123439
0.0176979
0.0230561
0.0283933
0.033685
0.0388285
0.043881
0.0488196
0.053619
0.0582524
0.0626142
0.0667568
0.0706562
0.0742894
0.0776329
0.0805974
0.0832221
0.0854827
0.0873571
0.0888266
0.0898373
0.0904117
0.090534
0.0901884
0.0893601
0.0880393
0.086218
0.0838925
0.0810609
0.0777207
0.0739191
0.0696057
0.064784
0.0594633
0.0536578
0.0474863
0.0408645
0.0338096
0.0263402
0.0184786
0.0104026
0.0019949
-0.00670871
-0.0156715
-0.0248572
-0.0340427
-0.0433764
-0.052816
-0.0623153
-0.0718258
-0.0810948
-0.0902778
-0.099327
-0.108193
-0.116823
-0.124969
-0.132772
-0.140179
-0.147143
-0.153618
-0.159403
-0.164608
-0.169186
-0.173092
-0.176284
-0.178637
-0.180206
-0.180965
-0.180884
-0.179936
-0.178098
-0.175349
-0.171678
-0.16708
-0.161557
-0.15522
-0.147968
-0.13981
-0.130759
-0.120835
-0.110279
-0.0989107
-0.086767
-0.0738881
-0.0603179
-0.0464106
-0.0319154
-0.016893
-0.00140901
0.0144687
0.0303026
0.0463929
0.0626682
0.0790525
0.0954642
0.111427
0.127249
0.142844
0.158132
0.173032
0.187097
0.200613
0.213499
0.225675
0.237067
0.247318
0.256646
0.26499
0.272288
0.278482
0.283358
0.287031
0.28946
0.290609
0.290448
0.288947
0.286091
0.281872
0.276286
0.26934
0.261212
0.251754
0.240989
0.228942
0.21565
0.201485
0.186171
0.169766
0.15234
0.133963
0.115175
0.0955909
0.0752941
0.0543739
0.0329249
0.0115951
-0.0100656
-0.0319551
-0.0539683
-0.0759972
-0.0973596
-0.118518
-0.139362
-0.159787
-0.179685
-0.198431
-0.216449
-0.233642
-0.249915
-0.265174
-0.278921
-0.291486
-0.302794
-0.312777
-0.321371
-0.328279
-0.333693
-0.337574
-0.339887
-0.340607
-0.339677
-0.337123
-0.332941
-0.327137
-0.319722
-0.310894
-0.300508
-0.288601
-0.275215
-0.260403
-0.244596
-0.227486
-0.209145
-0.189653
-0.169094
-0.148091
-0.126202
-0.103524
-0.0801546
-0.0561973
-0.0323883
-0.00820368
0.0162482
0.0408571
0.0655118
0.0894438
0.113202
0.13668
0.159772
0.182377
0.203785
0.224509
0.244456
0.263537
0.281666
0.29827
0.31377
0.328097
0.341191
0.352996
0.363142
0.371905
0.379249
0.385142
0.389562
0.392376
0.39369
0.393501
0.391813
0.388638
0.384094
0.378104
0.370699
0.361913
0.351787
0.34067
0.328313
0.314774
0.300118
0.284411
0.268188
0.251057
0.233093
0.214373
0.19498
0.175574
0.155667
0.135348
0.114705
0.0938255
0.0734204
0.0529517
0.0325047
0.0121657
-0.00797826
-0.0272357
-0.0461276
-0.0645732
-0.0824951
-0.0998193
-0.115951
-0.131348
-0.145947
-0.159686
-0.172509
-0.183966
-0.194402
-0.203774
-0.212042
-0.219172
-0.224908
-0.229455
-0.232797
-0.234923
-0.235828
-0.235464
-0.233877
-0.231074
-0.227067
-0.221876
-0.215662
-0.208321
-0.199886
-0.190393
-0.179881
-0.168689
-0.156564
-0.143556
-0.129724
-0.115129
-0.100259
-0.0847529
-0.0686762
-0.0520954
-0.03508
-0.0182063
-0.00104099
0.0163455
0.0338841
0.0515064
0.0686104
0.0856608
0.102587
0.119317
0.135783
0.151406
0.166638
0.18142
0.195695
0.209408
0.222065
0.234053
0.245328
0.255851
0.265589
0.27418
0.281926
0.2888
0.294776
0.299834
0.303766
0.306756
0.308798
0.309891
0.310032
0.30918
0.307389
0.304672
0.301052
0.296553
0.291304
0.285227
0.278346
0.270688
0.262284
0.253408
0.243867
0.233706
0.222968
0.211701
0.200288
0.188438
0.1762
0.163624
0.15076
0.138062
0.125169
0.112129
0.0989924
0.0858126
0.0730803
0.0604141
0.0478631
0.0354724
0.023284
0.0117612
0.000523716
-0.0103863
-0.0209281
-0.0310642
-0.0403912
-0.0492528
-0.0576236
-0.0654785
-0.0727921
-0.0792513
-0.0851266
-0.0904035
-0.0950716
-0.0991222
-0.10236
-0.104964
-0.106927
-0.108244
-0.108919
-0.108885
-0.108221
-0.106938
-0.105043
-0.102547
-0.099508
-0.0959036
-0.0917604
-0.0871082
-0.0819757
-0.0765375
-0.0706645
-0.0643762
-0.0576949
-0.0506477
-0.0435039
-0.0360574
-0.0283384
-0.0203743
-0.0121907
-0.00411652
0.00412167
0.0124906
0.0209547
0.0294789
0.0376927
0.0459084
0.054102
0.0622495
0.0703247
0.077954
0.0854557
0.0928039
0.0999754
0.106949
0.113383
0.11958
0.12552
0.131184
0.136552
0.14133
0.14578
0.149887
0.15364
0.157029
0.15984
0.162273
0.164327
0.166
0.167293
0.168085
0.168493
0.168513
0.168144
0.167389
0.166228
0.164696
0.162805
0.160565
0.157986
0.155145
0.151979
0.148497
0.144709
0.14063
0.136433
0.131974
0.127268
0.122329
0.117172
0.112045
0.106731
0.101248
0.0956119
0.0898398
0.0842327
0.0785184
0.0727123
0.0668326
0.0609004
0.055252
0.0495964
0.0439542
0.0383435
0.032781
0.0275937
0.0224879
0.0174819
0.0125945
0.00784269
0.00351905
-0.000644343
-0.00463821
-0.00845195
-0.0120718
-0.0152622
-0.0182242
-0.0209378
-0.0233796
-0.0255368
-0.0272642
-0.0286934
-0.0298195
-0.0306388
-0.0311495
-0.0313125
-0.0311739
-0.0307411
-0.0300224
-0.0290263
-0.0278165
-0.0263473
-0.0246328
-0.022691
-0.0205437
-0.0183498
-0.0159917
-0.0134894
-0.0108625
-0.00813128
-0.00550933
-0.00282286
-9.54867e-05
0.00265057
0.00539541
0.00790636
0.0103896
0.0128275
0.0152006
0.0174888
0.0194663
0.0213335
0.0230784
0.0246916
0.0261657
0.0273209
0.0283333
0.0291971
0.0299076
0.0304621
0.0307358
0.0308614
0.0308411
0.030678
0.0303772
0.029874
0.0292537
0.028525
0.0276968
0.0267777
0.0257498
0.0246501
0.0234883
0.0222756
0.0210239
0.0197513
0.0184622
0.0171668
0.0158743
0.0145936
0.0133558
0.012145
0.0109702
0.00983943
0.0087594
0.00775945
0.00681527
0.00593047
0.00510823
0.0043512
0.00367923
0.00307103
0.0025267
0.00204528
0.00162501
0.00127269
0.000973015
0.00072296
0.000518992
0.000357076
0.00023538
0.000144907
8.10912e-05
3.92905e-05
1.48676e-05
3.32934e-06
2.99467e-08
0
0
0
-0
-0
-0
-0
-0
-0
-0
-0
-0
-0
-0
-0
-0
-0
-0
-0
-0
-0
-0
-0
-0
-0
-0
-0
-0
-0
-0
-0
-0
-0
-0
-0
-0
-0
-0
0
0
0
0
0
0
0
0
0
0
0
0
0
0
0
0
0
0
0
0
0
0
0
0
0
0
0
0
0
0
0
0
0
0
0
0
0
0
0
0
0
0
0
0
0
0
0
0
0
