-0
-0
-0
-0
-0
-0
-0
-0
-0
-0
-0
-0
-0
-0
-0
-0
-0
-0
-0
0
0
0
0
0
0
0
0
0
0
0
0
0
0
0
0
0
0
0
0
0
0
0
0
0
0
0
0
0
0
0
0
0
0
0
0
0
0
0
0
0
0
0
0
0
0
-0
-0
-0
-0
-0
-0
-0
-0
-0
-0
-0
-0
-0
-0
-0
-0
-0
-0
-0
-0
-0
-0
-0
-0
-0
-0
-0
-0
-0
-0
-0
-0
-0
-0
-0
-0
-0
-0
-0
-0
-0
-0
-0
-0
-0
-0
-0
-0
0
0
0
0
0
0
0
0
0
0
0
0
0
0
0
0
0
0
0
0
0
0
0
0
0
0
0
0
0
0
0
0
0
0
0
0
0
0
0
0
0
0
0
0
0
0
0
-0
-0
-0
-0
-0
-0
-0
-0
-0
-0
-0
-0
-0
-0
-0
-0
-0
-0
-0
-0
-0
-0
-0
-0
-0
-0
-0
-0
-0
-0
-0
-0
-0
-0
-0
-0
-0
-0
-0
-0
-0
-0
-0
-0
-0
-0
-0
-0
-0
-0
-0
-0
0
0
0
0
0
0
0
0
0
0
0
0
0
0
0
0
0
0
0
0
0
0
0
0
0
0
0
0
0
0
0
0
0
0
0
0
0
0
0
0
0
0
0
-0
-0
-0
-0
-0
-0
-0
-0
-0
-0
-0
-0
-0
-0
-0
-0
-0
-0
-0
-0
-0
-0
-0
-0
-0
-0
-0
-0
-0
-0
-0
-0
-0
-0
-0
-0
-0
-0
-0
-0
-0
-0
-0
-0
0
0
0
0
0
0
0
0
0
0
0
0
0
0
0
0
0
0
0
0
0
0
0
0
0
0
0
0
0
0
0
0
0
0
0
0
0
0
-0
-0
-0
-0
-0
-0
-0
-0
-0
-0
-0
-0
-0
-0
-0
-0
-0
-0
-0
-0
-0
-0
-0
-0
-0
-0
-0
-0
-0
-0
-0
-0
-0
-0
-0
-0
-0
-0
-0
-0
-0
-0
-0
0
0
0
0
5.02313e-07
2.89542e-06
7.91952e-06
1.61812e-05
2.8162e-05
4.42103e-05
6.45335e-05
8.91894e-05
0.000118082
0.000150968
0.000187471
0.000227102
0.000269271
0.000313293
0.00035838
0.000403653
0.00044816
0.000490916
0.000530931
0.000567238
0.000598889
0.000624963
0.000644586
0.000656967
0.000661442
0.000657494
0.000644739
0.000622886
0.000591718
0.000551106
0.000501067
0.000441819
0.0003738
0.000297618
0.000213969
0.000123568
2.71443e-05
-7.44958e-05
-0.000180396
-0.000289415
-0.00040026
-0.000511585
-0.000622064
-0.000730437
-0.00083549
-0.000936036
-0.00103093
-0.00111915
-0.00119981
-0.00127225
-0.00133593
-0.00139034
-0.00143497
-0.00146933
-0.00149308
-0.00150613
-0.00150869
-0.00150118
-0.00148407
-0.00145778
-0.00142271
-0.00137936
-0.00132844
-0.00127097
-0.00120818
-0.00114138
-0.00107186
-0.00100086
-0.000929618
-0.00085939
-0.000791423
-0.000726802
-0.000666339
-0.000610571
-0.000559919
-0.000514938
-0.000476479
-0.000445646
-0.000423541
-0.000410929
-0.000408007
-0.000414409
-0.000429425
-0.000452286
-0.000482367
-0.000519193
-0.000562316
-0.000611149
-0.000664885
-0.00072251
-0.000783068
-0.000845645
-0.00090902
-0.000971905
-0.00103302
-0.0010912
-0.00114557
-0.00119549
-0.00124054
-0.00128027
-0.00131405
-0.00134106
-0.00136036
-0.00137113
-0.00137279
-0.00136495
-0.00134729
-0.00131942
-0.00128086
-0.00123123
-0.00117048
-0.00109901
-0.00101764
-0.000927311
-0.000828794
-0.000722495
-0.000608525
-0.000486974
-0.00035822
-0.000223089
-8.27836e-05
6.13644e-05
0.000208152
0.000356622
0.000505988
0.000655454
0.000804043
0.000950577
0.00109376
0.00123236
0.00136525
0.00149142
0.00160988
0.0017196
0.00181948
0.00190847
0.00198569
0.00205049
0.00210237
0.0021409
0.00216562
0.00217605
0.0021718
0.0021527
0.0021189
0.00207073
0.00200859
0.0019327
0.00184305
0.00173949
0.00162193
0.00149056
0.00134596
0.00118906
0.00102098
0.0008428
0.00065553
0.000460049
0.000257214
4.79432e-05
-0.000166747
-0.000385769
-0.000608008
-0.000832361
-0.00105774
-0.00128304
-0.00150722
-0.00172927
-0.00194831
-0.00216354
-0.00237415
-0.00257923
-0.00277763
-0.00296803
-0.0031491
-0.00331975
-0.00347925
-0.0036273
-0.00376375
-0.00388839
-0.00400075
-0.00410007
-0.00418552
-0.0042564
-0.00431234
-0.00435325
-0.00437916
-0.00439001
-0.00438555
-0.00436541
-0.00432925
-0.00427689
-0.00420834
-0.00412369
-0.00402295
-0.003906
-0.00377261
-0.00362259
-0.00345597
-0.00327298
-0.00307403
-0.00285952
-0.00262978
-0.00238506
-0.00212556
-0.00185156
-0.00156334
-0.00126117
-0.000945214
-0.000615584
-0.00027247
8.36908e-05
0.000452141
0.000831894
0.00122197
0.00162165
0.0020305
0.0024483
0.00287461
0.00330852
0.00374849
0.00419253
0.00463852
0.00508456
0.00552911
0.0059709
0.0064086
0.00684053
0.0072646
0.00767837
0.00807936
0.00846521
0.00883379
0.00918308
0.00951093
0.00981495
0.0100924
0.0103405
0.0105562
0.0107371
0.0108808
0.0109849
0.0110473
0.0110655
0.0110371
0.0109599
0.0108317
0.0106508
0.0104159
0.010126
0.00978016
0.00937733
0.00891648
0.00839671
0.00781744
0.00717866
0.00648093
0.0057253
0.00491314
0.004046
0.00312557
0.00215378
0.0011329
6.56848e-05
-0.00104464
-0.00219446
-0.00337982
-0.00459651
-0.00583997
-0.00710525
-0.00838699
-0.00967943
-0.0109766
-0.0122724
-0.0135607
-0.0148353
-0.0160898
-0.0173172
-0.0185106
-0.0196627
-0.0207662
-0.0218141
-0.0227994
-0.0237155
-0.0245558
-0.0253138
-0.025983
-0.0265575
-0.0270314
-0.0273994
-0.0276566
-0.0277982
-0.0278203
-0.0277189
-0.0274911
-0.0271345
-0.0266472
-0.0260282
-0.0252771
-0.024394
-0.0233797
-0.0222357
-0.0209642
-0.0195683
-0.0180515
-0.0164184
-0.0146741
-0.0128245
-0.0108763
-0.00883702
-0.00671468
-0.00451802
-0.00225624
6.10399e-05
0.00242373
0.00482128
0.00724264
0.00967629
0.0121104
0.0145327
0.016931
0.0192928
0.0216056
0.0238571
0.026035
0.0281273
0.0301223
0.0320086
0.0337753
0.0354117
0.0369075
0.0382527
0.0394382
0.0404554
0.0412965
0.0419547
0.042424
0.0426995
0.0427773
0.0426545
0.0423293
0.0418008
0.0410691
0.0401351
0.0390009
0.0376695
0.0361449
0.0344323
0.0325381
0.0304696
0.0282354
0.0258449
0.0233087
0.0206382
0.0178456
0.014944
0.0119469
0.00886841
0.00572292
0.00252527
-0.000709276
-0.00396511
-0.0072263
-0.0104767
-0.0137
-0.0168799
-0.0200002
-0.0230446
-0.0259971
-0.0288421
-0.0315643
-0.034149
-0.0365824
-0.0388516
-0.0409445
-0.0428502
-0.044559
-0.0460623
-0.0473525
-0.0484235
-0.0492701
-0.0498884
-0.0502759
-0.050431
-0.0503535
-0.0500447
-0.0495066
-0.0487429
-0.0477581
-0.0465578
-0.0451489
-0.0435392
-0.0417376
-0.0397542
-0.0375997
-0.0352857
-0.0328248
-0.0302298
-0.0275145
-0.0246932
-0.0217807
-0.0187922
-0.0157431
-0.0126493
-0.00952644
-0.00639038
-0.00325685
-0.000141484
0.00294027
0.00597322
0.00894255
0.0118339
0.0146334
0.017328
0.0199052
0.022353
0.0246605
0.0268175
0.0288145
0.0306434
0.0322968
0.0337683
0.0350527
0.0361457
0.0370439
0.037745
0.0382475
0.0385834
0.0388007
0.0389002
0.0388814
0.038742
0.0384784
0.0380861
0.0375592
0.0368912
0.0360747
0.0351021
0.0339653
0.0326567
0.0311686
0.0294942
0.0276273
0.0255625
0.0232956
0.0208236
0.0181454
0.0152616
0.0121748
0.00889008
0.0054144
0.00175711
-0.00207024
-0.00605384
-0.0101775
-0.0144228
-0.0187689
-0.023193
-0.0276703
-0.0321741
-0.0366761
-0.0411464
-0.0455538
-0.0498665
-0.0540516
-0.0580765
-0.0619082
-0.0655141
-0.0688621
-0.0719208
-0.0746602
-0.0770515
-0.0790685
-0.0806866
-0.081884
-0.082641
-0.082941
-0.0827701
-0.0821181
-0.0809784
-0.0793481
-0.0772278
-0.0746218
-0.0715378
-0.0679873
-0.0639856
-0.0595517
-0.0547088
-0.0494833
-0.0439044
-0.0380043
-0.0318176
-0.0253818
-0.0187368
-0.011925
-0.0049907
0.00202062
0.00906254
0.0160881
0.0230501
0.0299011
0.0365936
0.043081
0.0493177
0.0552598
0.0608654
0.0660945
0.0709097
0.0752758
0.0791606
0.0825352
0.0853745
0.0876572
0.0893658
0.0904869
0.0910042
0.0909057
0.0902116
0.0889461
0.0871152
0.0847285
0.0818232
0.0783901
0.0744469
0.0700141
0.0651148
0.0598183
0.0541098
0.0480204
0.0415837
0.0348352
0.0278718
0.0206716
0.0132742
0.00572034
-0.00194818
-0.00961862
-0.017319
-0.0250065
-0.0326385
-0.0401727
-0.0474944
-0.0546352
-0.0615547
-0.0682135
-0.074574
-0.0805354
-0.0861294
-0.091324
-0.0960891
-0.100396
-0.104172
-0.107442
-0.110184
-0.112383
-0.114023
-0.115073
-0.115546
-0.115435
-0.114739
-0.113458
-0.111608
-0.109184
-0.106196
-0.102656
-0.0985807
-0.0940331
-0.0889875
-0.0834666
-0.0774957
-0.0711022
-0.0643932
-0.0573222
-0.0499228
-0.0422303
-0.0342811
-0.026215
-0.0179674
-0.0095774
-0.00108497
0.00746926
0.0159287
0.0243691
0.0327502
0.0410318
0.0491738
0.0570208
0.0646504
0.0720242
0.079105
0.085857
0.0921447
0.0980374
0.103504
0.108515
0.113041
0.116983
0.12039
0.12324
0.125515
0.127197
0.128238
0.128659
0.128448
0.127599
0.126094
0.123936
0.121113
0.117632
0.1135
0.10873
0.103403
0.0974735
0.0909636
0.0839001
0.0763124
0.0683431
0.0599157
0.0510673
0.0418377
0.0322697
0.0225532
0.0125895
0.00242617
-0.00788787
-0.0183028
-0.0286046
-0.0389056
-0.0491544
-0.0592993
-0.0692889
-0.0789105
-0.0882758
-0.0973359
-0.106043
-0.114352
-0.122079
-0.129322
-0.136042
-0.142203
-0.14777
-0.152613
-0.156804
-0.160319
-0.163137
-0.165239
-0.166569
-0.16716
-0.167005
-0.166101
-0.16445
-0.162074
-0.158965
-0.155137
-0.150605
-0.14539
-0.139593
-0.133162
-0.126129
-0.118525
-0.110387
-0.101883
-0.0929229
-0.0835512
-0.0738126
-0.0637545
-0.0535899
-0.0432042
-0.0326483
-0.0219738
-0.0112331
-0.000658503
0.00987803
0.0203252
0.0306324
0.0407498
0.050456
0.0598778
0.0689709
0.077693
0.0860042
0.0937214
0.100955
0.107674
0.113848
0.119451
0.124358
0.128651
0.132313
0.135331
0.137696
0.139355
0.140352
0.140687
0.140365
0.139394
0.137799
0.135579
0.132753
0.129339
0.125361
0.120912
0.115951
0.11051
0.104619
0.0983132
0.09174
0.0848254
0.0776084
0.0701286
0.0624263
0.0546804
0.0467921
0.0388015
0.0307494
0.0226765
0.0147715
0.00692544
-0.000823796
-0.00843993
-0.0158879
-0.0229953
-0.0298684
-0.0364769
-0.0427922
-0.0487883
-0.0543285
-0.0595057
-0.0643013
-0.0686989
-0.0726843
-0.0761686
-0.0792196
-0.0818309
-0.0839991
-0.0857227
-0.0869687
-0.0877746
-0.0881463
-0.0880919
-0.0876216
-0.0867557
-0.0854999
-0.0838693
-0.081881
-0.0795534
-0.0769518
-0.0740527
-0.0708788
-0.0674535
-0.0638009
-0.0600177
-0.0560562
-0.0519412
-0.0476978
-0.0433512
-0.0390138
-0.0346227
-0.0302024
-0.0257773
-0.0213709
-0.0170961
-0.0128836
-0.00875294
-0.00472204
-0.000808046
0.00289139
0.00644193
0.00982901
0.0130395
0.0160621
0.0188241
0.0213816
0.0237285
0.0258599
0.0277718
0.029421
0.030847
0.0320502
0.0330329
0.0337983
0.0343348
0.0346631
0.0347888
0.0347187
0.0344612
0.0340332
0.0334381
0.0326872
0.0317915
0.0307617
0.029634
0.0283938
0.0270526
0.0256234
0.0241199
0.0225932
0.0210189
0.019409
0.017774
0.0161243
0.0145125
0.0129073
0.0113201
0.0097617
0.00824186
0.00680906
0.00542967
0.00410981
0.00285575
0.00167407
0.000604405
-0.000381282
-0.00127951
-0.00208849
-0.00280743
-0.00341286
-0.00392611
-0.00434538
-0.0046693
-0.00489794
-0.00502263
-0.00505769
-0.0050075
-0.00487619
-0.00466723
-0.00438441
-0.00403013
-0.00360851
-0.00312472
-0.00258462
-0.00200427
-0.00137893
-0.000713724
-1.38714e-05
0.000714908
0.00145001
0.00220157
0.00296374
0.00373136
0.00449986
0.00524582
0.0059835
0.0067077
0.00741302
0.00809437
0.00872939
0.00933272
0.00990147
0.0104329
0.0109242
0.0113583
0.011747
0.0120886
0.0123819
0.0126261
0.012812
0.0129469
0.0130297
0.0130597
0.013037
0.0129605
0.0128341
0.0126598
0.0124391
0.0121732
0.0118671
0.0115176
0.0111263
0.0106956
0.0102286
0.00973776
0.00921694
0.00866901
0.0080967
0.00750284
0.00690283
0.00628773
0.00566099
0.00502598
0.00438593
0.00375715
0.0031294
0.00250572
0.00188909
0.00128232
0.00069992
0.0001322
-0.000418381
-0.000948859
-0.00145567
-0.00192594
-0.00236507
-0.00277033
-0.00314009
-0.00347356
-0.00376549
-0.00401964
-0.00423433
-0.00440743
-0.00453689
-0.00462142
-0.00466058
-0.00465463
-0.00460397
-0.00450876
-0.00437332
-0.00419301
-0.0039681
-0.00369952
-0.0033888
-0.00304572
-0.00266414
-0.00224593
-0.00179315
-0.00130828
-0.000804016
-0.000273152
0.000281873
0.000858931
0.00145586
0.00205971
0.00267702
0.00330332
0.00393404
0.00456531
0.0051858
0.00580253
0.00641407
0.00701819
0.00761147
0.00818385
0.00873659
0.00926595
0.00976929
0.0102448
0.010689
0.0111017
0.0114805
0.0118231
0.0121276
0.0123955
0.01262
0.0127976
0.0129283
0.0130118
0.0130541
0.0130491
0.0129974
0.0129001
0.0127588
0.0125839
0.0123698
0.0121201
0.0118387
0.0115299
0.0112059
0.010861
0.0104981
0.0101202
0.00973099
0.00934237
0.00895228
0.00856548
0.00818576
0.00781578
0.00746144
0.00712058
0.00679548
0.00648873
0.00620276
0.00593947
0.00569974
0.00548403
0.00529265
0.00512597
0.00498076
0.00486051
0.00476416
0.0046898
0.00463503
0.00459137
0.00456331
0.00454916
0.00454714
0.00455511
0.00456315
0.00457611
0.00459113
0.00460568
0.00461759
0.00461807
0.00461266
0.00459949
0.00457675
0.00454287
0.00449136
0.00442699
0.00434896
0.00425664
0.00414966
0.00402493
0.00388638
0.00373488
0.00357154
0.00339758
0.00321315
0.00302083
0.00282212
0.00261878
0.00241278
0.00220643
0.00200142
0.00179963
0.00160277
0.0014125
0.00123118
0.00105942
0.000898626
0.000749985
0.000614424
0.00049319
0.000385904
0.000292784
0.000213801
0.000148654
9.69567e-05
5.75535e-05
2.94438e-05
1.14338e-05
2.15596e-06
0
0
0
0
0
0
0
0
0
0
0
-0
-0
-0
-0
-0
-0
-0
-0
-0
-0
-0
-0
-0
-0
-0
-0
-0
-0
-0
-0
-0
0
0
0
0
0
0
0
0
0
0
0
0
0
0
0
0
0
0
0
0
0
0
0
0
0
0
0
0
0
0
0
0
0
0
0
0
0
0
0
0
0
0
0
0
0
0
0
0
0
0
0
0
0
0
0
0
0
0
0
0
0
-0
-0
-0
-0
-0
-0
-0
-0
-0
-0
-0
-0
-0
-0
-0
-0
-0
-0
-0
-0
-0
-0
-0
-0
-0
-0
-0
-0
0
0
0
0
0
0
0
0
0
0
0
0
0
0
0
0
0
0
0
0
0
0
0
0
0
0
0
0
0
0
0
0
0
0
0
0
0
0
0
0
0
0
0
0
0
0
0
0
0
0
0
0
0
0
0
0
0
0
0
0
0
0
0
-0
-0
-0
-0
-0
-0
-0
-0
-0
-0
-0
-0
-0
-0
-0
-0
-0
-0
-0
-0
-0
-0
-0
-0
-0
-0
-0
-0
-0
-0
-0
-0
0
0
0
0
0
0
0
0
0
0
0
0
0
0
0
0
0
0
0
0
0
0
0
0
0
0
0
0
0
0
0
0
0
0
0
0
0
0
0
0
0
0
0
0
0
0
0
0
0
0
0
0
0
0
0
0
0
0
0
0
0
0
0
0
-0
-0
-0
-0
-0
-0
-0
-0
-0
-0
-0
-0
-0
-0
-0
-0
-0
-0
-0
-0
-0
-0
-0
-0
-0
-0
-0
-0
-0
-0
-0
-0
-0
-0
-0
-0
-0
-0
-0
-0
-0
-0
-0
-0
0
0
0
0
0
0
0
0
0
0
0
0
0
0
0
0
0
0
0
0
0
0
0
0
0
0
0
0
0
0
0
0
0
0
0
0
0
0
0
0
0
0
0
0
0
0
0
0
0
0
0
0
0
0
0
0
0
0
0
0
