0
0
0
0
0
0
0
0
0
0
0
0
0
0
0
0
0
0
0
0
0
0
0
0
0
0
0
0
0
0
0
0
0
0
-0
-0
-0
-0
-0
-0
-0
-0
-0
-0
-0
-0
-0
-0
-0
-0
-0
-0
-0
-0
-0
-0
-0
-0
-0
-0
-0
-0
-0
-0
-0
-0
-0
-0
-0
-0
-0
-0
-0
-0
-0
0
0
0
0
0
0
0
0
0
0
0
0
1.19196e-08
5.43023e-07
1.27619e-07
-3.92123e-06
-1.44757e-05
-3.4414e-05
-6.64395e-05
-0.000112904
-0.000175639
-0.000255804
-0.000353746
-0.000468893
-0.000599657
-0.000743378
-0.000896289
-0.00105351
-0.00120907
-0.00135597
-0.00148624
-0.00159107
-0.00166089
-0.00168559
-0.00165461
-0.00155717
-0.00138244
-0.0011198
-0.000758976
-0.000290348
0.000294865
0.00100435
0.00184448
0.00282009
0.00393423
0.00518801
0.00658039
0.00810801
0.00976512
0.0115434
0.0134321
0.0154176
0.0174841
0.0196131
0.021784
0.023974
0.0261586
0.0283115
0.0304054
0.032412
0.0343027
0.0360487
0.0376215
0.0389935
0.040138
0.0410302
0.0416468
0.0419669
0.0419721
0.0416469
0.0409788
0.0399584
0.0385802
0.0368419
0.0347454
0.0322964
0.0295044
0.0263833
0.0229508
0.0192286
0.0152425
0.011022
0.00660026
0.00201356
-0.00269866
-0.00749439
-0.0123295
-0.017158
-0.021933
-0.0266067
-0.0311315
-0.0354602
-0.0395467
-0.0433467
-0.0468181
-0.0499214
-0.0526205
-0.0548831
-0.0566808
-0.0579899
-0.0587913
-0.059071
-0.0588212
-0.0580625
-0.0568058
-0.0550548
-0.052817
-0.0501034
-0.0469286
-0.0433107
-0.0392712
-0.0348349
-0.0300296
-0.0248861
-0.0194377
-0.0137203
-0.00777224
-0.00163359
0.00465362
0.0110458
0.0174982
0.0239647
0.0303985
0.0367521
0.0429778
0.0490277
0.0548539
0.0604093
0.0656473
0.0705226
0.0749911
0.0790106
0.0825411
0.0855449
0.0879872
0.0898365
0.0910643
0.0916463
0.091562
0.0907949
0.0893331
0.0871691
0.0843002
0.080728
0.0764593
0.0715053
0.0658821
0.0596103
0.0527154
0.0452272
0.03718
0.0286123
0.0195668
0.0100899
0.000231764
-0.00995418
-0.0204114
-0.0310809
-0.041901
-0.0528085
-0.0637386
-0.0746254
-0.0854027
-0.0960041
-0.106363
-0.116415
-0.126095
-0.135342
-0.144093
-0.152292
-0.159882
-0.166811
-0.173028
-0.178488
-0.183149
-0.186971
-0.189921
-0.191967
-0.193085
-0.193255
-0.19246
-0.190689
-0.187939
-0.184209
-0.179504
-0.173838
-0.167227
-0.159693
-0.151265
-0.141978
-0.131869
-0.120983
-0.109369
-0.097081
-0.0841755
-0.0707148
-0.0567638
-0.0423912
-0.027668
-0.0126681
0.00253299
0.0178578
0.0332281
0.0485646
0.0637881
0.0788197
0.093581
0.107995
0.121988
0.135485
0.148418
0.160719
0.172326
0.183179
0.193223
0.202409
0.210691
0.218029
0.224388
0.229738
0.234055
0.237319
0.239517
0.24064
0.240686
0.239657
0.23756
0.234409
0.23022
0.225018
0.218829
0.211686
0.203627
0.194693
0.184928
0.174384
0.163111
0.151166
0.138608
0.125496
0.111895
0.0978664
0.0834771
0.0687922
0.053878
0.0388006
0.0236258
0.00841895
-0.00675539
-0.0218336
-0.0367532
-0.0514532
-0.0658739
-0.0799574
-0.0936478
-0.106891
-0.119636
-0.131833
-0.143437
-0.154403
-0.164694
-0.174271
-0.183103
-0.191162
-0.198422
-0.204863
-0.21047
-0.215229
-0.219135
-0.222181
-0.224369
-0.225702
-0.226188
-0.225836
-0.224662
-0.222681
-0.219913
-0.21638
-0.212107
-0.20712
-0.201449
-0.195126
-0.188183
-0.180656
-0.172583
-0.164003
-0.154957
-0.145487
-0.135638
-0.125455
-0.114985
-0.104275
-0.093374
-0.08233
-0.0711919
-0.0600081
-0.0488269
-0.0376956
-0.0266608
-0.0157675
-0.00505962
0.00542083
0.0156336
0.0255404
0.0351052
0.0442942
0.0530756
0.0614204
0.0693018
0.0766955
0.0835795
0.0899343
0.0957431
0.100991
0.105667
0.10976
0.113263
0.116172
0.118485
0.120201
0.121324
0.121859
0.121813
0.121196
0.120022
0.118307
0.116066
0.113321
0.110094
0.10641
0.102294
0.0977762
0.092886
0.0876553
0.0821173
0.0763062
0.0702573
0.0640062
0.0575893
0.0510428
0.044403
0.0377059
0.0309868
0.0242804
0.0176201
0.0110385
0.00456668
-0.00176575
-0.0079308
-0.0139022
-0.0196556
-0.0251685
-0.0304203
-0.0353927
-0.0400694
-0.0444361
-0.0484808
-0.0521937
-0.055567
-0.0585954
-0.0612754
-0.0636059
-0.0655876
-0.0672236
-0.0685186
-0.0694795
-0.070115
-0.0704352
-0.0704521
-0.0701792
-0.0696313
-0.0688243
-0.0677754
-0.0665029
-0.0650256
-0.0633633
-0.0615362
-0.0595652
-0.0574711
-0.0552754
-0.0529992
-0.0506637
-0.0482899
-0.0458984
-0.0435093
-0.041142
-0.0388152
-0.0365467
-0.0343534
-0.0322507
-0.0302532
-0.0283737
-0.0266241
-0.0250142
-0.0235528
-0.0222468
-0.0211017
-0.0201213
-0.0193079
-0.0186623
-0.0181836
-0.0178697
-0.0177169
-0.0177204
-0.017874
-0.0181701
-0.0186003
-0.019155
-0.0198234
-0.020594
-0.0214545
-0.0223916
-0.0233915
-0.0244398
-0.0255215
-0.0266214
-0.0277241
-0.0288141
-0.0298757
-0.0308938
-0.0318531
-0.0327393
-0.0335383
-0.0342368
-0.0348224
-0.0352836
-0.0356099
-0.0357919
-0.0358213
-0.0356912
-0.0353957
-0.0349306
-0.0342926
-0.0334799
-0.0324923
-0.0313305
-0.0299968
-0.0284949
-0.0268298
-0.0250075
-0.0230356
-0.0209227
-0.0186788
-0.0163146
-0.0138422
-0.0112743
-0.00862481
-0.00590806
-0.00313916
-0.000333717
0.00249226
0.00532245
0.00814038
0.0109295
0.0136732
0.0163551
0.018959
0.0214691
0.0238699
0.0261464
0.0282841
0.0302694
0.032089
0.0337308
0.0351832
0.0364359
0.0374794
0.0383053
0.0389064
0.0392766
0.0394113
0.0393071
0.0389618
0.0383747
0.0375465
0.0364791
0.0351758
0.0336412
0.031881
0.0299022
0.0277128
0.0253221
0.02274
0.0199775
0.0170466
0.0139598
0.0107304
0.00737253
0.00390071
0.00033009
-0.00332371
-0.00704466
-0.0108164
-0.0146223
-0.0184455
-0.0222691
-0.0260764
-0.0298503
-0.0335744
-0.0372324
-0.0408083
-0.0442867
-0.0476528
-0.0508922
-0.0539915
-0.0569378
-0.0597192
-0.0623246
-0.0647437
-0.0669672
-0.0689868
-0.070795
-0.0723854
-0.0737526
-0.0748923
-0.0758012
-0.0764769
-0.0769184
-0.0771255
-0.0770991
-0.0768414
-0.0763552
-0.0756447
-0.0747148
-0.0735716
-0.0722216
-0.0706726
-0.0689329
-0.0670115
-0.0649181
-0.062663
-0.0602571
-0.0577117
-0.0550384
-0.0522495
-0.0493573
-0.0463747
-0.0433147
-0.0401903
-0.0370149
-0.0338018
-0.0305642
-0.0273154
-0.0240682
-0.0208357
-0.0176301
-0.0144637
-0.0113481
-0.00829461
-0.00531398
-0.00241643
0.000388384
0.00309138
0.00568406
0.00815855
0.0105076
0.0127245
0.0148034
0.0167389
0.0185264
0.020162
0.0216424
0.0229651
0.0241284
0.0251312
0.0259732
0.0266547
0.0271767
0.027541
0.0277499
0.0278061
0.027713
0.0274745
0.0270947
0.0265782
0.02593
0.0251553
0.0242595
0.0232484
0.0221279
0.0209042
0.0195837
0.0181729
0.0166786
0.0151076
0.013467
0.0117638
0.0100053
0.00819872
0.00635122
0.00447
0.00256216
0.000634647
-0.00130572
-0.00325234
-0.0051988
-0.00713894
-0.00906683
-0.0109768
-0.0128634
-0.0147214
-0.0165459
-0.0183321
-0.0200754
-0.0217715
-0.0234163
-0.0250056
-0.0265356
-0.0280026
-0.0294029
-0.0307332
-0.0319902
-0.0331708
-0.0342718
-0.0352907
-0.0362248
-0.0370716
-0.0378292
-0.0384955
-0.039069
-0.0395485
-0.0399329
-0.0402215
-0.0404142
-0.0405108
-0.0405119
-0.040418
-0.0402302
-0.0399497
-0.0395781
-0.0391172
-0.038569
-0.0379357
-0.0372196
-0.0364233
-0.0355496
-0.0346014
-0.0335818
-0.0324942
-0.031342
-0.0301292
-0.0288599
-0.0275383
-0.0261692
-0.0247574
-0.0233082
-0.0218269
-0.0203191
-0.0187904
-0.0172469
-0.0156942
-0.0141382
-0.0125848
-0.0110397
-0.00950848
-0.00799674
-0.00650985
-0.00505309
-0.00363115
-0.00224866
-0.000912861
0.000369108
0.00159042
0.00274461
0.00382561
0.00482781
0.00574615
0.00657615
0.00731402
0.00795671
0.00850195
0.00894835
0.00929538
0.00954341
0.00969371
0.00974839
0.00971041
0.00958349
0.00937203
0.00908104
0.00871608
0.00828314
0.00778856
0.00723894
0.00664111
0.00600199
0.00532859
0.00462791
0.00390689
0.0031724
0.00243112
0.00168956
0.000953985
0.000230366
-0.000475657
-0.00115882
-0.00181427
-0.00243762
-0.00302495
-0.00357285
-0.00407844
-0.00453937
-0.00495382
-0.0053205
-0.00563865
-0.00590798
-0.00612869
-0.00630144
-0.00642725
-0.00650756
-0.00654413
-0.00653902
-0.00649456
-0.00641329
-0.00629796
-0.00615143
-0.00597672
-0.00577689
-0.00555505
-0.00531434
-0.00505785
-0.00478865
-0.00450973
-0.00422397
-0.00393414
-0.00364289
-0.00335268
-0.00306586
-0.00278455
-0.00251073
-0.00224617
-0.00199246
-0.001751
-0.00152297
-0.00130941
-0.00111113
-0.000928778
-0.000762841
-0.000613624
-0.000481275
-0.000365794
-0.00026703
-0.000184697
-0.000118372
-6.75043e-05
-3.14209e-05
-9.32928e-06
-3.24391e-07
-0
-0
-0
-0
-0
-0
-0
-0
-0
-0
-0
-0
-0
-0
-0
-0
-0
-0
-0
-0
-0
-0
-0
-0
-0
-0
0
0
0
0
0
0
0
0
0
0
0
0
0
0
0
0
0
0
0
0
0
0
0
0
0
0
0
0
0
0
0
0
0
0
0
0
0
0
0
0
0
0
0
-0
-0
-0
-0
-0
-0
-0
-0
-0
-0
-0
-0
-0
-0
-0
-0
-0
-0
-0
-0
-0
-0
-0
-0
-0
-0
-0
-0
-0
-0
-0
-0
-0
-0
-0
-0
-0
-0
-0
-0
-0
-0
-0
-0
-0
-0
-0
0
0
0
0
0
0
0
0
0
0
0
0
0
0
0
0
0
0
0
0
0
0
0
0
0
0
0
0
0
0
0
0
0
0
0
0
0
5.52631e-08
1.53173e-06
4.96901e-06
1.02751e-05
1.73271e-05
2.59725e-05
3.60311e-05
4.72972e-05
5.95422e-05
7.25178e-05
8.59586e-05
9.95861e-05
0.000113112
0.00012624
0.000138674
0.000150117
0.000160275
0.000168865
0.000175612
0.000180261
0.000182571
0.000182325
0.000179329
0.000173422
0.000164474
0.000152386
0.000137098
0.000118592
9.6891e-05
7.20644e-05
4.42218e-05
1.35216e-05
-1.98319e-05
-5.55883e-05
-9.34499e-05
-0.00013308
-0.000174101
-0.000216093
-0.000258605
-0.000301153
-0.000343227
-0.000384292
-0.000423797
-0.000461173
-0.000495849
-0.000527235
-0.000554744
-0.000577791
-0.000595795
-0.000608192
-0.000614413
-0.000613912
-0.000606166
-0.000590678
-0.000566996
-0.000534677
-0.000493333
-0.000442627
-0.000382276
-0.000312078
-0.000231863
-0.000141547
-4.11243e-05
6.9331e-05
0.000189647
0.000319602
0.000458876
0.000607064
0.000763681
0.000928145
0.00109982
0.001278
0.00146187
0.00165057
0.00184317
0.00203867
0.00223602
0.00243413
0.00263184
0.00282798
0.00302135
0.00321073
0.00339491
0.0035727
0.00374293
0.00390446
0.00405623
0.00419724
0.00432654
0.00444333
0.00454699
0.00463894
0.00471939
0.00478801
0.00484453
0.00488872
0.00492042
0.0049395
0.00494592
0.00493966
0.00492074
0.00488927
0.00484538
0.00478927
0.0047212
0.00464146
0.00455044
0.00444856
0.00433631
0.00421426
0.004083
0.00394321
0.00379559
0.0036409
0.00347994
0.00331354
0.00314255
0.00296785
0.00279032
0.00261085
0.00243034
0.00224968
0.00206977
0.00189147
0.00171561
0.00154305
0.00137461
0.00121108
0.00105323
0.000901721
0.000757311
0.00062066
0.00049239
0.000373078
0.000263166
0.000163237
7.37325e-05
-4.95708e-06
-7.24921e-05
-0.000128722
-0.00017328
-0.00020599
-0.000226735
-0.000235456
-0.000232328
-0.000217243
-0.000190328
-0.000151773
-0.000101833
-4.10235e-05
3.0471e-05
0.000112208
0.000203688
0.000304355
0.000413417
0.000530411
0.000654647
0.000785404
0.00092193
0.00106332
0.00120892
0.00135794
0.00150958
0.00166304
0.00181751
0.00197223
0.00212643
0.00227936
0.00243029
0.00257861
0.00272351
0.00286431
0.00300037
0.00313104
0.00325606
0.00337453
0.00348592
0.00358971
0.00368543
0.00377318
0.00385202
0.00392161
0.00398164
0.00403183
0.0040727
0.00410335
0.00412369
0.00413363
0.0041332
0.00412331
0.00410321
0.00407307
0.00403314
0.00398371
0.00392603
0.00385961
0.00378491
0.00370243
0.00361274
0.00351722
0.00341572
0.0033089
0.00319744
0.00308207
0.00296402
0.00284352
0.0027213
0.00259812
0.00247471
0.00235186
0.00223025
0.00211057
0.00199354
0.00187982
0.0017695
0.00166378
0.00156325
0.00146849
0.00138004
0.00129714
0.00122152
0.0011536
0.00109377
0.00104237
0.000997697
0.000961965
0.000935347
0.000917957
0.000909842
0.000908429
0.000916192
0.000932979
0.000958564
0.000992645
0.00103195
0.00107895
0.00113312
0.00119389
0.00126063
0.00132977
0.00140345
0.00148086
0.00156118
0.00164356
0.00172473
0.00180617
0.00188695
0.00196614
0.00204282
0.0021147
0.00218221
0.00224446
0.00230054
0.00234959
0.00239087
0.00242346
0.0024466
0.00245956
0.00246166
0.00245422
0.00243479
0.00240289
0.00235815
0.0023003
0.002233
0.00215232
0.00205826
0.00195097
0.00183067
0.0017034
0.00156394
0.00141283
0.00125075
0.00107845
0.000903833
0.000720799
0.000530378
0.000333682
0.000131916
-6.60306e-05
-0.000266438
-0.000467906
-0.00066896
-0.000868061
-0.00105643
-0.00123963
-0.00141603
-0.00158392
-0.0017416
-0.00188174
-0.00200828
-0.00211956
-0.00221394
-0.00228985
-0.00234283
-0.0023744
-0.0023832
-0.002368
-0.00232767
-0.00226187
-0.00216904
-0.00204845
-0.00189948
-0.0017217
-0.00151964
-0.00128835
-0.00102786
-0.0007384
-0.000420375
-8.33651e-05
0.000280845
0.000671288
0.00108679
0.00152598
0.00197473
0.00244384
0.0029314
0.00343527
0.00395316
0.00446772
0.00499125
0.00552107
0.00605434
0.00658811
0.00710386
0.00761404
0.00811557
0.00860531
0.00908011
0.00952274
0.00994419
0.0103414
0.0107114
0.0110513
0.0113476
0.0116083
0.0118307
0.0120125
0.0121513
0.0122401
0.012282
0.0122753
0.0122188
0.0121111
0.0119531
0.0117425
0.0114787
0.0111619
0.0107921
0.0103789
0.00991395
0.0093984
0.00883356
0.00822108
0.00757893
0.00689324
0.00616644
0.00540124
0.00460061
0.00378941
0.00294934
0.002084
0.00119714
0.000292747
-0.000600057
-0.00150212
-0.00240916
-0.00331679
-0.00422057
-0.00509049
-0.00594761
-0.00678751
-0.00760576
-0.00839796
-0.00913703
-0.00984157
-0.0105075
-0.011131
-0.0117082
-0.0122184
-0.0126754
-0.0130758
-0.0134168
-0.0136956
-0.0139012
-0.0140401
-0.0141104
-0.0141107
-0.0140397
-0.0138982
-0.0136841
-0.0133974
-0.0130382
-0.0126072
-0.0121175
-0.0115583
-0.010931
-0.0102377
-0.00948066
-0.00868486
-0.00783081
-0.00692169
-0.00596099
-0.00495249
-0.00393072
-0.00286943
-0.00177309
-0.000646423
0.000505636
0.00164246
0.00279436
0.003956
0.00512192
0.00628657
0.00740764
0.00851631
0.00960705
0.0106744
0.0117128
0.0126835
0.0136148
0.0145018
0.0153397
0.016124
0.0168235
0.0174608
0.018032
0.0185335
0.018962
0.0192984
0.019556
0.0197325
0.0198259
0.0198344
0.0197539
0.0195863
0.0193311
0.0189882
0.0185576
0.0180513
0.017459
0.0167821
0.0160223
0.0151819
0.014288
0.0133188
0.0122775
0.0111677
0.00999325
0.00879485
0.00754068
0.00623558
0.00488472
0.0034936
0.00211237
0.000702497
-0.000729947
-0.00217867
-0.00363721
-0.00505114
-0.00646182
-0.00786272
-0.00924729
-0.010609
-0.0118953
-0.0131461
-0.0143553
-0.0155171
-0.0166257
-0.0176365
-0.0185835
-0.0194616
-0.0202663
-0.0209932
-0.0216106
-0.0221422
-0.0225846
-0.0229345
-0.0231893
-0.0233342
-0.0233794
-0.0233233
-0.0231646
-0.0229024
-0.0225416
-0.0220772
-0.0215098
-0.0208405
-0.0200709
-0.0192255
-0.0182844
-0.0172507
-0.016128
-0.0149202
-0.013669
-0.0123417
-0.0109435
-0.00947958
-0.00795585
-0.00642679
-0.00485003
-0.00323194
-0.00157913
0.000101588
0.00174881
0.00341
0.00507809
0.00674587
0.00840606
0.00999714
0.0115661
0.0131058
0.0146091
0.0160689
0.0174307
0.0187354
0.0199768
0.0211486
0.0222449
0.0232247
0.0241184
0.0249214
0.0256296
0.0262391
0.026727
0.0271103
0.0273867
0.0275545
0.0276125
0.0275588
0.0273945
0.0271203
0.0267369
0.026246
0.0256664
0.0249838
0.0242012
0.0233222
0.022351
0.0213245
0.020215
0.019028
0.0177692
0.0164447
0.0151049
0.0137125
0.0122743
0.0107974
0.00928905
0.00780649
0.00630717
0.00479838
0.00328744
0.00178159
0.00033735
-0.00108779
-0.00248717
-0.0038543
-0.00518294
-0.00642411
-0.00761528
-0.00875125
-0.00982718
-0.0108386
-0.0117496
-0.0125886
-0.0133523
-0.0140383
-0.0146443
-0.0151513
-0.0155755
-0.0159164
-0.0161739
-0.0163482
-0.0164379
-0.0164465
-0.0163755
-0.0162269
-0.0160031
-0.0157191
-0.0153655
-0.0149456
-0.0144631
-0.0139217
-0.013349
-0.0127257
-0.0120561
-0.0113447
-0.0105963
-0.0098464
-0.00906907
-0.00826923
-0.00745183
-0.00662185
-0.0058171
-0.00500951
-0.00420376
-0.00340444
-0.002616
-0.00187301
-0.00114911
-0.00044803
0.000226757
0.000872033
0.00146097
0.00201488
0.00253151
0.00300888
0.00344532
0.00382446
0.0041603
0.00445211
0.0046995
0.00490236
0.00505547
0.00516467
0.00523069
0.00525451
0.00523741
0.00518427
0.00509337
0.00496659
0.00480599
0.00461384
0.00440246
0.00416437
0.00390211
0.00361834
0.00331577
0.00301048
0.00269182
0.00236248
0.00202513
0.00168242
0.00135037
0.00101804
0.000687828
0.000362039
4.29056e-05
-0.000256936
-0.00054605
-0.000822611
-0.00108492
-0.00133143
-0.00155513
-0.00176038
-0.00194574
-0.00210936
-0.00225023
-0.00236778
-0.0024614
-0.0025309
-0.00257637
-0.00259817
-0.00260212
-0.00258379
-0.00254425
-0.00248481
-0.00240697
-0.00232074
-0.00221946
-0.00210505
-0.00197953
-0.00184502
-0.00171243
-0.00157487
-0.00143439
-0.00129302
-0.0011527
-0.00102204
-0.000895758
-0.000775378
-0.000662289
-0.000557717
-0.000465694
-0.00038397
-0.000313204
-0.000253875
-0.000206291
-0.000169234
-0.000144065
-0.000130569
-0.000128376
-0.000136964
-0.000150649
-0.000173973
-0.000206053
-0.0002459
-0.000292438
-0.000337311
-0.000387049
-0.000440449
-0.000496288
-0.000553337
-0.000602801
-0.00065175
-0.000699104
-0.000743849
-0.000785049
-0.000815443
-0.000841374
-0.000862252
-0.0008776
-0.00088706
-0.000886034
-0.000879307
-0.000866899
-0.00084894
-0.000825659
-0.000795189
-0.000760461
-0.000721961
-0.000680232
-0.000635863
-0.000588938
-0.000540735
-0.000491902
-0.000443076
-0.000394875
-0.000348202
-0.000303211
-0.000260405
-0.000220225
-0.000183046
-0.00014962
-0.000119567
-9.30515e-05
-7.0153e-05
-5.08681e-05
-3.53196e-05
-2.30017e-05
-1.37007e-05
-7.13091e-06
-2.94032e-06
-7.27426e-07
-7.46144e-09
-0
-0
-0
-0
-0
-0
0
0
0
0
0
0
0
0
0
0
0
0
0
0
0
0
0
0
0
0
0
0
0
0
0
0
0
0
0
0
0
0
0
0
0
0
0
0
0
0
0
0
0
0
0
-0
-0
-0
-0
-0
-0
-0
-0
-0
-0
-0
-0
-0
-0
-0
-0
-0
-0
-0
-0
-0
-0
-0
-0
-0
-0
-0
-0
-0
-0
-0
-0
-0
-0
-0
-0
