0
0
0
0
0
0
0
0
0
0
0
0
-0
-0
-0
-0
-0
-0
-0
-0
-0
-0
-0
-0
-0
-0
-0
-0
-0
-0
-0
-0
-0
-0
-0
-0
-0
-0
-0
-0
-0
-0
-0
-0
-0
-0
-0
-0
-0
-0
-0
-0
-0
-0
-0
-0
-0
0
0
0
0
0
0
0
0
0
0
0
0
0
0
0
0
0
0
0
0
0
0
0
0
0
0
0
0
0
0
0
0
0
0
0
0
0
0
0
0
0
0
0
0
0
0
0
0
-0
-0
-0
-0
-0
-0
-0
-0
-0
-0
-0
-0
-0
-0
-0
-0
-0
-0
-0
-0
-0
-0
-0
-0
-0
-0
-0
-0
-0
-0
-0
-0
-0
-0
-0
-0
-0
-0
-0
-0
-0
-0
-0
-0
0
0
0
0
0
0
0
0
0
0
0
0
0
0
0
0
0
0
0
0
0
0
0
0
0
0
0
0
0
0
0
0
0
-0
-0
-0
-0
-0
-0
-0
-0
-0
-0
-0
-0
-0
-0
-0
-0
-0
-0
-0
-0
-0
-0
-0
-0
-0
-0
-0
-0
-0
-0
-0
-0
-0
-0
-0
-0
0
0
0
0
0
0
0
0
0
0
0
0
0
0
0
0
0
0
3.87504e-05
0.000159736
0.000361427
0.000638926
0.000984052
0.00138546
0.00182884
0.00229715
0.0027709
0.00322856
0.00364689
0.00400141
0.00426681
0.00441745
0.00442776
0.00427274
0.00392841
0.00337226
0.0025837
0.00154451
0.000239402
-0.00134348
-0.00321205
-0.00537
-0.00781665
-0.0105471
-0.0135526
-0.0168198
-0.0203316
-0.0240656
-0.0279945
-0.0320861
-0.0363039
-0.0406081
-0.0449568
-0.0493067
-0.0536124
-0.0578271
-0.0619019
-0.0657863
-0.0694296
-0.0727813
-0.0757927
-0.0784168
-0.0806088
-0.0823257
-0.0835268
-0.0841745
-0.0842351
-0.0836798
-0.082485
-0.0806335
-0.0781141
-0.0749224
-0.0710609
-0.0665395
-0.0613747
-0.0555898
-0.0492143
-0.0422836
-0.0348389
-0.0269274
-0.018602
-0.00991995
-0.0009427
0.00826525
0.0176363
0.0270998
0.0365816
0.0460048
0.0552908
0.0643604
0.0731359
0.0815409
0.0895004
0.0969411
0.103792
0.109984
0.115456
0.120152
0.124024
0.127033
0.129142
0.130321
0.130544
0.129791
0.12805
0.12532
0.121609
0.116935
0.111362
0.104945
0.0977115
0.0896911
0.0809188
0.0714332
0.0612766
0.0504945
0.0391355
0.0272522
0.0149018
0.00214571
-0.0109502
-0.0243172
-0.0378845
-0.0515811
-0.0653358
-0.0790785
-0.0927394
-0.106249
-0.11954
-0.132542
-0.145188
-0.15741
-0.169141
-0.180314
-0.190865
-0.200732
-0.209857
-0.218184
-0.225661
-0.232244
-0.237888
-0.242558
-0.246218
-0.248839
-0.250393
-0.250855
-0.250203
-0.248423
-0.245506
-0.241453
-0.236274
-0.229986
-0.222614
-0.214185
-0.204734
-0.194296
-0.182912
-0.170627
-0.157487
-0.143544
-0.128851
-0.113464
-0.0974476
-0.0808681
-0.0637989
-0.0463177
-0.0285048
-0.0104418
0.00778934
0.0261071
0.0444297
0.0626751
0.0807608
0.0986033
0.116118
0.13322
0.149821
0.165835
0.181172
0.195748
0.209481
0.222292
0.234108
0.244859
0.254478
0.262903
0.270077
0.27595
0.28048
0.283635
0.285388
0.285718
0.284612
0.28206
0.278063
0.272628
0.265767
0.257501
0.247854
0.236854
0.224532
0.210927
0.196084
0.180055
0.162903
0.144695
0.125503
0.105409
0.0844971
0.0628603
0.0405969
0.0178104
-0.00539217
-0.028902
-0.0526086
-0.0763996
-0.10016
-0.12377
-0.147109
-0.170054
-0.192482
-0.214276
-0.235317
-0.255495
-0.274703
-0.292835
-0.309793
-0.325482
-0.339813
-0.352703
-0.364078
-0.37387
-0.38202
-0.388479
-0.393209
-0.39618
-0.397376
-0.396785
-0.394409
-0.390253
-0.384331
-0.376668
-0.367292
-0.356245
-0.343574
-0.329336
-0.313593
-0.296417
-0.277884
-0.25808
-0.237096
-0.215032
-0.191997
-0.168105
-0.143476
-0.118237
-0.0925172
-0.0664476
-0.0401621
-0.0137958
0.0125151
0.0386334
0.064422
0.0897441
0.114465
0.138452
0.161579
0.18372
0.20476
0.224588
0.243097
0.260191
0.275778
0.289776
0.302112
0.312722
0.321558
0.32858
0.333763
0.337092
0.338563
0.338181
0.335961
0.331931
0.326128
0.318603
0.309418
0.298643
0.286359
0.272654
0.257623
0.241368
0.223999
0.205632
0.186388
0.166392
0.14577
0.124651
0.103165
0.0814464
0.0596272
0.0378405
0.0162171
-0.00511685
-0.02604
-0.0464361
-0.0661939
-0.0852067
-0.103373
-0.120596
-0.13679
-0.151876
-0.165786
-0.178461
-0.189851
-0.199916
-0.208622
-0.215943
-0.221863
-0.226377
-0.229489
-0.231215
-0.23158
-0.230616
-0.228367
-0.22488
-0.220209
-0.214417
-0.207574
-0.199756
-0.191046
-0.181534
-0.17131
-0.160468
-0.149104
-0.137314
-0.125198
-0.112855
-0.100388
-0.087898
-0.075483
-0.0632392
-0.0512584
-0.0396287
-0.0284341
-0.0177548
-0.0076665
0.0017606
0.0104627
0.0183831
0.0254726
0.0316893
0.0369985
0.0413726
0.0447915
0.0472424
0.04872
0.0492272
0.0487742
0.0473787
0.0450654
0.0418654
0.0378164
0.0329626
0.0273546
0.021049
0.0141081
0.0065986
-0.00140919
-0.00984254
-0.0186268
-0.0276857
-0.0369413
-0.0463146
-0.0557258
-0.0650958
-0.0743473
-0.0834057
-0.0921997
-0.100662
-0.108726
-0.116333
-0.123425
-0.129951
-0.135863
-0.141122
-0.145691
-0.14954
-0.152642
-0.154975
-0.156523
-0.157276
-0.157232
-0.156394
-0.154769
-0.152371
-0.149215
-0.145319
-0.140711
-0.135421
-0.129488
-0.122953
-0.11586
-0.108255
-0.100185
-0.0917004
-0.0828548
-0.0737053
-0.0643111
-0.0547314
-0.0450243
-0.0352463
-0.0254535
-0.0157023
-0.00604998
0.003446
0.0127297
0.0217484
0.0304529
0.038798
0.0467406
0.0542394
0.0612551
0.0677513
0.0736957
0.0790611
0.083825
0.0879691
0.0914778
0.0943386
0.0965422
0.0980839
0.0989645
0.0991901
0.0987716
0.0977235
0.0960628
0.093809
0.0909844
0.087615
0.0837298
0.0793613
0.0745439
0.0693137
0.0637078
0.0577642
0.0515223
0.0450227
0.0383069
0.0314172
0.0243957
0.0172847
0.0101261
0.00296163
-0.00416782
-0.0112224
-0.0181638
-0.0249558
-0.031564
-0.0379562
-0.0441021
-0.0499731
-0.0555432
-0.0607885
-0.0656874
-0.0702204
-0.0743704
-0.0781228
-0.081466
-0.0843921
-0.086897
-0.0889796
-0.0906413
-0.0918853
-0.0927165
-0.0931419
-0.0931714
-0.0928179
-0.0920964
-0.0910232
-0.0896145
-0.0878866
-0.0858567
-0.0835447
-0.0809743
-0.0781726
-0.0751683
-0.0719899
-0.0686636
-0.0652135
-0.0616631
-0.0580369
-0.0543614
-0.0506645
-0.0469734
-0.0433127
-0.0397036
-0.0361644
-0.0327125
-0.0293655
-0.0261418
-0.0230593
-0.020134
-0.017379
-0.0148048
-0.0124206
-0.0102355
-0.0082583
-0.00649691
-0.0049566
-0.00363922
-0.00254373
-0.00166779
-0.00100929
-0.000566918
-0.000339229
-0.000323083
-0.000512529
-0.000899043
-0.00147298
-0.00222529
-0.00314819
-0.00423455
-0.00547613
-0.0068623
-0.00837987
-0.0100143
-0.0117515
-0.0135787
-0.0154839
-0.0174545
-0.019476
-0.0215319
-0.0236047
-0.0256782
-0.027739
-0.0297755
-0.031777
-0.0337318
-0.0356259
-0.037444
-0.0391708
-0.0407929
-0.042299
-0.043679
-0.0449234
-0.0460221
-0.0469649
-0.0477428
-0.0483489
-0.0487782
-0.0490267
-0.0490904
-0.0489648
-0.0486452
-0.0481281
-0.0474125
-0.0464995
-0.045392
-0.0440934
-0.0426067
-0.0409348
-0.039082
-0.0370545
-0.0348607
-0.0325103
-0.0300134
-0.0273801
-0.0246203
-0.0217453
-0.0187684
-0.015705
-0.0125718
-0.00938545
-0.00616146
-0.00291406
0.000343179
0.00359642
0.00683095
0.0100311
0.0131807
0.0162636
0.019264
0.0221667
0.0249577
0.0276236
0.0301522
0.032532
0.0347514
0.0367985
0.038661
0.0403264
0.0417841
0.0430254
0.0440439
0.0448347
0.0453929
0.0457124
0.0457866
0.0456095
0.0451774
0.0444897
0.043549
0.0423586
0.0409222
0.0392423
0.0373209
0.0351612
0.032768
0.0301481
0.0273095
0.024261
0.0210118
0.0175716
0.0139522
0.0101671
0.00623101
0.00215874
-0.00203544
-0.00633761
-0.0107331
-0.0152055
-0.0197363
-0.0243064
-0.0288974
-0.0334929
-0.0380783
-0.0426385
-0.0471568
-0.0516136
-0.0559875
-0.0602575
-0.0644049
-0.0684134
-0.0722684
-0.0759547
-0.0794556
-0.0827532
-0.0858305
-0.0886726
-0.091268
-0.0936067
-0.0956788
-0.0974729
-0.098976
-0.100175
-0.10106
-0.101623
-0.101858
-0.101761
-0.101327
-0.100552
-0.0994332
-0.0979682
-0.0961591
-0.0940094
-0.0915233
-0.0887046
-0.0855571
-0.0820854
-0.078297
-0.0742029
-0.0698164
-0.0651472
-0.060184
-0.0549465
-0.0494607
-0.043755
-0.0378605
-0.0318102
-0.0256378
-0.0193771
-0.0130622
-0.00672813
-0.000411514
0.00585013
0.0120194
0.0180608
0.023941
0.029629
0.0350951
0.0403098
0.0452448
0.0498736
0.0541729
0.058123
0.0617074
0.0649122
0.0677233
0.0701286
0.072119
0.0736891
0.0748395
0.0755733
0.0758974
0.0758205
0.0753527
0.0745067
0.0732969
0.0717415
0.0698625
0.0676844
0.0652326
0.0625321
0.0596084
0.0564883
0.0531996
0.0497722
0.0462367
0.042624
0.0389652
0.0352901
0.0316272
0.028004
0.0244464
0.0209786
0.0176235
0.0144023
0.0113349
0.00843905
0.00572987
0.00321985
0.000918146
-0.00116731
-0.00303163
-0.00467219
-0.0060886
-0.00728366
-0.00826103
-0.00902764
-0.00959251
-0.00996657
-0.0101631
-0.0101954
-0.0100791
-0.00983103
-0.00946886
-0.00901132
-0.00847625
-0.00788203
-0.0072468
-0.00658828
-0.0059238
-0.00526912
-0.0046391
-0.00404716
-0.00350508
-0.00302307
-0.0026093
-0.00227014
-0.00200991
-0.00183076
-0.00173267
-0.00169746
-0.00166172
-0.0016194
-0.00157069
-0.00151584
-0.00145519
-0.00138908
-0.00131784
-0.00124178
-0.00116116
-0.00107644
-0.000988083
-0.000896619
-0.000802591
-0.000706369
-0.000608603
-0.000509783
-0.00041043
-0.000311108
-0.000212178
-0.000114451
-1.84605e-05
7.53113e-05
0.000166405
0.000254647
0.000339225
0.000419619
0.000495347
0.000566011
0.000631645
0.000691646
0.000745758
0.000793693
0.00083515
0.000870212
0.000898363
0.000919547
0.0009338
0.00094119
0.000942057
0.000936147
0.000923507
0.00090425
0.000878582
0.000846949
0.000809502
0.000766549
0.000718389
0.000665345
0.000607781
0.000546204
0.000481163
0.000413215
0.000342884
0.000270369
0.000196393
0.000121438
4.60506e-05
-2.91704e-05
-0.000104164
-0.00017782
-0.000249638
-0.000319162
-0.000385942
-0.000450311
-0.000510958
-0.000567409
-0.000619257
-0.000666189
-0.000708988
-0.000746418
-0.000778264
-0.000804305
-0.000824349
-0.000839412
-0.000848347
-0.000851232
-0.000848199
-0.000839394
-0.000826053
-0.000807249
-0.000783193
-0.000754172
-0.000720542
-0.000683572
-0.0006428
-0.00059864
-0.000551529
-0.00050195
-0.000450908
-0.000398513
-0.00034535
-0.000291985
-0.000238956
-0.000186689
-0.000135827
-8.695e-05
-4.06632e-05
2.43032e-06
4.255e-05
7.84107e-05
0.000109565
0.0001356
0.000156115
0.000172215
0.000182039
0.000185269
0.000181654
0.000171009
0.000155336
0.000132432
0.000102274
6.4899e-05
2.04164e-05
-2.84208e-05
-8.39462e-05
-0.000145867
-0.00021384
-0.000287467
-0.000363563
-0.000444333
-0.000529183
-0.000617462
-0.000708476
-0.000798994
-0.000890796
-0.000983128
-0.0010752
-0.00116621
-0.00125341
-0.00133787
-0.00141878
-0.0014953
-0.00156666
-0.00163115
-0.00168892
-0.00173926
-0.00178146
-0.00181486
-0.00183919
-0.00185354
-0.00185741
-0.00185037
-0.00183205
-0.0018039
-0.00176397
-0.00171211
-0.00164823
-0.00157233
-0.00148758
-0.0013911
-0.00128319
-0.00116423
-0.00103469
-0.000899219
-0.000754277
-0.000600536
-0.000438758
-0.0002698
-9.9316e-05
7.64395e-05
0.000256448
0.000439652
0.000624945
0.000806453
0.000987698
0.00116744
0.00134443
0.0015174
0.00168106
0.00183823
0.00198773
0.00212838
0.00225905
0.0023759
0.00248066
0.0025724
0.00265023
0.00271334
0.00276002
0.00279057
0.00280444
0.00280117
0.00278042
0.00274301
0.00268776
0.00261465
0.00252377
0.00241538
0.00229293
0.00215381
0.00199861
0.00182801
0.00164281
0.00144865
0.00124174
0.00102321
0.000794281
0.00055627
0.000316407
7.02776e-05
-0.000180655
-0.000434883
-0.000690854
-0.000940881
-0.00118947
-0.001435
-0.00167586
-0.00191044
-0.00213165
-0.00234342
-0.00254424
-0.00273267
-0.00290733
-0.00306294
-0.00320236
-0.00332454
-0.0034285
-0.00351339
-0.00357647
-0.00361911
-0.00364082
-0.00364128
-0.0036203
-0.00357821
-0.00351473
-0.00343008
-0.00332468
-0.00319908
-0.00305671
-0.00289567
-0.0027169
-0.00252148
-0.00231058
-0.00209009
-0.00185677
-0.00161207
-0.00135759
-0.00109499
-0.000831807
-0.000564068
-0.000293578
-2.21495e-05
0.000248411
0.000510325
0.000767771
0.00101893
0.00126198
0.00149511
0.00171142
0.00191451
0.00210294
0.00227538
0.00243059
0.00256392
0.00267786
0.00277149
0.00284406
0.00289494
0.00292243
0.00292755
0.00291019
0.00287039
0.00280836
0.00272566
0.00262161
0.00249687
0.00235228
0.00218878
0.00201096
0.00181661
0.00160713
0.00138407
0.00114908
0.000909003
0.000660444
0.000405197
0.000145139
-0.000117757
-0.000375549
-0.000632059
-0.000885244
-0.00113312
-0.00137379
-0.00159981
-0.00181496
-0.00201748
-0.00220558
-0.00237756
-0.00252757
-0.00265851
-0.00276915
-0.00285843
-0.00292535
-0.0029669
-0.0029845
-0.00297757
-0.00294573
-0.00288881
-0.00280726
-0.00270082
-0.00256984
-0.00241481
-0.00223638
-0.00203846
-0.00181896
-0.00157904
-0.00132
-0.00104325
-0.000755654
-0.000453587
-0.000138846
0.000186656
0.000520923
0.000855189
0.00119411
0.00153557
0.00187744
0.00221751
0.00254647
0.0028692
0.00318353
0.00348737
0.00377869
0.00404923
0.00430344
0.00453955
0.00475589
0.00495087
0.0051186
0.00526229
0.00538084
0.00547332
0.00553894
0.00557519
0.0055835
0.00556362
0.00551543
0.00543899
0.00533563
0.0052047
0.00504681
0.00486275
0.00465348
0.00442403
0.00417167
0.00389773
0.00360367
0.00329111
0.00296812
0.00263022
0.00227932
0.0019174
0.00154643
0.00117625
0.000801105
0.000423075
4.43064e-05
-0.000333041
-0.000698636
-0.00105862
-0.00141103
-0.00175392
-0.00208543
-0.00239632
-0.00269227
-0.00297164
-0.00323287
-0.00347451
-0.00368956
-0.0038825
-0.00405229
-0.00419804
-0.00431899
-0.00441145
-0.0044781
-0.00451864
-0.00453288
-0.00452078
-0.00448225
-0.00441772
-0.0043276
-0.00421244
-0.00407293
-0.00391262
-0.00372969
-0.00352523
-0.00330041
-0.00305656
-0.0028003
-0.00252788
-0.00224081
-0.00194065
-0.00162903
-0.00131459
-0.000992178
-0.000663625
-0.000330761
4.61134e-06
0.000333039
0.000660546
0.000985473
0.00130617
0.001621
0.00192091
0.00221189
0.00249255
0.00276159
0.0030178
0.00325371
0.00347454
0.00367934
0.00386724
0.00403751
0.00418516
0.00431408
0.00442386
0.00451417
0.00458476
0.00463347
0.00466239
0.00467166
0.00466152
0.00463223
0.00458451
0.00451835
0.00443422
0.00433272
0.00421459
0.00408334
0.00393716
0.00377699
0.00360378
0.00341856
0.00322688
0.00302537
0.00281519
0.00259751
0.00237352
0.00215003
0.00192259
0.00169241
0.00146068
0.00122855
0.00100317
0.000779512
0.000558552
0.000341237
0.000128519
-7.29806e-05
-0.000268016
-0.000455733
-0.000635356
-0.000806182
-0.000962895
-0.00110956
-0.00124561
-0.00137053
-0.00148386
-0.00158209
-0.00166814
-0.00174183
-0.00180302
-0.00185157
-0.0018859
-0.00190743
-0.00191617
-0.00191226
-0.00189594
-0.00186783
-0.00182792
-0.00177658
-0.00171423
-0.00164135
-0.00156046
-0.00147017
-0.0013711
-0.00126384
-0.00114898
-0.00103032
-0.000905265
-0.000774476
-0.000638666
-0.000498582
-0.000358977
-0.000216569
-7.20501e-05
7.39131e-05
0.000220667
0.00036331
0.000505478
0.000646553
0.000785926
0.000922994
0.00105318
0.0011799
0.00130262
0.00142083
0.00153407
0.00163864
0.00173741
0.00183005
0.00191625
0.00199523
0.00206381
0.0021239
0.00217527
0.00221773
0.00225117
0.00227462
0.002289
0.00229443
0.00229109
0.00227923
0.00225954
0.00223196
0.00219683
0.00215457
0.00210564
0.002052
0.00199272
0.0019284
0.00185961
0.00178691
0.00171301
0.00163627
0.00155727
0.0014766
0.00139484
0.00131494
0.00123494
0.00115534
0.0010766
0.000999166
0.000925712
0.000854265
0.00078516
0.000718688
0.000655111
0.00059646
0.000541049
0.000489053
0.000440606
0.000395796
0.000355841
0.000319472
0.000286649
0.000257305
0.000231352
0.000209229
0.000190178
0.000174006
0.0001605
0.000149433
0.000140637
0.000133838
0.00012882
0.000125356
0.000123208
0.000121859
0.000121355
0.000121461
0.000121959
0.000122661
0.000123005
0.000123278
0.000123331
0.000123024
0.00012223
0.000120489
0.000118142
0.000115141
0.000111466
0.000107119
0.000101878
9.60726e-05
8.97485e-05
8.29682e-05
7.58116e-05
6.82559e-05
6.05659e-05
5.28574e-05
4.52501e-05
3.78655e-05
3.07891e-05
2.41923e-05
1.81885e-05
1.28856e-05
8.38402e-06
4.77103e-06
2.13038e-06
5.24354e-07
0
0
0
0
0
0
0
0
0
0
0
0
0
0
0
0
0
0
0
0
0
0
0
0
0
0
0
0
0
0
0
0
0
0
0
0
0
0
0
0
0
0
0
0
0
0
0
0
0
0
0
0
0
0
0
0
0
0
0
0
0
0
0
0
0
0
0
0
0
0
0
0
0
0
0
0
0
0
0
0
0
0
0
0
0
0
0
0
0
0
0
0
0
0
0
0
0
0
0
0
0
0
0
0
0
0
0
0
0
0
0
0
0
0
0
0
0
0
0
0
0
0
0
0
0
0
0
0
0
0
0
0
0
0
0
0
0
0
0
0
0
0
0
0
0
0
0
0
0
0
0
0
0
0
0
0
0
0
0
0
0
0
0
0
0
0
0
0
0
0
0
0
0
0
0
0
0
0
0
0
0
0
0
0
0
0
0
0
0
0
0
0
0
0
0
0
0
0
0
0
0
0
0
0
0
0
0
0
0
-0
-0
-0
-0
-0
-0
-0
-0
-0
-0
-0
-0
-0
-0
-0
-0
-0
-0
-0
-0
-0
-0
-0
-0
-0
-0
-0
