-0
0
0
0
0
0
0
0
0
0
0
0
0
0
0
0
0
0
0
0
0
0
0
0
0
0
0
0
0
0
0
0
0
0
0
0
0
0
0
0
0
0
0
0
0
0
-0
-0
-0
-0
-0
-0
-0
-0
-0
-0
-0
-0
-0
-0
-0
-0
-0
-0
-0
-0
-0
-0
-0
-0
-0
-0
-0
-0
-0
-0
-0
-0
-0
-0
-0
-0
-0
-0
-0
-0
-0
-0
-0
-0
-0
-0
-0
-0
-0
-0
0
0
0
0
0
0
0
0
0
0
0
0
0
0
0
0
0
0
0
0
0
0
0
0
0
0
0
0
0
0
0
0
0
0
0
0
0
0
0
0
0
0
0
0
0
0
0
0
0
0
-0
-0
-0
-0
-0
-0
-0
-0
-0
-0
-0
-0
-0
-0
-0
-0
-0
-0
-0
-0
-0
-0
-0
-0
-0
-0
-0
-0
-0
-0
-0
-0
-0
-0
-0
-0
-0
-0
-0
-0
-0
-0
-0
-0
-0
-0
-0
-0
-0
-0
-0
-0
-0
-0
-0
-0
-0
-0
-0
-0
-0
-0
-0
-0
-0
-0
-0
-0
-0
-0
-0
-0
0
0
0
0
0
0
0
0
0
0
0
0
0
0
0
0
0
0
0
0
0
0
0
0
0
0
0
0
0
0
0
0
0
0
0
0
0
0
0
0
0
0
0
0
0
0
0
-0
-0
-0
-0
-0
-0
-0
-0
-0
-0
-0
-0
-0
-0
-0
-0
-0
-0
-0
-0
-0
-0
-0
-0
-0
-0
-0
-0
-0
-0
-0
-0
-0
-0
-0
-0
-0
-0
-0
-0
0
0
0
0
0
0
0
0
0
0
0
0
0
0
0
0
0
0
0
0
0
0
0
0
0
-0
-0
-0
-0
-0
-0
-0
-0
-0
-0
-0
-0
-0
-0
-0
-0
-0
-0
-0
-0
-0
-0
-0
-0
-0
-0
-0
-0
-0
-0
-0
-0
-0
-0
-0
-0
-0
0
0
0
0
0
0
0
0
0
0
0
0
0
0
0
0
0
9.25854e-08
4.67556e-07
1.15083e-06
2.15618e-06
3.48868e-06
5.14425e-06
7.10933e-06
9.3607e-06
1.18655e-05
1.45815e-05
1.74571e-05
2.04319e-05
2.34369e-05
2.63954e-05
2.92242e-05
3.18347e-05
3.41351e-05
3.60307e-05
3.74254e-05
3.82221e-05
3.83243e-05
3.7638e-05
3.60736e-05
3.35479e-05
2.99855e-05
2.5319e-05
1.94896e-05
1.24482e-05
4.15651e-06
-5.41038e-06
-1.62626e-05
-2.83945e-05
-4.17846e-05
-5.63956e-05
-7.21747e-05
-8.90534e-05
-0.000106947
-0.000125754
-0.000145359
-0.000165632
-0.000186431
-0.000207603
-0.000228983
-0.000250398
-0.000271665
-0.000292597
-0.000313003
-0.000332691
-0.000351465
-0.000369128
-0.000385485
-0.00040034
-0.000413505
-0.000424805
-0.000434073
-0.000441161
-0.00044593
-0.000448259
-0.000448042
-0.000445192
-0.000439645
-0.000431359
-0.000420314
-0.000406508
-0.000389956
-0.000370695
-0.000348783
-0.0003243
-0.000297349
-0.000268055
-0.000236561
-0.000203027
-0.000167635
-0.000130589
-9.21096e-05
-5.2434e-05
-1.18041e-05
2.95389e-05
7.13576e-05
0.000113414
0.000155465
0.000197254
0.000238516
0.000278981
0.000318388
0.000356494
0.000393074
0.000427923
0.000460843
0.000491644
0.00052028
0.00054679
0.000571066
0.000593017
0.000612569
0.000629662
0.000644249
0.00065629
0.000665752
0.00067261
0.000676847
0.000678457
0.000677449
0.00067384
0.000667665
0.000658973
0.000647824
0.000634292
0.000618458
0.000600406
0.000580231
0.000558029
0.000533904
0.000507966
0.00048033
0.000451116
0.000420447
0.000388453
0.000355271
0.000321046
0.000285932
0.00025008
0.000213642
0.000176761
0.000139579
0.000102238
6.48854e-05
2.76721e-05
-9.25009e-06
-4.57363e-05
-8.16536e-05
-0.000116882
-0.000151311
-0.000184832
-0.000217338
-0.000248721
-0.000278875
-0.000307706
-0.00033513
-0.00036107
-0.000385457
-0.000408223
-0.000429302
-0.000448636
-0.000466174
-0.000481879
-0.000495726
-0.000507695
-0.000517771
-0.000525945
-0.000532214
-0.000536585
-0.000539075
-0.000539709
-0.000538514
-0.000535522
-0.000530765
-0.000524283
-0.000516126
-0.000506355
-0.000495036
-0.000482236
-0.000468022
-0.000452459
-0.000435616
-0.000417574
-0.000398425
-0.000378266
-0.000357193
-0.00033529
-0.000312633
-0.00028929
-0.000265335
-0.000240853
-0.00021594
-0.000190698
-0.000165224
-0.000139605
-0.000113918
-8.82366e-05
-6.26338e-05
-3.71883e-05
-1.19786e-05
1.29219e-05
3.745e-05
6.15531e-05
8.51847e-05
0.000108299
0.00013085
0.000152788
0.000174072
0.000194665
0.000214541
0.000233676
0.000252043
0.000269613
0.000286355
0.000302246
0.000317275
0.000331444
0.000344768
0.000357257
0.000368919
0.000379747
0.000389733
0.000398868
0.000407154
0.000414601
0.000421222
0.00042703
0.000432029
0.000436219
0.000439603
0.000442191
0.000444006
0.000445075
0.000445421
0.000445054
0.000443966
0.000442141
0.000439558
0.000436208
0.000432096
0.000427233
0.000421625
0.000415265
0.000408126
0.000400167
0.000391347
0.000381639
0.00037103
0.000359522
0.000347117
0.00033381
0.000319581
0.000304397
0.000288227
0.000271046
0.000252838
0.0002336
0.000213325
0.000192002
0.000169617
0.000146155
0.000121611
9.59927e-05
6.93194e-05
4.16168e-05
1.29092e-05
-1.67835e-05
-4.74414e-05
-7.90371e-05
-0.000111527
-0.00014485
-0.000178928
-0.000213674
-0.000248999
-0.000284816
-0.000321033
-0.000357553
-0.000394262
-0.000431035
-0.000467731
-0.000504199
-0.000540282
-0.000575819
-0.000610642
-0.000644582
-0.000677462
-0.000709104
-0.000739324
-0.000767938
-0.00079476
-0.000819601
-0.000842273
-0.000862588
-0.000880361
-0.000895408
-0.000907553
-0.000916626
-0.000922466
-0.00092492
-0.000923852
-0.000919134
-0.000910654
-0.000898314
-0.000882028
-0.000861724
-0.000837352
-0.000808878
-0.000776293
-0.000739613
-0.000698877
-0.000654147
-0.000605507
-0.000553064
-0.000496942
-0.000437287
-0.000374261
-0.000308045
-0.000238837
-0.000166858
-9.23543e-05
-1.55977e-05
6.31112e-05
0.000143448
0.000225067
0.000307612
0.000390715
0.000474
0.000557085
0.000639578
0.000721082
0.00080119
0.00087949
0.000955568
0.00102901
0.00109939
0.00116631
0.00122938
0.00128821
0.00134244
0.00139173
0.00143576
0.00147422
0.00150683
0.00153332
0.00155345
0.00156699
0.00157376
0.00157359
0.00156637
0.00155201
0.00153047
0.00150172
0.00146581
0.00142281
0.0013728
0.00131594
0.0012524
0.00118238
0.00110611
0.00102388
0.000935985
0.000842765
0.000744597
0.000641887
0.000535077
0.000424637
0.000311068
0.00019489
7.66426e-05
-4.31234e-05
-0.000163849
-0.000284972
-0.000405926
-0.00052614
-0.000645046
-0.000762073
-0.00087665
-0.000988213
-0.0010962
-0.00120006
-0.00129926
-0.00139326
-0.00148157
-0.00156371
-0.00163923
-0.00170772
-0.00176881
-0.00182217
-0.00186752
-0.00190462
-0.0019333
-0.00195341
-0.00196486
-0.00196761
-0.00196167
-0.00194711
-0.001924
-0.0018925
-0.0018528
-0.0018051
-0.00174968
-0.00168682
-0.00161688
-0.00154023
-0.00145726
-0.00136843
-0.0012742
-0.00117505
-0.00107149
-0.000964072
-0.000853332
-0.000739838
-0.000624165
-0.000506895
-0.000388612
-0.000269906
-0.000151363
-3.35641e-05
8.29187e-05
0.000197529
0.000309726
0.000418988
0.000524811
0.00062671
0.000724228
0.000816931
0.00090442
0.00098633
0.00106233
0.00113213
0.00119546
0.00125209
0.00130184
0.00134455
0.0013801
0.00140843
0.0014295
0.00144331
0.0014499
0.00144935
0.00144178
0.00142734
0.00140619
0.00137856
0.00135023
0.0013288
0.00131314
0.00130179
0.00129299
0.00128475
0.00127491
0.00126116
0.0012411
0.00121229
0.00117231
0.00111877
0.00104943
0.000962149
0.000855008
0.0007263
0.000574585
0.000398718
0.00019788
-2.84004e-05
-0.00028023
-0.000557342
-0.000859086
-0.00118443
-0.00153197
-0.00189995
-0.00228625
-0.00268843
-0.00310376
-0.00352922
-0.00396152
-0.00439717
-0.0048325
-0.00526371
-0.00568692
-0.0060982
-0.00649363
-0.00686932
-0.00722147
-0.00754638
-0.00784056
-0.00810073
-0.00832385
-0.00850714
-0.00864814
-0.00874471
-0.00879507
-0.00879785
-0.00875207
-0.00865718
-0.00851301
-0.00831981
-0.00807821
-0.00778926
-0.00745441
-0.00707549
-0.00665467
-0.00619445
-0.00569761
-0.0051672
-0.00460653
-0.00401917
-0.0034089
-0.00277965
-0.00213546
-0.00148044
-0.000818728
-0.000154497
0.00050806
0.00116476
0.0018115
0.00244427
0.00305926
0.00365282
0.00422151
0.0047621
0.00527153
0.00574701
0.006186
0.00658624
0.00694578
0.00726294
0.00753633
0.00776483
0.00794761
0.00808412
0.00817412
0.00821766
0.00821494
0.00816641
0.00807525
0.00794472
0.00777583
0.00756968
0.0073287
0.00705299
0.00674399
0.00640317
0.00603207
0.00563594
0.00521275
0.00476419
0.00429207
0.00379828
0.00329093
0.00276594
0.00222536
0.00167124
0.00110562
0.000538757
-3.54407e-05
-0.000614765
-0.00119693
-0.00177963
-0.00235107
-0.00291855
-0.00347987
-0.00403284
-0.00457522
-0.00509503
-0.0055997
-0.00608698
-0.00655466
-0.00700062
-0.00741425
-0.00780207
-0.0081621
-0.0084924
-0.00879113
-0.00905059
-0.00927518
-0.00946342
-0.00961384
-0.00972507
-0.00979363
-0.00982073
-0.00980554
-0.00974744
-0.00964597
-0.0095032
-0.00931654
-0.00908598
-0.00881168
-0.00849406
-0.00814109
-0.00774629
-0.00731069
-0.00683551
-0.00632218
-0.00578428
-0.00521169
-0.00460648
-0.00397089
-0.00330736
-0.00263404
-0.00193806
-0.00122237
-0.000490092
0.000255462
0.000993334
0.00173769
0.00248505
0.00323188
0.00397449
0.00469166
0.00539709
0.00608701
0.00675769
0.00740546
0.00801165
0.00858779
0.00913038
0.00963595
0.0101011
0.0105123
0.010877
0.0111924
0.0114561
0.0116655
0.0118142
0.0119044
0.0119346
0.0119036
0.0118106
0.011658
0.0114423
0.0111635
0.0108218
0.010418
0.00996382
0.00944986
0.00887771
0.00824936
0.00756711
0.00685118
0.00608694
0.00527761
0.00442669
0.00353788
0.00263757
0.00170736
0.000751541
-0.000225377
-0.00121871
-0.00219883
-0.00318576
-0.00417465
-0.0051606
-0.00613866
-0.00707967
-0.00800295
-0.0089037
-0.00977721
-0.0106189
-0.0114038
-0.0121483
-0.0128481
-0.0134996
-0.0140989
-0.0146286
-0.0150998
-0.0155098
-0.0158561
-0.0161365
-0.0163431
-0.0164806
-0.0165478
-0.0165441
-0.016469
-0.0163254
-0.0161107
-0.0158254
-0.0154707
-0.015048
-0.0145706
-0.014029
-0.0134255
-0.0127629
-0.0120441
-0.0112913
-0.010489
-0.00964096
-0.00875105
-0.00782339
-0.00688607
-0.00591976
-0.00492903
-0.00391855
-0.00289302
-0.00188291
-0.000867035
0.000149985
0.00116346
0.00216867
0.00313626
0.00408644
0.00501494
0.00591769
0.00679076
0.00760965
0.00839151
0.00913297
0.00983092
0.0104825
0.0110708
0.011608
0.0120923
0.0125219
0.0128952
0.0132041
0.0134547
0.0136465
0.0137793
0.0138532
0.0138694
0.0138276
0.0137287
0.0135739
0.0133647
0.013111
0.0128065
0.0124531
0.012053
0.0116085
0.0111361
0.0106247
0.0100771
0.00949648
0.00888583
0.00826588
0.00762212
0.00695772
0.00627588
0.00557985
0.00489184
0.00419598
0.00349533
0.00279292
0.00209173
0.00141281
0.000740846
7.84882e-05
-0.000571735
-0.00120742
-0.00181096
-0.00239557
-0.00295928
-0.00350029
-0.004017
-0.00449673
-0.00494951
-0.00537425
-0.00577
-0.00613591
-0.00646478
-0.0067627
-0.0070294
-0.00726477
-0.00746882
-0.00763985
-0.00777989
-0.00788928
-0.00796852
-0.00801824
-0.00804155
-0.00803694
-0.00800527
-0.00794745
-0.00786444
-0.00776277
-0.00763803
-0.00749138
-0.00732407
-0.00713737
-0.00694006
-0.00672577
-0.00649563
-0.00625078
-0.00599239
-0.00573011
-0.00545664
-0.00517316
-0.00488077
-0.00458055
-0.00428188
-0.00397729
-0.00366768
-0.00335393
-0.00303689
-0.00272497
-0.00241135
-0.00209674
-0.00178186
-0.00146743
-0.00116051
-0.000855318
-0.000552368
-0.000252086
4.51459e-05
0.000333877
0.000618689
0.000899059
0.00117447
0.00144449
0.00170503
0.00195966
0.00220818
0.00245031
0.00268563
0.00291096
0.00312854
0.00333801
0.00353915
0.0037318
0.00391392
0.00408707
0.00425085
0.00440486
0.00454878
0.00468119
0.00480315
0.0049145
0.00501494
0.0051041
0.00518096
0.00524585
0.00529865
0.0053393
0.00536777
0.00538387
0.00538737
0.00537798
0.0053555
0.0053199
0.005272
0.00521122
0.00513763
0.00505116
0.00495167
0.00484067
0.00471664
0.0045798
0.00443048
0.00426903
0.00409836
0.00391605
0.00372237
0.00351769
0.0033025
0.00308115
0.00285033
0.0026105
0.00236208
0.00210559
0.00184652
0.00158074
0.00130907
0.00103232
0.000751211
0.00047221
0.000190246
-9.38724e-05
-0.000379222
-0.000664811
-0.000943389
-0.00122035
-0.00149486
-0.0017661
-0.00203317
-0.00228878
-0.00253821
-0.00278051
-0.00301481
-0.00324036
-0.00345073
-0.00365085
-0.00383984
-0.00401673
-0.00418055
-0.00432594
-0.00445673
-0.0045724
-0.00467253
-0.00475667
-0.00482154
-0.00486932
-0.00489941
-0.00491128
-0.00490455
-0.00487843
-0.00483339
-0.00476943
-0.00468652
-0.00458464
-0.00446561
-0.00432771
-0.00417112
-0.00399618
-0.00380327
-0.00359704
-0.00337376
-0.00313396
-0.0028782
-0.00260717
-0.00232797
-0.00203515
-0.00172958
-0.00141218
-0.00108386
-0.000753513
-0.000414333
-6.7524e-05
0.000285629
0.000643831
0.000997011
0.0013528
0.00170999
0.00206731
0.00242339
0.00276787
0.00310824
0.00344316
0.00377135
0.00409153
0.00439435
0.00468654
0.00496675
0.00523366
0.00548608
0.00571649
0.00593036
0.00612667
0.00630439
0.00646247
0.00659587
0.00670786
0.00679784
0.00686536
0.00691005
0.00693031
0.006927
0.00689985
0.00684868
0.0067735
0.00667625
0.00655534
0.00641103
0.00624366
0.00605362
0.00584624
0.0056175
0.00536828
0.00509952
0.00481221
0.00451458
0.00419902
0.00386602
0.0035175
0.00315551
0.00279109
0.00241744
0.00203676
0.00165137
0.00126364
0.0008855
0.000509577
0.00013804
-0.000227021
-0.000583538
-0.000920386
-0.00124467
-0.00155438
-0.00184769
-0.00212305
-0.0023717
-0.00260031
-0.00280794
-0.00299371
-0.00315678
-0.00329122
-0.00340202
-0.00348908
-0.00355254
-0.00359272
-0.0036074
-0.00359994
-0.00357107
-0.00352169
-0.00345287
-0.00336554
-0.00326134
-0.00314166
-0.00300793
-0.00286166
-0.00270603
-0.00254107
-0.00236851
-0.00219009
-0.00200751
-0.00182518
-0.00164174
-0.00145879
-0.00127785
-0.00110037
-0.000930868
-0.000767142
-0.000610295
-0.000461318
-0.000321095
-0.000193296
-7.53648e-05
3.22068e-05
0.000129072
0.000215017
0.000287711
0.000349693
0.0004011
0.000442182
0.000473305
0.000493496
0.000504969
0.000508343
0.000504294
0.00049355
0.000476151
0.000453784
0.000427265
0.000397412
0.000365031
0.000330652
0.000295362
0.000259888
0.000224914
0.000191067
0.000158874
0.000128868
0.000101462
7.69933e-05
5.57253e-05
3.78538e-05
2.3461e-05
1.25722e-05
5.13506e-06
1.02372e-06
0
0
0
0
0
0
0
0
0
0
0
0
0
0
0
0
0
0
0
0
0
0
0
0
-0
-0
-0
-0
-0
-0
-0
-0
-0
-0
-0
-0
-0
-0
-0
-0
-0
-0
-0
-0
-0
-0
-0
-0
0
0
0
0
0
0
0
0
0
0
0
0
0
0
0
0
0
0
0
0
0
0
0
0
0
0
0
0
0
0
0
0
0
0
0
0
0
0
0
0
0
0
0
0
0
0
0
0
0
0
0
0
0
0
0
0
0
0
0
0
0
0
0
0
0
0
0
0
0
0
0
0
0
0
0
0
0
0
0
0
0
0
0
0
0
0
0
0
0
0
0
0
0
0
0
0
0
0
0
0
0
0
0
0
0
0
0
0
0
0
0
0
0
0
0
0
0
0
0
0
0
0
0
0
0
0
0
0
0
0
0
0
0
0
-0
-0
-0
-0
-0
-0
-0
-0
-0
-0
-0
-0
-0
-0
-0
-0
0
0
0
0
0
0
0
0
0
0
0
0
0
0
0
0
0
0
0
0
0
0
0
0
0
0
0
0
0
0
0
0
0
0
0
0
0
0
0
0
0
0
0
0
0
0
0
0
0
0
0
0
0
0
0
0
0
0
0
0
0
0
0
0
0
0
0
0
0
0
0
0
0
0
0
0
0
0
0
0
0
0
0
0
0
0
0
0
0
0
0
0
0
0
0
0
0
0
0
0
0
0
0
0
0
0
0
0
0
0
0
0
0
0
0
0
0
0
0
0
0
0
0
0
0
0
0
0
0
0
0
0
0
0
0
0
0
0
0
0
0
0
0
0
0
0
0
0
0
0
0
0
0
0
0
0
0
0
0
0
0
0
0
0
0
0
0
0
0
0
0
0
0
0
0
0
0
0
0
0
0
0
0
0
0
0
