0
0
0
0
0
0
0
0
0
0
-0
-0
-0
-0
-0
-0
-0
-0
-0
-0
-0
-0
-0
-0
-0
-0
-0
-0
-0
-0
-0
-0
-0
-0
-0
-0
-0
-0
-0
-0
-0
-0
-0
-0
-0
-0
-0
-0
-0
-0
-0
-0
-0
-0
0
0
0
0
0
0
0
0
0
0
0
0
0
0
0
0
0
0
0
0
0
0
0
0
0
0
0
0
0
0
0
0
0
0
0
0
0
0
0
0
0
0
0
0
0
0
0
0
0
0
0
0
0
-0
-0
-0
-0
-0
-0
-0
-0
-0
-0
-0
-0
-0
-0
-0
-0
-0
-0
-0
-0
-0
-0
-0
-0
-0
-0
-0
-0
-0
-0
-0
-0
-0
-0
-0
-0
-0
-0
-0
-0
-0
-0
-0
-0
-0
-0
-0
-0
-0
-0
-0
-0
-0
-0
-0
-0
-0
-0
-0
-0
-0
-0
-0
0
0
0
0
0
0
0
0
0
0
0
0
0
0
0
0
0
0
0
0
0
0
0
0
0
0
0
0
0
0
0
0
0
0
0
0
0
0
0
0
0
0
0
0
0
0
0
0
0
0
0
0
0
-0
-0
-0
-0
-0
-0
-0
-0
-0
-0
-0
-0
-0
-0
-0
-0
-0
-0
-0
-0
-0
-0
-0
-0
-0
-0
-0
-0
-0
-0
-0
-0
-0
-0
-0
-0
-0
-0
-0
-0
-0
-0
-0
-0
-0
-0
-0
-0
-0
0
0
0
0
0
0
0
0
0
0
0
0
0
0
0
0
0
0
0
0
0
0
0
0
0
0
0
0
0
0
0
0
0
0
0
0
0
-0
-0
-0
-0
-0
-0
-0
-0
-0
-0
-0
-0
-0
-7.16708e-09
-2.91849e-07
-1.02536e-06
-2.24101e-06
-3.955e-06
-6.1657e-06
-8.85353e-06
-1.19812e-05
-1.54942e-05
-1.93216e-05
-2.33766e-05
-2.75575e-05
-3.17491e-05
-3.5824e-05
-3.96448e-05
-4.30665e-05
-4.59399e-05
-4.81142e-05
-4.94402e-05
-4.97732e-05
-4.89746e-05
-4.69149e-05
-4.34746e-05
-3.85466e-05
-3.20388e-05
-2.38764e-05
-1.40055e-05
-2.39706e-06
1.09504e-05
2.6009e-05
4.27222e-05
6.10074e-05
8.07588e-05
0.000101849
0.000124131
0.000147432
0.000171552
0.000196268
0.000221328
0.000246464
0.000271396
0.000295832
0.000319477
0.000342028
0.000363177
0.000382618
0.000400052
0.000415195
0.000427777
0.00043755
0.000444277
0.000447741
0.000447741
0.000444107
0.000436703
0.000425432
0.000410237
0.000391098
0.000368028
0.000341082
0.000310356
0.00027599
0.000238165
0.00019709
0.000152992
0.00010611
5.6706e-05
5.07503e-06
-4.84433e-05
-0.000103464
-0.000159569
-0.000216328
-0.000273321
-0.000330141
-0.000386399
-0.000441706
-0.000495673
-0.000547908
-0.00059803
-0.000645675
-0.000690505
-0.000732202
-0.000770461
-0.000804998
-0.000835552
-0.000861907
-0.000883908
-0.000901458
-0.000914517
-0.000923071
-0.000927146
-0.000927151
-0.000923246
-0.000915469
-0.000903898
-0.000888651
-0.000869886
-0.000847779
-0.000822513
-0.000794267
-0.000763219
-0.000729551
-0.000693459
-0.000655153
-0.00061486
-0.000572812
-0.000529248
-0.000484412
-0.000438551
-0.000391917
-0.000344762
-0.000297335
-0.000249873
-0.000202599
-0.000155719
-0.00010943
-6.39201e-05
-1.93761e-05
2.40195e-05
6.60891e-05
0.000106664
0.00014559
0.000182724
0.000217941
0.000251132
0.000282202
0.000311073
0.000337682
0.000361981
0.000383934
0.000403518
0.000420723
0.000435551
0.000448015
0.000458135
0.000465937
0.000471449
0.000474703
0.000475743
0.000474629
0.000471448
0.000466305
0.000459317
0.000450599
0.000440253
0.000428365
0.00041501
0.000400258
0.000384186
0.000366875
0.000348408
0.000328865
0.000308326
0.000286874
0.000264605
0.000241628
0.000218061
0.000194012
0.000169567
0.000144775
0.000119661
9.42389e-05
6.85292e-05
4.2571e-05
1.64193e-05
-9.86609e-06
-3.62328e-05
-6.2641e-05
-8.90604e-05
-0.000115463
-0.000141815
-0.000168083
-0.000194231
-0.000220232
-0.000246059
-0.000271683
-0.000297061
-0.000322139
-0.00034686
-0.000371172
-0.000395041
-0.000418442
-0.000441349
-0.000463715
-0.000485459
-0.000506477
-0.000526654
-0.000545882
-0.000564073
-0.000581156
-0.000597066
-0.000611727
-0.000625051
-0.000636933
-0.000647264
-0.00065593
-0.000662817
-0.000667806
-0.00067077
-0.000671588
-0.000670148
-0.000666362
-0.000660165
-0.000651502
-0.000640319
-0.000626544
-0.000610087
-0.000590855
-0.000568769
-0.000543781
-0.000515885
-0.000485111
-0.000451512
-0.000415152
-0.000376099
-0.00033443
-0.000290226
-0.000243588
-0.00019463
-0.00014348
-9.02838e-05
-3.52063e-05
2.1564e-05
7.98077e-05
0.000139272
0.000199673
0.000260703
0.000322043
0.00038337
0.000444368
0.000504721
0.000564116
0.000622231
0.000678731
0.00073326
0.000785452
0.00083493
0.000881317
0.000924248
0.000963369
0.000998343
0.00102885
0.0010546
0.00107531
0.00109072
0.0011006
0.00110471
0.00110282
0.00109469
0.00108011
0.00105893
0.00103104
0.000996407
0.000955084
0.000907152
0.000852717
0.000791898
0.000724826
0.000651661
0.000572613
0.000487944
0.000397964
0.00030302
0.000203483
9.97433e-05
-7.78378e-06
-0.000118646
-0.000232349
-0.00034836
-0.000466114
-0.000585025
-0.000704493
-0.000823899
-0.000942602
-0.00105994
-0.00117523
-0.00128779
-0.00139693
-0.00150199
-0.00160229
-0.00169721
-0.00178611
-0.00186836
-0.0019434
-0.00201066
-0.00206966
-0.00211993
-0.00216108
-0.00219272
-0.00221451
-0.00222615
-0.00222735
-0.00221787
-0.00219751
-0.00216617
-0.00212381
-0.00207047
-0.00200628
-0.00193139
-0.00184602
-0.00175038
-0.00164476
-0.00152952
-0.00140508
-0.00127197
-0.00113083
-0.000982295
-0.000827063
-0.00066582
-0.000499271
-0.000328153
-0.000153264
2.45307e-05
0.000204304
0.000385094
0.00056593
0.000745854
0.000923928
0.00109923
0.00127083
0.00143781
0.00159926
0.00175424
0.00190186
0.00204122
0.00217149
0.00229189
0.00240169
0.00250023
0.00258694
0.00266127
0.00272271
0.0027708
0.00280512
0.00282534
0.00283122
0.00282263
0.00279952
0.00276195
0.00271002
0.0026439
0.00256381
0.00247003
0.00236293
0.00224297
0.0021107
0.00196675
0.00181184
0.00164673
0.00147223
0.0012892
0.00109854
0.000901168
0.000698044
0.000490173
0.000278604
6.44284e-05
-0.000151228
-0.000367221
-0.000582407
-0.000795662
-0.00100589
-0.00121201
-0.00141299
-0.00160782
-0.00179552
-0.00197511
-0.00214565
-0.00230624
-0.00245601
-0.00259412
-0.00271981
-0.0028324
-0.00293131
-0.00301603
-0.00308619
-0.0031415
-0.00318175
-0.00320683
-0.00321671
-0.00321145
-0.00319119
-0.00315613
-0.00310658
-0.00304289
-0.00296552
-0.00287497
-0.00277185
-0.00265682
-0.00253057
-0.00239388
-0.00224756
-0.00209245
-0.00192945
-0.00175949
-0.00158354
-0.00140258
-0.00121761
-0.00102964
-0.000839693
-0.000648773
-0.000457891
-0.000268044
-8.02078e-05
0.000104672
0.000285678
0.000461926
0.000632565
0.000796782
0.000953811
0.00110294
0.00124351
0.00137493
0.00149668
0.00160827
0.0017093
0.00179941
0.00187833
0.00194586
0.00200183
0.00204618
0.00207888
0.00209998
0.00210958
0.00210787
0.00209509
0.00207153
0.00203756
0.00199359
0.00194004
0.00187743
0.00180626
0.00172711
0.00164059
0.00154731
0.00144795
0.00134316
0.00123363
0.00112008
0.00100321
0.000883721
0.000762326
0.000639713
0.00051656
0.00039354
0.000271313
0.000150526
3.18023e-05
-8.42658e-05
-0.000197124
-0.000306256
-0.00041118
-0.000511447
-0.000606643
-0.000696392
-0.000780363
-0.000858268
-0.000929867
-0.000994959
-0.00105338
-0.00110502
-0.0011498
-0.00118767
-0.00121865
-0.0012428
-0.00126019
-0.00127094
-0.0012752
-0.00127316
-0.00126502
-0.00125104
-0.00123151
-0.00120671
-0.00117698
-0.00114263
-0.00110403
-0.00106151
-0.00101546
-0.000966257
-0.000914281
-0.000859924
-0.000803571
-0.000745607
-0.000686412
-0.000626358
-0.00056581
-0.000505121
-0.000444632
-0.00038467
-0.000327092
-0.000273218
-0.000221389
-0.000170024
-0.000117676
-6.30525e-05
-5.0415e-06
5.72722e-05
0.000124591
0.000197396
0.000275944
0.000360269
0.000450188
0.000545311
0.000645051
0.000748641
0.000855159
0.000963541
0.00107261
0.00118108
0.0012876
0.00139074
0.00148905
0.00158109
0.00166546
0.00174081
0.00180588
0.00185949
0.00190056
0.00192809
0.00194125
0.00193934
0.00192184
0.00188839
0.00183879
0.00177301
0.00169119
0.00159365
0.00148087
0.00135355
0.00121247
0.00105853
0.000892695
0.000716006
0.000529588
0.000334666
0.00013254
-7.54467e-05
-0.000287963
-0.00050371
-0.000721429
-0.000939893
-0.0011579
-0.0013743
-0.00158802
-0.00179808
-0.0020036
-0.00220378
-0.00239785
-0.00258515
-0.00276513
-0.00293741
-0.00310178
-0.00325821
-0.00340672
-0.00354734
-0.00368009
-0.00380505
-0.0039224
-0.00403246
-0.00413571
-0.00423267
-0.00432381
-0.00440956
-0.0044903
-0.00456641
-0.0046383
-0.00470644
-0.00477125
-0.0048331
-0.00489223
-0.00494882
-0.00500296
-0.00505465
-0.0051038
-0.00515015
-0.00519327
-0.00523264
-0.00526761
-0.0052975
-0.00532326
-0.00534579
-0.00536429
-0.0053778
-0.00538297
-0.005381
-0.00537089
-0.00535166
-0.00532234
-0.00528038
-0.00522611
-0.0051583
-0.00507573
-0.00497729
-0.00486177
-0.00472845
-0.00457643
-0.00440475
-0.00421253
-0.00400054
-0.00376673
-0.00351077
-0.00323248
-0.00293172
-0.0026119
-0.00226949
-0.00190464
-0.00151781
-0.00110974
-0.000686922
-0.000244898
0.000215154
0.000691932
0.00118395
0.00168219
0.00219201
0.00271131
0.00323784
0.0037693
0.00429493
0.00482047
0.00534314
0.00585992
0.00636775
0.00685516
0.0073275
0.0077817
0.00821456
0.00862274
0.00899567
0.00933707
0.00964363
0.00991222
0.0101398
0.0103191
0.0104516
0.0105344
0.0105649
0.0105405
0.0104582
0.0103167
0.0101141
0.00984895
0.00951973
0.00912981
0.00867394
0.00815172
0.00756315
0.00690859
0.00619858
0.00542423
0.00458687
0.00368821
0.00273037
0.00173092
0.000677776
-0.000425736
-0.00157589
-0.00276857
-0.0039802
-0.00522496
-0.00649755
-0.00779232
-0.00910322
-0.0104028
-0.0117056
-0.013005
-0.0142941
-0.0155652
-0.0167903
-0.0179825
-0.019134
-0.0202372
-0.0212843
-0.0222505
-0.0231454
-0.0239615
-0.0246915
-0.0253284
-0.0258548
-0.0262745
-0.0265814
-0.0267697
-0.0268343
-0.0267697
-0.0265728
-0.02624
-0.0257685
-0.0251562
-0.0244116
-0.0235241
-0.0224936
-0.0213209
-0.0200076
-0.0185772
-0.0170116
-0.0153148
-0.0134919
-0.0115488
-0.00952356
-0.00739216
-0.00516263
-0.00284377
-0.000445056
0.00198474
0.00447353
0.00701003
0.00958234
0.012178
0.0147426
0.0173044
0.0198498
0.0223652
0.0248365
0.027211
0.0295135
0.0317301
0.0338468
0.03585
0.0376956
0.0394018
0.0409566
0.0423486
0.0435666
0.0445823
0.0454038
0.046022
0.0464289
0.0466176
0.0465814
0.0463167
0.0458198
0.0450884
0.0441215
0.0429367
0.041518
0.0398681
0.0379911
0.0358922
0.033613
0.0311259
0.0284398
0.025565
0.022513
0.0193462
0.0160284
0.0125741
0.00899844
0.00531788
0.00160835
-0.00217127
-0.00600258
-0.0098666
-0.0137439
-0.0175541
-0.0213382
-0.0250766
-0.0287496
-0.0323375
-0.035766
-0.039071
-0.042234
-0.0452369
-0.048062
-0.0506511
-0.0530303
-0.055185
-0.0571017
-0.0587679
-0.0601502
-0.0612611
-0.0620925
-0.0626373
-0.06289
-0.0628467
-0.0625047
-0.0618632
-0.060923
-0.0596865
-0.0581814
-0.0563897
-0.0543183
-0.0519757
-0.0493718
-0.0465625
-0.0435158
-0.0402458
-0.0367677
-0.0330979
-0.0293141
-0.0253746
-0.0212992
-0.0171082
-0.0128232
-0.00853434
-0.00419574
0.000170258
0.00454126
0.00889501
0.0131419
0.0173283
0.0214334
0.0254366
0.0293181
0.0329995
0.0365207
0.0398634
0.0430101
0.0459446
0.0486099
0.0510352
0.0532091
0.0551217
0.0567643
0.0581087
0.0591695
0.0599418
0.0604222
0.0606088
0.0605042
0.0601076
0.0594229
0.0584555
0.0572125
0.0557271
0.0539831
0.0519904
0.04976
0.0473043
0.0446811
0.0418616
0.0388625
0.0357013
0.0323958
0.0290205
0.0255371
0.0219638
0.0183189
0.0146217
0.0109529
0.00727115
0.00359654
-5.13358e-05
-0.00365359
-0.00713435
-0.0105348
-0.0138388
-0.0170309
-0.0200955
-0.0229697
-0.025687
-0.0282341
-0.0305992
-0.0327724
-0.0347131
-0.0364468
-0.0379675
-0.0392698
-0.040349
-0.0411877
-0.0417975
-0.0421779
-0.0423306
-0.0422588
-0.041972
-0.04147
-0.0407583
-0.039843
-0.038731
-0.0374524
-0.0359947
-0.0343686
-0.032586
-0.0306595
-0.0286364
-0.0264947
-0.0242473
-0.0219073
-0.019488
-0.0170453
-0.0145514
-0.0120206
-0.0094669
-0.00690396
-0.00438833
-0.00188959
0.000579644
0.00300687
0.0053799
0.00764792
0.00983925
0.011944
0.0139529
0.0158577
0.0176201
0.0192636
0.020782
0.0221702
0.0234239
0.0245209
0.0254778
0.0262929
0.0269649
0.0274933
0.0278721
0.0281092
0.028207
0.0281689
0.0279985
0.0277051
0.0272872
0.0267492
0.0260962
0.0253346
0.0244869
0.0235456
0.0225186
0.021414
0.0202395
0.0190248
0.0177554
0.0164392
0.0150844
0.0136993
0.0123173
0.010921
0.009518
0.00811574
0.0067217
0.00536844
0.00403762
0.00273565
0.0014683
0.00024078
-0.000919983
-0.00203154
-0.00308945
-0.00408945
-0.0050277
-0.00588409
-0.00667301
-0.0073926
-0.00804145
-0.00861845
-0.00911231
-0.00953313
-0.00988108
-0.0101569
-0.0103618
-0.0104935
-0.0105571
-0.0105542
-0.0104861
-0.0103548
-0.0101648
-0.00991707
-0.0096152
-0.009263
-0.00886413
-0.00842886
-0.00795327
-0.00744025
-0.00689286
-0.00631442
-0.0057188
-0.00509928
-0.0044595
-0.00380308
-0.00313353
-0.00246649
-0.00179285
-0.0011154
-0.000436583
0.000241493
0.000904022
0.0015618
0.00221256
0.00285377
0.00348291
0.00408539
0.00467185
0.00524116
0.00579261
0.0063256
0.00682834
0.00731093
0.00777223
0.00821114
0.00862682
0.00900949
0.00936838
0.00970366
0.0100155
0.0103042
0.0105623
0.0107973
0.0110089
0.011197
0.0113615
0.0114974
0.0116098
0.0116988
0.0117649
0.0118088
0.0118286
0.0118272
0.0118049
0.0117613
0.0116961
0.011609
0.0114997
0.0113684
0.0112156
0.0110419
0.0108509
0.0106396
0.010408
0.0101559
0.00988338
0.00959699
0.0092913
0.00896692
0.00862423
0.00826331
0.00789298
0.00750445
0.00709818
0.00667507
0.00623633
0.00579453
0.00533946
0.00487204
0.00439319
0.00390396
0.00341873
0.00292599
0.00242738
0.00192454
0.00141906
0.000926294
0.000434295
-5.49005e-05
-0.000539025
-0.00101571
-0.00146963
-0.00191165
-0.00233975
-0.00275197
-0.00314629
-0.00350991
-0.00385156
-0.0041692
-0.00446076
-0.00472417
-0.00495029
-0.00514433
-0.0053046
-0.00542965
-0.00551828
-0.00556712
-0.00557736
-0.00554791
-0.00547787
-0.00536663
-0.00521736
-0.00502711
-0.00479561
-0.00452143
-0.00420522
-0.0038566
-0.00346813
-0.00304192
-0.00258093
-0.00208871
-0.00158218
-0.0010513
-0.000499072
7.15372e-05
0.00065718
0.00123788
0.00182531
0.00241466
0.0030013
0.00358101
0.00413354
0.00467208
0.00519292
0.00569222
0.00616618
0.00659679
0.00699626
0.00736223
0.00769261
0.0079853
0.00822731
0.00842827
0.00858695
0.00870287
0.0087762
0.00880122
0.00878547
0.00872986
0.00863542
0.00850347
0.00833398
0.00813108
0.00789733
0.00763549
0.00734834
0.00704073
0.00671353
0.00636993
0.00601329
0.00564702
0.00527878
0.00490697
0.00453452
0.00416426
0.00379894
0.00344646
0.00310368
0.00277289
0.00245603
0.00215475
0.00187516
0.00161315
0.00136972
0.00114565
0.000941415
0.000760651
0.000599185
0.000456602
0.000332308
0.00022559
0.000137687
6.52073e-05
7.07233e-06
-3.7929e-05
-7.11134e-05
-9.29614e-05
-0.00010599
-0.000111577
-0.000111066
-0.000105753
-9.66419e-05
-8.51667e-05
-7.23477e-05
-5.90857e-05
-4.61529e-05
-3.41929e-05
-2.36942e-05
-1.50063e-05
-8.32562e-06
-3.69466e-06
-1.01115e-06
-2.35405e-08
-0
-0
-0
-0
-0
-0
0
0
0
0
0
0
0
0
0
0
0
0
0
0
0
0
0
0
0
0
0
0
0
0
0
0
0
0
0
0
0
0
0
0
0
0
0
0
0
0
0
0
0
0
0
0
0
0
0
0
0
0
0
0
0
0
0
0
-0
-0
-0
-0
-0
-0
-0
-0
-0
-0
-0
-0
-0
-0
-0
-0
-0
-0
-0
-0
-0
0
0
0
0
0
0
0
0
0
0
0
0
0
0
0
0
0
0
0
0
0
0
0
0
0
0
0
0
0
0
0
0
0
0
0
0
0
0
0
0
0
0
0
0
0
0
0
0
0
0
0
0
0
0
0
0
0
0
0
0
0
0
0
0
0
0
0
0
0
0
0
0
0
0
0
0
0
0
0
0
0
0
0
0
0
0
0
0
0
0
0
0
0
0
0
0
0
0
0
0
0
0
0
0
0
0
0
0
0
0
0
0
0
0
0
0
0
0
0
0
0
0
0
0
0
0
0
0
0
0
0
0
0
0
0
0
0
0
0
0
0
0
0
0
0
0
0
0
0
0
0
0
0
0
0
0
0
0
0
0
0
0
0
0
0
0
0
0
0
0
0
0
0
0
0
0
0
0
0
0
0
0
0
0
0
0
-0
-0
-0
-0
-0
-0
-0
-0
-0
-0
-0
-0
-0
-0
-0
-0
-0
-0
-0
-0
-0
-0
-0
-0
-0
-0
-0
-0
-0
-0
-0
-0
-0
-0
-0
-0
-0
-0
-0
-0
-0
-0
-0
-0
-0
-0
-0
-0
-0
-0
-0
