-0
-0
-0
-0
-0
-0
-0
-0
-0
-0
-0
-0
-0
-0
-0
-0
-0
-0
-0
-0
-0
-0
-0
-0
-0
-0
-0
-0
-0
-0
-0
-0
-0
-0
-0
-0
-0
-0
-0
-0
-0
-0
-0
-0
-0
-0
-0
-0
-0
-0
-0
-0
-0
-0
-0
-0
-0
-0
-0
-0
-0
-0
-0
-0
-0
0
0
0
0
0
0
0
0
0
0
0
0
0
0
0
0
0
0
0
0
0
0
0
0
0
0
0
0
0
0
0
0
0
0
0
0
0
0
0
0
0
0
0
0
0
0
0
0
0
0
0
0
-0
-0
-0
-0
-0
-0
-0
-0
-0
-0
-0
-0
-0
-0
-0
-0
-0
-0
-0
-0
-0
-0
-0
-0
-0
-0
-0
-0
-0
-0
-0
-0
-0
-0
-0
-0
-0
-0
-0
-0
-0
-0
-0
-0
-0
-0
0
0
0
0
0
0
0
0
0
0
0
0
0
0
0
0
0
0
0
0
0
0
0
0
0
0
0
0
0
0
0
0
0
0
0
0
0
0
0
0
-0
-0
-0
-0
-0
-0
-0
-0
-0
-0
-0
-0
-0
-0
-0
-0
-0
-0
-0
-0
-0
-0
-0
-0
-0
-0
-0
-0
-0
-0
0
0
0
0
0
0
0
0
0
0
0
0
0
0
0
0
0
0
0
0
0
0
0
0
0
0
0
0
0
0
0
0
0
0
-0
-0
-0
-0
-0
-0
-0
-0
-0
-0
-0
-0
-0
-0
-0
-0
-0
-0
-0
-0
-0
-0
-0
-0
-0
-0
-0
-0
-0
-0
-0
-0
-0
-0
-0
-0
-0
-0
-0
-0
-0
-0
-0
-0
0
0
0
0
0
0
0
0
0
0
0
2.85562e-08
1.17552e-06
4.17062e-06
9.19941e-06
1.63814e-05
2.57686e-05
3.73455e-05
5.10297e-05
6.66751e-05
8.40765e-05
0.000102976
0.00012307
0.000144011
0.000165416
0.00018687
0.000207934
0.000228159
0.000247101
0.000264325
0.000279425
0.000292017
0.000301742
0.000308268
0.000311286
0.000310519
0.000305724
0.000296712
0.000283354
0.00026559
0.000243429
0.000216935
0.000186204
0.00015134
0.000112443
6.96135e-05
2.29672e-05
-2.73391e-05
-8.10963e-05
-0.000138048
-0.000197915
-0.000260427
-0.000325347
-0.000392489
-0.000461714
-0.000532925
-0.000606058
-0.000681076
-0.00075796
-0.000836709
-0.000917334
-0.000999871
-0.0010844
-0.00117106
-0.00126005
-0.00135164
-0.00144605
-0.00154348
-0.00164399
-0.00174756
-0.00185411
-0.00196358
-0.00207591
-0.00219107
-0.00230901
-0.00242957
-0.00255243
-0.00267713
-0.00280309
-0.00292967
-0.00305622
-0.00318205
-0.00330644
-0.00342856
-0.00354745
-0.00366202
-0.00377099
-0.00387303
-0.0039667
-0.00405058
-0.00412329
-0.00418349
-0.00422993
-0.00426136
-0.00427652
-0.00427409
-0.0042527
-0.00421099
-0.00414769
-0.00406178
-0.0039525
-0.00381954
-0.00366433
-0.00348726
-0.00328817
-0.00306689
-0.00282328
-0.00255722
-0.0022687
-0.00195792
-0.00162532
-0.00127158
-0.000897606
-0.000504442
-9.32451e-05
0.000334729
0.00077809
0.00123526
0.00170444
0.00218361
0.0026706
0.00316314
0.00365889
0.00415546
0.00465039
0.00514103
0.00562461
0.00609825
0.00655899
0.00700395
0.00743027
0.00783516
0.00821585
0.00856958
0.00889362
0.00918533
0.00944223
0.00966204
0.00984264
0.0099821
0.0100786
0.0101303
0.0101356
0.0100932
0.0100018
0.00986076
0.00966946
0.00942779
0.00913586
0.00879395
0.0084025
0.0079621
0.00747349
0.00693767
0.006356
0.00573028
0.00506272
0.00435589
0.00361256
0.00283557
0.00202783
0.00119238
0.000332501
-0.00054819
-0.00144568
-0.0023557
-0.00327383
-0.00419573
-0.00511714
-0.00603395
-0.00694205
-0.00783728
-0.0087154
-0.00957207
-0.010403
-0.0112038
-0.0119704
-0.0126986
-0.0133843
-0.0140238
-0.0146136
-0.0151501
-0.0156304
-0.0160514
-0.0164104
-0.0167049
-0.0169323
-0.0170909
-0.0171791
-0.0171959
-0.0171409
-0.0170136
-0.0168139
-0.0165418
-0.0161978
-0.0157826
-0.0152975
-0.0147444
-0.0141254
-0.013443
-0.0127
-0.0118994
-0.0110444
-0.0101384
-0.00918515
-0.00818851
-0.0071526
-0.00608172
-0.00498039
-0.00385338
-0.00270568
-0.00154243
-0.000368786
0.000810134
0.00198929
0.00316365
0.0043281
0.00547741
0.00660623
0.00770923
0.00878125
0.00981743
0.0108133
0.0117646
0.0126674
0.0135181
0.0143128
0.0150483
0.0157212
0.0163287
0.0168684
0.0173384
0.0177369
0.0180628
0.0183152
0.0184932
0.0185963
0.0186245
0.0185778
0.0184567
0.0182623
0.0179958
0.0176587
0.0172529
0.0167803
0.0162433
0.0156442
0.0149856
0.0142702
0.013501
0.0126811
0.011814
0.0109034
0.00995331
0.00896773
0.00795065
0.00690585
0.00583701
0.00474778
0.00364199
0.00252373
0.00139728
0.000266947
-0.000863079
-0.00198891
-0.00310691
-0.00421362
-0.00530558
-0.00637925
-0.00743098
-0.00845709
-0.00945404
-0.0104185
-0.0113473
-0.0122375
-0.0130865
-0.0138918
-0.0146508
-0.0153615
-0.0160216
-0.0166291
-0.0171819
-0.0176782
-0.0181163
-0.0184949
-0.0188132
-0.0190704
-0.0192663
-0.0194003
-0.019472
-0.019481
-0.0194268
-0.0193094
-0.0191289
-0.0188863
-0.0185828
-0.0182196
-0.0177983
-0.0173201
-0.0167863
-0.0161981
-0.015557
-0.0148649
-0.0141242
-0.0133375
-0.0125081
-0.0116389
-0.0107327
-0.00979233
-0.00882029
-0.00781933
-0.0067926
-0.00574377
-0.0046769
-0.00359617
-0.00250564
-0.00140899
-0.000309553
0.000789455
0.00188468
0.00297238
0.00404843
0.00510843
0.00614801
0.00716308
0.00814997
0.00910538
0.0100262
0.0109094
0.0117515
0.0125492
0.0132987
0.0139966
0.0146395
0.015225
0.0157507
0.016215
0.0166164
0.0169533
0.0172243
0.0174277
0.0175619
0.0176258
0.0176187
0.0175404
0.0173913
0.0171721
0.0168838
0.0165272
0.0161034
0.0156133
0.0150584
0.0144406
0.0137622
0.013026
0.0122351
0.0113931
0.0105034
0.00956965
0.00859563
0.00758511
0.00654203
0.00547057
0.00437519
0.00326061
0.00213184
0.000994014
-0.000147645
-0.00128796
-0.00242189
-0.00354452
-0.00465115
-0.00573718
-0.00679815
-0.0078296
-0.00882707
-0.00978604
-0.010702
-0.0115705
-0.0123873
-0.0131484
-0.0138504
-0.0144902
-0.015065
-0.0155727
-0.0160113
-0.0163795
-0.016676
-0.0169004
-0.0170523
-0.0171317
-0.0171391
-0.0170752
-0.0169409
-0.0167377
-0.0164672
-0.0161314
-0.0157326
-0.0152735
-0.0147567
-0.0141853
-0.0135626
-0.0128922
-0.0121778
-0.0114234
-0.0106331
-0.00981109
-0.00896167
-0.00808919
-0.00719808
-0.00629282
-0.00537792
-0.00445787
-0.0035371
-0.00261996
-0.00171073
-0.000813575
6.74694e-05
0.000928523
0.00176588
0.002576
0.00335554
0.00410131
0.00481036
0.00547995
0.00610764
0.00669125
0.00722891
0.00771897
0.00816002
0.00855093
0.00889083
0.00917916
0.00941567
0.00960035
0.00973342
0.0098153
0.00984659
0.0098282
0.00976129
0.00964734
0.00948806
0.00928533
0.00904115
0.00875759
0.00843687
0.00808139
0.00769372
0.00727661
0.00683288
0.00636537
0.00587692
0.00537036
0.00484857
0.00431452
0.0037712
0.00322159
0.00266859
0.002115
0.00156347
0.00101657
0.000476781
-5.34721e-05
-0.000571895
-0.00107633
-0.00156478
-0.00203538
-0.00248636
-0.00291607
-0.00332297
-0.0037057
-0.0040631
-0.00439422
-0.00469832
-0.00497478
-0.00522311
-0.00544293
-0.00563401
-0.00579628
-0.00592988
-0.00603511
-0.00611239
-0.00616229
-0.00618543
-0.00618262
-0.00615478
-0.00610298
-0.00602837
-0.00593219
-0.00581569
-0.00568018
-0.00552704
-0.00535771
-0.00517374
-0.00497666
-0.00476804
-0.00454935
-0.00432209
-0.00408771
-0.00384769
-0.00360661
-0.00336949
-0.00313623
-0.00290666
-0.00268054
-0.00245768
-0.00223791
-0.00202114
-0.00180734
-0.00159652
-0.00138869
-0.00118399
-0.000982634
-0.000784972
-0.000591481
-0.000402711
-0.000219239
-4.16527e-05
0.000129424
0.000293291
0.000449142
0.000596093
0.000733247
0.000859779
0.000974976
0.00107822
0.00116895
0.00124658
0.00131055
0.00136039
0.00139574
0.00141646
0.00142259
0.00141424
0.0013916
0.00135494
0.00130463
0.00124124
0.00116557
0.00107857
0.000981249
0.000874634
0.000759773
0.000637811
0.000510051
0.00037794
0.00024295
0.000106429
-3.04854e-05
-0.000166833
-0.000301698
-0.000434083
-0.000562904
-0.000687113
-0.000805912
-0.000918899
-0.00102607
-0.00112766
-0.00122399
-0.00131538
-0.00140218
-0.00148496
-0.0015646
-0.0016423
-0.00171943
-0.00179745
-0.00187777
-0.00196192
-0.00205164
-0.00214897
-0.00225619
-0.00237553
-0.00250904
-0.00265838
-0.00282501
-0.00301029
-0.00321563
-0.00344242
-0.00369191
-0.00396495
-0.00426199
-0.00458307
-0.00492805
-0.00529661
-0.00568827
-0.00610216
-0.00653696
-0.0069908
-0.00746098
-0.00794448
-0.00844062
-0.00894896
-0.00946688
-0.00999116
-0.0105137
-0.0110346
-0.0115497
-0.0120549
-0.0125463
-0.0130164
-0.0134646
-0.0138865
-0.0142775
-0.0146328
-0.0149458
-0.0152141
-0.0154333
-0.0155991
-0.0157073
-0.0157546
-0.0157372
-0.015652
-0.0154967
-0.0152689
-0.0149699
-0.0145942
-0.0141403
-0.0136074
-0.0129952
-0.0123111
-0.0115495
-0.0107117
-0.00979944
-0.00881503
-0.00777108
-0.00666129
-0.0054899
-0.00426162
-0.00298162
-0.00166753
-0.000313295
0.00107436
0.00248816
0.00392048
0.00535053
0.00678377
0.00821241
0.00962831
0.0110229
0.0123747
0.0136871
0.0149511
0.0161582
0.0173001
0.0183593
0.0193377
0.0202272
0.0210203
0.0217095
0.0222828
0.0227396
0.0230741
0.0232812
0.0233556
0.0232937
0.0230904
0.0227425
0.0222478
0.0216047
0.0208208
0.0198871
0.018804
0.0175723
0.0161942
0.0146885
0.013043
0.0112618
0.00934964
0.00731192
0.00517746
0.0029306
0.000579551
-0.00186662
-0.0043982
-0.00697729
-0.00962107
-0.0123183
-0.015057
-0.0178225
-0.0205691
-0.0233114
-0.026034
-0.0287214
-0.0313577
-0.0338984
-0.0363556
-0.0387128
-0.0409539
-0.0430629
-0.0450021
-0.0467788
-0.0483786
-0.0497871
-0.050991
-0.0519654
-0.0527109
-0.0532169
-0.053474
-0.0534738
-0.0532102
-0.0526758
-0.0518658
-0.050777
-0.0494075
-0.0477742
-0.0458612
-0.0436714
-0.0412092
-0.0384809
-0.0355271
-0.0323246
-0.0288842
-0.0252183
-0.0213407
-0.017313
-0.0131057
-0.00873683
-0.00422577
0.000407031
0.00508472
0.00984068
0.0146518
0.0194942
0.024343
0.0291146
0.0338422
0.0385007
0.0430646
0.0475088
0.0517537
0.0558288
0.0597096
0.0633726
0.0667947
0.0699121
0.072746
0.0752767
0.0774857
0.0793558
0.0808481
0.0819727
0.082718
0.083074
0.0830325
0.0825873
0.081734
0.0804705
0.0787969
0.0767154
0.074256
0.0713992
0.0681533
0.0645288
0.0605385
0.0562479
0.0516234
0.0466838
0.0414493
0.0359418
0.0302557
0.0243453
0.0182373
0.0119598
0.00554197
-0.000902942
-0.007428
-0.0140021
-0.0205934
-0.0271695
-0.0336109
-0.0399722
-0.0462217
-0.0523279
-0.0582601
-0.0639081
-0.0693225
-0.0744748
-0.0793379
-0.0838863
-0.0880333
-0.0918194
-0.0952241
-0.0982283
-0.100815
-0.102932
-0.104604
-0.105821
-0.106574
-0.106858
-0.106663
-0.105994
-0.104851
-0.103238
-0.101163
-0.0986567
-0.0957058
-0.0923223
-0.0885202
-0.0843163
-0.0797843
-0.0748896
-0.0696545
-0.0641033
-0.0582617
-0.0522359
-0.0459747
-0.0395075
-0.0328645
-0.0260771
-0.0192711
-0.0123835
-0.00544539
0.00151216
0.00845824
0.0152631
0.0219954
0.0286253
0.0351231
0.0414597
0.0475143
0.0533528
0.0589496
0.064281
0.0693249
0.073985
0.078319
0.08231
0.0859423
0.0892016
0.0920235
0.0944485
0.0964679
0.0980752
0.0992666
0.100019
0.100354
0.100275
0.0997853
0.0988898
0.0976031
0.0959237
0.0938609
0.0914265
0.0886348
0.0855397
0.0821203
0.0783941
0.0743789
0.0700924
0.0656158
0.0609061
0.0559842
0.0508727
0.0455955
0.0402566
0.0348001
0.029249
0.0236254
0.0179509
0.0123355
0.00671235
0.00110372
-0.00446744
-0.00997819
-0.0153179
-0.020555
-0.0256715
-0.0306508
-0.0354771
-0.0400546
-0.0444478
-0.0486408
-0.0526181
-0.0563657
-0.0598069
-0.0629978
-0.0659309
-0.0685999
-0.0709986
-0.0730757
-0.0748692
-0.0763733
-0.0775842
-0.0785004
-0.0791022
-0.0794124
-0.0794341
-0.0791703
-0.0786238
-0.0778015
-0.0767029
-0.0753332
-0.0736993
-0.0718099
-0.0697023
-0.0673591
-0.06479
-0.0620051
-0.059014
-0.0558752
-0.0525517
-0.0490557
-0.0454003
-0.0415991
-0.0377297
-0.0337421
-0.0296498
-0.0254667
-0.0212067
-0.0169578
-0.0126606
-0.00832939
-0.00397844
0.000377941
0.00464845
0.00889538
0.0131042
0.0172608
0.0213515
0.0252902
0.0291379
0.0328824
0.0365111
0.0400112
0.0433066
0.0464486
0.0494265
0.052231
0.0548535
0.0572383
0.059425
0.0614054
0.0631713
0.0647153
0.0660031
0.0670581
0.0678769
0.0684572
0.0687972
0.0688896
0.0687396
0.0683471
0.0677132
0.0668398
0.0657467
0.0644215
0.0628693
0.0610963
0.0591098
0.0569551
0.0546036
0.0520645
0.0493474
0.0464625
0.043475
0.0403428
0.0370789
0.0336974
0.0302129
0.0267052
0.0231236
0.0194826
0.0157968
0.0120811
0.00842084
0.00476198
0.00112055
-0.00248757
-0.00604694
-0.00947581
-0.0128275
-0.0160888
-0.0192473
-0.0222906
-0.0251487
-0.0278676
-0.030436
-0.0328434
-0.0350806
-0.0370968
-0.0389281
-0.0405688
-0.0420137
-0.0432586
-0.0442757
-0.0450858
-0.0456868
-0.0460776
-0.0462582
-0.0462263
-0.0459879
-0.0455465
-0.0449067
-0.0440739
-0.0430703
-0.0418858
-0.0405272
-0.0390018
-0.0373182
-0.0355186
-0.0335808
-0.031516
-0.0293356
-0.0270506
-0.0247169
-0.0223002
-0.0198118
-0.0172634
-0.0146677
-0.0120885
-0.00948703
-0.00687494
-0.00426354
-0.00166371
0.000862043
0.00335523
0.00580581
0.00820414
0.010541
0.0127606
0.0149013
0.0169545
0.0189125
0.0207682
0.0224786
0.0240767
0.0255589
0.0269219
0.0281622
0.029251
0.0302109
0.0310402
0.0317389
0.0323084
0.0327388
0.0330441
0.0332259
0.0332859
0.033226
0.0330498
0.032761
0.0323646
0.0318663
0.0312715
0.0305968
0.0298361
0.028995
0.0280797
0.0270968
0.0260723
0.0249936
0.0238666
0.0226973
0.021492
0.0202807
0.0190463
0.0177951
0.0165333
0.0152666
0.0140255
0.0127898
0.0115642
0.0103532
0.00916096
0.00801571
0.00689641
0.00580624
0.00474824
0.0037252
0.00276116
0.00183596
0.000950627
0.000105836
-0.000697687
-0.00144087
-0.0021409
-0.00279681
-0.00340707
-0.00397172
-0.00447718
-0.00493865
-0.00535649
-0.00573059
-0.00606069
-0.00633642
-0.00656974
-0.00676277
-0.00691805
-0.00703799
-0.00711703
-0.00716432
-0.00718128
-0.00716955
-0.00713103
-0.00706285
-0.00697171
-0.00685897
-0.00672575
-0.00657325
-0.00640042
-0.00621159
-0.00600841
-0.00579218
-0.00556366
-0.00532298
-0.00507095
-0.0048085
-0.00453697
-0.00425792
-0.00397456
-0.00368581
-0.00339214
-0.00309386
-0.00279157
-0.00249022
-0.00218718
-0.00188408
-0.00158247
-0.00128358
-0.000994032
-0.000708874
-0.00042923
-0.000156421
0.00010811
0.000356388
0.000594094
0.000819975
0.00103286
0.00123162
0.0014086
0.00157004
0.00171508
0.00184299
0.00195315
0.00203928
0.00210742
0.00215728
0.00218878
0.00220207
0.00219324
0.00216791
0.00212689
0.00207113
0.00200166
0.00191689
0.00182129
0.00171621
0.00160316
0.00148377
0.00135843
0.00123054
0.00110183
0.000973997
0.000848705
0.000727139
0.000611331
0.000502672
0.000402434
0.000311744
0.000231534
0.000162625
0.000105587
6.07844e-05
2.83677e-05
8.27353e-06
2.09163e-07
0
0
0
0
0
0
0
0
0
0
0
0
0
0
0
0
0
0
0
0
0
0
0
0
0
0
-0
-0
-0
-0
-0
-0
-0
-0
-0
-0
-0
-0
-0
-0
-0
-0
-0
-0
-0
-0
-0
-0
-0
-0
-0
-0
-0
0
0
0
0
0
0
0
0
0
0
0
0
0
0
0
0
0
0
0
0
0
0
0
0
0
0
0
0
0
0
0
0
0
0
0
0
0
0
0
0
0
0
0
0
0
0
0
0
0
0
0
0
0
0
0
0
0
0
0
0
0
0
0
0
0
0
0
0
0
0
0
0
0
0
0
0
0
0
0
0
0
0
0
0
0
0
0
0
0
0
0
0
0
0
0
0
0
0
0
0
0
0
0
0
0
0
0
0
0
0
0
0
0
0
0
0
0
0
0
0
0
0
0
0
0
0
0
0
0
0
0
0
0
0
0
0
0
0
0
0
0
0
0
0
0
0
0
0
0
0
0
0
0
0
0
0
0
0
0
0
0
0
0
0
0
0
0
0
0
0
0
0
0
0
0
0
0
0
0
0
0
0
0
0
0
0
0
0
0
0
0
0
0
0
0
0
0
0
0
0
0
0
0
0
0
0
0
0
0
0
0
0
0
0
0
0
0
0
0
0
0
0
0
0
0
0
0
0
0
0
0
0
0
0
0
0
0
0
0
0
0
0
0
0
0
0
-0
-0
-0
-0
-0
-0
-0
-0
-0
-0
-0
-0
-0
-0
-0
-0
-0
-0
-0
-0
-0
-0
-0
