-0
-0
-0
-0
-0
-0
-0
-0
-0
-0
-0
-0
0
0
0
0
0
0
0
0
0
0
0
0
0
0
0
0
0
0
0
0
0
0
0
0
0
0
0
0
0
0
0
0
0
0
0
0
0
0
0
0
0
0
0
0
0
-0
-0
-0
-0
-0
-0
-0
-0
-0
-0
-0
-0
-0
-0
-0
-0
-0
-0
-0
-0
-0
-0
-0
-0
-0
-0
-0
-0
-0
-0
-0
-0
-0
-0
-0
-0
-0
-0
-0
-0
-0
0
0
0
0
0
0
0
0
0
0
0
0
0
0
0
1.37753e-06
8.37727e-06
2.17648e-05
4.18939e-05
6.89281e-05
0.000102832
0.000143364
0.000190077
0.000242315
0.000299218
0.00035973
0.000422609
0.000486439
0.000549647
0.000610522
0.000667238
0.000717873
0.000760439
0.000792908
0.000813241
0.000819416
0.000809459
0.000781478
0.000733689
0.000664453
0.000572302
0.000455969
0.00031442
0.000146875
-4.71646e-05
-0.000267895
-0.000515196
-0.000788612
-0.00108734
-0.00141025
-0.00175582
-0.00212223
-0.00250728
-0.00290846
-0.00332294
-0.00374761
-0.00417906
-0.00461367
-0.00504756
-0.0054767
-0.0058969
-0.00630385
-0.00669316
-0.00706041
-0.0074012
-0.00771118
-0.00798608
-0.0082218
-0.00841443
-0.0085603
-0.00865601
-0.00869851
-0.00868511
-0.00861351
-0.00848187
-0.00828879
-0.0080334
-0.00771528
-0.00733459
-0.00689197
-0.00638862
-0.00582626
-0.00520712
-0.00453398
-0.00381009
-0.00303918
-0.00222545
-0.00137351
-0.000488399
0.000424517
0.00135953
0.00231066
0.0032717
0.00423626
0.00519783
0.00614985
0.00708573
0.00799895
0.00888312
0.00973198
0.0105395
0.0113001
0.0120083
0.012659
0.0132478
0.0137733
0.0142377
0.0146389
0.0149748
0.0152436
0.0154438
0.0155741
0.0156339
0.0156225
0.0155398
0.0153861
0.0151617
0.0148675
0.0145049
0.0140753
0.0135805
0.013023
0.0124051
0.0117296
0.0109998
0.010219
0.00939081
0.00851906
0.00760781
0.00666129
0.00568387
0.00468005
0.00365444
0.00261172
0.00155667
0.000494067
-0.000571254
-0.00163447
-0.00269077
-0.00373539
-0.00476361
-0.00577078
-0.00675238
-0.00770399
-0.00862132
-0.00950028
-0.0103369
-0.0111276
-0.0118687
-0.012557
-0.0131897
-0.0137639
-0.0142772
-0.0147275
-0.0151131
-0.0154324
-0.0156841
-0.0158676
-0.0159821
-0.0160275
-0.0160038
-0.0159114
-0.015751
-0.0155236
-0.0152306
-0.0148733
-0.0144538
-0.0139742
-0.0134367
-0.0128442
-0.0121993
-0.0115051
-0.010765
-0.0099824
-0.00916078
-0.00830392
-0.00741564
-0.00649986
-0.00556058
-0.00460184
-0.00362774
-0.00264238
-0.00164988
-0.000654351
0.000340102
0.00132942
0.00230957
0.00327658
0.00422656
0.00515569
0.00606025
0.00693664
0.00778139
0.00859118
0.00936287
0.0100935
0.0107803
0.0114207
0.0120125
0.0125535
0.0130419
0.0134761
0.0138548
0.0141769
0.0144416
0.0146482
0.0147963
0.0148859
0.014917
0.0148898
0.0148049
0.014663
0.0144649
0.0142118
0.0139049
0.0135457
0.0131358
0.012677
0.0121714
0.011621
0.0110282
0.0103954
0.00972513
0.00902012
0.00828311
0.00751699
0.00672469
0.00590923
0.00507365
0.00422105
0.00335456
0.00247732
0.00159247
0.000703189
-0.000187385
-0.00107611
-0.00195986
-0.00283554
-0.00370008
-0.00455045
-0.00538367
-0.0061968
-0.00698697
-0.00775139
-0.00848732
-0.00919213
-0.00986327
-0.0104983
-0.0110949
-0.0116508
-0.0121639
-0.0126323
-0.0130542
-0.0134279
-0.0137519
-0.0140248
-0.0142456
-0.0144131
-0.0145267
-0.0145857
-0.0145897
-0.0145386
-0.0144322
-0.0142708
-0.0140549
-0.0137849
-0.0134618
-0.0130866
-0.0126603
-0.0121845
-0.0116608
-0.0110908
-0.0104766
-0.00982029
-0.00912425
-0.00839095
-0.00762309
-0.00682353
-0.00599529
-0.00514154
-0.00426561
-0.00337096
-0.00246119
-0.00153997
-0.000611098
0.00032158
0.00125416
0.0021827
0.00310325
0.00401186
0.00490463
0.00577767
0.00662716
0.00744938
0.00824067
0.00899749
0.00971642
0.0103941
0.0110275
0.0116136
0.0121495
0.0126327
0.0130606
0.0134312
0.0137423
0.0139925
0.0141801
0.014304
0.0143633
0.0143576
0.0142865
0.0141501
0.0139488
0.0136833
0.0133546
0.012964
0.0125133
0.0120042
0.011439
0.0108201
0.0101503
0.00943257
0.00867002
0.00786608
0.00702436
0.00614867
0.00524297
0.00431141
0.00335827
0.00238799
0.0014051
0.000414246
-0.000579844
-0.00157239
-0.00255859
-0.00353362
-0.00449269
-0.00543106
-0.00634406
-0.00722716
-0.00807596
-0.00888623
-0.00965395
-0.0103753
-0.0110468
-0.0116652
-0.0122275
-0.0127312
-0.0131738
-0.0135534
-0.0138684
-0.0141177
-0.0143003
-0.0144156
-0.0144636
-0.0144445
-0.0143588
-0.0142075
-0.0139918
-0.0137133
-0.0133739
-0.0129758
-0.0125216
-0.0120141
-0.0114563
-0.0108516
-0.0102034
-0.00951543
-0.00879169
-0.00803621
-0.0072532
-0.00644697
-0.00562193
-0.00478254
-0.00393331
-0.00307875
-0.00222334
-0.00137156
-0.000527781
0.000303682
0.00111864
0.00191304
0.00268298
0.00342474
0.00413479
0.00480983
0.00544676
0.00604276
0.00659526
0.00710193
0.00756077
0.00797002
0.00832825
0.00863431
0.00888735
0.00908683
0.00923249
0.0093244
0.00936289
0.00934859
0.00928241
0.00916553
0.00899941
0.00878572
0.0085264
0.0082236
0.00787968
0.00749719
0.00707887
0.00662759
0.00614636
0.00563834
0.00510673
0.00455486
0.00398607
0.00340377
0.00281135
0.00221222
0.00160975
0.00100727
0.00040803
-0.000184772
-0.000768054
-0.00133884
-0.00189428
-0.00243166
-0.00294842
-0.00344218
-0.0039107
-0.00435196
-0.0047641
-0.00514549
-0.00549468
-0.00581045
-0.00609178
-0.00633789
-0.0065482
-0.00672234
-0.00686018
-0.00696178
-0.00702742
-0.00705758
-0.00705292
-0.0070143
-0.00694274
-0.00683944
-0.00670575
-0.00654316
-0.00635327
-0.00613783
-0.00589868
-0.00563775
-0.00535704
-0.00505864
-0.00474466
-0.00441727
-0.00407866
-0.00373103
-0.00337658
-0.0030175
-0.00265593
-0.00229399
-0.00193376
-0.00157723
-0.00122633
-0.000882894
-0.000548684
-0.000225342
8.55935e-05
0.000382703
0.000664689
0.000930379
0.00117873
0.00140885
0.00161994
0.00181139
0.00198268
0.00213345
0.00226348
0.00237264
0.00246097
0.00252862
0.00257585
0.00260304
0.00261068
0.00259937
0.00256979
0.00252272
0.00245904
0.00237968
0.00228566
0.00217805
0.00205796
0.00192657
0.00178508
0.00163472
0.00147673
0.00131235
0.00114285
0.000969451
0.00079338
0.000615832
0.000437967
0.000260909
8.57324e-05
-8.65379e-05
-0.000254934
-0.000418548
-0.000576539
-0.000728132
-0.000872624
-0.00100938
-0.00113786
-0.00125758
-0.00136813
-0.0014692
-0.00156055
-0.001642
-0.00171347
-0.00177493
-0.00182644
-0.00186813
-0.00190016
-0.0019228
-0.00193634
-0.00194113
-0.00193758
-0.00192614
-0.00190729
-0.00188155
-0.00184948
-0.00181166
-0.00176868
-0.00172116
-0.00166974
-0.00161505
-0.00155772
-0.00149839
-0.00143768
-0.00137621
-0.00131455
-0.00125327
-0.00119291
-0.00113396
-0.00107687
-0.00102207
-0.000969928
-0.000920779
-0.000874908
-0.000832557
-0.000793925
-0.000759166
-0.000728397
-0.00070169
-0.000679082
-0.000660572
-0.000646122
-0.000635658
-0.000629074
-0.000626227
-0.000626942
-0.000631013
-0.000638201
-0.000648238
-0.00066083
-0.000675657
-0.000692376
-0.000710628
-0.000730039
-0.000750225
-0.000770797
-0.000791364
-0.000811541
-0.000830948
-0.000849218
-0.000865998
-0.000880955
-0.000893776
-0.000904171
-0.000911874
-0.000916648
-0.000918282
-0.000916595
-0.000911437
-0.00090269
-0.000890266
-0.000874114
-0.000854212
-0.000830576
-0.000803253
-0.000772325
-0.000737906
-0.000700142
-0.00065921
-0.000615313
-0.000568682
-0.000519571
-0.000468258
-0.000415037
-0.000360223
-0.000304143
-0.000247139
-0.000189563
-0.000131777
-7.41509e-05
-1.70585e-05
3.9122e-05
9.4011e-05
0.000147231
0.000198406
0.000247169
0.000293163
0.00033604
0.000375473
0.000411148
0.000442778
0.000470097
0.000492866
0.000510873
0.000523937
0.000531905
0.000534655
0.000532096
0.000524168
0.000510841
0.000492114
0.00046802
0.000438618
0.000404002
0.000364294
0.000319648
0.000270251
0.000216319
0.000158101
9.58762e-05
2.99525e-05
-3.93333e-05
-0.000111619
-0.000186519
-0.000263627
-0.00034252
-0.000422762
-0.000503905
-0.000585496
-0.000667078
-0.000748195
-0.000828392
-0.000907219
-0.000984236
-0.00105901
-0.00113112
-0.00120016
-0.00126574
-0.00132749
-0.00138505
-0.00143809
-0.0014863
-0.0015294
-0.00156714
-0.0015993
-0.00162565
-0.00164536
-0.001658
-0.00166348
-0.00166178
-0.00165291
-0.00163697
-0.00161411
-0.0015845
-0.00154841
-0.00150612
-0.00145797
-0.00140431
-0.00134557
-0.00128218
-0.0012146
-0.00114333
-0.00106888
-0.000991767
-0.000912539
-0.00083174
-0.000749919
-0.000667623
-0.000585392
-0.000503754
-0.000423218
-0.000344274
-0.000267383
-0.00019298
-0.000121461
-5.31919e-05
1.15033e-05
7.23386e-05
0.000129069
0.000181489
0.000229436
0.000272788
0.000311461
0.000345413
0.000374641
0.000399179
0.000419097
0.000434503
0.000445536
0.000452368
0.000455201
0.000454262
0.000449803
0.000442097
0.000431431
0.000418107
0.000402436
0.000384733
0.000365315
0.000344496
0.000322587
0.000299886
0.000276685
0.000253259
0.000229869
0.000206758
0.00018415
0.000162251
0.000141244
0.00012129
0.000102529
8.50737e-05
6.90171e-05
5.44258e-05
4.13427e-05
2.97873e-05
1.97556e-05
1.12218e-05
4.13906e-06
-1.55884e-06
-5.95547e-06
-9.1499e-06
-1.12544e-05
-1.23921e-05
-1.26947e-05
-1.22999e-05
-1.1349e-05
-9.98475e-06
-8.34891e-06
-6.58007e-06
-4.81164e-06
-3.16975e-06
-1.77145e-06
-7.22849e-07
-1.1751e-07
-0
-0
-0
-0
-0
-0
-0
-0
-0
-0
-0
-0
-0
-0
-0
-0
-0
-0
-0
-0
-0
-0
-0
-0
-0
-0
-0
-0
-0
-0
0
0
0
0
0
0
0
0
0
0
0
0
0
0
0
0
0
0
0
0
0
0
0
0
0
0
0
0
0
0
0
0
0
0
0
0
0
0
0
0
0
0
0
0
0
0
0
-0
-0
-0
-0
-0
-0
-0
-0
-0
-0
-0
-0
-0
-0
-0
-0
-0
-0
-0
-0
-0
-0
-0
-0
-0
-0
-3.11449e-08
-1.74626e-07
-3.80126e-07
-5.81002e-07
-7.05754e-07
-6.79606e-07
-4.26147e-07
1.30996e-07
1.06648e-06
2.45154e-06
4.35243e-06
6.82876e-06
9.93195e-06
1.37039e-05
1.81754e-05
2.33653e-05
2.92794e-05
3.59094e-05
4.32329e-05
5.12123e-05
5.97955e-05
6.89158e-05
7.84925e-05
8.84313e-05
9.8626e-05
0.000108959
0.000119301
0.000129518
0.000139465
0.000148993
0.000157949
0.000166177
0.000173519
0.000179821
0.000184928
0.000188693
0.000190975
0.000191641
0.00019057
0.000187655
0.000182807
0.000175953
0.000167043
0.000156048
0.000142964
0.000127813
0.000110642
9.1524e-05
7.05586e-05
4.78684e-05
2.36031e-05
-2.06692e-06
-2.89501e-05
-5.6836e-05
-8.54992e-05
-0.000114695
-0.000144166
-0.000173647
-0.000202858
-0.000231519
-0.000259337
-0.000286018
-0.000311268
-0.000334796
-0.000356319
-0.000375553
-0.000392232
-0.000406105
-0.000416939
-0.000424526
-0.000428679
-0.00042924
-0.000426083
-0.000419119
-0.000408291
-0.000393576
-0.000374992
-0.00035259
-0.00032646
-0.00029673
-0.000263558
-0.00022714
-0.0001877
-0.000145495
-0.000100806
-5.39446e-05
-5.24054e-06
4.49551e-05
9.62752e-05
0.000148343
0.000200801
0.000253389
0.000305807
0.000357757
0.000408947
0.000459078
0.000507863
0.000555024
0.000600293
0.000643421
0.000684159
0.00072228
0.000757571
0.000789843
0.000818929
0.000844669
0.000866931
0.000885605
0.000900605
0.000911882
0.000919387
0.000923107
0.000923055
0.000919269
0.00091182
0.000900784
0.00088627
0.000868409
0.000847353
0.00082328
0.000796375
0.000766845
0.000734916
0.000700826
0.000664826
0.000627184
0.000588174
0.000548082
0.0005072
0.000465816
0.000424244
0.00038279
0.000341757
0.000301447
0.00026213
0.000224121
0.000187697
0.000153124
0.00012065
9.04697e-05
6.2838e-05
3.79512e-05
1.5984e-05
-2.9098e-06
-1.86556e-05
-3.10863e-05
-4.01144e-05
-4.56751e-05
-4.77267e-05
-4.63199e-05
-4.13907e-05
-3.29687e-05
-2.11087e-05
-5.89127e-06
1.25037e-05
3.40165e-05
5.84874e-05
8.57303e-05
0.000115533
0.000147595
0.000181722
0.000217634
0.000255032
0.000293602
0.000332978
0.000372862
0.000412912
0.00045278
0.000492119
0.000530587
0.000567838
0.000603538
0.00063736
0.000668989
0.000698188
0.000724602
0.000747961
0.000768008
0.000784513
0.000797406
0.000806359
0.000811215
0.000811843
0.000808147
0.00080028
0.000787989
0.000771275
0.000750177
0.000724765
0.000695436
0.000662036
0.000624735
0.000583733
0.000539258
0.000491903
0.000441609
0.000388679
0.000333437
0.000276229
0.000217758
0.000158063
9.75404e-05
3.66006e-05
-2.43329e-05
-8.45399e-05
-0.000143865
-0.00020186
-0.000258075
-0.000312059
-0.0003632
-0.000411224
-0.000455703
-0.000496224
-0.000532392
-0.000563861
-0.000590257
-0.000611263
-0.000626591
-0.000635987
-0.000639505
-0.000636691
-0.0006274
-0.00061153
-0.000589017
-0.000560391
-0.000525118
-0.000483257
-0.000434912
-0.000380227
-0.000320216
-0.000254276
-0.000182675
-0.000105717
-2.37486e-05
6.17983e-05
0.00015156
0.000245089
0.000341906
0.000441502
0.000542173
0.000644531
0.000748
0.000851984
0.00095587
0.0010579
0.00115857
0.00125726
0.00135331
0.00144609
0.00153406
0.00161748
0.00169577
0.00176831
0.00183453
0.0018934
0.00194486
0.00198845
0.00202369
0.00205018
0.00206765
0.00207566
0.00207392
0.00206219
0.00204028
0.00200891
0.00196714
0.00191493
0.00185229
0.00177931
0.00169773
0.00160611
0.00150467
0.00139371
0.00127357
0.00114702
0.00101217
0.000869528
0.00071968
0.000563261
0.00040383
0.000239256
7.03253e-05
-0.000102126
-0.000277217
-0.000450953
-0.000625469
-0.000799792
-0.000972929
-0.00114387
-0.00130871
-0.00146931
-0.00162465
-0.00177374
-0.00191557
-0.00204694
-0.00216914
-0.00228125
-0.00238239
-0.00247172
-0.00254732
-0.00260959
-0.00265783
-0.00269141
-0.00270979
-0.00271278
-0.00269965
-0.00267004
-0.00262371
-0.00256046
-0.00248221
-0.00238696
-0.00227481
-0.00214598
-0.00200074
-0.00184312
-0.00166998
-0.00148191
-0.0012796
-0.00106382
-0.000840449
-0.00060543
-0.00035979
-0.000104636
0.000158851
0.000423526
0.000694001
0.000968933
0.00124693
0.00152657
0.00180026
0.00207265
0.00234224
0.00260753
0.002867
0.00311361
0.0033514
0.00357889
0.00379465
0.00399726
0.00418122
0.00434936
0.00450042
0.00463324
0.0047467
0.00483778
0.00490759
0.0049553
0.00498021
0.00498172
0.00495996
0.00491396
0.00484352
0.00474852
0.00462899
0.00448846
0.00432384
0.00413554
0.00392411
0.00369022
0.00344063
0.00317028
0.00288021
0.00257157
0.00224563
0.00191176
0.00156342
0.00120219
0.000829699
0.0004477
6.71612e-05
-0.000319225
-0.000709553
-0.00110187
-0.00149418
-0.00187524
-0.00225229
-0.00262333
-0.00298639
-0.00333949
-0.00367253
-0.00399183
-0.00429557
-0.00458201
-0.00484948
-0.00509037
-0.00530922
-0.00550465
-0.00567539
-0.00582029
-0.00593532
-0.00602258
-0.00608134
-0.00611098
-0.00611105
-0.00608172
-0.00602235
-0.00593296
-0.00581369
-0.00566489
-0.00549105
-0.00528877
-0.00505882
-0.00480211
-0.00451973
-0.00422008
-0.00389726
-0.00355272
-0.00318801
-0.00280481
-0.00241448
-0.00200927
-0.00159109
-0.00116195
-0.000723923
-0.000290003
0.000148556
0.000589593
0.00103092
0.00147035
0.00189476
0.00231294
0.00272281
0.00312229
0.00350941
0.0038725
0.00421948
0.00454863
0.00485834
0.00514709
0.00540608
0.00564149
0.0058522
0.00603722
0.0061957
0.00632264
0.00642176
0.00649264
0.006535
0.00654868
0.00653292
0.0064886
0.00641597
0.00631545
0.00618756
0.00603577
0.00585806
0.00565531
0.00542855
0.00517889
0.0049136
0.00462795
0.00432333
0.00400121
0.00366311
0.00331916
0.00296243
0.00259456
0.00221724
0.00183216
0.0014511
0.00106565
0.000677492
0.000288284
-0.000100325
-0.000476104
-0.000848091
-0.00121476
-0.00157461
-0.0019262
-0.00225806
-0.00257895
-0.00288764
-0.00318294
-0.00346375
-0.00372046
-0.00396074
-0.00418376
-0.00438878
-0.00457513
-0.00473589
-0.00487696
-0.00499795
-0.00509857
-0.00517861
-0.00523433
-0.00526929
-0.00528352
-0.00527711
-0.00525024
-0.00520256
-0.00513496
-0.00504782
-0.00494156
-0.00481668
-0.00467614
-0.00451813
-0.0043433
-0.00415235
-0.00394602
-0.00373028
-0.00350077
-0.00325834
-0.00300386
-0.00273826
-0.00246992
-0.00219232
-0.00190642
-0.00161317
-0.00131358
-0.00101775
-0.000717554
-0.000413973
-0.000108001
0.000199362
0.000497122
0.000794308
0.00108996
0.00138312
0.00167283
0.00194815
0.00221818
0.00248204
0.00273887
0.0029878
0.00321884
0.00344035
0.00365156
0.0038517
0.00404006
0.00420845
0.00436369
0.00450513
0.00463219
0.0047443
0.00483593
0.00491163
0.004971
0.00501368
0.00503938
0.00504579
0.00503478
0.00500624
0.0049601
0.00489636
0.00481634
0.0047189
0.00460423
0.00447257
0.00432421
0.00416409
0.00398806
0.00379659
0.00359021
0.00336955
0.00314281
0.00290316
0.00265138
0.00238832
0.00211489
0.00184197
0.00156064
0.00127197
0.000977056
0.000677034
0.000384405
8.90157e-05
-0.000207947
-0.000505277
-0.000801759
-0.00108456
-0.00136412
-0.00163927
-0.00190886
-0.00217173
-0.00241607
-0.0026515
-0.00287699
-0.00309151
-0.0032941
-0.00347521
-0.00364258
-0.00379537
-0.00393283
-0.00405424
-0.00415346
-0.00423542
-0.00429962
-0.00434567
-0.00437322
-0.00438031
-0.00436848
-0.00433767
-0.00428787
-0.00421918
-0.00413413
-0.00403062
-0.00390902
-0.00376974
-0.00361331
-0.00344651
-0.00326381
-0.00306593
-0.0028537
-0.00262798
-0.00239916
-0.0021588
-0.00190795
-0.00164773
-0.00137929
-0.00111541
-0.00084572
-0.00057143
-0.000293795
-1.40841e-05
0.000253967
0.000521585
0.000787544
0.00105063
0.00130962
0.00155146
0.00178691
0.00201491
0.00223441
0.00244439
0.0026339
0.00281205
0.002978
0.00313097
0.00327023
0.00338819
0.00349122
0.00357881
0.00365054
0.00370606
0.00374199
0.00376127
0.00376381
0.00374961
0.00371876
0.00367243
0.00360986
0.0035314
0.00343745
0.0033285
0.00321005
0.00307775
0.00293109
0.00277047
0.002597
0.00242003
0.00223264
0.00203612
0.00183185
0.00162122
0.00141582
0.0012068
0.00099559
0.000783588
0.000572197
0.000373439
0.000177763
-1.36034e-05
-0.000199485
-0.000378771
-0.000540698
-0.000694319
-0.000838823
-0.000973486
-0.00109768
-0.00120321
-0.0012976
-0.00138055
-0.00145189
-0.00151153
-0.00155451
-0.00158611
-0.00160656
-0.00161615
-0.00161526
-0.00160218
-0.00157971
-0.00154843
-0.00150899
-0.00146209
-0.00140867
-0.00134925
-0.00128461
-0.00121554
-0.00114284
-0.00106921
-0.00099339
-0.000916137
-0.000838188
-0.00076025
-0.000685735
-0.000612297
-0.000540511
-0.000470905
-0.00040396
-0.000342909
-0.000285032
-0.000230641
-0.000179992
-0.00013329
-9.30181e-05
-5.66563e-05
-2.42489e-05
4.20714e-06
2.87597e-05
4.78901e-05
6.35759e-05
7.59789e-05
8.52906e-05
9.17283e-05
9.46348e-05
9.53272e-05
9.40655e-05
9.1116e-05
8.6747e-05
8.08579e-05
7.4166e-05
6.69156e-05
5.93375e-05
5.16471e-05
4.39585e-05
3.65617e-05
2.96079e-05
2.32257e-05
1.75191e-05
1.25705e-05
8.42952e-06
5.12579e-06
2.66435e-06
1.0261e-06
1.69253e-07
0
0
0
0
0
0
0
0
0
0
0
0
0
0
0
0
0
0
-0
-0
-0
-0
-0
-0
-0
-0
-0
-0
-0
-0
-0
-0
-0
-0
-0
-0
-0
-0
-0
-0
-0
-0
-0
-0
-0
-0
-0
-0
-0
-0
-0
-0
-0
-0
-0
-0
-0
-0
-0
-0
-0
-0
-0
-0
-0
-0
0
0
0
0
0
0
0
0
0
0
0
0
0
0
0
0
0
0
0
0
0
0
0
0
0
0
0
0
0
0
0
0
0
0
0
0
0
0
0
0
0
0
0
0
0
0
0
