0
0
0
0
0
0
0
0
0
0
0
0
0
0
0
0
0
0
0
0
0
0
0
0
0
0
0
0
0
0
0
0
0
0
0
0
0
0
0
0
0
0
0
0
0
0
0
0
0
0
0
0
0
0
0
0
0
0
0
0
0
0
0
0
0
0
0
0
0
0
0
0
0
0
0
0
0
0
0
0
0
0
0
0
0
0
0
0
0
0
0
0
0
0
0
0
0
0
0
0
0
0
0
0
0
0
0
0
0
0
0
0
0
0
0
0
0
0
0
0
0
0
0
0
0
0
0
0
0
0
0
0
0
0
0
0
0
0
0
0
0
0
0
0
0
0
0
0
0
0
0
0
0
0
0
0
0
0
0
0
0
0
0
0
0
0
0
0
0
0
0
0
0
0
0
0
0
0
0
0
0
0
0
0
0
0
0
0
0
0
0
0
0
0
0
0
0
0
0
0
0
0
0
0
0
0
0
0
0
0
0
0
0
0
0
0
0
0
0
0
0
0
0
0
0
0
0
0
0
0
0
0
0
0
0
0
0
0
0
0
0
0
0
0
0
0
0
0
0
0
0
0
0
0
0
0
0
0
0
0
0
0
0
0
0
0
0
0
0
0
0
0
0
0
0
0
0
0
0
0
0
0
0
0
0
0
0
0
0
0
0
0
0
0
0
0
0
0
0
0
0
0
0
0
0
0
0
0
0
0
0
0
0
0
0
0
0
0
0
0
0
0
0
0
0
0
0
0
0
0
0
0
0
0
0
0
0
0
0
0
0
0
0
0
0
0
0
0
0
0
0
0
0
0
0
0
0
0
0
0
0
0
0
0
0
0
0
0
0
0
0
0
0
0
0
0
0
0
0
0
0
0
0
0
-7.21996e-06
-3.76695e-05
-9.54819e-05
-0.000183766
-0.000304852
-0.000460246
-0.000650607
-0.000875715
-0.00113446
-0.00142485
-0.00174402
-0.00208828
-0.00245318
-0.00283355
-0.00322355
-0.00361673
-0.0040061
-0.00438424
-0.00474342
-0.00507575
-0.00537325
-0.00562797
-0.005832
-0.00597756
-0.00605717
-0.00606373
-0.0059907
-0.00583222
-0.0055832
-0.00523937
-0.00479733
-0.00425464
-0.00360986
-0.00286258
-0.00201344
-0.00106413
-1.73878e-05
0.00112296
0.00235196
0.0036635
0.00505035
0.00650415
0.00801557
0.00957435
0.0111695
0.0127892
0.0144213
0.0160531
0.0176715
0.0192634
0.0208154
0.022314
0.0237456
0.0250967
0.0263543
0.027506
0.0285398
0.029445
0.0302112
0.030829
0.0312899
0.0315864
0.0317123
0.0316628
0.0314344
0.031025
0.0304339
0.0296617
0.0287103
0.0275833
0.0262855
0.0248232
0.0232039
0.0214362
0.0195298
0.0174957
0.0153462
0.0130947
0.010756
0.0083452
0.00587791
0.00336995
0.000837217
-0.00170424
-0.00423827
-0.00674873
-0.00921962
-0.0116353
-0.0139805
-0.0162405
-0.018406
-0.0204724
-0.0224308
-0.0242732
-0.0259925
-0.0275822
-0.0290365
-0.0303497
-0.0315165
-0.0325319
-0.0333921
-0.0340943
-0.0346368
-0.0350191
-0.0352412
-0.0353035
-0.0352066
-0.0349517
-0.0345405
-0.0339759
-0.0332618
-0.032403
-0.031405
-0.030274
-0.0290165
-0.0276396
-0.0261509
-0.0245582
-0.02287
-0.0210947
-0.0192409
-0.0173174
-0.0153339
-0.0133005
-0.0112277
-0.00912627
-0.0070069
-0.00487973
-0.00275464
-0.000641433
0.00144983
0.00350887
0.00552542
0.00748963
0.00939242
0.0112255
0.0129813
0.014652
0.0162301
0.0177079
0.019078
0.0203343
0.0214713
0.022485
0.0233719
0.0241286
0.024752
0.0252394
0.0255886
0.0257987
0.0258697
0.0258026
0.0255987
0.0252599
0.0247881
0.024186
0.0234571
0.0226058
0.0216372
0.0205568
0.0193708
0.0180854
0.0167076
0.015245
0.0137055
0.0120974
0.0104286
0.00870716
0.00694137
0.00514001
0.00331266
0.00146947
-0.000379364
-0.00222419
-0.00405619
-0.00586722
-0.00764929
-0.00939412
-0.0110928
-0.0127363
-0.0143157
-0.0158225
-0.0172494
-0.0185895
-0.0198363
-0.0209837
-0.0220256
-0.0229568
-0.0237729
-0.0244703
-0.0250458
-0.0254965
-0.02582
-0.0260138
-0.0260766
-0.026008
-0.0258083
-0.0254787
-0.0250207
-0.0244357
-0.0237257
-0.0228932
-0.0219419
-0.0208764
-0.0197021
-0.0184243
-0.0170482
-0.0155792
-0.0140226
-0.012385
-0.0106738
-0.0088971
-0.00706348
-0.00518135
-0.00325891
-0.00130437
0.000673575
0.00266552
0.00466142
0.00665106
0.00862462
0.0105731
0.0124884
0.0143626
0.016188
0.0179562
0.0196585
0.0212858
0.0228291
0.0242803
0.0256317
0.0268763
0.0280074
0.0290182
0.0299023
0.0306529
0.0312643
0.0317313
0.0320498
0.0322164
0.0322289
0.0320851
0.0317834
0.0313227
0.0307022
0.0299222
0.0289836
0.027888
0.0266376
0.0252349
0.0236829
0.0219853
0.0201467
0.0181729
0.0160708
0.0138481
0.0115129
0.0090739
0.00653958
0.00391898
0.00122165
-0.00154212
-0.00436127
-0.00722411
-0.0101184
-0.0130316
-0.0159508
-0.0188629
-0.0217546
-0.0246126
-0.0274232
-0.0301732
-0.0328489
-0.035437
-0.0379237
-0.0402956
-0.0425394
-0.044642
-0.0465906
-0.0483731
-0.0499779
-0.0513939
-0.052611
-0.0536195
-0.0544109
-0.054977
-0.0553107
-0.0554054
-0.0552553
-0.0548559
-0.0542038
-0.0532971
-0.052135
-0.0507182
-0.0490486
-0.0471293
-0.0449645
-0.0425597
-0.0399217
-0.0370584
-0.033979
-0.0306937
-0.0272139
-0.0235526
-0.0197242
-0.0157445
-0.0116306
-0.00740018
-0.00307172
0.001336
0.00580364
0.0103111
0.0148376
0.0193613
0.0238602
0.0283115
0.0326927
0.036981
0.0411535
0.045188
0.0490624
0.0527555
0.0562469
0.0595171
0.0625474
0.06532
0.0678176
0.0700238
0.0719235
0.0735028
0.0747496
0.0756536
0.0762061
0.0764005
0.0762317
0.0756967
0.0747943
0.0735252
0.0718919
0.0698986
0.0675511
0.0648571
0.0618261
0.0584696
0.0548009
0.0508355
0.0465904
0.0420846
0.0373385
0.0323741
0.027215
0.0218855
0.0164112
0.0108183
0.00513359
-0.000615738
-0.00640202
-0.0121973
-0.0179733
-0.0237016
-0.0293537
-0.0349011
-0.0403151
-0.0455675
-0.0506308
-0.055478
-0.0600837
-0.0644235
-0.0684749
-0.0722165
-0.075629
-0.0786949
-0.0813988
-0.0837274
-0.08567
-0.0872179
-0.0883646
-0.0891059
-0.0894397
-0.0893658
-0.0888867
-0.0880065
-0.086732
-0.0850714
-0.083035
-0.0806351
-0.0778855
-0.0748021
-0.0714025
-0.0677057
-0.0637323
-0.0595039
-0.0550434
-0.0503749
-0.0455233
-0.0405144
-0.0353749
-0.0301315
-0.0248115
-0.019442
-0.0140505
-0.00866403
-0.00330968
0.00198605
0.00719732
0.0122991
0.0172672
0.0220784
0.0267107
0.0311429
0.0353555
0.0393303
0.0430506
0.0465015
0.0496693
0.0525423
0.0551103
0.057365
0.0593
0.0609106
0.0621941
0.0631492
0.0637767
0.0640786
0.0640589
0.0637234
0.0630792
0.0620916
0.0607108
0.0589564
0.0568525
0.0544269
0.051711
0.0487389
0.0455474
0.0421749
0.0386615
0.0350479
0.0313754
0.0276849
0.0240168
0.0204106
0.0169038
0.0135323
0.0103294
0.00732578
0.00454907
0.00202361
-0.000229864
-0.00219433
-0.00385665
-0.00520758
-0.00624181
-0.00695791
-0.00735834
-0.00744929
-0.00724055
-0.00674533
-0.00597996
-0.00496367
-0.00371827
-0.00226786
-0.000638507
0.00114212
0.00304512
0.00504069
0.00709851
0.00918811
0.0112792
0.013342
0.0153478
0.0172688
0.0190787
0.020753
0.0222692
0.0236068
0.0247478
0.0256766
0.0263803
0.0268484
0.0270732
0.0270498
0.026776
0.0262523
0.025482
0.0244709
0.023227
0.0217606
0.0200837
0.0182105
0.0161568
0.01394
0.0115789
0.00909324
0.00650358
0.00383108
0.00109738
-0.00167563
-0.00446598
-0.00725193
-0.0100122
-0.012726
-0.0153733
-0.0179349
-0.0203923
-0.0227282
-0.0249264
-0.0269722
-0.0288523
-0.0305551
-0.0320702
-0.0333891
-0.0345044
-0.0354107
-0.0361039
-0.0365876
-0.0368673
-0.0369608
-0.0368873
-0.0366487
-0.0362469
-0.0356906
-0.0349754
-0.0341034
-0.0330766
-0.0318973
-0.030586
-0.0291281
-0.027527
-0.0257861
-0.0239089
-0.021928
-0.0198182
-0.0175836
-0.0152289
-0.0127597
-0.0102213
-0.00758095
-0.00484507
-0.00202062
0.000884854
0.00381647
0.00681111
0.00985906
0.01295
0.0160731
0.0191685
0.0222717
0.0253698
0.0284489
0.0314943
0.0344474
0.0373359
0.0401441
0.0428563
0.0454558
0.0478956
0.0501882
0.0523166
0.0542635
0.056012
0.0575366
0.0588297
0.0598754
0.0606585
0.0611647
0.0613998
0.0613323
0.0609511
0.0602461
0.0592087
0.0578833
0.0562141
0.054198
0.0518338
0.0491224
0.0461491
0.0428374
0.0391945
0.0352303
0.0309571
0.0264972
0.0217606
0.0167661
0.0115346
0.00608964
0.000578124
-0.00509305
-0.0108947
-0.0167959
-0.0227644
-0.0286466
-0.034528
-0.0403734
-0.0461468
-0.0518114
-0.0572292
-0.0624651
-0.0674835
-0.0722495
-0.0767289
-0.0808222
-0.0845639
-0.0879238
-0.090874
-0.0933999
-0.0954689
-0.0970792
-0.0982133
-0.0988555
-0.0989927
-0.0986505
-0.097784
-0.0963875
-0.0944582
-0.0919964
-0.0890965
-0.0856739
-0.0817379
-0.0773008
-0.0723774
-0.0671227
-0.0614189
-0.0552884
-0.0487566
-0.041852
-0.034775
-0.0273883
-0.0197261
-0.0118245
-0.00372134
0.00436202
0.0125674
0.0208531
0.0291762
0.0374931
0.045588
0.0535893
0.0614541
0.0691396
0.0766038
0.0836659
0.0904255
0.0968439
0.102884
0.10851
0.113601
0.118212
0.122316
0.125886
0.128897
0.131306
0.133117
0.134318
0.134897
0.134844
0.1342
0.132918
0.130999
0.12845
0.125278
0.121602
0.117328
0.112475
0.107064
0.101118
0.0948233
0.0880504
0.0808313
0.0732002
0.065194
0.0570414
0.0485934
0.0398923
0.0309815
0.0219052
0.012906
0.00383048
-0.00527649
-0.0143695
-0.0234029
-0.03215
-0.0407494
-0.0491592
-0.0573387
-0.0652485
-0.0727053
-0.0798172
-0.086549
-0.0928679
-0.0987436
-0.104058
-0.108876
-0.113175
-0.116937
-0.120144
-0.122756
-0.124789
-0.126238
-0.127099
-0.12737
-0.12709
-0.126226
-0.124786
-0.12278
-0.120221
-0.117218
-0.113699
-0.109682
-0.105192
-0.100253
-0.0950303
-0.0894167
-0.0834437
-0.0771432
-0.0705486
-0.0638538
-0.0569332
-0.0498224
-0.0425579
-0.0351767
-0.0278804
-0.0205412
-0.0131952
-0.00587816
0.00137441
0.00837833
0.0152502
0.0219585
0.028473
0.034765
0.0406882
0.0463357
0.0516831
0.0567077
0.0613891
0.0656321
0.0694971
0.07297
0.0760394
0.0786958
0.0809033
0.0826863
0.0840418
0.0849688
0.0854677
0.0855586
0.0852281
0.0844832
0.083333
0.0817893
0.0799237
0.0776922
0.0751103
0.0721949
0.0689646
0.0655278
0.0618162
0.0578507
0.0536534
0.0492464
0.04476
0.0401107
0.0353226
0.0304206
0.0254296
0.0204856
0.0155011
0.0104995
0.00550459
0.000539751
-0.00426815
-0.00900099
-0.0136378
-0.0181586
-0.0225441
-0.0266903
-0.030665
-0.0344514
-0.0380341
-0.041399
-0.0444738
-0.0473071
-0.0498887
-0.0522096
-0.0542616
-0.056008
-0.0574734
-0.0586541
-0.0595482
-0.0601551
-0.0604768
-0.0605149
-0.0602729
-0.0597557
-0.0589689
-0.0579481
-0.0566719
-0.0551486
-0.0533875
-0.0513986
-0.0492448
-0.0468868
-0.0443382
-0.0416139
-0.03873
-0.0357702
-0.0326834
-0.0294855
-0.026192
-0.0228189
-0.019458
-0.0160518
-0.0126184
-0.0091762
-0.00574218
-0.00240641
0.000891248
0.0041367
0.00731504
0.0104102
0.0133397
0.0161531
0.0188358
0.021375
0.0237595
0.0259284
0.0279216
0.0297285
0.0313397
0.0327472
0.0339152
0.034869
0.0356048
0.0361188
0.0364071
0.03646
0.0362825
0.0358754
0.0352418
0.0343857
0.0333286
0.0320576
0.0305771
0.0288924
0.0270109
0.0249802
0.0227724
0.0203985
0.0178696
0.0151968
0.0124472
0.00957847
0.00660476
0.00354094
0.000402068
-0.0027316
-0.00591066
-0.00911983
-0.0123428
-0.0155626
-0.0186941
-0.0217892
-0.0248333
-0.0278128
-0.030714
-0.0334606
-0.0361001
-0.0386172
-0.0409968
-0.0432252
-0.0452412
-0.0470836
-0.0487433
-0.0502115
-0.0514797
-0.0525102
-0.053326
-0.0539214
-0.0542918
-0.0544335
-0.0543369
-0.0540071
-0.0534439
-0.0526488
-0.0516248
-0.050394
-0.0489428
-0.0472762
-0.0454
-0.0433209
-0.041089
-0.0386732
-0.036085
-0.0333365
-0.03044
-0.0274675
-0.0243718
-0.0211667
-0.0178677
-0.0144912
-0.0111262
-0.00771742
-0.00428053
-0.000830796
0.00261628
0.00596903
0.00928554
0.012548
0.015739
0.0188419
0.021772
0.0245851
0.0272673
0.0298045
0.0321823
0.0343311
0.0362939
0.0380598
0.03962
0.0409665
0.042058
0.0429216
0.0435507
0.0439396
0.0440838
0.0439727
0.0436127
0.0430037
0.0421466
0.0410439
0.0397194
0.0381588
0.0363685
0.034356
0.0321284
0.0297399
0.0271522
0.0243753
0.0214216
0.0183051
0.0151094
0.0117772
0.00832474
0.00477297
0.00114362
-0.00245852
-0.0060918
-0.00973167
-0.0133537
-0.0169341
-0.0203654
-0.0237113
-0.0269501
-0.0300606
-0.0330226
-0.0357412
-0.0382781
-0.0406186
-0.0427496
-0.0446584
-0.0462748
-0.0476499
-0.0487769
-0.0496522
-0.0502745
-0.0506092
-0.0506954
-0.0505369
-0.0501391
-0.0495093
-0.0486468
-0.0475738
-0.0463031
-0.0448482
-0.0432233
-0.0414558
-0.0395494
-0.037522
-0.0353922
-0.0331785
-0.0309278
-0.0286279
-0.0262966
-0.0239518
-0.0216115
-0.0193308
-0.0170863
-0.0148932
-0.0127652
-0.0107148
-0.00879153
-0.00696476
-0.0052441
-0.00363783
-0.00215265
-0.000826315
0.000373628
0.00144494
0.00238664
0.00319919
0.00386078
0.00440156
0.00482618
0.00514023
0.00534995
0.00544806
0.00545839
0.00538912
0.00524902
0.00504731
0.00478711
0.0044853
0.00415112
0.00379362
0.0034216
0.0030421
0.00266474
0.00229663
0.00194409
0.00161259
0.00130721
0.00103112
0.000787181
0.000577254
0.000402134
0.000261931
0.000154757
7.84822e-05
3.00575e-05
5.55264e-06
0
0
0
0
0
0
0
0
0
0
0
0
0
0
0
0
0
0
0
0
0
0
0
0
0
0
0
0
0
0
0
0
0
0
0
0
0
0
0
0
0
0
0
0
0
0
0
0
0
0
0
0
0
0
0
0
0
0
0
0
0
0
0
0
0
0
0
0
0
0
0
0
0
0
0
0
0
0
0
0
0
0
0
0
0
0
0
0
0
0
0
0
0
0
0
0
0
0
0
0
0
0
0
0
0
0
0
0
0
0
0
0
0
0
0
0
0
0
0
0
0
0
0
0
0
0
0
0
0
0
0
0
0
0
0
0
0
0
0
0
0
0
0
0
0
0
0
0
0
0
0
0
0
0
0
0
0
0
0
0
0
0
0
0
0
0
0
0
0
0
0
0
0
0
0
0
0
0
0
0
0
0
0
0
0
0
0
0
0
0
0
0
0
0
0
0
0
0
0
0
0
0
0
0
0
0
0
0
0
0
0
0
0
0
0
0
0
0
0
0
0
0
0
0
0
0
0
0
0
0
0
0
0
0
0
0
0
0
0
0
0
0
0
0
0
0
0
0
0
0
0
0
0
0
0
0
0
0
0
0
0
0
0
0
0
0
0
0
0
0
0
0
0
0
0
0
0
0
0
0
0
0
0
0
0
0
0
0
0
0
0
0
0
0
0
0
0
0
0
0
0
0
0
0
0
0
0
0
0
0
0
0
0
0
0
0
0
0
0
0
0
0
0
0
0
0
0
0
0
0
0
0
0
0
0
0
0
0
0
0
0
0
0
0
0
0
0
0
0
0
0
0
0
0
0
0
0
0
0
0
0
0
0
0
0
0
0
0
0
0
0
0
0
0
0
0
0
0
0
0
0
0
0
0
