0
0
0
0
0
0
0
0
0
0
0
0
0
0
0
0
0
0
0
0
0
0
0
0
0
0
0
0
0
0
0
0
0
0
0
0
0
0
0
0
0
0
0
0
0
0
0
0
0
0
0
0
0
0
0
0
0
0
0
0
0
0
0
0
0
0
0
0
0
0
0
0
0
0
0
0
0
0
0
0
0
0
0
0
0
0
0
0
0
0
0
0
0
0
0
0
0
0
0
0
0
0
0
0
0
0
0
0
0
0
0
0
0
0
0
0
0
0
0
0
0
0
0
0
0
0
0
0
0
0
0
0
0
0
0
0
0
0
0
0
0
0
0
0
0
0
0
0
0
0
0
0
0
0
0
0
0
0
0
0
0
0
0
0
0
0
0
0
0
0
0
0
0
0
0
0
0
0
0
0
0
0
0
0
0
0
0
0
0
0
0
0
0
0
0
0
0
0
0
0
0
0
0
0
0
0
0
0
0
0
0
0
0
0
0
0
0
0
0
0
0
0
0
0
0
0
0
0
0
0
0
0
0
0
0
0
0
0
0
0
0
0
0
0
0
0
0
0
0
0
0
0
0
0
0
0
0
0
0
0
0
0
0
0
0
0
0
0
0
0
0
0
0
0
0
0
0
0
0
0
0
0
0
0
0
0
0
0
0
0
0
0
0
0
0
0
0
0
0
0
0
0
0
0
0
0
0
0
0
0
0
0
0
0
0
0
0
0
0
0
0
0
0
0
0
0
0
0
0
0
0
0
0
0
0
0
0
0
0
0
0
0
0
0
0
0
0
0
0
0
0
0
0
0
0
0
0
0
0
0
0
0
0
0
0
0
0
0
0
0
0
0
0
0
0
0
0
0
0
0
0
0
0
0
-1.25801e-06
-6.07724e-06
-1.43274e-05
-2.57324e-05
-3.99262e-05
-5.64541e-05
-7.47745e-05
-9.42621e-05
-0.000114212
-0.000133845
-0.000152318
-0.000168734
-0.000182153
-0.000191597
-0.000196059
-0.000194516
-0.000185943
-0.000169344
-0.000143771
-0.000108344
-6.22628e-05
-4.80665e-06
6.46605e-05
0.000146678
0.000241667
0.000349909
0.00047152
0.000606436
0.00075441
0.000914999
0.00108757
0.0012713
0.00146519
0.00166809
0.00187866
0.00209543
0.00231675
0.00254074
0.0027654
0.00298853
0.0032079
0.00342123
0.00362622
0.00382057
0.00400187
0.00416768
0.00431547
0.0044428
0.00454736
0.004627
0.00467978
0.00470386
0.00469748
0.00465904
0.0045871
0.00448054
0.00433861
0.00416093
0.00394742
0.00369826
0.00341383
0.00309478
0.00274208
0.00235706
0.00194142
0.00149717
0.0010266
0.000532226
1.68053e-05
-0.000516618
-0.00106472
-0.00162392
-0.00219051
-0.00276072
-0.00333075
-0.0038968
-0.00445504
-0.00500158
-0.00553246
-0.00604378
-0.00653179
-0.00699293
-0.00742389
-0.00782164
-0.00818336
-0.00850653
-0.00878888
-0.00902844
-0.00922358
-0.00937299
-0.00947819
-0.00954194
-0.00956404
-0.0095445
-0.00948363
-0.00938197
-0.00924033
-0.00905969
-0.00884117
-0.00858606
-0.00829579
-0.00797198
-0.00761646
-0.00723128
-0.00681865
-0.00638092
-0.00592047
-0.00543972
-0.0049411
-0.00442708
-0.00390026
-0.00336333
-0.00281913
-0.00227058
-0.00172058
-0.00117196
-0.000627418
-8.95298e-05
0.00043918
0.000956194
0.00145899
0.00194508
0.00241211
0.00285796
0.00328077
0.00367897
0.00405113
0.00439592
0.00471198
0.00499797
0.00525265
0.005475
0.00566435
0.00582041
0.00594319
0.00603289
0.00608971
0.0061138
0.00610531
0.00606453
0.00599205
0.00588885
0.0057563
0.00559599
0.00540953
0.00519843
0.00496407
0.0047078
0.00443112
0.00413575
0.00382362
0.00349677
0.00315725
0.00280702
0.00244801
0.00208216
0.00171155
0.00133827
0.000964394
0.000591788
0.00022211
-0.000143143
-0.000502486
-0.000854339
-0.00119702
-0.0015289
-0.00184851
-0.00215472
-0.00244667
-0.00272358
-0.00298464
-0.0032289
-0.00345535
-0.00366312
-0.00385164
-0.00402066
-0.00417019
-0.0043003
-0.00441103
-0.00450237
-0.00457436
-0.00462724
-0.00466141
-0.00467743
-0.00467584
-0.00465711
-0.00462161
-0.00456978
-0.00450217
-0.00441951
-0.00432262
-0.00421227
-0.00408912
-0.00395368
-0.0038065
-0.00364819
-0.00347952
-0.0033013
-0.00311429
-0.00291911
-0.00271625
-0.0025062
-0.00228952
-0.00206692
-0.00183911
-0.00160666
-0.00136992
-0.00112903
-0.000884141
-0.000635567
-0.000383889
-0.000129865
0.000125786
0.000382585
0.000640369
0.000899162
0.00115893
0.00141937
0.00167981
0.00193936
0.00219712
0.00245234
0.00270455
0.00295338
0.00319837
0.00343884
0.0036738
0.00390204
0.00412233
0.00433354
0.00453467
0.0047248
0.00490293
0.00506792
0.00521842
0.00535295
0.00547001
0.00556821
0.0056463
0.00570311
0.00573753
0.00574831
0.00573411
0.00569348
0.00562498
0.00552728
0.00539926
0.00524001
0.00504873
0.00482471
0.00456728
0.00427587
0.00395011
0.00358995
0.00319568
0.0027679
0.00230735
0.00181485
0.00129123
0.000737451
0.000154674
-0.000455585
-0.00109143
-0.00175061
-0.00243064
-0.00312885
-0.00384245
-0.0045685
-0.00530388
-0.00604529
-0.00678922
-0.00753207
-0.00827005
-0.0089993
-0.00971575
-0.0104151
-0.011093
-0.0117449
-0.0123662
-0.0129525
-0.0134996
-0.0140033
-0.0144597
-0.0148646
-0.0152142
-0.0155049
-0.0157329
-0.0158949
-0.0159879
-0.0160091
-0.0159559
-0.0158261
-0.0156179
-0.0153301
-0.0149617
-0.0145125
-0.0139823
-0.0133716
-0.012681
-0.0119117
-0.0110653
-0.0101439
-0.00915029
-0.00808768
-0.00695987
-0.00577115
-0.00452624
-0.00323024
-0.00188866
-0.000507293
0.000907728
0.00234999
0.00381276
0.005289
0.00677133
0.00825207
0.0097233
0.011177
0.012605
0.0139992
0.0153518
0.0166548
0.0179007
0.0190819
0.0201913
0.0212218
0.0221667
0.0230194
0.0237737
0.0244239
0.0249644
0.0253906
0.0256984
0.0258842
0.0259453
0.0258796
0.0256857
0.0253629
0.0249108
0.0243301
0.0236217
0.0227874
0.0218297
0.0207517
0.0195573
0.018251
0.0168384
0.0153255
0.0137191
0.0120266
0.010256
0.00841558
0.00651408
0.00456056
0.0025644
0.000535192
-0.00151727
-0.00358305
-0.00565204
-0.00771398
-0.00975841
-0.0117747
-0.0137522
-0.0156803
-0.0175485
-0.0193467
-0.021065
-0.0226941
-0.0242251
-0.0256497
-0.0269603
-0.0281499
-0.0292123
-0.0301421
-0.0309345
-0.0315858
-0.0320927
-0.0324528
-0.0326647
-0.0327275
-0.0326413
-0.0324071
-0.0320262
-0.0315011
-0.0308348
-0.0300311
-0.0290944
-0.0280302
-0.0268442
-0.0255431
-0.0241339
-0.022624
-0.0210216
-0.0193352
-0.0175737
-0.0157464
-0.013863
-0.0119335
-0.00996765
-0.00797569
-0.00596768
-0.00395376
-0.00194401
5.15723e-05
0.00202316
0.00396114
0.00585616
0.00769923
0.00948171
0.0111954
0.0128324
0.0143854
0.0158477
0.0172129
0.0184754
0.0196301
0.0206725
0.0215987
0.0224058
0.0230911
0.0236529
0.0240901
0.0244021
0.0245893
0.0246525
0.024593
0.0244128
0.0241004
0.0236389
0.0230348
0.0222957
0.0214311
0.0204515
0.0193685
0.0181945
0.0169429
0.0156277
0.0142632
0.0128641
0.0114454
0.0100215
0.00860712
0.00721619
0.00586227
0.00455815
0.00331576
0.00214604
0.00105886
6.29463e-05
-0.000834179
-0.00162627
-0.00230842
-0.00287712
-0.00333031
-0.00366732
-0.00388885
-0.00399693
-0.00399483
-0.00388705
-0.00367925
-0.00337815
-0.00299144
-0.00252768
-0.00199611
-0.00140661
-0.000769495
-9.5489e-05
0.000604464
0.00131931
0.00203804
0.00274979
0.00344398
0.00411043
0.00473945
0.00532194
0.00584951
0.00631453
0.00671021
0.00703064
0.00727084
0.00742683
0.00749566
0.00747541
0.00736524
0.00716525
0.00687656
0.00650119
0.00604207
0.00550305
0.00488882
0.00420486
0.00345729
0.00265282
0.00179871
0.000902633
-2.7284e-05
-0.000982602
-0.00195467
-0.00293476
-0.00391418
-0.00488434
-0.00583681
-0.00676333
-0.00765589
-0.00850683
-0.00930893
-0.0100556
-0.0107406
-0.0113587
-0.011905
-0.0123753
-0.0127659
-0.0130743
-0.0132981
-0.0134361
-0.0134907
-0.0134648
-0.0133661
-0.0132024
-0.0129746
-0.0126835
-0.0123322
-0.0119198
-0.0114472
-0.0109157
-0.0103265
-0.00968638
-0.00899143
-0.00824324
-0.00744355
-0.00659422
-0.00570645
-0.00477343
-0.00379759
-0.00278154
-0.00172808
-0.000652607
0.000453929
0.00158805
0.00274596
0.00392355
0.0051017
0.00629037
0.00748485
0.00868025
0.00987144
0.0110376
0.0121882
0.0133176
0.0144198
0.0154888
0.0165046
0.0174746
0.0183926
0.0192522
0.020047
0.0207612
0.0213983
0.0219524
0.0224178
0.022789
0.0230578
0.0232218
0.0232765
0.0232176
0.0230415
0.0227515
0.0223384
0.0217998
0.021134
0.0203403
0.0194357
0.018404
0.0172465
0.0159656
0.0145641
0.0130735
0.011471
0.00976196
0.00795269
0.00605013
0.00409818
0.00206928
-2.75356e-05
-0.00218234
-0.00438439
-0.00658141
-0.00880216
-0.0110346
-0.0132663
-0.0154847
-0.0176365
-0.0197485
-0.0218076
-0.0238007
-0.0257146
-0.0275028
-0.0291867
-0.0307545
-0.0321946
-0.0334963
-0.0346275
-0.0356005
-0.0364067
-0.0370385
-0.0374946
-0.037768
-0.0378593
-0.0377651
-0.0374827
-0.0370103
-0.0363603
-0.0355196
-0.0344891
-0.0332707
-0.0318677
-0.0303157
-0.0285883
-0.0266913
-0.0246317
-0.0224172
-0.0201038
-0.0176538
-0.0150776
-0.0123863
-0.00959173
-0.00676362
-0.00385767
-0.000887593
0.00213224
0.00518703
0.00820097
0.01122
0.0142294
0.0172138
0.020158
0.0229898
0.0257506
0.0284255
0.031
0.0334603
0.0357477
0.0378948
0.0398892
0.0417195
0.0433748
0.0448176
0.0460666
0.0471141
0.047953
0.0485776
0.048977
0.0491536
0.0491052
0.0488308
0.0483303
0.0476214
0.0466894
0.0455375
0.0441703
0.0425934
0.0408515
0.0389152
0.0367933
0.0344957
0.0320331
0.0294703
0.0267665
0.0239347
0.0209889
0.0179437
0.0148767
0.0117404
0.00855054
0.00532308
0.00207428
-0.00111558
-0.00429478
-0.00744774
-0.0105591
-0.0136137
-0.0165391
-0.0193785
-0.0221184
-0.0247458
-0.0272485
-0.0295709
-0.0317459
-0.0337634
-0.035614
-0.0372892
-0.0387563
-0.040035
-0.0411201
-0.0420079
-0.0426951
-0.0431752
-0.0434523
-0.043527
-0.0434009
-0.0430766
-0.0425731
-0.0418791
-0.0409998
-0.0399414
-0.0387111
-0.0373496
-0.0358331
-0.034171
-0.0323731
-0.03045
-0.0284575
-0.0263626
-0.0241773
-0.0219138
-0.0195842
-0.0172509
-0.0148759
-0.0124717
-0.0100508
-0.00762581
-0.00525828
-0.00291075
-0.000594574
0.00167925
0.00390007
0.0060152
0.00805755
0.0100183
0.0118894
0.0136635
0.0153027
0.0168319
0.0182453
0.0195379
0.0207057
0.0217281
0.0226202
0.0233804
0.0240079
0.0245023
0.0248611
0.0250885
0.0251866
0.0251581
0.0250062
0.0247446
0.0243671
0.0238782
0.0232828
0.0225869
0.0218169
0.020959
0.0200199
0.0190062
0.0179247
0.0168086
0.0156388
0.0144224
0.013167
0.0118797
0.0105964
0.0092953
0.00798323
0.00666695
0.0053531
0.00407524
0.00281205
0.001569
0.000351213
-0.000836466
-0.00196666
-0.00305786
-0.00410618
-0.00510815
-0.0060607
-0.0069447
-0.00777415
-0.00854693
-0.00926124
-0.00991574
-0.0105003
-0.0110236
-0.0114859
-0.0118872
-0.012228
-0.0125066
-0.0127264
-0.0128884
-0.0129942
-0.0130454
-0.0130473
-0.0129985
-0.0129012
-0.0127577
-0.0125705
-0.0123502
-0.0120914
-0.0117965
-0.011468
-0.0111083
-0.0107305
-0.0103266
-0.00989937
-0.00945154
-0.00898574
-0.00851612
-0.00803322
-0.00753915
-0.00703594
-0.00652569
-0.00602215
-0.00551602
-0.00500952
-0.00450467
-0.00400321
-0.00351699
-0.00303679
-0.00256379
-0.00209933
-0.0016449
-0.00121074
-0.000789586
-0.000382518
9.6972e-06
0.000386477
0.000740547
0.00107769
0.00139683
0.00169681
0.00197667
0.00223133
0.00246492
0.0026772
0.00286785
0.00303634
0.00317982
0.00329977
0.00339578
0.00346766
0.00351539
0.00353905
0.00353831
0.00351283
0.00346228
0.00338648
0.00328793
0.00316435
0.00301599
0.00284301
0.00264556
0.00242854
0.00218765
0.00192346
0.00163664
0.00132788
0.00100452
0.000660505
0.000296659
-8.59099e-05
-0.000485812
-0.000893152
-0.0013148
-0.00174942
-0.00219574
-0.00265241
-0.00310843
-0.00357123
-0.00403864
-0.00450842
-0.00497849
-0.00543736
-0.00589281
-0.00634294
-0.00678556
-0.00721824
-0.00762975
-0.00802643
-0.00840616
-0.00876701
-0.00910707
-0.00941759
-0.0097032
-0.00996173
-0.0101911
-0.0103896
-0.0105518
-0.0106803
-0.0107736
-0.0108305
-0.0108495
-0.0108295
-0.01077
-0.0106707
-0.0105316
-0.0103531
-0.0101391
-0.0098852
-0.00959133
-0.00925774
-0.00888542
-0.00848417
-0.00804787
-0.0075785
-0.00707778
-0.0065471
-0.00599937
-0.00542477
-0.00482561
-0.0042048
-0.00356556
-0.00292481
-0.00227178
-0.00160924
-0.000939932
-0.000266825
0.000392484
0.00104895
0.00169918
0.0023399
0.00296798
0.00356707
0.0041473
0.00470554
0.00523865
0.0057437
0.0062075
0.00663802
0.00703281
0.00738944
0.00770553
0.0079727
0.00819551
0.00837264
0.00850307
0.00858585
0.00861889
0.00860253
0.00853621
0.00841985
0.00825385
0.00804316
0.00778166
0.00746851
0.00710527
0.0066939
0.00624613
0.00575597
0.00522705
0.00466323
0.00406834
0.00345904
0.00282648
0.00217509
0.00150966
0.000835134
0.00017086
-0.000493422
-0.00115341
-0.00180482
-0.00244322
-0.00304987
-0.00363509
-0.00419509
-0.00472665
-0.00522705
-0.00568163
-0.0061005
-0.0064812
-0.00682156
-0.00711993
-0.00736653
-0.00757039
-0.00773166
-0.00785061
-0.00792755
-0.00795784
-0.00794783
-0.00789905
-0.00781351
-0.00769345
-0.00753952
-0.00735571
-0.00714434
-0.00690794
-0.00664938
-0.00637281
-0.00608021
-0.00577458
-0.00545865
-0.00513511
-0.00480928
-0.00448105
-0.00415321
-0.0038284
-0.00350896
-0.00320011
-0.00290002
-0.00261026
-0.00233236
-0.00206777
-0.00182075
-0.00158899
-0.00137319
-0.00117378
-0.00099092
-0.000826868
-0.000678959
-0.000546952
-0.000430451
-0.000328909
-0.000243008
-0.000170337
-0.000110026
-6.11149e-05
-2.25634e-05
6.07252e-06
2.67334e-05
4.0505e-05
4.84345e-05
5.1528e-05
5.0541e-05
4.67073e-05
4.09004e-05
3.39235e-05
2.64899e-05
1.91829e-05
1.25749e-05
7.08052e-06
3.02172e-06
6.26408e-07
0
0
0
0
0
0
0
0
0
0
0
0
0
0
0
0
0
0
0
0
0
0
0
0
0
0
0
0
0
0
0
0
0
0
0
0
0
0
0
0
0
0
0
0
0
0
0
0
0
0
0
0
0
0
0
0
0
0
0
0
0
0
0
0
0
0
0
0
0
0
0
0
0
0
0
0
0
0
0
0
0
0
0
0
0
0
0
0
0
0
0
0
0
0
0
0
0
0
0
0
0
0
0
0
0
0
0
0
0
0
0
0
0
0
0
0
0
0
0
0
0
0
0
0
0
0
0
0
0
0
0
0
0
0
0
0
0
0
0
0
0
0
0
0
0
0
0
0
0
0
0
0
0
0
0
0
0
0
0
0
0
0
0
0
0
0
0
0
0
0
0
0
0
0
0
0
0
0
0
0
0
0
0
0
0
0
0
0
0
0
0
0
0
0
0
0
0
0
0
0
0
0
0
0
0
0
0
0
0
0
0
0
0
0
0
0
0
0
0
0
0
0
0
0
0
0
0
0
0
0
0
0
0
0
0
0
0
0
0
0
0
0
0
0
0
0
0
0
0
0
0
0
0
0
0
0
0
0
0
0
0
0
0
0
0
0
0
0
0
0
0
0
0
0
0
0
0
0
0
0
0
0
0
0
0
0
0
0
0
0
0
0
0
0
0
0
0
0
0
0
0
0
0
0
0
0
0
0
0
0
0
0
0
0
0
0
0
0
0
0
0
0
0
0
0
0
0
0
0
0
0
0
0
0
0
0
0
0
0
0
0
0
0
0
0
0
0
0
0
0
0
0
0
0
0
0
0
0
0
0
0
0
0
0
0
0
0
0
0
0
0
0
0
0
0
0
0
0
0
0
0
0
0
0
