0
0
0
0
0
0
0
0
0
0
0
0
0
0
0
0
0
0
0
0
0
0
0
0
0
0
0
0
0
0
0
0
0
0
0
0
0
0
0
0
0
0
0
0
0
0
0
0
-0
-0
-0
-0
-0
-0
-0
-0
-0
-0
-0
-0
-0
-0
-0
-0
-0
-0
-0
-0
-0
-0
-0
-0
-0
-0
-0
-0
-0
-0
-0
-0
-0
-0
-0
-0
-0
-0
-0
-0
-0
-0
-0
-0
0
0
0
0
0
0
0
0
0
0
0
0
0
0
0
0
0
0
0
0
0
0
0
0
0
0
0
0
0
0
0
0
0
0
0
0
0
0
0
0
-0
-0
-0
-0
-0
-0
-0
-0
-0
-0
-0
-0
-0
-0
-0
-0
-0
-0
-0
-0
-0
-0
-0
-0
-0
-0
-0
-0
-0
-0
-0
-0
-0
0
0
0
0
0
0
0
0
0
0
0
0
0
0
0
0
0
0
0
0
0
0
0
0
0
0
0
0
0
0
0
0
0
0
0
-0
-0
-0
-0
-0
-0
-0
-0
-0
-0
-0
-0
-0
-0
-0
-0
-0
-0
-0
-0
-0
-0
-0
-0
-0
-0
-0
-0
-0
-0
-0
-0
-0
-0
-0
-0
-0
-0
-0
-0
-0
-0
-0
-0
-0
-0
-0
-0
0
0
0
0
0
0
0
0
0
0
0
0
0
0
0
0
0
0
0
0
0
0
0
0
0
0
0
0
0
0
0
0
0
0
0
0
0
0
0
0
0
0
0
0
0
0
0
0
0
0
0
0
0
0
0
0
0
0
0
-0
-0
-0
-0
-0
-0
-0
-0
-0
-0
-0
-0
-0
-0
-0
-0
-0
-0
-0
-0
-0
-0
-0
-0
-0
-0
-0
-0
-0
-0
-0
-0
-0
-0
-0
-0
-0
-0
-0
-0
-0
-0
-0
-0
-0
-0
-0
-0
-0
-0
-0
-0
-0
-0
-0
-0
-0
-0
-0
-0
-0
-0
-0
-0
-0
-0
0
0
0
0
0
0
0
0
0
0
0
1.70221e-05
8.87184e-05
0.000224636
0.000431839
0.00071544
0.00107848
0.00152185
0.00204424
0.0026421
0.00330965
0.00403884
0.00481946
0.00563931
0.00648445
0.00733952
0.00818784
0.00901159
0.00979177
0.0105085
0.0111412
0.0116696
0.0120736
0.0123344
0.0124339
0.0123552
0.0120824
0.0116014
0.0109001
0.00996919
0.00880239
0.00739606
0.00574913
0.00386286
0.00174117
-0.000608923
-0.0031768
-0.00594821
-0.00890563
-0.0120289
-0.0152955
-0.0186813
-0.0221595
-0.0257014
-0.0292765
-0.032853
-0.0363992
-0.0398834
-0.0432746
-0.046542
-0.0496546
-0.0525824
-0.0552963
-0.0577699
-0.0599798
-0.061906
-0.0635312
-0.0648408
-0.0658224
-0.0664665
-0.0667673
-0.066724
-0.0663405
-0.0656257
-0.0645922
-0.0632556
-0.0616333
-0.0597448
-0.0576115
-0.055258
-0.0527128
-0.0500089
-0.047183
-0.0442738
-0.0413204
-0.0383596
-0.035425
-0.0325475
-0.0297564
-0.027081
-0.0245516
-0.0221989
-0.0200525
-0.0181391
-0.0164808
-0.0150949
-0.0139939
-0.0131864
-0.0126774
-0.0124686
-0.0125579
-0.012943
-0.0136204
-0.0145797
-0.0158081
-0.0172895
-0.0190036
-0.0209259
-0.0230288
-0.0252831
-0.02766
-0.0301318
-0.0326722
-0.035254
-0.0378483
-0.0404239
-0.0429478
-0.0453866
-0.0477078
-0.0498807
-0.0518754
-0.0536624
-0.0552123
-0.0564964
-0.057488
-0.0581639
-0.0585041
-0.0584919
-0.0581129
-0.0573538
-0.0562035
-0.0546541
-0.0527023
-0.0503496
-0.0476021
-0.0444681
-0.0409572
-0.0370789
-0.0328441
-0.0282661
-0.0233628
-0.0181574
-0.012678
-0.00695675
-0.00102762
0.00507432
0.0113135
0.0176535
0.024057
0.0304852
0.0368978
0.0432532
0.0495081
0.0556183
0.0615384
0.0672233
0.0726289
0.0777136
0.082439
0.0867702
0.0906752
0.0941238
0.0970869
0.0995362
0.101444
0.102786
0.10354
0.103688
0.103218
0.102123
0.100402
0.0980595
0.095102
0.091538
0.0873769
0.0826291
0.0773076
0.0714299
0.0650209
0.0581134
0.0507475
0.0429683
0.0348234
0.0263599
0.0176245
0.00866346
-0.000476094
-0.0097449
-0.0190915
-0.0284629
-0.0378049
-0.0470629
-0.0561818
-0.0651057
-0.0737791
-0.0821475
-0.0901593
-0.0977669
-0.104927
-0.111597
-0.117739
-0.123313
-0.12828
-0.132604
-0.136255
-0.139207
-0.141444
-0.142951
-0.143718
-0.143741
-0.143015
-0.141543
-0.139332
-0.136393
-0.132738
-0.128385
-0.123352
-0.117659
-0.111335
-0.104412
-0.096928
-0.0889266
-0.0804509
-0.0715452
-0.0622545
-0.0526269
-0.0427144
-0.0325733
-0.0222622
-0.0118399
-0.00136333
0.00911269
0.0195344
0.0298474
0.0399955
0.0499212
0.0595669
0.0688771
0.0778001
0.0862879
0.0942966
0.101785
0.108713
0.115045
0.120744
0.125777
0.130114
0.133724
0.136583
0.138667
0.13996
0.140449
0.140127
0.138991
0.137044
0.134294
0.130752
0.126431
0.121349
0.115526
0.108981
0.101739
0.093827
0.085277
0.0761264
0.0664174
0.0561949
0.0455053
0.034395
0.0229114
0.0111026
-0.000980783
-0.0132859
-0.0257578
-0.0383398
-0.0509744
-0.0636031
-0.0761668
-0.088606
-0.100862
-0.112879
-0.124601
-0.135979
-0.146961
-0.157497
-0.167536
-0.177026
-0.185916
-0.194157
-0.201705
-0.208519
-0.21456
-0.219795
-0.224191
-0.227722
-0.230363
-0.232094
-0.2329
-0.232766
-0.231681
-0.229636
-0.226628
-0.222658
-0.217734
-0.211869
-0.20508
-0.197387
-0.188812
-0.179379
-0.169115
-0.158054
-0.146235
-0.133701
-0.120499
-0.10668
-0.0922985
-0.0774117
-0.0620807
-0.0463692
-0.0303423
-0.0140657
0.00239522
0.0189739
0.035602
0.0522079
0.0687165
0.08505
0.101129
0.116876
0.132213
0.147064
0.161359
0.175029
0.188008
0.200236
0.211655
0.22221
0.231846
0.240511
0.24815
0.254714
0.260156
0.264436
0.267519
0.26938
0.269998
0.26936
0.267461
0.264299
0.259879
0.254215
0.247324
0.239228
0.229956
0.219541
0.20802
0.195437
0.18184
0.167285
0.151832
0.135547
0.118503
0.100773
0.0824374
0.0635778
0.0442789
0.0246276
0.00471273
-0.0153755
-0.0355449
-0.0557016
-0.0757496
-0.0955907
-0.115126
-0.134255
-0.152879
-0.170901
-0.188227
-0.204766
-0.220431
-0.235141
-0.248822
-0.261406
-0.272832
-0.283047
-0.292007
-0.299673
-0.306014
-0.311006
-0.314633
-0.316886
-0.317762
-0.317268
-0.315414
-0.312218
-0.307706
-0.301909
-0.294864
-0.286617
-0.27722
-0.266728
-0.255201
-0.242705
-0.229308
-0.215085
-0.200114
-0.184476
-0.168254
-0.151534
-0.134403
-0.11695
-0.0992651
-0.0814397
-0.0635657
-0.0457336
-0.028032
-0.0105469
0.00663711
0.0234375
0.0397737
0.0555676
0.0707455
0.0852387
0.0989837
0.111922
0.124002
0.135173
0.145392
0.15462
0.162823
0.169975
0.176054
0.181046
0.184941
0.187736
0.189437
0.190051
0.189596
0.188102
0.185613
0.182155
0.177762
0.172471
0.166322
0.15936
0.151631
0.143185
0.134073
0.124348
0.114066
0.103285
0.0920642
0.080465
0.0685488
0.0563784
0.0440172
0.0315291
0.018978
0.0064265
-0.00606429
-0.018435
-0.0306274
-0.0425834
-0.0542454
-0.0655568
-0.0764628
-0.0869122
-0.0968573
-0.106254
-0.115061
-0.12324
-0.130755
-0.137571
-0.143662
-0.149001
-0.153568
-0.157344
-0.160314
-0.162466
-0.163792
-0.16429
-0.163963
-0.162818
-0.160866
-0.158119
-0.154594
-0.150308
-0.145286
-0.139556
-0.13315
-0.126102
-0.118449
-0.110227
-0.101477
-0.0922426
-0.0825706
-0.072512
-0.0621187
-0.0514429
-0.0405365
-0.0294519
-0.0182429
-0.00696506
0.00432448
0.0155682
0.0267092
0.0376914
0.0484591
0.0589568
0.0691291
0.0789212
0.0882804
0.097156
0.1055
0.113265
0.120407
0.12688
0.132645
0.137662
0.141897
0.14532
0.147903
0.149618
0.150442
0.150352
0.149332
0.147334
0.144318
0.140295
0.135283
0.129295
0.122349
0.114504
0.105764
0.0961719
0.0857762
0.0746276
0.0628692
0.05047
0.0374946
0.0240143
0.0101066
-0.00400295
-0.0183758
-0.032927
-0.0475706
-0.0622198
-0.0766023
-0.0908168
-0.104775
-0.118388
-0.131572
-0.144043
-0.155929
-0.167155
-0.17765
-0.187346
-0.195991
-0.203729
-0.210512
-0.216301
-0.22106
-0.224606
-0.227083
-0.228479
-0.228794
-0.228033
-0.22611
-0.223151
-0.219185
-0.214245
-0.208374
-0.201584
-0.193966
-0.185579
-0.176487
-0.166758
-0.156495
-0.14574
-0.13457
-0.123061
-0.111291
-0.0994195
-0.087433
-0.0754057
-0.0634094
-0.0515134
-0.0399007
-0.0285064
-0.0173851
-0.00658621
0.00384695
0.0137444
0.0232147
0.0322318
0.0407756
0.0488321
0.0562649
0.063208
0.0696639
0.0756401
0.081148
0.0860917
0.090607
0.0947147
0.0984369
0.101797
0.104731
0.107351
0.109678
0.111732
0.113529
0.115024
0.116284
0.117311
0.118103
0.118479
0.118287
0.117539
0.116227
0.114345
0.111893
0.108888
0.105315
0.101182
0.0964989
0.0912773
0.0855914
0.0794011
0.0727275
0.0655947
0.0580293
0.0501555
0.0419105
0.0333285
0.0244459
0.0153013
0.00605597
-0.0033693
-0.0129314
-0.0225859
-0.0322874
-0.0418559
-0.0513788
-0.0608095
-0.0701013
-0.0792074
-0.0879513
-0.0964182
-0.104564
-0.112345
-0.119721
-0.12654
-0.132875
-0.138692
-0.143957
-0.148641
-0.152639
-0.156004
-0.158712
-0.160746
-0.162091
-0.162703
-0.162605
-0.161793
-0.160267
-0.158029
-0.155105
-0.151485
-0.147184
-0.142218
-0.136607
-0.130441
-0.12368
-0.116355
-0.108498
-0.100145
-0.091443
-0.0823254
-0.072836
-0.06302
-0.0529244
-0.0427309
-0.0323556
-0.0218488
-0.0112617
-0.00064555
0.0098041
0.0201813
0.0304366
0.0405215
0.0503886
0.059854
0.069011
0.0778172
0.0862318
0.0942166
0.101621
0.108526
0.114901
0.120718
0.125952
0.130502
0.134428
0.137715
0.140352
0.142331
0.143613
0.144232
0.144188
0.143488
0.142139
0.140167
0.137573
0.134374
0.130591
0.126247
0.121425
0.116098
0.110296
0.104054
0.0974052
0.0904778
0.083218
0.0756639
0.0678547
0.0598307
0.0517451
0.0435258
0.0352136
0.0268492
0.0184736
0.0102473
0.0020909
-0.00595612
-0.0138555
-0.0215704
-0.0289543
-0.0360866
-0.0429367
-0.0494759
-0.0556773
-0.0614246
-0.0667864
-0.0717422
-0.0762738
-0.0803653
-0.083942
-0.0870546
-0.0896951
-0.0918581
-0.0935408
-0.0947167
-0.0954139
-0.0956367
-0.0953917
-0.0946877
-0.0935451
-0.0919669
-0.0899677
-0.0875638
-0.0847738
-0.0816597
-0.0782019
-0.074424
-0.0703503
-0.0660056
-0.0614811
-0.0567367
-0.0517989
-0.0466948
-0.0414526
-0.0361807
-0.0308272
-0.0254204
-0.019988
-0.0145574
-0.00923871
-0.00397417
0.0012117
0.00629547
0.0112546
0.015991
0.0205599
0.0249407
0.0291144
0.0330632
0.0367117
0.0401063
0.0432351
0.0460877
0.0486546
0.0508905
0.052826
0.0544565
0.0557789
0.0567919
0.0574839
0.0578682
0.0579476
0.0577272
0.0572135
0.0564284
0.0553676
0.0540413
0.0524602
0.0506357
0.048616
0.0463804
0.0439448
0.0413264
0.038543
0.035663
0.0326528
0.0295305
0.0263147
0.023025
0.0197405
0.0164217
0.0130873
0.00975509
0.00644234
0.00322534
6.27719e-05
-0.00302755
-0.00602821
-0.00892288
-0.0116458
-0.0142348
-0.0166777
-0.0189626
-0.021078
-0.0229761
-0.0246839
-0.0261935
-0.0274984
-0.0285939
-0.0294577
-0.0301052
-0.0305343
-0.0307439
-0.0307342
-0.0305091
-0.0300703
-0.0294225
-0.0285717
-0.0275245
-0.0263089
-0.0249123
-0.0233434
-0.0216117
-0.0197279
-0.0177392
-0.0156216
-0.0133877
-0.0110509
-0.00862507
-0.00617031
-0.00365537
-0.00109498
0.00149599
0.00410274
0.00666174
0.009208
0.0117279
0.0142081
0.0166354
0.0189513
0.0211887
0.0233352
0.0253793
0.0273103
0.0290826
0.0307238
0.0322269
0.0335855
0.0347946
0.0358274
0.0367017
0.037414
0.0379609
0.0383403
0.038545
0.0385821
0.0384543
0.0381656
0.037721
0.0371352
0.0364038
0.035532
0.0345259
0.0333925
0.032163
0.0308231
0.0293824
0.0278509
0.0262388
0.0245887
0.0228796
0.0211223
0.0193277
0.0175064
0.0157043
0.0138956
0.0120906
0.0102999
0.00853413
0.00683807
0.00518756
0.00359156
0.00205811
0.000594573
-0.000764855
-0.00204127
-0.00322905
-0.00432335
-0.00532005
-0.00619831
-0.00697225
-0.00763913
-0.00819691
-0.00864474
-0.00897754
-0.00920303
-0.00932399
-0.00934332
-0.00926361
-0.00909255
-0.00882775
-0.00847323
-0.00803449
-0.00751825
-0.00694555
-0.00630942
-0.00561635
-0.00487267
-0.00408522
-0.00328032
-0.00244771
-0.00159599
-0.000733457
0.000132355
0.000975553
0.00180852
0.0026245
0.00341643
0.00417736
0.00488582
0.00555139
0.00616944
0.0067358
0.00724637
0.00768927
0.00806576
0.00837022
0.00860005
0.00875392
0.0088326
0.00883541
0.00876352
0.00861889
0.00840441
0.00813352
0.00780085
0.00741122
0.00696969
0.00648162
0.00596859
0.00542116
0.0048466
0.00425265
0.003647
0.00305476
0.00246437
0.00188216
0.0013145
0.000767899
0.000264629
-0.000205356
-0.000636473
-0.00102394
-0.00136382
-0.0016427
-0.00186883
-0.00204046
-0.0021565
-0.00221654
-0.00221791
-0.00216478
-0.00205884
-0.00190242
-0.00169858
-0.00145518
-0.00117218
-0.000854334
-0.000506677
-0.00013441
0.000247649
0.000643992
0.00104879
0.00145612
0.00186016
0.00224345
0.00261391
0.00296689
0.00329804
0.00360323
0.00386695
0.00409866
0.0042956
0.00445567
0.0045775
0.00465107
0.00468653
0.00468415
0.00464469
0.00456948
0.00445453
0.00430908
0.00413592
0.00393815
0.00371908
0.00347941
0.0032262
0.00296331
0.00269463
0.00242406
0.00215462
0.00189077
0.00163584
0.00139289
0.00116468
0.000953733
0.00076189
0.000590712
0.000441302
0.000314298
0.000210014
0.000127917
6.72839e-05
2.69348e-05
5.25337e-06
0
0
0
0
0
0
0
0
0
0
0
0
0
0
0
-0
-0
-0
-0
-0
-0
-0
-0
-0
-0
-0
-0
-0
-0
-0
-0
-0
-0
-0
-0
-0
-0
-0
-0
-0
-0
-0
-0
-0
-0
-0
-0
-0
-0
-0
-0
-0
0
0
0
0
0
0
0
0
0
0
0
0
0
0
0
0
0
0
0
0
0
0
0
0
0
0
0
0
0
0
0
0
0
0
0
0
0
0
0
0
0
0
0
0
0
0
0
0
0
0
0
0
0
0
0
0
0
0
0
0
0
0
0
0
0
0
0
0
0
0
0
0
0
0
0
0
0
0
0
0
0
0
0
0
0
0
0
0
0
0
0
0
0
0
0
0
0
0
0
0
0
0
0
0
0
0
0
0
0
0
0
0
0
0
0
0
0
0
0
0
0
0
0
0
0
0
0
0
0
0
0
0
0
0
0
0
0
0
0
0
0
0
0
0
0
0
0
0
0
0
0
0
0
0
0
0
0
0
0
0
0
0
0
0
0
0
0
0
0
0
0
0
0
0
0
0
0
0
0
0
0
0
0
0
0
0
0
0
0
0
0
0
0
0
0
0
0
0
0
0
0
0
0
0
0
0
0
0
0
0
0
0
0
0
0
0
0
0
0
0
0
0
0
0
0
0
0
0
0
0
0
0
0
0
0
0
0
0
0
0
0
0
0
0
0
0
0
0
0
0
0
0
0
0
0
0
0
0
0
0
0
0
0
0
0
0
0
0
0
0
0
0
0
0
0
0
0
0
0
0
0
0
0
0
0
0
0
0
0
0
0
0
0
0
0
0
0
0
0
0
0
0
0
0
0
0
0
0
0
0
0
0
0
0
0
0
0
0
0
0
0
0
0
0
0
0
0
0
0
0
0
0
