-0
-0
-0
-0
-0
-0
-0
-0
-0
-0
-0
-0
-0
-0
0
0
0
0
0
0
0
0
0
0
0
0
0
0
0
0
0
0
0
0
0
0
0
0
0
0
0
0
0
0
0
0
0
0
0
0
0
0
0
0
0
0
0
0
0
0
0
0
-0
-0
-0
-0
-0
-0
-0
-0
-0
-0
-0
-0
-0
-0
-0
-0
-0
-0
-0
-0
-0
-0
-0
-0
-0
-0
-0
-0
-0
-0
-0
-0
0
0
0
0
0
0
0
0
0
0
0
0
0
0
0
0
0
0
0
0
0
0
0
-0
-0
-0
-0
-0
-0
-0
-0
-0
-0
-0
-0
-0
-0
-0
-0
-0
-0
-0
-0
-0
-0
-0
-0
-0
-0
-0
-0
-0
-0
-0
-0
-0
-0
-0
-0
-0
-0
-0
-0
-0
-0
-0
-0
-0
-0
-0
0
0
0
0
0
0
0
0
0
0
0
0
0
0
0
0
0
0
0
0
0
0
0
0
0
0
0
0
0
0
0
0
0
0
0
0
0
0
0
0
0
0
0
0
0
0
0
0
-0
-0
-0
-0
-0
-0
-0
-0
-0
-0
-0
-0
-0
-0
-0
-0
-0
-0
-0
-0
-0
-0
-0
-0
-0
-0
-0
-0
-0
-0
-0
-0
-0
-0
-0
-0
-0
-0
-0
-0
-0
-0
-0
-0
-0
-0
-0
-0
-0
0
0
0
0
0
0
0
0
0
0
0
0
0
0
0
0
0
0
0
0
0
0
0
0
0
0
0
0
0
0
0
0
0
0
0
0
0
0
0
0
0
0
0
0
0
0
-0
-0
-0
-0
-0
-0
-0
-0
-0
-0
-0
-0
-0
-0
-0
-0
-0
-0
-0
-0
-0
-0
-0
-0
-0
-0
-0
-0
-0
-0
-0
-0
-0
-0
-0
-0
-0
-0
-0
-0
-0
-0
-0
-0
-0
-0
-0
-0
-0
0
0
0
0
0
0
0
0
0
0
0
0
0
0
0
0
0
0
0
0
0
0
0
0
0
0
0
0
2.20695e-07
1.04006e-06
2.38991e-06
4.17987e-06
6.30932e-06
8.66922e-06
1.11439e-05
1.36127e-05
1.59522e-05
1.80382e-05
1.97476e-05
2.09604e-05
2.15615e-05
2.14419e-05
2.05004e-05
1.86452e-05
1.57952e-05
1.18819e-05
6.85011e-06
6.58361e-07
-6.72105e-06
-1.53021e-05
-2.5085e-05
-3.60564e-05
-4.81897e-05
-6.14458e-05
-7.57745e-05
-9.11147e-05
-0.000107395
-0.000124531
-0.000142426
-0.000160973
-0.00018005
-0.000199529
-0.000219273
-0.000239139
-0.000258978
-0.000278628
-0.000297924
-0.000316693
-0.000334761
-0.000351956
-0.000368111
-0.00038306
-0.000396643
-0.000408702
-0.000419084
-0.000427645
-0.000434249
-0.000438776
-0.000441122
-0.000441197
-0.000438931
-0.000434276
-0.00042721
-0.000417732
-0.000405866
-0.000391645
-0.000375115
-0.000356333
-0.00033537
-0.000312323
-0.000287317
-0.000260504
-0.000232063
-0.000202187
-0.000171082
-0.000138966
-0.000106077
-7.26726e-05
-3.904e-05
-5.48705e-06
2.76603e-05
6.00646e-05
9.13807e-05
0.000121257
0.000149336
0.00017526
0.000198674
0.000219232
0.000236606
0.000250485
0.000260581
0.000266631
0.000268405
0.00026571
0.000258404
0.000246391
0.000229621
0.00020809
0.000181879
0.00015109
0.000115774
7.60104e-05
3.19137e-05
-1.6368e-05
-6.86554e-05
-0.00012474
-0.000184384
-0.00024732
-0.000313252
-0.000381854
-0.000452772
-0.00052563
-0.000600023
-0.000675515
-0.000751638
-0.000827886
-0.000903721
-0.000978578
-0.00105187
-0.00112301
-0.00119137
-0.00125632
-0.00131721
-0.00137337
-0.00142415
-0.00146891
-0.00150702
-0.0015379
-0.00156098
-0.00157573
-0.00158164
-0.00157824
-0.0015651
-0.00154185
-0.00150819
-0.00146385
-0.00140864
-0.0013424
-0.00126507
-0.00117663
-0.00107716
-0.000966798
-0.000845746
-0.000714272
-0.000572697
-0.000421414
-0.00026089
-9.16778e-05
8.55891e-05
0.000270202
0.000461389
0.000658316
0.000860087
0.00106574
0.00127423
0.00148446
0.00169523
0.00190533
0.00211347
0.00231835
0.00251863
0.00271294
0.00289991
0.00307815
0.00324627
0.00340293
0.00354679
0.00367658
0.00379102
0.00388894
0.00396919
0.0040307
0.0040725
0.00409371
0.00409353
0.00407126
0.00402631
0.00395819
0.00386653
0.0037511
0.00361177
0.00344856
0.00326163
0.00305125
0.00281782
0.00256191
0.0022842
0.00198554
0.00166689
0.00132938
0.000974257
0.000602912
0.000216856
-0.000182277
-0.000592739
-0.00101268
-0.00144013
-0.00187307
-0.00230934
-0.00274673
-0.00318298
-0.00361573
-0.00404263
-0.00446129
-0.00486932
-0.00526432
-0.00564391
-0.00600575
-0.00634755
-0.00666708
-0.00696222
-0.00723092
-0.00747128
-0.00768151
-0.00785993
-0.00800505
-0.00811552
-0.00819016
-0.00822797
-0.00822813
-0.00819004
-0.00811327
-0.00799759
-0.007843
-0.00764969
-0.00741806
-0.00714873
-0.00684248
-0.00650031
-0.00612343
-0.00571321
-0.00527123
-0.00479927
-0.00429928
-0.00377336
-0.00322378
-0.00265297
-0.00206349
-0.00145802
-0.000839377
-0.000210463
0.000425717
0.00106609
0.00170751
0.00234681
0.00298078
0.00360623
0.00421995
0.00481879
0.00539964
0.00595943
0.00649519
0.00700405
0.00748326
0.00793022
0.00834249
0.00871781
0.00905413
0.00934957
0.00960248
0.00981141
0.0099752
0.0100929
0.0101639
0.0101877
0.0101641
0.0100933
0.00997568
0.00981177
0.00960245
0.00934888
0.0090524
0.0087146
0.00833731
0.00792252
0.00747244
0.00698947
0.00647616
0.00593522
0.00536948
0.00478189
0.00417547
0.00355335
0.0029187
0.00227474
0.0016247
0.000971794
0.000319228
-0.000329836
-0.000972277
-0.00160504
-0.00222514
-0.0028297
-0.00341598
-0.00398134
-0.00452333
-0.00503962
-0.00552806
-0.00598664
-0.00641358
-0.00680724
-0.00716621
-0.00748927
-0.00777543
-0.00802387
-0.008234
-0.00840543
-0.00853798
-0.00863167
-0.00868673
-0.00870356
-0.00868278
-0.00862514
-0.0085316
-0.0084033
-0.00824151
-0.00804767
-0.00782336
-0.00757026
-0.00729019
-0.00698504
-0.00665683
-0.00630762
-0.00593955
-0.00555481
-0.0051556
-0.00474416
-0.00432273
-0.00389357
-0.00345894
-0.00302105
-0.00258211
-0.00214424
-0.00170952
-0.00127993
-0.000857381
-0.000443711
-4.06591e-05
0.000350133
0.000727129
0.00108891
0.00143417
0.00176172
0.0020705
0.00235956
0.00262808
0.00287538
0.0031009
0.00330424
0.0034851
0.00364331
0.00377882
0.00389167
0.00398205
0.00405023
0.00409662
0.0041217
0.00412606
0.00411038
0.00407539
0.0040219
0.00395077
0.00386295
0.00375941
0.00364118
0.00350934
0.003365
0.0032093
0.00304339
0.00286844
0.00268562
0.00249608
0.00230098
0.00210145
0.00189864
0.00169364
0.00148752
0.00128134
0.0010761
0.000872761
0.000672244
0.000475421
0.000283117
9.6102e-05
-8.49024e-05
-0.00025923
-0.000426272
-0.000585476
-0.000736353
-0.000878477
-0.00101149
-0.00113509
-0.00124903
-0.00135314
-0.00144729
-0.0015314
-0.00160544
-0.00166944
-0.00172348
-0.00176768
-0.0018022
-0.00182726
-0.00184309
-0.00184997
-0.0018482
-0.00183813
-0.00182011
-0.00179454
-0.00176183
-0.0017224
-0.00167671
-0.0016252
-0.00156833
-0.00150658
-0.00144045
-0.00137042
-0.00129699
-0.00122064
-0.00114184
-0.00106107
-0.000978771
-0.000895399
-0.000811398
-0.000727206
-0.000643249
-0.000559934
-0.000477648
-0.00039676
-0.000317619
-0.000240555
-0.000165878
-9.38744e-05
-2.48059e-05
4.10905e-05
0.000103598
0.00016421
0.000227767
0.000297932
0.000377721
0.000469491
0.000574921
0.000694997
0.000830011
0.000979558
0.00114255
0.00131722
0.0015012
0.00169151
0.00188465
0.00207664
0.00226303
0.00243905
0.00259961
0.00273942
0.00285307
0.00293509
0.00297996
0.00298221
0.0029365
0.00283768
0.00268098
0.00246204
0.002177
0.00182242
0.00139533
0.000893203
0.000314122
-0.000343117
-0.00107887
-0.00189264
-0.00278314
-0.00374846
-0.00478605
-0.00589279
-0.00706475
-0.00829715
-0.00958431
-0.0109198
-0.0122964
-0.0137068
-0.015143
-0.0165966
-0.0180587
-0.01952
-0.0209709
-0.0224013
-0.0238012
-0.0251607
-0.0264698
-0.0277183
-0.0288964
-0.0299946
-0.031004
-0.0319164
-0.0327241
-0.0334195
-0.0339956
-0.0344455
-0.034763
-0.0349432
-0.0349823
-0.0348776
-0.0346275
-0.0342308
-0.0336867
-0.0329953
-0.0321578
-0.0311766
-0.0300554
-0.028799
-0.0274126
-0.0259019
-0.024273
-0.0225325
-0.0206879
-0.0187479
-0.0167216
-0.0146193
-0.0124514
-0.0102289
-0.00796298
-0.0056649
-0.00334594
-0.00101721
0.00131027
0.0036265
0.00592405
0.00819543
0.0104329
0.0126223
0.0147628
0.0168475
0.01887
0.020824
0.0226947
0.024484
0.0261858
0.0277943
0.0293049
0.0307036
0.0319954
0.0331755
0.0342388
0.0351803
0.0359865
0.0366633
0.0372081
0.0376189
0.0378936
0.0380221
0.0380099
0.0378555
0.037558
0.0371176
0.0365296
0.0358002
0.0349301
0.0339201
0.0327714
0.0314843
0.0300644
0.028516
0.026844
0.0250532
0.02315
0.0211378
0.0190222
0.0168096
0.0145071
0.0121273
0.00967237
0.00714992
0.00456815
0.00193597
-0.000728368
-0.00342375
-0.00614044
-0.00886904
-0.0116004
-0.0143142
-0.0170116
-0.0196824
-0.0223158
-0.0249015
-0.0274176
-0.0298668
-0.0322403
-0.0345292
-0.0367246
-0.0388059
-0.0407764
-0.0426285
-0.0443553
-0.0459504
-0.0473972
-0.0487005
-0.0498548
-0.0508561
-0.0517011
-0.0523794
-0.0528986
-0.0532579
-0.0534568
-0.053495
-0.053366
-0.0530788
-0.0526365
-0.0520432
-0.0513034
-0.0504153
-0.0493899
-0.0482324
-0.0469491
-0.0455468
-0.044027
-0.0424049
-0.0406888
-0.038887
-0.0370074
-0.0350506
-0.033033
-0.0309639
-0.0288525
-0.026708
-0.0245297
-0.0223351
-0.0201322
-0.0179287
-0.0157321
-0.0135386
-0.0113652
-0.0092173
-0.00709955
-0.0050161
-0.00296082
-0.000946877
0.00102308
0.00294729
0.00482497
0.00666214
0.00845381
0.0102015
0.0119075
0.0135747
0.015204
0.0168019
0.0183726
0.0199207
0.0214507
0.022952
0.0244451
0.0259358
0.0274298
0.0289329
0.0304178
0.031922
0.0334497
0.0350045
0.0365898
0.0381566
0.0397596
0.0414005
0.0430799
0.044797
0.046479
0.0481939
0.0499381
0.0517069
0.0534945
0.0552088
0.0569263
0.0586373
0.0603306
0.0619938
0.0635233
0.0649955
0.0663954
0.0677068
0.0689126
0.069911
0.0707674
0.0714633
0.0719799
0.0722981
0.0723368
0.0721392
0.071687
0.0709619
0.0699462
0.0685971
0.066925
0.0649157
0.0625557
0.0598334
0.0567612
0.0533083
0.0494685
0.045238
0.0406149
0.0356786
0.0303533
0.0246448
0.0185617
0.0121152
0.00545471
-0.00153816
-0.00884399
-0.0164407
-0.0243035
-0.0322218
-0.040349
-0.0486524
-0.0570971
-0.0656456
-0.0740443
-0.0824671
-0.0908718
-0.0992145
-0.10745
-0.11531
-0.122969
-0.130379
-0.137493
-0.144263
-0.150442
-0.156185
-0.161445
-0.166178
-0.170342
-0.173748
-0.176507
-0.178583
-0.179943
-0.180558
-0.180329
-0.179306
-0.177469
-0.174804
-0.171302
-0.166979
-0.161809
-0.155795
-0.148945
-0.14127
-0.132913
-0.123771
-0.113872
-0.103246
-0.0919297
-0.0801791
-0.0678213
-0.0549047
-0.0414818
-0.0276092
-0.0136355
0.000666338
0.0152317
0.0299934
0.044882
0.0594978
0.0740977
0.0886096
0.102961
0.117078
0.130561
0.143666
0.156326
0.168471
0.180036
0.190672
0.200606
0.209781
0.218146
0.225649
0.232037
0.237479
0.24194
0.245391
0.247805
0.249062
0.249248
0.248353
0.246375
0.243316
0.239205
0.234036
0.227829
0.220608
0.212404
0.203389
0.193467
0.182682
0.171084
0.158726
0.145909
0.13245
0.118416
0.103873
0.0888927
0.0738621
0.058541
0.0430038
0.0273256
0.0115829
-0.00380221
-0.0190986
-0.0342308
-0.0491244
-0.0637073
-0.0775763
-0.0909988
-0.103911
-0.116252
-0.127964
-0.138708
-0.148719
-0.157951
-0.166363
-0.173921
-0.180395
-0.185957
-0.190586
-0.194267
-0.196988
-0.198652
-0.19935
-0.19909
-0.19788
-0.195737
-0.192696
-0.188767
-0.183977
-0.178361
-0.171954
-0.164913
-0.157165
-0.148759
-0.139744
-0.130173
-0.120296
-0.109973
-0.0992618
-0.088221
-0.0769099
-0.0656311
-0.0542022
-0.0426826
-0.0311316
-0.0196075
-0.00842364
0.00262126
0.013474
0.0240834
0.0344003
0.0441412
0.0535008
0.0624395
0.0709208
0.0789109
0.0861885
0.0929191
0.099081
0.104656
0.109628
0.11386
0.117469
0.120453
0.122809
0.124542
0.125602
0.126055
0.125913
0.125192
0.12391
0.122103
0.119778
0.11696
0.113679
0.109963
0.105917
0.101501
0.0967471
0.0916912
0.0863684
0.080929
0.0752944
0.0695006
0.0635835
0.0575787
0.0516563
0.0457158
0.0397902
0.0339114
0.0281097
0.0225484
0.0171201
0.0118502
0.00676277
0.00188015
-0.00266056
-0.00695839
-0.0109978
-0.0147655
-0.01825
-0.0213548
-0.0241595
-0.0266586
-0.0288485
-0.0307277
-0.0322458
-0.0334555
-0.0343608
-0.0349673
-0.0352821
-0.0352996
-0.0350442
-0.0345272
-0.0337607
-0.0327577
-0.0315492
-0.0301325
-0.0285233
-0.0267382
-0.0247944
-0.0227501
-0.0205823
-0.018308
-0.0159446
-0.0135093
-0.0110734
-0.00860027
-0.00610682
-0.00360934
-0.00112322
0.00128047
0.00364527
0.00595876
0.00820901
0.0103846
0.0124237
0.0143676
0.0162075
0.0179361
0.0195471
0.0209969
0.0223201
0.0235134
0.0245741
0.0255001
0.0262671
0.0268882
0.0273564
0.0276727
0.0278398
0.0278552
0.0277298
0.0274692
0.0270794
0.0265674
0.0259492
0.0252249
0.0244036
0.0234953
0.0225102
0.0214777
0.020389
0.0192542
0.0180834
0.0168868
0.0156986
0.0145034
0.0133104
0.0121287
0.0109666
0.00985671
0.00877966
0.00774122
0.00674645
0.00579992
0.00492746
0.00411
0.00335044
0.00265098
0.00201309
0.00145353
0.000955786
0.000519633
0.000144427
-0.000171011
-0.0004192
-0.000612503
-0.00075394
-0.000846799
-0.000894434
-0.000897082
-0.00086143
-0.000791054
-0.000689842
-0.000562
-0.00041368
-0.00024734
-6.71973e-05
0.000122738
0.000318621
0.000511922
0.000704307
0.000892328
0.00107282
0.00124297
0.00139439
0.00153167
0.00165298
0.00175673
0.00184161
0.00190107
0.00194093
0.00196097
0.00196128
0.00194223
0.00190025
0.00184128
0.00176648
0.00167729
0.00157537
0.00146008
0.00133662
0.00120707
0.00107361
0.000938529
0.000803137
0.000671297
0.000545348
0.000427577
0.000320187
0.000225065
0.000144547
8.0382e-05
3.41207e-05
7.08061e-06
0
0
0
0
0
0
0
0
0
0
0
0
0
0
0
0
0
0
0
0
0
0
0
0
0
0
0
0
0
0
0
0
0
0
0
0
-0
-0
-0
-0
-0
-0
-0
-0
-0
-0
-0
-0
-0
-0
-0
-0
-0
-0
-0
-0
-0
-0
-0
-0
-0
-0
-0
-0
-0
-0
-0
-0
0
0
0
0
0
0
0
0
0
0
0
0
0
0
0
0
0
0
0
0
0
0
0
0
0
0
0
0
0
0
0
0
0
0
0
0
0
0
0
0
0
0
0
0
0
0
0
0
0
0
0
0
0
0
0
0
0
0
0
-0
-0
-0
-0
-0
-0
-0
-0
-0
-0
-0
-0
-0
-0
-0
-0
-0
-0
-0
-0
-0
-0
-0
-0
-0
-0
-0
-0
-0
-0
-0
-0
-0
-0
-0
0
0
0
0
0
0
0
0
0
0
0
0
0
0
0
0
0
0
0
0
0
0
0
0
0
0
0
0
0
0
0
0
0
0
0
0
0
0
0
0
0
0
0
0
0
0
0
0
0
0
0
0
0
0
0
0
0
0
0
0
0
0
0
0
0
0
0
0
0
0
0
0
0
0
0
0
0
-0
-0
0
0
0
0
0
0
0
0
0
0
0
0
0
0
0
0
0
0
0
0
0
0
0
0
0
0
0
0
0
0
0
0
0
0
0
0
0
0
0
0
0
0
0
0
0
0
0
0
0
0
0
0
0
0
0
0
0
0
0
0
0
0
0
0
0
0
0
0
0
0
0
0
0
0
0
0
0
0
0
0
0
0
0
0
0
0
0
0
0
0
0
0
0
0
0
0
0
0
0
0
0
0
0
0
0
0
0
0
0
0
0
0
0
0
0
0
0
0
0
0
0
0
0
0
0
0
0
0
0
0
0
0
0
0
0
0
0
0
0
0
0
0
0
